arg-GBP
0.603175
0.5978
0.59465
0.597065
0.60343
0.607265
0.60665
0.604815
0.605305
0.61148
0.61334
0.61424
0.623605
0.62183
0.615275
0.614465
0.614865
0.622195
0.62357
0.619595
0.619995
0.620265
0.6141
0.617605
0.62165
0.62476
0.62197
0.621605
0.62726
0.631135
0.63384
0.6428
0.640265
0.633235
0.621535
0.619785
0.62177
0.621265
0.629215
0.62298
0.61844
0.61888
0.610755
0.60602
0.60501
0.60157
0.60118
0.610465
0.612655
0.6177
0.617035
0.620785
0.62443
0.616085
0.62162
0.61991
0.618705
0.60998
0.60975
0.60804
0.612385
0.624665
0.62583
0.624925
0.625175
0.63264
0.633815
0.634775
0.631285
0.628335
0.631025
0.630285
0.633345
0.638715
0.648275
0.65831
0.67076
0.67366
0.666165
0.66009
0.661885
0.663525
0.66157
0.66152
0.66438
0.663385
0.66243
0.6672
0.66558
0.66841
0.676725
0.684715
0.697765
0.713165
0.69844
0.683295
0.687105
0.68697
0.6904
0.690995
0.69026
0.70042
0.700965
0.711295
0.699945
0.692
0.682945
0.678645
0.67169
0.667375
0.67296
0.68086
0.684025
0.681735
0.68865
0.68958
0.69006
0.686455
0.68174
0.69336
0.701055
0.70192
0.69835
0.696055
0.69556
0.69545
0.69687
0.702895
0.69861
0.702965
0.704075
0.718045
0.71819
0.71035
0.707215
0.709745
0.711295
0.70513
0.702685
0.70015
0.703815
0.69553
0.692165
0.689165
0.687125
0.68071
0.684135
0.67957
0.67651
0.68771
0.69419
0.699085
0.686035
0.686295
0.696695
0.708465
0.703985
0.70113
0.69213
0.691375
0.693545
0.6957
0.494975
0.496315
0.39418
0.38571
0.34908
0.345785
0.33065
0.32714
0.325295
0.301785
0.289245
0.23368
0.246885
0.24866
0.24249
0.22026
0.22571
0.21477
0.21382
0.21338
0.19404
0.188635
0.19488
0.18637
0.172125
0.18125
0.181345
0.17863
0.175145
0.175345
0.179445
0.17916
0.18233
0.17911
0.176825
0.17728
0.176505
0.17497
0.170345
0.1724
0.17753
0.17908
0.1807
0.17891
0.17849
0.18041
0.184195
0.180385
0.180385
0.17903
0.18314
0.185995
0.187105
0.190455
0.19643
0.18646
0.193385
0.197745
0.199175
0.19901
0.19702
0.200365
0.21074
0.218855
0.216345
0.219365
0.21555
0.21656
0.215915
0.222445
0.218405
0.21273
0.209865
0.213625
0.20884
0.2073
0.21064
0.208435
0.213155
0.218945
0.22071
0.21288
0.211045
0.215575
0.21475
0.21608
0.21531
0.212855
0.211415
0.20773
0.20617
0.209495
0.20838
0.206755
0.20513
0.208525
0.206595
0.204325
0.197985
0.194925
0.194365
0.19147
0.19096
0.191105
0.1891
0.19141
0.18914
0.18901
0.184705
0.18147
0.18173
0.182705
0.18585
0.18909
0.18935
0.190725
0.191115
0.19359
0.196515
0.196805
0.197135
0.19497
0.19366
0.19471
0.18804
0.18375
0.18442
0.18458
0.18589
0.185385
0.183175
0.182405
0.18343
0.184265
0.17969
0.18055
0.18195
0.185625
0.18649
0.186325
0.186565
0.185325
0.18577
0.188925
0.187155
0.18575
0.183025
0.182785
0.18185
0.18296
0.180585
0.1753
0.17417
0.17335
0.175495
0.17494
0.17944
0.18079
0.181645
0.18134
0.181965
0.18428
0.1817
0.17869
0.17705
0.177715
0.178495
0.182895
0.182295
0.183205
0.182885
0.180125
0.18048
0.182025
0.1852
0.189165
0.189865
0.190855
0.18996
0.19103
0.19092
0.19321
0.19899
0.19833
0.20027
0.19952
0.19675
0.192815
0.19189
0.1909
0.188675
0.18691
0.18911
0.19194
0.19442
0.19379
0.191765
0.190455
0.187725
0.1898
0.19324
0.196905
0.197105
0.19489
0.191885
0.18813
0.188185
0.190575
0.18811
0.185615
0.18637
0.184335
0.184185
0.1865
0.18775
0.186525
0.186365
0.186945
0.186355
0.18668
0.186795
0.185885
0.185945
0.18364
0.18248
0.178235
0.17561
0.17407
0.17378
0.17331
0.175025
0.175895
0.17719
0.177195
0.175775
0.176135
0.176135
0.17513
0.17277
0.17156
0.172105
0.17147
0.16992
0.171465
0.17187
0.170565
0.17105
0.171515
0.173295
0.17248
0.171625
0.170135
0.17056
0.171715
0.1699
0.1662
0.16637
0.16697
0.167065
0.16654
0.16749
0.166885
0.164745
0.163865
0.1641
0.164335
0.165175
0.16464
0.165
0.167
0.16653
0.16473
0.164045
0.163645
0.16354
0.161955
0.16206
0.162615
0.16335
0.164305
0.163905
0.16392
0.164055
0.16514
0.163185
0.16181
0.160425
0.158955
0.15728
0.15562
0.15725
0.157025
0.15933
0.158075
0.15699
0.156575
0.15752
0.158775
0.15675
0.15551
0.155575
0.154795
0.15394
0.153235
0.152605
0.155105
0.15449
0.1539
0.15626
0.156575
0.159535
0.160375
0.160235
0.16273
0.16217
0.16123
0.159935
0.161565
0.161585
0.1621
0.159795
0.158615
0.157245
0.159945
0.158395
0.158945
0.16043
0.1591
0.158595
0.15951
0.160555
0.162025
0.161655
0.16218
0.16597
0.1672
0.16774
0.16713
0.166195
0.167505
0.16544
0.16603
0.16658
0.16891
0.17514
0.177395
0.18021
0.185405
0.18399
0.178675
0.174215
0.178785
0.179865
0.17984
0.189135
0.186435
0.18997
0.199955
0.201355
0.19515
0.197345
0.196495
0.193515
0.198855
0.19815
0.192655
0.19695
0.206975
0.20162
0.19736
0.19768
0.200115
0.195995
0.195795
0.197695
0.19223
0.1869
0.185505
0.18511
0.18179
0.18505
0.18237
0.178355
0.176665
0.171265
0.16678
0.164615
0.16283
0.16165
0.16051
0.16029
0.162255
0.160945
0.159595
0.15818
0.15492
0.15764
0.15777
0.159155
0.15939
0.15675
0.158725
0.16141
0.163345
0.163715
0.16238
0.159375
0.159265
0.15868
0.15739
0.15762
0.159145
0.158755
0.16088
0.161925
0.164555
0.163345
0.16441
0.16235
0.161995
0.16258
0.16481
0.166035
0.166595
0.169145
0.172395
0.171795
0.17113
0.17317
0.1704
0.168835
0.167465
0.168265
0.16856
0.171315
0.174235
0.17777
0.17679
0.174535
0.1755
0.1723
0.17073
0.16853
0.1681
0.16678
0.165915
0.16281
0.15982
0.162
0.16321
0.16378
0.164305
0.16445
0.16261
0.16123
0.15966
0.15895
0.15861
0.16053
0.159165
0.15667
0.156685
0.157575
0.15972
0.160685
0.15944
0.160845
0.16285
0.1625
0.161975
0.16005
0.15781
0.157745
0.154905
0.15503
0.15399
0.153665
0.15264
0.153875
0.153665
0.1529
0.15385
0.15163
0.15092
0.14938
0.147715
0.148255
0.150105
0.151015
0.14996
0.149115
0.1494
0.15038
0.15176
0.15209
0.15193
0.151495
0.149485
0.147745
0.147665
0.147975
0.145955
0.14579
0.14652
0.148795
0.15062
0.15302
0.152195
0.15309
0.15117
0.14963
0.1472
0.147105
0.146495
0.148055
0.150965
0.14966
0.14934
0.150255
0.149295
0.149585
0.149575
0.150805
0.14998
0.14752
0.146245
0.145785
0.145875
0.145395
0.144815
0.146405
0.14615
0.1446
0.14332
0.143515
0.143355
0.1419
0.14003
0.139635
0.139775
0.14126
0.142415
0.144685
0.144765
0.14309
0.142115
0.14186
0.141485
0.142145
0.14042
0.14009
0.139765
0.1391
0.1382
0.13718
0.136475
0.13507
0.13311
0.131715
0.13164
0.1318
0.13229
0.13167
0.13126
0.130595
0.131265
0.13156
0.1304
0.1293
0.128325
0.12751
0.12605
0.12626
0.12579
0.12599
0.126385
0.12744
0.12761
0.127325
0.12832
0.13018
0.131305
0.13145
0.13116
0.12924
0.128725
0.12812
0.127015
0.12691
0.125905
0.124035
0.123995
0.125385
0.125725
0.125125
0.1223
0.120185
0.120325
0.1215
0.12287
0.122965
0.12107
0.11911
0.11914
0.116985
0.115475
0.11434
0.113995
0.1128
0.110825
0.108845
0.107765
0.106815
0.107315
0.10649
0.105465
0.105665
0.104825
0.104325
0.10235
0.100465
0.098625
0.09754
0.096135
0.094315
0.092855
0.09204
0.09046
0.083165
0.075625
0.07719
0.077105
0.07694
0.076105
0.07594
0.07631
0.07611
0.075495
0.07524
0.07475
0.07448
0.074355
0.074165
0.07394
0.073985
0.073645
0.073865
0.073495
0.072915
0.072355
0.072265
0.07172
0.071695
0.07174
0.07195
0.07214
0.07195
0.072285
0.072185
0.071695
0.072405
0.073505
0.072995
0.07267
0.073245
0.0734
0.07357
0.073295
0.073225
0.07391
0.074695
0.074995
0.074755
0.07484
0.07457
0.074685
0.07515
0.07575
0.07692
0.07669
0.076965
0.076775
0.07609
0.075295
0.074745
0.07429
0.075115
0.07638
0.07666
0.076335
0.076535
0.076725
0.075995
0.074795
0.073545
0.073265
0.07127
0.071615
0.072415
0.07253
0.07157
0.06996
0.069875
0.07023
0.0708
0.070245
0.070125
0.069775
0.069795
0.06942
0.06894
0.06938
0.070315
0.06963
0.06888
0.06953
0.06994
0.069415
0.06861
0.06834
0.068445
0.068845
0.068665
0.068095
0.06856
0.068475
0.067925
0.060595
0.051655
0.052005
0.0502
0.05164
0.05213
0.05062
0.048705
0.047745
0.046645
0.046505
0.04592
0.045735
0.04722
0.04853
0.047735
0.048465
0.04921
0.048935
0.048045
0.048435
0.04888
0.04884
0.048905
0.04945
0.050175
0.050795
0.048755
0.050005
0.05183
0.051495
0.050565
0.050675
0.05095
0.05241
0.05184
0.05103
0.05059
0.04992
0.05047
0.050755
0.05042
0.052145
0.053875
0.0538
0.0541
0.05356
0.052995
0.051945
0.051845
0.050435
0.049575
0.04986
0.051595
0.051575
0.051065
0.051815
0.051305
0.05008
0.050625
0.05121
0.051825
0.051475
0.052555
0.05289
0.05239
0.051425
0.05169
0.05219
0.05264
0.051125
0.050375
0.050405
0.050165
0.04898
0.04822
0.04844
0.048765
0.049165
0.048775
0.04723
0.04557
0.04554
0.04472
0.04345
0.04315
0.0435
0.0449
0.045255
0.044585
0.044355
0.04381
0.043
0.042495
0.043695
0.043395
0.043525
0.04332
0.04314
0.04333
0.043395
0.04319
0.042965
0.04311
