aud->GBP
0.377425
0.370265
0.36955
0.364735
0.370055
0.38342
0.38457
0.38462
0.382285
0.39606
0.396285
0.391855
0.389845
0.388845
0.390485
0.38667
0.39111
0.393655
0.392815
0.39841
0.403255
0.407705
0.409835
0.41145
0.411445
0.407225
0.405565
0.41172
0.411125
0.415735
0.421725
0.42776
0.42254
0.410495
0.403165
0.40518
0.405075
0.39773
0.398035
0.40026
0.4024
0.40099
0.39681
0.39693
0.3978
0.39052
0.39005
0.39206
0.3917
0.39725
0.39487
0.39465
0.39575
0.391895
0.39796
0.399025
0.40312
0.399955
0.40382
0.403805
0.395645
0.397395
0.39412
0.393185
0.387185
0.38559
0.38693
0.3876
0.38336
0.38339
0.38043
0.37634
0.37561
0.37553
0.383495
0.382485
0.384265
0.38536
0.383615
0.388025
0.398
0.39673
0.396305
0.392245
0.389345
0.387375
0.389575
0.389285
0.38682
0.393275
0.38986
0.393485
0.39231
0.393025
0.3795
0.373835
0.370055
0.36522
0.362195
0.36101
0.36132
0.366685
0.364325
0.369765
0.37077
0.37766
0.3705
0.37463
0.37444
0.376795
0.37689
0.37796
0.37411
0.37508
0.37247
0.365575
0.36246
0.36211
0.34968
0.3453
0.34787
0.3458
0.342475
0.35063
0.355415
0.35291
0.361
0.36611
0.36713
0.36584
0.359865
0.37237
0.377155
0.36816
0.363315
0.363625
0.360585
0.35884
0.35683
0.36017
0.362175
0.36737
0.369355
0.364765
0.358135
0.351565
0.33626
0.333955
0.33889
0.34672
0.35431
0.353125
0.347515
0.352545
0.36284
0.36683
0.36635
0.361445
0.358375
0.35264
0.35152
0.35647
0.361475
0.358335
0.364485
0.3605
0.360265
0.359665
0.360705
0.36411
0.367115
0.36835
0.37077
0.37278
0.370535
0.37022
0.37199
0.373135
0.3679
0.370735
0.37756
0.38195
0.38655
0.392035
0.384145
0.38132
0.371165
0.36619
0.362195
0.3531
0.343695
0.345
0.34761
0.352755
0.356545
0.357135
0.350775
0.35361
0.353145
0.34916
0.34792
0.35106
0.35421
0.3582
0.356795
0.3575
0.35517
0.35588
0.35992
0.35681
0.356125
0.352985
0.35147
0.35146
0.36005
0.36555
0.363545
0.35755
0.36006
0.365925
0.37477
0.384625
0.38473
0.376165
0.37807
0.380925
0.38362
0.38566
0.389045
0.389465
0.39191
0.399805
0.401705
0.40209
0.39876
0.400685
0.398935
0.400115
0.40122
0.407445
0.40466
0.408265
0.40942
0.405035
0.40382
0.411145
0.4139
0.409965
0.407835
0.4133
0.41292
0.408315
0.408445
0.414175
0.41265
0.414215
0.416165
0.421755
0.42774
0.4242
0.42178
0.4253
0.424795
0.4198
0.417875
0.421545
0.42169
0.42268
0.422525
0.42162
0.416535
0.41791
0.41647
0.41353
0.41216
0.40984
0.40877
0.40934
0.413655
0.41559
0.414165
0.41282
0.40754
0.401025
0.3933
0.38997
0.38995
0.38068
0.38083
0.376185
0.381095
0.386275
0.388665
0.39052
0.388885
0.385005
0.38664
0.389835
0.394935
0.392705
0.390115
0.38815
0.389505
0.39468
0.399865
0.408285
0.406
0.404285
0.407025
0.40951
0.41243
0.420315
0.418915
0.404145
0.393945
0.39288
0.398105
0.40523
0.40578
0.40581
0.4075
0.41044
0.41113
0.417365
0.416215
0.412235
0.41073
0.41254
0.41287
0.413195
0.41014
0.409015
0.40832
0.40584
0.40855
0.410155
0.41152
0.41302
0.417215
0.416085
0.420035
0.42352
0.42447
0.42313
0.425185
0.4268
0.435935
0.43296
0.43241
0.42653
0.42081
0.419815
0.41679
0.41928
0.423655
0.42606
0.43002
0.430555
0.42827
0.424855
0.423865
0.4194
0.420735
0.425065
0.428625
0.42937
0.430355
0.424695
0.420005
0.422575
0.425665
0.42592
0.424595
0.422605
0.424545
0.424015
0.424805
0.42335
0.42459
0.423375
0.41972
0.409635
0.40847
0.414775
0.41686
0.41661
0.41777
0.416
0.41201
0.40457
0.403885
0.402705
0.402245
0.401155
0.401235
0.40217
0.404745
0.408695
0.40714
0.409835
0.405415
0.40292
0.403715
0.40252
0.40156
0.40495
0.40106
0.398075
0.39753
0.39639
0.40212
0.40361
0.40471
0.405205
0.40348
0.404385
0.40444
0.400685
0.4004
0.40014
0.399845
0.401625
0.403755
0.40176
0.3996
0.396505
0.39401
0.3966
0.400635
0.40338
0.40245
0.402805
0.407415
0.410105
0.411025
0.413885
0.418235
0.41759
0.415375
0.41361
0.41716
0.41808
0.41425
0.416695
0.42435
0.426255
0.424605
0.422895
0.425625
0.426525
0.42812
0.426195
0.420295
0.4202
0.408345
0.40715
0.40732
0.408045
0.413555
0.4257
0.432665
0.43667
0.44224
0.437255
0.44142
0.444185
0.440185
0.43365
0.42702
0.42721
0.42919
0.429775
0.43167
0.439435
0.442755
0.450645
0.45119
0.444505
0.451385
0.45901
0.461585
0.46965
0.471105
0.465355
0.461945
0.458265
0.45849
0.460675
0.470295
0.47
0.4736
0.47307
0.481265
0.48436
0.486515
0.484155
0.487735
0.48275
0.481905
0.483485
0.483465
0.484965
0.486985
0.483385
0.475305
0.466865
0.463485
0.467545
0.46919
0.46675
0.458965
0.44876
0.45193
0.44283
0.396455
0.396465
0.400725
0.406095
0.428485
0.435385
0.42704
0.42482
0.43551
0.443665
0.450495
0.464155
0.48083
0.47387
0.456885
0.470495
0.457505
0.449345
0.455515
0.449955
0.448685
0.453035
0.46675
0.472895
0.48152
0.482665
0.486335
0.4872
0.487365
0.488765
0.498705
0.498335
0.494235
0.49211
0.49545
0.493675
0.48805
0.486495
0.488215
0.48444
0.48747
0.495575
0.50014
0.49915
0.50471
0.50306
0.513475
0.51614
0.519765
0.5275
0.53817
0.54621
0.56168
0.567215
0.56266
0.55371
0.550915
0.558
0.554335
0.55297
0.556255
0.55952
0.55338
0.55154
0.55691
0.572235
0.5705
0.56134
0.55522
0.55402
0.562375
0.57529
0.582925
0.599855
0.60588
0.60638
0.608865
0.605745
0.60692
0.602765
0.60295
0.60459
0.60194
0.607065
0.58649
0.579395
0.573525
0.575385
0.58525
0.58478
0.562325
0.571225
0.57423
0.57841
0.57715
0.57525
0.574365
0.57499
0.574855
0.587275
0.59829
0.60172
0.60739
0.612235
0.614775
0.62039
0.62381
0.617785
0.62309
0.619955
0.615665
0.61908
0.622865
0.62493
0.632645
0.646895
0.65518
0.645385
0.629935
0.62216
0.625505
0.626905
0.62708
0.62364
0.624945
0.62404
0.625885
0.61601
0.62794
0.643175
0.64158
0.645025
0.648935
0.65426
0.654115
0.655475
0.655545
0.65
0.651105
0.650405
0.65309
0.65594
0.663965
0.669355
0.6647
0.66403
0.670005
0.65223
0.632855
0.63465
0.639915
0.65557
0.659755
0.653465
0.642905
0.62669
0.624275
0.644925
0.649735
0.65797
0.64948
0.64074
0.637745
0.62854
0.64836
0.653415
0.64405
0.64597
0.65373
0.661935
0.669885
0.673985
0.676155
0.677305
0.67933
0.67983
0.676925
0.677175
0.673345
0.66982
0.660795
0.652365
0.64901
0.651155
0.64718
0.64136
0.635375
0.625625
0.622635
0.623015
0.629325
0.637685
0.641235
0.64593
0.647645
0.657685
0.65736
0.661345
0.663775
0.67282
0.675435
0.66757
0.660995
0.65348
0.645895
0.649765
0.64448
0.642215
0.635005
0.63751
0.642225
0.643985
0.644745
0.651655
0.653555
0.652105
0.651985
0.65145
0.65328
0.64589
0.64257
0.646635
0.6541
0.65899
0.662735
0.661555
0.657605
0.66207
0.673495
0.67723
0.681355
0.689205
0.686565
0.687515
0.684435
0.684255
0.676025
0.668935
0.66335
0.65535
0.645805
0.641905
0.63458
0.61967
0.60792
0.601675
0.602355
0.604865
0.60699
0.6038
0.60155
0.59007
0.586895
0.588745
0.5796
0.576235
0.58439
0.58623
0.58738
0.582575
0.582375
0.590675
0.59656
0.59519
0.592025
0.58997
0.582745
0.5748
0.559935
0.555155
0.55191
0.545445
0.54227
0.541525
0.543925
0.54122
0.53093
0.530425
0.54476
0.542775
0.539985
0.53708
0.539425
0.542125
0.54835
0.555405
0.55739
0.560195
0.55793
0.553375
0.55017
0.55258
0.556785
0.54958
0.55313
0.554365
0.55645
0.55199
0.55313
0.54845
0.548205
0.548265
0.55262
0.552845
0.552575
0.55597
0.56021
0.562665
0.56877
0.56469
0.551395
0.5409
0.54105
0.544015
0.545435
0.546055
0.54926
0.54329
0.552045
0.55393
0.54469
0.53656
0.527815
0.522295
0.52179
0.52555
0.53635
0.540185
0.535115
0.52012
0.512645
0.50666
0.507365
0.50642
0.510565
0.512855
0.518435
0.52474
0.51342
0.5192
0.51919
0.516865
0.517715
0.51775
0.511045
0.50732
0.502065
0.502255
0.498915
0.492005
0.489015
0.48657
0.481465
0.47491
0.47221
0.468065
0.473705
0.471955
0.46824
0.461635
0.458745
0.457375
0.4628
0.460955
0.46325
0.472745
0.47359
0.469935
0.466165
0.46614
0.46725
0.470865
0.478055
0.48481
0.47792
0.47926
0.48597
0.492295
0.483345
0.482065
0.48785
0.49349
0.490625
0.48949
0.496765
0.5133
0.518545
0.524665
0.526775
0.53144
0.53447
0.53494
0.540325
0.539965
0.524915
0.51463
0.5078
0.500295
0.492715
0.50101
0.513845
0.518555
0.523895
0.55879
0.57731
0.57618
0.56955
0.57175
0.57688
0.590745
0.587295
0.57766
0.572135
0.571425
0.569605
0.584125
0.58954
0.602845
0.61972
0.62403
0.62441
0.618895
0.610495
0.59949
0.59525
0.592175
0.590145
0.58936
0.585355
0.5856
0.590675
0.61029
0.613705
0.60253
0.608155
0.612815
0.615935
0.616035
0.618525
0.61971
0.621935
0.61493
0.610625
0.606705
0.60372
0.591735
0.58273
0.576325
0.57125
0.573165
0.577965
0.57773
0.585605
0.59491
0.596225
0.592125
0.588975
0.59531
0.60725
0.608635
0.605405
0.606955
0.61239
0.61609
0.61462
0.612925
0.5987
0.59004
0.58588
0.592405
0.59156
0.59395
0.5861
0.583085
0.58278
0.57634
0.571655
0.565825
0.562465
