BRZ->GBP
0.50198
0.496745
0.493045
0.494435
0.49927
0.50198
0.441465
0.3705
0.307085
0.33608
0.32061
0.318745
0.306375
0.30317
0.32449
0.330765
0.342115
0.360515
0.363895
0.371005
0.36462
0.37053
0.367365
0.372825
0.36828
0.36153
0.359795
0.353825
0.355025
0.352445
0.35659
0.35876
0.354475
0.35035
0.34495
0.339295
0.33456
0.32722
0.32644
0.323955
0.32841
0.32876
0.321045
0.31279
0.3117
0.31078
0.30269
0.31064
0.317255
0.319685
0.319365
0.322175
0.3246
0.329085
0.340375
0.33903
0.341225
0.33255
0.336275
0.34102
0.343165
0.351185
0.352715
0.351755
0.35149
0.359955
0.363215
0.36473
0.364375
0.360995
0.361765
0.356845
0.35575
0.354555
0.358985
0.36071
0.365465
0.36515
0.366665
0.36664
0.36616
0.36544
0.3647
0.366485
0.36849
0.36888
0.37067
0.372465
0.369985
0.368915
0.3714
0.375035
0.38328
0.38828
0.37739
0.370265
0.370625
0.368555
0.367505
0.360455
0.358235
0.358035
0.358065
0.36599
0.354995
0.351175
0.3475
0.34652
0.343355
0.34253
0.345155
0.34815
0.34736
0.3441
0.34561
0.34579
0.34003
0.3373
0.33419
0.33051
0.32584
0.327445
0.3222
0.32317
0.312885
0.31078
0.314875
0.310685
0.30179
0.30058
0.298105
0.30273
0.297795
0.298275
0.30547
0.294705
0.28069
0.282845
0.28527
0.281975
0.28501
0.277025
0.272555
0.2695
0.26652
0.2554
0.25158
0.25137
0.250275
0.24788
0.252465
0.25647
0.25418
0.264275
0.274205
0.28024
0.2813
0.288355
0.292075
0.296535
0.29812
0.300895
0.289795
0.291815
0.29574
0.29314
0.29093
0.28685
0.28906
0.29675
0.299005
0.30064
0.2998
0.301105
0.3026
0.30498
0.298285
0.2918
0.286765
0.27859
0.27583
0.274145
0.272125
0.261755
0.250745
0.242625
0.23273
0.228915
0.228575
0.22185
0.215355
0.19872
0.216035
0.206375
0.21047
0.210105
0.20537
0.206165
0.191455
0.17247
0.173225
0.16609
0.167245
0.16774
0.17369
0.177635
0.17335
0.179195
0.17856
0.17019
0.1678
0.178565
0.176955
0.177065
0.187505
0.18775
0.17475
0.170575
0.17065
0.170675
0.17476
0.17747
0.17778
0.181935
0.184595
0.187255
0.19415
0.19946
0.203295
0.207585
0.212755
0.21123
0.21176
0.204985
0.205315
0.209055
0.210325
0.207785
0.2091
0.212315
0.2128
0.218635
0.21511
0.210495
0.20672
0.20761
0.211
0.214115
0.215495
0.21531
0.212985
0.20626
0.207045
0.211335
0.20963
0.206575
0.206095
0.208515
0.203495
0.200485
0.198615
0.19741
0.195245
0.193775
0.194305
0.194085
0.19171
0.194725
0.193225
0.18932
0.185785
0.1828
0.18086
0.182515
0.1884
0.19061
0.1889
0.187095
0.188005
0.189375
0.19104
0.19265
0.19153
0.185715
0.182405
0.177335
0.175685
0.173095
0.174865
0.17384
0.175955
0.17826
0.177665
0.17787
0.1789
0.17994
0.17921
0.17993
0.183755
0.188545
0.19087
0.19261
0.19332
0.19354
0.19444
0.197635
0.19544
0.19172
0.190155
0.19125
0.191965
0.19386
0.193615
0.19078
0.18799
0.188835
0.19245
0.194775
0.19638
0.197035
0.197675
0.199515
0.20338
0.205645
0.204665
0.200135
0.197215
0.19602
0.193745
0.19471
0.19876
0.20429
0.20407
0.204325
0.207465
0.213125
0.217545
0.222275
0.227935
0.227985
0.22256
0.22821
0.23025
0.23685
0.241335
0.242925
0.242345
0.23667
0.242085
0.237185
0.232025
0.230875
0.23333
0.23433
0.238765
0.24558
0.25345
0.251285
0.25337
0.25182
0.248005
0.254405
0.264055
0.26228
0.260145
0.262615
0.259455
0.247285
0.24487
0.24706
0.248485
0.2491
0.24711
0.251345
0.255015
0.263085
0.269765
0.268155
0.26924
0.26738
0.269615
0.26633
0.262475
0.267825
0.26703
0.264715
0.263095
0.262045
0.25481
0.243455
0.233895
0.23399
0.237885
0.238665
0.243255
0.24825
0.24935
0.24744
0.24726
0.24606
0.24347
0.24269
0.24659
0.246305
0.245025
0.247525
0.246425
0.242215
0.242775
0.245995
0.25021
0.249925
0.24789
0.245245
0.24465
0.244505
0.24128
0.235015
0.236655
0.238035
0.23689
0.23829
0.2396
0.23952
0.23784
0.23806
0.240855
0.2436
0.24418
0.244905
0.241825
0.245235
0.24658
0.24669
0.246835
0.24902
0.24942
0.24628
0.24649
0.24727
0.24886
0.255775
0.259055
0.26184
0.25834
0.26267
0.261925
0.25771
0.259995
0.261725
0.26217
0.25951
0.261555
0.257015
0.249885
0.249825
0.25224
0.25294
0.2584
0.26524
0.266525
0.26935
0.27239
0.271855
0.272515
0.274915
0.273595
0.27708
0.272645
0.269055
0.27472
0.276625
0.278
0.2831
0.28568
0.289545
0.287935
0.28299
0.28624
0.29076
0.291305
0.29666
0.299385
0.29771
0.291325
0.290615
0.28813
0.291205
0.29901
0.301805
0.30242
0.303385
0.304315
0.309065
0.3071
0.306865
0.312805
0.31277
0.315805
0.31484
0.313515
0.314405
0.313995
0.31759
0.32266
0.32384
0.326975
0.330875
0.334775
0.332965
0.31847
0.30055
0.29497
0.28659
0.25716
0.268635
0.270805
0.28854
0.29374
0.293755
0.28173
0.283025
0.272665
0.278135
0.278125
0.285845
0.292915
0.29457
0.291095
0.30489
0.30448
0.300315
0.30381
0.29852
0.293455
0.295955
0.30862
0.30972
0.305555
0.303635
0.3092
0.30831
0.30904
0.30992
0.31347
0.3165
0.312585
0.31066
0.314975
0.314655
0.31145
0.309025
0.31235
0.31062
0.31427
0.31971
0.321945
0.325205
0.328565
0.328485
0.32971
0.328
0.330465
0.336525
0.343595
0.351975
0.358785
0.361635
0.353085
0.34985
0.349415
0.348905
0.348235
0.348105
0.350185
0.349595
0.34856
0.3533
0.35713
0.360385
0.351275
0.34313
0.334975
0.338715
0.34353
0.35071
0.358795
0.371545
0.374015
0.37122
0.370975
0.370195
0.370195
0.36985
0.370165
0.37531
0.37077
0.379675
0.37662
0.376385
0.37531
0.375305
0.3785
0.37604
0.370245
0.374185
0.371405
0.36812
0.363485
0.35806
0.360955
0.365105
0.366775
0.3725
0.376675
0.374445
0.37062
0.372585
0.37466
0.377505
0.37663
0.36901
0.36705
0.36311
0.36326
0.36769
0.37481
0.37375
0.374705
0.381025
0.385725
0.384805
0.377905
0.37468
0.37559
0.37185
0.37301
0.371295
0.37141
0.37167
0.37376
0.37111
0.372005
0.380635
0.384295
0.387815
0.387455
0.38341
0.37959
0.377835
0.380475
0.37859
0.384695
0.38585
0.3861
0.38999
0.397295
0.39925
0.395615
0.395005
0.39394
0.387875
0.38041
0.38067
0.37969
0.381985
0.37665
0.37057
0.351925
0.349655
0.35433
0.36295
0.35756
0.360265
0.36086
0.35653
0.356545
0.347705
0.35172
0.35482
0.34758
0.344855
0.34487
0.34889
0.36032
0.365325
0.365195
0.365955
0.367435
0.368925
0.369475
0.366835
0.35947
0.352985
0.34718
0.343865
0.34398
0.34363
0.334735
0.328175
0.323075
0.318175
0.313535
0.314065
0.32047
0.3187
0.312275
0.311415
0.311365
0.318
0.31649
0.315635
0.31534
0.31393
0.31621
0.315525
0.31312
0.309985
0.308715
0.30715
0.30447
0.30447
0.30594
0.30578
0.30631
0.307315
0.306355
0.3073
0.30474
0.300155
0.296745
0.297
0.298035
0.296445
0.30076
0.30284
0.305455
0.306815
0.310465
0.318425
0.32092
0.326335
0.332265
0.33443
0.339505
0.3382
0.330305
0.32659
0.32652
0.329635
0.3272
0.32405
0.3206
0.32141
0.324345
0.323245
0.31475
0.303905
0.298475
0.29107
0.29469
0.294905
0.29411
0.29416
0.29039
0.287215
0.282845
0.275435
0.26602
0.27163
0.273215
0.277445
0.280335
0.279285
0.279985
0.284865
0.2863
0.2831
0.28174
0.27276
0.268375
0.271135
0.265275
0.2598
0.262605
0.260375
0.258825
0.255905
0.2561
0.25886
0.25479
0.250365
0.254925
0.25119
0.252745
0.25612
0.25622
0.255525
0.258665
0.26356
0.26593
0.270555
0.267285
0.2664
0.26624
0.26634
0.268535
0.268015
0.266965
0.26357
0.265895
0.26332
0.265985
0.26391
0.26317
0.262385
0.264405
0.263545
0.261
0.26322
0.26561
0.267255
0.27155
0.269915
0.2606
0.254165
0.25208
0.25775
0.2565
0.251735
0.2529
0.24822
0.246205
0.249075
0.25139
0.24798
0.24282
0.23817
0.239515
0.24101
0.24668
0.24957
0.255115
0.253015
0.240255
0.23113
0.227815
0.225985
0.22063
0.211845
0.207525
0.210125
0.21241
0.219185
0.220445
0.22171
0.220405
0.216125
0.211745
0.211005
0.20674
0.20765
0.2078
0.20512
0.20418
0.204445
0.20311
0.202995
0.19713
0.18973
0.18438
0.183955
0.183125
0.18028
0.175155
0.16929
0.16626
0.16171
0.16515
0.1708
0.169035
0.16641
0.16775
0.1725
0.173095
0.17465
0.17599
0.174535
0.17346
0.170265
0.16925
0.17184
0.16994
0.172255
0.171825
0.17274
0.175745
0.17491
0.1731
0.179955
0.183875
0.190425
0.190225
0.19265
0.19422
0.194985
0.20016
0.196025
0.19621
0.195915
0.198325
0.194765
0.19084
0.192985
0.20211
0.203485
0.207225
0.229245
0.23258
0.231245
0.232845
0.232315
0.2358
0.24355
0.239235
0.234945
0.233355
0.231725
0.230915
0.237065
0.237285
0.245245
0.255055
0.25774
0.25959
0.249965
0.242825
0.23578
0.2363
0.23064
0.232795
0.2365
0.24425
0.249135
0.2511
0.256095
0.254265
0.252305
0.255005
0.25673
0.259335
0.259395
0.260185
0.26093
0.2605
0.25889
0.25555
0.25706
0.25492
0.25023
0.245405
0.24366
0.245195
0.241345
0.237095
0.239245
0.237565
0.238295
0.236745
0.234545
0.23482
0.23963
0.24367
0.242845
0.243515
0.24338
0.244905
0.246615
0.245235
0.24575
0.23982
0.236285
0.235145
0.240925
0.238885
0.238585
0.23427
0.231505
0.23253
0.231345
0.232235
0.22961
0.229445
