CAD->GBP
0.39373
0.387985
0.38535
0.38486
0.392405
0.401535
0.398005
0.39777
0.40024
0.409095
0.41093
0.41161
0.413925
0.4088
0.40411
0.404515
0.407175
0.41412
0.41568
0.41704
0.41867
0.423385
0.421925
0.422925
0.425185
0.42489
0.4217
0.424365
0.428785
0.42976
0.43174
0.4369
0.4317
0.42123
0.41201
0.413415
0.41866
0.416775
0.421275
0.417535
0.417665
0.41977
0.41458
0.412735
0.411465
0.4053
0.405545
0.41487
0.418035
0.42127
0.42135
0.422905
0.422385
0.417
0.42018
0.421145
0.42636
0.419455
0.41971
0.42039
0.42472
0.43293
0.43111
0.430105
0.429815
0.43581
0.43506
0.43228
0.43027
0.43215
0.43395
0.42877
0.428615
0.43233
0.435165
0.44197
0.44876
0.44767
0.447265
0.446965
0.450085
0.449235
0.44653
0.445735
0.448085
0.449765
0.450055
0.44862
0.44826
0.451915
0.45628
0.463515
0.472185
0.4807
0.46963
0.456535
0.457135
0.45602
0.45571
0.453865
0.450595
0.454365
0.45115
0.46002
0.45392
0.45293
0.44856
0.446005
0.44568
0.445215
0.44902
0.45087
0.45372
0.45493
0.45596
0.45017
0.448775
0.44577
0.4407
0.444575
0.44698
0.44685
0.444215
0.445495
0.44765
0.44975
0.453985
0.45448
0.45391
0.45496
0.45725
0.47082
0.471885
0.464625
0.465965
0.467875
0.464995
0.457355
0.457135
0.4567
0.457725
0.451805
0.448285
0.44529
0.439975
0.43473
0.435325
0.43134
0.43167
0.439475
0.441735
0.443545
0.432065
0.429065
0.437365
0.44309
0.44457
0.444945
0.44128
0.43772
0.432635
0.433065
0.43393
0.43302
0.437905
0.44418
0.441725
0.43962
0.43896
0.440325
0.44289
0.443495
0.44393
0.44029
0.437745
0.43754
0.43906
0.439145
0.436605
0.437105
0.44228
0.44677
0.44732
0.44701
0.440545
0.437195
0.432655
0.42949
0.42252
0.41189
0.403725
0.40321
0.412685
0.416455
0.42016
0.416555
0.410715
0.40774
0.40921
0.40617
0.40142
0.40228
0.408685
0.41232
0.41044
0.40672
0.40021
0.400295
0.409615
0.407765
0.40517
0.40253
0.401135
0.396545
0.400365
0.40448
0.40347
0.39881
0.40184
0.40554
0.417065
0.425455
0.42587
0.425065
0.42994
0.43199
0.43304
0.43727
0.43837
0.43506
0.43744
0.44614
0.448905
0.447655
0.444645
0.4463
0.446475
0.443265
0.445765
0.44756
0.44581
0.448755
0.445315
0.44327
0.44494
0.450665
0.451245
0.45595
0.460025
0.458415
0.454825
0.44653
0.44547
0.451925
0.453165
0.452105
0.44824
0.449485
0.45612
0.450795
0.44746
0.44413
0.437385
0.42689
0.430115
0.432405
0.426565
0.425235
0.42067
0.41549
0.408605
0.40278
0.40097
0.40029
0.407665
0.415415
0.41129
0.412835
0.41619
0.412455
0.41279
0.414065
0.41145
0.405965
0.408015
0.407645
0.40184
0.400765
0.40254
0.39887
0.40345
0.411095
0.408975
0.407735
0.411765
0.412255
0.414205
0.4131
0.42073
0.42543
0.428725
0.433195
0.43037
0.43402
0.438085
0.444685
0.44298
0.44209
0.445775
0.448215
0.451595
0.450705
0.45004
0.43634
0.42653
0.42013
0.42148
0.430425
0.433825
0.43923
0.43684
0.429805
0.42777
0.43159
0.428875
0.4231
0.421735
0.429735
0.4328
0.438665
0.438255
0.43426
0.425965
0.422105
0.418905
0.42337
0.42797
0.431725
0.435105
0.44093
0.43951
0.4433
0.44475
0.45196
0.46556
0.468225
0.470815
0.46535
0.463285
0.460565
0.459175
0.463725
0.461685
0.459565
0.466775
0.47737
0.4842
0.48288
0.48145
0.47962
0.478555
0.480775
0.482745
0.48798
0.49571
0.496995
0.49545
0.490015
0.489625
0.49625
0.49271
0.48603
0.48803
0.488515
0.49358
0.498105
0.49801
0.49846
0.502545
0.499415
0.49462
0.4916
0.491705
0.49427
0.49753
0.49303
0.49285
0.488915
0.48214
0.475895
0.480075
0.484465
0.48576
0.48654
0.48763
0.48843
0.487515
0.481445
0.478175
0.47441
0.470095
0.46885
0.47135
0.47566
0.475155
0.47756
0.476015
0.47179
0.47576
0.47392
0.47461
0.47149
0.47193
0.46554
0.463955
0.462395
0.4579
0.44826
0.443655
0.442295
0.44165
0.439395
0.438545
0.43795
0.433235
0.430585
0.43101
0.43257
0.439165
0.439565
0.437075
0.44043
0.439785
0.43875
0.439675
0.43957
0.44273
0.442965
0.446995
0.45228
0.4542
0.460375
0.466015
0.471595
0.47591
0.47564
0.46981
0.468175
0.470705
0.46992
0.46681
0.46528
0.463985
0.468045
0.471405
0.473745
0.469855
0.46961
0.47629
0.492315
0.493295
0.4946
0.5018
0.503215
0.5049
0.508915
0.51198
0.501995
0.492975
0.487435
0.486435
0.48519
0.49984
0.51139
0.50772
0.504235
0.498485
0.499475
0.50544
0.510365
0.509525
0.50509
0.510925
0.50601
0.500295
0.49667
0.491125
0.495375
0.49736
0.49896
0.497855
0.49812
0.505555
0.51139
0.512735
0.50956
0.503185
0.499105
0.499215
0.498835
0.49442
0.4984
0.498165
0.49573
0.49276
0.4899
0.499675
0.509515
0.5177
0.528205
0.5295
0.520915
0.52262
0.526495
0.510265
0.4919
0.491715
0.50342
0.534905
0.544205
0.534725
0.527965
0.53586
0.537325
0.542335
0.557775
0.56519
0.560855
0.55095
0.572815
0.572925
0.55879
0.55869
0.557335
0.55306
0.551055
0.561125
0.559295
0.559625
0.551565
0.55214
0.554825
0.55793
0.563865
0.56824
0.563305
0.559155
0.56236
0.5593
0.55059
0.538485
0.528165
0.52587
0.530865
0.542985
0.55445
0.558845
0.552705
0.553275
0.5548
0.56353
0.559445
0.560045
0.56752
0.57295
0.579845
0.594775
0.60053
0.58214
0.567865
0.564785
0.56967
0.566295
0.570505
0.573905
0.580325
0.579425
0.593315
0.592985
0.602855
0.597925
0.58996
0.58318
0.592615
0.602825
0.6145
0.61992
0.64228
0.6474
0.65078
0.65449
0.65046
0.652085
0.64549
0.64914
0.646925
0.64615
0.662095
0.659935
0.65353
0.653875
0.660385
0.659155
0.64836
0.6273
0.63197
0.629465
0.62622
0.62063
0.614495
0.613545
0.616965
0.61148
0.61698
0.626005
0.62405
0.619645
0.616395
0.61949
0.621655
0.61967
0.61549
0.615895
0.61693
0.61492
0.623715
0.63121
0.628515
0.63333
0.639275
0.64502
0.64738
0.641585
0.631375
0.63116
0.626645
0.628125
0.627765
0.629285
0.631735
0.6372
0.63018
0.63095
0.641865
0.63925
0.63832
0.637135
0.634005
0.632735
0.636435
0.6345
0.62682
0.62411
0.62576
0.62983
0.634585
0.642575
0.648255
0.64875
0.64956
0.64311
0.6311
0.621955
0.616355
0.618345
0.627185
0.63148
0.64136
0.63632
0.619225
0.617875
0.62348
0.62349
0.62331
0.61689
0.614885
0.617215
0.616705
0.625645
0.62894
0.622745
0.624015
0.629945
0.631995
0.636835
0.638275
0.635395
0.63449
0.63418
0.63525
0.63433
0.63506
0.638745
0.640965
0.63399
0.628695
0.631805
0.630005
0.62842
0.62695
0.62423
0.620565
0.620275
0.62088
0.62522
0.62737
0.62584
0.624555
0.62528
0.63148
0.63295
0.6318
0.63284
0.638005
0.642485
0.64359
0.63885
0.638875
0.63795
0.63731
0.631715
0.629075
0.631075
0.63665
0.631275
0.626145
0.623545
0.62812
0.62924
0.629105
0.62836
0.627855
0.62915
0.623595
0.623175
0.62545
0.63045
0.63347
0.6324
0.63422
0.636275
0.63914
0.64293
0.64482
0.647215
0.65084
0.64418
0.64701
0.64657
0.64287
0.638945
0.636925
0.637325
0.64201
0.64344
0.64098
0.63742
0.63009
0.627355
0.623725
0.622225
0.629075
0.63651
0.633475
0.632115
0.63451
0.625665
0.622735
0.612845
0.61251
0.611855
0.6119
0.6078
0.6039
0.601105
0.60347
0.602895
0.595715
0.59765
0.597125
0.595855
0.590345
0.58027
0.57385
0.576015
0.57568
0.57192
0.56995
0.56293
0.55731
0.54861
0.544025
0.552605
0.54779
0.542915
0.540085
0.54082
0.54123
0.54062
0.54284
0.54637
0.54634
0.541975
0.539555
0.54029
0.54263
0.54634
0.54542
0.54937
0.546
0.544975
0.54389
0.549025
0.54768
0.546405
0.544285
0.545845
0.544015
0.54311
0.5476
0.55031
0.553195
0.559045
0.560415
0.558395
0.55274
0.55426
0.556295
0.55348
0.55289
0.55516
0.55258
0.559905
0.565785
0.56268
0.56074
0.55398
0.54997
0.552795
0.553395
0.557665
0.55127
0.54187
0.527055
0.52537
0.52194
0.5206
0.517465
0.52408
0.527365
0.531465
0.535515
0.534815
0.539995
0.545045
0.5444
0.541645
0.54109
0.530495
0.526045
0.52452
0.52481
0.5246
0.51665
0.5147
0.51105
0.509325
0.498225
0.49409
0.4924
0.489255
0.49029
0.486265
0.48634
0.494585
0.490675
0.48868
0.49146
0.49646
0.502815
0.5019
0.496545
0.495265
0.496755
0.4956
0.493225
0.496795
0.496875
0.48521
0.481705
0.483405
0.48767
0.486495
0.483735
0.48923
0.49747
0.49694
0.497015
0.504935
0.524195
0.5294
0.52697
0.53035
0.53429
0.53602
0.54104
0.548065
0.548055
0.54505
0.53922
0.537385
0.529495
0.523955
0.5288
0.543025
0.545225
0.543725
0.578715
0.591555
0.583815
0.581485
0.57797
0.578745
0.590645
0.59614
0.586855
0.580875
0.579825
0.57704
0.584725
0.58544
0.59929
0.61884
0.61857
0.613075
0.60334
0.59484
0.596335
0.59603
0.59474
0.598245
0.60131
0.602425
0.602485
0.60988
0.623265
0.61576
0.60587
0.611095
0.6107
0.61358
0.611355
0.60924
0.609815
0.607855
0.600935
0.59915
0.59984
0.60092
0.583955
0.571145
0.56472
0.56505
0.56749
0.574995
0.576605
0.577795
0.591295
0.593665
0.592515
0.597905
0.603985
0.60987
0.612125
0.60534
0.60597
0.612815
0.620925
0.619645
0.62414
0.614135
0.601075
0.59945
0.60651
0.605175
0.60382
0.59529
0.59304
0.597935
0.59524
0.59058
0.583105
0.58613
