CHI->GBP
0.07288
0.072235
0.07183
0.072115
0.072845
0.073345
0.073275
0.073055
0.073265
0.073965
0.074065
0.074175
0.075305
0.075095
0.07431
0.074215
0.07424
0.07514
0.07531
0.074835
0.07489
0.074915
0.074175
0.074605
0.07509
0.075465
0.07512
0.075075
0.075775
0.07624
0.076565
0.077645
0.07734
0.07649
0.075085
0.07487
0.07511
0.075045
0.07601
0.075235
0.07467
0.07472
0.07374
0.0732
0.07308
0.07267
0.07262
0.07374
0.074
0.07461
0.07453
0.07525
0.0758
0.074775
0.07505
0.07484
0.07471
0.07365
0.073615
0.073415
0.073965
0.075425
0.07538
0.075465
0.075495
0.07639
0.076535
0.076655
0.076225
0.07587
0.076185
0.076095
0.076455
0.07711
0.078255
0.079485
0.081005
0.08135
0.080455
0.07973
0.07993
0.080125
0.07989
0.079865
0.080215
0.080095
0.079975
0.080555
0.080355
0.080695
0.08169
0.082665
0.08424
0.08612
0.084335
0.08252
0.08295
0.08294
0.08336
0.08343
0.083345
0.084565
0.084655
0.085875
0.08452
0.083575
0.08245
0.08193
0.08105
0.080565
0.081265
0.082235
0.082595
0.082325
0.08318
0.083285
0.08335
0.0829
0.082335
0.083765
0.084655
0.084725
0.084315
0.084025
0.08399
0.083975
0.08414
0.084865
0.08437
0.08489
0.085035
0.08673
0.08674
0.085785
0.085415
0.085715
0.085865
0.085115
0.084805
0.08452
0.084965
0.08395
0.083545
0.083175
0.08295
0.082175
0.082615
0.08207
0.081705
0.08306
0.083835
0.08443
0.082855
0.082885
0.08414
0.085525
0.084985
0.08464
0.083555
0.083465
0.08336
0.08347
0.083725
0.083955
0.08509
0.08544
0.08534
0.084495
0.08449
0.08512
0.084875
0.085035
0.08473
0.08474
0.08419
0.084045
0.083625
0.08309
0.082485
0.082565
0.082925
0.082885
0.082815
0.082725
0.082035
0.080915
0.07932
0.07912
0.077905
0.076725
0.07693
0.077085
0.078735
0.07862
0.079255
0.0784
0.077455
0.07772
0.077965
0.077535
0.07709
0.077345
0.07793
0.07803
0.077355
0.076625
0.07632
0.07649
0.07768
0.076895
0.07634
0.075495
0.075545
0.075195
0.07513
0.075105
0.07438
0.07341
0.073725
0.074705
0.076085
0.076555
0.075695
0.075675
0.077155
0.076825
0.077
0.077165
0.076835
0.07621
0.07548
0.075275
0.07469
0.073855
0.073685
0.073305
0.0726
0.072225
0.072805
0.072555
0.07385
0.075695
0.07498
0.07478
0.075065
0.075435
0.07636
0.076735
0.07648
0.075715
0.074665
0.07292
0.072455
0.07256
0.072205
0.07157
0.07122
0.07216
0.07193
0.071015
0.07057
0.069975
0.069295
0.068535
0.068245
0.06766
0.06594
0.06626
0.06631
0.06644
0.06576
0.06424
0.06429
0.06459
0.065565
0.0666
0.06626
0.066215
0.06592
0.0659
0.066955
0.067895
0.067875
0.06757
0.06849
0.06788
0.0663
0.065745
0.06607
0.06595
0.066235
0.066195
0.06527
0.064825
0.065555
0.066245
0.06594
0.065835
0.06618
0.06732
0.06762
0.06756
0.06746
0.06719
0.06698
0.06763
0.067175
0.06643
0.065805
0.065395
0.065195
0.065145
0.064185
0.06269
0.062715
0.06239
0.062735
0.06282
0.064295
0.064375
0.064535
0.064175
0.064265
0.064835
0.06384
0.063195
0.06296
0.06282
0.062935
0.064405
0.064315
0.064245
0.063905
0.063135
0.063345
0.063755
0.064785
0.065955
0.06618
0.066565
0.06639
0.066345
0.066275
0.067435
0.06917
0.0687
0.069945
0.070415
0.069475
0.06846
0.06852
0.06854
0.06784
0.06717
0.068145
0.069075
0.06994
0.07011
0.070265
0.07007
0.069635
0.070185
0.07097
0.071805
0.07197
0.071805
0.071095
0.070075
0.070675
0.07168
0.07096
0.07008
0.07022
0.06973
0.070065
0.07111
0.07144
0.071195
0.071075
0.071555
0.07122
0.07136
0.0716
0.07149
0.071325
0.070135
0.069275
0.067645
0.06661
0.06624
0.066635
0.066535
0.06726
0.067675
0.068205
0.068325
0.067845
0.067965
0.06791
0.06755
0.066505
0.066035
0.06635
0.066395
0.066085
0.06686
0.067055
0.066695
0.067105
0.06733
0.068045
0.067525
0.067185
0.066715
0.066655
0.06704
0.066435
0.06513
0.06499
0.06522
0.065255
0.065335
0.065715
0.065895
0.065275
0.06533
0.065585
0.065845
0.06609
0.065945
0.06603
0.066915
0.066705
0.066025
0.06582
0.06564
0.065465
0.064725
0.06478
0.065105
0.065445
0.065865
0.065965
0.066005
0.065975
0.066405
0.065865
0.065575
0.065365
0.065115
0.0645
0.064685
0.06498
0.065155
0.066145
0.066015
0.065785
0.065595
0.065815
0.066265
0.065635
0.0653
0.065395
0.065145
0.065155
0.064535
0.064295
0.0654
0.065495
0.065525
0.06621
0.06666
0.067885
0.068605
0.069295
0.070115
0.070415
0.070425
0.07026
0.07111
0.07102
0.07148
0.07078
0.070385
0.069755
0.07105
0.071295
0.071665
0.072315
0.072115
0.072005
0.07233
0.072975
0.073295
0.072965
0.072785
0.073465
0.073995
0.07387
0.073545
0.073375
0.073755
0.073355
0.0735
0.073855
0.075075
0.077415
0.078435
0.07974
0.082285
0.082525
0.080765
0.07924
0.08199
0.084835
0.08448
0.08943
0.091275
0.09256
0.09699
0.098145
0.095805
0.09819
0.0981
0.096365
0.0992
0.10055
0.097685
0.099325
0.10463
0.102675
0.100635
0.100975
0.102245
0.101775
0.103555
0.10512
0.1026
0.10104
0.100535
0.099485
0.098595
0.10009
0.099205
0.09712
0.0965
0.093535
0.09137
0.09021
0.089635
0.089175
0.088965
0.089105
0.09035
0.08965
0.088965
0.088495
0.08703
0.088475
0.088805
0.089725
0.089785
0.088445
0.089145
0.090725
0.0919
0.09197
0.090945
0.089225
0.08922
0.08866
0.087885
0.08793
0.088495
0.088555
0.089825
0.090315
0.091565
0.09116
0.0914
0.090265
0.090245
0.090925
0.0926
0.093515
0.093925
0.095525
0.09727
0.09709
0.09681
0.098065
0.09665
0.095835
0.0952
0.095345
0.095725
0.09781
0.099495
0.1016
0.10137
0.100605
0.100705
0.099
0.098455
0.09762
0.097575
0.09688
0.09631
0.094545
0.092845
0.093945
0.094495
0.094885
0.09519
0.09578
0.095365
0.09499
0.09451
0.0941
0.09423
0.09544
0.09429
0.09295
0.093455
0.094195
0.095335
0.09591
0.095265
0.095955
0.09729
0.097655
0.09737
0.09623
0.09516
0.09561
0.094555
0.09462
0.094055
0.094115
0.093595
0.09434
0.094285
0.09421
0.09502
0.093815
0.09379
0.093525
0.092605
0.093455
0.09445
0.094865
0.094305
0.09396
0.094455
0.095085
0.096205
0.09644
0.09644
0.0965
0.095705
0.09494
0.095115
0.09602
0.09535
0.09551
0.096395
0.097945
0.09917
0.1005
0.100325
0.10122
0.09974
0.09895
0.09796
0.09832
0.098465
0.099495
0.10088
0.10074
0.100715
0.1008
0.10064
0.101175
0.10186
0.10302
0.102695
0.101495
0.10065
0.10056
0.10072
0.100465
0.099985
0.10056
0.100425
0.099745
0.099175
0.099555
0.099685
0.098885
0.097885
0.09795
0.09829
0.099335
0.100495
0.101725
0.10226
0.10149
0.101275
0.10135
0.10169
0.10206
0.101385
0.10117
0.101245
0.101045
0.10055
0.099955
0.0997
0.099055
0.098
0.09733
0.097535
0.097995
0.098715
0.098865
0.099005
0.098945
0.099655
0.100345
0.09982
0.09957
0.099045
0.09864
0.09796
0.09819
0.0982
0.09895
0.09997
0.10063
0.100955
0.10101
0.1021
0.10393
0.1053
0.106045
0.106345
0.105095
0.10497
0.104835
0.104305
0.10492
0.104515
0.10361
0.10433
0.10581
0.10677
0.106755
0.10493
0.103645
0.104175
0.10554
0.107275
0.107715
0.106575
0.10548
0.106115
0.105035
0.104355
0.10394
0.104535
0.103955
0.10288
0.10178
0.101285
0.101005
0.1019
0.10159
0.100975
0.10179
0.101705
0.101725
0.100995
0.100165
0.09979
0.100025
0.100115
0.0996
0.09935
0.09968
0.10005
0.09932
0.099215
0.10018
0.09879
0.09813
0.097765
0.09766
0.09784
0.0982
0.09797
0.097525
0.09699
0.096575
0.096375
0.096265
0.096095
0.0964
0.096235
0.09659
0.096665
0.096425
0.09549
0.0954
0.094575
0.09464
0.09468
0.09533
0.09597
0.09648
0.097155
0.097735
0.0979
0.09879
0.100375
0.09979
0.09977
0.10085
0.101335
0.101545
0.10124
0.101535
0.10221
0.103245
0.103985
0.103835
0.10415
0.104025
0.104155
0.10463
0.105105
0.10755
0.10763
0.10807
0.107555
0.106975
0.106275
0.105625
0.10516
0.106665
0.10881
0.109845
0.10967
0.110135
0.110755
0.110345
0.10885
0.10742
0.107155
0.104615
0.105305
0.10664
0.107
0.105775
0.103835
0.103915
0.10471
0.10574
0.105025
0.10534
0.104
0.10357
0.100805
0.09983
0.10061
0.10294
0.102035
0.10142
0.102515
0.10368
0.10306
0.102355
0.102215
0.102665
0.103185
0.10344
0.10297
0.103715
0.10372
0.102725
0.103015
0.103695
0.104025
0.104235
0.105685
0.106795
0.106435
0.105065
0.105105
0.106665
0.109505
0.10855
0.107735
0.107385
0.108225
0.108095
0.109245
0.108775
0.10751
0.10584
0.10613
0.106465
0.105475
0.10434
0.104745
0.105685
0.10659
0.106195
0.112905
0.11491
0.11342
0.11363
0.113975
0.11418
0.115925
0.115535
0.114045
0.11344
0.11246
0.113795
0.11525
0.115475
0.1187
0.12154
0.121065
0.12097
0.119505
0.11771
0.1172
0.116285
0.115415
0.11421
0.114935
0.11663
0.117075
0.117255
0.11866
0.11851
0.11601
0.11598
0.116505
0.11685
0.116665
0.11776
0.11883
0.117865
0.11654
0.116105
0.11658
0.11615
0.11397
0.11277
0.112155
0.112175
0.111925
0.112695
0.113875
0.114555
0.115295
0.11527
0.113995
0.113765
0.113635
0.1136
0.1133
0.11321
0.115085
0.11616
0.11688
0.1174
0.117445
0.114245
0.112305
0.11209
0.114125
0.1147
0.11449
0.11435
0.114685
0.11455
0.11445
0.11388
0.112695
0.11248
