EUR->GBP
0.700355
0.696105
0.703675
0.70614
0.70413
0.701315
0.693545
0.69118
0.69258
0.684005
0.686365
0.675325
0.67161
0.671255
0.66529
0.670135
0.6735
0.664715
0.6582
0.6579
0.65865
0.65934
0.659715
0.65532
0.6445
0.650885
0.650285
0.655225
0.65152
0.65525
0.65232
0.6655
0.663425
0.66486
0.66097
0.65821
0.66033
0.661015
0.64719
0.642935
0.6377
0.64524
0.64522
0.650665
0.64524
0.645435
0.63997
0.63985
0.63741
0.63218
0.628465
0.626525
0.62744
0.626985
0.623225
0.62783
0.62308
0.614955
0.605815
0.61141
0.6158
0.6152
0.61698
0.610305
0.60975
0.61565
0.61313
0.60175
0.604295
0.603735
0.596
0.586145
0.582705
0.59903
0.6027
0.618035
0.62431
0.629985
0.635275
0.626025
0.626895
0.628205
0.62624
0.618405
0.616465
0.608385
0.601495
0.60818
0.609725
0.613925
0.61098
0.61157
0.60251
0.601495
0.60043
0.59244
0.58315
0.57721
0.59287
0.60267
0.598015
0.59879
0.60721
0.612915
0.60534
0.61826
0.62708
0.63273
0.638515
0.638375
0.634595
0.635445
0.63792
0.6324
0.63152
0.636455
0.635155
0.62913
0.626365
0.619745
0.626235
0.619015
0.62151
0.62256
0.62116
0.61885
0.61464
0.606185
0.59896
0.610445
0.61452
0.608385
0.60374
0.59988
0.60729
0.611305
0.614875
0.6164
0.624295
0.63307
0.63208
0.62811
0.617415
0.62185
0.6301
0.62253
0.620605
0.62625
0.626255
0.62361
0.619405
0.614165
0.616115
0.621955
0.62598
0.624105
0.62088
0.618745
0.60883
0.618775
0.618375
0.61489
0.615775
0.60939
0.61509
0.61101
0.610745
0.610275
0.614595
0.61899
0.61743
0.61253
0.612815
0.612335
0.614755
0.616455
0.620875
0.623725
0.62757
0.63213
0.63859
0.645455
0.64199
0.643975
0.64651
0.64174
0.63901
0.641315
0.632945
0.62768
0.63296
0.63924
0.639295
0.63619
0.633145
0.62737
0.631565
0.62844
0.627375
0.631145
0.630005
0.630475
0.6341
0.63868
0.63733
0.63371
0.638725
0.63852
0.642385
0.64138
0.64819
0.649875
0.654325
0.65959
0.664175
0.65694
0.66062
0.66583
0.677075
0.68342
0.686755
0.681475
0.676055
0.68153
0.687935
0.686555
0.690185
0.693555
0.69766
0.712745
0.713535
0.71801
0.720435
0.711215
0.70836
0.698715
0.691565
0.6911
0.691875
0.70428
0.71064
0.701525
0.70444
0.70455
0.694975
0.693785
0.69509
0.70367
0.698465
0.692395
0.698135
0.70709
0.697505
0.69559
0.686025
0.685595
0.694915
0.69878
0.69553
0.701115
0.702655
0.702
0.702355
0.703295
0.696085
0.689835
0.69005
0.6854
0.68477
0.677905
0.673245
0.669205
0.667955
0.677055
0.673785
0.667775
0.665175
0.65945
0.664735
0.66735
0.670765
0.670805
0.67299
0.673395
0.667675
0.66621
0.662235
0.66062
0.6655
0.670165
0.66831
0.66537
0.663385
0.660815
0.66287
0.668965
0.67565
0.6723
0.67765
0.68158
0.68091
0.68203
0.6858
0.690855
0.689945
0.69326
0.695905
0.69657
0.698065
0.701105
0.701335
0.693185
0.690625
0.68739
0.69962
0.70665
0.702005
0.700075
0.695955
0.69256
0.68912
0.68849
0.689045
0.690665
0.687815
0.696165
0.69516
0.693465
0.68705
0.685515
0.68229
0.68271
0.67703
0.678885
0.682475
0.68797
0.688535
0.676215
0.66993
0.6683
0.66439
0.671635
0.68371
0.68723
0.69366
0.69076
0.69692
0.68844
0.67929
0.68112
0.68172
0.676085
0.67567
0.67654
0.6811
0.68365
0.684865
0.67904
0.67968
0.67749
0.67395
0.681275
0.68423
0.681585
0.67559
0.67575
0.680195
0.685965
0.687535
0.68432
0.685965
0.6861
0.681945
0.684705
0.684645
0.682135
0.68338
0.687185
0.69173
0.691615
0.69352
0.69699
0.69251
0.692145
0.693875
0.68661
0.68322
0.679775
0.68319
0.68566
0.68774
0.68341
0.685905
0.691095
0.69334
0.69019
0.68447
0.683785
0.679425
0.673955
0.677985
0.67748
0.674195
0.67793
0.67604
0.673075
0.674235
0.674715
0.674845
0.671255
0.67088
0.66912
0.67112
0.676365
0.676575
0.67496
0.67526
0.672325
0.670885
0.671615
0.673925
0.66622
0.657535
0.657885
0.660555
0.662965
0.670715
0.67197
0.674825
0.680205
0.683765
0.679575
0.678525
0.678485
0.68083
0.678875
0.681405
0.682165
0.68137
0.683945
0.679325
0.678845
0.6784
0.676495
0.674075
0.67336
0.676115
0.677505
0.67374
0.671515
0.674235
0.677735
0.678255
0.678915
0.677415
0.676795
0.685425
0.696755
0.698515
0.693935
0.694525
0.697085
0.69845
0.696495
0.698325
0.71059
0.718145
0.71515
0.718525
0.717635
0.719775
0.7318
0.74215
0.75074
0.750815
0.743945
0.74736
0.746965
0.74567
0.753875
0.759545
0.764835
0.768465
0.78165
0.78562
0.789735
0.79871
0.79895
0.794935
0.784955
0.78864
0.794715
0.796605
0.789825
0.79399
0.79201
0.79029
0.791445
0.79272
0.797315
0.79443
0.79041
0.78812
0.78785
0.78798
0.79347
0.80202
0.811155
0.798275
0.791425
0.792905
0.786505
0.78465
0.779765
0.789075
0.79417
0.80808
0.836985
0.843495
0.838035
0.85751
0.881855
0.92059
0.951685
0.96225
0.90655
0.90027
0.930555
0.91324
0.885945
0.890205
0.888025
0.88654
0.893325
0.92056
0.93436
0.930135
0.91729
0.90164
0.88685
0.8948
0.89421
0.89031
0.894005
0.879905
0.87496
0.87009
0.85798
0.8478
0.851175
0.85441
0.8607
0.860835
0.86351
0.8576
0.85079
0.858655
0.86303
0.87673
0.875925
0.876055
0.89344
0.911415
0.915515
0.92373
0.92312
0.91231
0.90194
0.89669
0.896185
0.89463
0.905765
0.906625
0.90272
0.89161
0.896875
0.89299
0.8972
0.890985
0.874855
0.86902
0.87307
0.87398
0.873745
0.885805
0.903585
0.90707
0.901005
0.898435
0.890395
0.878405
0.880295
0.871775
0.86748
0.86004
0.854345
0.86249
0.851915
0.834405
0.828215
0.833625
0.82592
0.82072
0.83433
0.839635
0.84184
0.834405
0.830605
0.824275
0.821075
0.819745
0.8294
0.827145
0.834975
0.84919
0.86284
0.872385
0.87629
0.883815
0.874955
0.87073
0.854895
0.85183
0.84929
0.84509
0.84076
0.847425
0.84922
0.855895
0.844785
0.837155
0.84462
0.85912
0.849645
0.84642
0.84137
0.84942
0.85418
0.86141
0.869965
0.874005
0.8814
0.879725
0.88549
0.881205
0.88698
0.887575
0.87407
0.875875
0.86806
0.881045
0.88867
0.88102
0.887915
0.89962
0.89559
0.87936
0.87969
0.879225
0.871915
0.87562
0.87453
0.88004
0.881455
0.870945
0.869535
0.8731
0.86593
0.8614
0.874135
0.872565
0.87435
0.86215
0.855935
0.85582
0.859765
0.857815
0.855495
0.841995
0.835935
0.835555
0.82895
0.828185
0.83115
0.83668
0.832825
0.83535
0.833395
0.843165
0.83927
0.835815
0.83372
0.8343
0.83499
0.827915
0.824905
0.820835
0.816355
0.81261
0.80404
0.80241
0.802905
0.803305
0.809725
0.807225
0.80609
0.803425
0.79921
0.78943
0.78206
0.78167
0.78692
0.78876
0.785455
0.789635
0.79259
0.795005
0.803565
0.80247
0.79616
0.803165
0.806115
0.8113
0.80804
0.80313
0.79957
0.802105
0.80634
0.8096
0.80939
0.80983
0.814055
0.818355
0.8128
0.819625
0.83412
0.845365
0.860915
0.856015
0.859405
0.86712
0.865645
0.86733
0.86811
0.853785
0.845915
0.847
0.852805
0.85582
0.848005
0.843945
0.844705
0.84631
0.85269
0.85551
0.85127
0.85044
0.852835
0.85246
0.857815
0.86303
0.86327
0.86158
0.86927
0.86262
0.855545
0.8562
0.856485
0.84477
0.84064
0.841485
0.84057
0.840615
0.8469
0.846925
0.851105
0.85123
0.83872
0.83878
0.836265
0.83344
0.83295
0.840535
0.83925
0.83537
0.830925
0.82871
0.82937
0.82495
0.82315
0.829365
0.823325
0.823535
0.82367
0.82612
0.83467
0.836565
0.831085
0.827315
0.82733
0.824215
0.82265
0.82217
0.819235
0.81537
0.81137
0.81233
0.812325
0.80378
0.79905
0.80054
0.795615
0.794625
0.79224
0.79112
0.79407
0.79626
0.800005
0.79976
0.79428
0.793985
0.798455
0.7914
0.782645
0.781845
0.786265
0.794115
0.78923
0.786595
0.7833
0.791195
0.79664
0.793585
0.78987
0.790695
0.788545
0.783795
0.780965
0.782275
0.7709
0.758185
0.748285
0.74852
0.74139
0.73921
0.730155
0.724295
0.71235
0.72058
0.732765
0.73154
0.72779
0.72124
0.71739
0.72664
0.733655
0.72253
0.71561
0.71322
0.72712
0.7282
0.71751
0.71186
0.710525
0.715725
0.70129
0.70309
0.7057
0.70345
0.710645
0.715005
0.72995
0.73311
0.73121
0.73072
0.73167
0.738885
0.738685
0.73912
0.7274
0.71727
0.71277
0.708435
0.701395
0.703555
0.71246
0.722555
0.72708
0.734245
0.737115
0.742675
0.75655
0.76292
0.76057
0.763625
0.77693
0.77518
0.78649
0.77646
0.775065
0.78076
0.78841
0.79252
0.80505
0.79716
0.78666
0.77935
0.78919
0.78856
0.776225
0.763775
0.773165
0.78553
0.790365
0.786545
0.83279
0.850845
0.839805
0.836575
0.8406
0.84515
0.858075
0.86554
0.85579
0.84603
0.842785
0.85145
0.86088
0.8649
0.886585
0.901845
0.893965
0.895595
0.8953
0.87639
0.859285
0.85128
0.845885
0.843105
0.838105
0.845805
0.852835
0.853865
0.870175
0.86876
0.85472
0.85843
0.85497
0.852075
0.84752
0.85755
0.870305
0.87081
0.86581
0.859125
0.855085
0.849625
0.83948
0.845725
0.846445
0.84462
0.856825
0.867495
0.872485
0.874455
0.878265
0.87942
0.87953
0.88058
0.881935
0.889885
0.89408
0.899085
0.906175
0.91158
0.92086
0.921135
0.914935
0.8927
0.883615
0.87952
0.891195
0.89289
0.893085
0.888585
0.88428
0.88394
0.89283
0.89005
0.88546
0.88119
