IND->GBP
0.014175
0.014045
0.013975
0.014035
0.014195
0.01428
0.01428
0.014225
0.014275
0.01442
0.014445
0.01447
0.01464
0.01462
0.014495
0.014495
0.0145
0.014675
0.014615
0.01449
0.01449
0.01449
0.014365
0.01445
0.01454
0.01457
0.014515
0.014465
0.014535
0.014565
0.014615
0.014835
0.014805
0.01464
0.014345
0.014295
0.01432
0.01428
0.01446
0.014315
0.01421
0.01421
0.014015
0.0139
0.013905
0.013855
0.01385
0.014065
0.014105
0.014235
0.01422
0.014305
0.014385
0.014175
0.014285
0.014245
0.01422
0.01402
0.014
0.013955
0.014045
0.01432
0.01431
0.014325
0.01433
0.01451
0.01454
0.01456
0.01448
0.014405
0.01446
0.01444
0.0145
0.01462
0.01485
0.015005
0.015255
0.015265
0.015085
0.01495
0.014795
0.014855
0.014805
0.01479
0.01486
0.01478
0.014765
0.014735
0.014545
0.01459
0.01477
0.014945
0.015275
0.015605
0.01514
0.01485
0.014905
0.014835
0.014895
0.014825
0.01478
0.014995
0.014975
0.015185
0.01493
0.014795
0.014595
0.01452
0.01437
0.01428
0.01443
0.01466
0.014725
0.014685
0.01483
0.01481
0.01481
0.01474
0.01465
0.01487
0.01501
0.015045
0.01498
0.01488
0.01484
0.014845
0.01488
0.015
0.01488
0.01496
0.014985
0.01528
0.015275
0.015115
0.01504
0.015055
0.01507
0.01495
0.0149
0.014845
0.01493
0.01475
0.01468
0.01461
0.01455
0.014305
0.014255
0.014195
0.014095
0.014295
0.014445
0.01455
0.01429
0.0143
0.01452
0.014755
0.014655
0.01463
0.014455
0.014445
0.01435
0.014315
0.014365
0.014395
0.014585
0.01463
0.01451
0.014355
0.01437
0.01445
0.01443
0.01445
0.014385
0.01437
0.014265
0.014225
0.01415
0.014045
0.013935
0.013955
0.014005
0.013985
0.01399
0.01397
0.013855
0.01369
0.01343
0.013405
0.013215
0.013025
0.01308
0.01311
0.013385
0.013385
0.013505
0.013385
0.013205
0.013265
0.013325
0.013255
0.013195
0.01324
0.013345
0.01335
0.013225
0.013125
0.01309
0.013135
0.013345
0.013195
0.013105
0.012975
0.013025
0.012965
0.012955
0.012975
0.012845
0.012705
0.012795
0.012935
0.013195
0.013275
0.013145
0.013145
0.013395
0.013355
0.013435
0.013475
0.013415
0.013325
0.013195
0.013185
0.01311
0.013025
0.01298
0.012925
0.012855
0.012835
0.012965
0.012945
0.013225
0.01356
0.01344
0.01341
0.013485
0.013605
0.013795
0.013855
0.013795
0.013695
0.013465
0.013175
0.01317
0.013245
0.013155
0.013075
0.013005
0.013195
0.013125
0.012865
0.012725
0.0127
0.0126
0.01247
0.01241
0.01228
0.011995
0.012075
0.012095
0.01214
0.01203
0.011755
0.011765
0.011815
0.01199
0.01218
0.012135
0.012255
0.012475
0.01251
0.01266
0.01275
0.01269
0.01253
0.01251
0.012405
0.0121
0.01203
0.012135
0.012005
0.01196
0.011955
0.0118
0.01167
0.01175
0.01184
0.01179
0.011775
0.01183
0.012035
0.012085
0.01209
0.012175
0.01212
0.01206
0.01222
0.012135
0.012015
0.011965
0.011975
0.01196
0.011975
0.011805
0.01172
0.01176
0.011745
0.01187
0.011935
0.01217
0.012205
0.012225
0.012155
0.01224
0.01228
0.01208
0.011975
0.01193
0.01194
0.01195
0.01219
0.012185
0.012155
0.012095
0.01195
0.012015
0.012145
0.01236
0.012565
0.012595
0.01262
0.01262
0.012605
0.012605
0.012825
0.013135
0.013065
0.013215
0.013145
0.012955
0.012745
0.012755
0.01272
0.012505
0.01241
0.012575
0.01274
0.012875
0.01283
0.012685
0.012585
0.0125
0.01253
0.012565
0.0127
0.01271
0.012605
0.012435
0.01242
0.012635
0.012825
0.012795
0.01281
0.012805
0.01275
0.012795
0.01297
0.012985
0.0129
0.01291
0.012985
0.01291
0.01289
0.012885
0.012865
0.01271
0.01247
0.012355
0.012085
0.011875
0.01171
0.01169
0.011605
0.011755
0.01181
0.011865
0.011835
0.011795
0.011755
0.011615
0.01154
0.0114
0.011325
0.0114
0.011385
0.0113
0.0115
0.011555
0.0115
0.011565
0.01166
0.01181
0.01179
0.011725
0.011695
0.011725
0.01173
0.011665
0.01142
0.011405
0.011415
0.011425
0.011525
0.011595
0.011565
0.011485
0.011485
0.01154
0.01158
0.011635
0.011565
0.011555
0.01168
0.011685
0.01168
0.011755
0.011825
0.011835
0.011915
0.012155
0.012215
0.012245
0.0124
0.012435
0.012435
0.012355
0.012395
0.012315
0.01223
0.012265
0.0122
0.012095
0.012105
0.012175
0.012165
0.012275
0.01219
0.01211
0.012125
0.012215
0.012405
0.012395
0.01237
0.01247
0.01236
0.01234
0.01221
0.01215
0.01234
0.01228
0.012195
0.01242
0.01249
0.01265
0.012755
0.012825
0.012965
0.01298
0.012885
0.01283
0.012915
0.012865
0.012785
0.01264
0.01238
0.01224
0.012395
0.012505
0.012565
0.012665
0.01263
0.012575
0.012485
0.01235
0.012085
0.011865
0.01184
0.011935
0.01192
0.011845
0.011785
0.011645
0.01169
0.01169
0.011855
0.0119
0.01221
0.012405
0.01235
0.012435
0.01265
0.012465
0.011985
0.011685
0.01186
0.011805
0.011615
0.011895
0.01207
0.01301
0.01344
0.013285
0.013025
0.01349
0.01366
0.0136
0.01383
0.013905
0.01352
0.01374
0.01446
0.014255
0.014055
0.01413
0.014015
0.013745
0.01366
0.01379
0.013505
0.013385
0.013465
0.013505
0.013465
0.01358
0.013475
0.013405
0.01325
0.01341
0.01315
0.01306
0.012805
0.01259
0.012465
0.01262
0.0126
0.012535
0.01255
0.012515
0.012435
0.01253
0.012445
0.012555
0.012535
0.0124
0.01254
0.01282
0.013045
0.01341
0.013405
0.013095
0.01294
0.01287
0.012915
0.012925
0.012985
0.013045
0.01315
0.013155
0.013345
0.01333
0.01359
0.0135
0.01337
0.01338
0.01359
0.01371
0.01388
0.01412
0.014515
0.014575
0.014545
0.01476
0.0147
0.01473
0.0146
0.01463
0.01469
0.01477
0.015025
0.014945
0.014755
0.01464
0.014635
0.014595
0.01448
0.01419
0.0141
0.013995
0.013845
0.013725
0.013615
0.013665
0.01376
0.013775
0.013865
0.01393
0.013845
0.01397
0.0141
0.01415
0.01412
0.01426
0.01411
0.013945
0.013835
0.01372
0.01384
0.01406
0.0139
0.013905
0.014145
0.01421
0.01409
0.013885
0.0136
0.01364
0.0135
0.013595
0.0136
0.01361
0.013635
0.01355
0.0135
0.01359
0.01378
0.01374
0.013675
0.013585
0.01346
0.01352
0.01362
0.01364
0.013515
0.01354
0.01348
0.01355
0.01367
0.0138
0.01392
0.013885
0.01379
0.01376
0.01368
0.01354
0.0133
0.01324
0.013375
0.01348
0.01321
0.01302
0.012875
0.012985
0.012845
0.01263
0.01257
0.01261
0.012445
0.012335
0.01225
0.012365
0.012305
0.011875
0.01184
0.011835
0.01198
0.01236
0.01261
0.012675
0.01278
0.01272
0.01276
0.01279
0.01272
0.012665
0.01248
0.012175
0.01205
0.01212
0.01206
0.011875
0.011615
0.011515
0.011515
0.011475
0.011395
0.011525
0.011675
0.011525
0.01131
0.011345
0.011615
0.01166
0.011615
0.01151
0.011525
0.01159
0.01145
0.011435
0.011375
0.01132
0.01134
0.0115
0.011675
0.011925
0.011845
0.011685
0.0116
0.01155
0.011515
0.011455
0.011355
0.011355
0.01144
0.01141
0.01123
0.01127
0.011315
0.011325
0.01154
0.01177
0.0119
0.0119
0.01188
0.01203
0.012145
0.01218
0.012295
0.01214
0.01211
0.01203
0.01197
0.01213
0.01203
0.012
0.01193
0.01198
0.011905
0.01173
0.01139
0.01104
0.01088
0.01091
0.011
0.01108
0.01105
0.01098
0.01079
0.01061
0.0104
0.00997
0.009665
0.009695
0.00994
0.010005
0.00996
0.01003
0.010225
0.0102
0.010105
0.010145
0.00998
0.00987
0.00991
0.00986
0.00992
0.00993
0.009895
0.00986
0.00979
0.00985
0.00994
0.009775
0.00967
0.009825
0.009735
0.009685
0.009685
0.009745
0.009825
0.009885
0.010025
0.010035
0.00992
0.00988
0.009785
0.009845
0.009875
0.010065
0.010165
0.010125
0.010095
0.009985
0.009785
0.00978
0.00976
0.00975
0.00972
0.009795
0.009785
0.00972
0.0098
0.00993
0.00997
0.01008
0.01016
0.010075
0.01003
0.01006
0.01015
0.01016
0.010175
0.01017
0.01024
0.01031
0.010345
0.01029
0.01033
0.01024
0.010065
0.0101
0.01018
0.01049
0.010645
0.01078
0.01074
0.010645
0.010495
0.010445
0.010465
0.010545
0.01068
0.010775
0.010735
0.01082
0.010875
0.01081
0.01051
0.010315
0.010255
0.010005
0.010095
0.010205
0.01023
0.010105
0.009945
0.00999
0.010085
0.0102
0.01013
0.01009
0.010015
0.010085
0.009905
0.009725
0.009715
0.009855
0.009785
0.009765
0.00989
0.01004
0.01008
0.01002
0.01
0.009995
0.009955
0.009955
0.009955
0.009965
0.009965
0.009875
0.010025
0.01017
0.01021
0.010265
0.010335
0.01038
0.010325
0.010195
0.010145
0.010155
0.010415
0.010525
0.010435
0.010425
0.010545
0.010555
0.010635
0.010585
0.01048
0.010315
0.010345
0.010395
0.010265
0.010175
0.010265
0.010385
0.010455
0.010335
0.01111
0.01141
0.01132
0.01131
0.01132
0.01136
0.01153
0.011455
0.011315
0.011325
0.011265
0.011335
0.0115
0.011565
0.0119
0.01225
0.01224
0.01227
0.01212
0.011945
0.011855
0.011745
0.011645
0.011715
0.011775
0.01194
0.01197
0.01194
0.01204
0.01196
0.011705
0.01183
0.01195
0.011975
0.012
0.01215
0.01231
0.01239
0.01228
0.01232
0.01243
0.0124
0.01213
0.01208
0.01203
0.01203
0.011975
0.01199
0.01207
0.0121
0.01218
0.0122
0.011995
0.011945
0.011975
0.011935
0.011895
0.01193
0.012015
0.012095
0.012155
0.012095
0.01194
0.01166
0.011435
0.01138
0.0116
0.01161
0.01165
0.01168
0.011745
0.01167
0.01163
0.011625
0.01155
0.01155
