JPY->GBP
0.005015
0.005095
0.005135
0.005135
0.005275
0.005465
0.005345
0.00531
0.005255
0.005405
0.00535
0.005115
0.005195
0.005085
0.005135
0.00522
0.00516
0.005175
0.005155
0.005225
0.0052
0.0052
0.005085
0.00506
0.00502
0.00513
0.00512
0.00522
0.00521
0.005185
0.00523
0.005255
0.0053
0.005395
0.005395
0.005395
0.005395
0.005545
0.005645
0.005675
0.005665
0.005815
0.005845
0.005725
0.005635
0.005675
0.005675
0.005825
0.00582
0.00588
0.005835
0.006015
0.006095
0.006005
0.006025
0.006055
0.006055
0.005845
0.005765
0.005785
0.00576
0.005805
0.00573
0.005675
0.005645
0.005835
0.005945
0.00599
0.005905
0.006015
0.006005
0.005965
0.006015
0.005965
0.00597
0.006045
0.006195
0.006295
0.006185
0.006195
0.006215
0.006315
0.00626
0.006175
0.006165
0.006115
0.006055
0.006135
0.00613
0.006145
0.0063
0.006445
0.006575
0.006655
0.00661
0.00638
0.006305
0.00636
0.006375
0.006405
0.00639
0.00651
0.006455
0.00642
0.006325
0.00626
0.00611
0.006045
0.005905
0.00579
0.005745
0.00577
0.005835
0.005885
0.005915
0.005935
0.005945
0.00583
0.005705
0.005695
0.005705
0.005645
0.005595
0.005595
0.005665
0.005655
0.005715
0.005755
0.005665
0.005805
0.005875
0.005965
0.00587
0.005725
0.005685
0.005665
0.005695
0.00569
0.00567
0.00563
0.005735
0.005765
0.00576
0.005765
0.005725
0.00573
0.00584
0.00572
0.005615
0.00569
0.00573
0.00569
0.005625
0.00568
0.005705
0.005725
0.00569
0.00561
0.00546
0.00536
0.00527
0.00526
0.00524
0.005255
0.00525
0.0053
0.005275
0.005265
0.00523
0.005265
0.00542
0.005455
0.005305
0.00528
0.00526
0.005295
0.005295
0.00534
0.005355
0.005345
0.0054
0.0055
0.005515
0.005515
0.005445
0.005455
0.00546
0.005455
0.005495
0.00547
0.00541
0.005345
0.00542
0.00552
0.0055
0.00547
0.00542
0.00533
0.00527
0.00522
0.0052
0.005165
0.00516
0.005185
0.00522
0.005245
0.005255
0.00517
0.00526
0.005125
0.005175
0.005175
0.00521
0.00522
0.00521
0.00527
0.00522
0.0051
0.00508
0.00512
0.0053
0.00538
0.00534
0.00532
0.00531
0.005295
0.00535
0.00532
0.005305
0.005245
0.00524
0.005305
0.00531
0.005225
0.005155
0.005115
0.005105
0.00506
0.00507
0.00507
0.005185
0.005295
0.005225
0.005155
0.0052
0.005245
0.00535
0.00542
0.00543
0.005355
0.005365
0.005395
0.005415
0.00549
0.005465
0.00541
0.005405
0.00544
0.00549
0.0054
0.00534
0.005355
0.005325
0.00527
0.00526
0.005225
0.00513
0.00515
0.00514
0.00519
0.005155
0.00504
0.00495
0.00491
0.00489
0.00497
0.00509
0.005155
0.00521
0.00515
0.005155
0.005155
0.00511
0.00505
0.00498
0.00497
0.004935
0.00492
0.004975
0.004985
0.00507
0.00506
0.004975
0.00493
0.00495
0.00493
0.00492
0.00491
0.005
0.00508
0.00509
0.0051
0.00508
0.00504
0.00501
0.00507
0.00508
0.005095
0.00513
0.00511
0.00509
0.005185
0.005165
0.00506
0.00498
0.00494
0.005
0.00505
0.0051
0.00519
0.005205
0.00515
0.00512
0.00508
0.005015
0.004975
0.004975
0.00499
0.00498
0.00503
0.004955
0.00491
0.004905
0.00491
0.00497
0.00503
0.005035
0.00507
0.00508
0.0051
0.0051
0.00504
0.005035
0.005035
0.00511
0.00508
0.00514
0.00509
0.00504
0.005025
0.00504
0.005045
0.00498
0.004955
0.004975
0.00499
0.005
0.00498
0.00498
0.004905
0.004875
0.00484
0.00487
0.00488
0.00488
0.00484
0.004755
0.00478
0.0049
0.00494
0.004925
0.00495
0.004915
0.00485
0.00478
0.00484
0.00488
0.00487
0.004915
0.004875
0.004885
0.00489
0.00489
0.00486
0.004825
0.004795
0.00485
0.00479
0.004815
0.00479
0.00476
0.00476
0.00476
0.004715
0.004715
0.00473
0.00473
0.00472
0.00465
0.00465
0.00463
0.00456
0.004565
0.00454
0.00449
0.00456
0.00453
0.004515
0.00452
0.0045
0.0045
0.004495
0.004475
0.00447
0.00445
0.00448
0.00447
0.004405
0.0044
0.004345
0.00431
0.00429
0.00432
0.004295
0.0042
0.004185
0.0042
0.00422
0.00426
0.00424
0.00432
0.00443
0.00441
0.00434
0.00432
0.00427
0.00424
0.00421
0.0042
0.00418
0.00419
0.004185
0.00415
0.004145
0.00415
0.00413
0.00406
0.00405
0.00404
0.00403
0.00401
0.004085
0.00415
0.00416
0.004335
0.00433
0.004295
0.00431
0.00432
0.00431
0.004285
0.00421
0.00418
0.00422
0.00427
0.0042
0.00424
0.004385
0.00445
0.004415
0.00442
0.00438
0.00441
0.00443
0.00459
0.004665
0.00476
0.00477
0.00474
0.00478
0.00474
0.00475
0.00477
0.004855
0.004905
0.00508
0.00503
0.00496
0.00498
0.00493
0.00485
0.00483
0.004905
0.004915
0.0049
0.004825
0.00484
0.004765
0.00472
0.00471
0.00473
0.00473
0.00472
0.00467
0.00468
0.004715
0.00483
0.004895
0.00499
0.005215
0.00524
0.00521
0.00511
0.00532
0.00574
0.005695
0.006285
0.006445
0.006415
0.00681
0.006985
0.006845
0.007255
0.007315
0.00738
0.007515
0.007555
0.007265
0.00755
0.008005
0.00784
0.007605
0.00757
0.007515
0.007195
0.007215
0.007335
0.007245
0.007065
0.00693
0.00678
0.00678
0.00699
0.006915
0.006705
0.006855
0.00671
0.00654
0.00636
0.00624
0.00631
0.006365
0.006335
0.006595
0.00654
0.00644
0.00637
0.006195
0.006315
0.00643
0.006525
0.006605
0.00658
0.006685
0.006825
0.006995
0.007035
0.00688
0.00667
0.00669
0.00671
0.00668
0.00674
0.006915
0.00685
0.006905
0.00687
0.006845
0.00673
0.00674
0.00675
0.006805
0.006895
0.007025
0.00712
0.007055
0.007265
0.007425
0.00733
0.007305
0.0073
0.007045
0.00699
0.006995
0.00698
0.00696
0.007175
0.007325
0.007625
0.007645
0.00748
0.007515
0.00742
0.007445
0.0075
0.0075
0.00749
0.007495
0.00737
0.00732
0.007425
0.00751
0.0076
0.007675
0.007735
0.00755
0.00752
0.007565
0.00761
0.007685
0.007805
0.007775
0.00766
0.007575
0.007505
0.007585
0.007655
0.007585
0.007615
0.007765
0.00789
0.00779
0.00766
0.00759
0.00764
0.00759
0.007515
0.007425
0.00752
0.00749
0.007525
0.00768
0.00762
0.0075
0.00724
0.007325
0.007405
0.00738
0.007515
0.007595
0.00757
0.00752
0.00754
0.007635
0.007665
0.007745
0.00772
0.00771
0.007845
0.007835
0.007875
0.007845
0.007985
0.007935
0.007935
0.008005
0.008095
0.008235
0.008405
0.008365
0.00841
0.008265
0.008245
0.008205
0.007995
0.008045
0.00821
0.008325
0.00823
0.008225
0.008265
0.00821
0.008295
0.00838
0.00846
0.00842
0.00828
0.008295
0.008195
0.00806
0.007875
0.00776
0.00777
0.007645
0.0076
0.007575
0.00765
0.00777
0.007685
0.00764
0.007715
0.00777
0.00789
0.007995
0.008195
0.00819
0.0081
0.008015
0.008035
0.00805
0.00812
0.00812
0.00818
0.00817
0.008155
0.00806
0.00802
0.008045
0.008005
0.007945
0.00786
0.007935
0.007905
0.007955
0.00787
0.007805
0.007775
0.00785
0.00783
0.007635
0.00759
0.00756
0.00746
0.00733
0.00725
0.00709
0.007035
0.007
0.00703
0.00693
0.00683
0.006875
0.00699
0.00713
0.00704
0.00695
0.006945
0.006985
0.0069
0.00659
0.006645
0.00658
0.00656
0.00646
0.006405
0.006475
0.00653
0.00657
0.006675
0.006665
0.00664
0.00661
0.00666
0.00658
0.00656
0.00665
0.006675
0.00659
0.006525
0.00657
0.00645
0.006355
0.00631
0.00631
0.00635
0.00639
0.00634
0.006335
0.00635
0.00632
0.00625
0.00615
0.00602
0.00596
0.00593
0.00591
0.00582
0.00578
0.00582
0.00585
0.00585
0.005915
0.006
0.0059
0.005865
0.00587
0.005835
0.005875
0.00592
0.00589
0.00582
0.00586
0.00584
0.00581
0.0058
0.00581
0.00584
0.00584
0.005855
0.00582
0.005805
0.00577
0.00578
0.00573
0.00575
0.00576
0.00578
0.00578
0.00581
0.00584
0.00582
0.0058
0.0058
0.005785
0.00567
0.00562
0.00567
0.00575
0.00584
0.00578
0.005675
0.005495
0.00548
0.00544
0.00539
0.005325
0.005345
0.00539
0.00534
0.005375
0.005535
0.00561
0.00563
0.00562
0.00558
0.00548
0.005465
0.00543
0.005465
0.005525
0.00558
0.005625
0.00563
0.00564
0.00565
0.00557
0.00549
0.00546
0.005335
0.00531
0.00528
0.00524
0.005225
0.00515
0.00513
0.00521
0.005285
0.00518
0.00519
0.00518
0.00517
0.00515
0.00517
0.00534
0.00546
0.00541
0.00537
0.00543
0.0055
0.00545
0.00544
0.00539
0.0054
0.00538
0.00536
0.00534
0.0054
0.005395
0.005415
0.00549
0.00556
0.005615
0.005785
0.00591
0.005965
0.00586
0.005835
0.00606
0.00613
0.00633
0.00625
0.006175
0.0062
0.00626
0.006225
0.006465
0.006475
0.00633
0.0063
0.00645
0.00639
0.006285
0.006225
0.00633
0.006485
0.00668
0.006755
0.007325
0.00759
0.007305
0.007155
0.00729
0.007465
0.00758
0.00764
0.007535
0.00734
0.00732
0.00743
0.007595
0.007625
0.0077
0.007865
0.00787
0.00784
0.0078
0.00758
0.00735
0.00716
0.00702
0.00692
0.00682
0.0069
0.00695
0.006945
0.00712
0.00713
0.006985
0.00705
0.007105
0.00707
0.00711
0.00714
0.007165
0.007155
0.00719
0.007195
0.00725
0.00731
0.0072
0.00699
0.00688
0.00682
0.006885
0.00695
0.00701
0.007075
0.007105
0.007075
0.00691
0.00682
0.00681
0.00687
0.00688
0.00689
0.007005
0.00707
0.00712
0.00704
0.007035
0.00678
0.00661
0.00662
0.00673
0.00674
0.00672
0.00668
0.006675
0.00669
0.00673
0.00673
0.006655
0.00661
