MEX->GBP
0.06035
0.06015
0.060495
0.060585
0.06095
0.06174
0.05878
0.058905
0.0597
0.06071
0.06128
0.06184
0.06282
0.06277
0.06317
0.063475
0.063945
0.065425
0.06548
0.065265
0.066455
0.066765
0.06592
0.066215
0.066465
0.064535
0.064175
0.06457
0.066575
0.0668
0.067425
0.06871
0.068465
0.067515
0.06616
0.065615
0.06624
0.06643
0.067265
0.06649
0.066225
0.066205
0.065505
0.06452
0.06393
0.06355
0.06241
0.063435
0.06441
0.06572
0.066045
0.066505
0.066955
0.06539
0.06642
0.06597
0.065205
0.06422
0.064405
0.064405
0.06407
0.065695
0.06625
0.066595
0.066545
0.067725
0.06811
0.06805
0.06827
0.067915
0.0677
0.066735
0.067235
0.067865
0.068865
0.0688
0.070185
0.07065
0.06993
0.06713
0.067205
0.06692
0.066745
0.06942
0.07049
0.07082
0.070715
0.07136
0.07154
0.07225
0.073225
0.07425
0.075045
0.07643
0.074105
0.072405
0.0727
0.07223
0.072265
0.07178
0.071775
0.07281
0.07392
0.07565
0.0744
0.073435
0.072395
0.071205
0.069845
0.068545
0.06841
0.069135
0.07052
0.070085
0.07084
0.07107
0.071145
0.070945
0.070645
0.072255
0.07335
0.07385
0.0742
0.074785
0.074595
0.074805
0.075175
0.076305
0.076905
0.077565
0.076935
0.078925
0.0793
0.078385
0.078175
0.078065
0.07666
0.07669
0.076675
0.07626
0.077255
0.07631
0.075895
0.075035
0.07392
0.07143
0.07248
0.07167
0.0708
0.07316
0.075275
0.075515
0.07397
0.07439
0.075455
0.07727
0.076035
0.075915
0.075795
0.075685
0.07554
0.075655
0.075195
0.075845
0.07709
0.077235
0.07733
0.07714
0.076935
0.077455
0.077425
0.07741
0.077435
0.077735
0.07721
0.076705
0.074895
0.07387
0.07227
0.07201
0.072335
0.07196
0.071075
0.070355
0.07021
0.06822
0.066125
0.06591
0.065905
0.0655
0.065655
0.065105
0.066805
0.065865
0.066835
0.06544
0.064215
0.064535
0.06367
0.06286
0.062775
0.06302
0.064295
0.06518
0.062945
0.06181
0.061595
0.06251
0.063295
0.06233
0.06197
0.06126
0.061025
0.059945
0.059555
0.05896
0.05692
0.05565
0.055745
0.056595
0.057805
0.057445
0.05624
0.05752
0.05915
0.05937
0.05958
0.0597
0.060155
0.060285
0.060925
0.06121
0.060145
0.05958
0.05905
0.057575
0.056735
0.05686
0.05767
0.05752
0.058475
0.060325
0.05915
0.05872
0.05812
0.058195
0.058305
0.057745
0.057915
0.05705
0.05669
0.05537
0.053905
0.053495
0.05323
0.05308
0.05333
0.054365
0.053685
0.052495
0.05146
0.05147
0.051115
0.050435
0.05021
0.05018
0.05017
0.05059
0.050275
0.049795
0.04897
0.04828
0.048615
0.04832
0.049515
0.05031
0.04993
0.04957
0.04882
0.048735
0.0492
0.049645
0.04938
0.04865
0.048795
0.0486
0.04796
0.047565
0.04813
0.04801
0.04836
0.04772
0.047
0.04685
0.047445
0.04789
0.0478
0.04778
0.048285
0.048935
0.048785
0.04826
0.048515
0.04869
0.048705
0.049655
0.048965
0.0479
0.047205
0.04745
0.04736
0.04745
0.04706
0.04649
0.04606
0.045995
0.046615
0.046525
0.04705
0.04751
0.047505
0.04716
0.047665
0.048065
0.0475
0.04716
0.04705
0.04712
0.04655
0.047325
0.04746
0.04758
0.04764
0.04722
0.04735
0.0481
0.048695
0.04975
0.050135
0.05078
0.050555
0.05079
0.05091
0.0519
0.05321
0.05338
0.05401
0.05365
0.053135
0.052205
0.05193
0.051275
0.051135
0.050805
0.051045
0.051585
0.05233
0.052705
0.05223
0.052165
0.051855
0.052755
0.053645
0.054425
0.05477
0.054975
0.05471
0.052945
0.053355
0.0541
0.053995
0.053445
0.053665
0.05359
0.053955
0.054535
0.054805
0.05471
0.05433
0.053875
0.053595
0.052865
0.05257
0.05202
0.05155
0.05098
0.05005
0.049295
0.048635
0.0476
0.047745
0.047415
0.04748
0.0474
0.047725
0.047995
0.048855
0.049365
0.04959
0.04944
0.04848
0.048525
0.04903
0.048575
0.048285
0.048505
0.048495
0.048095
0.048155
0.04827
0.04907
0.049265
0.04921
0.048665
0.048285
0.04841
0.04755
0.04629
0.046755
0.04723
0.047065
0.04703
0.047285
0.046845
0.046475
0.046265
0.04628
0.046575
0.04667
0.04642
0.045825
0.046435
0.046245
0.04615
0.046085
0.046135
0.04598
0.04547
0.04569
0.045955
0.046475
0.046815
0.046775
0.046925
0.046485
0.046595
0.046475
0.046125
0.046105
0.04576
0.04533
0.044885
0.044825
0.04491
0.04521
0.04524
0.0449
0.04466
0.044525
0.04518
0.04508
0.045025
0.04535
0.04525
0.04522
0.045015
0.04426
0.04448
0.04422
0.044265
0.045135
0.045395
0.04618
0.04635
0.04627
0.046605
0.046685
0.046585
0.046595
0.047365
0.047445
0.047435
0.047045
0.046495
0.045895
0.046765
0.04683
0.04748
0.048
0.048135
0.048095
0.04823
0.04843
0.04899
0.04886
0.04882
0.049295
0.04927
0.04936
0.049055
0.048635
0.048985
0.048865
0.049735
0.05047
0.05141
0.05225
0.05295
0.05343
0.054025
0.05346
0.051565
0.0504
0.050695
0.046295
0.04534
0.045635
0.04805
0.0494
0.05107
0.049845
0.048895
0.049635
0.04987
0.0499
0.05108
0.05013
0.049245
0.048865
0.051235
0.049525
0.047895
0.047865
0.04761
0.046385
0.046375
0.048115
0.04947
0.04836
0.049405
0.051005
0.05136
0.051625
0.04904
0.050185
0.04975
0.04874
0.047355
0.046515
0.045545
0.04549
0.0458
0.04612
0.04573
0.045195
0.04588
0.04571
0.04556
0.04682
0.04706
0.04679
0.04558
0.045165
0.045815
0.0461
0.04613
0.046815
0.047265
0.0468
0.046155
0.04548
0.045545
0.046025
0.04668
0.047415
0.047745
0.048135
0.04851
0.047745
0.048785
0.04847
0.048075
0.047815
0.048495
0.048995
0.049905
0.0509
0.052315
0.05263
0.05271
0.053415
0.05341
0.05348
0.053115
0.05327
0.05326
0.05265
0.05431
0.053875
0.053335
0.053265
0.0538
0.053735
0.05307
0.051195
0.05134
0.051205
0.051025
0.050555
0.04986
0.050145
0.050565
0.04972
0.04967
0.050055
0.050105
0.05036
0.05048
0.05035
0.050495
0.051195
0.050835
0.050555
0.050565
0.050785
0.051145
0.051535
0.050995
0.051475
0.05232
0.05222
0.0526
0.052455
0.052005
0.052015
0.051605
0.051715
0.05138
0.051055
0.051
0.051765
0.0515
0.051555
0.05232
0.05206
0.052215
0.05231
0.05214
0.05227
0.052635
0.052765
0.052515
0.052345
0.051835
0.051785
0.05246
0.053115
0.05371
0.053085
0.05291
0.052285
0.05147
0.049985
0.04956
0.049135
0.049555
0.04983
0.048925
0.04767
0.046985
0.04732
0.04781
0.046725
0.047
0.04647
0.04626
0.046345
0.045615
0.04659
0.04713
0.046505
0.046305
0.04614
0.046825
0.047745
0.048545
0.049025
0.049345
0.049715
0.04964
0.049385
0.049155
0.049685
0.05021
0.04956
0.049125
0.04888
0.04803
0.047485
0.047155
0.047385
0.046185
0.045635
0.045675
0.045575
0.04598
0.04596
0.04627
0.047035
0.048015
0.048255
0.048245
0.047615
0.048285
0.04867
0.048495
0.048145
0.047725
0.047945
0.048125
0.048015
0.047975
0.048365
0.048435
0.048455
0.04805
0.04769
0.047845
0.04773
0.04812
0.048105
0.048235
0.048565
0.048135
0.047665
0.04826
0.04892
0.049515
0.04985
0.050035
0.050075
0.050515
0.051435
0.051805
0.05238
0.05345
0.05321
0.05339
0.05351
0.05385
0.05357
0.05335
0.05301
0.053635
0.053615
0.053185
0.05205
0.050665
0.04997
0.049125
0.049835
0.051015
0.05172
0.052305
0.051705
0.051475
0.051225
0.0503
0.049135
0.048495
0.04823
0.0484
0.048695
0.047835
0.047215
0.04775
0.048255
0.047855
0.048105
0.0475
0.047755
0.047685
0.04694
0.046785
0.04735
0.04725
0.04675
0.046335
0.0466
0.046265
0.045355
0.045365
0.045885
0.04538
0.04523
0.045165
0.045225
0.045395
0.0457
0.04598
0.046105
0.045905
0.04566
0.04547
0.045405
0.04557
0.046
0.046055
0.046355
0.04617
0.045585
0.04517
0.045195
0.044985
0.044945
0.04512
0.04537
0.04511
0.044875
0.04556
0.04594
0.04603
0.04652
0.04676
0.04642
0.04592
0.046095
0.04628
0.04618
0.04588
0.0462
0.04628
0.046745
0.046955
0.046275
0.045145
0.043715
0.043595
0.04371
0.04372
0.044745
0.04517
0.04527
0.04483
0.044395
0.04377
0.043425
0.043215
0.043235
0.043255
0.044185
0.04455
0.044705
0.04504
0.04408
0.04316
0.042585
0.042735
0.04206
0.042275
0.042495
0.04203
0.041755
0.04129
0.041035
0.040695
0.04098
0.04058
0.03988
0.03952
0.03964
0.039285
0.03825
0.03799
0.038805
0.038585
0.038765
0.038675
0.03901
0.039495
0.03944
0.03924
0.03936
0.03943
0.039355
0.03945
0.040005
0.03995
0.03858
0.038885
0.03901
0.039155
0.03883
0.03855
0.03818
0.038205
0.03768
0.036615
0.03766
0.0393
0.03965
0.03941
0.039625
0.04024
0.04034
0.039975
0.040125
0.039985
0.03962
0.03901
0.03842
0.037595
0.037085
0.03715
0.03756
0.03723
0.037425
0.04036
0.041235
0.041115
0.04096
0.040435
0.040265
0.0419
0.04224
0.041175
0.04056
0.04033
0.03937
0.039
0.03949
0.041055
0.04307
0.04377
0.04373
0.042325
0.04027
0.039235
0.038975
0.03854
0.03875
0.03911
0.039425
0.039315
0.038445
0.03804
0.03756
0.037645
0.038715
0.039165
0.039425
0.04004
0.04096
0.04181
0.042085
0.04236
0.04255
0.0429
0.043
0.04192
0.04114
0.040905
0.040845
0.041125
0.04175
0.041735
0.042645
0.04353
0.04359
0.04303
0.04253
0.04343
0.04371
0.043115
0.042645
0.042955
0.04367
0.04403
0.04339
0.043
0.042235
0.04162
0.04113
0.04132
0.04022
0.04
0.03972
0.0397
0.03981
0.03981
0.040195
0.04006
0.03978
