RUB->GBP
0.030305
0.02827
0.027245
0.028545
0.028125
0.026175
0.02649
0.026095
0.0263
0.02631
0.02656
0.026585
0.027035
0.026635
0.02624
0.025645
0.023555
0.02411
0.02393
0.02417
0.024805
0.025115
0.025305
0.024505
0.02506
0.02537
0.025145
0.02528
0.02563
0.02587
0.025905
0.026215
0.02625
0.026015
0.02561
0.0255
0.025075
0.025035
0.025325
0.024335
0.023905
0.024235
0.024075
0.023865
0.023445
0.023325
0.023295
0.02343
0.023285
0.023495
0.023345
0.023425
0.0235
0.022915
0.023155
0.023075
0.02256
0.022235
0.02135
0.021265
0.021425
0.021735
0.021685
0.021685
0.02172
0.022085
0.02219
0.022305
0.02224
0.02202
0.02198
0.022065
0.022095
0.02242
0.02281
0.02323
0.02367
0.02379
0.023505
0.02329
0.023345
0.02351
0.02355
0.023595
0.023815
0.023955
0.023865
0.024005
0.024015
0.024075
0.0244
0.024645
0.025035
0.025655
0.02509
0.02459
0.024645
0.024615
0.024715
0.024775
0.024765
0.02517
0.025215
0.025495
0.025095
0.024745
0.024415
0.024235
0.023635
0.023425
0.023715
0.024
0.024085
0.023965
0.024095
0.024035
0.02401
0.023915
0.023765
0.024185
0.024395
0.024375
0.024185
0.024115
0.024055
0.024045
0.024055
0.024245
0.024015
0.024145
0.024175
0.024605
0.024655
0.024385
0.024275
0.0243
0.024325
0.024075
0.02398
0.023835
0.023975
0.023675
0.02355
0.023415
0.02332
0.023085
0.023215
0.023075
0.022975
0.02332
0.02348
0.02362
0.02307
0.02306
0.0234
0.023725
0.02355
0.023455
0.023065
0.02296
0.02276
0.02263
0.0227
0.022735
0.02301
0.02303
0.02297
0.02266
0.02262
0.022735
0.02263
0.02263
0.0225
0.0225
0.022325
0.02228
0.02219
0.02205
0.02185
0.021875
0.02195
0.021925
0.021875
0.021815
0.021605
0.021305
0.02084
0.020765
0.02043
0.020125
0.020185
0.02023
0.020625
0.020605
0.020765
0.020535
0.020265
0.02032
0.020375
0.02026
0.02012
0.0202
0.02035
0.020345
0.020145
0.01993
0.01984
0.019885
0.020195
0.019975
0.01983
0.01961
0.01966
0.019495
0.01952
0.01953
0.01935
0.019095
0.019175
0.019525
0.019965
0.020065
0.019845
0.019935
0.02034
0.020265
0.020365
0.02042
0.02039
0.02028
0.02008
0.020035
0.01997
0.01985
0.01987
0.01981
0.01969
0.01969
0.01985
0.01982
0.02011
0.02057
0.02047
0.020415
0.020465
0.02058
0.02086
0.02085
0.020665
0.020425
0.020195
0.019805
0.01966
0.01986
0.01985
0.019795
0.01968
0.02003
0.019965
0.019725
0.01964
0.01952
0.01947
0.01937
0.019285
0.019135
0.018755
0.019015
0.019165
0.019295
0.01907
0.01868
0.018675
0.018745
0.018995
0.01931
0.019225
0.019235
0.019145
0.019115
0.019355
0.019455
0.019405
0.019315
0.01952
0.019385
0.018915
0.018735
0.018835
0.018805
0.01889
0.018865
0.01858
0.018435
0.018655
0.018845
0.018695
0.018625
0.018745
0.019065
0.01915
0.01914
0.019115
0.019035
0.018975
0.019155
0.019065
0.01893
0.01893
0.018845
0.01882
0.01886
0.01872
0.01853
0.01853
0.01848
0.01865
0.01873
0.019155
0.019095
0.019005
0.01892
0.018975
0.019085
0.01889
0.018825
0.01881
0.018875
0.018945
0.01927
0.019115
0.019085
0.01899
0.018845
0.01888
0.018975
0.01922
0.01949
0.019535
0.019455
0.019325
0.019245
0.019175
0.019495
0.019875
0.019835
0.02002
0.019925
0.01977
0.019565
0.019455
0.019495
0.019335
0.019245
0.019435
0.019655
0.019845
0.019875
0.019895
0.01981
0.019775
0.019855
0.019905
0.020115
0.020205
0.02009
0.019865
0.019725
0.019845
0.020115
0.019945
0.019835
0.020025
0.020075
0.020045
0.020285
0.020385
0.02032
0.020395
0.020545
0.020595
0.020625
0.0206
0.020735
0.020635
0.020445
0.020305
0.019965
0.019755
0.01964
0.019775
0.019825
0.02003
0.020055
0.020165
0.020245
0.020185
0.02017
0.020145
0.020055
0.019825
0.019685
0.01979
0.019775
0.019665
0.019865
0.019885
0.01978
0.019825
0.019855
0.019965
0.019845
0.019775
0.01965
0.019665
0.01979
0.019695
0.019415
0.019385
0.01939
0.019375
0.019375
0.01946
0.01938
0.019135
0.01914
0.019205
0.019315
0.019505
0.019505
0.01955
0.019755
0.019785
0.019615
0.019565
0.019535
0.019545
0.019405
0.019455
0.019485
0.019505
0.019595
0.019505
0.019495
0.019485
0.019495
0.019365
0.01936
0.019335
0.019315
0.019195
0.019175
0.01925
0.019375
0.019545
0.019435
0.019355
0.019305
0.019475
0.019785
0.019765
0.019645
0.019675
0.019675
0.019675
0.01952
0.019485
0.01981
0.019925
0.019865
0.020015
0.020035
0.020225
0.020435
0.020615
0.020875
0.02088
0.020685
0.020645
0.02072
0.020725
0.020845
0.020885
0.02091
0.020875
0.021195
0.021245
0.021335
0.021545
0.021515
0.021435
0.02131
0.02146
0.02155
0.021475
0.02137
0.021505
0.02156
0.02153
0.021475
0.021445
0.021595
0.021565
0.0215
0.02154
0.021635
0.02176
0.021995
0.02218
0.022345
0.022045
0.02172
0.021615
0.021805
0.02214
0.021985
0.022735
0.02308
0.02343
0.02419
0.02439
0.023685
0.024075
0.02418
0.02376
0.023785
0.02336
0.02275
0.02126
0.021735
0.020405
0.019025
0.019685
0.019495
0.01942
0.019705
0.02054
0.02065
0.02058
0.02044
0.02027
0.020135
0.020325
0.0204
0.020295
0.020475
0.020265
0.02009
0.020005
0.019735
0.01957
0.019465
0.019505
0.01926
0.01913
0.01956
0.019335
0.01896
0.01895
0.019045
0.019425
0.019295
0.01949
0.019955
0.020565
0.020845
0.021115
0.021085
0.020935
0.0209
0.020785
0.02084
0.020825
0.02079
0.020635
0.020295
0.020255
0.020865
0.020695
0.020795
0.02089
0.02072
0.020485
0.020905
0.02109
0.021345
0.021755
0.022255
0.02247
0.02256
0.02263
0.02245
0.02236
0.022355
0.02232
0.022365
0.02219
0.02249
0.02246
0.022365
0.022
0.02175
0.021695
0.02162
0.021285
0.02134
0.02146
0.02145
0.021195
0.02107
0.021005
0.02103
0.021
0.021115
0.021055
0.020775
0.020595
0.020735
0.020965
0.02081
0.020815
0.020545
0.020195
0.020205
0.020105
0.020275
0.020405
0.02042
0.020775
0.02113
0.021215
0.02101
0.02102
0.02096
0.02114
0.02104
0.021245
0.021195
0.02128
0.02164
0.021795
0.02166
0.021825
0.02194
0.021775
0.021785
0.02167
0.021795
0.022045
0.021985
0.021965
0.021695
0.02181
0.02199
0.021975
0.02214
0.02229
0.022305
0.02214
0.022105
0.022135
0.02186
0.021005
0.021025
0.021085
0.021215
0.021075
0.020815
0.02029
0.02
0.019945
0.020375
0.020315
0.020625
0.020495
0.020505
0.020545
0.0205
0.02063
0.02041
0.020225
0.020295
0.020265
0.020165
0.020445
0.020575
0.02093
0.020955
0.021125
0.021135
0.02143
0.02157
0.02155
0.02161
0.021535
0.021425
0.02134
0.021245
0.02115
0.021035
0.02095
0.020585
0.020335
0.020105
0.019595
0.019755
0.019715
0.019465
0.01947
0.0197
0.019675
0.019835
0.019755
0.019865
0.02015
0.01995
0.019895
0.01962
0.019585
0.019915
0.019865
0.01982
0.01995
0.02004
0.020155
0.019895
0.019805
0.01988
0.019875
0.02007
0.020155
0.02016
0.020205
0.020025
0.0203
0.02038
0.02052
0.020665
0.020975
0.021175
0.02112
0.021335
0.02159
0.021625
0.02166
0.021705
0.02137
0.021265
0.020885
0.020985
0.02075
0.02072
0.020665
0.02072
0.020895
0.021095
0.02085
0.02019
0.01992
0.01985
0.01989
0.02
0.020265
0.02029
0.02
0.019895
0.019685
0.0195
0.019395
0.019415
0.019215
0.019325
0.01955
0.01937
0.019235
0.01937
0.019415
0.019445
0.01941
0.01919
0.019065
0.01889
0.01856
0.018505
0.01864
0.018585
0.018655
0.018385
0.018355
0.01824
0.01775
0.017325
0.01751
0.01724
0.01689
0.016695
0.016495
0.01645
0.016645
0.016875
0.017045
0.016795
0.016645
0.01661
0.016585
0.016755
0.017065
0.017295
0.01724
0.017145
0.01725
0.01704
0.01737
0.01703
0.017075
0.016805
0.01676
0.016605
0.016455
0.01658
0.016655
0.0165
0.016415
0.01649
0.015985
0.01583
0.015605
0.01551
0.015305
0.01499
0.01456
0.01386
0.013605
0.01376
0.013365
0.012125
0.011495
0.009975
0.01187
0.011045
0.0107
0.0102
0.01027
0.00966
0.00981
0.01006
0.010475
0.01045
0.01073
0.010875
0.011145
0.01162
0.01176
0.012595
0.013135
0.01283
0.0127
0.01286
0.01276
0.012935
0.0126
0.01192
0.01173
0.01173
0.01165
0.01148
0.01138
0.01129
0.01116
0.01064
0.01012
0.00995
0.00949
0.00953
0.009765
0.009555
0.009725
0.00991
0.01001
0.01045
0.0105
0.01042
0.01018
0.010245
0.010035
0.010125
0.01005
0.009875
0.009575
0.009465
0.009495
0.00927
0.009475
0.009145
0.00879
0.009125
0.008935
0.008765
0.009045
0.009395
0.009675
0.0099
0.010065
0.010335
0.01032
0.010415
0.010625
0.010515
0.010505
0.010455
0.010585
0.010455
0.010345
0.010395
0.010695
0.010745
0.01087
0.01169
0.011975
0.011935
0.011875
0.01149
0.011485
0.011905
0.012
0.01174
0.011615
0.011625
0.01168
0.011965
0.01215
0.0127
0.01302
0.01306
0.013085
0.012675
0.01237
0.01237
0.01246
0.01236
0.01252
0.01294
0.013235
0.01337
0.01349
0.013735
0.01367
0.01336
0.013385
0.01362
0.01388
0.01381
0.013905
0.01398
0.01398
0.014
0.014135
0.0142
0.01413
0.013935
0.01371
0.01342
0.01345
0.01355
0.0137
0.01374
0.0137
0.01366
0.01326
0.0131
0.01291
0.01289
0.012985
0.01281
0.01266
0.01283
0.013055
0.0132
0.0133
0.01332
0.01298
0.01279
0.0129
0.01311
0.0131
0.0132
0.01314
0.013
0.012865
0.01275
0.01282
0.01271
0.012645
