SAR->GBP
0.160845
0.159395
0.158455
0.15916
0.160785
0.16192
0.161665
0.161115
0.161705
0.16323
0.16347
0.16369
0.166185
0.16576
0.16405
0.163835
0.163905
0.16588
0.16626
0.165205
0.16531
0.16538
0.163735
0.16466
0.165735
0.166565
0.16582
0.16572
0.16723
0.16826
0.16898
0.171375
0.170695
0.168825
0.165705
0.16525
0.165775
0.16564
0.16776
0.16604
0.164795
0.16492
0.162755
0.161565
0.16131
0.160385
0.16028
0.16276
0.163335
0.16468
0.164515
0.165505
0.166485
0.164215
0.165675
0.165225
0.16494
0.1626
0.16253
0.16207
0.16326
0.1665
0.166405
0.16656
0.16663
0.168635
0.16896
0.16921
0.16828
0.167495
0.16819
0.168
0.168775
0.170225
0.17278
0.175465
0.17879
0.17955
0.17756
0.17597
0.1764
0.176845
0.17634
0.176315
0.177075
0.176805
0.176555
0.177835
0.1774
0.178145
0.18035
0.182475
0.18596
0.19007
0.186145
0.182155
0.183105
0.183075
0.18398
0.184145
0.18392
0.18662
0.186815
0.189525
0.186545
0.184445
0.181965
0.18083
0.178885
0.177825
0.179345
0.181475
0.18232
0.181725
0.18357
0.18382
0.18395
0.182985
0.18172
0.184895
0.18685
0.187005
0.1861
0.185455
0.18538
0.18535
0.18571
0.187315
0.18621
0.187365
0.187675
0.19141
0.191445
0.18933
0.18852
0.189175
0.189505
0.187875
0.18721
0.186535
0.187525
0.185295
0.184425
0.18362
0.18309
0.181365
0.182305
0.181105
0.180315
0.183285
0.185015
0.18632
0.18285
0.18292
0.185695
0.188765
0.187565
0.18681
0.18441
0.184205
0.183965
0.184205
0.18478
0.185275
0.187785
0.188565
0.18835
0.18648
0.18646
0.187855
0.18732
0.187675
0.18701
0.18703
0.185825
0.185495
0.18457
0.183385
0.182055
0.18223
0.183015
0.182925
0.18277
0.18259
0.181055
0.17858
0.17505
0.17462
0.17193
0.169325
0.169785
0.17012
0.173755
0.173515
0.17491
0.17302
0.170945
0.17152
0.17201
0.171115
0.17014
0.17071
0.171985
0.17221
0.170725
0.169105
0.168445
0.168815
0.171445
0.169715
0.16849
0.16663
0.16673
0.16596
0.16582
0.16577
0.164155
0.162035
0.16276
0.164895
0.167935
0.168975
0.167065
0.167025
0.17029
0.169565
0.16994
0.170315
0.169585
0.168205
0.166595
0.166135
0.16483
0.16301
0.162615
0.16178
0.160225
0.159405
0.160695
0.160145
0.162985
0.16706
0.16549
0.16505
0.165685
0.166485
0.168515
0.16936
0.168785
0.167115
0.164795
0.160945
0.159905
0.160135
0.15935
0.157945
0.157175
0.159255
0.15875
0.15673
0.15575
0.154435
0.15293
0.151265
0.15062
0.14932
0.145535
0.14623
0.14635
0.14663
0.145135
0.14178
0.141905
0.14256
0.144745
0.14699
0.146245
0.146145
0.145505
0.14546
0.147785
0.149855
0.149805
0.149135
0.15116
0.14982
0.146315
0.145095
0.14581
0.145545
0.14618
0.14609
0.14406
0.143065
0.14468
0.14621
0.145525
0.145295
0.146055
0.14857
0.14924
0.149115
0.14889
0.14829
0.147825
0.149245
0.148245
0.146605
0.145225
0.14432
0.14387
0.143765
0.14165
0.13835
0.138415
0.137705
0.13846
0.13864
0.141905
0.142075
0.142415
0.141635
0.141825
0.14309
0.14089
0.13946
0.138945
0.138645
0.1389
0.14214
0.14193
0.141795
0.141025
0.13933
0.139795
0.140695
0.142985
0.14556
0.14605
0.1469
0.146515
0.146415
0.14626
0.14882
0.15265
0.151615
0.153005
0.15224
0.15012
0.147905
0.14802
0.148025
0.146435
0.14495
0.14702
0.148995
0.15086
0.151215
0.15148
0.15113
0.150155
0.15131
0.153
0.15474
0.155075
0.154685
0.153125
0.150875
0.15219
0.15431
0.15265
0.15076
0.15102
0.14992
0.150635
0.1527
0.153325
0.152755
0.15236
0.15354
0.15268
0.152795
0.15314
0.15277
0.152435
0.149925
0.14805
0.14457
0.14224
0.14159
0.14257
0.14238
0.14378
0.14447
0.14552
0.14568
0.14457
0.144865
0.14473
0.143705
0.141415
0.140415
0.14122
0.14114
0.14024
0.14165
0.142085
0.14095
0.141485
0.14195
0.14343
0.14243
0.141555
0.14009
0.139855
0.14067
0.139265
0.136075
0.135615
0.136125
0.13603
0.1361
0.136875
0.13708
0.135385
0.135405
0.13576
0.136085
0.136655
0.136285
0.136345
0.138185
0.137735
0.136175
0.135705
0.13527
0.134845
0.13327
0.133385
0.133765
0.134165
0.134805
0.134645
0.134595
0.134545
0.135175
0.133865
0.133155
0.132435
0.131505
0.130135
0.130415
0.13113
0.131515
0.133855
0.133435
0.132415
0.131905
0.131925
0.13291
0.131875
0.131095
0.131445
0.131
0.130575
0.12879
0.127725
0.12996
0.13051
0.130475
0.131115
0.131425
0.13331
0.133995
0.13456
0.135795
0.13599
0.13566
0.1347
0.13633
0.136075
0.13623
0.134645
0.133455
0.132085
0.133865
0.133555
0.13411
0.135005
0.134435
0.134305
0.13477
0.13598
0.13662
0.1353
0.13474
0.135785
0.13638
0.135655
0.134655
0.134135
0.13466
0.133465
0.133755
0.134635
0.13723
0.1417
0.1432
0.145385
0.15003
0.150505
0.147215
0.14418
0.14923
0.15398
0.153655
0.16301
0.166485
0.168365
0.176515
0.17868
0.174345
0.17998
0.179255
0.175765
0.181115
0.18301
0.1779
0.181005
0.19081
0.18721
0.183415
0.18402
0.186335
0.18554
0.188945
0.191745
0.186875
0.18407
0.18325
0.18132
0.179635
0.18224
0.180485
0.17672
0.175575
0.17025
0.166385
0.16435
0.163355
0.162555
0.162125
0.16233
0.16462
0.163315
0.16207
0.161185
0.15851
0.16122
0.16181
0.163445
0.163545
0.160985
0.162295
0.16517
0.16728
0.16742
0.165545
0.162425
0.162455
0.161425
0.15997
0.16007
0.161135
0.1612
0.163525
0.164405
0.16662
0.16596
0.166405
0.164345
0.164325
0.165525
0.168555
0.170325
0.171095
0.173875
0.177055
0.176735
0.17621
0.17851
0.17578
0.17431
0.17308
0.17357
0.174235
0.178035
0.181155
0.18496
0.1846
0.183205
0.183425
0.18031
0.178575
0.17654
0.17629
0.17499
0.17409
0.17085
0.16763
0.169915
0.17117
0.172015
0.172745
0.173195
0.171315
0.16985
0.16862
0.167685
0.16723
0.16929
0.167745
0.1653
0.16556
0.16677
0.169195
0.170425
0.169025
0.17037
0.17251
0.17211
0.17175
0.169495
0.1671
0.167815
0.16564
0.16599
0.165095
0.164955
0.163945
0.16521
0.165215
0.164775
0.16607
0.1636
0.163395
0.162375
0.16054
0.161815
0.163615
0.164465
0.163335
0.162385
0.163225
0.164235
0.16595
0.166355
0.166265
0.1661
0.164565
0.162895
0.163085
0.163875
0.162135
0.16256
0.163915
0.16688
0.16877
0.17151
0.17106
0.17214
0.16958
0.168475
0.166185
0.16654
0.16644
0.168475
0.17154
0.17082
0.170365
0.17161
0.17078
0.171505
0.171885
0.17345
0.17264
0.17037
0.16893
0.16873
0.169105
0.168695
0.167925
0.169275
0.16949
0.168125
0.167105
0.167605
0.16786
0.1665
0.164745
0.164675
0.165425
0.167565
0.16966
0.17206
0.172645
0.17102
0.17039
0.17069
0.17113
0.17181
0.17052
0.17073
0.17059
0.17044
0.16991
0.16878
0.16846
0.16734
0.165385
0.16428
0.16467
0.165235
0.16618
0.165965
0.166065
0.165945
0.1671
0.167985
0.167075
0.166455
0.165955
0.165375
0.16444
0.165165
0.16502
0.1657
0.16682
0.168525
0.1693
0.16947
0.17116
0.17424
0.17646
0.177545
0.177685
0.17589
0.175635
0.175145
0.17389
0.174525
0.173575
0.171545
0.172445
0.175005
0.176195
0.176005
0.172725
0.170365
0.171605
0.174175
0.17683
0.177465
0.175505
0.1736
0.17474
0.172645
0.171465
0.170785
0.171765
0.17094
0.16886
0.16676
0.165935
0.165325
0.16668
0.165925
0.164855
0.166385
0.16637
0.1663
0.16501
0.163695
0.16293
0.162995
0.16326
0.16244
0.16176
0.16216
0.162525
0.161565
0.161515
0.163035
0.160705
0.159935
0.159735
0.159555
0.160215
0.16111
0.16085
0.160505
0.159505
0.158995
0.158685
0.158195
0.15774
0.158515
0.15829
0.158965
0.158955
0.15807
0.156855
0.15669
0.155585
0.15569
0.155875
0.156645
0.157805
0.158505
0.159405
0.160445
0.160785
0.16228
0.164585
0.16364
0.16342
0.16537
0.16579
0.166185
0.165655
0.16609
0.167395
0.169015
0.170185
0.16981
0.170295
0.16989
0.17014
0.171165
0.17207
0.17568
0.17562
0.176565
0.176275
0.175385
0.17404
0.17311
0.172605
0.17511
0.178705
0.179635
0.179055
0.179455
0.180435
0.179695
0.177215
0.17481
0.174385
0.17004
0.17127
0.17366
0.17439
0.172505
0.169145
0.1692
0.17051
0.172255
0.171035
0.17147
0.170945
0.17149
0.17089
0.17015
0.171665
0.174595
0.173415
0.172175
0.17428
0.17579
0.17454
0.1732
0.173145
0.173685
0.17457
0.17564
0.175195
0.17658
0.17688
0.17607
0.177715
0.17888
0.180025
0.18222
0.185215
0.187235
0.186775
0.18425
0.184115
0.18551
0.190665
0.18944
0.18677
0.185785
0.187785
0.1867
0.18852
0.18776
0.18584
0.18302
0.183705
0.18505
0.18385
0.18246
0.183715
0.185015
0.18725
0.18676
0.20015
0.204655
0.202275
0.20253
0.202415
0.202255
0.2054
0.204555
0.20257
0.202035
0.200205
0.202505
0.204995
0.205265
0.21113
0.217755
0.217825
0.218605
0.21554
0.213335
0.21464
0.214235
0.212005
0.21104
0.212375
0.21606
0.216865
0.21658
0.21886
0.217165
0.212645
0.212685
0.2135
0.213995
0.213825
0.216195
0.218755
0.216975
0.214035
0.21317
0.21433
0.213475
0.20915
0.207055
0.20616
0.20645
0.20558
0.20652
0.20729
0.207645
0.209145
0.20991
0.20655
0.206295
0.20564
0.204835
0.203785
0.20301
0.205015
0.206785
0.207445
0.20618
0.2038
0.19929
0.19719
0.198625
0.20245
0.20155
0.201995
0.202555
0.20273
0.20271
0.20239
0.20064
0.19864
0.19846
