KRW->GBP
0.00049
0.00049
0.00049
0.000495
0.0005
0.00052
0.00051
0.000515
0.00052
0.00052
0.00052
0.000515
0.00051
0.0005
0.0005
0.0005
0.0005
0.00051
0.00051
0.00051
0.00052
0.00052
0.00051
0.00051
0.00052
0.00053
0.00052
0.00053
0.00054
0.00055
0.00055
0.00055
0.00054
0.00053
0.00052
0.00052
0.00052
0.00052
0.00053
0.00052
0.00052
0.00052
0.000505
0.0005
0.0005
0.0005
0.0005
0.00051
0.00052
0.00053
0.00052
0.00053
0.00054
0.00054
0.00055
0.00055
0.00054
0.00054
0.00054
0.00054
0.000545
0.00055
0.00056
0.00055
0.00055
0.00056
0.00057
0.00057
0.00057
0.00057
0.00057
0.00057
0.00057
0.00058
0.00058
0.00059
0.0006
0.00059
0.00059
0.00059
0.00059
0.00059
0.00059
0.00059
0.0006
0.0006
0.00059
0.0006
0.0006
0.0006
0.00061
0.00062
0.00063
0.00064
0.00062
0.00061
0.000615
0.00061
0.00061
0.00061
0.00061
0.00062
0.000615
0.0006
0.00058
0.00058
0.00057
0.00055
0.00053
0.00053
0.00053
0.00053
0.000535
0.00054
0.000545
0.00055
0.000555
0.000545
0.00054
0.00054
0.00054
0.00053
0.00052
0.00052
0.00053
0.00053
0.000535
0.00054
0.00054
0.00054
0.00055
0.00056
0.00056
0.000545
0.00054
0.00055
0.000545
0.00054
0.00054
0.000545
0.00055
0.000545
0.00054
0.00054
0.000535
0.000525
0.00053
0.00052
0.000515
0.00053
0.00053
0.00054
0.00053
0.00053
0.000545
0.00055
0.00056
0.00055
0.000545
0.00054
0.000525
0.00053
0.00053
0.00053
0.00053
0.00054
0.00054
0.000535
0.00053
0.000535
0.000535
0.000535
0.00053
0.00053
0.000525
0.000525
0.00053
0.00053
0.00053
0.00053
0.00054
0.00055
0.00056
0.00056
0.00056
0.00055
0.00055
0.000545
0.00055
0.00054
0.000545
0.00054
0.00054
0.00055
0.00055
0.00054
0.00054
0.00054
0.000535
0.000525
0.00052
0.00051
0.00052
0.000525
0.00052
0.00052
0.00053
0.000525
0.000535
0.00052
0.00052
0.00052
0.00052
0.00052
0.00053
0.00053
0.00053
0.00052
0.00052
0.00052
0.00053
0.00053
0.00052
0.000505
0.00051
0.00051
0.00051
0.00052
0.000525
0.000515
0.000515
0.00052
0.000515
0.00051
0.00051
0.000505
0.000505
0.000505
0.00051
0.00051
0.000515
0.00053
0.00053
0.000525
0.000525
0.00053
0.00054
0.00054
0.00054
0.000535
0.00053
0.000525
0.00052
0.000525
0.00051
0.0005
0.0005
0.000505
0.00051
0.000495
0.00049
0.00049
0.000485
0.00048
0.00047
0.00047
0.00046
0.000465
0.000465
0.000465
0.000465
0.00046
0.000455
0.000455
0.00046
0.00047
0.00047
0.00047
0.00047
0.000475
0.00048
0.000485
0.000485
0.000475
0.00048
0.00048
0.00047
0.00047
0.00047
0.00047
0.00048
0.000475
0.00047
0.00046
0.00047
0.00047
0.00047
0.00047
0.00047
0.00048
0.00049
0.00049
0.00049
0.000485
0.00048
0.00049
0.000485
0.000485
0.000485
0.00049
0.000485
0.000505
0.000505
0.000495
0.00049
0.00049
0.00049
0.0005
0.000505
0.00051
0.00052
0.00052
0.00052
0.00052
0.000515
0.00052
0.00052
0.00052
0.00052
0.00053
0.00052
0.000525
0.00052
0.00052
0.000525
0.00053
0.000535
0.00054
0.00055
0.00055
0.00055
0.00054
0.00054
0.00054
0.00054
0.00055
0.00056
0.00056
0.00055
0.00055
0.00054
0.00054
0.00053
0.00053
0.000535
0.00054
0.000545
0.00055
0.000545
0.00054
0.00054
0.00054
0.00055
0.000565
0.00056
0.00056
0.000555
0.000555
0.00056
0.00057
0.000575
0.00058
0.000575
0.000575
0.00058
0.00059
0.00059
0.00059
0.00059
0.00059
0.00059
0.00059
0.00059
0.0006
0.0006
0.00059
0.00059
0.000575
0.00057
0.000565
0.00056
0.000565
0.00057
0.000565
0.00057
0.000575
0.00057
0.000575
0.00057
0.000565
0.00055
0.000545
0.00055
0.00055
0.00055
0.000555
0.000555
0.00056
0.00056
0.00056
0.00056
0.00056
0.00056
0.00056
0.00056
0.000565
0.00056
0.00055
0.00055
0.00055
0.00055
0.00055
0.00055
0.00055
0.00054
0.00054
0.00054
0.000545
0.00055
0.000545
0.00054
0.00055
0.000545
0.000545
0.00054
0.00054
0.000545
0.00054
0.00054
0.00054
0.000545
0.000545
0.00054
0.00054
0.00054
0.000545
0.00054
0.00054
0.00054
0.00054
0.000535
0.000535
0.000535
0.00053
0.000535
0.00053
0.00053
0.00053
0.00053
0.00054
0.00054
0.000535
0.000535
0.00053
0.000535
0.00053
0.00053
0.00053
0.00052
0.00052
0.00053
0.00053
0.00053
0.00054
0.000535
0.00054
0.00054
0.00054
0.00053
0.00054
0.00054
0.00054
0.00054
0.00053
0.000505
0.0005
0.000505
0.000515
0.00052
0.000505
0.00051
0.0005
0.00049
0.00049
0.00049
0.00049
0.0005
0.00049
0.00049
0.00049
0.00048
0.0005
0.000495
0.0005
0.0005
0.000505
0.00051
0.00051
0.0005
0.0005
0.00051
0.00049
0.00047
0.00046
0.000435
0.00045
0.00044
0.000465
0.00049
0.00048
0.000455
0.00044
0.00046
0.00048
0.0005
0.00051
0.00053
0.0005
0.0005
0.00052
0.00051
0.0005
0.00049
0.00047
0.00046
0.000455
0.00048
0.0005
0.00051
0.00051
0.00051
0.0005
0.00051
0.000515
0.00053
0.00053
0.00051
0.0005
0.000495
0.00049
0.00048
0.00047
0.00048
0.00048
0.00048
0.000485
0.00049
0.00049
0.00049
0.000485
0.00049
0.00049
0.00049
0.000505
0.00052
0.00053
0.00054
0.000535
0.000515
0.000515
0.000515
0.00052
0.00052
0.00052
0.00052
0.000525
0.00053
0.000535
0.000535
0.00055
0.00055
0.00054
0.000535
0.00054
0.00055
0.00056
0.000565
0.00058
0.00059
0.00058
0.00059
0.000585
0.00058
0.000585
0.00059
0.00059
0.000585
0.0006
0.00059
0.00057
0.00057
0.00055
0.000555
0.00056
0.000545
0.00055
0.000545
0.00054
0.00054
0.00054
0.00054
0.000545
0.00054
0.00055
0.000555
0.000555
0.00055
0.00056
0.00056
0.00056
0.00056
0.00056
0.00056
0.000555
0.00055
0.00055
0.00056
0.00056
0.000555
0.000565
0.00057
0.00057
0.00057
0.00056
0.00056
0.00056
0.00056
0.000555
0.00055
0.00055
0.00055
0.00055
0.00055
0.00057
0.00057
0.00056
0.00056
0.00056
0.00056
0.000565
0.00057
0.00056
0.000565
0.000565
0.00057
0.000575
0.00058
0.00059
0.00059
0.000585
0.00058
0.00058
0.00057
0.000565
0.00056
0.000575
0.00058
0.000575
0.00056
0.00054
0.000545
0.00055
0.00055
0.00056
0.00056
0.000555
0.00056
0.00056
0.000565
0.00056
0.00056
0.00055
0.00056
0.00056
0.00056
0.00057
0.00057
0.000565
0.000565
0.00056
0.00056
0.00056
0.00057
0.000565
0.00056
0.00055
0.00056
0.000555
0.00055
0.00054
0.000545
0.00054
0.00054
0.00054
0.000545
0.00055
0.00055
0.000555
0.000555
0.000565
0.000565
0.00056
0.00056
0.000565
0.000565
0.00056
0.00056
0.00056
0.000555
0.00055
0.00055
0.000555
0.00056
0.00056
0.00056
0.000565
0.00057
0.000575
0.00058
0.000575
0.000575
0.000575
0.000575
0.000575
0.00058
0.000585
0.000585
0.000595
0.00059
0.000585
0.00058
0.00059
0.000605
0.00061
0.00061
0.000605
0.00059
0.000595
0.000585
0.000575
0.000585
0.000585
0.000585
0.00059
0.00059
0.00059
0.000585
0.000575
0.000565
0.00056
0.00057
0.00058
0.00059
0.00059
0.000585
0.000585
0.00058
0.00058
0.00057
0.00058
0.000585
0.000585
0.00058
0.00058
0.000575
0.000585
0.000585
0.00058
0.00059
0.000585
0.000585
0.000585
0.00058
0.00058
0.00058
0.00058
0.000575
0.000575
0.00057
0.000575
0.000565
0.00056
0.00057
0.000565
0.00056
0.00056
0.00056
0.00056
0.00056
0.00056
0.00057
0.000575
0.00057
0.00057
0.000575
0.00058
0.00058
0.00058
0.00058
0.00058
0.00058
0.00058
0.00058
0.00058
0.000575
0.00057
0.00057
0.000575
0.000575
0.00058
0.00059
0.000595
0.000595
0.000595
0.000585
0.000585
0.000585
0.00058
0.000585
0.00059
0.000585
0.000575
0.00058
0.00058
0.000575
0.00057
0.00058
0.00058
0.00058
0.00059
0.0006
0.00061
0.00061
0.00061
0.0006
0.00059
0.00059
0.00059
0.000595
0.00059
0.0006
0.00061
0.000615
0.00062
0.00062
0.000615
0.00061
0.0006
0.000585
0.00059
0.00059
0.00059
0.00058
0.00057
0.00057
0.00057
0.00057
0.00056
0.00055
0.00055
0.00055
0.000545
0.00054
0.00054
0.00055
0.00055
0.00055
0.00055
0.00056
0.00057
0.00057
0.00057
0.00057
0.00057
0.00057
0.000565
0.000575
0.00057
0.00056
0.000565
0.000575
0.000575
0.000575
0.000575
0.00058
0.000585
0.00057
0.000575
0.00057
0.000575
0.000585
0.000585
0.00059
0.000605
0.00061
0.00061
0.00061
0.00061
0.0006
0.00059
0.00059
0.00058
0.00058
0.00058
0.0006
0.0006
0.0006
0.00065
0.000665
0.000665
0.00067
0.000675
0.00068
0.0007
0.00069
0.00068
0.00068
0.00068
0.000675
0.00069
0.0007
0.00071
0.000725
0.000725
0.00072
0.000705
0.000695
0.000685
0.00068
0.00068
0.00068
0.000675
0.00068
0.000675
0.00068
0.00069
0.00069
0.00068
0.000695
0.000695
0.0007
0.000705
0.00071
0.00071
0.000715
0.00072
0.00072
0.000715
0.000705
0.00069
0.000685
0.00068
0.000685
0.00069
0.00069
0.000695
0.00069
0.00069
0.00069
0.00068
0.000675
0.00068
0.000685
0.00068
0.00068
0.000675
0.00068
0.00069
0.00069
0.000675
0.00066
0.00065
0.00065
0.00066
0.00067
0.00067
0.00067
0.00068
0.00068
0.000685
0.00069
0.00069
0.00068
