TRY->GBP
1.98549
1.95812
1.927975
1.90683
1.914275
1.90378
1.879535
1.84485
1.828485
1.815275
1.799065
1.77144
1.767235
1.73492
1.70517
1.68628
1.662345
1.66328
1.65521
1.62462
1.60473
1.589595
1.57111
1.563
1.556845
1.545405
1.529505
1.519175
1.509275
1.51133
1.502845
1.50138
1.484415
1.47689
1.449715
1.439695
1.42965
1.4127
1.41156
1.39454
1.368355
1.34938
1.32387
1.31393
1.303
1.28886
1.270925
1.270525
1.26128
1.245045
1.22864
1.213735
1.21256
1.17906
1.17082
1.155565
1.140755
1.132455
1.12368
1.109775
1.103235
1.114415
1.111415
1.10612
1.102955
1.099385
1.095245
1.0961
1.08451
1.068985
1.069375
1.06605
1.069345
1.05021
1.052415
1.06824
1.07963
1.088425
1.083655
1.07794
1.079585
1.070125
1.0648
1.06251
1.060785
1.05106
1.0462
1.04204
1.03212
1.036355
1.041965
1.04863
1.055995
1.069
1.04518
1.027425
1.026205
1.019185
1.01356
1.007575
1.015115
1.028055
1.023815
1.029585
1.022615
1.019095
1.00329
1.0052
1.000375
1.001895
1.008165
1.012985
1.010915
1.00796
1.013395
1.00647
1.00416
0.766545
0.750045
0.70424
0.71289
0.686295
0.58358
0.574405
0.56686
0.58918
0.607405
0.61088
0.621985
0.62985
0.61397
0.61861
0.5978
0.560135
0.557845
0.54273
0.52944
0.525255
0.53089
0.522885
0.51009
0.492705
0.47576
0.49849
0.487755
0.46419
0.449465
0.439945
0.42592
0.42883
0.423825
0.433315
0.432835
0.44074
0.45432
0.47658
0.4748
0.47923
0.480795
0.46996
0.47255
0.483795
0.49902
0.510865
0.52241
0.537785
0.5232
0.5151
0.506755
0.5046
0.5123
0.518425
0.51961
0.52346
0.527485
0.53291
0.53061
0.510775
0.50372
0.49568
0.48181
0.483025
0.480535
0.471935
0.43982
0.427405
0.411345
0.40645
0.386005
0.3808
0.377635
0.38256
0.396845
0.397065
0.40061
0.39786
0.394075
0.38603
0.38738
0.386775
0.38759
0.388565
0.39038
0.385355
0.380325
0.38793
0.3912
0.39997
0.41484
0.411155
0.40801
0.386815
0.37783
0.378185
0.371575
0.372155
0.369255
0.36768
0.37262
0.37429
0.386995
0.394535
0.385825
0.384755
0.37184
0.37077
0.379965
0.387815
0.393445
0.39362
0.3997
0.410045
0.41297
0.41361
0.423345
0.423585
0.42197
0.4198
0.42112
0.428895
0.435925
0.4505
0.44075
0.432755
0.44229
0.44598
0.453095
0.454515
0.455825
0.45437
0.45139
0.441635
0.428635
0.43369
0.41786
0.401415
0.3932
0.40135
0.40293
0.4
0.39883
0.39976
0.39855
0.39661
0.394945
0.400205
0.40062
0.406435
0.41153
0.41082
0.407475
0.402085
0.40048
0.40306
0.41007
0.41731
0.41565
0.41496
0.415785
0.409235
0.407505
0.407865
0.3961
0.377735
0.369065
0.362785
0.36372
0.362335
0.36684
0.36537
0.367945
0.37324
0.37423
0.37442
0.372145
0.37119
0.372745
0.373125
0.37281
0.368255
0.37088
0.37349
0.37027
0.36949
0.368295
0.372925
0.37302
0.37115
0.368985
0.370005
0.37016
0.37264
0.371885
0.36652
0.36496
0.36623
0.375575
0.38491
0.38515
0.391225
0.396465
0.39784
0.402035
0.404625
0.402845
0.402945
0.409945
0.410305
0.39624
0.39372
0.390125
0.392785
0.389405
0.38409
0.37957
0.38906
0.39141
0.3966
0.397055
0.40489
0.402325
0.4014
0.404315
0.416445
0.42488
0.426325
0.42938
0.42758
0.427375
0.415235
0.405635
0.40745
0.4084
0.40756
0.41095
0.41485
0.41979
0.420275
0.41693
0.41512
0.415985
0.41904
0.42123
0.42633
0.42791
0.427185
0.42349
0.41947
0.422565
0.428875
0.42778
0.422165
0.423915
0.42436
0.425855
0.43063
0.43317
0.433775
0.436355
0.429665
0.42967
0.42731
0.425565
0.4282
0.423955
0.421605
0.419745
0.41108
0.390145
0.359745
0.34867
0.34161
0.34651
0.340765
0.327665
0.338695
0.34677
0.346095
0.347125
0.35627
0.356755
0.361755
0.36465
0.359225
0.357405
0.36159
0.36196
0.354435
0.35123
0.35467
0.362475
0.363985
0.36457
0.35998
0.362165
0.363985
0.355845
0.34946
0.35332
0.358045
0.357105
0.35921
0.360645
0.357605
0.35706
0.357035
0.360215
0.363795
0.3673
0.36947
0.360645
0.36349
0.365835
0.36727
0.365675
0.36975
0.368445
0.370455
0.374405
0.369695
0.375865
0.380845
0.380445
0.38257
0.379455
0.38288
0.38396
0.379075
0.38365
0.385475
0.383365
0.382975
0.383125
0.384425
0.372895
0.374155
0.378165
0.38014
0.38872
0.401055
0.40476
0.40924
0.412595
0.404735
0.40515
0.407365
0.40225
0.40803
0.4051
0.40633
0.41602
0.41774
0.419975
0.42713
0.43183
0.440015
0.434295
0.42454
0.42994
0.427855
0.42312
0.424525
0.421825
0.40622
0.400425
0.403715
0.39373
0.38671
0.390105
0.382845
0.38917
0.396995
0.403885
0.412215
0.40805
0.411525
0.41174
0.40816
0.413645
0.411765
0.40704
0.41228
0.41597
0.41739
0.43035
0.439805
0.44859
0.45198
0.4596
0.461565
0.45511
0.43671
0.43727
0.43576
0.412865
0.39673
0.372665
0.399985
0.412655
0.41086
0.399485
0.414645
0.426135
0.43089
0.429875
0.447985
0.448675
0.43236
0.42257
0.43051
0.429515
0.42069
0.421405
0.41275
0.41095
0.403415
0.413685
0.412655
0.41465
0.422055
0.43036
0.421345
0.41872
0.421995
0.42476
0.420785
0.414715
0.402455
0.40173
0.397105
0.39341
0.391835
0.39688
0.39832
0.39924
0.40676
0.409075
0.40511
0.40593
0.406255
0.40954
0.40825
0.404305
0.41094
0.41731
0.420535
0.42752
0.426455
0.416065
0.406925
0.40556
0.406155
0.403545
0.400145
0.40347
0.407945
0.407165
0.411555
0.41376
0.424395
0.42334
0.41759
0.41563
0.419495
0.421165
0.42336
0.422845
0.430955
0.432565
0.432305
0.434575
0.433755
0.4367
0.43784
0.43792
0.43961
0.434145
0.44391
0.441905
0.440475
0.43335
0.432295
0.432485
0.426325
0.420225
0.425115
0.4249
0.427445
0.42405
0.420225
0.422
0.42537
0.423585
0.428415
0.431065
0.42961
0.429115
0.43463
0.44114
0.444605
0.445475
0.439785
0.441045
0.4356
0.43173
0.429915
0.429345
0.42389
0.41854
0.41721
0.416035
0.41311
0.406795
0.40182
0.396555
0.390955
0.39247
0.39095
0.38723
0.383215
0.390285
0.391625
0.395995
0.40292
0.404095
0.404145
0.40006
0.39574
0.3949
0.389035
0.38929
0.382065
0.383525
0.387855
0.38665
0.38385
0.384605
0.383795
0.37831
0.368775
0.360245
0.355915
0.34678
0.341695
0.345
0.353775
0.35284
0.355595
0.35343
0.346195
0.34651
0.34682
0.341485
0.35244
0.352985
0.350675
0.34938
0.34466
0.348075
0.34755
0.342975
0.338305
0.338755
0.34275
0.3493
0.352395
0.35469
0.358845
0.360075
0.360155
0.360105
0.357755
0.356255
0.353935
0.34895
0.351025
0.351295
0.34973
0.34837
0.348285
0.351105
0.348385
0.34455
0.34532
0.348845
0.352755
0.35279
0.353685
0.35239
0.354505
0.35486
0.353885
0.352215
0.356765
0.35862
0.354125
0.352185
0.34819
0.346645
0.344475
0.343
0.344155
0.344425
0.344085
0.345625
0.34599
0.346685
0.35099
0.349705
0.348615
0.34872
0.34815
0.34804
0.34485
0.34553
0.34708
0.35016
0.354695
0.357605
0.360675
0.35981
0.36285
0.36584
0.367455
0.36992
0.368935
0.363145
0.363225
0.36407
0.364765
0.36449
0.3614
0.35853
0.35973
0.35962
0.35798
0.354075
0.343985
0.340635
0.336965
0.338005
0.340645
0.34126
0.342175
0.3393
0.339485
0.33639
0.332395
0.32465
0.317445
0.31293
0.312775
0.315315
0.309215
0.309405
0.314945
0.315045
0.31245
0.312115
0.307205
0.305795
0.30731
0.30464
0.300295
0.300165
0.296805
0.288055
0.280975
0.279815
0.27654
0.265325
0.267505
0.273525
0.27467
0.274295
0.271135
0.271165
0.27015
0.27102
0.273515
0.282325
0.28342
0.280135
0.27846
0.28066
0.28372
0.28506
0.28395
0.284655
0.284195
0.281625
0.274955
0.275815
0.2741
0.275025
0.27506
0.27971
0.278685
0.27659
0.276915
0.27686
0.27845
0.281545
0.280655
0.276105
0.272395
0.27176
0.272905
0.27566
0.277525
0.28059
0.279635
0.282425
0.286865
0.28679
0.285305
0.27985
0.273935
0.27712
0.276915
0.285215
0.286
0.282875
0.276035
0.26921
0.26371
0.26467
0.26
0.25501
0.25566
0.25932
0.25973
0.25983
0.259915
0.25156
0.245545
0.244065
0.24227
0.242855
0.24798
0.246225
0.24453
0.236795
0.2336
0.23758
0.23766
0.241145
0.24199
0.23695
0.231595
0.23132
0.228655
0.2197
0.21989
0.22111
0.214395
0.213865
0.215495
0.218195
0.22263
0.22294
0.22408
0.22388
0.22772
0.22812
0.23039
0.228965
0.229245
0.225155
0.226845
0.229885
0.23176
0.228445
0.22884
0.232235
0.234655
0.23566
0.235395
0.235275
0.24191
0.24251
0.242015
0.242495
0.24505
0.24663
0.24888
0.247295
0.245595
0.243635
0.23878
0.234805
0.231495
0.231345
0.23476
0.23848
0.23982
0.240675
0.258425
0.26353
0.25901
0.24975
0.25159
0.25275
0.259715
0.26151
0.257835
0.25632
0.254525
0.25504
0.259235
0.25752
0.26018
0.264905
0.26513
0.26495
0.258505
0.248845
0.24179
0.235405
0.22928
0.228255
0.227505
0.23059
0.23086
0.226005
0.21821
0.21522
0.208405
0.21268
0.21623
0.219505
0.22241
0.221015
0.22011
0.2211
0.221715
0.21996
0.217485
0.21597
0.21454
0.217525
0.21811
0.216275
0.2157
0.216855
0.2198
0.22059
0.223405
0.22381
0.220395
0.2153
0.215805
0.217535
0.21577
0.215635
0.217415
0.220075
0.223865
0.224575
0.223365
0.2176
0.21174
0.20927
0.211335
0.20633
0.206705
0.201845
0.19856
0.196705
0.195795
0.191135
0.189525
0.192215
