USD->GBP
0.603325
0.597925
0.59459
0.597005
0.603095
0.607265
0.60665
0.604815
0.6065
0.612245
0.613105
0.614015
0.62343
0.621685
0.615195
0.614435
0.61471
0.622135
0.62354
0.619565
0.619965
0.620235
0.614065
0.61757
0.62159
0.6247
0.621905
0.62154
0.6272
0.631075
0.633775
0.642735
0.6402
0.63317
0.621475
0.619725
0.621705
0.6212
0.629155
0.62275
0.61807
0.61851
0.610395
0.605915
0.60495
0.60151
0.60112
0.610405
0.612595
0.617635
0.616975
0.620725
0.62437
0.61591
0.62136
0.619645
0.61858
0.609815
0.609515
0.607845
0.61231
0.624435
0.624055
0.624665
0.624965
0.632455
0.63363
0.63458
0.631095
0.628145
0.630805
0.63008
0.633
0.63846
0.647995
0.65806
0.67053
0.67339
0.66595
0.65998
0.6616
0.66324
0.66136
0.661275
0.66414
0.663145
0.66221
0.66699
0.665365
0.668145
0.67644
0.684405
0.697485
0.71288
0.69817
0.683215
0.686785
0.686645
0.690085
0.69073
0.689885
0.699995
0.700705
0.710885
0.699685
0.691785
0.682475
0.6782
0.670915
0.66694
0.67266
0.68064
0.68381
0.68154
0.68846
0.689365
0.689895
0.68627
0.681545
0.693435
0.70075
0.70134
0.69793
0.69553
0.695255
0.69514
0.696475
0.7025
0.698355
0.7027
0.70386
0.717865
0.717985
0.71008
0.70703
0.709495
0.71074
0.70453
0.70196
0.69959
0.70329
0.694915
0.69155
0.688475
0.686625
0.68014
0.683755
0.6793
0.676235
0.68743
0.69391
0.698805
0.685755
0.686015
0.696415
0.707895
0.703425
0.70057
0.69157
0.69082
0.689915
0.69083
0.69297
0.69484
0.70424
0.70715
0.70632
0.699345
0.699285
0.704475
0.702495
0.703815
0.701335
0.701395
0.69686
0.69564
0.69217
0.68775
0.682745
0.683415
0.686345
0.68601
0.685425
0.68474
0.67902
0.66974
0.656505
0.654865
0.64479
0.63502
0.63675
0.638005
0.651645
0.650745
0.655965
0.648885
0.641095
0.64327
0.645105
0.641755
0.638065
0.640195
0.64501
0.64584
0.64028
0.63422
0.631735
0.6331
0.642965
0.63646
0.631895
0.624905
0.625265
0.622405
0.62186
0.62167
0.615615
0.60766
0.610385
0.618365
0.62981
0.633695
0.62653
0.62638
0.63863
0.6359
0.637315
0.638725
0.63597
0.630795
0.624755
0.62304
0.618165
0.611325
0.60986
0.60673
0.60089
0.597815
0.60265
0.600585
0.611295
0.62653
0.620625
0.61897
0.621345
0.62438
0.631995
0.635135
0.632995
0.626725
0.618035
0.60359
0.5997
0.600545
0.59761
0.592345
0.589435
0.597235
0.59535
0.58779
0.584115
0.57917
0.573545
0.56728
0.564875
0.56
0.545775
0.548405
0.54884
0.549895
0.5443
0.531715
0.532155
0.534615
0.54268
0.551225
0.54842
0.54807
0.54561
0.54544
0.55418
0.561955
0.561805
0.55928
0.566905
0.56186
0.548735
0.544165
0.54683
0.545835
0.5482
0.547885
0.540265
0.536535
0.542595
0.548315
0.54576
0.544905
0.547745
0.557175
0.55969
0.559205
0.55838
0.55612
0.55439
0.559715
0.55597
0.5498
0.544605
0.541225
0.53957
0.53915
0.53121
0.518845
0.51908
0.516395
0.51924
0.519935
0.53217
0.53281
0.534125
0.531175
0.531885
0.536635
0.52838
0.52301
0.521085
0.51994
0.520895
0.53306
0.532265
0.53176
0.528875
0.52252
0.524265
0.52764
0.53621
0.54587
0.547715
0.550915
0.54947
0.549105
0.548515
0.55812
0.57248
0.5686
0.573855
0.570945
0.563
0.55469
0.55513
0.555135
0.54919
0.543595
0.5514
0.558765
0.56596
0.567325
0.56825
0.566855
0.563145
0.56746
0.57381
0.58033
0.581575
0.58008
0.57426
0.565815
0.570715
0.578675
0.572475
0.565365
0.566325
0.562195
0.564885
0.572665
0.57502
0.57285
0.57134
0.57578
0.57253
0.57297
0.5743
0.572895
0.57165
0.562265
0.55523
0.54213
0.53324
0.5307
0.53461
0.533885
0.53914
0.541735
0.5457
0.54635
0.54221
0.54326
0.54272
0.53894
0.530355
0.526595
0.52962
0.529315
0.525925
0.531225
0.532865
0.528635
0.530655
0.53239
0.537935
0.533905
0.530435
0.52533
0.5245
0.52757
0.52231
0.510335
0.50863
0.510505
0.51017
0.51045
0.513355
0.51414
0.50781
0.507915
0.50923
0.5104
0.5125
0.51111
0.51129
0.51812
0.51638
0.51059
0.508865
0.50731
0.50576
0.49982
0.500245
0.50165
0.503165
0.505585
0.504955
0.50479
0.504625
0.506965
0.502075
0.499405
0.496715
0.49324
0.488065
0.489095
0.491795
0.49325
0.502075
0.500495
0.496665
0.494745
0.494765
0.497765
0.49293
0.49014
0.491055
0.48943
0.48823
0.48167
0.47768
0.485525
0.4853
0.484475
0.490085
0.491695
0.50045
0.503015
0.504845
0.50937
0.51005
0.508765
0.505025
0.511195
0.510375
0.51094
0.504535
0.500315
0.495065
0.50182
0.500905
0.50284
0.506335
0.50436
0.503895
0.50562
0.51014
0.51252
0.50741
0.505295
0.509195
0.51142
0.50862
0.504955
0.50305
0.5051
0.500445
0.50159
0.504875
0.514755
0.531475
0.537135
0.54534
0.562705
0.564455
0.552335
0.541375
0.561235
0.57939
0.577235
0.61151
0.624455
0.63212
0.66206
0.670415
0.65406
0.67546
0.67267
0.659345
0.679385
0.68686
0.66764
0.679
0.715535
0.70229
0.68798
0.690215
0.698895
0.69594
0.708485
0.71896
0.700875
0.6903
0.687155
0.68004
0.67368
0.683485
0.67685
0.6625
0.65845
0.63838
0.6239
0.616215
0.6126
0.60966
0.608025
0.608795
0.617395
0.61249
0.60783
0.60452
0.59451
0.604655
0.60681
0.61294
0.613315
0.60375
0.608675
0.619475
0.627395
0.627815
0.62081
0.609075
0.609255
0.605395
0.59995
0.60034
0.604315
0.604595
0.613335
0.61666
0.62498
0.62246
0.62405
0.616275
0.61611
0.620755
0.63217
0.63879
0.641635
0.652055
0.664005
0.66279
0.660895
0.66949
0.659755
0.654085
0.64907
0.65093
0.653435
0.667675
0.67927
0.69364
0.69238
0.68707
0.687905
0.67624
0.669535
0.66206
0.66113
0.65625
0.652905
0.640745
0.62865
0.63724
0.64191
0.645075
0.647815
0.649515
0.64238
0.63697
0.632365
0.628835
0.62713
0.63486
0.62906
0.61984
0.62082
0.62539
0.634525
0.63913
0.633915
0.638915
0.646955
0.645445
0.64407
0.6356
0.62665
0.629355
0.62124
0.62255
0.61921
0.61874
0.614945
0.61965
0.619645
0.618005
0.62283
0.6136
0.612795
0.608985
0.602095
0.60687
0.613565
0.616745
0.612535
0.60897
0.612125
0.61589
0.62233
0.623855
0.623515
0.622915
0.61716
0.61088
0.61159
0.614505
0.608
0.609615
0.61473
0.625855
0.632915
0.64321
0.64151
0.645595
0.63598
0.6318
0.62319
0.624555
0.624205
0.631845
0.64332
0.640635
0.638925
0.64358
0.640465
0.64317
0.6446
0.650485
0.647435
0.638935
0.63351
0.63276
0.634165
0.63264
0.62977
0.63482
0.63565
0.630545
0.62669
0.62854
0.62951
0.62441
0.617825
0.617565
0.620385
0.62842
0.63625
0.645275
0.647485
0.6414
0.639015
0.64013
0.641785
0.64434
0.6395
0.640265
0.63975
0.639195
0.637205
0.63297
0.63175
0.62757
0.62022
0.616085
0.61753
0.619635
0.6232
0.62239
0.622775
0.62231
0.62665
0.629975
0.62657
0.62424
0.62237
0.62019
0.61668
0.619425
0.618865
0.6214
0.625595
0.632025
0.634925
0.635535
0.641895
0.653445
0.66177
0.66585
0.66636
0.659625
0.658675
0.656825
0.652125
0.654495
0.650935
0.643315
0.6467
0.65631
0.660765
0.66008
0.64777
0.638935
0.64356
0.65322
0.663175
0.665585
0.65822
0.65108
0.65535
0.64748
0.643045
0.640485
0.644205
0.64112
0.6333
0.625395
0.622275
0.61999
0.62509
0.622275
0.61825
0.624005
0.623925
0.623665
0.618845
0.61393
0.611075
0.611305
0.61229
0.609225
0.606695
0.608155
0.609535
0.605925
0.605765
0.61145
0.602715
0.59982
0.599055
0.59839
0.600845
0.60422
0.603245
0.60197
0.598195
0.596295
0.595135
0.593295
0.591585
0.594505
0.593655
0.59621
0.596175
0.592845
0.58832
0.58769
0.583525
0.583895
0.584585
0.587495
0.591855
0.594455
0.59785
0.60173
0.603015
0.608625
0.61729
0.61375
0.612935
0.62037
0.62192
0.62339
0.62154
0.623125
0.628025
0.63417
0.638515
0.637195
0.639155
0.63758
0.638655
0.64251
0.64595
0.659555
0.65923
0.663475
0.66262
0.65834
0.652935
0.649435
0.64737
0.65674
0.670255
0.67375
0.67163
0.67316
0.676825
0.673945
0.664565
0.65557
0.653975
0.637685
0.642305
0.65127
0.65399
0.64695
0.634365
0.63456
0.639485
0.646025
0.641445
0.643075
0.641085
0.64312
0.640995
0.6382
0.6439
0.65485
0.6503
0.645685
0.65364
0.659305
0.654545
0.649435
0.64934
0.651405
0.654685
0.658725
0.65707
0.662795
0.663745
0.660555
0.66684
0.67122
0.675605
0.684235
0.694795
0.70253
0.70047
0.690955
0.6905
0.695745
0.71503
0.710415
0.70041
0.69673
0.704235
0.700205
0.70695
0.70412
0.69694
0.68638
0.68892
0.693995
0.689615
0.68435
0.688985
0.69385
0.702255
0.70041
0.750725
0.767775
0.75864
0.75953
0.759105
0.75854
0.770295
0.7671
0.759675
0.75772
0.75092
0.759605
0.768905
0.7702
0.79194
0.81677
0.817025
0.819855
0.808375
0.80012
0.805025
0.803545
0.795165
0.791555
0.79657
0.81048
0.813595
0.81239
0.820855
0.814485
0.797495
0.797675
0.80073
0.802575
0.801885
0.810765
0.820395
0.81368
0.802665
0.799435
0.80381
0.80059
0.78436
0.77653
0.773205
0.774265
0.77098
0.7745
0.777385
0.77874
0.78431
0.78727
0.77468
0.773635
0.77121
0.768155
0.76421
0.761315
0.768825
0.775485
0.777955
0.773215
0.764275
0.747395
0.7395
0.744885
0.75923
0.755855
0.75755
0.75965
0.760205
0.76023
0.759
0.75244
0.74481
0.74427
