ZAR->GBP
0.10428
0.099835
0.100105
0.10102
0.1025
0.10447
0.10021
0.09995
0.100345
0.102235
0.100665
0.098905
0.10071
0.09999
0.099555
0.098895
0.09874
0.100695
0.10077
0.101655
0.10192
0.102165
0.100405
0.099505
0.100195
0.09998
0.10073
0.101905
0.10395
0.10449
0.10518
0.10578
0.104125
0.10347
0.10086
0.10037
0.101465
0.101775
0.103245
0.103075
0.10192
0.10142
0.10093
0.100985
0.100165
0.098345
0.098025
0.0993
0.09998
0.10082
0.10043
0.10112
0.101335
0.100375
0.10123
0.100775
0.10056
0.1004
0.10034
0.09942
0.098045
0.09961
0.09873
0.098765
0.099155
0.09884
0.098435
0.098335
0.097425
0.09635
0.096055
0.09572
0.094705
0.094085
0.094105
0.09384
0.094135
0.094565
0.09541
0.094445
0.095795
0.096215
0.097145
0.096825
0.096905
0.095665
0.095285
0.095615
0.09589
0.09641
0.09739
0.09841
0.09871
0.0996
0.095945
0.09391
0.094765
0.09236
0.09074
0.090635
0.09159
0.09169
0.09112
0.09115
0.090795
0.090625
0.088575
0.089015
0.088695
0.088405
0.08631
0.08665
0.086825
0.08762
0.087525
0.08771
0.088465
0.08877
0.08752
0.088015
0.08774
0.087525
0.08622
0.08659
0.085575
0.086515
0.086715
0.08813
0.0878
0.088825
0.088085
0.0891
0.089215
0.08818
0.087955
0.087235
0.086055
0.08542
0.08565
0.08478
0.08513
0.083965
0.08266
0.081965
0.08105
0.079215
0.07848
0.0762
0.073285
0.07485
0.07535
0.07437
0.07244
0.071745
0.072405
0.071605
0.069615
0.06484
0.059245
0.05569
0.05759
0.05681
0.06039
0.060355
0.06178
0.06139
0.061645
0.06094
0.061165
0.06188
0.06188
0.060075
0.06047
0.061545
0.06233
0.06213
0.06211
0.063655
0.06481
0.066695
0.06804
0.068285
0.06985
0.069695
0.0661
0.064855
0.06349
0.064825
0.064355
0.06353
0.062545
0.062535
0.06217
0.061615
0.06061
0.061245
0.060545
0.061045
0.06081
0.06057
0.06116
0.06098
0.0621
0.063615
0.063805
0.06458
0.06501
0.06626
0.069395
0.069225
0.07124
0.07013
0.071025
0.073095
0.07276
0.070695
0.06967
0.07081
0.07263
0.073865
0.07695
0.078325
0.07881
0.077515
0.077935
0.079515
0.08055
0.08126
0.083115
0.08584
0.0853
0.08626
0.080875
0.07785
0.07592
0.075495
0.076295
0.076
0.078975
0.080185
0.080485
0.081575
0.082785
0.083685
0.084385
0.084775
0.08526
0.08623
0.085905
0.08444
0.083645
0.08423
0.086445
0.086645
0.08437
0.084575
0.085435
0.085875
0.087685
0.089415
0.09062
0.09186
0.089595
0.0852
0.08333
0.08468
0.08334
0.07651
0.07685
0.07814
0.078265
0.079265
0.079995
0.080685
0.08089
0.08275
0.082075
0.083675
0.085635
0.086155
0.08579
0.08408
0.0816
0.08033
0.08243
0.083065
0.0836
0.08407
0.083735
0.0842
0.087085
0.088865
0.088345
0.08911
0.08924
0.08746
0.08803
0.086225
0.08353
0.083165
0.08434
0.084665
0.085255
0.086345
0.086025
0.08569
0.0855
0.08817
0.088555
0.088845
0.08753
0.089665
0.08999
0.089865
0.089415
0.08962
0.09192
0.09213
0.089085
0.08863
0.088635
0.08935
0.0873
0.08713
0.088725
0.089825
0.088715
0.089255
0.086075
0.086
0.084935
0.08626
0.08509
0.08556
0.0861
0.0875
0.085835
0.08451
0.08349
0.080815
0.081645
0.081635
0.08174
0.082865
0.083445
0.085825
0.086705
0.0863
0.08695
0.086915
0.085355
0.085705
0.0865
0.08609
0.08646
0.08762
0.088725
0.087125
0.086745
0.08594
0.084275
0.08498
0.08497
0.086425
0.08881
0.089765
0.09052
0.088805
0.08943
0.091125
0.092285
0.093305
0.09419
0.09263
0.092575
0.093285
0.094435
0.09419
0.092755
0.091995
0.092045
0.09107
0.092185
0.094015
0.093305
0.09347
0.091495
0.089665
0.08697
0.082605
0.081555
0.080465
0.08002
0.07917
0.075575
0.075365
0.076055
0.075775
0.07644
0.07764
0.077075
0.077565
0.07688
0.07422
0.07333
0.0728
0.072265
0.07058
0.06896
0.06813
0.070405
0.070765
0.070265
0.07084
0.071945
0.07272
0.07256
0.07118
0.07166
0.07294
0.07274
0.072655
0.07246
0.070825
0.07066
0.07056
0.07036
0.07103
0.07116
0.072055
0.07047
0.070065
0.06947
0.06995
0.07004
0.07076
0.070655
0.070665
0.071125
0.07172
0.072525
0.07244
0.071415
0.07095
0.070155
0.07042
0.07046
0.0702
0.071065
0.070635
0.07049
0.07022
0.069075
0.06929
0.068405
0.06879
0.069085
0.06845
0.068965
0.070275
0.071175
0.071345
0.072135
0.071775
0.073535
0.073475
0.07283
0.07242
0.071615
0.070565
0.07249
0.07254
0.0718
0.07288
0.073745
0.074545
0.073605
0.07144
0.069155
0.066805
0.066255
0.066165
0.06585
0.0632
0.062465
0.06181
0.061915
0.063445
0.06483
0.064325
0.065645
0.06671
0.0669
0.067725
0.066415
0.066
0.065365
0.06377
0.063415
0.063465
0.06446
0.065535
0.065715
0.066225
0.068725
0.06866
0.067795
0.069565
0.07055
0.071385
0.07036
0.06847
0.06694
0.06706
0.063335
0.05944
0.056305
0.06127
0.063435
0.065045
0.064455
0.06519
0.06568
0.066195
0.066695
0.069955
0.072855
0.0697
0.0678
0.07041
0.069615
0.06949
0.06996
0.069
0.069465
0.067725
0.070655
0.071935
0.072595
0.07379
0.074745
0.074795
0.0767
0.079015
0.079355
0.077075
0.07598
0.07689
0.076725
0.076015
0.07537
0.07563
0.077575
0.07594
0.075275
0.078015
0.077455
0.07501
0.0749
0.07623
0.078595
0.079405
0.080245
0.082085
0.083355
0.083105
0.08448
0.0847
0.08222
0.078925
0.078685
0.080815
0.07997
0.081125
0.081955
0.0816
0.08219
0.08227
0.083825
0.08487
0.083335
0.081885
0.08164
0.082945
0.08294
0.08368
0.084255
0.088435
0.08948
0.09
0.090495
0.090365
0.09007
0.088525
0.08754
0.08843
0.08779
0.090355
0.089245
0.089685
0.08906
0.08895
0.08922
0.08837
0.08616
0.08665
0.086585
0.08691
0.087415
0.086625
0.08758
0.088
0.08797
0.08913
0.089985
0.090105
0.09026
0.09079
0.09125
0.09169
0.091615
0.0901
0.090375
0.089905
0.089335
0.08957
0.091515
0.09201
0.093225
0.09538
0.09692
0.09565
0.092515
0.089585
0.08868
0.08621
0.0858
0.08573
0.08732
0.088835
0.089965
0.088635
0.0896
0.091745
0.091885
0.09055
0.090035
0.09079
0.09102
0.089265
0.08894
0.087865
0.089695
0.09055
0.090665
0.09118
0.091765
0.0928
0.09088
0.09007
0.09106
0.08958
0.08563
0.08498
0.08475
0.08721
0.08706
0.085455
0.080595
0.080135
0.080095
0.08088
0.078685
0.07955
0.07875
0.078685
0.07762
0.07611
0.07827
0.07903
0.077145
0.07787
0.07906
0.07928
0.080115
0.080915
0.08129
0.082555
0.082855
0.08199
0.08258
0.08381
0.083855
0.083785
0.082475
0.08183
0.08068
0.07931
0.07953
0.079405
0.079475
0.077665
0.07577
0.076185
0.076125
0.076945
0.07654
0.076835
0.076785
0.078485
0.07797
0.077745
0.076975
0.07778
0.07872
0.07739
0.07601
0.075065
0.07554
0.07538
0.07455
0.074755
0.07265
0.071275
0.07168
0.07166
0.07154
0.072035
0.071265
0.070475
0.07048
0.07115
0.0717
0.07217
0.072595
0.072575
0.071905
0.070985
0.070655
0.070845
0.071495
0.07236
0.07361
0.07399
0.073225
0.07263
0.071125
0.071185
0.0716
0.072865
0.07139
0.071105
0.071705
0.071515
0.07063
0.069275
0.06677
0.065245
0.063755
0.063735
0.06528
0.06591
0.066325
0.0666
0.06663
0.06649
0.065695
0.064415
0.06263
0.06243
0.06301
0.063625
0.06378
0.0624
0.061765
0.062865
0.06311
0.06307
0.06239
0.06083
0.060725
0.06114
0.06043
0.05906
0.059095
0.05917
0.05853
0.057315
0.056895
0.0562
0.05529
0.05437
0.05506
0.05491
0.054865
0.055565
0.055725
0.05585
0.055805
0.05646
0.05686
0.057105
0.056695
0.056165
0.05632
0.05676
0.05744
0.057305
0.05696
0.05592
0.05547
0.054915
0.055405
0.054475
0.054485
0.054725
0.05569
0.055605
0.055555
0.05638
0.05639
0.056545
0.056895
0.05645
0.05567
0.05484
0.054975
0.055775
0.05627
0.056575
0.0569
0.05622
0.056715
0.05798
0.05788
0.057045
0.055245
0.054975
0.05533
0.055535
0.05676
0.057215
0.05769
0.0573
0.057425
0.055905
0.05578
0.055885
0.05538
0.054445
0.055125
0.05618
0.05625
0.056915
0.055895
0.054775
0.05479
0.054525
0.053605
0.05412
0.053925
0.052825
0.052095
0.05163
0.052175
0.052115
0.05185
0.05176
0.0515
0.050735
0.050675
0.05017
0.049375
0.04891
0.048255
0.04745
0.048265
0.047515
0.047555
0.04864
0.049115
0.048335
0.0474
0.046915
0.04609
0.04649
0.04663
0.046145
0.043645
0.0442
0.044135
0.04382
0.04294
0.04181
0.04222
0.0432
0.043155
0.043295
0.044725
0.045675
0.045515
0.04579
0.045035
0.0458
0.046745
0.04712
0.04811
0.04847
0.047845
0.046815
0.045705
0.04398
0.043675
0.044495
0.04626
0.04611
0.047105
0.050475
0.05242
0.052535
0.05311
0.05363
0.054855
0.0572
0.057155
0.054115
0.052195
0.052695
0.053185
0.05583
0.056235
0.05741
0.05753
0.058355
0.05915
0.05965
0.057885
0.05606
0.056735
0.057125
0.05771
0.057415
0.057805
0.058875
0.059265
0.060295
0.05999
0.059435
0.05953
0.05983
0.06124
0.061655
0.06216
0.062515
0.06304
0.06398
0.06106
0.058575
0.058855
0.05928
0.05873
0.057575
0.057515
0.05823
0.059605
0.060025
0.060545
0.06128
0.060685
0.0596
0.058065
0.058215
0.05934
0.058805
0.05721
0.05736
0.058585
0.05923
0.059505
0.059255
0.057105
0.05573
0.055265
0.055565
0.056015
0.056015
0.05432
0.05384
0.05331
0.053355
0.053815
0.05423
0.054705
