JPY->RUB

Week 1,01 Dec 1998,0.16528,0.16740
Week 2,08 Dec 1998,0.17886,0.18186
Week 3,15 Dec 1998,0.18725,0.18947
Week 4,22 Dec 1998,0.17871,0.18117

Week 1,29 Dec 1998,0.18342,0.19324
Week 2,05 Jan 1999,0.20750,0.21067
Week 3,12 Jan 1999,0.20085,0.20298
Week 4,19 Jan 1999,0.20266,0.20415

Week 1,26 Jan 1999,0.19942,0.20039
Week 2,02 Feb 1999,0.20536,0.20629
Week 3,09 Feb 1999,0.20108,0.20199
Week 4,16 Feb 1999,0.19190,0.19313

Week 1,23 Feb 1999,0.19156,0.19278
Week 2,02 Mar 1999,0.19072,0.19153
Week 3,09 Mar 1999,0.19541,0.19650
Week 4,16 Mar 1999,0.20288,0.20410

Week 1,23 Mar 1999,0.21729,0.22129
Week 2,30 Mar 1999,0.21351,0.21584
Week 3,06 Apr 1999,0.21459,0.21676
Week 4,13 Apr 1999,0.21546,0.21669

Week 1,20 Apr 1999,0.20867,0.21096
Week 2,27 Apr 1999,0.20577,0.20773
Week 3,04 May 1999,0.19991,0.20194
Week 4,11 May 1999,0.20478,0.20832

Week 1,18 May 1999,0.19966,0.20065
Week 2,25 May 1999,0.20169,0.20265
Week 3,01 Jun 1999,0.20318,0.20379
Week 4,08 Jun 1999,0.20582,0.20682

Week 1,15 Jun 1999,0.20254,0.20355
Week 2,22 Jun 1999,0.19999,0.20111
Week 3,29 Jun 1999,0.20129,0.20246
Week 4,06 Jul 1999,0.19975,0.20123

Week 1,13 Jul 1999,0.20131,0.20241
Week 2,20 Jul 1999,0.20671,0.20807
Week 3,27 Jul 1999,0.21025,0.21093
Week 4,03 Aug 1999,0.21138,0.21176

Week 1,10 Aug 1999,0.21441,0.21584
Week 2,17 Aug 1999,0.22079,0.22221
Week 3,24 Aug 1999,0.22244,0.22366
Week 4,31 Aug 1999,0.23283,0.23431

Week 1,07 Sep 1999,0.23577,0.23788
Week 2,14 Sep 1999,0.23895,0.24083
Week 3,21 Sep 1999,0.24192,0.24302
Week 4,28 Sep 1999,0.23882,0.24101

Week 1,05 Oct 1999,0.24009,0.24100
Week 2,12 Oct 1999,0.24313,0.24353
Week 3,19 Oct 1999,0.24338,0.24433
Week 4,26 Oct 1999,0.24934,0.25019

Week 1,02 Nov 1999,0.24938,0.25078
Week 2,09 Nov 1999,0.24989,0.25065
Week 3,16 Nov 1999,0.24912,0.24990
Week 4,23 Nov 1999,0.25580,0.25667

Week 1,30 Nov 1999,0.25838,0.26019
Week 2,07 Dec 1999,0.26158,0.26240
Week 3,14 Dec 1999,0.25977,0.26038
Week 4,21 Dec 1999,0.26203,0.26270

Week 1,28 Dec 1999,0.26775,0.26852
Week 2,04 Jan 2000,0.26219,0.26379
Week 3,11 Jan 2000,0.26922,0.27032
Week 4,18 Jan 2000,0.27144,0.27214

Week 1,25 Jan 2000,0.26868,0.26928
Week 2,01 Feb 2000,0.26681,0.26745
Week 3,08 Feb 2000,0.26355,0.26418
Week 4,15 Feb 2000,0.26134,0.26175

Week 1,22 Feb 2000,0.25945,0.26001
Week 2,29 Feb 2000,0.26411,0.26468
Week 3,07 Mar 2000,0.26787,0.26846
Week 4,14 Mar 2000,0.26822,0.26875

Week 1,21 Mar 2000,0.26474,0.26535
Week 2,28 Mar 2000,0.27252,0.27312
Week 3,04 Apr 2000,0.27280,0.27341
Week 4,11 Apr 2000,0.27008,0.27074

Week 1,18 Apr 2000,0.27195,0.27263
Week 2,25 Apr 2000,0.26602,0.26663
Week 3,02 May 2000,0.26127,0.26176
Week 4,09 May 2000,0.26000,0.26050

Week 1,16 May 2000,0.26139,0.26188
Week 2,23 May 2000,0.26282,0.26350
Week 3,30 May 2000,0.26228,0.26298
Week 4,06 Jun 2000,0.26236,0.26299

Week 1,13 Jun 2000,0.26547,0.26609
Week 2,20 Jun 2000,0.26797,0.26863
Week 3,27 Jun 2000,0.26547,0.26601
Week 4,04 Jul 2000,0.26138,0.26181

Week 1,11 Jul 2000,0.25861,0.25896
Week 2,18 Jul 2000,0.25510,0.25541
Week 3,25 Jul 2000,0.25364,0.25398
Week 4,01 Aug 2000,0.25506,0.25549

Week 1,08 Aug 2000,0.25494,0.25534
Week 2,15 Aug 2000,0.25510,0.25546
Week 3,22 Aug 2000,0.25804,0.25840
Week 4,29 Aug 2000,0.26122,0.26162

Week 1,05 Sep 2000,0.26304,0.26340
Week 2,12 Sep 2000,0.25946,0.25983
Week 3,19 Sep 2000,0.25914,0.25952
Week 4,26 Sep 2000,0.25788,0.25833

Week 1,03 Oct 2000,0.25570,0.25609
Week 2,10 Oct 2000,0.25833,0.25870
Week 3,17 Oct 2000,0.25737,0.25776
Week 4,24 Oct 2000,0.25709,0.25745

Week 1,31 Oct 2000,0.25788,0.25827
Week 2,07 Nov 2000,0.25837,0.25874
Week 3,14 Nov 2000,0.25569,0.25605
Week 4,21 Nov 2000,0.25187,0.25225

Week 1,28 Nov 2000,0.25118,0.25156
Week 2,05 Dec 2000,0.25179,0.25218
Week 3,12 Dec 2000,0.24933,0.24968
Week 4,19 Dec 2000,0.24834,0.24872

Week 1,26 Dec 2000,0.24874,0.24910
Week 2,02 Jan 2001,0.24650,0.24687
Week 3,09 Jan 2001,0.24126,0.24162
Week 4,16 Jan 2001,0.24048,0.24085

Week 1,23 Jan 2001,0.24226,0.24262
Week 2,30 Jan 2001,0.24517,0.24554
Week 3,06 Feb 2001,0.24526,0.24562
Week 4,13 Feb 2001,0.24669,0.24706

Week 1,20 Feb 2001,0.24728,0.24763
Week 2,27 Feb 2001,0.24338,0.24374
Week 3,06 Mar 2001,0.23994,0.24028
Week 4,13 Mar 2001,0.23523,0.23557

Week 1,20 Mar 2001,0.23351,0.23382
Week 2,27 Mar 2001,0.23144,0.23177
Week 3,03 Apr 2001,0.23116,0.23148
Week 4,10 Apr 2001,0.23178,0.23214

Week 1,17 Apr 2001,0.23551,0.23586
Week 2,24 Apr 2001,0.23489,0.23521
Week 3,01 May 2001,0.23748,0.23783
Week 4,08 May 2001,0.23717,0.23749

Week 1,15 May 2001,0.23557,0.23591
Week 2,22 May 2001,0.24034,0.24068
Week 3,29 May 2001,0.24289,0.24322
Week 4,05 Jun 2001,0.24217,0.24245

Week 1,12 Jun 2001,0.23805,0.23837
Week 2,19 Jun 2001,0.23469,0.23496
Week 3,26 Jun 2001,0.23399,0.23430
Week 4,03 Jul 2001,0.23306,0.23330

Week 1,10 Jul 2001,0.23398,0.23427
Week 2,17 Jul 2001,0.23619,0.23648
Week 3,24 Jul 2001,0.23641,0.23673
Week 4,31 Jul 2001,0.23616,0.23644

Week 1,07 Aug 2001,0.23896,0.23924
Week 2,14 Aug 2001,0.24325,0.24354
Week 3,21 Aug 2001,0.24434,0.24460
Week 4,28 Aug 2001,0.24601,0.24627

Week 1,04 Sep 2001,0.24530,0.24562
Week 2,11 Sep 2001,0.24843,0.24858
Week 3,18 Sep 2001,0.25127,0.25169
Week 4,25 Sep 2001,0.24786,0.24797

Week 1,02 Oct 2001,0.24418,0.24432
Week 2,09 Oct 2001,0.24396,0.24417
Week 3,16 Oct 2001,0.24377,0.24394
Week 4,23 Oct 2001,0.24097,0.24111

Week 1,30 Oct 2001,0.24374,0.24398
Week 2,06 Nov 2001,0.24632,0.24648
Week 3,13 Nov 2001,0.24367,0.24385
Week 4,20 Nov 2001,0.24122,0.24139

Week 1,27 Nov 2001,0.24162,0.24179
Week 2,04 Dec 2001,0.23922,0.23935
Week 3,11 Dec 2001,0.23668,0.23690
Week 4,18 Dec 2001,0.23380,0.23394

Week 1,25 Dec 2001,0.23137,0.23174
Week 2,01 Jan 2002,0.23213,0.23252
Week 3,08 Jan 2002,0.23072,0.23093
Week 4,15 Jan 2002,0.23110,0.23125

Week 1,22 Jan 2002,0.22809,0.22824
Week 2,29 Jan 2002,0.23010,0.23026
Week 3,05 Feb 2002,0.22956,0.22971
Week 4,12 Feb 2002,0.23236,0.23251

Week 1,19 Feb 2002,0.23105,0.23118
Week 2,26 Feb 2002,0.23147,0.23163
Week 3,05 Mar 2002,0.23935,0.23951
Week 4,12 Mar 2002,0.24094,0.24110

Week 1,19 Mar 2002,0.23569,0.23583
Week 2,26 Mar 2002,0.23460,0.23476
Week 3,02 Apr 2002,0.23566,0.23581
Week 4,09 Apr 2002,0.23727,0.23743

Week 1,16 Apr 2002,0.23858,0.23872
Week 2,23 Apr 2002,0.24200,0.24214
Week 3,30 Apr 2002,0.24488,0.24503
Week 4,07 May 2002,0.24421,0.24434

Week 1,14 May 2002,0.24594,0.24608
Week 2,21 May 2002,0.25084,0.25099
Week 3,28 May 2002,0.25203,0.25218
Week 4,04 Jun 2002,0.25263,0.25276

Week 1,11 Jun 2002,0.25191,0.25201
Week 2,18 Jun 2002,0.25572,0.25586
Week 3,25 Jun 2002,0.26202,0.26216
Week 4,02 Jul 2002,0.26271,0.26289

Week 1,09 Jul 2002,0.26876,0.26897
Week 2,16 Jul 2002,0.27165,0.27178
Week 3,23 Jul 2002,0.26815,0.26831
Week 4,30 Jul 2002,0.26405,0.26421

Week 1,06 Aug 2002,0.26255,0.26276
Week 2,13 Aug 2002,0.26774,0.26794
Week 3,20 Aug 2002,0.26477,0.26495
Week 4,27 Aug 2002,0.26636,0.26653

Week 1,03 Sep 2002,0.26759,0.26776
Week 2,10 Sep 2002,0.26235,0.26254
Week 3,17 Sep 2002,0.25850,0.25865
Week 4,24 Sep 2002,0.25770,0.25788

Week 1,01 Oct 2002,0.25820,0.25842
Week 2,08 Oct 2002,0.25555,0.25581
Week 3,15 Oct 2002,0.25351,0.25374
Week 4,22 Oct 2002,0.25475,0.25492

Week 1,29 Oct 2002,0.25903,0.25925
Week 2,05 Nov 2002,0.26307,0.26324
Week 3,12 Nov 2002,0.26484,0.26502
Week 4,19 Nov 2002,0.25988,0.26006

Week 1,26 Nov 2002,0.26029,0.26048
Week 2,03 Dec 2002,0.25661,0.25676
Week 3,10 Dec 2002,0.26082,0.26099
Week 4,17 Dec 2002,0.26372,0.26396

Week 1,24 Dec 2002,0.26475,0.26495
Week 2,31 Dec 2002,0.26745,0.26779
Week 3,07 Jan 2003,0.26670,0.26702
Week 4,14 Jan 2003,0.26944,0.26967

Week 1,21 Jan 2003,0.26942,0.26974
Week 2,28 Jan 2003,0.26686,0.26722
Week 3,04 Feb 2003,0.26491,0.26523
Week 4,11 Feb 2003,0.26209,0.26247

Week 1,18 Feb 2003,0.26510,0.26544
Week 2,25 Feb 2003,0.26804,0.26840
Week 3,04 Mar 2003,0.26891,0.26921
Week 4,11 Mar 2003,0.26656,0.26696

Week 1,18 Mar 2003,0.26080,0.26111
Week 2,25 Mar 2003,0.26120,0.26156
Week 3,01 Apr 2003,0.26230,0.26264
Week 4,08 Apr 2003,0.26027,0.26051

Week 1,15 Apr 2003,0.26003,0.26023
Week 2,22 Apr 2003,0.25871,0.25891
Week 3,29 Apr 2003,0.26074,0.26095
Week 4,06 May 2003,0.26489,0.26510

Week 1,13 May 2003,0.26584,0.26607
Week 2,20 May 2003,0.26303,0.26330
Week 3,27 May 2003,0.25908,0.25930
Week 4,03 Jun 2003,0.25804,0.25826

Week 1,10 Jun 2003,0.25920,0.25941
Week 2,17 Jun 2003,0.25677,0.25701
Week 3,24 Jun 2003,0.25531,0.25552
Week 4,01 Jul 2003,0.25550,0.25574

Week 1,08 Jul 2003,0.25767,0.25791
Week 2,15 Jul 2003,0.25728,0.25750
Week 3,22 Jul 2003,0.25498,0.25525
Week 4,29 Jul 2003,0.25234,0.25256

Week 1,05 Aug 2003,0.25388,0.25411
Week 2,12 Aug 2003,0.25480,0.25504
Week 3,19 Aug 2003,0.25651,0.25679
Week 4,26 Aug 2003,0.25980,0.26011

Week 1,02 Sep 2003,0.26272,0.26294
Week 2,09 Sep 2003,0.26184,0.26210
Week 3,16 Sep 2003,0.26518,0.26540
Week 4,23 Sep 2003,0.27238,0.27259

Week 1,30 Sep 2003,0.27487,0.27516
Week 2,07 Oct 2003,0.27637,0.27667
Week 3,14 Oct 2003,0.27524,0.27548
Week 4,21 Oct 2003,0.27317,0.27343

Week 1,28 Oct 2003,0.27439,0.27474
Week 2,04 Nov 2003,0.27132,0.27160
Week 3,11 Nov 2003,0.27482,0.27509
Week 4,18 Nov 2003,0.27383,0.27410

Week 1,25 Nov 2003,0.27167,0.27189
Week 2,02 Dec 2003,0.27405,0.27434
Week 3,09 Dec 2003,0.27336,0.27361
Week 4,16 Dec 2003,0.27196,0.27218

Week 1,23 Dec 2003,0.27261,0.27285
Week 2,30 Dec 2003,0.27303,0.27334
Week 3,06 Jan 2004,0.27333,0.27358
Week 4,13 Jan 2004,0.27072,0.27096

Week 1,20 Jan 2004,0.26809,0.26833
Week 2,27 Jan 2004,0.26885,0.26906
Week 3,03 Feb 2004,0.27013,0.27043
Week 4,10 Feb 2004,0.26975,0.26997

Week 1,17 Feb 2004,0.26507,0.26533
Week 2,24 Feb 2004,0.26175,0.26198
Week 3,02 Mar 2004,0.25751,0.25774
Week 4,09 Mar 2004,0.25658,0.25686

Week 1,16 Mar 2004,0.26455,0.26476
Week 2,23 Mar 2004,0.26808,0.26827
Week 3,30 Mar 2004,0.27211,0.27229
Week 4,06 Apr 2004,0.26925,0.26945

Week 1,13 Apr 2004,0.26629,0.26650
Week 2,20 Apr 2004,0.26494,0.26516
Week 3,27 Apr 2004,0.26327,0.26348
Week 4,04 May 2004,0.26133,0.26155

Week 1,11 May 2004,0.25497,0.25517
Week 2,18 May 2004,0.25640,0.25660
Week 3,25 May 2004,0.26091,0.26109
Week 4,01 Jun 2004,0.26252,0.26273

Week 1,08 Jun 2004,0.26407,0.26430
Week 2,15 Jun 2004,0.26489,0.26515
Week 3,22 Jun 2004,0.26829,0.26858
Week 4,29 Jun 2004,0.26798,0.26821

Week 1,06 Jul 2004,0.26761,0.26784
Week 2,13 Jul 2004,0.26727,0.26746
Week 3,20 Jul 2004,0.26544,0.26563
Week 4,27 Jul 2004,0.26155,0.26175

Week 1,03 Aug 2004,0.26336,0.26354
Week 2,10 Aug 2004,0.26393,0.26410
Week 3,17 Aug 2004,0.26662,0.26682
Week 4,24 Aug 2004,0.26623,0.26647

Week 1,31 Aug 2004,0.26576,0.26597
Week 2,07 Sep 2004,0.26641,0.26661
Week 3,14 Sep 2004,0.26570,0.26588
Week 4,21 Sep 2004,0.26453,0.26470

Week 1,28 Sep 2004,0.26376,0.26391
Week 2,05 Oct 2004,0.26457,0.26472
Week 3,12 Oct 2004,0.26626,0.26646
Week 4,19 Oct 2004,0.26913,0.26932

Week 1,26 Oct 2004,0.27068,0.27098
Week 2,02 Nov 2004,0.27109,0.27132
Week 3,09 Nov 2004,0.27047,0.27070
Week 4,16 Nov 2004,0.27472,0.27497

Week 1,23 Nov 2004,0.27577,0.27601
Week 2,30 Nov 2004,0.27296,0.27321
Week 3,07 Dec 2004,0.26843,0.26870
Week 4,14 Dec 2004,0.26720,0.26749

Week 1,21 Dec 2004,0.26787,0.26809
Week 2,28 Dec 2004,0.26949,0.26978
Week 3,04 Jan 2005,0.26584,0.26629
Week 4,11 Jan 2005,0.27176,0.27204

Week 1,18 Jan 2005,0.27357,0.27382
Week 2,25 Jan 2005,0.27169,0.27193
Week 3,01 Feb 2005,0.26943,0.26966
Week 4,08 Feb 2005,0.26612,0.26635

Week 1,15 Feb 2005,0.26540,0.26562
Week 2,22 Feb 2005,0.26432,0.26449
Week 3,01 Mar 2005,0.26441,0.26465
Week 4,08 Mar 2005,0.26408,0.26425

Week 1,15 Mar 2005,0.26269,0.26288
Week 2,22 Mar 2005,0.26077,0.26103
Week 3,29 Mar 2005,0.25911,0.25930
Week 4,05 Apr 2005,0.25701,0.25718

Week 1,12 Apr 2005,0.25836,0.25856
Week 2,19 Apr 2005,0.26040,0.26059
Week 3,26 Apr 2005,0.26317,0.26337
Week 4,03 May 2005,0.26504,0.26523

Week 1,10 May 2005,0.26176,0.26196
Week 2,17 May 2005,0.26009,0.26034
Week 3,24 May 2005,0.25994,0.26011
Week 4,31 May 2005,0.26186,0.26204

Week 1,07 Jun 2005,0.26389,0.26404
Week 2,14 Jun 2005,0.26164,0.26180
Week 3,21 Jun 2005,0.26258,0.26273
Week 4,28 Jun 2005,0.25821,0.25836

Week 1,05 Jul 2005,0.25705,0.25719
Week 2,12 Jul 2005,0.25607,0.25620
Week 3,19 Jul 2005,0.25668,0.25683
Week 4,26 Jul 2005,0.25520,0.25537

Week 1,02 Aug 2005,0.25485,0.25502
Week 2,09 Aug 2005,0.25676,0.25692
Week 3,16 Aug 2005,0.25910,0.25928
Week 4,23 Aug 2005,0.25870,0.25888

Week 1,30 Aug 2005,0.25757,0.25775
Week 2,06 Sep 2005,0.25740,0.25757
Week 3,13 Sep 2005,0.25584,0.25604
Week 4,20 Sep 2005,0.25372,0.25389

Week 1,27 Sep 2005,0.25201,0.25218
Week 2,04 Oct 2005,0.25066,0.25082
Week 3,11 Oct 2005,0.24996,0.25013
Week 4,18 Oct 2005,0.24753,0.24767

Week 1,25 Oct 2005,0.24634,0.24649
Week 2,01 Nov 2005,0.24356,0.24371
Week 3,08 Nov 2005,0.24467,0.24483
Week 4,15 Nov 2005,0.24240,0.24258

Week 1,22 Nov 2005,0.24150,0.24166
Week 2,29 Nov 2005,0.24074,0.24091
Week 3,06 Dec 2005,0.23931,0.23947
Week 4,13 Dec 2005,0.24231,0.24248

Week 1,20 Dec 2005,0.24675,0.24693
Week 2,27 Dec 2005,0.24550,0.24568
Week 3,03 Jan 2006,0.24690,0.24711
Week 4,10 Jan 2006,0.24929,0.24946

Week 1,17 Jan 2006,0.24535,0.24551
Week 2,24 Jan 2006,0.24153,0.24165
Week 3,31 Jan 2006,0.23842,0.23855
Week 4,07 Feb 2006,0.23864,0.23880

Week 1,14 Feb 2006,0.23920,0.23936
Week 2,21 Feb 2006,0.23946,0.23969
Week 3,28 Feb 2006,0.24093,0.24105
Week 4,07 Mar 2006,0.23728,0.23742

Week 1,14 Mar 2006,0.23715,0.23730
Week 2,21 Mar 2006,0.23711,0.23726
Week 3,28 Mar 2006,0.23722,0.23742
Week 4,04 Apr 2006,0.23428,0.23443

Week 1,11 Apr 2006,0.23367,0.23381
Week 2,18 Apr 2006,0.23439,0.23454
Week 3,25 Apr 2006,0.23878,0.23894
Week 4,02 May 2006,0.23976,0.23992

Week 1,09 May 2006,0.24376,0.24391
Week 2,16 May 2006,0.24384,0.24403
Week 3,23 May 2006,0.24078,0.24097
Week 4,30 May 2006,0.23996,0.24013

Week 1,06 Jun 2006,0.23745,0.23756
Week 2,13 Jun 2006,0.23502,0.23520
Week 3,20 Jun 2006,0.23380,0.23396
Week 4,27 Jun 2006,0.23345,0.23362

Week 1,04 Jul 2006,0.23423,0.23439
Week 2,11 Jul 2006,0.23375,0.23391
Week 3,18 Jul 2006,0.23088,0.23101
Week 4,25 Jul 2006,0.23192,0.23202

Week 1,01 Aug 2006,0.23327,0.23345
Week 2,08 Aug 2006,0.23156,0.23171
Week 3,15 Aug 2006,0.23063,0.23080
Week 4,22 Aug 2006,0.22942,0.22960

Week 1,29 Aug 2006,0.22834,0.22852
Week 2,05 Sep 2006,0.22939,0.22956
Week 3,12 Sep 2006,0.22789,0.22806
Week 4,19 Sep 2006,0.22822,0.22840

Week 1,26 Sep 2006,0.22784,0.22801
Week 2,03 Oct 2006,0.22674,0.22686
Week 3,10 Oct 2006,0.22549,0.22564
Week 4,17 Oct 2006,0.22640,0.22655

Week 1,24 Oct 2006,0.22619,0.22633
Week 2,31 Oct 2006,0.22748,0.22763
Week 3,07 Nov 2006,0.22636,0.22651
Week 4,14 Nov 2006,0.22613,0.22629

Week 1,21 Nov 2006,0.22701,0.22714
Week 2,28 Nov 2006,0.22679,0.22694
Week 3,05 Dec 2006,0.22701,0.22715
Week 4,12 Dec 2006,0.22397,0.22413

Week 1,19 Dec 2006,0.22233,0.22249
Week 2,26 Dec 2006,0.22146,0.22164
Week 3,02 Jan 2007,0.22183,0.22202
Week 4,09 Jan 2007,0.22153,0.22166

Week 1,16 Jan 2007,0.21947,0.21961
Week 2,23 Jan 2007,0.21853,0.21867
Week 3,30 Jan 2007,0.21861,0.21875
Week 4,06 Feb 2007,0.21828,0.21842

Week 1,13 Feb 2007,0.21821,0.21836
Week 2,20 Feb 2007,0.21714,0.21727
Week 3,27 Feb 2007,0.22108,0.22118
Week 4,06 Mar 2007,0.22400,0.22414

Week 1,13 Mar 2007,0.22299,0.22314
Week 2,20 Mar 2007,0.22108,0.22122
Week 3,27 Mar 2007,0.22076,0.22089
Week 4,03 Apr 2007,0.21863,0.21882

Week 1,10 Apr 2007,0.21702,0.21717
Week 2,17 Apr 2007,0.21674,0.21687
Week 3,24 Apr 2007,0.21590,0.21604
Week 4,01 May 2007,0.21447,0.21460

Week 1,08 May 2007,0.21486,0.21499
Week 2,15 May 2007,0.21360,0.21373
Week 3,22 May 2007,0.21293,0.21305
Week 4,29 May 2007,0.21254,0.21267

Week 1,05 Jun 2007,0.21305,0.21317
Week 2,12 Jun 2007,0.21195,0.21207
Week 3,19 Jun 2007,0.20951,0.20965
Week 4,26 Jun 2007,0.20931,0.20943

Week 1,03 Jul 2007,0.20904,0.20917
Week 2,10 Jul 2007,0.20857,0.20869
Week 3,17 Jul 2007,0.20875,0.20887
Week 4,24 Jul 2007,0.21290,0.21303

Week 1,31 Jul 2007,0.21542,0.21554
Week 2,07 Aug 2007,0.21476,0.21489
Week 3,14 Aug 2007,0.22175,0.22190
Week 4,21 Aug 2007,0.22276,0.22291

Week 1,28 Aug 2007,0.22182,0.22196
Week 2,04 Sep 2007,0.22300,0.22314
Week 3,11 Sep 2007,0.22177,0.22191
Week 4,18 Sep 2007,0.21797,0.21811

Week 1,25 Sep 2007,0.21674,0.21689
Week 2,02 Oct 2007,0.21442,0.21455
Week 3,09 Oct 2007,0.21257,0.21270
Week 4,16 Oct 2007,0.21453,0.21467

Week 1,23 Oct 2007,0.21718,0.21731
Week 2,30 Oct 2007,0.21493,0.21504
Week 3,06 Nov 2007,0.21748,0.21762
Week 4,13 Nov 2007,0.22131,0.22145

Week 1,20 Nov 2007,0.22342,0.22356
Week 2,27 Nov 2007,0.22212,0.22225
Week 3,04 Dec 2007,0.22056,0.22071
Week 4,11 Dec 2007,0.21854,0.21869

Week 1,18 Dec 2007,0.21796,0.21810
Week 2,25 Dec 2007,0.21675,0.21692
Week 3,01 Jan 2008,0.22236,0.22259
Week 4,08 Jan 2008,0.22344,0.22361

Week 1,15 Jan 2008,0.22779,0.22794
Week 2,22 Jan 2008,0.23066,0.23087
Week 3,29 Jan 2008,0.22942,0.22957
Week 4,05 Feb 2008,0.23051,0.23067

Week 1,12 Feb 2008,0.22878,0.22894
Week 2,19 Feb 2008,0.22767,0.22783
Week 3,26 Feb 2008,0.22831,0.22847
Week 4,04 Mar 2008,0.23209,0.23225

Week 1,11 Mar 2008,0.23489,0.23505
Week 2,18 Mar 2008,0.23944,0.23964
Week 3,25 Mar 2008,0.23650,0.23669
Week 4,01 Apr 2008,0.23246,0.23264

Week 1,08 Apr 2008,0.23101,0.23118
Week 2,15 Apr 2008,0.22902,0.22918
Week 3,22 Apr 2008,0.22634,0.22649
Week 4,29 Apr 2008,0.22673,0.22689

Week 1,06 May 2008,0.22842,0.22858
Week 2,13 May 2008,0.22796,0.22812
Week 3,20 May 2008,0.22793,0.22810
Week 4,27 May 2008,0.22569,0.22586

Week 1,03 Jun 2008,0.22511,0.22526
Week 2,10 Jun 2008,0.22088,0.22104
Week 3,17 Jun 2008,0.21916,0.21930
Week 4,24 Jun 2008,0.21941,0.21956

Week 1,01 Jul 2008,0.22050,0.22065
Week 2,08 Jul 2008,0.21879,0.21894
Week 3,15 Jul 2008,0.21879,0.21894
Week 4,22 Jul 2008,0.21714,0.21729

Week 1,29 Jul 2008,0.21736,0.21752
Week 2,05 Aug 2008,0.21784,0.21799
Week 3,12 Aug 2008,0.22204,0.22219
Week 4,19 Aug 2008,0.22242,0.22255

Week 1,26 Aug 2008,0.22499,0.22515
Week 2,02 Sep 2008,0.23323,0.23339
Week 3,09 Sep 2008,0.23771,0.23787
Week 4,16 Sep 2008,0.23965,0.23983

Week 1,23 Sep 2008,0.23629,0.23646
Week 2,30 Sep 2008,0.24397,0.24415
Week 3,07 Oct 2008,0.25902,0.25930
Week 4,14 Oct 2008,0.25897,0.25921

Week 1,21 Oct 2008,0.27609,0.27639
Week 2,28 Oct 2008,0.27913,0.27941
Week 3,04 Nov 2008,0.27380,0.27401
Week 4,11 Nov 2008,0.28138,0.28158

Week 1,18 Nov 2008,0.28622,0.28642
Week 2,25 Nov 2008,0.28810,0.29003
Week 3,02 Dec 2008,0.30042,0.30206
Week 4,09 Dec 2008,0.30179,0.30375

Week 1,16 Dec 2008,0.30898,0.31194
Week 2,23 Dec 2008,0.31549,0.31607
Week 3,30 Dec 2008,0.32170,0.32487
Week 4,06 Jan 2009,0.31699,0.32212

Week 1,13 Jan 2009,0.35337,0.35721
Week 2,20 Jan 2009,0.36663,0.36979
Week 3,27 Jan 2009,0.38363,0.38574
Week 4,03 Feb 2009,0.39834,0.40111

Week 1,10 Feb 2009,0.38280,0.38680
Week 2,17 Feb 2009,0.38421,0.38681
Week 3,24 Feb 2009,0.36853,0.37285
Week 4,03 Mar 2009,0.36412,0.36841

Week 1,10 Mar 2009,0.35471,0.35923
Week 2,17 Mar 2009,0.34962,0.35199
Week 3,24 Mar 2009,0.34212,0.34438
Week 4,31 Mar 2009,0.33688,0.34115

Week 1,07 Apr 2009,0.33375,0.33510
Week 2,14 Apr 2009,0.33440,0.33884
Week 3,21 Apr 2009,0.34149,0.34607
Week 4,28 Apr 2009,0.33823,0.33973

Week 1,05 May 2009,0.32832,0.33241
Week 2,12 May 2009,0.33355,0.33605
Week 3,19 May 2009,0.33032,0.33215
Week 4,26 May 2009,0.32432,0.32658

Week 1,02 Jun 2009,0.31656,0.31929
Week 2,09 Jun 2009,0.31531,0.31711
Week 3,16 Jun 2009,0.32145,0.32346
Week 4,23 Jun 2009,0.32581,0.32805

Week 1,30 Jun 2009,0.32317,0.32643
Week 2,07 Jul 2009,0.34190,0.34341
Week 3,14 Jul 2009,0.34136,0.34248
Week 4,21 Jul 2009,0.32845,0.32984

Week 1,28 Jul 2009,0.32900,0.32987
Week 2,04 Aug 2009,0.32634,0.32735
Week 3,11 Aug 2009,0.33247,0.33386
Week 4,18 Aug 2009,0.33609,0.33906

Week 1,25 Aug 2009,0.33465,0.33699
Week 2,01 Sep 2009,0.34215,0.34265
Week 3,08 Sep 2009,0.33750,0.33780
Week 4,15 Sep 2009,0.33434,0.33574

Week 1,22 Sep 2009,0.33082,0.33321
Week 2,29 Sep 2009,0.33436,0.33683
Week 3,06 Oct 2009,0.33266,0.33382
Week 4,13 Oct 2009,0.32507,0.32749

Week 1,20 Oct 2009,0.31851,0.31879
Week 2,27 Oct 2009,0.31870,0.32109
Week 3,03 Nov 2009,0.32263,0.32296
Week 4,10 Nov 2009,0.32029,0.32065

Week 1,17 Nov 2009,0.32341,0.32379
Week 2,24 Nov 2009,0.33237,0.33273
Week 3,01 Dec 2009,0.33178,0.33205
Week 4,08 Dec 2009,0.34008,0.34035

Week 1,15 Dec 2009,0.33894,0.33926
Week 2,22 Dec 2009,0.32790,0.32830
Week 3,29 Dec 2009,0.32466,0.32608
Week 4,05 Jan 2010,0.32373,0.32457

Week 1,12 Jan 2010,0.32271,0.32340
Week 2,19 Jan 2010,0.32826,0.32852
Week 3,26 Jan 2010,0.33633,0.33684
Week 4,02 Feb 2010,0.33594,0.33618

Week 1,09 Feb 2010,0.33740,0.33768
Week 2,16 Feb 2010,0.32928,0.33187
Week 3,23 Feb 2010,0.33265,0.33524
Week 4,02 Mar 2010,0.33121,0.33616

Week 1,09 Mar 2010,0.32614,0.32645
Week 2,16 Mar 2010,0.32367,0.32401
Week 3,23 Mar 2010,0.32236,0.32267
Week 4,30 Mar 2010,0.31278,0.31529

Week 1,06 Apr 2010,0.31241,0.31275
Week 2,13 Apr 2010,0.31160,0.31419
Week 3,20 Apr 2010,0.31241,0.31270
Week 4,27 Apr 2010,0.31032,0.31191

Week 1,04 May 2010,0.32096,0.32615
Week 2,11 May 2010,0.32563,0.32595
Week 3,18 May 2010,0.33922,0.33957
Week 4,25 May 2010,0.34141,0.34225

Week 1,01 Jun 2010,0.33734,0.34279
Week 2,08 Jun 2010,0.34545,0.34578
Week 3,15 Jun 2010,0.34054,0.34388
Week 4,22 Jun 2010,0.34431,0.34464

Week 1,29 Jun 2010,0.34981,0.35524
Week 2,06 Jul 2010,0.35133,0.35172
Week 3,13 Jul 2010,0.34627,0.35167
Week 4,20 Jul 2010,0.34795,0.35074

Week 1,27 Jul 2010,0.34630,0.34920
Week 2,03 Aug 2010,0.34731,0.34766
Week 3,10 Aug 2010,0.35322,0.35380
Week 4,17 Aug 2010,0.35539,0.35852

Week 1,24 Aug 2010,0.36039,0.36353
Week 2,31 Aug 2010,0.36340,0.36397
Week 3,07 Sep 2010,0.36696,0.36760
Week 4,14 Sep 2010,0.36073,0.36633

Week 1,21 Sep 2010,0.36480,0.36543
Week 2,28 Sep 2010,0.36455,0.36517
Week 3,05 Oct 2010,0.36167,0.36469
Week 4,12 Oct 2010,0.36882,0.36996

Week 1,19 Oct 2010,0.37478,0.37544
Week 2,26 Oct 2010,0.37823,0.37887
Week 3,02 Nov 2010,0.37894,0.37957
Week 4,09 Nov 2010,0.37451,0.37512

Week 1,16 Nov 2010,0.37302,0.37364
Week 2,23 Nov 2010,0.37392,0.37444
Week 3,30 Nov 2010,0.37500,0.37533
Week 4,07 Dec 2010,0.37135,0.37170

Week 1,14 Dec 2010,0.36512,0.36808
Week 2,21 Dec 2010,0.36732,0.36770
Week 3,28 Dec 2010,0.37165,0.37229
Week 4,04 Jan 2011,0.37071,0.37113

Week 1,11 Jan 2011,0.36426,0.36469
Week 2,18 Jan 2011,0.36060,0.36371
Week 3,25 Jan 2011,0.36121,0.36158
Week 4,01 Feb 2011,0.35853,0.36270

Week 1,08 Feb 2011,0.35350,0.35385
Week 2,15 Feb 2011,0.35019,0.35051
Week 3,22 Feb 2011,0.35308,0.35345
Week 4,01 Mar 2011,0.34599,0.34632

Week 1,08 Mar 2011,0.34510,0.34537
Week 2,15 Mar 2011,0.35423,0.35472
Week 3,22 Mar 2011,0.34834,0.34988
Week 4,29 Mar 2011,0.34154,0.34213

Week 1,05 Apr 2011,0.33199,0.33258
Week 2,12 Apr 2011,0.33589,0.33637
Week 3,19 Apr 2011,0.34143,0.34184
Week 4,26 Apr 2011,0.33828,0.33873

Week 1,03 May 2011,0.34072,0.34128
Week 2,10 May 2011,0.34523,0.34584
Week 3,17 May 2011,0.34451,0.34484
Week 4,24 May 2011,0.34640,0.34691

Week 1,31 May 2011,0.34540,0.34610
Week 2,07 Jun 2011,0.34506,0.34926
Week 3,14 Jun 2011,0.34799,0.34944
Week 4,21 Jun 2011,0.34967,0.35008

Week 1,28 Jun 2011,0.34620,0.34653
Week 2,05 Jul 2011,0.34544,0.34599
Week 3,12 Jul 2011,0.35403,0.35451
Week 4,19 Jul 2011,0.35374,0.35531

Week 1,26 Jul 2011,0.35544,0.35601
Week 2,02 Aug 2011,0.35844,0.35911
Week 3,09 Aug 2011,0.37939,0.38083
Week 4,16 Aug 2011,0.37490,0.37997

Week 1,23 Aug 2011,0.37597,0.37691
Week 2,30 Aug 2011,0.37675,0.37801
Week 3,06 Sep 2011,0.38353,0.38451
Week 4,13 Sep 2011,0.39500,0.39609

Week 1,20 Sep 2011,0.41398,0.41485
Week 2,27 Sep 2011,0.41773,0.41850
Week 3,04 Oct 2011,0.42079,0.42252
Week 4,11 Oct 2011,0.40381,0.40765

Week 1,18 Oct 2011,0.40354,0.40812
Week 2,25 Oct 2011,0.39735,0.39837
Week 3,01 Nov 2011,0.38943,0.39073
Week 4,08 Nov 2011,0.39079,0.39379

Week 1,15 Nov 2011,0.39670,0.40257
Week 2,22 Nov 2011,0.40329,0.40879
Week 3,29 Nov 2011,0.39588,0.40175
Week 4,06 Dec 2011,0.39996,0.40601

Week 1,13 Dec 2011,0.40752,0.40983
Week 2,20 Dec 2011,0.40218,0.40714
Week 3,27 Dec 2011,0.40875,0.41025
Week 4,03 Jan 2012,0.41327,0.41811

Week 1,10 Jan 2012,0.41087,0.41673
Week 2,17 Jan 2012,0.40604,0.41239
Week 3,24 Jan 2012,0.39296,0.39825
Week 4,31 Jan 2012,0.39341,0.39822

Week 1,07 Feb 2012,0.38704,0.38910
Week 2,14 Feb 2012,0.38015,0.38235
Week 3,21 Feb 2012,0.36717,0.36788
Week 4,28 Feb 2012,0.35851,0.36098

Week 1,06 Mar 2012,0.36021,0.36121
Week 2,13 Mar 2012,0.35335,0.35401
Week 3,20 Mar 2012,0.35082,0.35489
Week 4,27 Mar 2012,0.35326,0.35387

Week 1,03 Apr 2012,0.35828,0.35892
Week 2,10 Apr 2012,0.36379,0.36752
Week 3,17 Apr 2012,0.36297,0.36377
Week 4,24 Apr 2012,0.36285,0.36358

Week 1,01 May 2012,0.36554,0.37123
Week 2,08 May 2012,0.37628,0.37843
Week 3,15 May 2012,0.38763,0.38839
Week 4,22 May 2012,0.39741,0.39813

Week 1,29 May 2012,0.41678,0.42003
Week 2,05 Jun 2012,0.41342,0.41594
Week 3,12 Jun 2012,0.40848,0.41331
Week 4,19 Jun 2012,0.40950,0.41390

Week 1,26 Jun 2012,0.41232,0.41315
Week 2,03 Jul 2012,0.40635,0.41097
Week 3,10 Jul 2012,0.41019,0.41519
Week 4,17 Jul 2012,0.40734,0.41170

Week 1,24 Jul 2012,0.41278,0.41519
Week 2,31 Jul 2012,0.41089,0.41157
Week 3,07 Aug 2012,0.40440,0.40495
Week 4,14 Aug 2012,0.40377,0.40426

Week 1,21 Aug 2012,0.40273,0.40344
Week 2,28 Aug 2012,0.40776,0.41230
Week 3,04 Sep 2012,0.40832,0.40895
Week 4,11 Sep 2012,0.39833,0.39965

Week 1,18 Sep 2012,0.39374,0.39766
Week 2,25 Sep 2012,0.40003,0.40069
Week 3,02 Oct 2012,0.39517,0.39727
Week 4,09 Oct 2012,0.39626,0.39759

Week 1,16 Oct 2012,0.38953,0.39170
Week 2,23 Oct 2012,0.39194,0.39249
Week 3,30 Oct 2012,0.39224,0.39281
Week 4,06 Nov 2012,0.39379,0.39570

Week 1,13 Nov 2012,0.39278,0.39501
Week 2,20 Nov 2012,0.37958,0.38142
Week 3,27 Nov 2012,0.37564,0.37733
Week 4,04 Dec 2012,0.37352,0.37651

Week 1,11 Dec 2012,0.36861,0.37020
Week 2,18 Dec 2012,0.36570,0.36619
Week 3,25 Dec 2012,0.35679,0.35738
Week 4,01 Jan 2013,0.34756,0.34822

Week 1,08 Jan 2013,0.34088,0.34478
Week 2,15 Jan 2013,0.33780,0.33958
Week 3,22 Jan 2013,0.33433,0.33628
Week 4,29 Jan 2013,0.32703,0.32748

Week 1,05 Feb 2013,0.32331,0.32385
Week 2,12 Feb 2013,0.32205,0.32254
Week 3,19 Feb 2013,0.32344,0.32393
Week 4,26 Feb 2013,0.32926,0.32976

Week 1,05 Mar 2013,0.32480,0.32538
Week 2,12 Mar 2013,0.31957,0.32119
Week 3,19 Mar 2013,0.32466,0.32535
Week 4,26 Mar 2013,0.32817,0.32883

Week 1,02 Apr 2013,0.33003,0.33055
Week 2,09 Apr 2013,0.31348,0.31432
Week 3,16 Apr 2013,0.31971,0.32067
Week 4,23 Apr 2013,0.31594,0.31939

Week 1,30 Apr 2013,0.31688,0.31773
Week 2,07 May 2013,0.31142,0.31206
Week 3,14 May 2013,0.30628,0.30687
Week 4,21 May 2013,0.30662,0.30726

Week 1,28 May 2013,0.31264,0.31395
Week 2,04 Jun 2013,0.32506,0.32572
Week 3,11 Jun 2013,0.33471,0.33539
Week 4,18 Jun 2013,0.33550,0.33617

Week 1,25 Jun 2013,0.33344,0.33418
Week 2,02 Jul 2013,0.33018,0.33067
Week 3,09 Jul 2013,0.32835,0.32917
Week 4,16 Jul 2013,0.32398,0.32458

Week 1,23 Jul 2013,0.32758,0.32864
Week 2,30 Jul 2013,0.33383,0.33457
Week 3,06 Aug 2013,0.33883,0.33934
Week 4,13 Aug 2013,0.33777,0.33836

Week 1,20 Aug 2013,0.33607,0.33664
Week 2,27 Aug 2013,0.33795,0.33885
Week 3,03 Sep 2013,0.33539,0.33586
Week 4,10 Sep 2013,0.32867,0.32913

Week 1,17 Sep 2013,0.32239,0.32312
Week 2,24 Sep 2013,0.32551,0.32616
Week 3,01 Oct 2013,0.33000,0.33054
Week 4,08 Oct 2013,0.32958,0.33049

Week 1,15 Oct 2013,0.32614,0.32711
Week 2,22 Oct 2013,0.32545,0.32598
Week 3,29 Oct 2013,0.32677,0.32770
Week 4,05 Nov 2013,0.32903,0.32968

Week 1,12 Nov 2013,0.32765,0.32815
Week 2,19 Nov 2013,0.32502,0.32610
Week 3,26 Nov 2013,0.32396,0.32440
Week 4,03 Dec 2013,0.32172,0.32212

Week 1,10 Dec 2013,0.31797,0.31838
Week 2,17 Dec 2013,0.31769,0.31816
Week 3,24 Dec 2013,0.31183,0.31234
Week 4,31 Dec 2013,0.31415,0.31466

Week 1,07 Jan 2014,0.31672,0.31718
Week 2,14 Jan 2014,0.32072,0.32113
Week 3,21 Jan 2014,0.32953,0.33002
Week 4,28 Jan 2014,0.34100,0.34172

Week 1,04 Feb 2014,0.34266,0.34314
Week 2,11 Feb 2014,0.34212,0.34254
Week 3,18 Feb 2014,0.34704,0.34742
Week 4,25 Feb 2014,0.35116,0.35161

Week 1,04 Mar 2014,0.35350,0.35419
Week 2,11 Mar 2014,0.35666,0.35759
Week 3,18 Mar 2014,0.35547,0.35617
Week 4,25 Mar 2014,0.34825,0.34970

Week 1,01 Apr 2014,0.34064,0.34186
Week 2,08 Apr 2014,0.34882,0.34939
Week 3,15 Apr 2014,0.34981,0.35153
Week 4,22 Apr 2014,0.34966,0.35031

Week 1,29 Apr 2014,0.34913,0.35000
Week 2,06 May 2014,0.34651,0.34712
Week 3,13 May 2014,0.34170,0.34272
Week 4,20 May 2014,0.33741,0.33811

Week 1,27 May 2014,0.33930,0.34007
Week 2,03 Jun 2014,0.33908,0.33986
Week 3,10 Jun 2014,0.33624,0.33671
Week 4,17 Jun 2014,0.33826,0.33866

Week 1,24 Jun 2014,0.33244,0.33295
Week 2,01 Jul 2014,0.33602,0.33698
Week 3,08 Jul 2014,0.33651,0.33711
Week 4,15 Jul 2014,0.34250,0.34317

Week 1,22 Jul 2014,0.34469,0.34522
Week 2,29 Jul 2014,0.34777,0.34834
Week 3,05 Aug 2014,0.35298,0.35354
Week 4,12 Aug 2014,0.35208,0.35259

Week 1,19 Aug 2014,0.34912,0.34976
Week 2,26 Aug 2014,0.35101,0.35208
Week 3,02 Sep 2014,0.35304,0.35370
Week 4,09 Sep 2014,0.35051,0.35130

Week 1,16 Sep 2014,0.35451,0.35522
Week 2,23 Sep 2014,0.35486,0.35574
Week 3,30 Sep 2014,0.36297,0.36371
Week 4,07 Oct 2014,0.37040,0.37104

Week 1,14 Oct 2014,0.38077,0.38204
Week 2,21 Oct 2014,0.38533,0.38592
Week 3,28 Oct 2014,0.38904,0.39048
Week 4,04 Nov 2014,0.39570,0.39796

Week 1,11 Nov 2014,0.40266,0.40341
Week 2,18 Nov 2014,0.39484,0.39542
Week 3,25 Nov 2014,0.40349,0.40484
Week 4,02 Dec 2014,0.43900,0.43984

Week 1,09 Dec 2014,0.46410,0.46667
Week 2,16 Dec 2014,0.53992,0.54277
Week 3,23 Dec 2014,0.44929,0.45080
Week 4,30 Dec 2014,0.48396,0.48968

Week 1,06 Jan 2015,0.51509,0.51974
Week 2,13 Jan 2015,0.54907,0.55021
Week 3,20 Jan 2015,0.54727,0.54861
Week 4,27 Jan 2015,0.58194,0.58285

Week 1,03 Feb 2015,0.56854,0.56963
Week 2,10 Feb 2015,0.54472,0.54567
Week 3,17 Feb 2015,0.52118,0.52228
Week 4,24 Feb 2015,0.51900,0.52023

Week 1,03 Mar 2015,0.50920,0.50971
Week 2,10 Mar 2015,0.50751,0.50860
Week 3,17 Mar 2015,0.50054,0.50117
Week 4,24 Mar 2015,0.48402,0.48468

Week 1,31 Mar 2015,0.47853,0.47942
Week 2,07 Apr 2015,0.44771,0.44857
Week 3,14 Apr 2015,0.42957,0.43058
Week 4,21 Apr 2015,0.43390,0.43452

Week 1,28 Apr 2015,0.43010,0.43393
Week 2,05 May 2015,0.42403,0.42480
Week 3,12 May 2015,0.41748,0.41864
Week 4,19 May 2015,0.41029,0.41125

Week 1,26 May 2015,0.41845,0.41976
Week 2,02 Jun 2015,0.43919,0.44065
Week 3,09 Jun 2015,0.44463,0.44638
Week 4,16 Jun 2015,0.43886,0.43953

Week 1,23 Jun 2015,0.44011,0.44080
Week 2,30 Jun 2015,0.45305,0.45382
Week 3,07 Jul 2015,0.46401,0.46486
Week 4,14 Jul 2015,0.45889,0.45966

Week 1,21 Jul 2015,0.46461,0.46529
Week 2,28 Jul 2015,0.48632,0.48727
Week 3,04 Aug 2015,0.51067,0.51165
Week 4,11 Aug 2015,0.51713,0.51815

Week 1,18 Aug 2015,0.54471,0.54588
Week 2,25 Aug 2015,0.56035,0.56177
Week 3,01 Sep 2015,0.55885,0.56023
Week 4,08 Sep 2015,0.56555,0.56639

Week 1,15 Sep 2015,0.55211,0.55309
Week 2,22 Sep 2015,0.54760,0.54864
Week 3,29 Sep 2015,0.54839,0.54948
Week 4,06 Oct 2015,0.52101,0.52207

Week 1,13 Oct 2015,0.51746,0.51860
Week 2,20 Oct 2015,0.51695,0.51790
Week 3,27 Oct 2015,0.52972,0.53060
Week 4,03 Nov 2015,0.52407,0.52485

Week 1,10 Nov 2015,0.53373,0.53519
Week 2,17 Nov 2015,0.52713,0.52791
Week 3,24 Nov 2015,0.53691,0.53786
Week 4,01 Dec 2015,0.54615,0.54668

Week 1,08 Dec 2015,0.56516,0.56617
Week 2,15 Dec 2015,0.57947,0.58025
Week 3,22 Dec 2015,0.58565,0.58598
Week 4,29 Dec 2015,0.60549,0.60588

Week 1,05 Jan 2016,0.61160,0.61192
Week 2,12 Jan 2016,0.64654,0.64758
Week 3,19 Jan 2016,0.67715,0.68026
Week 4,26 Jan 2016,0.64248,0.64310

Week 1,02 Feb 2016,0.65239,0.65319
Week 2,09 Feb 2016,0.69095,0.69171
Week 3,16 Feb 2016,0.67779,0.67856
Week 4,23 Feb 2016,0.67376,0.67428

Week 1,01 Mar 2016,0.64586,0.64650
Week 2,08 Mar 2016,0.62328,0.62465
Week 3,15 Mar 2016,0.61575,0.61635
Week 4,22 Mar 2016,0.60498,0.60576

Week 1,29 Mar 2016,0.60293,0.60357
Week 2,05 Apr 2016,0.62010,0.62064
Week 3,12 Apr 2016,0.60931,0.60990
Week 4,19 Apr 2016,0.60214,0.60267

Week 1,26 Apr 2016,0.59975,0.60034
Week 2,03 May 2016,0.61634,0.61682
Week 3,10 May 2016,0.60339,0.60393
Week 4,17 May 2016,0.60125,0.60183

Week 1,24 May 2016,0.60158,0.60204
Week 2,31 May 2016,0.60835,0.60896
Week 3,07 Jun 2016,0.60578,0.60628
Week 4,14 Jun 2016,0.62191,0.62240

Week 1,21 Jun 2016,0.62114,0.62186
Week 2,28 Jun 2016,0.62659,0.62728
Week 3,05 Jul 2016,0.63357,0.63413
Week 4,12 Jul 2016,0.60893,0.60946

Week 1,19 Jul 2016,0.60246,0.60296
Week 2,26 Jul 2016,0.63445,0.63502
Week 3,02 Aug 2016,0.64981,0.65041
Week 4,09 Aug 2016,0.63644,0.63702

Week 1,16 Aug 2016,0.63616,0.63693
Week 2,23 Aug 2016,0.64119,0.64212
Week 3,30 Aug 2016,0.63155,0.63246
Week 4,06 Sep 2016,0.62931,0.63023

Week 1,13 Sep 2016,0.63527,0.63617
Week 2,20 Sep 2016,0.63429,0.63522
Week 3,27 Sep 2016,0.62717,0.62810
Week 4,04 Oct 2016,0.60586,0.60676

Week 1,11 Oct 2016,0.60353,0.60441
Week 2,18 Oct 2016,0.60218,0.60298
Week 3,25 Oct 2016,0.59869,0.59952
Week 4,01 Nov 2016,0.61458,0.61608

Week 1,08 Nov 2016,0.61232,0.61322
Week 2,15 Nov 2016,0.59377,0.59454
Week 3,22 Nov 2016,0.57411,0.57488
Week 4,29 Nov 2016,0.56753,0.56835

Week 1,06 Dec 2016,0.55241,0.55311
Week 2,13 Dec 2016,0.52680,0.52743
Week 3,20 Dec 2016,0.52098,0.52165
Week 4,27 Dec 2016,0.51937,0.52017

Week 1,03 Jan 2017,0.51454,0.51535
Week 2,10 Jan 2017,0.51805,0.51877
Week 3,17 Jan 2017,0.52098,0.52175
Week 4,24 Jan 2017,0.52241,0.52311

Week 1,31 Jan 2017,0.52647,0.52730
Week 2,07 Feb 2017,0.52137,0.52214
Week 3,14 Feb 2017,0.50908,0.50985
Week 4,21 Feb 2017,0.51429,0.51521

Week 1,28 Feb 2017,0.51324,0.51401
Week 2,07 Mar 2017,0.51234,0.51310
Week 3,14 Mar 2017,0.51144,0.51220
Week 4,21 Mar 2017,0.51324,0.51398

Week 1,28 Mar 2017,0.50856,0.50924
Week 2,04 Apr 2017,0.51023,0.51090
Week 3,11 Apr 2017,0.51723,0.51802
Week 4,18 Apr 2017,0.51642,0.51719

Week 1,25 Apr 2017,0.50957,0.51028
Week 2,02 May 2017,0.51240,0.51316
Week 3,09 May 2017,0.50689,0.50759
Week 4,16 May 2017,0.50769,0.50844

Week 1,23 May 2017,0.50695,0.50768
Week 2,30 May 2017,0.51004,0.51079
Week 3,06 Jun 2017,0.51604,0.51675
Week 4,13 Jun 2017,0.51975,0.52053

Week 1,20 Jun 2017,0.53299,0.53377
Week 2,27 Jun 2017,0.52690,0.52766
Week 3,04 Jul 2017,0.52800,0.52876
Week 4,11 Jul 2017,0.52803,0.52868

Week 1,18 Jul 2017,0.52894,0.52964
Week 2,25 Jul 2017,0.53667,0.53741
Week 3,01 Aug 2017,0.54376,0.54447
Week 4,08 Aug 2017,0.54580,0.54650

Week 1,15 Aug 2017,0.54096,0.54168
Week 2,22 Aug 2017,0.53869,0.53940
Week 3,29 Aug 2017,0.52899,0.52968
Week 4,05 Sep 2017,0.52793,0.52864

Week 1,12 Sep 2017,0.52161,0.52233
Week 2,19 Sep 2017,0.51643,0.51710
Week 3,26 Sep 2017,0.51334,0.51416
Week 4,03 Oct 2017,0.51326,0.51396

Week 1,10 Oct 2017,0.51377,0.51451
Week 2,17 Oct 2017,0.50840,0.50906
Week 3,24 Oct 2017,0.50759,0.50825
Week 4,31 Oct 2017,0.51338,0.51410

Week 1,07 Nov 2017,0.51953,0.52004
Week 2,14 Nov 2017,0.52739,0.52811
Week 3,21 Nov 2017,0.52495,0.52571
Week 4,28 Nov 2017,0.52337,0.52408

Week 1,05 Dec 2017,0.52281,0.52340
