JPY->IDR

Week 1,01 Dec 1998,62.09291,62.86737
Week 2,08 Dec 1998,63.23063,63.89601
Week 3,15 Dec 1998,66.35337,67.23437
Week 4,22 Dec 1998,66.55953,67.75124

Week 1,29 Dec 1998,69.33184,70.17884
Week 2,05 Jan 1999,71.21326,72.12679
Week 3,12 Jan 1999,74.10590,74.76850
Week 4,19 Jan 1999,76.27289,77.01786

Week 1,26 Jan 1999,77.70937,78.60643
Week 2,02 Feb 1999,76.80160,77.68997
Week 3,09 Feb 1999,75.59914,76.36624
Week 4,16 Feb 1999,73.11966,73.82944

Week 1,23 Feb 1999,73.28297,73.88129
Week 2,02 Mar 1999,72.52936,73.11440
Week 3,09 Mar 1999,75.89191,76.46814
Week 4,16 Mar 1999,75.33294,75.97477

Week 1,23 Mar 1999,74.06461,74.66766
Week 2,30 Mar 1999,71.54889,72.30540
Week 3,06 Apr 1999,71.84127,72.45979
Week 4,13 Apr 1999,72.63690,73.28106

Week 1,20 Apr 1999,71.93667,72.54157
Week 2,27 Apr 1999,68.91487,69.51860
Week 3,04 May 1999,65.66104,66.07923
Week 4,11 May 1999,64.11860,64.64936

Week 1,18 May 1999,64.98510,65.65589
Week 2,25 May 1999,66.25473,66.75779
Week 3,01 Jun 1999,66.54731,66.81204
Week 4,08 Jun 1999,65.54919,66.03391

Week 1,15 Jun 1999,60.26726,60.78067
Week 2,22 Jun 1999,55.69750,56.15241
Week 3,29 Jun 1999,56.12727,56.55201
Week 4,06 Jul 1999,54.36799,54.75063

Week 1,13 Jul 1999,55.25741,55.61801
Week 2,20 Jul 1999,58.16486,58.51573
Week 3,27 Jul 1999,59.72077,59.98827
Week 4,03 Aug 1999,59.97657,60.22884

Week 1,10 Aug 1999,65.84036,66.27363
Week 2,17 Aug 1999,66.58014,67.06891
Week 3,24 Aug 1999,68.17896,68.72036
Week 4,31 Aug 1999,70.86377,71.36117

Week 1,07 Sep 1999,75.00136,75.76657
Week 2,14 Sep 1999,76.54857,77.19951
Week 3,21 Sep 1999,81.48263,82.05963
Week 4,28 Sep 1999,76.85816,77.52230

Week 1,05 Oct 1999,72.15690,72.69596
Week 2,12 Oct 1999,74.26510,75.02506
Week 3,19 Oct 1999,65.70973,66.67721
Week 4,26 Oct 1999,65.19786,65.72679

Week 1,02 Nov 1999,64.21099,64.69297
Week 2,09 Nov 1999,66.45181,66.89836
Week 3,16 Nov 1999,65.95446,66.37173
Week 4,23 Nov 1999,69.18233,69.59239

Week 1,30 Nov 1999,70.93164,71.27200
Week 2,07 Dec 1999,70.36750,70.72130
Week 3,14 Dec 1999,68.69386,69.12463
Week 4,21 Dec 1999,68.57261,68.97199

Week 1,28 Dec 1999,68.52231,69.53833
Week 2,04 Jan 2000,68.36933,68.90199
Week 3,11 Jan 2000,67.89727,68.41576
Week 4,18 Jan 2000,69.29070,69.85971

Week 1,25 Jan 2000,69.48461,70.05990
Week 2,01 Feb 2000,70.06734,70.58077
Week 3,08 Feb 2000,67.03890,67.40976
Week 4,15 Feb 2000,66.82374,67.18650

Week 1,22 Feb 2000,66.92699,67.24091
Week 2,29 Feb 2000,68.61960,68.96391
Week 3,07 Mar 2000,69.33137,69.66753
Week 4,14 Mar 2000,70.15711,70.56270

Week 1,21 Mar 2000,69.48397,69.74601
Week 2,28 Mar 2000,72.16330,72.51134
Week 3,04 Apr 2000,73.19599,73.55693
Week 4,11 Apr 2000,71.96550,72.38679

Week 1,18 Apr 2000,74.75374,75.23171
Week 2,25 Apr 2000,73.94239,74.40893
Week 3,02 May 2000,73.29460,73.67346
Week 4,09 May 2000,75.72483,76.31693

Week 1,16 May 2000,78.10420,78.64153
Week 2,23 May 2000,78.58204,79.04647
Week 3,30 May 2000,78.37089,78.84103
Week 4,06 Jun 2000,79.48069,79.88970

Week 1,13 Jun 2000,80.25621,80.64250
Week 2,20 Jun 2000,82.21276,82.63299
Week 3,27 Jun 2000,82.38176,82.74977
Week 4,04 Jul 2000,85.77014,86.25749

Week 1,11 Jul 2000,87.27973,87.70297
Week 2,18 Jul 2000,83.14891,83.60924
Week 3,25 Jul 2000,81.93189,82.42849
Week 4,01 Aug 2000,80.00493,80.50306

Week 1,08 Aug 2000,77.66847,78.06763
Week 2,15 Aug 2000,76.39886,76.74706
Week 3,22 Aug 2000,77.24014,77.69926
Week 4,29 Aug 2000,78.15253,78.54821

Week 1,05 Sep 2000,78.84931,79.18590
Week 2,12 Sep 2000,80.92034,81.44274
Week 3,19 Sep 2000,81.48410,81.95686
Week 4,26 Sep 2000,81.92303,82.35236

Week 1,03 Oct 2000,80.56666,80.99896
Week 2,10 Oct 2000,82.21963,82.58304
Week 3,17 Oct 2000,82.06766,82.37179
Week 4,24 Oct 2000,83.22560,83.66323

Week 1,31 Oct 2000,85.23824,85.80374
Week 2,07 Nov 2000,85.59093,86.05151
Week 3,14 Nov 2000,86.42207,86.81269
Week 4,21 Nov 2000,85.21641,85.62481

Week 1,28 Nov 2000,85.37570,85.82846
Week 2,05 Dec 2000,85.74024,86.39501
Week 3,12 Dec 2000,83.55026,84.00267
Week 4,19 Dec 2000,82.28999,82.79523

Week 1,26 Dec 2000,83.25671,84.13800
Week 2,02 Jan 2001,82.34461,82.79384
Week 3,09 Jan 2001,81.27804,81.62797
Week 4,16 Jan 2001,79.71230,80.71584

Week 1,23 Jan 2001,80.14239,80.84524
Week 2,30 Jan 2001,81.53166,82.33699
Week 3,06 Feb 2001,82.13203,83.02413
Week 4,13 Feb 2001,82.36951,83.29284

Week 1,20 Feb 2001,82.71607,83.38701
Week 2,27 Feb 2001,83.27727,84.19044
Week 3,06 Mar 2001,83.44703,84.05627
Week 4,13 Mar 2001,83.35814,84.72929

Week 1,20 Mar 2001,84.41244,84.74983
Week 2,27 Mar 2001,83.57836,84.14014
Week 3,03 Apr 2001,85.42597,85.76629
Week 4,10 Apr 2001,85.41773,85.74907

Week 1,17 Apr 2001,91.70089,92.44809
Week 2,24 Apr 2001,96.30170,97.33380
Week 3,01 May 2001,90.96814,91.86030
Week 4,08 May 2001,90.96776,91.46224

Week 1,15 May 2001,92.09197,92.46639
Week 2,22 May 2001,94.40969,94.72624
Week 3,29 May 2001,94.65283,95.35820
Week 4,05 Jun 2001,93.18949,93.57307

Week 1,12 Jun 2001,91.86714,92.16677
Week 2,19 Jun 2001,91.34499,91.57464
Week 3,26 Jun 2001,91.48509,91.66276
Week 4,03 Jul 2001,90.43783,90.64083

Week 1,10 Jul 2001,90.76367,90.94531
Week 2,17 Jul 2001,90.62930,90.77456
Week 3,24 Jul 2001,80.88144,81.88573
Week 4,31 Jul 2001,76.80967,77.42194

Week 1,07 Aug 2001,75.03360,75.39657
Week 2,14 Aug 2001,71.76707,72.28414
Week 3,21 Aug 2001,71.77216,72.10237
Week 4,28 Aug 2001,74.46243,74.83944

Week 1,04 Sep 2001,75.36033,75.83053
Week 2,11 Sep 2001,76.63594,76.72979
Week 3,18 Sep 2001,80.00236,81.34987
Week 4,25 Sep 2001,80.23841,81.94524

Week 1,02 Oct 2001,81.58489,82.76511
Week 2,09 Oct 2001,82.58041,83.03324
Week 3,16 Oct 2001,82.72413,83.03747
Week 4,23 Oct 2001,83.17577,83.40719

Week 1,30 Oct 2001,86.14314,86.58017
Week 2,06 Nov 2001,87.25401,88.04604
Week 3,13 Nov 2001,86.88104,87.38891
Week 4,20 Nov 2001,84.81313,85.12640

Week 1,27 Nov 2001,83.50944,85.10931
Week 2,04 Dec 2001,83.21550,83.60553
Week 3,11 Dec 2001,80.06083,80.39683
Week 4,18 Dec 2001,78.66989,79.05209

Week 1,25 Dec 2001,78.82246,79.18087
Week 2,01 Jan 2002,78.94276,79.41997
Week 3,08 Jan 2002,78.72014,78.87994
Week 4,15 Jan 2002,78.54371,78.71667

Week 1,22 Jan 2002,77.42943,77.77770
Week 2,29 Jan 2002,77.32323,77.51586
Week 3,05 Feb 2002,76.55411,76.97329
Week 4,12 Feb 2002,76.88530,77.07261

Week 1,19 Feb 2002,75.97731,76.61611
Week 2,26 Feb 2002,75.57594,75.97924
Week 3,05 Mar 2002,77.03410,77.22731
Week 4,12 Mar 2002,77.15019,77.50129

Week 1,19 Mar 2002,74.66414,74.84196
Week 2,26 Mar 2002,73.17330,73.59710
Week 3,02 Apr 2002,72.77684,73.14119
Week 4,09 Apr 2002,72.57436,72.90613

Week 1,16 Apr 2002,71.69839,71.94339
Week 2,23 Apr 2002,72.35890,72.62967
Week 3,30 Apr 2002,72.77134,73.40274
Week 4,07 May 2002,71.91569,73.30433

Week 1,14 May 2002,71.85781,72.44323
Week 2,21 May 2002,72.00629,72.23273
Week 3,28 May 2002,70.63204,70.89330
Week 4,04 Jun 2002,70.79261,71.48266

Week 1,11 Jun 2002,69.27969,70.35721
Week 2,18 Jun 2002,70.19751,70.36420
Week 3,25 Jun 2002,71.43621,72.84671
Week 4,02 Jul 2002,73.27893,74.12836

Week 1,09 Jul 2002,76.66531,76.88036
Week 2,16 Jul 2002,76.14291,77.02687
Week 3,23 Jul 2002,76.41556,77.43471
Week 4,30 Jul 2002,75.79521,76.88923

Week 1,06 Aug 2002,74.56937,75.52511
Week 2,13 Aug 2002,74.55641,75.20779
Week 3,20 Aug 2002,74.23743,74.44853
Week 4,27 Aug 2002,74.74511,74.91147

Week 1,03 Sep 2002,74.69247,75.19171
Week 2,10 Sep 2002,73.51549,74.34244
Week 3,17 Sep 2002,73.51867,73.85530
Week 4,24 Sep 2002,73.39407,73.49786

Week 1,01 Oct 2002,72.78414,73.93823
Week 2,08 Oct 2002,72.06293,73.26529
Week 3,15 Oct 2002,73.80889,74.13967
Week 4,22 Oct 2002,73.42784,74.62384

Week 1,29 Oct 2002,74.54310,75.87816
Week 2,05 Nov 2002,75.91916,76.26287
Week 3,12 Nov 2002,75.26261,75.39616
Week 4,19 Nov 2002,73.29911,73.46420

Week 1,26 Nov 2002,73.36604,73.50019
Week 2,03 Dec 2002,72.33326,72.46667
Week 3,10 Dec 2002,72.81346,72.92499
Week 4,17 Dec 2002,73.45157,73.57623

Week 1,24 Dec 2002,74.00983,74.13894
Week 2,31 Dec 2002,74.78253,74.96219
Week 3,07 Jan 2003,74.70917,74.83721
Week 4,14 Jan 2003,75.06190,75.16721

Week 1,21 Jan 2003,75.09614,75.45193
Week 2,28 Jan 2003,74.34914,74.47914
Week 3,04 Feb 2003,73.79243,73.89813
Week 4,11 Feb 2003,73.82866,73.96793

Week 1,18 Feb 2003,74.73187,74.84659
Week 2,25 Feb 2003,75.42929,75.53573
Week 3,04 Mar 2003,75.54816,75.65837
Week 4,11 Mar 2003,75.46469,75.56977

Week 1,18 Mar 2003,74.76239,74.91109
Week 2,25 Mar 2003,74.11740,74.26900
Week 3,01 Apr 2003,73.98371,75.06484
Week 4,08 Apr 2003,73.35973,74.11910

Week 1,15 Apr 2003,72.92299,73.38481
Week 2,22 Apr 2003,72.58786,72.77061
Week 3,29 Apr 2003,72.52416,72.95220
Week 4,06 May 2003,72.66771,72.86040

Week 1,13 May 2003,72.41746,72.57797
Week 2,20 May 2003,70.87753,71.27450
Week 3,27 May 2003,69.62331,69.82964
Week 4,03 Jun 2003,69.02273,69.46784

Week 1,10 Jun 2003,69.34059,70.39716
Week 2,17 Jun 2003,69.38879,69.75879
Week 3,24 Jun 2003,69.30277,69.51050
Week 4,01 Jul 2003,69.06349,69.50586

Week 1,08 Jul 2003,68.78164,70.45470
Week 2,15 Jul 2003,69.17424,70.52963
Week 3,22 Jul 2003,71.13104,71.65000
Week 4,29 Jul 2003,70.26460,71.92137

Week 1,05 Aug 2003,71.32736,72.12741
Week 2,12 Aug 2003,71.67379,71.82180
Week 3,19 Aug 2003,71.42369,71.57674
Week 4,26 Aug 2003,72.38103,72.53891

Week 1,02 Sep 2003,72.09894,73.21157
Week 2,09 Sep 2003,71.51919,72.91116
Week 3,16 Sep 2003,73.07644,73.51263
Week 4,23 Sep 2003,75.40224,75.51503

Week 1,30 Sep 2003,75.56253,75.72800
Week 2,07 Oct 2003,76.51254,76.67517
Week 3,14 Oct 2003,76.95861,77.10891
Week 4,21 Oct 2003,77.55349,77.69129

Week 1,28 Oct 2003,78.23117,78.36867
Week 2,04 Nov 2003,77.25716,77.40469
Week 3,11 Nov 2003,78.15751,78.30861
Week 4,18 Nov 2003,78.02180,78.26373

Week 1,25 Nov 2003,77.68856,77.86304
Week 2,02 Dec 2003,78.39716,78.51824
Week 3,09 Dec 2003,78.61139,78.75123
Week 4,16 Dec 2003,78.74381,78.84667

Week 1,23 Dec 2003,79.08147,79.21964
Week 2,30 Dec 2003,78.68081,78.90737
Week 3,06 Jan 2004,78.41973,78.61190
Week 4,13 Jan 2004,78.45284,78.59299

Week 1,20 Jan 2004,78.68061,78.83451
Week 2,27 Jan 2004,79.63044,79.73656
Week 3,03 Feb 2004,80.07510,80.19093
Week 4,10 Feb 2004,79.69764,79.82851

Week 1,17 Feb 2004,78.55541,78.67164
Week 2,24 Feb 2004,77.46694,77.61310
Week 3,02 Mar 2004,77.10071,77.21259
Week 4,09 Mar 2004,77.39713,77.53223

Week 1,16 Mar 2004,79.71224,79.81959
Week 2,23 Mar 2004,81.09069,81.20727
Week 3,30 Mar 2004,82.34097,82.46490
Week 4,06 Apr 2004,81.03436,81.15601

Week 1,13 Apr 2004,80.05040,80.16451
Week 2,20 Apr 2004,79.15821,79.27113
Week 3,27 Apr 2004,78.72931,79.70077
Week 4,04 May 2004,78.89439,79.24439

Week 1,11 May 2004,78.93101,79.09463
Week 2,18 May 2004,79.96911,80.14794
Week 3,25 May 2004,83.07269,83.28726
Week 4,01 Jun 2004,85.00886,85.21276

Week 1,08 Jun 2004,84.86633,85.12590
Week 2,15 Jun 2004,85.74453,85.97399
Week 3,22 Jun 2004,86.95750,87.15049
Week 4,29 Jun 2004,85.54117,85.75887

Week 1,06 Jul 2004,82.55217,82.74773
Week 2,13 Jul 2004,81.84836,82.05289
Week 3,20 Jul 2004,82.38041,82.57329
Week 4,27 Jul 2004,82.00246,82.19939

Week 1,03 Aug 2004,82.60109,82.78971
Week 2,10 Aug 2004,83.25617,83.44803
Week 3,17 Aug 2004,84.34471,84.55743
Week 4,24 Aug 2004,84.65880,84.87534

Week 1,31 Aug 2004,84.51207,84.75561
Week 2,07 Sep 2004,84.56627,84.79000
Week 3,14 Sep 2004,82.53946,82.73801
Week 4,21 Sep 2004,82.31621,82.47760

Week 1,28 Sep 2004,82.80621,82.97310
Week 2,05 Oct 2004,82.25766,82.46996
Week 3,12 Oct 2004,83.05409,83.23643
Week 4,19 Oct 2004,84.09866,84.27931

Week 1,26 Oct 2004,85.41304,85.59987
Week 2,02 Nov 2004,85.63163,85.84853
Week 3,09 Nov 2004,84.79381,84.96599
Week 4,16 Nov 2004,86.24341,86.44109

Week 1,23 Nov 2004,87.27819,87.42901
Week 2,30 Nov 2004,87.88820,88.09863
Week 3,07 Dec 2004,87.95796,88.14119
Week 4,14 Dec 2004,88.72613,88.89196

Week 1,21 Dec 2004,89.25636,89.46501
Week 2,28 Dec 2004,90.61494,90.79964
Week 3,04 Jan 2005,88.96667,89.14826
Week 4,11 Jan 2005,89.56677,89.73261

Week 1,18 Jan 2005,89.04233,89.21194
Week 2,25 Jan 2005,88.46653,88.62701
Week 3,01 Feb 2005,88.33324,88.56430
Week 4,08 Feb 2005,87.70509,87.95964

Week 1,15 Feb 2005,87.84004,88.01376
Week 2,22 Feb 2005,87.88417,88.09106
Week 3,01 Mar 2005,88.76446,88.99376
Week 4,08 Mar 2005,89.68827,89.86004

Week 1,15 Mar 2005,89.37147,89.55607
Week 2,22 Mar 2005,88.68799,88.93439
Week 3,29 Mar 2005,88.15940,88.36534
Week 4,05 Apr 2005,87.43131,87.62641

Week 1,12 Apr 2005,88.18516,88.36109
Week 2,19 Apr 2005,90.38361,90.55904
Week 3,26 Apr 2005,91.02267,91.26717
Week 4,03 May 2005,90.53700,90.77327

Week 1,10 May 2005,88.78489,88.96446
Week 2,17 May 2005,87.66130,87.90906
Week 3,24 May 2005,87.82881,88.03616
Week 4,31 May 2005,88.32734,88.53534

Week 1,07 Jun 2005,88.94659,89.29974
Week 2,14 Jun 2005,87.96507,88.19406
Week 3,21 Jun 2005,88.52479,88.70787
Week 4,28 Jun 2005,87.80617,88.03761

Week 1,05 Jul 2005,87.55367,87.75737
Week 2,12 Jul 2005,87.28863,87.52760
Week 3,19 Jul 2005,87.62139,87.87343
Week 4,26 Jul 2005,87.42454,87.56410

Week 1,02 Aug 2005,87.18559,87.39670
Week 2,09 Aug 2005,88.53251,88.77431
Week 3,16 Aug 2005,90.21146,90.42007
Week 4,23 Aug 2005,93.10966,93.37639

Week 1,30 Aug 2005,93.72884,94.82166
Week 2,06 Sep 2005,93.80283,94.38859
Week 3,13 Sep 2005,90.98837,91.27971
Week 4,20 Sep 2005,91.18587,91.40746

Week 1,27 Sep 2005,90.87461,91.09493
Week 2,04 Oct 2005,88.59560,88.83771
Week 3,11 Oct 2005,88.26726,88.47830
Week 4,18 Oct 2005,87.22094,87.41431

Week 1,25 Oct 2005,86.66141,86.82196
Week 2,01 Nov 2005,85.68259,85.90699
Week 3,08 Nov 2005,84.94776,85.12764
Week 4,15 Nov 2005,84.17403,84.33883

Week 1,22 Nov 2005,84.26461,84.45847
Week 2,29 Nov 2005,83.54013,83.70041
Week 3,06 Dec 2005,81.27560,81.42189
Week 4,13 Dec 2005,82.73844,82.88569

Week 1,20 Dec 2005,84.56687,84.75017
Week 2,27 Dec 2005,83.85066,84.04361
Week 3,03 Jan 2006,82.85603,83.02906
Week 4,10 Jan 2006,81.99444,82.18131

Week 1,17 Jan 2006,81.67426,81.85913
Week 2,24 Jan 2006,80.94090,81.09033
Week 3,31 Jan 2006,78.96614,79.16626
Week 4,07 Feb 2006,78.17291,80.45481

Week 1,14 Feb 2006,78.15461,78.95256
Week 2,21 Feb 2006,78.60234,78.77911
Week 3,28 Feb 2006,79.22814,79.39087
Week 4,07 Mar 2006,78.20531,78.44269

Week 1,14 Mar 2006,77.89390,78.05673
Week 2,21 Mar 2006,77.72923,77.92204
Week 3,28 Mar 2006,76.97813,77.15851
Week 4,04 Apr 2006,76.26096,76.43690

Week 1,11 Apr 2006,75.73881,75.90569
Week 2,18 Apr 2006,75.90820,76.09303
Week 3,25 Apr 2006,76.73436,76.89994
Week 4,02 May 2006,77.47474,77.64327

Week 1,09 May 2006,78.84573,79.01207
Week 2,16 May 2006,82.14673,82.31996
Week 3,23 May 2006,82.72926,82.91714
Week 4,30 May 2006,82.50233,82.65701

Week 1,06 Jun 2006,82.60126,82.74120
Week 2,13 Jun 2006,81.57409,81.76003
Week 3,20 Jun 2006,80.59021,80.75151
Week 4,27 Jun 2006,80.69170,80.87506

Week 1,04 Jul 2006,81.27356,81.45879
Week 2,11 Jul 2006,78.28606,80.05420
Week 3,18 Jul 2006,78.78487,78.92589
Week 4,25 Jul 2006,78.34624,78.48186

Week 1,01 Aug 2006,79.12957,79.24316
Week 2,08 Aug 2006,78.53061,78.68406
Week 3,15 Aug 2006,78.16809,78.36126
Week 4,22 Aug 2006,77.99509,78.16749

Week 1,29 Aug 2006,77.62447,77.78646
Week 2,05 Sep 2006,78.08666,78.26033
Week 3,12 Sep 2006,77.56843,77.74153
Week 4,19 Sep 2006,77.96640,78.14980

Week 1,26 Sep 2006,78.36254,78.53789
Week 2,03 Oct 2006,77.92117,78.08723
Week 3,10 Oct 2006,77.27631,77.46886
Week 4,17 Oct 2006,76.88894,77.06896

Week 1,24 Oct 2006,77.00824,77.19849
Week 2,31 Oct 2006,77.41450,77.57457
Week 3,07 Nov 2006,77.23020,77.39940
Week 4,14 Nov 2006,77.64121,77.79263

Week 1,21 Nov 2006,78.05793,78.23013
Week 2,28 Nov 2006,78.92813,79.12289
Week 3,05 Dec 2006,79.00967,79.17367
Week 4,12 Dec 2006,77.26170,77.42174

Week 1,19 Dec 2006,76.66306,76.83184
Week 2,26 Dec 2006,75.93601,76.12144
Week 3,02 Jan 2007,75.62623,75.78841
Week 4,09 Jan 2007,75.72347,75.89886

Week 1,16 Jan 2007,75.10701,75.26156
Week 2,23 Jan 2007,74.77841,74.91217
Week 3,30 Jan 2007,74.80607,74.96913
Week 4,06 Feb 2007,74.72047,74.87327

Week 1,13 Feb 2007,75.17237,75.32690
Week 2,20 Feb 2007,75.06949,75.23346
Week 3,27 Feb 2007,77.08466,77.23176
Week 4,06 Mar 2007,78.46606,78.62913

Week 1,13 Mar 2007,78.56139,78.72601
Week 2,20 Mar 2007,77.59013,77.73033
Week 3,27 Mar 2007,77.29060,77.41001
Week 4,03 Apr 2007,76.65046,76.80904

Week 1,10 Apr 2007,76.22426,76.36214
Week 2,17 Apr 2007,76.41364,76.54177
Week 3,24 Apr 2007,76.12589,76.22323
Week 4,01 May 2007,75.23757,75.36247

Week 1,08 May 2007,73.59636,73.71673
Week 2,15 May 2007,72.79360,72.93883
Week 3,22 May 2007,72.10219,72.21824
Week 4,29 May 2007,72.28441,72.40523

Week 1,05 Jun 2007,73.13169,73.26580
Week 2,12 Jun 2007,73.93203,74.03447
Week 3,19 Jun 2007,72.65193,72.77107
Week 4,26 Jun 2007,73.36461,73.48514

Week 1,03 Jul 2007,73.31101,73.46930
Week 2,10 Jul 2007,73.67367,73.78510
Week 3,17 Jul 2007,74.37189,74.54457
Week 4,24 Jul 2007,75.98626,76.11283

Week 1,31 Jul 2007,77.75691,77.91570
Week 2,07 Aug 2007,78.06781,78.20351
Week 3,14 Aug 2007,81.35480,81.51977
Week 4,21 Aug 2007,81.26967,81.41021

Week 1,28 Aug 2007,81.42256,81.58490
Week 2,04 Sep 2007,81.91801,82.06286
Week 3,11 Sep 2007,81.89079,82.04747
Week 4,18 Sep 2007,79.85163,80.00563

Week 1,25 Sep 2007,79.26071,79.41279
Week 2,02 Oct 2007,78.07729,78.22794
Week 3,09 Oct 2007,77.19984,77.34891
Week 4,16 Oct 2007,78.07563,78.22717

Week 1,23 Oct 2007,79.82953,79.98230
Week 2,30 Oct 2007,79.04096,79.17873
Week 3,06 Nov 2007,80.89373,81.04761
Week 4,13 Nov 2007,82.32460,82.47999

Week 1,20 Nov 2007,85.85721,86.01543
Week 2,27 Nov 2007,85.52226,85.67076
Week 3,04 Dec 2007,83.64099,83.79649
Week 4,11 Dec 2007,82.82670,82.98980

Week 1,18 Dec 2007,82.87539,82.99481
Week 2,25 Dec 2007,82.68226,82.79254
Week 3,01 Jan 2008,85.69387,85.81841
Week 4,08 Jan 2008,86.32366,86.44231

Week 1,15 Jan 2008,87.93037,88.07017
Week 2,22 Jan 2008,88.05851,88.21807
Week 3,29 Jan 2008,86.74449,86.89739
Week 4,05 Feb 2008,86.35037,86.49987

Week 1,12 Feb 2008,85.55600,85.69929
Week 2,19 Feb 2008,84.99631,85.13477
Week 3,26 Feb 2008,85.64586,85.80259
Week 4,04 Mar 2008,87.86414,88.02324

Week 1,11 Mar 2008,90.86280,91.00857
Week 2,18 Mar 2008,92.59379,92.72109
Week 3,25 Mar 2008,92.00483,92.15441
Week 4,01 Apr 2008,90.70619,90.87804

Week 1,08 Apr 2008,90.28583,90.41010
Week 2,15 Apr 2008,89.67607,89.84316
Week 3,22 Apr 2008,88.44456,88.60931
Week 4,29 Apr 2008,88.66364,88.81309

Week 1,06 May 2008,88.60099,88.75576
Week 2,13 May 2008,88.69534,88.87361
Week 3,20 May 2008,89.64080,89.81126
Week 4,27 May 2008,89.11827,89.31123

Week 1,03 Jun 2008,88.42804,88.57841
Week 2,10 Jun 2008,87.21509,87.38083
Week 3,17 Jun 2008,86.08243,86.22071
Week 4,24 Jun 2008,86.11604,86.25899

Week 1,01 Jul 2008,86.42899,86.61261
Week 2,08 Jul 2008,85.62273,85.74717
Week 3,15 Jul 2008,86.19136,86.31660
Week 4,22 Jul 2008,85.19030,85.30383

Week 1,29 Jul 2008,84.57891,84.70941
Week 2,05 Aug 2008,83.65794,83.79060
Week 3,12 Aug 2008,83.83640,83.96867
Week 4,19 Aug 2008,84.11850,84.23477

Week 1,26 Aug 2008,84.26341,84.38501
Week 2,02 Sep 2008,86.59830,86.74993
Week 3,09 Sep 2008,87.12977,87.29584
Week 4,16 Sep 2008,88.06687,88.20147

Week 1,23 Sep 2008,88.15731,88.33811
Week 2,30 Sep 2008,89.81470,90.00370
Week 3,07 Oct 2008,95.49653,95.72146
Week 4,14 Oct 2008,96.59963,96.85247

Week 1,21 Oct 2008,102.42723,102.75111
Week 2,28 Oct 2008,110.29529,111.08686
Week 3,04 Nov 2008,110.91614,111.49257
Week 4,11 Nov 2008,115.79843,116.46143

Week 1,18 Nov 2008,124.64057,125.75771
Week 2,25 Nov 2008,131.04957,132.10043
Week 3,02 Dec 2008,130.60529,131.53657
Week 4,09 Dec 2008,120.19914,121.02014

Week 1,16 Dec 2008,123.36686,124.21557
Week 2,23 Dec 2008,122.75529,123.58257
Week 3,30 Dec 2008,121.78400,122.63314
Week 4,06 Jan 2009,119.83429,120.67143

Week 1,13 Jan 2009,122.84571,123.72743
Week 2,20 Jan 2009,125.35114,126.26100
Week 3,27 Jan 2009,125.71457,126.59000
Week 4,03 Feb 2009,128.26429,129.13500

Week 1,10 Feb 2009,129.12629,129.99271
Week 2,17 Feb 2009,127.72943,128.37314
Week 3,24 Feb 2009,123.66543,124.09514
Week 4,03 Mar 2009,122.65243,123.31814

Week 1,10 Mar 2009,121.73157,122.38971
Week 2,17 Mar 2009,122.33671,123.05486
Week 3,24 Mar 2009,118.71571,119.51871
Week 4,31 Mar 2009,115.76443,116.36971

Week 1,07 Apr 2009,113.19529,113.66771
Week 2,14 Apr 2009,112.26529,112.78100
Week 3,21 Apr 2009,110.17014,110.79557
Week 4,28 Apr 2009,109.29100,109.95700

Week 1,05 May 2009,105.56043,107.04386
Week 2,12 May 2009,107.44629,108.88257
Week 3,19 May 2009,107.70186,108.35129
Week 4,26 May 2009,107.72200,108.38871

Week 1,02 Jun 2009,103.82046,104.41986
Week 2,09 Jun 2009,102.28686,102.75386
Week 3,16 Jun 2009,106.46857,106.88900
Week 4,23 Jun 2009,107.60443,108.04514

Week 1,30 Jun 2009,106.17214,106.55714
Week 2,07 Jul 2009,109.23771,109.55514
Week 3,14 Jul 2009,107.98171,108.14214
Week 4,21 Jul 2009,106.30986,106.67514

Week 1,28 Jul 2009,104.24757,104.62414
Week 2,04 Aug 2009,102.50057,102.80171
Week 3,11 Aug 2009,103.77800,104.02786
Week 4,18 Aug 2009,106.08386,106.38800

Week 1,25 Aug 2009,106.64414,106.98271
Week 2,01 Sep 2009,108.82914,109.06529
Week 3,08 Sep 2009,108.17086,108.44971
Week 4,15 Sep 2009,106.79386,107.09100

Week 1,22 Sep 2009,106.51286,106.76629
Week 2,29 Sep 2009,107.79957,108.02443
Week 3,06 Oct 2009,106.06357,106.29557
Week 4,13 Oct 2009,103.74186,103.92657

Week 1,20 Oct 2009,102.75429,102.95586
Week 2,27 Oct 2009,104.94343,105.10386
Week 3,03 Nov 2009,105.43071,105.60600
Week 4,10 Nov 2009,104.19514,104.40643

Week 1,17 Nov 2009,105.79757,106.24657
Week 2,24 Nov 2009,107.76414,107.97129
Week 3,01 Dec 2009,106.84729,107.06471
Week 4,08 Dec 2009,108.22557,108.42157

Week 1,15 Dec 2009,106.54443,106.70671
Week 2,22 Dec 2009,103.99786,104.16686
Week 3,29 Dec 2009,101.69914,101.98243
Week 4,05 Jan 2010,100.20200,100.46790

Week 1,12 Jan 2010,100.45720,100.67213
Week 2,19 Jan 2010,101.96114,102.40557
Week 3,26 Jan 2010,103.09929,103.85243
Week 4,02 Feb 2010,104.32443,104.59329

Week 1,09 Feb 2010,104.20300,104.48243
Week 2,16 Feb 2010,102.81286,103.07314
Week 3,23 Feb 2010,103.85514,104.16057
Week 4,02 Mar 2010,102.36971,102.65277

Week 1,09 Mar 2010,101.03319,101.27123
Week 2,16 Mar 2010,100.99371,101.23229
Week 3,23 Mar 2010,99.49323,99.76621
Week 4,30 Mar 2010,97.01504,97.32810

Week 1,06 Apr 2010,96.67571,96.90111
Week 2,13 Apr 2010,97.02847,97.25247
Week 3,20 Apr 2010,96.73717,96.94367
Week 4,27 Apr 2010,96.07363,96.28350

Week 1,04 May 2010,98.40876,98.80440
Week 2,11 May 2010,98.50227,99.43834
Week 3,18 May 2010,100.86464,101.20709
Week 4,25 May 2010,102.58500,102.98371

Week 1,01 Jun 2010,100.81233,101.03774
Week 2,08 Jun 2010,100.87986,101.06514
Week 3,15 Jun 2010,100.17427,100.56997
Week 4,22 Jun 2010,100.50909,100.99286

Week 1,29 Jun 2010,102.52214,102.95014
Week 2,06 Jul 2010,102.65586,103.08357
Week 3,13 Jul 2010,102.99586,103.35943
Week 4,20 Jul 2010,103.59400,103.83814

Week 1,27 Jul 2010,102.82029,103.30014
Week 2,03 Aug 2010,103.22829,103.70657
Week 3,10 Aug 2010,104.49000,105.41486
Week 4,17 Aug 2010,104.51486,106.06186

Week 1,24 Aug 2010,105.94057,106.31957
Week 2,31 Aug 2010,106.96414,107.14214
Week 3,07 Sep 2010,107.47371,107.68271
Week 4,14 Sep 2010,104.69157,106.55614

Week 1,21 Sep 2010,104.82086,106.68014
Week 2,28 Sep 2010,105.77100,107.96471
Week 3,05 Oct 2010,106.90500,109.28929
Week 4,12 Oct 2010,109.00071,109.75586

Week 1,19 Oct 2010,109.49729,110.07986
Week 2,26 Oct 2010,110.21786,110.45871
Week 3,02 Nov 2010,109.62257,109.83329
Week 4,09 Nov 2010,107.68386,109.86729

Week 1,16 Nov 2010,106.05757,108.74200
Week 2,23 Nov 2010,106.06386,108.70257
Week 3,30 Nov 2010,106.53857,109.32643
Week 4,07 Dec 2010,106.61914,109.15743

Week 1,14 Dec 2010,106.20086,108.86943
Week 2,21 Dec 2010,107.57529,109.61800
Week 3,28 Dec 2010,109.02200,111.14443
Week 4,04 Jan 2011,107.54857,110.28757

Week 1,11 Jan 2011,107.47043,110.64900
Week 2,18 Jan 2011,107.82586,111.10886
Week 3,25 Jan 2011,108.29614,111.09300
Week 4,01 Feb 2011,108.75014,111.45029

Week 1,08 Feb 2011,106.89600,108.80629
Week 2,15 Feb 2011,105.10057,107.75157
Week 3,22 Feb 2011,106.85143,108.37929
Week 4,01 Mar 2011,106.96843,107.50014

Week 1,08 Mar 2011,106.26586,106.81214
Week 2,15 Mar 2011,108.35086,108.95614
Week 3,22 Mar 2011,107.21486,107.94757
Week 4,29 Mar 2011,104.37143,105.23400

Week 1,05 Apr 2011,101.64200,102.38557
Week 2,12 Apr 2011,103.15500,103.86543
Week 3,19 Apr 2011,104.91829,105.37071
Week 4,26 Apr 2011,104.99557,105.77029

Week 1,03 May 2011,106.04771,106.76443
Week 2,10 May 2011,105.95300,106.52371
Week 3,17 May 2011,104.57414,105.39514
Week 4,24 May 2011,104.36457,106.03171

Week 1,31 May 2011,105.21586,106.16600
Week 2,07 Jun 2011,105.77286,106.95557
Week 3,14 Jun 2011,106.19971,107.07100
Week 4,21 Jun 2011,106.70743,107.41657

Week 1,28 Jun 2011,106.06600,106.37486
Week 2,05 Jul 2011,104.86729,106.00886
Week 3,12 Jul 2011,107.20914,107.90471
Week 4,19 Jul 2011,108.13643,108.67757

Week 1,26 Jul 2011,109.26929,109.93729
Week 2,02 Aug 2011,107.67914,109.96757
Week 3,09 Aug 2011,110.05229,111.70571
Week 4,16 Aug 2011,110.84229,112.14714

Week 1,23 Aug 2011,110.86800,111.57386
Week 2,30 Aug 2011,110.60014,111.47871
Week 3,06 Sep 2011,110.20043,111.17686
Week 4,13 Sep 2011,113.26500,113.82843

Week 1,20 Sep 2011,114.97243,115.75886
Week 2,27 Sep 2011,116.67729,117.16757
Week 3,04 Oct 2011,116.52271,117.23657
Week 4,11 Oct 2011,115.02229,115.75200

Week 1,18 Oct 2011,115.08243,115.85286
Week 2,25 Oct 2011,116.04643,116.72086
Week 3,01 Nov 2011,113.77157,114.69786
Week 4,08 Nov 2011,115.00543,115.69386

Week 1,15 Nov 2011,116.34586,117.63200
Week 2,22 Nov 2011,116.59643,117.46771
Week 3,29 Nov 2011,115.92457,117.28914
Week 4,06 Dec 2011,116.17086,116.81100

Week 1,13 Dec 2011,116.14329,117.22771
Week 2,20 Dec 2011,115.95200,116.83786
Week 3,27 Dec 2011,116.43700,117.75657
Week 4,03 Jan 2012,117.88271,118.95886

Week 1,10 Jan 2012,118.33157,119.11371
Week 2,17 Jan 2012,116.78814,117.59514
Week 3,24 Jan 2012,115.84871,116.48271
Week 4,31 Jan 2012,117.09029,117.80671

Week 1,07 Feb 2012,115.66843,116.64514
Week 2,14 Feb 2012,113.92329,115.04386
Week 3,21 Feb 2012,112.15043,113.01386
Week 4,28 Feb 2012,111.42671,112.31714

Week 1,06 Mar 2012,111.48343,112.15914
Week 2,13 Mar 2012,109.67929,110.34571
Week 3,20 Mar 2012,109.64171,111.03386
Week 4,27 Mar 2012,110.27143,111.08871

Week 1,03 Apr 2012,111.09157,111.65486
Week 2,10 Apr 2012,112.52986,113.80200
Week 3,17 Apr 2012,112.53000,113.48500
Week 4,24 Apr 2012,113.30343,113.91014

Week 1,01 May 2012,114.12871,115.85000
Week 2,08 May 2012,114.94429,115.95114
Week 3,15 May 2012,115.71071,116.54743
Week 4,22 May 2012,116.34500,117.14271

Week 1,29 May 2012,118.55457,120.17343
Week 2,05 Jun 2012,117.66671,119.56829
Week 3,12 Jun 2012,118.10314,119.95914
Week 4,19 Jun 2012,117.68943,119.00357

Week 1,26 Jun 2012,118.05486,118.79643
Week 2,03 Jul 2012,117.25743,118.69086
Week 3,10 Jul 2012,118.44557,119.51329
Week 4,17 Jul 2012,119.69243,120.43100

Week 1,24 Jul 2012,120.57700,121.30886
Week 2,31 Jul 2012,120.46914,121.18114
Week 3,07 Aug 2012,120.49043,121.18143
Week 4,14 Aug 2012,119.86171,120.17829

Week 1,21 Aug 2012,120.05014,120.60543
Week 2,28 Aug 2012,121.03714,121.79014
Week 3,04 Sep 2012,121.67086,122.38086
Week 4,11 Sep 2012,121.57771,122.96100

Week 1,18 Sep 2012,121.05200,122.02571
Week 2,25 Sep 2012,122.65986,123.35871
Week 3,02 Oct 2012,121.77086,122.75014
Week 4,09 Oct 2012,121.90229,122.85043

Week 1,16 Oct 2012,120.92657,121.66600
Week 2,23 Oct 2012,120.04629,120.76486
Week 3,30 Oct 2012,119.71186,120.61029
Week 4,06 Nov 2012,119.94057,121.15871

Week 1,13 Nov 2012,119.14529,120.07657
Week 2,20 Nov 2012,116.43757,117.86900
Week 3,27 Nov 2012,116.26429,117.13686
Week 4,04 Dec 2012,116.38314,117.11071

Week 1,11 Dec 2012,115.60886,116.30114
Week 2,18 Dec 2012,114.34657,114.95186
Week 3,25 Dec 2012,112.70429,113.24543
Week 4,01 Jan 2013,110.18571,111.07886

Week 1,08 Jan 2013,109.03129,109.78729
Week 2,15 Jan 2013,107.68643,108.57286
Week 3,22 Jan 2013,106.89814,108.22471
Week 4,29 Jan 2013,105.63000,106.32400

Week 1,05 Feb 2013,103.72357,104.41300
Week 2,12 Feb 2013,103.11686,103.66400
Week 3,19 Feb 2013,103.40243,104.06057
Week 4,26 Feb 2013,103.99600,104.62657

Week 1,05 Mar 2013,102.17471,102.76786
Week 2,12 Mar 2013,100.89529,101.53243
Week 3,19 Mar 2013,102.15286,102.71743
Week 4,26 Mar 2013,102.70686,103.42014

Week 1,02 Apr 2013,102.02634,102.76100
Week 2,09 Apr 2013,97.84146,98.48149
Week 3,16 Apr 2013,98.32783,98.92220
Week 4,23 Apr 2013,97.98446,98.58833

Week 1,30 Apr 2013,98.86913,99.37577
Week 2,07 May 2013,96.90804,97.49701
Week 3,14 May 2013,94.64621,95.91284
Week 4,21 May 2013,95.40240,96.13849

Week 1,28 May 2013,96.64537,97.69141
Week 2,04 Jun 2013,99.24367,100.61211
Week 3,11 Jun 2013,102.48543,103.70700
Week 4,18 Jun 2013,102.35786,103.09700

Week 1,25 Jun 2013,100.63289,101.22300
Week 2,02 Jul 2013,98.75024,99.33486
Week 3,09 Jul 2013,99.49837,100.48756
Week 4,16 Jul 2013,100.31246,100.81557

Week 1,23 Jul 2013,102.31243,103.06006
Week 2,30 Jul 2013,103.72743,104.64014
Week 3,06 Aug 2013,105.63457,106.33371
Week 4,13 Aug 2013,105.76157,106.72986

Week 1,20 Aug 2013,108.95486,110.15843
Week 2,27 Aug 2013,110.98014,111.68414
Week 3,03 Sep 2013,111.44443,112.00786
Week 4,10 Sep 2013,113.47129,114.02886

Week 1,17 Sep 2013,114.39943,115.02014
Week 2,24 Sep 2013,116.31371,116.90386
Week 3,01 Oct 2013,116.85129,118.13643
Week 4,08 Oct 2013,116.11414,117.17243

Week 1,15 Oct 2013,114.91586,115.70300
Week 2,22 Oct 2013,113.20786,114.32900
Week 3,29 Oct 2013,113.68600,114.44186
Week 4,05 Nov 2013,115.06400,115.66429

Week 1,12 Nov 2013,115.81243,116.39500
Week 2,19 Nov 2013,115.49386,116.18243
Week 3,26 Nov 2013,114.61514,116.32329
Week 4,03 Dec 2013,114.13457,116.74214

Week 1,10 Dec 2013,115.80829,116.38614
Week 2,17 Dec 2013,116.41100,116.58886
Week 3,24 Dec 2013,116.09214,116.28657
Week 4,31 Dec 2013,115.58743,115.69143

Week 1,07 Jan 2014,114.73429,114.88029
Week 2,14 Jan 2014,114.02143,114.50800
Week 3,21 Jan 2014,116.32614,116.51286
Week 4,28 Jan 2014,118.52571,118.85514

Week 1,04 Feb 2014,117.94557,118.23614
Week 2,11 Feb 2014,116.05814,116.32286
Week 3,18 Feb 2014,114.29157,114.78443
Week 4,25 Feb 2014,113.55014,113.81043

Week 1,04 Mar 2014,111.92829,112.24257
Week 2,11 Mar 2014,111.14414,111.40457
Week 3,18 Mar 2014,111.37057,111.61100
Week 4,25 Mar 2014,110.89686,111.14871

Week 1,01 Apr 2014,109.16800,109.38171
Week 2,08 Apr 2014,111.20829,111.47457
Week 3,15 Apr 2014,111.86714,112.13557
Week 4,22 Apr 2014,112.75071,112.98057

Week 1,29 Apr 2014,112.68500,112.91743
Week 2,06 May 2014,113.16971,113.40429
Week 3,13 May 2014,112.17286,112.38129
Week 4,20 May 2014,113.01329,113.38343

Week 1,27 May 2014,114.11743,114.36671
Week 2,03 Jun 2014,115.30357,115.52214
Week 3,10 Jun 2014,115.45614,115.62600
Week 4,17 Jun 2014,116.84600,117.03014

Week 1,24 Jun 2014,118.19600,118.41343
Week 2,01 Jul 2014,116.66786,116.90500
Week 3,08 Jul 2014,114.68800,115.17157
Week 4,15 Jul 2014,114.73143,115.27771

Week 1,22 Jul 2014,113.54614,113.80957
Week 2,29 Jul 2014,113.89614,114.42814
Week 3,05 Aug 2014,115.02671,115.41829
Week 4,12 Aug 2014,114.09600,114.32814

Week 1,19 Aug 2014,112.88914,113.11471
Week 2,26 Aug 2014,112.49400,112.67214
Week 3,02 Sep 2014,111.82171,112.05200
Week 4,09 Sep 2014,110.75571,110.94314

Week 1,16 Sep 2014,110.47900,110.75371
Week 2,23 Sep 2014,110.10014,110.29057
Week 3,30 Sep 2014,111.17871,111.41157
Week 4,07 Oct 2014,112.74014,112.99943

Week 1,14 Oct 2014,113.89943,114.15586
Week 2,21 Oct 2014,112.00971,112.27529
Week 3,28 Oct 2014,110.15400,110.39700
Week 4,04 Nov 2014,106.27757,106.46443

Week 1,11 Nov 2014,105.34000,105.63757
Week 2,18 Nov 2014,103.22771,103.65143
Week 3,25 Nov 2014,102.95271,103.19757
Week 4,02 Dec 2014,102.48214,102.73371

Week 1,09 Dec 2014,104.00171,104.31900
Week 2,16 Dec 2014,105.90157,106.99343
Week 3,23 Dec 2014,103.23814,103.80771
Week 4,30 Dec 2014,103.48100,103.97229

Week 1,06 Jan 2015,105.46943,106.71700
Week 2,13 Jan 2015,106.07943,108.23300
Week 3,20 Jan 2015,105.33314,107.05014
Week 4,27 Jan 2015,106.82029,107.25514

Week 1,03 Feb 2015,106.85429,107.76543
Week 2,10 Feb 2015,106.48729,107.58671
Week 3,17 Feb 2015,107.34686,108.37029
Week 4,24 Feb 2015,108.11671,108.48529

Week 1,03 Mar 2015,108.09186,108.76757
Week 2,10 Mar 2015,108.30057,109.07071
Week 3,17 Mar 2015,108.27671,108.64086
Week 4,24 Mar 2015,108.79600,109.26714

Week 1,31 Mar 2015,108.48457,109.30443
Week 2,07 Apr 2015,107.59971,108.22786
Week 3,14 Apr 2015,107.86400,108.25157
Week 4,21 Apr 2015,108.22329,108.61129

Week 1,28 Apr 2015,108.42329,108.81529
Week 2,05 May 2015,108.66843,109.44986
Week 3,12 May 2015,109.52129,109.79714
Week 4,19 May 2015,108.45329,109.28614

Week 1,26 May 2015,106.91986,107.25157
Week 2,02 Jun 2015,106.12971,106.96586
Week 3,09 Jun 2015,107.39500,107.87257
Week 4,16 Jun 2015,108.15100,108.35214

Week 1,23 Jun 2015,107.40814,107.75386
Week 2,30 Jun 2015,108.46371,108.74129
Week 3,07 Jul 2015,108.88300,109.19043
Week 4,14 Jul 2015,107.68686,107.96071

Week 1,21 Jul 2015,108.08329,108.36571
Week 2,28 Jul 2015,108.43657,109.46300
Week 3,04 Aug 2015,108.49743,108.98757
Week 4,11 Aug 2015,109.28871,111.13071

Week 1,18 Aug 2015,111.31486,113.57700
Week 2,25 Aug 2015,114.99400,118.28186
Week 3,01 Sep 2015,116.52971,119.30057
Week 4,08 Sep 2015,117.82300,119.39400

Week 1,15 Sep 2015,119.32143,120.22771
Week 2,22 Sep 2015,121.14786,121.80043
Week 3,29 Sep 2015,121.92600,122.97343
Week 4,06 Oct 2015,114.99357,117.16571

Week 1,13 Oct 2015,112.19386,113.88200
Week 2,20 Oct 2015,112.79657,113.53143
Week 3,27 Oct 2015,112.89371,113.46800
Week 4,03 Nov 2015,111.15471,113.21243

Week 1,10 Nov 2015,110.71971,111.17300
Week 2,17 Nov 2015,110.90543,111.94471
Week 3,24 Nov 2015,110.17800,113.58429
Week 4,01 Dec 2015,111.79157,112.66600

Week 1,08 Dec 2015,114.17471,114.52171
Week 2,15 Dec 2015,114.37071,115.87157
Week 3,22 Dec 2015,112.61957,113.86986
Week 4,29 Dec 2015,113.83071,115.13486

Week 1,05 Jan 2016,116.77386,118.26557
Week 2,12 Jan 2016,117.09071,119.49200
Week 3,19 Jan 2016,117.38500,118.02014
Week 4,26 Jan 2016,115.24243,116.77186

Week 1,02 Feb 2016,114.84400,115.96414
Week 2,09 Feb 2016,118.18514,119.45700
Week 3,16 Feb 2016,117.80714,119.60329
Week 4,23 Feb 2016,118.61643,118.95314

Week 1,01 Mar 2016,115.61671,117.22600
Week 2,08 Mar 2016,114.03014,116.14829
Week 3,15 Mar 2016,116.15614,117.11114
Week 4,22 Mar 2016,117.18900,117.83186

Week 1,29 Mar 2016,117.32200,117.92171
Week 2,05 Apr 2016,120.04700,120.63371
Week 3,12 Apr 2016,120.73671,121.21371
Week 4,19 Apr 2016,119.56514,119.83929

Week 1,26 Apr 2016,120.62700,121.46271
Week 2,03 May 2016,124.11086,124.66186
Week 3,10 May 2016,122.35429,122.63243
Week 4,17 May 2016,122.47400,123.21586

Week 1,24 May 2016,123.58214,124.15671
Week 2,31 May 2016,124.42300,124.72929
Week 3,07 Jun 2016,124.17557,124.53000
Week 4,14 Jun 2016,126.93014,127.17271

Week 1,21 Jun 2016,127.86400,129.60757
Week 2,28 Jun 2016,128.46257,129.08229
Week 3,05 Jul 2016,129.51986,130.50386
Week 4,12 Jul 2016,125.23414,125.75200

Week 1,19 Jul 2016,123.36329,123.59571
Week 2,26 Jul 2016,125.79157,126.26814
Week 3,02 Aug 2016,128.84743,129.11629
Week 4,09 Aug 2016,128.90429,129.11600

Week 1,16 Aug 2016,130.62643,130.88986
Week 2,23 Aug 2016,131.33957,131.56529
Week 3,30 Aug 2016,128.09371,128.83071
Week 4,06 Sep 2016,127.95943,128.08171

Week 1,13 Sep 2016,128.82386,129.01500
Week 2,20 Sep 2016,129.35757,129.55086
Week 3,27 Sep 2016,128.62729,128.77386
Week 4,04 Oct 2016,126.20000,126.38829

Week 1,11 Oct 2016,125.48971,125.65057
Week 2,18 Oct 2016,125.47871,125.65000
Week 3,25 Oct 2016,124.52957,124.77871
Week 4,01 Nov 2016,125.27429,126.77129

Week 1,08 Nov 2016,124.39171,126.05057
Week 2,15 Nov 2016,121.58686,122.76657
Week 3,22 Nov 2016,120.13514,120.38100
Week 4,29 Nov 2016,119.22957,119.43386

Week 1,06 Dec 2016,116.71714,116.87014
Week 2,13 Dec 2016,114.32286,114.59729
Week 3,20 Dec 2016,114.31600,114.56514
Week 4,27 Dec 2016,114.95543,115.14086

Week 1,03 Jan 2017,113.97243,115.05257
Week 2,10 Jan 2017,115.40429,115.67614
Week 3,17 Jan 2017,116.95829,117.11200
Week 4,24 Jan 2017,116.84871,117.04600

Week 1,31 Jan 2017,117.88200,118.16343
Week 2,07 Feb 2017,118.06943,118.24557
Week 3,14 Feb 2017,117.17086,117.87229
Week 4,21 Feb 2017,118.21243,118.41971

Week 1,28 Feb 2017,117.55689,117.75537
Week 2,07 Mar 2017,116.65915,116.83218
Week 3,14 Mar 2017,117.30253,117.45454
Week 4,21 Mar 2017,119.25587,119.37859

Week 1,28 Mar 2017,119.57688,120.19305
Week 2,04 Apr 2017,120.00129,120.34772
Week 3,11 Apr 2017,121.27978,121.48230
Week 4,18 Apr 2017,122.08948,122.22696

Week 1,25 Apr 2017,119.34671,120.14956
Week 2,02 May 2017,118.52612,118.64744
Week 3,09 May 2017,117.41274,117.55035
Week 4,16 May 2017,118.92458,119.12243

Week 1,23 May 2017,119.26941,119.41967
Week 2,30 May 2017,119.97801,120.13054
Week 3,06 Jun 2017,120.10738,121.35070
Week 4,13 Jun 2017,120.33313,120.53194

Week 1,20 Jun 2017,118.91378,120.14356
Week 2,27 Jun 2017,118.07310,119.33381
Week 3,04 Jul 2017,117.51446,118.54897
Week 4,11 Jul 2017,117.03306,118.42493

Week 1,18 Jul 2017,118.28999,119.80967
Week 2,25 Jul 2017,118.95529,120.54219
Week 3,01 Aug 2017,119.95363,121.60320
Week 4,08 Aug 2017,120.44705,122.30031

Week 1,15 Aug 2017,120.57740,122.77219
Week 2,22 Aug 2017,121.11688,122.37125
Week 3,29 Aug 2017,121.21168,122.12214
Week 4,05 Sep 2017,121.69118,122.94636

Week 1,12 Sep 2017,119.31653,120.56823
Week 2,19 Sep 2017,118.21086,119.51248
Week 3,26 Sep 2017,118.91889,120.37388
Week 4,03 Oct 2017,118.88974,120.54739

Week 1,10 Oct 2017,119.51082,121.20209
Week 2,17 Oct 2017,119.10396,120.49479
Week 3,24 Oct 2017,118.83288,120.04912
Week 4,31 Oct 2017,118.41265,119.57194

Week 1,07 Nov 2017,118.21574,119.49028
Week 2,14 Nov 2017,119.40277,120.55181
Week 3,21 Nov 2017,120.07847,121.26362
Week 4,28 Nov 2017,120.26371,121.45762

Week 1,05 Dec 2017,120.11761,120.27427



