JPY->SAR

Week 1,01 Dec 1998,0.03121,0.03124
Week 2,08 Dec 1998,0.03195,0.03200
Week 3,15 Dec 1998,0.03236,0.03241
Week 4,22 Dec 1998,0.03225,0.03227

Week 1,29 Dec 1998,0.03290,0.03293
Week 2,05 Jan 1999,0.03378,0.03381
Week 3,12 Jan 1999,0.03307,0.03310
Week 4,19 Jan 1999,0.03291,0.03298

Week 1,26 Jan 1999,0.03250,0.03253
Week 2,02 Feb 1999,0.03316,0.03319
Week 3,09 Feb 1999,0.03273,0.03276
Week 4,16 Feb 1999,0.03126,0.03128

Week 1,23 Feb 1999,0.03125,0.03128
Week 2,02 Mar 1999,0.03070,0.03072
Week 3,09 Mar 1999,0.03133,0.03136
Week 4,16 Mar 1999,0.03183,0.03185

Week 1,23 Mar 1999,0.03146,0.03149
Week 2,30 Mar 1999,0.03117,0.03120
Week 3,06 Apr 1999,0.03103,0.03105
Week 4,13 Apr 1999,0.03160,0.03163

Week 1,20 Apr 1999,0.03147,0.03149
Week 2,27 Apr 1999,0.03139,0.03141
Week 3,04 May 1999,0.03104,0.03106
Week 4,11 May 1999,0.03072,0.03074

Week 1,18 May 1999,0.03026,0.03028
Week 2,25 May 1999,0.03079,0.03081
Week 3,01 Jun 1999,0.03085,0.03087
Week 4,08 Jun 1999,0.03146,0.03148

Week 1,15 Jun 1999,0.03111,0.03113
Week 2,22 Jun 1999,0.03082,0.03084
Week 3,29 Jun 1999,0.03094,0.03096
Week 4,06 Jul 1999,0.03065,0.03067

Week 1,13 Jul 1999,0.03103,0.03105
Week 2,20 Jul 1999,0.03194,0.03197
Week 3,27 Jul 1999,0.03254,0.03256
Week 4,03 Aug 1999,0.03263,0.03266

Week 1,10 Aug 1999,0.03252,0.03255
Week 2,17 Aug 1999,0.03347,0.03349
Week 3,24 Aug 1999,0.03366,0.03368
Week 4,31 Aug 1999,0.03421,0.03423

Week 1,07 Sep 1999,0.03434,0.03437
Week 2,14 Sep 1999,0.03525,0.03527
Week 3,21 Sep 1999,0.03585,0.03588
Week 4,28 Sep 1999,0.03542,0.03544

Week 1,05 Oct 1999,0.03495,0.03498
Week 2,12 Oct 1999,0.03538,0.03540
Week 3,19 Oct 1999,0.03543,0.03546
Week 4,26 Oct 1999,0.03594,0.03596

Week 1,02 Nov 1999,0.03564,0.03567
Week 2,09 Nov 1999,0.03569,0.03571
Week 3,16 Nov 1999,0.03540,0.03542
Week 4,23 Nov 1999,0.03625,0.03628

Week 1,30 Nov 1999,0.03659,0.03662
Week 2,07 Dec 1999,0.03654,0.03657
Week 3,14 Dec 1999,0.03634,0.03637
Week 4,21 Dec 1999,0.03663,0.03665

Week 1,28 Dec 1999,0.03666,0.03669
Week 2,04 Jan 2000,0.03595,0.03597
Week 3,11 Jan 2000,0.03542,0.03545
Week 4,18 Jan 2000,0.03565,0.03568

Week 1,25 Jan 2000,0.03529,0.03531
Week 2,01 Feb 2000,0.03486,0.03488
Week 3,08 Feb 2000,0.03437,0.03439
Week 4,15 Feb 2000,0.03404,0.03406

Week 1,22 Feb 2000,0.03384,0.03387
Week 2,29 Feb 2000,0.03462,0.03464
Week 3,07 Mar 2000,0.03521,0.03524
Week 4,14 Mar 2000,0.03538,0.03540

Week 1,21 Mar 2000,0.03502,0.03504
Week 2,28 Mar 2000,0.03586,0.03588
Week 3,04 Apr 2000,0.03567,0.03570
Week 4,11 Apr 2000,0.03550,0.03553

Week 1,18 Apr 2000,0.03562,0.03565
Week 2,25 Apr 2000,0.03506,0.03509
Week 3,02 May 2000,0.03451,0.03454
Week 4,09 May 2000,0.03444,0.03447

Week 1,16 May 2000,0.03462,0.03465
Week 2,23 May 2000,0.03485,0.03488
Week 3,30 May 2000,0.03475,0.03478
Week 4,06 Jun 2000,0.03475,0.03478

Week 1,13 Jun 2000,0.03516,0.03519
Week 2,20 Jun 2000,0.03565,0.03568
Week 3,27 Jun 2000,0.03548,0.03551
Week 4,04 Jul 2000,0.03499,0.03502

Week 1,11 Jul 2000,0.03479,0.03482
Week 2,18 Jul 2000,0.03457,0.03460
Week 3,25 Jul 2000,0.03430,0.03432
Week 4,01 Aug 2000,0.03445,0.03448

Week 1,08 Aug 2000,0.03453,0.03455
Week 2,15 Aug 2000,0.03449,0.03451
Week 3,22 Aug 2000,0.03492,0.03495
Week 4,29 Aug 2000,0.03530,0.03533

Week 1,05 Sep 2000,0.03542,0.03545
Week 2,12 Sep 2000,0.03503,0.03506
Week 3,19 Sep 2000,0.03494,0.03497
Week 4,26 Sep 2000,0.03482,0.03486

Week 1,03 Oct 2000,0.03442,0.03445
Week 2,10 Oct 2000,0.03475,0.03478
Week 3,17 Oct 2000,0.03459,0.03462
Week 4,24 Oct 2000,0.03460,0.03463

Week 1,31 Oct 2000,0.03474,0.03477
Week 2,07 Nov 2000,0.03486,0.03489
Week 3,14 Nov 2000,0.03452,0.03455
Week 4,21 Nov 2000,0.03389,0.03392

Week 1,28 Nov 2000,0.03380,0.03383
Week 2,05 Dec 2000,0.03379,0.03382
Week 3,12 Dec 2000,0.03346,0.03349
Week 4,19 Dec 2000,0.03329,0.03332

Week 1,26 Dec 2000,0.03286,0.03290
Week 2,02 Jan 2001,0.03248,0.03251
Week 3,09 Jan 2001,0.03191,0.03194
Week 4,16 Jan 2001,0.03182,0.03184

Week 1,23 Jan 2001,0.03201,0.03204
Week 2,30 Jan 2001,0.03233,0.03237
Week 3,06 Feb 2001,0.03220,0.03223
Week 4,13 Feb 2001,0.03226,0.03229

Week 1,20 Feb 2001,0.03229,0.03231
Week 2,27 Feb 2001,0.03182,0.03185
Week 3,06 Mar 2001,0.03139,0.03141
Week 4,13 Mar 2001,0.03078,0.03080

Week 1,20 Mar 2001,0.03049,0.03051
Week 2,27 Mar 2001,0.03018,0.03020
Week 3,03 Apr 2001,0.03005,0.03008
Week 4,10 Apr 2001,0.03015,0.03018

Week 1,17 Apr 2001,0.03057,0.03060
Week 2,24 Apr 2001,0.03048,0.03051
Week 3,01 May 2001,0.03077,0.03080
Week 4,08 May 2001,0.03070,0.03073

Week 1,15 May 2001,0.03039,0.03042
Week 2,22 May 2001,0.03098,0.03101
Week 3,29 May 2001,0.03130,0.03132
Week 4,05 Jun 2001,0.03114,0.03116

Week 1,12 Jun 2001,0.03067,0.03069
Week 2,19 Jun 2001,0.03024,0.03025
Week 3,26 Jun 2001,0.03014,0.03016
Week 4,03 Jul 2001,0.02995,0.02996

Week 1,10 Jul 2001,0.03004,0.03006
Week 2,17 Jul 2001,0.03028,0.03030
Week 3,24 Jul 2001,0.03029,0.03032
Week 4,31 Jul 2001,0.03018,0.03020

Week 1,07 Aug 2001,0.03056,0.03058
Week 2,14 Aug 2001,0.03109,0.03111
Week 3,21 Aug 2001,0.03121,0.03122
Week 4,28 Aug 2001,0.03138,0.03140

Week 1,04 Sep 2001,0.03125,0.03127
Week 2,11 Sep 2001,0.03162,0.03163
Week 3,18 Sep 2001,0.03200,0.03205
Week 4,25 Sep 2001,0.03158,0.03160

Week 1,02 Oct 2001,0.03111,0.03113
Week 2,09 Oct 2001,0.03104,0.03107
Week 3,16 Oct 2001,0.03094,0.03096
Week 4,23 Oct 2001,0.03055,0.03056

Week 1,30 Oct 2001,0.03075,0.03078
Week 2,06 Nov 2001,0.03105,0.03107
Week 3,13 Nov 2001,0.03071,0.03073
Week 4,20 Nov 2001,0.03032,0.03034

Week 1,27 Nov 2001,0.03034,0.03036
Week 2,04 Dec 2001,0.03003,0.03004
Week 3,11 Dec 2001,0.02961,0.02962
Week 4,18 Dec 2001,0.02914,0.02915

Week 1,25 Dec 2001,0.02864,0.02865
Week 2,01 Jan 2002,0.02853,0.02855
Week 3,08 Jan 2002,0.02836,0.02836
Week 4,15 Jan 2002,0.02836,0.02837

Week 1,22 Jan 2002,0.02795,0.02796
Week 2,29 Jan 2002,0.02811,0.02812
Week 3,05 Feb 2002,0.02800,0.02801
Week 4,12 Feb 2002,0.02824,0.02825

Week 1,19 Feb 2002,0.02803,0.02804
Week 2,26 Feb 2002,0.02802,0.02803
Week 3,05 Mar 2002,0.02892,0.02893
Week 4,12 Mar 2002,0.02906,0.02907

Week 1,19 Mar 2002,0.02836,0.02837
Week 2,26 Mar 2002,0.02823,0.02824
Week 3,02 Apr 2002,0.02831,0.02833
Week 4,09 Apr 2002,0.02851,0.02852

Week 1,16 Apr 2002,0.02869,0.02870
Week 2,23 Apr 2002,0.02910,0.02911
Week 3,30 Apr 2002,0.02940,0.02941
Week 4,07 May 2002,0.02932,0.02932

Week 1,14 May 2002,0.02950,0.02951
Week 2,21 May 2002,0.03007,0.03008
Week 3,28 May 2002,0.03017,0.03018
Week 4,04 Jun 2002,0.03019,0.03020

Week 1,11 Jun 2002,0.03006,0.03007
Week 2,18 Jun 2002,0.03051,0.03053
Week 3,25 Jun 2002,0.03120,0.03121
Week 4,02 Jul 2002,0.03124,0.03126

Week 1,09 Jul 2002,0.03194,0.03196
Week 2,16 Jul 2002,0.03229,0.03230
Week 3,23 Jul 2002,0.03188,0.03189
Week 4,30 Jul 2002,0.03140,0.03141

Week 1,06 Aug 2002,0.03117,0.03119
Week 2,13 Aug 2002,0.03180,0.03182
Week 3,20 Aug 2002,0.03144,0.03145
Week 4,27 Aug 2002,0.03161,0.03163

Week 1,03 Sep 2002,0.03172,0.03174
Week 2,10 Sep 2002,0.03108,0.03109
Week 3,17 Sep 2002,0.03062,0.03063
Week 4,24 Sep 2002,0.03052,0.03053

Week 1,01 Oct 2002,0.03054,0.03055
Week 2,08 Oct 2002,0.03025,0.03026
Week 3,15 Oct 2002,0.03000,0.03001
Week 4,22 Oct 2002,0.03010,0.03011

Week 1,29 Oct 2002,0.03057,0.03059
Week 2,05 Nov 2002,0.03101,0.03102
Week 3,12 Nov 2002,0.03120,0.03121
Week 4,19 Nov 2002,0.03062,0.03064

Week 1,26 Nov 2002,0.03066,0.03068
Week 2,03 Dec 2002,0.03021,0.03022
Week 3,10 Dec 2002,0.03070,0.03072
Week 4,17 Dec 2002,0.03105,0.03107

Week 1,24 Dec 2002,0.03122,0.03124
Week 2,31 Dec 2002,0.03143,0.03144
Week 3,07 Jan 2003,0.03140,0.03142
Week 4,14 Jan 2003,0.03176,0.03177

Week 1,21 Jan 2003,0.03177,0.03179
Week 2,28 Jan 2003,0.03146,0.03148
Week 3,04 Feb 2003,0.03122,0.03124
Week 4,11 Feb 2003,0.03104,0.03106

Week 1,18 Feb 2003,0.03153,0.03154
Week 2,25 Feb 2003,0.03184,0.03186
Week 3,04 Mar 2003,0.03195,0.03197
Week 4,11 Mar 2003,0.03182,0.03184

Week 1,18 Mar 2003,0.03116,0.03118
Week 2,25 Mar 2003,0.03123,0.03124
Week 3,01 Apr 2003,0.03144,0.03146
Week 4,08 Apr 2003,0.03121,0.03123

Week 1,15 Apr 2003,0.03127,0.03128
Week 2,22 Apr 2003,0.03120,0.03121
Week 3,29 Apr 2003,0.03143,0.03145
Week 4,06 May 2003,0.03195,0.03196

Week 1,13 May 2003,0.03221,0.03223
Week 2,20 May 2003,0.03204,0.03206
Week 3,27 May 2003,0.03166,0.03168
Week 4,03 Jun 2003,0.03160,0.03162

Week 1,10 Jun 2003,0.03186,0.03188
Week 2,17 Jun 2003,0.03172,0.03175
Week 3,24 Jun 2003,0.03154,0.03157
Week 4,01 Jul 2003,0.03162,0.03165

Week 1,08 Jul 2003,0.03179,0.03182
Week 2,15 Jul 2003,0.03168,0.03170
Week 3,22 Jul 2003,0.03154,0.03157
Week 4,29 Jul 2003,0.03122,0.03124

Week 1,05 Aug 2003,0.03136,0.03139
Week 2,12 Aug 2003,0.03150,0.03152
Week 3,19 Aug 2003,0.03175,0.03178
Week 4,26 Aug 2003,0.03199,0.03202

Week 1,02 Sep 2003,0.03217,0.03219
Week 2,09 Sep 2003,0.03201,0.03203
Week 3,16 Sep 2003,0.03250,0.03253
Week 4,23 Sep 2003,0.03351,0.03354

Week 1,30 Sep 2003,0.03380,0.03383
Week 2,07 Oct 2003,0.03428,0.03431
Week 3,14 Oct 2003,0.03429,0.03431
Week 4,21 Oct 2003,0.03424,0.03427

Week 1,28 Oct 2003,0.03436,0.03439
Week 2,04 Nov 2003,0.03413,0.03416
Week 3,11 Nov 2003,0.03456,0.03460
Week 4,18 Nov 2003,0.03447,0.03449

Week 1,25 Nov 2003,0.03426,0.03429
Week 2,02 Dec 2003,0.03465,0.03467
Week 3,09 Dec 2003,0.03480,0.03483
Week 4,16 Dec 2003,0.03483,0.03485

Week 1,23 Dec 2003,0.03491,0.03493
Week 2,30 Dec 2003,0.03500,0.03502
Week 3,06 Jan 2004,0.03523,0.03525
Week 4,13 Jan 2004,0.03520,0.03522

Week 1,20 Jan 2004,0.03511,0.03513
Week 2,27 Jan 2004,0.03538,0.03540
Week 3,03 Feb 2004,0.03550,0.03552
Week 4,10 Feb 2004,0.03554,0.03556

Week 1,17 Feb 2004,0.03489,0.03491
Week 2,24 Feb 2004,0.03442,0.03444
Week 3,02 Mar 2004,0.03380,0.03382
Week 4,09 Mar 2004,0.03372,0.03374

Week 1,16 Mar 2004,0.03479,0.03480
Week 2,23 Mar 2004,0.03529,0.03531
Week 3,30 Mar 2004,0.03581,0.03583
Week 4,06 Apr 2004,0.03539,0.03541

Week 1,13 Apr 2004,0.03488,0.03490
Week 2,20 Apr 2004,0.03440,0.03442
Week 3,27 Apr 2004,0.03411,0.03413
Week 4,04 May 2004,0.03385,0.03388

Week 1,11 May 2004,0.03293,0.03295
Week 2,18 May 2004,0.03317,0.03320
Week 3,25 May 2004,0.03373,0.03376
Week 4,01 Jun 2004,0.03390,0.03393

Week 1,08 Jun 2004,0.03411,0.03414
Week 2,15 Jun 2004,0.03423,0.03426
Week 3,22 Jun 2004,0.03467,0.03470
Week 4,29 Jun 2004,0.03461,0.03464

Week 1,06 Jul 2004,0.03451,0.03454
Week 2,13 Jul 2004,0.03443,0.03446
Week 3,20 Jul 2004,0.03422,0.03425
Week 4,27 Jul 2004,0.03371,0.03374

Week 1,03 Aug 2004,0.03384,0.03386
Week 2,10 Aug 2004,0.03383,0.03386
Week 3,17 Aug 2004,0.03422,0.03425
Week 4,24 Aug 2004,0.03416,0.03419

Week 1,31 Aug 2004,0.03410,0.03413
Week 2,07 Sep 2004,0.03419,0.03422
Week 3,14 Sep 2004,0.03410,0.03413
Week 4,21 Sep 2004,0.03395,0.03398

Week 1,28 Sep 2004,0.03385,0.03387
Week 2,05 Oct 2004,0.03395,0.03398
Week 3,12 Oct 2004,0.03424,0.03427
Week 4,19 Oct 2004,0.03476,0.03477

Week 1,26 Oct 2004,0.03530,0.03532
Week 2,02 Nov 2004,0.03540,0.03542
Week 3,09 Nov 2004,0.03538,0.03540
Week 4,16 Nov 2004,0.03604,0.03606

Week 1,23 Nov 2004,0.03645,0.03647
Week 2,30 Nov 2004,0.03656,0.03658
Week 3,07 Dec 2004,0.03595,0.03597
Week 4,14 Dec 2004,0.03586,0.03588

Week 1,21 Dec 2004,0.03609,0.03610
Week 2,28 Dec 2004,0.03641,0.03643
Week 3,04 Jan 2005,0.03590,0.03592
Week 4,11 Jan 2005,0.03653,0.03655

Week 1,18 Jan 2005,0.03652,0.03653
Week 2,25 Jan 2005,0.03630,0.03632
Week 3,01 Feb 2005,0.03606,0.03608
Week 4,08 Feb 2005,0.03550,0.03552

Week 1,15 Feb 2005,0.03559,0.03560
Week 2,22 Feb 2005,0.03568,0.03569
Week 3,01 Mar 2005,0.03580,0.03582
Week 4,08 Mar 2005,0.03596,0.03598

Week 1,15 Mar 2005,0.03584,0.03586
Week 2,22 Mar 2005,0.03536,0.03538
Week 3,29 Mar 2005,0.03490,0.03492
Week 4,05 Apr 2005,0.03459,0.03461

Week 1,12 Apr 2005,0.03479,0.03481
Week 2,19 Apr 2005,0.03522,0.03523
Week 3,26 Apr 2005,0.03555,0.03556
Week 4,03 May 2005,0.03575,0.03577

Week 1,10 May 2005,0.03519,0.03521
Week 2,17 May 2005,0.03484,0.03485
Week 3,24 May 2005,0.03477,0.03479
Week 4,31 May 2005,0.03468,0.03469

Week 1,07 Jun 2005,0.03480,0.03482
Week 2,14 Jun 2005,0.03439,0.03440
Week 3,21 Jun 2005,0.03442,0.03444
Week 4,28 Jun 2005,0.03383,0.03384

Week 1,05 Jul 2005,0.03347,0.03349
Week 2,12 Jul 2005,0.03350,0.03351
Week 3,19 Jul 2005,0.03359,0.03360
Week 4,26 Jul 2005,0.03340,0.03341

Week 1,02 Aug 2005,0.03356,0.03358
Week 2,09 Aug 2005,0.03396,0.03398
Week 3,16 Aug 2005,0.03407,0.03408
Week 4,23 Aug 2005,0.03407,0.03409

Week 1,30 Aug 2005,0.03402,0.03403
Week 2,06 Sep 2005,0.03418,0.03420
Week 3,13 Sep 2005,0.03382,0.03384
Week 4,20 Sep 2005,0.03348,0.03349

Week 1,27 Sep 2005,0.03315,0.03317
Week 2,04 Oct 2005,0.03294,0.03296
Week 3,11 Oct 2005,0.03283,0.03285
Week 4,18 Oct 2005,0.03245,0.03246

Week 1,25 Oct 2005,0.03244,0.03246
Week 2,01 Nov 2005,0.03197,0.03198
Week 3,08 Nov 2005,0.03183,0.03185
Week 4,15 Nov 2005,0.03151,0.03153

Week 1,22 Nov 2005,0.03147,0.03149
Week 2,29 Nov 2005,0.03127,0.03129
Week 3,06 Dec 2005,0.03104,0.03106
Week 4,13 Dec 2005,0.03169,0.03170

Week 1,20 Dec 2005,0.03218,0.03220
Week 2,27 Dec 2005,0.03200,0.03202
Week 3,03 Jan 2006,0.03226,0.03228
Week 4,10 Jan 2006,0.03280,0.03282

Week 1,17 Jan 2006,0.03254,0.03255
Week 2,24 Jan 2006,0.03235,0.03236
Week 3,31 Jan 2006,0.03173,0.03175
Week 4,07 Feb 2006,0.03171,0.03172

Week 1,14 Feb 2006,0.03181,0.03182
Week 2,21 Feb 2006,0.03186,0.03188
Week 3,28 Feb 2006,0.03226,0.03227
Week 4,07 Mar 2006,0.03175,0.03177

Week 1,14 Mar 2006,0.03199,0.03200
Week 2,21 Mar 2006,0.03201,0.03203
Week 3,28 Mar 2006,0.03192,0.03193
Week 4,04 Apr 2006,0.03181,0.03182

Week 1,11 Apr 2006,0.03164,0.03165
Week 2,18 Apr 2006,0.03196,0.03198
Week 3,25 Apr 2006,0.03275,0.03277
Week 4,02 May 2006,0.03312,0.03314

Week 1,09 May 2006,0.03385,0.03387
Week 2,16 May 2006,0.03383,0.03385
Week 3,23 May 2006,0.03340,0.03342
Week 4,30 May 2006,0.03342,0.03344

Week 1,06 Jun 2006,0.03308,0.03309
Week 2,13 Jun 2006,0.03263,0.03265
Week 3,20 Jun 2006,0.03240,0.03242
Week 4,27 Jun 2006,0.03245,0.03247

Week 1,04 Jul 2006,0.03270,0.03272
Week 2,11 Jul 2006,0.03255,0.03257
Week 3,18 Jul 2006,0.03214,0.03215
Week 4,25 Jul 2006,0.03237,0.03238

Week 1,01 Aug 2006,0.03271,0.03273
Week 2,08 Aug 2006,0.03246,0.03248
Week 3,15 Aug 2006,0.03232,0.03234
Week 4,22 Aug 2006,0.03215,0.03217

Week 1,29 Aug 2006,0.03202,0.03204
Week 2,05 Sep 2006,0.03218,0.03220
Week 3,12 Sep 2006,0.03190,0.03192
Week 4,19 Sep 2006,0.03203,0.03205

Week 1,26 Sep 2006,0.03192,0.03194
Week 2,03 Oct 2006,0.03171,0.03173
Week 3,10 Oct 2006,0.03138,0.03140
Week 4,17 Oct 2006,0.03154,0.03156

Week 1,24 Oct 2006,0.03160,0.03162
Week 2,31 Oct 2006,0.03191,0.03193
Week 3,07 Nov 2006,0.03183,0.03185
Week 4,14 Nov 2006,0.03181,0.03183

Week 1,21 Nov 2006,0.03210,0.03212
Week 2,28 Nov 2006,0.03237,0.03239
Week 3,05 Dec 2006,0.03246,0.03247
Week 4,12 Dec 2006,0.03191,0.03193

Week 1,19 Dec 2006,0.03167,0.03169
Week 2,26 Dec 2006,0.03153,0.03155
Week 3,02 Jan 2007,0.03154,0.03156
Week 4,09 Jan 2007,0.03132,0.03134

Week 1,16 Jan 2007,0.03102,0.03104
Week 2,23 Jan 2007,0.03089,0.03091
Week 3,30 Jan 2007,0.03093,0.03094
Week 4,06 Feb 2007,0.03098,0.03099

Week 1,13 Feb 2007,0.03115,0.03116
Week 2,20 Feb 2007,0.03107,0.03109
Week 3,27 Feb 2007,0.03170,0.03171
Week 4,06 Mar 2007,0.03202,0.03204

Week 1,13 Mar 2007,0.03203,0.03205
Week 2,20 Mar 2007,0.03184,0.03186
Week 3,27 Mar 2007,0.03183,0.03185
Week 4,03 Apr 2007,0.03158,0.03160

Week 1,10 Apr 2007,0.03146,0.03148
Week 2,17 Apr 2007,0.03156,0.03158
Week 3,24 Apr 2007,0.03149,0.03151
Week 4,01 May 2007,0.03125,0.03127

Week 1,08 May 2007,0.03124,0.03125
Week 2,15 May 2007,0.03104,0.03106
Week 3,22 May 2007,0.03084,0.03086
Week 4,29 May 2007,0.03078,0.03080

Week 1,05 Jun 2007,0.03085,0.03087
Week 2,12 Jun 2007,0.03057,0.03059
Week 3,19 Jun 2007,0.03031,0.03033
Week 4,26 Jun 2007,0.03043,0.03045

Week 1,03 Jul 2007,0.03051,0.03053
Week 2,10 Jul 2007,0.03064,0.03066
Week 3,17 Jul 2007,0.03079,0.03081
Week 4,24 Jul 2007,0.03131,0.03133

Week 1,31 Jul 2007,0.03162,0.03164
Week 2,07 Aug 2007,0.03164,0.03166
Week 3,14 Aug 2007,0.03237,0.03239
Week 4,21 Aug 2007,0.03245,0.03247

Week 1,28 Aug 2007,0.03242,0.03244
Week 2,04 Sep 2007,0.03264,0.03266
Week 3,11 Sep 2007,0.03274,0.03276
Week 4,18 Sep 2007,0.03242,0.03248

Week 1,25 Sep 2007,0.03244,0.03254
Week 2,02 Oct 2007,0.03208,0.03220
Week 3,09 Oct 2007,0.03177,0.03188
Week 4,16 Oct 2007,0.03217,0.03229

Week 1,23 Oct 2007,0.03267,0.03279
Week 2,30 Oct 2007,0.03255,0.03262
Week 3,06 Nov 2007,0.03313,0.03324
Week 4,13 Nov 2007,0.03369,0.03380

Week 1,20 Nov 2007,0.03405,0.03419
Week 2,27 Nov 2007,0.03376,0.03389
Week 3,04 Dec 2007,0.03362,0.03375
Week 4,11 Dec 2007,0.03326,0.03339

Week 1,18 Dec 2007,0.03302,0.03315
Week 2,25 Dec 2007,0.03299,0.03315
Week 3,01 Jan 2008,0.03401,0.03417
Week 4,08 Jan 2008,0.03430,0.03442

Week 1,15 Jan 2008,0.03493,0.03504
Week 2,22 Jan 2008,0.03513,0.03525
Week 3,29 Jan 2008,0.03511,0.03522
Week 4,05 Feb 2008,0.03499,0.03510

Week 1,12 Feb 2008,0.03480,0.03491
Week 2,19 Feb 2008,0.03480,0.03491
Week 3,26 Feb 2008,0.03537,0.03549
Week 4,04 Mar 2008,0.03632,0.03644

Week 1,11 Mar 2008,0.03708,0.03721
Week 2,18 Mar 2008,0.03786,0.03798
Week 3,25 Mar 2008,0.03757,0.03770
Week 4,01 Apr 2008,0.03693,0.03706

Week 1,08 Apr 2008,0.03681,0.03694
Week 2,15 Apr 2008,0.03660,0.03673
Week 3,22 Apr 2008,0.03607,0.03619
Week 4,29 Apr 2008,0.03580,0.03592

Week 1,06 May 2008,0.03600,0.03612
Week 2,13 May 2008,0.03591,0.03603
Week 3,20 May 2008,0.03613,0.03626
Week 4,27 May 2008,0.03575,0.03587

Week 1,03 Jun 2008,0.03562,0.03572
Week 2,10 Jun 2008,0.03487,0.03499
Week 3,17 Jun 2008,0.03473,0.03486
Week 4,24 Jun 2008,0.03495,0.03507

Week 1,01 Jul 2008,0.03520,0.03532
Week 2,08 Jul 2008,0.03505,0.03516
Week 3,15 Jul 2008,0.03531,0.03543
Week 4,22 Jul 2008,0.03486,0.03497

Week 1,29 Jul 2008,0.03473,0.03485
Week 2,05 Aug 2008,0.03431,0.03441
Week 3,12 Aug 2008,0.03406,0.03416
Week 4,19 Aug 2008,0.03414,0.03421

Week 1,26 Aug 2008,0.03428,0.03439
Week 2,02 Sep 2008,0.03469,0.03481
Week 3,09 Sep 2008,0.03477,0.03489
Week 4,16 Sep 2008,0.03531,0.03543

Week 1,23 Sep 2008,0.03538,0.03550
Week 2,30 Sep 2008,0.03560,0.03571
Week 3,07 Oct 2008,0.03721,0.03731
Week 4,14 Oct 2008,0.03700,0.03714

Week 1,21 Oct 2008,0.03846,0.03858
Week 2,28 Oct 2008,0.03865,0.03876
Week 3,04 Nov 2008,0.03806,0.03816
Week 4,11 Nov 2008,0.03852,0.03863

Week 1,18 Nov 2008,0.03903,0.03913
Week 2,25 Nov 2008,0.03921,0.03931
Week 3,02 Dec 2008,0.04023,0.04037
Week 4,09 Dec 2008,0.04081,0.04088

Week 1,16 Dec 2008,0.04193,0.04201
Week 2,23 Dec 2008,0.04142,0.04153
Week 3,30 Dec 2008,0.04120,0.04132
Week 4,06 Jan 2009,0.04081,0.04089

Week 1,13 Jan 2009,0.04166,0.04178
Week 2,20 Jan 2009,0.04190,0.04199
Week 3,27 Jan 2009,0.04183,0.04191
Week 4,03 Feb 2009,0.04141,0.04150

Week 1,10 Feb 2009,0.04110,0.04118
Week 2,17 Feb 2009,0.04027,0.04038
Week 3,24 Feb 2009,0.03874,0.03885
Week 4,03 Mar 2009,0.03813,0.03825

Week 1,10 Mar 2009,0.03817,0.03829
Week 2,17 Mar 2009,0.03871,0.03882
Week 3,24 Mar 2009,0.03832,0.03844
Week 4,31 Mar 2009,0.03776,0.03787

Week 1,07 Apr 2009,0.03733,0.03743
Week 2,14 Apr 2009,0.03768,0.03779
Week 3,21 Apr 2009,0.03830,0.03838
Week 4,28 Apr 2009,0.03826,0.03836

Week 1,05 May 2009,0.03788,0.03800
Week 2,12 May 2009,0.03898,0.03909
Week 3,19 May 2009,0.03937,0.03948
Week 4,26 May 2009,0.03924,0.03936

Week 1,02 Jun 2009,0.03864,0.03875
Week 2,09 Jun 2009,0.03815,0.03826
Week 3,16 Jun 2009,0.03877,0.03887
Week 4,23 Jun 2009,0.03920,0.03930

Week 1,30 Jun 2009,0.03898,0.03907
Week 2,07 Jul 2009,0.04002,0.04011
Week 3,14 Jul 2009,0.03999,0.04010
Week 4,21 Jul 2009,0.03968,0.03978

Week 1,28 Jul 2009,0.03946,0.03957
Week 2,04 Aug 2009,0.03905,0.03914
Week 3,11 Aug 2009,0.03912,0.03921
Week 4,18 Aug 2009,0.03969,0.03978

Week 1,25 Aug 2009,0.03986,0.03998
Week 2,01 Sep 2009,0.04034,0.04045
Week 3,08 Sep 2009,0.04083,0.04093
Week 4,15 Sep 2009,0.04114,0.04124

Week 1,22 Sep 2009,0.04128,0.04138
Week 2,29 Sep 2009,0.04176,0.04186
Week 3,06 Oct 2009,0.04198,0.04209
Week 4,13 Oct 2009,0.04150,0.04161

Week 1,20 Oct 2009,0.04104,0.04109
Week 2,27 Oct 2009,0.04111,0.04118
Week 3,03 Nov 2009,0.04153,0.04160
Week 4,10 Nov 2009,0.04171,0.04177

Week 1,17 Nov 2009,0.04207,0.04213
Week 2,24 Nov 2009,0.04285,0.04295
Week 3,01 Dec 2009,0.04244,0.04254
Week 4,08 Dec 2009,0.04219,0.04225

Week 1,15 Dec 2009,0.04172,0.04183
Week 2,22 Dec 2009,0.04104,0.04112
Week 3,29 Dec 2009,0.04052,0.04062
Week 4,05 Jan 2010,0.04046,0.04055

Week 1,12 Jan 2010,0.04095,0.04118
Week 2,19 Jan 2010,0.04137,0.04144
Week 3,26 Jan 2010,0.04160,0.04169
Week 4,02 Feb 2010,0.04163,0.04172

Week 1,09 Feb 2010,0.04174,0.04184
Week 2,16 Feb 2010,0.04115,0.04132
Week 3,23 Feb 2010,0.04169,0.04188
Week 4,02 Mar 2010,0.04186,0.04203

Week 1,09 Mar 2010,0.04142,0.04155
Week 2,16 Mar 2010,0.04137,0.04154
Week 3,23 Mar 2010,0.04081,0.04097
Week 4,30 Mar 2010,0.04005,0.04016

Week 1,06 Apr 2010,0.04005,0.04016
Week 2,13 Apr 2010,0.04033,0.04050
Week 3,20 Apr 2010,0.04014,0.04025
Week 4,27 Apr 2010,0.03985,0.04002

Week 1,04 May 2010,0.04023,0.04040
Week 2,11 May 2010,0.04033,0.04054
Week 3,18 May 2010,0.04112,0.04131
Week 4,25 May 2010,0.04128,0.04154

Week 1,01 Jun 2010,0.04073,0.04092
Week 2,08 Jun 2010,0.04089,0.04107
Week 3,15 Jun 2010,0.04108,0.04124
Week 4,22 Jun 2010,0.04161,0.04179

Week 1,29 Jun 2010,0.04241,0.04259
Week 2,06 Jul 2010,0.04246,0.04265
Week 3,13 Jul 2010,0.04270,0.04289
Week 4,20 Jul 2010,0.04295,0.04314

Week 1,27 Jul 2010,0.04304,0.04322
Week 2,03 Aug 2010,0.04358,0.04377
Week 3,10 Aug 2010,0.04362,0.04379
Week 4,17 Aug 2010,0.04377,0.04395

Week 1,24 Aug 2010,0.04408,0.04429
Week 2,31 Aug 2010,0.04435,0.04455
Week 3,07 Sep 2010,0.04454,0.04476
Week 4,14 Sep 2010,0.04399,0.04416

Week 1,21 Sep 2010,0.04417,0.04436
Week 2,28 Sep 2010,0.04477,0.04497
Week 3,05 Oct 2010,0.04531,0.04549
Week 4,12 Oct 2010,0.04586,0.04605

Week 1,19 Oct 2010,0.04603,0.04622
Week 2,26 Oct 2010,0.04631,0.04641
Week 3,02 Nov 2010,0.04629,0.04639
Week 4,09 Nov 2010,0.04570,0.04580

Week 1,16 Nov 2010,0.04496,0.04507
Week 2,23 Nov 2010,0.04479,0.04489
Week 3,30 Nov 2010,0.04487,0.04497
Week 4,07 Dec 2010,0.04483,0.04493

Week 1,14 Dec 2010,0.04465,0.04475
Week 2,21 Dec 2010,0.04497,0.04507
Week 3,28 Dec 2010,0.04579,0.04590
Week 4,04 Jan 2011,0.04531,0.04542

Week 1,11 Jan 2011,0.04515,0.04525
Week 2,18 Jan 2011,0.04537,0.04547
Week 3,25 Jan 2011,0.04548,0.04558
Week 4,01 Feb 2011,0.04576,0.04586

Week 1,08 Feb 2011,0.04522,0.04532
Week 2,15 Feb 2011,0.04492,0.04503
Week 3,22 Feb 2011,0.04553,0.04563
Week 4,01 Mar 2011,0.04564,0.04574

Week 1,08 Mar 2011,0.04549,0.04559
Week 2,15 Mar 2011,0.04642,0.04653
Week 3,22 Mar 2011,0.04619,0.04629
Week 4,29 Mar 2011,0.04511,0.04521

Week 1,05 Apr 2011,0.04421,0.04425
Week 2,12 Apr 2011,0.04480,0.04484
Week 3,19 Apr 2011,0.04558,0.04562
Week 4,26 Apr 2011,0.04594,0.04598

Week 1,03 May 2011,0.04643,0.04647
Week 2,10 May 2011,0.04640,0.04644
Week 3,17 May 2011,0.04601,0.04605
Week 4,24 May 2011,0.04603,0.04607

Week 1,31 May 2011,0.04641,0.04645
Week 2,07 Jun 2011,0.04675,0.04679
Week 3,14 Jun 2011,0.04664,0.04668
Week 4,21 Jun 2011,0.04665,0.04669

Week 1,28 Jun 2011,0.04640,0.04643
Week 2,05 Jul 2011,0.04635,0.04639
Week 3,12 Jul 2011,0.04720,0.04724
Week 4,19 Jul 2011,0.04759,0.04764

Week 1,26 Jul 2011,0.04831,0.04836
Week 2,02 Aug 2011,0.04806,0.04812
Week 3,09 Aug 2011,0.04870,0.04874
Week 4,16 Aug 2011,0.04891,0.04895

Week 1,23 Aug 2011,0.04880,0.04884
Week 2,30 Aug 2011,0.04882,0.04886
Week 3,06 Sep 2011,0.04847,0.04851
Week 4,13 Sep 2011,0.04876,0.04880

Week 1,20 Sep 2011,0.04899,0.04903
Week 2,27 Sep 2011,0.04887,0.04891
Week 3,04 Oct 2011,0.04883,0.04888
Week 4,11 Oct 2011,0.04871,0.04875

Week 1,18 Oct 2011,0.04891,0.04895
Week 2,25 Oct 2011,0.04935,0.04939
Week 3,01 Nov 2011,0.04798,0.04802
Week 4,08 Nov 2011,0.04831,0.04836

Week 1,15 Nov 2011,0.04870,0.04874
Week 2,22 Nov 2011,0.04850,0.04854
Week 3,29 Nov 2011,0.04815,0.04819
Week 4,06 Dec 2011,0.04825,0.04829

Week 1,13 Dec 2011,0.04815,0.04819
Week 2,20 Dec 2011,0.04805,0.04809
Week 3,27 Dec 2011,0.04835,0.04840
Week 4,03 Jan 2012,0.04874,0.04878

Week 1,10 Jan 2012,0.04875,0.04879
Week 2,17 Jan 2012,0.04874,0.04878
Week 3,24 Jan 2012,0.04857,0.04861
Week 4,31 Jan 2012,0.04907,0.04911

Week 1,07 Feb 2012,0.04855,0.04860
Week 2,14 Feb 2012,0.04763,0.04767
Week 3,21 Feb 2012,0.04666,0.04670
Week 4,28 Feb 2012,0.04619,0.04623

Week 1,06 Mar 2012,0.04590,0.04593
Week 2,13 Mar 2012,0.04507,0.04511
Week 3,20 Mar 2012,0.04517,0.04521
Week 4,27 Mar 2012,0.04531,0.04535

Week 1,03 Apr 2012,0.04564,0.04567
Week 2,10 Apr 2012,0.04626,0.04630
Week 3,17 Apr 2012,0.04614,0.04618
Week 4,24 Apr 2012,0.04635,0.04639

Week 1,01 May 2012,0.04683,0.04687
Week 2,08 May 2012,0.04694,0.04698
Week 3,15 May 2012,0.04706,0.04710
Week 4,22 May 2012,0.04711,0.04715

Week 1,29 May 2012,0.04760,0.04765
Week 2,05 Jun 2012,0.04741,0.04746
Week 3,12 Jun 2012,0.04735,0.04739
Week 4,19 Jun 2012,0.04701,0.04705

Week 1,26 Jun 2012,0.04705,0.04709
Week 2,03 Jul 2012,0.04700,0.04706
Week 3,10 Jul 2012,0.04723,0.04728
Week 4,17 Jul 2012,0.04760,0.04766

Week 1,24 Jul 2012,0.04786,0.04793
Week 2,31 Jul 2012,0.04785,0.04791
Week 3,07 Aug 2012,0.04781,0.04787
Week 4,14 Aug 2012,0.04740,0.04746

Week 1,21 Aug 2012,0.04749,0.04754
Week 2,28 Aug 2012,0.04772,0.04778
Week 3,04 Sep 2012,0.04780,0.04786
Week 4,11 Sep 2012,0.04801,0.04807

Week 1,18 Sep 2012,0.04782,0.04788
Week 2,25 Sep 2012,0.04816,0.04821
Week 3,02 Oct 2012,0.04781,0.04786
Week 4,09 Oct 2012,0.04783,0.04789

Week 1,16 Oct 2012,0.04741,0.04747
Week 2,23 Oct 2012,0.04696,0.04702
Week 3,30 Oct 2012,0.04683,0.04688
Week 4,06 Nov 2012,0.04694,0.04700

Week 1,13 Nov 2012,0.04658,0.04663
Week 2,20 Nov 2012,0.04567,0.04573
Week 3,27 Nov 2012,0.04556,0.04562
Week 4,04 Dec 2012,0.04553,0.04558

Week 1,11 Dec 2012,0.04510,0.04515
Week 2,18 Dec 2012,0.04454,0.04459
Week 3,25 Dec 2012,0.04387,0.04392
Week 4,01 Jan 2013,0.04293,0.04298

Week 1,08 Jan 2013,0.04243,0.04248
Week 2,15 Jan 2013,0.04193,0.04197
Week 3,22 Jan 2013,0.04171,0.04175
Week 4,29 Jan 2013,0.04091,0.04096

Week 1,05 Feb 2013,0.04030,0.04035
Week 2,12 Feb 2013,0.04014,0.04019
Week 3,19 Feb 2013,0.04008,0.04013
Week 4,26 Feb 2013,0.04036,0.04041

Week 1,05 Mar 2013,0.03964,0.03969
Week 2,12 Mar 2013,0.03911,0.03916
Week 3,19 Mar 2013,0.03946,0.03952
Week 4,26 Mar 2013,0.03974,0.03980

Week 1,02 Apr 2013,0.03935,0.03941
Week 2,09 Apr 2013,0.03786,0.03792
Week 3,16 Apr 2013,0.03805,0.03810
Week 4,23 Apr 2013,0.03790,0.03795

Week 1,30 Apr 2013,0.03820,0.03825
Week 2,07 May 2013,0.03744,0.03748
Week 3,14 May 2013,0.03658,0.03663
Week 4,21 May 2013,0.03673,0.03678

Week 1,28 May 2013,0.03710,0.03713
Week 2,04 Jun 2013,0.03802,0.03804
Week 3,11 Jun 2013,0.03917,0.03920
Week 4,18 Jun 2013,0.03884,0.03886

Week 1,25 Jun 2013,0.03811,0.03814
Week 2,02 Jul 2013,0.03737,0.03739
Week 3,09 Jul 2013,0.03752,0.03755
Week 4,16 Jul 2013,0.03747,0.03750

Week 1,23 Jul 2013,0.03778,0.03782
Week 2,30 Jul 2013,0.03804,0.03807
Week 3,06 Aug 2013,0.03865,0.03868
Week 4,13 Aug 2013,0.03843,0.03846

Week 1,20 Aug 2013,0.03818,0.03821
Week 2,27 Aug 2013,0.03823,0.03827
Week 3,03 Sep 2013,0.03772,0.03775
Week 4,10 Sep 2013,0.03762,0.03764

Week 1,17 Sep 2013,0.03782,0.03785
Week 2,24 Sep 2013,0.03802,0.03804
Week 3,01 Oct 2013,0.03841,0.03843
Week 4,08 Oct 2013,0.03834,0.03836

Week 1,15 Oct 2013,0.03820,0.03824
Week 2,22 Oct 2013,0.03841,0.03843
Week 3,29 Oct 2013,0.03816,0.03819
Week 4,05 Nov 2013,0.03799,0.03801

Week 1,12 Nov 2013,0.03758,0.03760
Week 2,19 Nov 2013,0.03726,0.03728
Week 3,26 Nov 2013,0.03675,0.03677
Week 4,03 Dec 2013,0.03655,0.03657

Week 1,10 Dec 2013,0.03637,0.03640
Week 2,17 Dec 2013,0.03617,0.03620
Week 3,24 Dec 2013,0.03583,0.03585
Week 4,31 Dec 2013,0.03572,0.03573

Week 1,07 Jan 2014,0.03587,0.03589
Week 2,14 Jan 2014,0.03600,0.03603
Week 3,21 Jan 2014,0.03621,0.03624
Week 4,28 Jan 2014,0.03660,0.03663

Week 1,04 Feb 2014,0.03680,0.03684
Week 2,11 Feb 2014,0.03672,0.03674
Week 3,18 Feb 2014,0.03666,0.03668
Week 4,25 Feb 2014,0.03672,0.03674

Week 1,04 Mar 2014,0.03656,0.03659
Week 2,11 Mar 2014,0.03666,0.03668
Week 3,18 Mar 2014,0.03676,0.03678
Week 4,25 Mar 2014,0.03661,0.03662

Week 1,01 Apr 2014,0.03623,0.03625
Week 2,08 Apr 2014,0.03675,0.03677
Week 3,15 Apr 2014,0.03670,0.03672
Week 4,22 Apr 2014,0.03663,0.03664

Week 1,29 Apr 2014,0.03663,0.03666
Week 2,06 May 2014,0.03682,0.03685
Week 3,13 May 2014,0.03683,0.03685
Week 4,20 May 2014,0.03689,0.03692

Week 1,27 May 2014,0.03683,0.03686
Week 2,03 Jun 2014,0.03661,0.03662
Week 3,10 Jun 2014,0.03671,0.03673
Week 4,17 Jun 2014,0.03676,0.03678

Week 1,24 Jun 2014,0.03686,0.03690
Week 2,01 Jul 2014,0.03682,0.03685
Week 3,08 Jul 2014,0.03692,0.03695
Week 4,15 Jul 2014,0.03695,0.03697

Week 1,22 Jul 2014,0.03690,0.03692
Week 2,29 Jul 2014,0.03661,0.03662
Week 3,05 Aug 2014,0.03667,0.03669
Week 4,12 Aug 2014,0.03664,0.03665

Week 1,19 Aug 2014,0.03625,0.03628
Week 2,26 Aug 2014,0.03606,0.03608
Week 3,02 Sep 2014,0.03574,0.03576
Week 4,09 Sep 2014,0.03514,0.03516

Week 1,16 Sep 2014,0.03465,0.03467
Week 2,23 Sep 2014,0.03440,0.03442
Week 3,30 Sep 2014,0.03428,0.03429
Week 4,07 Oct 2014,0.03467,0.03468

Week 1,14 Oct 2014,0.03512,0.03515
Week 2,21 Oct 2014,0.03487,0.03490
Week 3,28 Oct 2014,0.03416,0.03418
Week 4,04 Nov 2014,0.03282,0.03284

Week 1,11 Nov 2014,0.03243,0.03246
Week 2,18 Nov 2014,0.03193,0.03196
Week 3,25 Nov 2014,0.03175,0.03178
Week 4,02 Dec 2014,0.03126,0.03129

Week 1,09 Dec 2014,0.03145,0.03148
Week 2,16 Dec 2014,0.03166,0.03168
Week 3,23 Dec 2014,0.03119,0.03122
Week 4,30 Dec 2014,0.03121,0.03127

Week 1,06 Jan 2015,0.03149,0.03152
Week 2,13 Jan 2015,0.03190,0.03195
Week 3,20 Jan 2015,0.03184,0.03189
Week 4,27 Jan 2015,0.03188,0.03193

Week 1,03 Feb 2015,0.03179,0.03184
Week 2,10 Feb 2015,0.03148,0.03153
Week 3,17 Feb 2015,0.03154,0.03158
Week 4,24 Feb 2015,0.03144,0.03148

Week 1,03 Mar 2015,0.03119,0.03122
Week 2,10 Mar 2015,0.03090,0.03093
Week 3,17 Mar 2015,0.03105,0.03108
Week 4,24 Mar 2015,0.03140,0.03144

Week 1,31 Mar 2015,0.03137,0.03141
Week 2,07 Apr 2015,0.03124,0.03128
Week 3,14 Apr 2015,0.03141,0.03145
Week 4,21 Apr 2015,0.03141,0.03145

Week 1,28 Apr 2015,0.03137,0.03140
Week 2,05 May 2015,0.03127,0.03131
Week 3,12 May 2015,0.03135,0.03138
Week 4,19 May 2015,0.03101,0.03104

Week 1,26 May 2015,0.03039,0.03042
Week 2,02 Jun 2015,0.03004,0.03007
Week 3,09 Jun 2015,0.03028,0.03031
Week 4,16 Jun 2015,0.03044,0.03047

Week 1,23 Jun 2015,0.03031,0.03034
Week 2,30 Jun 2015,0.03051,0.03057
Week 3,07 Jul 2015,0.03066,0.03070
Week 4,14 Jul 2015,0.03029,0.03033

Week 1,21 Jul 2015,0.03024,0.03027
Week 2,28 Jul 2015,0.03028,0.03031
Week 3,04 Aug 2015,0.03015,0.03017
Week 4,11 Aug 2015,0.03010,0.03016

Week 1,18 Aug 2015,0.03037,0.03043
Week 2,25 Aug 2015,0.03109,0.03114
Week 3,01 Sep 2015,0.03126,0.03131
Week 4,08 Sep 2015,0.03115,0.03121

Week 1,15 Sep 2015,0.03118,0.03123
Week 2,22 Sep 2015,0.03115,0.03120
Week 3,29 Sep 2015,0.03125,0.03129
Week 4,06 Oct 2015,0.03119,0.03124

Week 1,13 Oct 2015,0.03136,0.03142
Week 2,20 Oct 2015,0.03113,0.03117
Week 3,27 Oct 2015,0.03105,0.03109
Week 4,03 Nov 2015,0.03077,0.03080

Week 1,10 Nov 2015,0.03050,0.03053
Week 2,17 Nov 2015,0.03047,0.03051
Week 3,24 Nov 2015,0.03056,0.03062
Week 4,01 Dec 2015,0.03047,0.03052

Week 1,08 Dec 2015,0.03073,0.03078
Week 2,15 Dec 2015,0.03085,0.03091
Week 3,22 Dec 2015,0.03108,0.03111
Week 4,29 Dec 2015,0.03117,0.03120

Week 1,05 Jan 2016,0.03173,0.03178
Week 2,12 Jan 2016,0.03190,0.03195
Week 3,19 Jan 2016,0.03183,0.03188
Week 4,26 Jan 2016,0.03136,0.03141

Week 1,02 Feb 2016,0.03164,0.03169
Week 2,09 Feb 2016,0.03288,0.03294
Week 3,16 Feb 2016,0.03304,0.03308
Week 4,23 Feb 2016,0.03319,0.03323

Week 1,01 Mar 2016,0.03299,0.03303
Week 2,08 Mar 2016,0.03304,0.03308
Week 3,15 Mar 2016,0.03334,0.03340
Week 4,22 Mar 2016,0.03329,0.03335

Week 1,29 Mar 2016,0.03333,0.03337
Week 2,05 Apr 2016,0.03426,0.03431
Week 3,12 Apr 2016,0.03445,0.03452
Week 4,19 Apr 2016,0.03406,0.03410

Week 1,26 Apr 2016,0.03441,0.03445
Week 2,03 May 2016,0.03508,0.03512
Week 3,10 May 2016,0.03450,0.03454
Week 4,17 May 2016,0.03417,0.03422

Week 1,24 May 2016,0.03409,0.03414
Week 2,31 May 2016,0.03443,0.03447
Week 3,07 Jun 2016,0.03502,0.03506
Week 4,14 Jun 2016,0.03567,0.03572

Week 1,21 Jun 2016,0.03614,0.03620
Week 2,28 Jun 2016,0.03658,0.03663
Week 3,05 Jul 2016,0.03705,0.03712
Week 4,12 Jul 2016,0.03592,0.03597

Week 1,19 Jul 2016,0.03530,0.03536
Week 2,26 Jul 2016,0.03600,0.03606
Week 3,02 Aug 2016,0.03687,0.03693
Week 4,09 Aug 2016,0.03686,0.03692

Week 1,16 Aug 2016,0.03732,0.03738
Week 2,23 Aug 2016,0.03716,0.03721
Week 3,30 Aug 2016,0.03630,0.03636
Week 4,06 Sep 2016,0.03654,0.03661

Week 1,13 Sep 2016,0.03665,0.03670
Week 2,20 Sep 2016,0.03702,0.03708
Week 3,27 Sep 2016,0.03712,0.03719
Week 4,04 Oct 2016,0.03643,0.03651

Week 1,11 Oct 2016,0.03608,0.03615
Week 2,18 Oct 2016,0.03609,0.03616
Week 3,25 Oct 2016,0.03583,0.03589
Week 4,01 Nov 2016,0.03616,0.03621

Week 1,08 Nov 2016,0.03550,0.03557
Week 2,15 Nov 2016,0.03421,0.03428
Week 3,22 Nov 2016,0.03338,0.03344
Week 4,29 Nov 2016,0.03308,0.03314

Week 1,06 Dec 2016,0.03276,0.03282
Week 2,13 Dec 2016,0.03209,0.03215
Week 3,20 Dec 2016,0.03191,0.03196
Week 4,27 Dec 2016,0.03201,0.03207

Week 1,03 Jan 2017,0.03204,0.03210
Week 2,10 Jan 2017,0.03251,0.03256
Week 3,17 Jan 2017,0.03280,0.03286
Week 4,24 Jan 2017,0.03281,0.03287

Week 1,31 Jan 2017,0.03313,0.03318
Week 2,07 Feb 2017,0.03325,0.03330
Week 3,14 Feb 2017,0.03303,0.03308
Week 4,21 Feb 2017,0.03321,0.03327

Week 1,28 Feb 2017,0.03301,0.03306
Week 2,07 Mar 2017,0.03274,0.03279
Week 3,14 Mar 2017,0.03296,0.03300
Week 4,21 Mar 2017,0.03358,0.03361

Week 1,28 Mar 2017,0.03373,0.03376
Week 2,04 Apr 2017,0.03380,0.03383
Week 3,11 Apr 2017,0.03423,0.03428
Week 4,18 Apr 2017,0.03440,0.03446

Week 1,25 Apr 2017,0.03374,0.03380
Week 2,02 May 2017,0.03335,0.03341
Week 3,09 May 2017,0.03301,0.03306
Week 4,16 May 2017,0.03346,0.03352

Week 1,23 May 2017,0.03362,0.03368
Week 2,30 May 2017,0.03379,0.03385
Week 3,06 Jun 2017,0.03404,0.03410
Week 4,13 Jun 2017,0.03394,0.03400

Week 1,20 Jun 2017,0.03366,0.03372
Week 2,27 Jun 2017,0.03343,0.03348
Week 3,04 Jul 2017,0.03303,0.03309
Week 4,11 Jul 2017,0.03309,0.03314

Week 1,18 Jul 2017,0.03353,0.03358
Week 2,25 Jul 2017,0.03373,0.03379
Week 3,01 Aug 2017,0.03391,0.03396
Week 4,08 Aug 2017,0.03415,0.03420

Week 1,15 Aug 2017,0.03415,0.03420
Week 2,22 Aug 2017,0.03428,0.03434
Week 3,29 Aug 2017,0.03413,0.03418
Week 4,05 Sep 2017,0.03450,0.03455

Week 1,12 Sep 2017,0.03398,0.03403
Week 2,19 Sep 2017,0.03349,0.03354
Week 3,26 Sep 2017,0.03333,0.03339
Week 4,03 Oct 2017,0.03324,0.03329

Week 1,10 Oct 2017,0.03340,0.03345
Week 2,17 Oct 2017,0.03321,0.03326
Week 3,24 Oct 2017,0.03293,0.03298
Week 4,31 Oct 2017,0.03291,0.03296

Week 1,07 Nov 2017,0.03296,0.03301
Week 2,14 Nov 2017,0.03321,0.03327
Week 3,21 Nov 2017,0.03353,0.03359
Week 4,28 Nov 2017,0.03349,0.03355

Week 1,05 Dec 2017,0.03330,0.03335



