JPY->ZAR

Week 1,01 Dec 1998,0.04812,0.04827
Week 2,08 Dec 1998,0.05097,0.05115
Week 3,15 Dec 1998,0.05118,0.05135
Week 4,22 Dec 1998,0.05075,0.05090

Week 1,29 Dec 1998,0.05156,0.05170
Week 2,05 Jan 1999,0.05230,0.05247
Week 3,12 Jan 1999,0.05331,0.05349
Week 4,19 Jan 1999,0.05303,0.05320

Week 1,26 Jan 1999,0.05230,0.05249
Week 2,02 Feb 1999,0.05289,0.05306
Week 3,09 Feb 1999,0.05309,0.05327
Week 4,16 Feb 1999,0.05168,0.05182

Week 1,23 Feb 1999,0.05151,0.05167
Week 2,02 Mar 1999,0.05083,0.05098
Week 3,09 Mar 1999,0.05158,0.05173
Week 4,16 Mar 1999,0.05268,0.05282

Week 1,23 Mar 1999,0.05217,0.05233
Week 2,30 Mar 1999,0.05130,0.05145
Week 3,06 Apr 1999,0.05114,0.05129
Week 4,13 Apr 1999,0.05131,0.05145

Week 1,20 Apr 1999,0.05098,0.05113
Week 2,27 Apr 1999,0.05075,0.05089
Week 3,04 May 1999,0.05056,0.05070
Week 4,11 May 1999,0.05078,0.05092

Week 1,18 May 1999,0.05000,0.05013
Week 2,25 May 1999,0.05125,0.05136
Week 3,01 Jun 1999,0.05073,0.05087
Week 4,08 Jun 1999,0.05111,0.05126

Week 1,15 Jun 1999,0.05001,0.05012
Week 2,22 Jun 1999,0.04959,0.04972
Week 3,29 Jun 1999,0.04966,0.04979
Week 4,06 Jul 1999,0.04961,0.04975

Week 1,13 Jul 1999,0.05083,0.05095
Week 2,20 Jul 1999,0.05207,0.05221
Week 3,27 Jul 1999,0.05342,0.05355
Week 4,03 Aug 1999,0.05369,0.05381

Week 1,10 Aug 1999,0.05310,0.05322
Week 2,17 Aug 1999,0.05443,0.05454
Week 3,24 Aug 1999,0.05466,0.05477
Week 4,31 Aug 1999,0.05506,0.05518

Week 1,07 Sep 1999,0.05549,0.05560
Week 2,14 Sep 1999,0.05727,0.05739
Week 3,21 Sep 1999,0.05777,0.05790
Week 4,28 Sep 1999,0.05662,0.05675

Week 1,05 Oct 1999,0.05625,0.05637
Week 2,12 Oct 1999,0.05766,0.05778
Week 3,19 Oct 1999,0.05789,0.05802
Week 4,26 Oct 1999,0.05887,0.05899

Week 1,02 Nov 1999,0.05819,0.05831
Week 2,09 Nov 1999,0.05825,0.05837
Week 3,16 Nov 1999,0.05795,0.05805
Week 4,23 Nov 1999,0.05930,0.05942

Week 1,30 Nov 1999,0.06007,0.06020
Week 2,07 Dec 1999,0.05975,0.05986
Week 3,14 Dec 1999,0.05944,0.05955
Week 4,21 Dec 1999,0.06001,0.06013

Week 1,28 Dec 1999,0.06008,0.06022
Week 2,04 Jan 2000,0.05820,0.05829
Week 3,11 Jan 2000,0.05735,0.05744
Week 4,18 Jan 2000,0.05809,0.05820

Week 1,25 Jan 2000,0.05872,0.05883
Week 2,01 Feb 2000,0.05824,0.05834
Week 3,08 Feb 2000,0.05789,0.05802
Week 4,15 Feb 2000,0.05738,0.05747

Week 1,22 Feb 2000,0.05683,0.05695
Week 2,29 Feb 2000,0.05904,0.05914
Week 3,07 Mar 2000,0.06041,0.06051
Week 4,14 Mar 2000,0.06085,0.06094

Week 1,21 Mar 2000,0.06046,0.06055
Week 2,28 Mar 2000,0.06230,0.06241
Week 3,04 Apr 2000,0.06244,0.06254
Week 4,11 Apr 2000,0.06227,0.06239

Week 1,18 Apr 2000,0.06343,0.06359
Week 2,25 Apr 2000,0.06340,0.06353
Week 3,02 May 2000,0.06333,0.06345
Week 4,09 May 2000,0.06436,0.06450

Week 1,16 May 2000,0.06571,0.06587
Week 2,23 May 2000,0.06613,0.06628
Week 3,30 May 2000,0.06463,0.06478
Week 4,06 Jun 2000,0.06468,0.06487

Week 1,13 Jun 2000,0.06472,0.06485
Week 2,20 Jun 2000,0.06549,0.06564
Week 3,27 Jun 2000,0.06436,0.06450
Week 4,04 Jul 2000,0.06368,0.06382

Week 1,11 Jul 2000,0.06353,0.06367
Week 2,18 Jul 2000,0.06385,0.06398
Week 3,25 Jul 2000,0.06351,0.06364
Week 4,01 Aug 2000,0.06402,0.06417

Week 1,08 Aug 2000,0.06384,0.06397
Week 2,15 Aug 2000,0.06368,0.06381
Week 3,22 Aug 2000,0.06463,0.06476
Week 4,29 Aug 2000,0.06540,0.06555

Week 1,05 Sep 2000,0.06669,0.06682
Week 2,12 Sep 2000,0.06681,0.06695
Week 3,19 Sep 2000,0.06774,0.06789
Week 4,26 Sep 2000,0.06750,0.06765

Week 1,03 Oct 2000,0.06647,0.06661
Week 2,10 Oct 2000,0.06884,0.06898
Week 3,17 Oct 2000,0.07009,0.07024
Week 4,24 Oct 2000,0.07025,0.07039

Week 1,31 Oct 2000,0.06972,0.06987
Week 2,07 Nov 2000,0.07091,0.07105
Week 3,14 Nov 2000,0.07074,0.07088
Week 4,21 Nov 2000,0.07043,0.07057

Week 1,28 Nov 2000,0.06941,0.06956
Week 2,05 Dec 2000,0.06873,0.06888
Week 3,12 Dec 2000,0.06871,0.06884
Week 4,19 Dec 2000,0.06759,0.06773

Week 1,26 Dec 2000,0.06625,0.06638
Week 2,02 Jan 2001,0.06531,0.06543
Week 3,09 Jan 2001,0.06628,0.06641
Week 4,16 Jan 2001,0.06660,0.06674

Week 1,23 Jan 2001,0.06718,0.06731
Week 2,30 Jan 2001,0.06703,0.06716
Week 3,06 Feb 2001,0.06749,0.06763
Week 4,13 Feb 2001,0.06758,0.06772

Week 1,20 Feb 2001,0.06710,0.06723
Week 2,27 Feb 2001,0.06555,0.06569
Week 3,06 Mar 2001,0.06514,0.06527
Week 4,13 Mar 2001,0.06462,0.06475

Week 1,20 Mar 2001,0.06490,0.06502
Week 2,27 Mar 2001,0.06444,0.06457
Week 3,03 Apr 2001,0.06484,0.06495
Week 4,10 Apr 2001,0.06454,0.06466

Week 1,17 Apr 2001,0.06619,0.06632
Week 2,24 Apr 2001,0.06528,0.06541
Week 3,01 May 2001,0.06587,0.06600
Week 4,08 May 2001,0.06521,0.06535

Week 1,15 May 2001,0.06442,0.06454
Week 2,22 May 2001,0.06531,0.06545
Week 3,29 May 2001,0.06665,0.06678
Week 4,05 Jun 2001,0.06687,0.06697

Week 1,12 Jun 2001,0.06578,0.06590
Week 2,19 Jun 2001,0.06489,0.06500
Week 3,26 Jun 2001,0.06456,0.06467
Week 4,03 Jul 2001,0.06491,0.06501

Week 1,10 Jul 2001,0.06612,0.06624
Week 2,17 Jul 2001,0.06656,0.06667
Week 3,24 Jul 2001,0.06618,0.06629
Week 4,31 Jul 2001,0.06638,0.06648

Week 1,07 Aug 2001,0.06728,0.06738
Week 2,14 Aug 2001,0.06858,0.06868
Week 3,21 Aug 2001,0.06959,0.06970
Week 4,28 Aug 2001,0.07026,0.07038

Week 1,04 Sep 2001,0.07056,0.07068
Week 2,11 Sep 2001,0.07237,0.07245
Week 3,18 Sep 2001,0.07433,0.07448
Week 4,25 Sep 2001,0.07504,0.07512

Week 1,02 Oct 2001,0.07653,0.07662
Week 2,09 Oct 2001,0.07600,0.07610
Week 3,16 Oct 2001,0.07597,0.07605
Week 4,23 Oct 2001,0.07651,0.07660

Week 1,30 Oct 2001,0.07760,0.07772
Week 2,06 Nov 2001,0.07915,0.07926
Week 3,13 Nov 2001,0.07874,0.07884
Week 4,20 Nov 2001,0.07991,0.08001

Week 1,27 Nov 2001,0.08169,0.08191
Week 2,04 Dec 2001,0.08643,0.08674
Week 3,11 Dec 2001,0.09227,0.09259
Week 4,18 Dec 2001,0.09618,0.09686

Week 1,25 Dec 2001,0.09092,0.09209
Week 2,01 Jan 2002,0.09219,0.09290
Week 3,08 Jan 2002,0.08657,0.08701
Week 4,15 Jan 2002,0.08682,0.08738

Week 1,22 Jan 2002,0.08473,0.08527
Week 2,29 Jan 2002,0.08613,0.08660
Week 3,05 Feb 2002,0.08531,0.08581
Week 4,12 Feb 2002,0.08622,0.08663

Week 1,19 Feb 2002,0.08530,0.08563
Week 2,26 Feb 2002,0.08492,0.08523
Week 3,05 Mar 2002,0.08741,0.08790
Week 4,12 Mar 2002,0.09048,0.09114

Week 1,19 Mar 2002,0.08747,0.08805
Week 2,26 Mar 2002,0.08563,0.08598
Week 3,02 Apr 2002,0.08425,0.08462
Week 4,09 Apr 2002,0.08490,0.08534

Week 1,16 Apr 2002,0.08509,0.08546
Week 2,23 Apr 2002,0.08363,0.08407
Week 3,30 Apr 2002,0.08241,0.08277
Week 4,07 May 2002,0.07992,0.08032

Week 1,14 May 2002,0.07921,0.07951
Week 2,21 May 2002,0.08043,0.08069
Week 3,28 May 2002,0.07877,0.07914
Week 4,04 Jun 2002,0.07897,0.07922

Week 1,11 Jun 2002,0.08223,0.08256
Week 2,18 Jun 2002,0.08386,0.08422
Week 3,25 Jun 2002,0.08583,0.08622
Week 4,02 Jul 2002,0.08397,0.08440

Week 1,09 Jul 2002,0.08518,0.08553
Week 2,16 Jul 2002,0.08593,0.08625
Week 3,23 Jul 2002,0.08640,0.08672
Week 4,30 Jul 2002,0.08526,0.08564

Week 1,06 Aug 2002,0.08697,0.08730
Week 2,13 Aug 2002,0.08943,0.08974
Week 3,20 Aug 2002,0.09060,0.09089
Week 4,27 Aug 2002,0.08917,0.08949

Week 1,03 Sep 2002,0.08943,0.08977
Week 2,10 Sep 2002,0.08715,0.08756
Week 3,17 Sep 2002,0.08649,0.08678
Week 4,24 Sep 2002,0.08610,0.08636

Week 1,01 Oct 2002,0.08481,0.08513
Week 2,08 Oct 2002,0.08449,0.08493
Week 3,15 Oct 2002,0.08294,0.08328
Week 4,22 Oct 2002,0.08135,0.08166

Week 1,29 Oct 2002,0.08162,0.08202
Week 2,05 Nov 2002,0.08101,0.08141
Week 3,12 Nov 2002,0.08068,0.08107
Week 4,19 Nov 2002,0.07782,0.07826

Week 1,26 Nov 2002,0.07556,0.07598
Week 2,03 Dec 2002,0.07390,0.07425
Week 3,10 Dec 2002,0.07244,0.07281
Week 4,17 Dec 2002,0.07367,0.07392

Week 1,24 Dec 2002,0.07313,0.07347
Week 2,31 Dec 2002,0.07121,0.07156
Week 3,07 Jan 2003,0.07144,0.07174
Week 4,14 Jan 2003,0.07433,0.07465

Week 1,21 Jan 2003,0.07467,0.07513
Week 2,28 Jan 2003,0.07190,0.07215
Week 3,04 Feb 2003,0.06982,0.07015
Week 4,11 Feb 2003,0.06912,0.06952

Week 1,18 Feb 2003,0.06866,0.06902
Week 2,25 Feb 2003,0.06851,0.06891
Week 3,04 Mar 2003,0.06759,0.06791
Week 4,11 Mar 2003,0.06846,0.06875

Week 1,18 Mar 2003,0.06795,0.06828
Week 2,25 Mar 2003,0.06640,0.06683
Week 3,01 Apr 2003,0.06624,0.06648
Week 4,08 Apr 2003,0.06530,0.06560

Week 1,15 Apr 2003,0.06368,0.06396
Week 2,22 Apr 2003,0.06103,0.06130
Week 3,29 Apr 2003,0.06126,0.06162
Week 4,06 May 2003,0.06137,0.06172

Week 1,13 May 2003,0.06557,0.06590
Week 2,20 May 2003,0.06694,0.06726
Week 3,27 May 2003,0.06769,0.06800
Week 4,03 Jun 2003,0.06761,0.06787

Week 1,10 Jun 2003,0.06675,0.06710
Week 2,17 Jun 2003,0.06636,0.06677
Week 3,24 Jun 2003,0.06410,0.06442
Week 4,01 Jul 2003,0.06295,0.06341

Week 1,08 Jul 2003,0.06424,0.06457
Week 2,15 Jul 2003,0.06477,0.06503
Week 3,22 Jul 2003,0.06288,0.06328
Week 4,29 Jul 2003,0.06144,0.06174

Week 1,05 Aug 2003,0.06140,0.06181
Week 2,12 Aug 2003,0.06165,0.06210
Week 3,19 Aug 2003,0.06262,0.06297
Week 4,26 Aug 2003,0.06264,0.06309

Week 1,02 Sep 2003,0.06306,0.06341
Week 2,09 Sep 2003,0.06321,0.06354
Week 3,16 Sep 2003,0.06389,0.06421
Week 4,23 Sep 2003,0.06394,0.06418

Week 1,30 Sep 2003,0.06242,0.06269
Week 2,07 Oct 2003,0.06320,0.06359
Week 3,14 Oct 2003,0.06467,0.06493
Week 4,21 Oct 2003,0.06382,0.06412

Week 1,28 Oct 2003,0.06312,0.06337
Week 2,04 Nov 2003,0.06316,0.06347
Week 3,11 Nov 2003,0.06248,0.06276
Week 4,18 Nov 2003,0.06028,0.06060

Week 1,25 Nov 2003,0.05874,0.05909
Week 2,02 Dec 2003,0.05809,0.05845
Week 3,09 Dec 2003,0.05922,0.05964
Week 4,16 Dec 2003,0.06174,0.06215

Week 1,23 Dec 2003,0.06290,0.06336
Week 2,30 Dec 2003,0.06151,0.06196
Week 3,06 Jan 2004,0.06137,0.06177
Week 4,13 Jan 2004,0.06714,0.06752

Week 1,20 Jan 2004,0.06671,0.06706
Week 2,27 Jan 2004,0.06617,0.06666
Week 3,03 Feb 2004,0.06566,0.06605
Week 4,10 Feb 2004,0.06346,0.06376

Week 1,17 Feb 2004,0.06173,0.06208
Week 2,24 Feb 2004,0.06066,0.06101
Week 3,02 Mar 2004,0.06031,0.06071
Week 4,09 Mar 2004,0.05976,0.06009

Week 1,16 Mar 2004,0.06183,0.06217
Week 2,23 Mar 2004,0.06144,0.06186
Week 3,30 Mar 2004,0.06070,0.06101
Week 4,06 Apr 2004,0.05963,0.05991

Week 1,13 Apr 2004,0.05994,0.06026
Week 2,20 Apr 2004,0.06112,0.06153
Week 3,27 Apr 2004,0.06246,0.06285
Week 4,04 May 2004,0.06266,0.06308

Week 1,11 May 2004,0.06023,0.06059
Week 2,18 May 2004,0.05964,0.06006
Week 3,25 May 2004,0.05882,0.05930
Week 4,01 Jun 2004,0.05840,0.05867

Week 1,08 Jun 2004,0.05925,0.05961
Week 2,15 Jun 2004,0.05898,0.05940
Week 3,22 Jun 2004,0.05803,0.05841
Week 4,29 Jun 2004,0.05671,0.05713

Week 1,06 Jul 2004,0.05611,0.05650
Week 2,13 Jul 2004,0.05514,0.05549
Week 3,20 Jul 2004,0.05533,0.05568
Week 4,27 Jul 2004,0.05622,0.05654

Week 1,03 Aug 2004,0.05579,0.05613
Week 2,10 Aug 2004,0.05694,0.05719
Week 3,17 Aug 2004,0.05968,0.06004
Week 4,24 Aug 2004,0.06093,0.06120

Week 1,31 Aug 2004,0.06017,0.06057
Week 2,07 Sep 2004,0.06005,0.06045
Week 3,14 Sep 2004,0.05938,0.05979
Week 4,21 Sep 2004,0.05819,0.05849

Week 1,28 Sep 2004,0.05800,0.05837
Week 2,05 Oct 2004,0.05904,0.05928
Week 3,12 Oct 2004,0.05929,0.05952
Week 4,19 Oct 2004,0.05768,0.05793

Week 1,26 Oct 2004,0.05775,0.05805
Week 2,02 Nov 2004,0.05739,0.05766
Week 3,09 Nov 2004,0.05794,0.05841
Week 4,16 Nov 2004,0.05767,0.05794

Week 1,23 Nov 2004,0.05720,0.05757
Week 2,30 Nov 2004,0.05610,0.05652
Week 3,07 Dec 2004,0.05549,0.05584
Week 4,14 Dec 2004,0.05491,0.05533

Week 1,21 Dec 2004,0.05422,0.05453
Week 2,28 Dec 2004,0.05458,0.05504
Week 3,04 Jan 2005,0.05708,0.05738
Week 4,11 Jan 2005,0.05837,0.05879

Week 1,18 Jan 2005,0.05853,0.05886
Week 2,25 Jan 2005,0.05739,0.05772
Week 3,01 Feb 2005,0.05842,0.05878
Week 4,08 Feb 2005,0.05813,0.05853

Week 1,15 Feb 2005,0.05636,0.05669
Week 2,22 Feb 2005,0.05524,0.05557
Week 3,01 Mar 2005,0.05589,0.05629
Week 4,08 Mar 2005,0.05567,0.05609

Week 1,15 Mar 2005,0.05765,0.05805
Week 2,22 Mar 2005,0.05823,0.05870
Week 3,29 Mar 2005,0.05812,0.05856
Week 4,05 Apr 2005,0.05673,0.05702

Week 1,12 Apr 2005,0.05755,0.05782
Week 2,19 Apr 2005,0.05721,0.05753
Week 3,26 Apr 2005,0.05755,0.05791
Week 4,03 May 2005,0.05726,0.05776

Week 1,10 May 2005,0.05842,0.05885
Week 2,17 May 2005,0.05979,0.06025
Week 3,24 May 2005,0.06068,0.06102
Week 4,31 May 2005,0.06283,0.06328

Week 1,07 Jun 2005,0.06226,0.06267
Week 2,14 Jun 2005,0.06150,0.06190
Week 3,21 Jun 2005,0.06151,0.06170
Week 4,28 Jun 2005,0.06061,0.06091

Week 1,05 Jul 2005,0.06109,0.06140
Week 2,12 Jul 2005,0.05902,0.05935
Week 3,19 Jul 2005,0.05902,0.05956
Week 4,26 Jul 2005,0.05878,0.05908

Week 1,02 Aug 2005,0.05779,0.05813
Week 2,09 Aug 2005,0.05763,0.05798
Week 3,16 Aug 2005,0.05893,0.05925
Week 4,23 Aug 2005,0.05869,0.05903

Week 1,30 Aug 2005,0.05744,0.05776
Week 2,06 Sep 2005,0.05734,0.05780
Week 3,13 Sep 2005,0.05730,0.05776
Week 4,20 Sep 2005,0.05679,0.05710

Week 1,27 Sep 2005,0.05623,0.05653
Week 2,04 Oct 2005,0.05703,0.05737
Week 3,11 Oct 2005,0.05716,0.05755
Week 4,18 Oct 2005,0.05694,0.05722

Week 1,25 Oct 2005,0.05756,0.05807
Week 2,01 Nov 2005,0.05671,0.05714
Week 3,08 Nov 2005,0.05716,0.05750
Week 4,15 Nov 2005,0.05630,0.05658

Week 1,22 Nov 2005,0.05479,0.05516
Week 2,29 Nov 2005,0.05372,0.05408
Week 3,06 Dec 2005,0.05235,0.05271
Week 4,13 Dec 2005,0.05367,0.05404

Week 1,20 Dec 2005,0.05460,0.05497
Week 2,27 Dec 2005,0.05399,0.05442
Week 3,03 Jan 2006,0.05311,0.05365
Week 4,10 Jan 2006,0.05283,0.05321

Week 1,17 Jan 2006,0.05201,0.05236
Week 2,24 Jan 2006,0.05227,0.05246
Week 3,31 Jan 2006,0.05151,0.05178
Week 4,07 Feb 2006,0.05174,0.05209

Week 1,14 Feb 2006,0.05149,0.05183
Week 2,21 Feb 2006,0.05151,0.05186
Week 3,28 Feb 2006,0.05293,0.05306
Week 4,07 Mar 2006,0.05284,0.05317

Week 1,14 Mar 2006,0.05289,0.05325
Week 2,21 Mar 2006,0.05354,0.05390
Week 3,28 Mar 2006,0.05286,0.05322
Week 4,04 Apr 2006,0.05153,0.05188

Week 1,11 Apr 2006,0.05152,0.05188
Week 2,18 Apr 2006,0.05110,0.05146
Week 3,25 Apr 2006,0.05285,0.05319
Week 4,02 May 2006,0.05322,0.05361

Week 1,09 May 2006,0.05522,0.05560
Week 2,16 May 2006,0.05781,0.05819
Week 3,23 May 2006,0.05822,0.05860
Week 4,30 May 2006,0.05896,0.05935

Week 1,06 Jun 2006,0.05939,0.05951
Week 2,13 Jun 2006,0.05938,0.05976
Week 3,20 Jun 2006,0.06223,0.06262
Week 4,27 Jun 2006,0.06256,0.06294

Week 1,04 Jul 2006,0.06200,0.06238
Week 2,11 Jul 2006,0.06205,0.06243
Week 3,18 Jul 2006,0.06080,0.06091
Week 4,25 Jul 2006,0.05989,0.05995

Week 1,01 Aug 2006,0.05985,0.06021
Week 2,08 Aug 2006,0.05859,0.05895
Week 3,15 Aug 2006,0.05922,0.05959
Week 4,22 Aug 2006,0.06097,0.06135

Week 1,29 Aug 2006,0.06107,0.06144
Week 2,05 Sep 2006,0.06244,0.06282
Week 3,12 Sep 2006,0.06255,0.06292
Week 4,19 Sep 2006,0.06382,0.06420

Week 1,26 Sep 2006,0.06533,0.06570
Week 2,03 Oct 2006,0.06595,0.06622
Week 3,10 Oct 2006,0.06379,0.06416
Week 4,17 Oct 2006,0.06333,0.06370

Week 1,24 Oct 2006,0.06350,0.06388
Week 2,31 Oct 2006,0.06293,0.06331
Week 3,07 Nov 2006,0.06171,0.06209
Week 4,14 Nov 2006,0.06138,0.06175

Week 1,21 Nov 2006,0.06143,0.06181
Week 2,28 Nov 2006,0.06171,0.06209
Week 3,05 Dec 2006,0.06126,0.06163
Week 4,12 Dec 2006,0.05938,0.05975

Week 1,19 Dec 2006,0.05907,0.05942
Week 2,26 Dec 2006,0.05889,0.05928
Week 3,02 Jan 2007,0.05938,0.05985
Week 4,09 Jan 2007,0.06047,0.06081

Week 1,16 Jan 2007,0.05928,0.05962
Week 2,23 Jan 2007,0.05913,0.05947
Week 3,30 Jan 2007,0.05952,0.05986
Week 4,06 Feb 2007,0.05920,0.05954

Week 1,13 Feb 2007,0.05966,0.06000
Week 2,20 Feb 2007,0.05862,0.05896
Week 3,27 Feb 2007,0.06126,0.06147
Week 4,06 Mar 2007,0.06301,0.06336

Week 1,13 Mar 2007,0.06335,0.06370
Week 2,20 Mar 2007,0.06183,0.06219
Week 3,27 Mar 2007,0.06152,0.06187
Week 4,03 Apr 2007,0.06022,0.06057

Week 1,10 Apr 2007,0.05989,0.06024
Week 2,17 Apr 2007,0.05936,0.05971
Week 3,24 Apr 2007,0.05890,0.05924
Week 4,01 May 2007,0.05813,0.05847

Week 1,08 May 2007,0.05763,0.05797
Week 2,15 May 2007,0.05761,0.05795
Week 3,22 May 2007,0.05800,0.05834
Week 4,29 May 2007,0.05825,0.05859

Week 1,05 Jun 2007,0.05902,0.05935
Week 2,12 Jun 2007,0.05854,0.05887
Week 3,19 Jun 2007,0.05744,0.05776
Week 4,26 Jun 2007,0.05758,0.05791

Week 1,03 Jul 2007,0.05672,0.05705
Week 2,10 Jul 2007,0.05690,0.05723
Week 3,17 Jul 2007,0.05670,0.05703
Week 4,24 Jul 2007,0.05802,0.05836

Week 1,31 Jul 2007,0.05988,0.06023
Week 2,07 Aug 2007,0.05990,0.06024
Week 3,14 Aug 2007,0.06320,0.06356
Week 4,21 Aug 2007,0.06279,0.06314

Week 1,28 Aug 2007,0.06199,0.06235
Week 2,04 Sep 2007,0.06273,0.06309
Week 3,11 Sep 2007,0.06248,0.06284
Week 4,18 Sep 2007,0.06120,0.06156

Week 1,25 Sep 2007,0.06002,0.06038
Week 2,02 Oct 2007,0.05889,0.05924
Week 3,09 Oct 2007,0.05782,0.05817
Week 4,16 Oct 2007,0.05864,0.05900

Week 1,23 Oct 2007,0.05796,0.05832
Week 2,30 Oct 2007,0.05705,0.05719
Week 3,06 Nov 2007,0.05803,0.05839
Week 4,13 Nov 2007,0.06038,0.06075

Week 1,20 Nov 2007,0.06200,0.06237
Week 2,27 Nov 2007,0.06239,0.06272
Week 3,04 Dec 2007,0.06075,0.06113
Week 4,11 Dec 2007,0.06020,0.06056

Week 1,18 Dec 2007,0.06125,0.06161
Week 2,25 Dec 2007,0.06052,0.06109
Week 3,01 Jan 2008,0.06194,0.06245
Week 4,08 Jan 2008,0.06241,0.06279

Week 1,15 Jan 2008,0.06447,0.06486
Week 2,22 Jan 2008,0.06663,0.06701
Week 3,29 Jan 2008,0.06832,0.06871
Week 4,05 Feb 2008,0.07135,0.07174

Week 1,12 Feb 2008,0.07139,0.07178
Week 2,19 Feb 2008,0.07157,0.07196
Week 3,26 Feb 2008,0.07229,0.07269
Week 4,04 Mar 2008,0.07663,0.07704

Week 1,11 Mar 2008,0.07833,0.07876
Week 2,18 Mar 2008,0.08192,0.08236
Week 3,25 Mar 2008,0.08097,0.08140
Week 4,01 Apr 2008,0.07800,0.07844

Week 1,08 Apr 2008,0.07659,0.07701
Week 2,15 Apr 2008,0.07643,0.07683
Week 3,22 Apr 2008,0.07374,0.07414
Week 4,29 Apr 2008,0.07226,0.07265

Week 1,06 May 2008,0.07311,0.07352
Week 2,13 May 2008,0.07237,0.07277
Week 3,20 May 2008,0.07355,0.07396
Week 4,27 May 2008,0.07291,0.07332

Week 1,03 Jun 2008,0.07392,0.07428
Week 2,10 Jun 2008,0.07450,0.07492
Week 3,17 Jun 2008,0.07423,0.07463
Week 4,24 Jun 2008,0.07408,0.07447

Week 1,01 Jul 2008,0.07318,0.07357
Week 2,08 Jul 2008,0.07194,0.07233
Week 3,15 Jul 2008,0.07164,0.07203
Week 4,22 Jul 2008,0.07032,0.07072

Week 1,29 Jul 2008,0.06798,0.06837
Week 2,05 Aug 2008,0.06850,0.06888
Week 3,12 Aug 2008,0.07110,0.07148
Week 4,19 Aug 2008,0.07018,0.07051

Week 1,26 Aug 2008,0.07057,0.07095
Week 2,02 Sep 2008,0.07285,0.07324
Week 3,09 Sep 2008,0.07433,0.07472
Week 4,16 Sep 2008,0.07585,0.07629

Week 1,23 Sep 2008,0.07612,0.07656
Week 2,30 Sep 2008,0.07915,0.07958
Week 3,07 Oct 2008,0.09049,0.09085
Week 4,14 Oct 2008,0.09583,0.09633

Week 1,21 Oct 2008,0.11130,0.11214
Week 2,28 Oct 2008,0.10502,0.10589
Week 3,04 Nov 2008,0.10089,0.10147
Week 4,11 Nov 2008,0.10435,0.10505

Week 1,18 Nov 2008,0.10809,0.10865
Week 2,25 Nov 2008,0.10471,0.10527
Week 3,02 Dec 2008,0.11007,0.11081
Week 4,09 Dec 2008,0.11035,0.11087

Week 1,16 Dec 2008,0.11042,0.11087
Week 2,23 Dec 2008,0.10691,0.10786
Week 3,30 Dec 2008,0.10325,0.10410
Week 4,06 Jan 2009,0.10414,0.10458

Week 1,13 Jan 2009,0.11118,0.11158
Week 2,20 Jan 2009,0.11344,0.11388
Week 3,27 Jan 2009,0.11238,0.11284
Week 4,03 Feb 2009,0.10934,0.10962

Week 1,10 Feb 2009,0.10792,0.10851
Week 2,17 Feb 2009,0.10865,0.10918
Week 3,24 Feb 2009,0.10336,0.10390
Week 4,03 Mar 2009,0.10629,0.10681

Week 1,10 Mar 2009,0.10350,0.10409
Week 2,17 Mar 2009,0.10043,0.10095
Week 3,24 Mar 2009,0.09704,0.09759
Week 4,31 Mar 2009,0.09369,0.09423

Week 1,07 Apr 2009,0.09041,0.09095
Week 2,14 Apr 2009,0.09037,0.09089
Week 3,21 Apr 2009,0.09087,0.09132
Week 4,28 Apr 2009,0.08729,0.08780

Week 1,05 May 2009,0.08425,0.08475
Week 2,12 May 2009,0.08869,0.08920
Week 3,19 May 2009,0.08807,0.08858
Week 4,26 May 2009,0.08481,0.08532

Week 1,02 Jun 2009,0.08262,0.08315
Week 2,09 Jun 2009,0.08184,0.08237
Week 3,16 Jun 2009,0.08347,0.08398
Week 4,23 Jun 2009,0.08389,0.08442

Week 1,30 Jun 2009,0.08142,0.08192
Week 2,07 Jul 2009,0.08663,0.08713
Week 3,14 Jul 2009,0.08661,0.08718
Week 4,21 Jul 2009,0.08228,0.08282

Week 1,28 Jul 2009,0.08196,0.08251
Week 2,04 Aug 2009,0.08236,0.08287
Week 3,11 Aug 2009,0.08404,0.08457
Week 4,18 Aug 2009,0.08409,0.08462

Week 1,25 Aug 2009,0.08275,0.08327
Week 2,01 Sep 2009,0.08294,0.08348
Week 3,08 Sep 2009,0.08174,0.08227
Week 4,15 Sep 2009,0.08120,0.08167

Week 1,22 Sep 2009,0.08164,0.08217
Week 2,29 Sep 2009,0.08391,0.08444
Week 3,06 Oct 2009,0.08301,0.08359
Week 4,13 Oct 2009,0.08095,0.08148

Week 1,20 Oct 2009,0.08097,0.08127
Week 2,27 Oct 2009,0.08454,0.08491
Week 3,03 Nov 2009,0.08503,0.08556
Week 4,10 Nov 2009,0.08238,0.08288

Week 1,17 Nov 2009,0.08404,0.08452
Week 2,24 Nov 2009,0.08497,0.08546
Week 3,01 Dec 2009,0.08334,0.08381
Week 4,08 Dec 2009,0.08437,0.08484

Week 1,15 Dec 2009,0.08332,0.08380
Week 2,22 Dec 2009,0.08296,0.08345
Week 3,29 Dec 2009,0.08000,0.08065
Week 4,05 Jan 2010,0.07920,0.07966

Week 1,12 Jan 2010,0.08074,0.08124
Week 2,19 Jan 2010,0.08292,0.08328
Week 3,26 Jan 2010,0.08421,0.08467
Week 4,02 Feb 2010,0.08445,0.08495

Week 1,09 Feb 2010,0.08559,0.08606
Week 2,16 Feb 2010,0.08403,0.08459
Week 3,23 Feb 2010,0.08594,0.08652
Week 4,02 Mar 2010,0.08370,0.08427

Week 1,09 Mar 2010,0.08166,0.08221
Week 2,16 Mar 2010,0.08089,0.08144
Week 3,23 Mar 2010,0.08039,0.08093
Week 4,30 Mar 2010,0.07778,0.07828

Week 1,06 Apr 2010,0.07734,0.07787
Week 2,13 Apr 2010,0.07875,0.07928
Week 3,20 Apr 2010,0.07957,0.07981
Week 4,27 Apr 2010,0.07843,0.07894

Week 1,04 May 2010,0.08151,0.08204
Week 2,11 May 2010,0.08082,0.08134
Week 3,18 May 2010,0.08519,0.08572
Week 4,25 May 2010,0.08499,0.08553

Week 1,01 Jun 2010,0.08374,0.08424
Week 2,08 Jun 2010,0.08425,0.08475
Week 3,15 Jun 2010,0.08298,0.08341
Week 4,22 Jun 2010,0.08402,0.08454

Week 1,29 Jun 2010,0.08681,0.08736
Week 2,06 Jul 2010,0.08631,0.08687
Week 3,13 Jul 2010,0.08620,0.08677
Week 4,20 Jul 2010,0.08593,0.08652

Week 1,27 Jul 2010,0.08400,0.08459
Week 2,03 Aug 2010,0.08422,0.08481
Week 3,10 Aug 2010,0.08449,0.08509
Week 4,17 Aug 2010,0.08501,0.08561

Week 1,24 Aug 2010,0.08609,0.08670
Week 2,31 Aug 2010,0.08585,0.08646
Week 3,07 Sep 2010,0.08563,0.08627
Week 4,14 Sep 2010,0.08351,0.08409

Week 1,21 Sep 2010,0.08299,0.08360
Week 2,28 Sep 2010,0.08302,0.08364
Week 3,05 Oct 2010,0.08311,0.08374
Week 4,12 Oct 2010,0.08350,0.08413

Week 1,19 Oct 2010,0.08492,0.08554
Week 2,26 Oct 2010,0.08601,0.08663
Week 3,02 Nov 2010,0.08451,0.08503
Week 4,09 Nov 2010,0.08398,0.08450

Week 1,16 Nov 2010,0.08378,0.08429
Week 2,23 Nov 2010,0.08444,0.08495
Week 3,30 Nov 2010,0.08340,0.08392
Week 4,07 Dec 2010,0.08219,0.08271

Week 1,14 Dec 2010,0.08143,0.08194
Week 2,21 Dec 2010,0.08115,0.08172
Week 3,28 Dec 2010,0.08110,0.08172
Week 4,04 Jan 2011,0.08120,0.08173

Week 1,11 Jan 2011,0.08256,0.08308
Week 2,18 Jan 2011,0.08446,0.08499
Week 3,25 Jan 2011,0.08589,0.08642
Week 4,01 Feb 2011,0.08776,0.08828

Week 1,08 Feb 2011,0.08732,0.08784
Week 2,15 Feb 2011,0.08635,0.08687
Week 3,22 Feb 2011,0.08585,0.08637
Week 4,01 Mar 2011,0.08415,0.08450

Week 1,08 Mar 2011,0.08337,0.08389
Week 2,15 Mar 2011,0.08635,0.08693
Week 3,22 Mar 2011,0.08478,0.08532
Week 4,29 Mar 2011,0.08151,0.08202

Week 1,05 Apr 2011,0.07850,0.07902
Week 2,12 Apr 2011,0.08063,0.08115
Week 3,19 Apr 2011,0.08197,0.08251
Week 4,26 Apr 2011,0.08101,0.08154

Week 1,03 May 2011,0.08232,0.08286
Week 2,10 May 2011,0.08485,0.08537
Week 3,17 May 2011,0.08488,0.08538
Week 4,24 May 2011,0.08535,0.08586

Week 1,31 May 2011,0.08380,0.08433
Week 2,07 Jun 2011,0.08405,0.08457
Week 3,14 Jun 2011,0.08425,0.08478
Week 4,21 Jun 2011,0.08469,0.08521

Week 1,28 Jun 2011,0.08389,0.08442
Week 2,05 Jul 2011,0.08283,0.08334
Week 3,12 Jul 2011,0.08604,0.08658
Week 4,19 Jul 2011,0.08673,0.08727

Week 1,26 Jul 2011,0.08619,0.08675
Week 2,02 Aug 2011,0.08727,0.08786
Week 3,09 Aug 2011,0.09296,0.09355
Week 4,16 Aug 2011,0.09308,0.09365

Week 1,23 Aug 2011,0.09337,0.09391
Week 2,30 Aug 2011,0.09153,0.09208
Week 3,06 Sep 2011,0.09267,0.09323
Week 4,13 Sep 2011,0.09605,0.09663

Week 1,20 Sep 2011,0.10408,0.10469
Week 2,27 Sep 2011,0.10407,0.10466
Week 3,04 Oct 2011,0.10473,0.10531
Week 4,11 Oct 2011,0.10187,0.10247

Week 1,18 Oct 2011,0.10448,0.10507
Week 2,25 Oct 2011,0.10286,0.10344
Week 3,01 Nov 2011,0.10124,0.10182
Week 4,08 Nov 2011,0.10195,0.10253

Week 1,15 Nov 2011,0.10548,0.10605
Week 2,22 Nov 2011,0.10906,0.10968
Week 3,29 Nov 2011,0.10487,0.10544
Week 4,06 Dec 2011,0.10379,0.10435

Week 1,13 Dec 2011,0.10686,0.10744
Week 2,20 Dec 2011,0.10516,0.10573
Week 3,27 Dec 2011,0.10459,0.10529
Week 4,03 Jan 2012,0.10540,0.10603

Week 1,10 Jan 2012,0.10532,0.10588
Week 2,17 Jan 2012,0.10377,0.10431
Week 3,24 Jan 2012,0.10158,0.10211
Week 4,31 Jan 2012,0.10021,0.10074

Week 1,07 Feb 2012,0.09864,0.09921
Week 2,14 Feb 2012,0.09802,0.09854
Week 3,21 Feb 2012,0.09511,0.09563
Week 4,28 Feb 2012,0.09235,0.09283

Week 1,06 Mar 2012,0.09245,0.09294
Week 2,13 Mar 2012,0.09097,0.09147
Week 3,20 Mar 2012,0.09187,0.09240
Week 4,27 Mar 2012,0.09232,0.09282

Week 1,03 Apr 2012,0.09459,0.09512
Week 2,10 Apr 2012,0.09769,0.09822
Week 3,17 Apr 2012,0.09637,0.09690
Week 4,24 Apr 2012,0.09594,0.09647

Week 1,01 May 2012,0.09683,0.09735
Week 2,08 May 2012,0.09977,0.10031
Week 3,15 May 2012,0.10385,0.10439
Week 4,22 May 2012,0.10470,0.10524

Week 1,29 May 2012,0.10739,0.10794
Week 2,05 Jun 2012,0.10617,0.10673
Week 3,12 Jun 2012,0.10556,0.10611
Week 4,19 Jun 2012,0.10403,0.10456

Week 1,26 Jun 2012,0.10439,0.10493
Week 2,03 Jul 2012,0.10246,0.10265
Week 3,10 Jul 2012,0.10402,0.10424
Week 4,17 Jul 2012,0.10438,0.10456

Week 1,24 Jul 2012,0.10616,0.10634
Week 2,31 Jul 2012,0.10492,0.10512
Week 3,07 Aug 2012,0.10349,0.10368
Week 4,14 Aug 2012,0.10405,0.10423

Week 1,21 Aug 2012,0.10543,0.10560
Week 2,28 Aug 2012,0.10707,0.10726
Week 3,04 Sep 2012,0.10586,0.10608
Week 4,11 Sep 2012,0.10530,0.10549

Week 1,18 Sep 2012,0.10532,0.10555
Week 2,25 Sep 2012,0.10605,0.10624
Week 3,02 Oct 2012,0.10874,0.10892
Week 4,09 Oct 2012,0.11150,0.11171

Week 1,16 Oct 2012,0.10976,0.10994
Week 2,23 Oct 2012,0.10882,0.10900
Week 3,30 Oct 2012,0.10858,0.10877
Week 4,06 Nov 2012,0.10887,0.10903

Week 1,13 Nov 2012,0.10978,0.10995
Week 2,20 Nov 2012,0.10826,0.10843
Week 3,27 Nov 2012,0.10760,0.10776
Week 4,04 Dec 2012,0.10619,0.10634

Week 1,11 Dec 2012,0.10400,0.10416
Week 2,18 Dec 2012,0.10146,0.10162
Week 3,25 Dec 2012,0.09979,0.09996
Week 4,01 Jan 2013,0.09759,0.09774

Week 1,08 Jan 2013,0.09776,0.09790
Week 2,15 Jan 2013,0.09852,0.09866
Week 3,22 Jan 2013,0.09947,0.09961
Week 4,29 Jan 2013,0.09776,0.09791

Week 1,05 Feb 2013,0.09551,0.09566
Week 2,12 Feb 2013,0.09494,0.09508
Week 3,19 Feb 2013,0.09487,0.09501
Week 4,26 Feb 2013,0.09625,0.09639

Week 1,05 Mar 2013,0.09610,0.09624
Week 2,12 Mar 2013,0.09568,0.09581
Week 3,19 Mar 2013,0.09758,0.09774
Week 4,26 Mar 2013,0.09802,0.09822

Week 1,02 Apr 2013,0.09626,0.09643
Week 2,09 Apr 2013,0.09034,0.09050
Week 3,16 Apr 2013,0.09301,0.09316
Week 4,23 Apr 2013,0.09250,0.09265

Week 1,30 Apr 2013,0.09137,0.09152
Week 2,07 May 2013,0.09025,0.09039
Week 3,14 May 2013,0.09064,0.09077
Week 4,21 May 2013,0.09340,0.09356

Week 1,28 May 2013,0.09774,0.09803
Week 2,04 Jun 2013,0.10059,0.10079
Week 3,11 Jun 2013,0.10455,0.10486
Week 4,18 Jun 2013,0.10447,0.10470

Week 1,25 Jun 2013,0.10163,0.10186
Week 2,02 Jul 2013,0.10015,0.10039
Week 3,09 Jul 2013,0.10031,0.10055
Week 4,16 Jul 2013,0.09864,0.09893

Week 1,23 Jul 2013,0.09836,0.09862
Week 2,30 Jul 2013,0.09989,0.10010
Week 3,06 Aug 2013,0.10146,0.10175
Week 4,13 Aug 2013,0.10224,0.10245

Week 1,20 Aug 2013,0.10406,0.10427
Week 2,27 Aug 2013,0.10510,0.10538
Week 3,03 Sep 2013,0.10225,0.10252
Week 4,10 Sep 2013,0.09975,0.10001

Week 1,17 Sep 2013,0.09882,0.09901
Week 2,24 Sep 2013,0.10100,0.10127
Week 3,01 Oct 2013,0.10274,0.10294
Week 4,08 Oct 2013,0.10155,0.10182

Week 1,15 Oct 2013,0.10036,0.10060
Week 2,22 Oct 2013,0.10033,0.10052
Week 3,29 Oct 2013,0.10169,0.10194
Week 4,05 Nov 2013,0.10381,0.10405

Week 1,12 Nov 2013,0.10284,0.10304
Week 2,19 Nov 2013,0.10048,0.10069
Week 3,26 Nov 2013,0.09947,0.09968
Week 4,03 Dec 2013,0.10075,0.10099

Week 1,10 Dec 2013,0.10025,0.10046
Week 2,17 Dec 2013,0.09974,0.09995
Week 3,24 Dec 2013,0.09933,0.09963
Week 4,31 Dec 2013,0.10070,0.10097

Week 1,07 Jan 2014,0.10219,0.10236
Week 2,14 Jan 2014,0.10406,0.10424
Week 3,21 Jan 2014,0.10574,0.10602
Week 4,28 Jan 2014,0.10861,0.10892

Week 1,04 Feb 2014,0.10889,0.10915
Week 2,11 Feb 2014,0.10737,0.10761
Week 3,18 Feb 2014,0.10677,0.10703
Week 4,25 Feb 2014,0.10547,0.10569

Week 1,04 Mar 2014,0.10463,0.10483
Week 2,11 Mar 2014,0.10508,0.10529
Week 3,18 Mar 2014,0.10604,0.10626
Week 4,25 Mar 2014,0.10425,0.10439

Week 1,01 Apr 2014,0.10220,0.10239
Week 2,08 Apr 2014,0.10257,0.10279
Week 3,15 Apr 2014,0.10284,0.10307
Week 4,22 Apr 2014,0.10342,0.10360

Week 1,29 Apr 2014,0.10285,0.10302
Week 2,06 May 2014,0.10229,0.10244
Week 3,13 May 2014,0.10162,0.10174
Week 4,20 May 2014,0.10182,0.10206

Week 1,27 May 2014,0.10274,0.10291
Week 2,03 Jun 2014,0.10402,0.10415
Week 3,10 Jun 2014,0.10457,0.10472
Week 4,17 Jun 2014,0.10495,0.10508

Week 1,24 Jun 2014,0.10421,0.10439
Week 2,01 Jul 2014,0.10512,0.10531
Week 3,08 Jul 2014,0.10546,0.10565
Week 4,15 Jul 2014,0.10521,0.10536

Week 1,22 Jul 2014,0.10374,0.10388
Week 2,29 Jul 2014,0.10385,0.10398
Week 3,05 Aug 2014,0.10457,0.10473
Week 4,12 Aug 2014,0.10355,0.10368

Week 1,19 Aug 2014,0.10309,0.10330
Week 2,26 Aug 2014,0.10249,0.10265
Week 3,02 Sep 2014,0.10190,0.10202
Week 4,09 Sep 2014,0.10240,0.10257

Week 1,16 Sep 2014,0.10178,0.10201
Week 2,23 Sep 2014,0.10247,0.10260
Week 3,30 Sep 2014,0.10305,0.10322
Week 4,07 Oct 2014,0.10300,0.10315

Week 1,14 Oct 2014,0.10368,0.10383
Week 2,21 Oct 2014,0.10208,0.10224
Week 3,28 Oct 2014,0.09965,0.09985
Week 4,04 Nov 2014,0.09768,0.09782

Week 1,11 Nov 2014,0.09658,0.09679
Week 2,18 Nov 2014,0.09370,0.09385
Week 3,25 Nov 2014,0.09307,0.09330
Week 4,02 Dec 2014,0.09326,0.09347

Week 1,09 Dec 2014,0.09669,0.09683
Week 2,16 Dec 2014,0.09790,0.09814
Week 3,23 Dec 2014,0.09641,0.09668
Week 4,30 Dec 2014,0.09666,0.09692

Week 1,06 Jan 2015,0.09742,0.09761
Week 2,13 Jan 2015,0.09788,0.09811
Week 3,20 Jan 2015,0.09743,0.09765
Week 4,27 Jan 2015,0.09806,0.09826

Week 1,03 Feb 2015,0.09708,0.09725
Week 2,10 Feb 2015,0.09800,0.09816
Week 3,17 Feb 2015,0.09784,0.09805
Week 4,24 Feb 2015,0.09708,0.09724

Week 1,03 Mar 2015,0.09859,0.09876
Week 2,10 Mar 2015,0.10139,0.10156
Week 3,17 Mar 2015,0.10113,0.10136
Week 4,24 Mar 2015,0.10007,0.10023

Week 1,31 Mar 2015,0.10006,0.10023
Week 2,07 Apr 2015,0.09899,0.09920
Week 3,14 Apr 2015,0.10092,0.10115
Week 4,21 Apr 2015,0.10160,0.10177

Week 1,28 Apr 2015,0.10001,0.10027
Week 2,05 May 2015,0.09997,0.10018
Week 3,12 May 2015,0.09939,0.09963
Week 4,19 May 2015,0.09810,0.09826

Week 1,26 May 2015,0.09784,0.09798
Week 2,02 Jun 2015,0.09911,0.09934
Week 3,09 Jun 2015,0.10020,0.10041
Week 4,16 Jun 2015,0.09967,0.09988

Week 1,23 Jun 2015,0.09824,0.09844
Week 2,30 Jun 2015,0.09980,0.10005
Week 3,07 Jul 2015,0.10180,0.10204
Week 4,14 Jul 2015,0.10007,0.10022

Week 1,21 Jul 2015,0.10063,0.10086
Week 2,28 Jul 2015,0.10197,0.10220
Week 3,04 Aug 2015,0.10199,0.10215
Week 4,11 Aug 2015,0.10255,0.10275

Week 1,18 Aug 2015,0.10467,0.10487
Week 2,25 Aug 2015,0.10904,0.10934
Week 3,01 Sep 2015,0.11310,0.11335
Week 4,08 Sep 2015,0.11384,0.11408

Week 1,15 Sep 2015,0.11120,0.11145
Week 2,22 Sep 2015,0.11423,0.11448
Week 3,29 Sep 2015,0.11550,0.11570
Week 4,06 Oct 2015,0.11189,0.11213

Week 1,13 Oct 2015,0.11058,0.11083
Week 2,20 Oct 2015,0.11147,0.11170
Week 3,27 Oct 2015,0.11374,0.11397
Week 4,03 Nov 2015,0.11445,0.11464

Week 1,10 Nov 2015,0.11617,0.11641
Week 2,17 Nov 2015,0.11477,0.11502
Week 3,24 Nov 2015,0.11573,0.11595
Week 4,01 Dec 2015,0.11678,0.11701

Week 1,08 Dec 2015,0.12416,0.12445
Week 2,15 Dec 2015,0.12399,0.12433
Week 3,22 Dec 2015,0.12589,0.12619
Week 4,29 Dec 2015,0.12802,0.12824

Week 1,05 Jan 2016,0.13467,0.13492
Week 2,12 Jan 2016,0.14129,0.14163
Week 3,19 Jan 2016,0.14112,0.14145
Week 4,26 Jan 2016,0.13559,0.13589

Week 1,02 Feb 2016,0.13505,0.13534
Week 2,09 Feb 2016,0.13977,0.14011
Week 3,16 Feb 2016,0.13697,0.13731
Week 4,23 Feb 2016,0.13850,0.13881

Week 1,01 Mar 2016,0.13723,0.13756
Week 2,08 Mar 2016,0.13470,0.13500
Week 3,15 Mar 2016,0.13749,0.13782
Week 4,22 Mar 2016,0.13644,0.13680

Week 1,29 Mar 2016,0.13305,0.13341
Week 2,05 Apr 2016,0.13700,0.13735
Week 3,12 Apr 2016,0.13443,0.13476
Week 4,19 Apr 2016,0.13049,0.13080

Week 1,26 Apr 2016,0.13153,0.13186
Week 2,03 May 2016,0.13760,0.13791
Week 3,10 May 2016,0.13964,0.13992
Week 4,17 May 2016,0.14281,0.14308

Week 1,24 May 2016,0.14236,0.14266
Week 2,31 May 2016,0.14211,0.14238
Week 3,07 Jun 2016,0.14002,0.14031
Week 4,14 Jun 2016,0.14479,0.14513

Week 1,21 Jun 2016,0.14313,0.14363
Week 2,28 Jun 2016,0.14496,0.14545
Week 3,05 Jul 2016,0.14457,0.14501
Week 4,12 Jul 2016,0.13822,0.13861

Week 1,19 Jul 2016,0.13454,0.13494
Week 2,26 Jul 2016,0.13576,0.13616
Week 3,02 Aug 2016,0.13587,0.13628
Week 4,09 Aug 2016,0.13228,0.13268

Week 1,16 Aug 2016,0.13346,0.13387
Week 2,23 Aug 2016,0.13907,0.13945
Week 3,30 Aug 2016,0.14043,0.14084
Week 4,06 Sep 2016,0.13878,0.13915

Week 1,13 Sep 2016,0.13945,0.13984
Week 2,20 Sep 2016,0.13585,0.13626
Week 3,27 Sep 2016,0.13544,0.13581
Week 4,04 Oct 2016,0.13394,0.13427

Week 1,11 Oct 2016,0.13654,0.13686
Week 2,18 Oct 2016,0.13470,0.13499
Week 3,25 Oct 2016,0.13234,0.13272
Week 4,01 Nov 2016,0.13057,0.13095

Week 1,08 Nov 2016,0.13085,0.13127
Week 2,15 Nov 2016,0.13090,0.13130
Week 3,22 Nov 2016,0.12595,0.12637
Week 4,29 Nov 2016,0.12274,0.12303

Week 1,06 Dec 2016,0.11973,0.12007
Week 2,13 Dec 2016,0.11862,0.11898
Week 3,20 Dec 2016,0.11916,0.11955
Week 4,27 Dec 2016,0.11777,0.11826

Week 1,03 Jan 2017,0.11696,0.11742
Week 2,10 Jan 2017,0.11792,0.11828
Week 3,17 Jan 2017,0.11866,0.11902
Week 4,24 Jan 2017,0.11733,0.11767

Week 1,31 Jan 2017,0.11830,0.11863
Week 2,07 Feb 2017,0.11856,0.11891
Week 3,14 Feb 2017,0.11533,0.11567
Week 4,21 Feb 2017,0.11512,0.11544

Week 1,28 Feb 2017,0.11477,0.11505
Week 2,07 Mar 2017,0.11452,0.11478
Week 3,14 Mar 2017,0.11338,0.11364
Week 4,21 Mar 2017,0.11232,0.11247

Week 1,28 Mar 2017,0.11774,0.11799
Week 2,04 Apr 2017,0.12361,0.12388
Week 3,11 Apr 2017,0.12405,0.12445
Week 4,18 Apr 2017,0.12132,0.12163

Week 1,25 Apr 2017,0.11890,0.11925
Week 2,02 May 2017,0.11939,0.11967
Week 3,09 May 2017,0.11841,0.11875
Week 4,16 May 2017,0.11811,0.11838

Week 1,23 May 2017,0.11649,0.11674
Week 2,30 May 2017,0.11663,0.11699
Week 3,06 Jun 2017,0.11665,0.11702
Week 4,13 Jun 2017,0.11578,0.11610

Week 1,20 Jun 2017,0.11637,0.11673
Week 2,27 Jun 2017,0.11577,0.11611
Week 3,04 Jul 2017,0.11734,0.11759
Week 4,11 Jul 2017,0.11687,0.11707

Week 1,18 Jul 2017,0.11572,0.11592
Week 2,25 Jul 2017,0.11686,0.11712
Week 3,01 Aug 2017,0.12029,0.12051
Week 4,08 Aug 2017,0.12202,0.12226

Week 1,15 Aug 2017,0.12051,0.12074
Week 2,22 Aug 2017,0.12005,0.12027
Week 3,29 Aug 2017,0.11824,0.11845
Week 4,05 Sep 2017,0.11862,0.11885

Week 1,12 Sep 2017,0.11858,0.11881
Week 2,19 Sep 2017,0.11846,0.11870
Week 3,26 Sep 2017,0.11979,0.12001
Week 4,03 Oct 2017,0.12109,0.12128

Week 1,10 Oct 2017,0.12018,0.12037
Week 2,17 Oct 2017,0.11977,0.11994
Week 3,24 Oct 2017,0.12282,0.12296
Week 4,31 Oct 2017,0.12393,0.12411

Week 1,07 Nov 2017,0.12536,0.12551
Week 2,14 Nov 2017,0.12600,0.12623
Week 3,21 Nov 2017,0.12500,0.12525
Week 4,28 Nov 2017,0.12267,0.12286

Week 1,05 Dec 2017,0.12042,0.12055


