MEX->GBP

Week 1,01 Dec 1998,0.06028,0.06042
Week 2,08 Dec 1998,0.06010,0.06020
Week 3,15 Dec 1998,0.06045,0.06054
Week 4,22 Dec 1998,0.06053,0.06064

Week 1,29 Dec 1998,0.06090,0.06100
Week 2,05 Jan 1999,0.06169,0.06179
Week 3,12 Jan 1999,0.05858,0.05898
Week 4,19 Jan 1999,0.05883,0.05898

Week 1,26 Jan 1999,0.05964,0.05976
Week 2,02 Feb 1999,0.06066,0.06076
Week 3,09 Feb 1999,0.06123,0.06133
Week 4,16 Feb 1999,0.06178,0.06190

Week 1,23 Feb 1999,0.06277,0.06287
Week 2,02 Mar 1999,0.06272,0.06282
Week 3,09 Mar 1999,0.06312,0.06322
Week 4,16 Mar 1999,0.06342,0.06353

Week 1,23 Mar 1999,0.06388,0.06401
Week 2,30 Mar 1999,0.06534,0.06551
Week 3,06 Apr 1999,0.06541,0.06555
Week 4,13 Apr 1999,0.06520,0.06533

Week 1,20 Apr 1999,0.06640,0.06651
Week 2,27 Apr 1999,0.06672,0.06681
Week 3,04 May 1999,0.06586,0.06598
Week 4,11 May 1999,0.06616,0.06627

Week 1,18 May 1999,0.06641,0.06652
Week 2,25 May 1999,0.06446,0.06461
Week 3,01 Jun 1999,0.06412,0.06423
Week 4,08 Jun 1999,0.06451,0.06463

Week 1,15 Jun 1999,0.06651,0.06664
Week 2,22 Jun 1999,0.06675,0.06685
Week 3,29 Jun 1999,0.06737,0.06748
Week 4,06 Jul 1999,0.06865,0.06877

Week 1,13 Jul 1999,0.06838,0.06855
Week 2,20 Jul 1999,0.06745,0.06758
Week 3,27 Jul 1999,0.06610,0.06622
Week 4,03 Aug 1999,0.06556,0.06567

Week 1,10 Aug 1999,0.06619,0.06629
Week 2,17 Aug 1999,0.06638,0.06648
Week 3,24 Aug 1999,0.06721,0.06732
Week 4,31 Aug 1999,0.06644,0.06654

Week 1,07 Sep 1999,0.06617,0.06628
Week 2,14 Sep 1999,0.06615,0.06626
Week 3,21 Sep 1999,0.06545,0.06556
Week 4,28 Sep 1999,0.06447,0.06457

Week 1,05 Oct 1999,0.06388,0.06398
Week 2,12 Oct 1999,0.06350,0.06360
Week 3,19 Oct 1999,0.06236,0.06246
Week 4,26 Oct 1999,0.06339,0.06348

Week 1,02 Nov 1999,0.06436,0.06446
Week 2,09 Nov 1999,0.06567,0.06577
Week 3,16 Nov 1999,0.06599,0.06610
Week 4,23 Nov 1999,0.06643,0.06658

Week 1,30 Nov 1999,0.06676,0.06715
Week 2,07 Dec 1999,0.06534,0.06544
Week 3,14 Dec 1999,0.06637,0.06647
Week 4,21 Dec 1999,0.06592,0.06602

Week 1,28 Dec 1999,0.06511,0.06530
Week 2,04 Jan 2000,0.06417,0.06427
Week 3,11 Jan 2000,0.06433,0.06448
Week 4,18 Jan 2000,0.06434,0.06447

Week 1,25 Jan 2000,0.06401,0.06413
Week 2,01 Feb 2000,0.06564,0.06575
Week 3,08 Feb 2000,0.06619,0.06631
Week 4,15 Feb 2000,0.06653,0.06666

Week 1,22 Feb 2000,0.06648,0.06661
Week 2,29 Feb 2000,0.06767,0.06778
Week 3,07 Mar 2000,0.06806,0.06816
Week 4,14 Mar 2000,0.06799,0.06811

Week 1,21 Mar 2000,0.06821,0.06833
Week 2,28 Mar 2000,0.06787,0.06796
Week 3,04 Apr 2000,0.06765,0.06775
Week 4,11 Apr 2000,0.06668,0.06679

Week 1,18 Apr 2000,0.06718,0.06729
Week 2,25 Apr 2000,0.06781,0.06792
Week 3,02 May 2000,0.06881,0.06892
Week 4,09 May 2000,0.06874,0.06886

Week 1,16 May 2000,0.07013,0.07024
Week 2,23 May 2000,0.07059,0.07071
Week 3,30 May 2000,0.06988,0.06998
Week 4,06 Jun 2000,0.06704,0.06722

Week 1,13 Jun 2000,0.06713,0.06728
Week 2,20 Jun 2000,0.06686,0.06698
Week 3,27 Jun 2000,0.06664,0.06685
Week 4,04 Jul 2000,0.06935,0.06949

Week 1,11 Jul 2000,0.07042,0.07056
Week 2,18 Jul 2000,0.07076,0.07088
Week 3,25 Jul 2000,0.07058,0.07085
Week 4,01 Aug 2000,0.07129,0.07143

Week 1,08 Aug 2000,0.07149,0.07159
Week 2,15 Aug 2000,0.07219,0.07231
Week 3,22 Aug 2000,0.07317,0.07328
Week 4,29 Aug 2000,0.07420,0.07430

Week 1,05 Sep 2000,0.07499,0.07510
Week 2,12 Sep 2000,0.07638,0.07648
Week 3,19 Sep 2000,0.07405,0.07416
Week 4,26 Sep 2000,0.07234,0.07247

Week 1,03 Oct 2000,0.07257,0.07283
Week 2,10 Oct 2000,0.07218,0.07228
Week 3,17 Oct 2000,0.07222,0.07231
Week 4,24 Oct 2000,0.07171,0.07185

Week 1,31 Oct 2000,0.07172,0.07183
Week 2,07 Nov 2000,0.07275,0.07287
Week 3,14 Nov 2000,0.07385,0.07399
Week 4,21 Nov 2000,0.07559,0.07571

Week 1,28 Nov 2000,0.07433,0.07447
Week 2,05 Dec 2000,0.07335,0.07352
Week 3,12 Dec 2000,0.07234,0.07245
Week 4,19 Dec 2000,0.07112,0.07129

Week 1,26 Dec 2000,0.06977,0.06992
Week 2,02 Jan 2001,0.06848,0.06861
Week 3,09 Jan 2001,0.06835,0.06847
Week 4,16 Jan 2001,0.06909,0.06918

Week 1,23 Jan 2001,0.07047,0.07057
Week 2,30 Jan 2001,0.07002,0.07015
Week 3,06 Feb 2001,0.07078,0.07090
Week 4,13 Feb 2001,0.07100,0.07114

Week 1,20 Feb 2001,0.07108,0.07121
Week 2,27 Feb 2001,0.07089,0.07100
Week 3,06 Mar 2001,0.07059,0.07070
Week 4,13 Mar 2001,0.07220,0.07231

Week 1,20 Mar 2001,0.07329,0.07341
Week 2,27 Mar 2001,0.07380,0.07390
Week 3,03 Apr 2001,0.07413,0.07427
Week 4,10 Apr 2001,0.07472,0.07485

Week 1,17 Apr 2001,0.07454,0.07465
Week 2,24 Apr 2001,0.07474,0.07487
Week 3,01 May 2001,0.07509,0.07526
Week 4,08 May 2001,0.07624,0.07637

Week 1,15 May 2001,0.07682,0.07699
Week 2,22 May 2001,0.07749,0.07764
Week 3,29 May 2001,0.07685,0.07702
Week 4,05 Jun 2001,0.07885,0.07900

Week 1,12 Jun 2001,0.07921,0.07939
Week 2,19 Jun 2001,0.07831,0.07846
Week 3,26 Jun 2001,0.07808,0.07827
Week 4,03 Jul 2001,0.07800,0.07813

Week 1,10 Jul 2001,0.07657,0.07675
Week 2,17 Jul 2001,0.07659,0.07679
Week 3,24 Jul 2001,0.07660,0.07675
Week 4,31 Jul 2001,0.07619,0.07633

Week 1,07 Aug 2001,0.07717,0.07734
Week 2,14 Aug 2001,0.07624,0.07638
Week 3,21 Aug 2001,0.07581,0.07598
Week 4,28 Aug 2001,0.07496,0.07511

Week 1,04 Sep 2001,0.07386,0.07398
Week 2,11 Sep 2001,0.07135,0.07151
Week 3,18 Sep 2001,0.07246,0.07250
Week 4,25 Sep 2001,0.07159,0.07175

Week 1,02 Oct 2001,0.07066,0.07094
Week 2,09 Oct 2001,0.07299,0.07333
Week 3,16 Oct 2001,0.07510,0.07545
Week 4,23 Oct 2001,0.07537,0.07566

Week 1,30 Oct 2001,0.07383,0.07411
Week 2,06 Nov 2001,0.07419,0.07459
Week 3,13 Nov 2001,0.07533,0.07558
Week 4,20 Nov 2001,0.07714,0.07740

Week 1,27 Nov 2001,0.07589,0.07618
Week 2,04 Dec 2001,0.07577,0.07606
Week 3,11 Dec 2001,0.07563,0.07596
Week 4,18 Dec 2001,0.07556,0.07581

Week 1,25 Dec 2001,0.07538,0.07570
Week 2,01 Jan 2002,0.07547,0.07584
Week 3,08 Jan 2002,0.07505,0.07534
Week 4,15 Jan 2002,0.07567,0.07602

Week 1,22 Jan 2002,0.07694,0.07724
Week 2,29 Jan 2002,0.07713,0.07734
Week 3,05 Feb 2002,0.07717,0.07749
Week 4,12 Feb 2002,0.07698,0.07730

Week 1,19 Feb 2002,0.07680,0.07707
Week 2,26 Feb 2002,0.07732,0.07759
Week 3,05 Mar 2002,0.07727,0.07758
Week 4,12 Mar 2002,0.07726,0.07756

Week 1,19 Mar 2002,0.07727,0.07760
Week 2,26 Mar 2002,0.07751,0.07796
Week 3,02 Apr 2002,0.07707,0.07735
Week 4,09 Apr 2002,0.07648,0.07693

Week 1,16 Apr 2002,0.07466,0.07513
Week 2,23 Apr 2002,0.07373,0.07401
Week 3,30 Apr 2002,0.07213,0.07241
Week 4,07 May 2002,0.07185,0.07217

Week 1,14 May 2002,0.07220,0.07247
Week 2,21 May 2002,0.07185,0.07207
Week 3,28 May 2002,0.07096,0.07119
Week 4,04 Jun 2002,0.07023,0.07048

Week 1,11 Jun 2002,0.07006,0.07036
Week 2,18 Jun 2002,0.06809,0.06835
Week 3,25 Jun 2002,0.06601,0.06624
Week 4,02 Jul 2002,0.06579,0.06603

Week 1,09 Jul 2002,0.06578,0.06603
Week 2,16 Jul 2002,0.06536,0.06564
Week 3,23 Jul 2002,0.06554,0.06577
Week 4,30 Jul 2002,0.06497,0.06524

Week 1,06 Aug 2002,0.06669,0.06692
Week 2,13 Aug 2002,0.06574,0.06599
Week 3,20 Aug 2002,0.06670,0.06697
Week 4,27 Aug 2002,0.06532,0.06556

Week 1,03 Sep 2002,0.06408,0.06435
Week 2,10 Sep 2002,0.06446,0.06461
Week 3,17 Sep 2002,0.06351,0.06383
Week 4,24 Sep 2002,0.06277,0.06295

Week 1,01 Oct 2002,0.06270,0.06285
Week 2,08 Oct 2002,0.06288,0.06316
Week 3,15 Oct 2002,0.06418,0.06441
Week 4,22 Oct 2002,0.06502,0.06534

Week 1,29 Oct 2002,0.06284,0.06305
Week 2,05 Nov 2002,0.06172,0.06190
Week 3,12 Nov 2002,0.06149,0.06170
Week 4,19 Nov 2002,0.06241,0.06261

Week 1,26 Nov 2002,0.06320,0.06339
Week 2,03 Dec 2002,0.06221,0.06245
Week 3,10 Dec 2002,0.06183,0.06211
Week 4,17 Dec 2002,0.06114,0.06138

Week 1,24 Dec 2002,0.06094,0.06111
Week 2,31 Dec 2002,0.05986,0.06003
Week 3,07 Jan 2003,0.05944,0.05967
Week 4,14 Jan 2003,0.05884,0.05908

Week 1,21 Jan 2003,0.05678,0.05706
Week 2,28 Jan 2003,0.05554,0.05576
Week 3,04 Feb 2003,0.05561,0.05588
Week 4,11 Feb 2003,0.05650,0.05669

Week 1,18 Feb 2003,0.05771,0.05790
Week 2,25 Feb 2003,0.05737,0.05752
Week 3,04 Mar 2003,0.05617,0.05631
Week 4,11 Mar 2003,0.05741,0.05763

Week 1,18 Mar 2003,0.05907,0.05923
Week 2,25 Mar 2003,0.05926,0.05948
Week 3,01 Apr 2003,0.05947,0.05969
Week 4,08 Apr 2003,0.05959,0.05981

Week 1,15 Apr 2003,0.06004,0.06027
Week 2,22 Apr 2003,0.06017,0.06040
Week 3,29 Apr 2003,0.06081,0.06104
Week 4,06 May 2003,0.06111,0.06131

Week 1,13 May 2003,0.06005,0.06024
Week 2,20 May 2003,0.05951,0.05965
Week 3,27 May 2003,0.05897,0.05913
Week 4,03 Jun 2003,0.05751,0.05764

Week 1,10 Jun 2003,0.05665,0.05682
Week 2,17 Jun 2003,0.05676,0.05696
Week 3,24 Jun 2003,0.05757,0.05777
Week 4,01 Jul 2003,0.05741,0.05763

Week 1,08 Jul 2003,0.05840,0.05855
Week 2,15 Jul 2003,0.06023,0.06042
Week 3,22 Jul 2003,0.05904,0.05926
Week 4,29 Jul 2003,0.05862,0.05882

Week 1,05 Aug 2003,0.05805,0.05819
Week 2,12 Aug 2003,0.05806,0.05833
Week 3,19 Aug 2003,0.05820,0.05841
Week 4,26 Aug 2003,0.05765,0.05784

Week 1,02 Sep 2003,0.05782,0.05801
Week 2,09 Sep 2003,0.05696,0.05714
Week 3,16 Sep 2003,0.05660,0.05678
Week 4,23 Sep 2003,0.05532,0.05542

Week 1,30 Sep 2003,0.05384,0.05397
Week 2,07 Oct 2003,0.05341,0.05358
Week 3,14 Oct 2003,0.05315,0.05331
Week 4,21 Oct 2003,0.05302,0.05314

Week 1,28 Oct 2003,0.05327,0.05339
Week 2,04 Nov 2003,0.05427,0.05446
Week 3,11 Nov 2003,0.05363,0.05374
Week 4,18 Nov 2003,0.05241,0.05258

Week 1,25 Nov 2003,0.05136,0.05156
Week 2,02 Dec 2003,0.05141,0.05153
Week 3,09 Dec 2003,0.05106,0.05117
Week 4,16 Dec 2003,0.05037,0.05050

Week 1,23 Dec 2003,0.05018,0.05024
Week 2,30 Dec 2003,0.05013,0.05023
Week 3,06 Jan 2004,0.05008,0.05026
Week 4,13 Jan 2004,0.05051,0.05067

Week 1,20 Jan 2004,0.05022,0.05033
Week 2,27 Jan 2004,0.04969,0.04990
Week 3,03 Feb 2004,0.04888,0.04906
Week 4,10 Feb 2004,0.04820,0.04836

Week 1,17 Feb 2004,0.04853,0.04870
Week 2,24 Feb 2004,0.04825,0.04839
Week 3,02 Mar 2004,0.04944,0.04959
Week 4,09 Mar 2004,0.05025,0.05037

Week 1,16 Mar 2004,0.04986,0.05000
Week 2,23 Mar 2004,0.04949,0.04965
Week 3,30 Mar 2004,0.04872,0.04892
Week 4,06 Apr 2004,0.04866,0.04881

Week 1,13 Apr 2004,0.04913,0.04927
Week 2,20 Apr 2004,0.04956,0.04973
Week 3,27 Apr 2004,0.04929,0.04947
Week 4,04 May 2004,0.04859,0.04871

Week 1,11 May 2004,0.04872,0.04887
Week 2,18 May 2004,0.04850,0.04870
Week 3,25 May 2004,0.04786,0.04806
Week 4,01 Jun 2004,0.04748,0.04765

Week 1,08 Jun 2004,0.04805,0.04821
Week 2,15 Jun 2004,0.04792,0.04810
Week 3,22 Jun 2004,0.04828,0.04844
Week 4,29 Jun 2004,0.04761,0.04783

Week 1,06 Jul 2004,0.04691,0.04709
Week 2,13 Jul 2004,0.04672,0.04698
Week 3,20 Jul 2004,0.04735,0.04754
Week 4,27 Jul 2004,0.04779,0.04799

Week 1,03 Aug 2004,0.04769,0.04791
Week 2,10 Aug 2004,0.04767,0.04789
Week 3,17 Aug 2004,0.04818,0.04839
Week 4,24 Aug 2004,0.04882,0.04905

Week 1,31 Aug 2004,0.04868,0.04889
Week 2,07 Sep 2004,0.04813,0.04839
Week 3,14 Sep 2004,0.04837,0.04866
Week 4,21 Sep 2004,0.04858,0.04880

Week 1,28 Sep 2004,0.04861,0.04880
Week 2,05 Oct 2004,0.04949,0.04982
Week 3,12 Oct 2004,0.04884,0.04909
Week 4,19 Oct 2004,0.04780,0.04800

Week 1,26 Oct 2004,0.04711,0.04730
Week 2,02 Nov 2004,0.04734,0.04756
Week 3,09 Nov 2004,0.04725,0.04747
Week 4,16 Nov 2004,0.04734,0.04756

Week 1,23 Nov 2004,0.04693,0.04719
Week 2,30 Nov 2004,0.04638,0.04660
Week 3,07 Dec 2004,0.04596,0.04616
Week 4,14 Dec 2004,0.04590,0.04609

Week 1,21 Dec 2004,0.04651,0.04672
Week 2,28 Dec 2004,0.04643,0.04662
Week 3,04 Jan 2005,0.04697,0.04713
Week 4,11 Jan 2005,0.04744,0.04758

Week 1,18 Jan 2005,0.04740,0.04761
Week 2,25 Jan 2005,0.04709,0.04723
Week 3,01 Feb 2005,0.04756,0.04777
Week 4,08 Feb 2005,0.04797,0.04816

Week 1,15 Feb 2005,0.04743,0.04757
Week 2,22 Feb 2005,0.04708,0.04724
Week 3,01 Mar 2005,0.04696,0.04714
Week 4,08 Mar 2005,0.04705,0.04719

Week 1,15 Mar 2005,0.04649,0.04661
Week 2,22 Mar 2005,0.04727,0.04738
Week 3,29 Mar 2005,0.04740,0.04752
Week 4,05 Apr 2005,0.04753,0.04763

Week 1,12 Apr 2005,0.04758,0.04770
Week 2,19 Apr 2005,0.04718,0.04726
Week 3,26 Apr 2005,0.04730,0.04740
Week 4,03 May 2005,0.04803,0.04817

Week 1,10 May 2005,0.04860,0.04879
Week 2,17 May 2005,0.04969,0.04981
Week 3,24 May 2005,0.05008,0.05019
Week 4,31 May 2005,0.05075,0.05081

Week 1,07 Jun 2005,0.05051,0.05060
Week 2,14 Jun 2005,0.05070,0.05088
Week 3,21 Jun 2005,0.05085,0.05097
Week 4,28 Jun 2005,0.05184,0.05196

Week 1,05 Jul 2005,0.05315,0.05327
Week 2,12 Jul 2005,0.05334,0.05342
Week 3,19 Jul 2005,0.05390,0.05412
Week 4,26 Jul 2005,0.05361,0.05369

Week 1,02 Aug 2005,0.05310,0.05317
Week 2,09 Aug 2005,0.05216,0.05225
Week 3,16 Aug 2005,0.05188,0.05198
Week 4,23 Aug 2005,0.05125,0.05130

Week 1,30 Aug 2005,0.05110,0.05117
Week 2,06 Sep 2005,0.05071,0.05090
Week 3,13 Sep 2005,0.05098,0.05111
Week 4,20 Sep 2005,0.05156,0.05161

Week 1,27 Sep 2005,0.05228,0.05238
Week 2,04 Oct 2005,0.05267,0.05274
Week 3,11 Oct 2005,0.05219,0.05227
Week 4,18 Oct 2005,0.05212,0.05221

Week 1,25 Oct 2005,0.05182,0.05189
Week 2,01 Nov 2005,0.05271,0.05280
Week 3,08 Nov 2005,0.05359,0.05370
Week 4,15 Nov 2005,0.05436,0.05449

Week 1,22 Nov 2005,0.05470,0.05484
Week 2,29 Nov 2005,0.05490,0.05505
Week 3,06 Dec 2005,0.05463,0.05479
Week 4,13 Dec 2005,0.05287,0.05302

Week 1,20 Dec 2005,0.05328,0.05343
Week 2,27 Dec 2005,0.05401,0.05419
Week 3,03 Jan 2006,0.05390,0.05409
Week 4,10 Jan 2006,0.05337,0.05352

Week 1,17 Jan 2006,0.05359,0.05374
Week 2,24 Jan 2006,0.05353,0.05365
Week 3,31 Jan 2006,0.05389,0.05402
Week 4,07 Feb 2006,0.05446,0.05461

Week 1,14 Feb 2006,0.05474,0.05487
Week 2,21 Feb 2006,0.05464,0.05478
Week 3,28 Feb 2006,0.05427,0.05439
Week 4,07 Mar 2006,0.05382,0.05393

Week 1,14 Mar 2006,0.05352,0.05367
Week 2,21 Mar 2006,0.05280,0.05293
Week 3,28 Mar 2006,0.05251,0.05263
Week 4,04 Apr 2006,0.05197,0.05207

Week 1,11 Apr 2006,0.05148,0.05162
Week 2,18 Apr 2006,0.05093,0.05103
Week 3,25 Apr 2006,0.05000,0.05010
Week 4,02 May 2006,0.04923,0.04936

Week 1,09 May 2006,0.04858,0.04869
Week 2,16 May 2006,0.04754,0.04766
Week 3,23 May 2006,0.04768,0.04781
Week 4,30 May 2006,0.04735,0.04748

Week 1,06 Jun 2006,0.04746,0.04750
Week 2,13 Jun 2006,0.04734,0.04746
Week 3,20 Jun 2006,0.04766,0.04779
Week 4,27 Jun 2006,0.04793,0.04806

Week 1,04 Jul 2006,0.04879,0.04892
Week 2,11 Jul 2006,0.04930,0.04943
Week 3,18 Jul 2006,0.04953,0.04965
Week 4,25 Jul 2006,0.04937,0.04951

Week 1,01 Aug 2006,0.04842,0.04854
Week 2,08 Aug 2006,0.04846,0.04859
Week 3,15 Aug 2006,0.04896,0.04910
Week 4,22 Aug 2006,0.04851,0.04864

Week 1,29 Aug 2006,0.04822,0.04835
Week 2,05 Sep 2006,0.04844,0.04857
Week 3,12 Sep 2006,0.04843,0.04856
Week 4,19 Sep 2006,0.04803,0.04816

Week 1,26 Sep 2006,0.04809,0.04822
Week 2,03 Oct 2006,0.04821,0.04833
Week 3,10 Oct 2006,0.04900,0.04914
Week 4,17 Oct 2006,0.04920,0.04933

Week 1,24 Oct 2006,0.04914,0.04928
Week 2,31 Oct 2006,0.04860,0.04873
Week 3,07 Nov 2006,0.04822,0.04835
Week 4,14 Nov 2006,0.04835,0.04847

Week 1,21 Nov 2006,0.04750,0.04760
Week 2,28 Nov 2006,0.04624,0.04634
Week 3,05 Dec 2006,0.04671,0.04680
Week 4,12 Dec 2006,0.04718,0.04728

Week 1,19 Dec 2006,0.04702,0.04711
Week 2,26 Dec 2006,0.04697,0.04709
Week 3,02 Jan 2007,0.04723,0.04734
Week 4,09 Jan 2007,0.04680,0.04689

Week 1,16 Jan 2007,0.04643,0.04652
Week 2,23 Jan 2007,0.04622,0.04631
Week 3,30 Jan 2007,0.04624,0.04632
Week 4,06 Feb 2007,0.04653,0.04662

Week 1,13 Feb 2007,0.04663,0.04671
Week 2,20 Feb 2007,0.04638,0.04646
Week 3,27 Feb 2007,0.04580,0.04585
Week 4,06 Mar 2007,0.04639,0.04648

Week 1,13 Mar 2007,0.04620,0.04629
Week 2,20 Mar 2007,0.04611,0.04619
Week 3,27 Mar 2007,0.04604,0.04613
Week 4,03 Apr 2007,0.04609,0.04618

Week 1,10 Apr 2007,0.04593,0.04603
Week 2,17 Apr 2007,0.04543,0.04551
Week 3,24 Apr 2007,0.04565,0.04573
Week 4,01 May 2007,0.04591,0.04600

Week 1,08 May 2007,0.04643,0.04652
Week 2,15 May 2007,0.04677,0.04686
Week 3,22 May 2007,0.04673,0.04682
Week 4,29 May 2007,0.04688,0.04697

Week 1,05 Jun 2007,0.04644,0.04653
Week 2,12 Jun 2007,0.04655,0.04664
Week 3,19 Jun 2007,0.04643,0.04652
Week 4,26 Jun 2007,0.04608,0.04617

Week 1,03 Jul 2007,0.04606,0.04615
Week 2,10 Jul 2007,0.04572,0.04580
Week 3,17 Jul 2007,0.04529,0.04537
Week 4,24 Jul 2007,0.04484,0.04493

Week 1,31 Jul 2007,0.04478,0.04487
Week 2,07 Aug 2007,0.04487,0.04495
Week 3,14 Aug 2007,0.04517,0.04525
Week 4,21 Aug 2007,0.04520,0.04528

Week 1,28 Aug 2007,0.04486,0.04494
Week 2,04 Sep 2007,0.04462,0.04470
Week 3,11 Sep 2007,0.04448,0.04457
Week 4,18 Sep 2007,0.04514,0.04522

Week 1,25 Sep 2007,0.04504,0.04512
Week 2,02 Oct 2007,0.04498,0.04507
Week 3,09 Oct 2007,0.04531,0.04539
Week 4,16 Oct 2007,0.04521,0.04529

Week 1,23 Oct 2007,0.04518,0.04526
Week 2,30 Oct 2007,0.04499,0.04504
Week 3,06 Nov 2007,0.04422,0.04430
Week 4,13 Nov 2007,0.04444,0.04452

Week 1,20 Nov 2007,0.04418,0.04426
Week 2,27 Nov 2007,0.04422,0.04431
Week 3,04 Dec 2007,0.04509,0.04518
Week 4,11 Dec 2007,0.04535,0.04544

Week 1,18 Dec 2007,0.04613,0.04623
Week 2,25 Dec 2007,0.04628,0.04642
Week 3,01 Jan 2008,0.04621,0.04633
Week 4,08 Jan 2008,0.04656,0.04665

Week 1,15 Jan 2008,0.04664,0.04673
Week 2,22 Jan 2008,0.04654,0.04663
Week 3,29 Jan 2008,0.04655,0.04664
Week 4,05 Feb 2008,0.04732,0.04741

Week 1,12 Feb 2008,0.04740,0.04749
Week 2,19 Feb 2008,0.04739,0.04748
Week 3,26 Feb 2008,0.04700,0.04709
Week 4,04 Mar 2008,0.04645,0.04654

Week 1,11 Mar 2008,0.04585,0.04594
Week 2,18 Mar 2008,0.04672,0.04681
Week 3,25 Mar 2008,0.04678,0.04688
Week 4,01 Apr 2008,0.04743,0.04753

Week 1,08 Apr 2008,0.04796,0.04804
Week 2,15 Apr 2008,0.04809,0.04818
Week 3,22 Apr 2008,0.04805,0.04814
Week 4,29 Apr 2008,0.04818,0.04828

Week 1,06 May 2008,0.04838,0.04848
Week 2,13 May 2008,0.04894,0.04904
Week 3,20 May 2008,0.04881,0.04891
Week 4,27 May 2008,0.04877,0.04887

Week 1,03 Jun 2008,0.04925,0.04934
Week 2,10 Jun 2008,0.04922,0.04932
Week 3,17 Jun 2008,0.04931,0.04941
Week 4,24 Jun 2008,0.04901,0.04910

Week 1,01 Jul 2008,0.04859,0.04868
Week 2,08 Jul 2008,0.04894,0.04903
Week 3,15 Jul 2008,0.04882,0.04891
Week 4,22 Jul 2008,0.04968,0.04979

Week 1,29 Jul 2008,0.05042,0.05052
Week 2,05 Aug 2008,0.05136,0.05146
Week 3,12 Aug 2008,0.05220,0.05230
Week 4,19 Aug 2008,0.05291,0.05299

Week 1,26 Aug 2008,0.05338,0.05348
Week 2,02 Sep 2008,0.05397,0.05408
Week 3,09 Sep 2008,0.05341,0.05351
Week 4,16 Sep 2008,0.05150,0.05163

Week 1,23 Sep 2008,0.05034,0.05046
Week 2,30 Sep 2008,0.05063,0.05076
Week 3,07 Oct 2008,0.04623,0.04636
Week 4,14 Oct 2008,0.04520,0.04548

Week 1,21 Oct 2008,0.04544,0.04583
Week 2,28 Oct 2008,0.04778,0.04832
Week 3,04 Nov 2008,0.04924,0.04956
Week 4,11 Nov 2008,0.05091,0.05123

Week 1,18 Nov 2008,0.04974,0.04995
Week 2,25 Nov 2008,0.04877,0.04902
Week 3,02 Dec 2008,0.04948,0.04979
Week 4,09 Dec 2008,0.04978,0.04996

Week 1,16 Dec 2008,0.04975,0.05005
Week 2,23 Dec 2008,0.05087,0.05129
Week 3,30 Dec 2008,0.04985,0.05041
Week 4,06 Jan 2009,0.04914,0.04935

Week 1,13 Jan 2009,0.04878,0.04895
Week 2,20 Jan 2009,0.05115,0.05132
Week 3,27 Jan 2009,0.04943,0.04962
Week 4,03 Feb 2009,0.04781,0.04798

Week 1,10 Feb 2009,0.04779,0.04794
Week 2,17 Feb 2009,0.04752,0.04770
Week 3,24 Feb 2009,0.04634,0.04643
Week 4,03 Mar 2009,0.04633,0.04642

Week 1,10 Mar 2009,0.04806,0.04817
Week 2,17 Mar 2009,0.04940,0.04954
Week 3,24 Mar 2009,0.04828,0.04844
Week 4,31 Mar 2009,0.04934,0.04947

Week 1,07 Apr 2009,0.05093,0.05108
Week 2,14 Apr 2009,0.05129,0.05143
Week 3,21 Apr 2009,0.05157,0.05168
Week 4,28 Apr 2009,0.04897,0.04911

Week 1,05 May 2009,0.05012,0.05025
Week 2,12 May 2009,0.04968,0.04982
Week 3,19 May 2009,0.04868,0.04880
Week 4,26 May 2009,0.04729,0.04742

Week 1,02 Jun 2009,0.04645,0.04658
Week 2,09 Jun 2009,0.04548,0.04561
Week 3,16 Jun 2009,0.04543,0.04555
Week 4,23 Jun 2009,0.04573,0.04587

Week 1,30 Jun 2009,0.04605,0.04619
Week 2,07 Jul 2009,0.04567,0.04579
Week 3,14 Jul 2009,0.04514,0.04525
Week 4,21 Jul 2009,0.04582,0.04594

Week 1,28 Jul 2009,0.04565,0.04577
Week 2,04 Aug 2009,0.04550,0.04562
Week 3,11 Aug 2009,0.04676,0.04688
Week 4,18 Aug 2009,0.04700,0.04712

Week 1,25 Aug 2009,0.04674,0.04684
Week 2,01 Sep 2009,0.04553,0.04563
Week 3,08 Sep 2009,0.04511,0.04522
Week 4,15 Sep 2009,0.04578,0.04585

Week 1,22 Sep 2009,0.04605,0.04615
Week 2,29 Sep 2009,0.04609,0.04617
Week 3,06 Oct 2009,0.04676,0.04687
Week 4,13 Oct 2009,0.04721,0.04732

Week 1,20 Oct 2009,0.04674,0.04686
Week 2,27 Oct 2009,0.04610,0.04621
Week 3,03 Nov 2009,0.04543,0.04553
Week 4,10 Nov 2009,0.04549,0.04560

Week 1,17 Nov 2009,0.04597,0.04608
Week 2,24 Nov 2009,0.04662,0.04674
Week 3,01 Dec 2009,0.04736,0.04747
Week 4,08 Dec 2009,0.04769,0.04780

Week 1,15 Dec 2009,0.04808,0.04819
Week 2,22 Dec 2009,0.04842,0.04860
Week 3,29 Dec 2009,0.04768,0.04781
Week 4,05 Jan 2010,0.04873,0.04884

Week 1,12 Jan 2010,0.04841,0.04853
Week 2,19 Jan 2010,0.04802,0.04813
Week 3,26 Jan 2010,0.04776,0.04787
Week 4,02 Feb 2010,0.04844,0.04855

Week 1,09 Feb 2010,0.04894,0.04905
Week 2,16 Feb 2010,0.04986,0.04995
Week 3,23 Feb 2010,0.05086,0.05094
Week 4,02 Mar 2010,0.05227,0.05236

Week 1,09 Mar 2010,0.05259,0.05267
Week 2,16 Mar 2010,0.05266,0.05276
Week 3,23 Mar 2010,0.05337,0.05346
Week 4,30 Mar 2010,0.05336,0.05346

Week 1,06 Apr 2010,0.05344,0.05352
Week 2,13 Apr 2010,0.05307,0.05316
Week 3,20 Apr 2010,0.05325,0.05329
Week 4,27 Apr 2010,0.05321,0.05331

Week 1,04 May 2010,0.05260,0.05270
Week 2,11 May 2010,0.05426,0.05436
Week 3,18 May 2010,0.05382,0.05393
Week 4,25 May 2010,0.05328,0.05339

Week 1,01 Jun 2010,0.05321,0.05332
Week 2,08 Jun 2010,0.05375,0.05385
Week 3,15 Jun 2010,0.05370,0.05377
Week 4,22 Jun 2010,0.05302,0.05312

Week 1,29 Jun 2010,0.05115,0.05124
Week 2,06 Jul 2010,0.05129,0.05139
Week 3,13 Jul 2010,0.05116,0.05125
Week 4,20 Jul 2010,0.05098,0.05107

Week 1,27 Jul 2010,0.05051,0.05060
Week 2,03 Aug 2010,0.04982,0.04990
Week 3,10 Aug 2010,0.05010,0.05019
Week 4,17 Aug 2010,0.05052,0.05061

Week 1,24 Aug 2010,0.04968,0.04976
Week 2,31 Aug 2010,0.04963,0.04971
Week 3,07 Sep 2010,0.05001,0.05010
Week 4,14 Sep 2010,0.05006,0.05015

Week 1,21 Sep 2010,0.05032,0.05040
Week 2,28 Sep 2010,0.05044,0.05052
Week 3,05 Oct 2010,0.05031,0.05039
Week 4,12 Oct 2010,0.05045,0.05054

Week 1,19 Oct 2010,0.05115,0.05124
Week 2,26 Oct 2010,0.05079,0.05088
Week 3,02 Nov 2010,0.05049,0.05062
Week 4,09 Nov 2010,0.05050,0.05063

Week 1,16 Nov 2010,0.05072,0.05085
Week 2,23 Nov 2010,0.05108,0.05121
Week 3,30 Nov 2010,0.05147,0.05160
Week 4,07 Dec 2010,0.05093,0.05106

Week 1,14 Dec 2010,0.05141,0.05154
Week 2,21 Dec 2010,0.05225,0.05239
Week 3,28 Dec 2010,0.05215,0.05229
Week 4,04 Jan 2011,0.05253,0.05267

Week 1,11 Jan 2011,0.05239,0.05252
Week 2,18 Jan 2011,0.05194,0.05207
Week 3,25 Jan 2011,0.05195,0.05208
Week 4,01 Feb 2011,0.05154,0.05167

Week 1,08 Feb 2011,0.05165,0.05178
Week 2,15 Feb 2011,0.05132,0.05144
Week 3,22 Feb 2011,0.05099,0.05112
Week 4,01 Mar 2011,0.05095,0.05105

Week 1,08 Mar 2011,0.05170,0.05183
Week 2,15 Mar 2011,0.05143,0.05157
Week 3,22 Mar 2011,0.05149,0.05162
Week 4,29 Mar 2011,0.05226,0.05238

Week 1,05 Apr 2011,0.05199,0.05213
Week 2,12 Apr 2011,0.05215,0.05228
Week 3,19 Apr 2011,0.05224,0.05238
Week 4,26 Apr 2011,0.05207,0.05221

Week 1,03 May 2011,0.05220,0.05234
Week 2,10 May 2011,0.05257,0.05270
Week 3,17 May 2011,0.05270,0.05283
Week 4,24 May 2011,0.05245,0.05258

Week 1,31 May 2011,0.05228,0.05241
Week 2,07 Jun 2011,0.05177,0.05190
Week 3,14 Jun 2011,0.05172,0.05185
Week 4,21 Jun 2011,0.05239,0.05253

Week 1,28 Jun 2011,0.05305,0.05318
Week 2,05 Jul 2011,0.05364,0.05378
Week 3,12 Jul 2011,0.05302,0.05315
Week 4,19 Jul 2011,0.05285,0.05297

Week 1,26 Jul 2011,0.05222,0.05235
Week 2,02 Aug 2011,0.05139,0.05155
Week 3,09 Aug 2011,0.04992,0.05005
Week 4,16 Aug 2011,0.04950,0.04962

Week 1,23 Aug 2011,0.04908,0.04919
Week 2,30 Aug 2011,0.04950,0.04961
Week 3,06 Sep 2011,0.04977,0.04989
Week 4,13 Sep 2011,0.04887,0.04898

Week 1,20 Sep 2011,0.04761,0.04773
Week 2,27 Sep 2011,0.04693,0.04704
Week 3,04 Oct 2011,0.04726,0.04738
Week 4,11 Oct 2011,0.04775,0.04787

Week 1,18 Oct 2011,0.04667,0.04678
Week 2,25 Oct 2011,0.04694,0.04706
Week 3,01 Nov 2011,0.04641,0.04653
Week 4,08 Nov 2011,0.04620,0.04632

Week 1,15 Nov 2011,0.04629,0.04640
Week 2,22 Nov 2011,0.04557,0.04566
Week 3,29 Nov 2011,0.04653,0.04665
Week 4,06 Dec 2011,0.04707,0.04719

Week 1,13 Dec 2011,0.04645,0.04656
Week 2,20 Dec 2011,0.04625,0.04636
Week 3,27 Dec 2011,0.04608,0.04620
Week 4,03 Jan 2012,0.04677,0.04688

Week 1,10 Jan 2012,0.04769,0.04780
Week 2,17 Jan 2012,0.04849,0.04860
Week 3,24 Jan 2012,0.04897,0.04908
Week 4,31 Jan 2012,0.04929,0.04940

Week 1,07 Feb 2012,0.04966,0.04977
Week 2,14 Feb 2012,0.04958,0.04970
Week 3,21 Feb 2012,0.04933,0.04944
Week 4,28 Feb 2012,0.04910,0.04921

Week 1,06 Mar 2012,0.04963,0.04974
Week 2,13 Mar 2012,0.05015,0.05027
Week 3,20 Mar 2012,0.04950,0.04962
Week 4,27 Mar 2012,0.04907,0.04918

Week 1,03 Apr 2012,0.04882,0.04894
Week 2,10 Apr 2012,0.04798,0.04808
Week 3,17 Apr 2012,0.04743,0.04754
Week 4,24 Apr 2012,0.04710,0.04721

Week 1,01 May 2012,0.04733,0.04744
Week 2,08 May 2012,0.04613,0.04624
Week 3,15 May 2012,0.04559,0.04568
Week 4,22 May 2012,0.04563,0.04572

Week 1,29 May 2012,0.04553,0.04562
Week 2,05 Jun 2012,0.04593,0.04603
Week 3,12 Jun 2012,0.04591,0.04601
Week 4,19 Jun 2012,0.04622,0.04632

Week 1,26 Jun 2012,0.04698,0.04709
Week 2,03 Jul 2012,0.04798,0.04805
Week 3,10 Jul 2012,0.04822,0.04829
Week 4,17 Jul 2012,0.04821,0.04828

Week 1,24 Jul 2012,0.04758,0.04765
Week 2,31 Jul 2012,0.04825,0.04832
Week 3,07 Aug 2012,0.04864,0.04870
Week 4,14 Aug 2012,0.04846,0.04853

Week 1,21 Aug 2012,0.04811,0.04818
Week 2,28 Aug 2012,0.04769,0.04776
Week 3,04 Sep 2012,0.04791,0.04798
Week 4,11 Sep 2012,0.04809,0.04816

Week 1,18 Sep 2012,0.04798,0.04805
Week 2,25 Sep 2012,0.04794,0.04801
Week 3,02 Oct 2012,0.04833,0.04840
Week 4,09 Oct 2012,0.04840,0.04847

Week 1,16 Oct 2012,0.04842,0.04849
Week 2,23 Oct 2012,0.04802,0.04808
Week 3,30 Oct 2012,0.04766,0.04772
Week 4,06 Nov 2012,0.04781,0.04788

Week 1,13 Nov 2012,0.04770,0.04776
Week 2,20 Nov 2012,0.04809,0.04815
Week 3,27 Nov 2012,0.04808,0.04813
Week 4,04 Dec 2012,0.04821,0.04826

Week 1,11 Dec 2012,0.04854,0.04859
Week 2,18 Dec 2012,0.04811,0.04816
Week 3,25 Dec 2012,0.04764,0.04769
Week 4,01 Jan 2013,0.04824,0.04828

Week 1,08 Jan 2013,0.04890,0.04894
Week 2,15 Jan 2013,0.04949,0.04954
Week 3,22 Jan 2013,0.04983,0.04987
Week 4,29 Jan 2013,0.05001,0.05006

Week 1,05 Feb 2013,0.05005,0.05010
Week 2,12 Feb 2013,0.05049,0.05054
Week 3,19 Feb 2013,0.05141,0.05146
Week 4,26 Feb 2013,0.05178,0.05183

Week 1,05 Mar 2013,0.05236,0.05240
Week 2,12 Mar 2013,0.05343,0.05347
Week 3,19 Mar 2013,0.05319,0.05323
Week 4,26 Mar 2013,0.05335,0.05343

Week 1,02 Apr 2013,0.05348,0.05354
Week 2,09 Apr 2013,0.05382,0.05388
Week 3,16 Apr 2013,0.05354,0.05360
Week 4,23 Apr 2013,0.05332,0.05338

Week 1,30 Apr 2013,0.05298,0.05304
Week 2,07 May 2013,0.05360,0.05367
Week 3,14 May 2013,0.05359,0.05364
Week 4,21 May 2013,0.05315,0.05322

Week 1,28 May 2013,0.05202,0.05208
Week 2,04 Jun 2013,0.05064,0.05069
Week 3,11 Jun 2013,0.04994,0.05000
Week 4,18 Jun 2013,0.04910,0.04915

Week 1,25 Jun 2013,0.04981,0.04986
Week 2,02 Jul 2013,0.05098,0.05105
Week 3,09 Jul 2013,0.05169,0.05175
Week 4,16 Jul 2013,0.05227,0.05234

Week 1,23 Jul 2013,0.05167,0.05174
Week 2,30 Jul 2013,0.05144,0.05151
Week 3,06 Aug 2013,0.05120,0.05125
Week 4,13 Aug 2013,0.05027,0.05033

Week 1,20 Aug 2013,0.04911,0.04916
Week 2,27 Aug 2013,0.04846,0.04853
Week 3,03 Sep 2013,0.04820,0.04826
Week 4,10 Sep 2013,0.04837,0.04843

Week 1,17 Sep 2013,0.04867,0.04872
Week 2,24 Sep 2013,0.04781,0.04786
Week 3,01 Oct 2013,0.04719,0.04724
Week 4,08 Oct 2013,0.04772,0.04778

Week 1,15 Oct 2013,0.04823,0.04828
Week 2,22 Oct 2013,0.04783,0.04788
Week 3,29 Oct 2013,0.04808,0.04813
Week 4,05 Nov 2013,0.04747,0.04753

Week 1,12 Nov 2013,0.04773,0.04778
Week 2,19 Nov 2013,0.04766,0.04771
Week 3,26 Nov 2013,0.04691,0.04697
Week 4,03 Dec 2013,0.04676,0.04681

Week 1,10 Dec 2013,0.04732,0.04738
Week 2,17 Dec 2013,0.04722,0.04728
Week 3,24 Dec 2013,0.04672,0.04678
Week 4,31 Dec 2013,0.04631,0.04636

Week 1,07 Jan 2014,0.04658,0.04662
Week 2,14 Jan 2014,0.04624,0.04629
Week 3,21 Jan 2014,0.04533,0.04538
Week 4,28 Jan 2014,0.04534,0.04539

Week 1,04 Feb 2014,0.04586,0.04591
Week 2,11 Feb 2014,0.04536,0.04540
Week 3,18 Feb 2014,0.04521,0.04525
Week 4,25 Feb 2014,0.04514,0.04519

Week 1,04 Mar 2014,0.04520,0.04525
Week 2,11 Mar 2014,0.04537,0.04542
Week 3,18 Mar 2014,0.04568,0.04572
Week 4,25 Mar 2014,0.04596,0.04600

Week 1,01 Apr 2014,0.04608,0.04613
Week 2,08 Apr 2014,0.04588,0.04593
Week 3,15 Apr 2014,0.04563,0.04569
Week 4,22 Apr 2014,0.04545,0.04549

Week 1,29 Apr 2014,0.04538,0.04543
Week 2,06 May 2014,0.04555,0.04559
Week 3,13 May 2014,0.04598,0.04602
Week 4,20 May 2014,0.04603,0.04608

Week 1,27 May 2014,0.04633,0.04638
Week 2,03 Jun 2014,0.04614,0.04620
Week 3,10 Jun 2014,0.04556,0.04561
Week 4,17 Jun 2014,0.04515,0.04519

Week 1,24 Jun 2014,0.04517,0.04522
Week 2,01 Jul 2014,0.04497,0.04500
Week 3,08 Jul 2014,0.04492,0.04497
Week 4,15 Jul 2014,0.04510,0.04514

Week 1,22 Jul 2014,0.04535,0.04539
Week 2,29 Jul 2014,0.04509,0.04513
Week 3,05 Aug 2014,0.04486,0.04489
Week 4,12 Aug 2014,0.04554,0.04558

Week 1,19 Aug 2014,0.04592,0.04596
Week 2,26 Aug 2014,0.04601,0.04605
Week 3,02 Sep 2014,0.04650,0.04654
Week 4,09 Sep 2014,0.04674,0.04678

Week 1,16 Sep 2014,0.04640,0.04644
Week 2,23 Sep 2014,0.04590,0.04594
Week 3,30 Sep 2014,0.04607,0.04612
Week 4,07 Oct 2014,0.04626,0.04630

Week 1,14 Oct 2014,0.04616,0.04620
Week 2,21 Oct 2014,0.04586,0.04590
Week 3,28 Oct 2014,0.04618,0.04622
Week 4,04 Nov 2014,0.04626,0.04630

Week 1,11 Nov 2014,0.04672,0.04677
Week 2,18 Nov 2014,0.04693,0.04698
Week 3,25 Nov 2014,0.04625,0.04630
Week 4,02 Dec 2014,0.04512,0.04517

Week 1,09 Dec 2014,0.04369,0.04374
Week 2,16 Dec 2014,0.04357,0.04362
Week 3,23 Dec 2014,0.04368,0.04374
Week 4,30 Dec 2014,0.04370,0.04374

Week 1,06 Jan 2015,0.04472,0.04477
Week 2,13 Jan 2015,0.04514,0.04520
Week 3,20 Jan 2015,0.04524,0.04530
Week 4,27 Jan 2015,0.04480,0.04486

Week 1,03 Feb 2015,0.04437,0.04442
Week 2,10 Feb 2015,0.04374,0.04380
Week 3,17 Feb 2015,0.04340,0.04345
Week 4,24 Feb 2015,0.04319,0.04324

Week 1,03 Mar 2015,0.04321,0.04326
Week 2,10 Mar 2015,0.04323,0.04328
Week 3,17 Mar 2015,0.04416,0.04421
Week 4,24 Mar 2015,0.04452,0.04458

Week 1,31 Mar 2015,0.04468,0.04473
Week 2,07 Apr 2015,0.04502,0.04506
Week 3,14 Apr 2015,0.04405,0.04411
Week 4,21 Apr 2015,0.04314,0.04318

Week 1,28 Apr 2015,0.04256,0.04261
Week 2,05 May 2015,0.04271,0.04276
Week 3,12 May 2015,0.04204,0.04208
Week 4,19 May 2015,0.04225,0.04230

Week 1,26 May 2015,0.04247,0.04252
Week 2,02 Jun 2015,0.04201,0.04205
Week 3,09 Jun 2015,0.04173,0.04178
Week 4,16 Jun 2015,0.04127,0.04131

Week 1,23 Jun 2015,0.04101,0.04106
Week 2,30 Jun 2015,0.04067,0.04072
Week 3,07 Jul 2015,0.04096,0.04100
Week 4,14 Jul 2015,0.04056,0.04060

Week 1,21 Jul 2015,0.03986,0.03990
Week 2,28 Jul 2015,0.03950,0.03954
Week 3,04 Aug 2015,0.03962,0.03966
Week 4,11 Aug 2015,0.03926,0.03931

Week 1,18 Aug 2015,0.03823,0.03827
Week 2,25 Aug 2015,0.03797,0.03801
Week 3,01 Sep 2015,0.03878,0.03883
Week 4,08 Sep 2015,0.03857,0.03860

Week 1,15 Sep 2015,0.03874,0.03879
Week 2,22 Sep 2015,0.03865,0.03870
Week 3,29 Sep 2015,0.03899,0.03903
Week 4,06 Oct 2015,0.03947,0.03952

Week 1,13 Oct 2015,0.03942,0.03946
Week 2,20 Oct 2015,0.03922,0.03926
Week 3,27 Oct 2015,0.03934,0.03938
Week 4,03 Nov 2015,0.03941,0.03945

Week 1,10 Nov 2015,0.03933,0.03938
Week 2,17 Nov 2015,0.03943,0.03947
Week 3,24 Nov 2015,0.03999,0.04002
Week 4,01 Dec 2015,0.03993,0.03997

Week 1,08 Dec 2015,0.03856,0.03860
Week 2,15 Dec 2015,0.03887,0.03890
Week 3,22 Dec 2015,0.03899,0.03903
Week 4,29 Dec 2015,0.03914,0.03917

Week 1,05 Jan 2016,0.03881,0.03885
Week 2,12 Jan 2016,0.03853,0.03857
Week 3,19 Jan 2016,0.03816,0.03820
Week 4,26 Jan 2016,0.03819,0.03822

Week 1,02 Feb 2016,0.03766,0.03770
Week 2,09 Feb 2016,0.03660,0.03663
Week 3,16 Feb 2016,0.03764,0.03768
Week 4,23 Feb 2016,0.03928,0.03932

Week 1,01 Mar 2016,0.03963,0.03967
Week 2,08 Mar 2016,0.03939,0.03943
Week 3,15 Mar 2016,0.03960,0.03965
Week 4,22 Mar 2016,0.04021,0.04027

Week 1,29 Mar 2016,0.04031,0.04037
Week 2,05 Apr 2016,0.03995,0.04000
Week 3,12 Apr 2016,0.04010,0.04015
Week 4,19 Apr 2016,0.03996,0.04001

Week 1,26 Apr 2016,0.03960,0.03964
Week 2,03 May 2016,0.03899,0.03903
Week 3,10 May 2016,0.03840,0.03844
Week 4,17 May 2016,0.03757,0.03762

Week 1,24 May 2016,0.03706,0.03711
Week 2,31 May 2016,0.03713,0.03717
Week 3,07 Jun 2016,0.03754,0.03758
Week 4,14 Jun 2016,0.03721,0.03725

Week 1,21 Jun 2016,0.03738,0.03747
Week 2,28 Jun 2016,0.04031,0.04041
Week 3,05 Jul 2016,0.04120,0.04127
Week 4,12 Jul 2016,0.04108,0.04115

Week 1,19 Jul 2016,0.04094,0.04098
Week 2,26 Jul 2016,0.04041,0.04046
Week 3,02 Aug 2016,0.04023,0.04030
Week 4,09 Aug 2016,0.04187,0.04193

Week 1,16 Aug 2016,0.04221,0.04227
Week 2,23 Aug 2016,0.04114,0.04121
Week 3,30 Aug 2016,0.04053,0.04059
Week 4,06 Sep 2016,0.04030,0.04036

Week 1,13 Sep 2016,0.03934,0.03940
Week 2,20 Sep 2016,0.03897,0.03903
Week 3,27 Sep 2016,0.03946,0.03952
Week 4,04 Oct 2016,0.04102,0.04109

Week 1,11 Oct 2016,0.04304,0.04310
Week 2,18 Oct 2016,0.04373,0.04381
Week 3,25 Oct 2016,0.04370,0.04376
Week 4,01 Nov 2016,0.04229,0.04236

Week 1,08 Nov 2016,0.04023,0.04031
Week 2,15 Nov 2016,0.03920,0.03927
Week 3,22 Nov 2016,0.03894,0.03901
Week 4,29 Nov 2016,0.03851,0.03857

Week 1,06 Dec 2016,0.03872,0.03878
Week 2,13 Dec 2016,0.03908,0.03914
Week 3,20 Dec 2016,0.03939,0.03946
Week 4,27 Dec 2016,0.03928,0.03935

Week 1,03 Jan 2017,0.03841,0.03848
Week 2,10 Jan 2017,0.03801,0.03807
Week 3,17 Jan 2017,0.03753,0.03759
Week 4,24 Jan 2017,0.03761,0.03768

Week 1,31 Jan 2017,0.03868,0.03875
Week 2,07 Feb 2017,0.03913,0.03920
Week 3,14 Feb 2017,0.03939,0.03946
Week 4,21 Feb 2017,0.04001,0.04007

Week 1,28 Feb 2017,0.04093,0.04099
Week 2,07 Mar 2017,0.04178,0.04184
Week 3,14 Mar 2017,0.04207,0.04210
Week 4,21 Mar 2017,0.04234,0.04238

Week 1,28 Mar 2017,0.04251,0.04259
Week 2,04 Apr 2017,0.04286,0.04294
Week 3,11 Apr 2017,0.04296,0.04304
Week 4,18 Apr 2017,0.04188,0.04196

Week 1,25 Apr 2017,0.04111,0.04117
Week 2,02 May 2017,0.04087,0.04094
Week 3,09 May 2017,0.04081,0.04088
Week 4,16 May 2017,0.04109,0.04116

Week 1,23 May 2017,0.04171,0.04179
Week 2,30 May 2017,0.04170,0.04177
Week 3,06 Jun 2017,0.04261,0.04268
Week 4,13 Jun 2017,0.04349,0.04357

Week 1,20 Jun 2017,0.04355,0.04363
Week 2,27 Jun 2017,0.04300,0.04306
Week 3,04 Jul 2017,0.04249,0.04257
Week 4,11 Jul 2017,0.04341,0.04345

Week 1,18 Jul 2017,0.04369,0.04373
Week 2,25 Jul 2017,0.04309,0.04314
Week 3,01 Aug 2017,0.04262,0.04267
Week 4,08 Aug 2017,0.04293,0.04298

Week 1,15 Aug 2017,0.04365,0.04369
Week 2,22 Aug 2017,0.04400,0.04406
Week 3,29 Aug 2017,0.04337,0.04341
Week 4,05 Sep 2017,0.04298,0.04302

Week 1,12 Sep 2017,0.04222,0.04225
Week 2,19 Sep 2017,0.04160,0.04164
Week 3,26 Sep 2017,0.04111,0.04115
Week 4,03 Oct 2017,0.04130,0.04134

Week 1,10 Oct 2017,0.04020,0.04024
Week 2,17 Oct 2017,0.03998,0.04002
Week 3,24 Oct 2017,0.03970,0.03974
Week 4,31 Oct 2017,0.03968,0.03972

Week 1,07 Nov 2017,0.03980,0.03982
Week 2,14 Nov 2017,0.03979,0.03983
Week 3,21 Nov 2017,0.04017,0.04022
Week 4,28 Nov 2017,0.04004,0.04008

Week 1,05 Dec 2017,0.03977,0.03979



