MEX->RUB

Week 1,01 Dec 1998,1.98367,2.01130
Week 2,08 Dec 1998,2.10977,2.14661
Week 3,15 Dec 1998,2.20712,2.23366
Week 4,22 Dec 1998,2.10813,2.13835

Week 1,29 Dec 1998,2.11198,2.22593
Week 2,05 Jan 1999,2.34085,2.37733
Week 3,12 Jan 1999,2.20109,2.23732
Week 4,19 Jan 1999,2.24717,2.26710

Week 1,26 Jan 1999,2.26326,2.27662
Week 2,02 Feb 1999,2.30159,2.31318
Week 3,09 Feb 1999,2.30108,2.31276
Week 4,16 Feb 1999,2.31747,2.33451

Week 1,23 Feb 1999,2.31537,2.33132
Week 2,02 Mar 1999,2.35137,2.36262
Week 3,09 Mar 1999,2.39993,2.41465
Week 4,16 Mar 1999,2.46736,2.48400

Week 1,23 Mar 1999,2.69214,2.74408
Week 2,30 Mar 1999,2.69860,2.73214
Week 3,06 Apr 1999,2.72134,2.75184
Week 4,13 Apr 1999,2.69092,2.70899

Week 1,20 Apr 1999,2.66390,2.69485
Week 2,27 Apr 1999,2.64507,2.67164
Week 3,04 May 1999,2.59129,2.61962
Week 4,11 May 1999,2.67908,2.72754

Week 1,18 May 1999,2.64443,2.65949
Week 2,25 May 1999,2.53581,2.55119
Week 3,01 Jun 1999,2.54705,2.55653
Week 4,08 Jun 1999,2.54704,2.56182

Week 1,15 Jun 1999,2.58987,2.60531
Week 2,22 Jun 1999,2.57458,2.59025
Week 3,29 Jun 1999,2.59451,2.61093
Week 4,06 Jul 1999,2.61069,2.63218

Week 1,13 Jul 1999,2.59890,2.61721
Week 2,20 Jul 1999,2.58564,2.60500
Week 3,27 Jul 1999,2.57766,2.58816
Week 4,03 Aug 1999,2.57022,2.57597

Week 1,10 Aug 1999,2.63289,2.65184
Week 2,17 Aug 1999,2.64437,2.66293
Week 3,24 Aug 1999,2.64796,2.66412
Week 4,31 Aug 1999,2.72423,2.74307

Week 1,07 Sep 1999,2.75734,2.78349
Week 2,14 Sep 1999,2.71990,2.74307
Week 3,21 Sep 1999,2.71414,2.72794
Week 4,28 Sep 1999,2.69090,2.71681

Week 1,05 Oct 1999,2.72051,2.73219
Week 2,12 Oct 1999,2.72153,2.72720
Week 3,19 Oct 1999,2.67297,2.68473
Week 4,26 Oct 1999,2.70279,2.71271

Week 1,02 Nov 1999,2.75774,2.77412
Week 2,09 Nov 1999,2.79260,2.80261
Week 3,16 Nov 1999,2.82399,2.83428
Week 4,23 Nov 1999,2.83273,2.84528

Week 1,30 Nov 1999,2.83235,2.86559
Week 2,07 Dec 1999,2.84875,2.85907
Week 3,14 Dec 1999,2.86412,2.87208
Week 4,21 Dec 1999,2.85486,2.86347

Week 1,28 Dec 1999,2.88402,2.89647
Week 2,04 Jan 2000,2.87871,2.89775
Week 3,11 Jan 2000,3.00948,3.02484
Week 4,18 Jan 2000,3.02297,3.03282

Week 1,25 Jan 2000,2.98580,2.99499
Week 2,01 Feb 2000,3.01825,3.02671
Week 3,08 Feb 2000,3.05075,3.06003
Week 4,15 Feb 2000,3.06710,3.07463

Week 1,22 Feb 2000,3.05971,3.06825
Week 2,29 Feb 2000,3.06221,3.07053
Week 3,07 Mar 2000,3.06521,3.07303
Week 4,14 Mar 2000,3.04709,3.05565

Week 1,21 Mar 2000,3.06538,3.07418
Week 2,28 Mar 2000,3.07993,3.08780
Week 3,04 Apr 2000,3.07647,3.08439
Week 4,11 Apr 2000,3.02053,3.02901

Week 1,18 Apr 2000,3.03906,3.04807
Week 2,25 Apr 2000,3.02277,3.03119
Week 3,02 May 2000,3.01594,3.02296
Week 4,09 May 2000,2.95818,2.96494

Week 1,16 May 2000,2.96231,2.96843
Week 2,23 May 2000,2.96573,2.97407
Week 3,30 May 2000,2.97121,2.97889
Week 4,06 Jun 2000,2.87735,2.88750

Week 1,13 Jun 2000,2.87374,2.88311
Week 2,20 Jun 2000,2.84247,2.85080
Week 3,27 Jun 2000,2.82856,2.83946
Week 4,04 Jul 2000,2.93859,2.94566

Week 1,11 Jul 2000,2.95666,2.96258
Week 2,18 Jul 2000,2.95392,2.95881
Week 3,25 Jul 2000,2.95693,2.96868
Week 4,01 Aug 2000,2.96915,2.97595

Week 1,08 Aug 2000,2.97608,2.98164
Week 2,15 Aug 2000,2.99815,3.00387
Week 3,22 Aug 2000,2.99868,3.00337
Week 4,29 Aug 2000,3.00994,3.01460

Week 1,05 Sep 2000,2.99521,3.00029
Week 2,12 Sep 2000,2.97697,2.98141
Week 3,19 Sep 2000,2.95116,2.95595
Week 4,26 Sep 2000,2.94224,2.94754

Week 1,03 Oct 2000,2.94708,2.95313
Week 2,10 Oct 2000,2.93175,2.93616
Week 3,17 Oct 2000,2.92178,2.92564
Week 4,24 Oct 2000,2.89441,2.90050

Week 1,31 Oct 2000,2.89541,2.90046
Week 2,07 Nov 2000,2.89000,2.89562
Week 3,14 Nov 2000,2.92830,2.93466
Week 4,21 Nov 2000,2.96480,2.97023

Week 1,28 Nov 2000,2.96127,2.96786
Week 2,05 Dec 2000,2.96410,2.97142
Week 3,12 Dec 2000,2.96281,2.96814
Week 4,19 Dec 2000,2.93467,2.94222

Week 1,26 Dec 2000,2.95264,2.95935
Week 2,02 Jan 2001,2.92303,2.92876
Week 3,09 Jan 2001,2.88186,2.88732
Week 4,16 Jan 2001,2.87782,2.88272

Week 1,23 Jan 2001,2.92571,2.93041
Week 2,30 Jan 2001,2.92196,2.92779
Week 3,06 Feb 2001,2.93777,2.94321
Week 4,13 Feb 2001,2.95363,2.96001

Week 1,20 Feb 2001,2.96015,2.96592
Week 2,27 Feb 2001,2.96371,2.96873
Week 3,06 Mar 2001,2.97012,2.97506
Week 4,13 Mar 2001,2.98498,2.99014

Week 1,20 Mar 2001,3.00467,3.01012
Week 2,27 Mar 2001,3.02716,3.03181
Week 3,03 Apr 2001,3.06443,3.07065
Week 4,10 Apr 2001,3.09806,3.10440

Week 1,17 Apr 2001,3.09836,3.10349
Week 2,24 Apr 2001,3.10772,3.11357
Week 3,01 May 2001,3.12134,3.12828
Week 4,08 May 2001,3.14502,3.15058

Week 1,15 May 2001,3.19882,3.20614
Week 2,22 May 2001,3.20935,3.21538
Week 3,29 May 2001,3.17850,3.18580
Week 4,05 Jun 2001,3.20400,3.21053

Week 1,12 Jun 2001,3.21198,3.21989
Week 2,19 Jun 2001,3.21105,3.21780
Week 3,26 Jun 2001,3.21666,3.22512
Week 4,03 Jul 2001,3.20979,3.21533

Week 1,10 Jul 2001,3.14777,3.15583
Week 2,17 Jul 2001,3.18098,3.18972
Week 3,24 Jul 2001,3.19377,3.20083
Week 4,31 Jul 2001,3.19604,3.20296

Week 1,07 Aug 2001,3.21871,3.22652
Week 2,14 Aug 2001,3.21972,3.22668
Week 3,21 Aug 2001,3.21923,3.22675
Week 4,28 Aug 2001,3.20117,3.20755

Week 1,04 Sep 2001,3.16702,3.17308
Week 2,11 Sep 2001,3.09241,3.09661
Week 3,18 Sep 2001,3.12119,3.12249
Week 4,25 Sep 2001,3.10257,3.10843

Week 1,02 Oct 2001,3.07644,3.08760
Week 2,09 Oct 2001,3.12987,3.14399
Week 3,16 Oct 2001,3.19834,3.21264
Week 4,23 Oct 2001,3.19113,3.20294

Week 1,30 Oct 2001,3.20076,3.21292
Week 2,06 Nov 2001,3.21733,3.23433
Week 3,13 Nov 2001,3.21891,3.22971
Week 4,20 Nov 2001,3.25156,3.26225

Week 1,27 Nov 2001,3.22283,3.23436
Week 2,04 Dec 2001,3.23106,3.24310
Week 3,11 Dec 2001,3.27859,3.29359
Week 4,18 Dec 2001,3.29114,3.30190

Week 1,25 Dec 2001,3.31109,3.32774
Week 2,01 Jan 2002,3.33385,3.35280
Week 3,08 Jan 2002,3.30536,3.31929
Week 4,15 Jan 2002,3.32829,3.34356

Week 1,22 Jan 2002,3.34351,3.35696
Week 2,29 Jan 2002,3.34864,3.35799
Week 3,05 Feb 2002,3.36022,3.37380
Week 4,12 Feb 2002,3.39743,3.41121

Week 1,19 Feb 2002,3.39565,3.40764
Week 2,26 Feb 2002,3.40092,3.41283
Week 3,05 Mar 2002,3.41507,3.42789
Week 4,12 Mar 2002,3.41444,3.42708

Week 1,19 Mar 2002,3.43406,3.44835
Week 2,26 Mar 2002,3.44510,3.46454
Week 3,02 Apr 2002,3.45229,3.46457
Week 4,09 Apr 2002,3.43237,3.45245

Week 1,16 Apr 2002,3.36406,3.38529
Week 2,23 Apr 2002,3.34413,3.35659
Week 3,30 Apr 2002,3.30094,3.31334
Week 4,07 May 2002,3.28469,3.29928

Week 1,14 May 2002,3.28979,3.30178
Week 2,21 May 2002,3.27746,3.28745
Week 3,28 May 2002,3.24402,3.25414
Week 4,04 Jun 2002,3.21946,3.23044

Week 1,11 Jun 2002,3.24311,3.25653
Week 2,18 Jun 2002,3.19549,3.20756
Week 3,25 Jun 2002,3.16759,3.17830
Week 4,02 Jul 2002,3.16806,3.17973

Week 1,09 Jul 2002,3.21973,3.23191
Week 2,16 Jul 2002,3.24749,3.26141
Week 3,23 Jul 2002,3.24714,3.25897
Week 4,30 Jul 2002,3.21179,3.22490

Week 1,06 Aug 2002,3.23364,3.24464
Week 2,13 Aug 2002,3.19044,3.20240
Week 3,20 Aug 2002,3.21233,3.22511
Week 4,27 Aug 2002,3.18145,3.19289

Week 1,03 Sep 2002,3.16246,3.17563
Week 2,10 Sep 2002,3.17258,3.17992
Week 3,17 Sep 2002,3.11732,3.13217
Week 4,24 Sep 2002,3.09801,3.10743

Week 1,01 Oct 2002,3.11652,3.12412
Week 2,08 Oct 2002,3.11228,3.12732
Week 3,15 Oct 2002,3.15407,3.16554
Week 4,22 Oct 2002,3.19602,3.21137

Week 1,29 Oct 2002,3.11876,3.13016
Week 2,05 Nov 2002,3.09669,3.10585
Week 3,12 Nov 2002,3.09921,3.10954
Week 4,19 Nov 2002,3.13853,3.14782

Week 1,26 Nov 2002,3.12993,3.13903
Week 2,03 Dec 2002,3.11448,3.12605
Week 3,10 Dec 2002,3.11812,3.13158
Week 4,17 Dec 2002,3.11688,3.12969

Week 1,24 Dec 2002,3.10022,3.10878
Week 2,31 Dec 2002,3.06986,3.08039
Week 3,07 Jan 2003,3.04469,3.05772
Week 4,14 Jan 2003,3.01197,3.02490

Week 1,21 Jan 2003,2.93288,2.94893
Week 2,28 Jan 2003,2.90768,2.92093
Week 3,04 Feb 2003,2.89983,2.91518
Week 4,11 Feb 2003,2.89272,2.90499

Week 1,18 Feb 2003,2.88983,2.90145
Week 2,25 Feb 2003,2.85795,2.86774
Week 3,04 Mar 2003,2.83009,2.83804
Week 4,11 Mar 2003,2.87885,2.89264

Week 1,18 Mar 2003,2.90290,2.91270
Week 2,25 Mar 2003,2.92348,2.93628
Week 3,01 Apr 2003,2.91976,2.93132
Week 4,08 Apr 2003,2.91836,2.92889

Week 1,15 Apr 2003,2.94517,2.95576
Week 2,22 Apr 2003,2.96722,2.97812
Week 3,29 Apr 2003,3.02828,3.03966
Week 4,06 May 2003,3.05059,3.06032

Week 1,13 May 2003,3.00689,3.01587
Week 2,20 May 2003,2.99785,3.00494
Week 3,27 May 2003,2.96803,2.97548
Week 4,03 Jun 2003,2.90328,2.90929

Week 1,10 Jun 2003,2.87706,2.88551
Week 2,17 Jun 2003,2.88264,2.89232
Week 3,24 Jun 2003,2.89996,2.90943
Week 4,01 Jul 2003,2.89700,2.90727

Week 1,08 Jul 2003,2.90436,2.91160
Week 2,15 Jul 2003,2.92828,2.93730
Week 3,22 Jul 2003,2.88410,2.89459
Week 4,29 Jul 2003,2.87148,2.88098

Week 1,05 Aug 2003,2.83633,2.84285
Week 2,12 Aug 2003,2.82158,2.83456
Week 3,19 Aug 2003,2.79066,2.80059
Week 4,26 Aug 2003,2.76430,2.77377

Week 1,02 Sep 2003,2.79831,2.80737
Week 2,09 Sep 2003,2.78878,2.79755
Week 3,16 Sep 2003,2.80233,2.81119
Week 4,23 Sep 2003,2.79381,2.79890

Week 1,30 Sep 2003,2.73849,2.74546
Week 2,07 Oct 2003,2.68875,2.69760
Week 3,14 Oct 2003,2.67781,2.68548
Week 4,21 Oct 2003,2.67846,2.68452

Week 1,28 Oct 2003,2.70661,2.71340
Week 2,04 Nov 2003,2.70981,2.71904
Week 3,11 Nov 2003,2.68603,2.69167
Week 4,18 Nov 2003,2.65700,2.66559

Week 1,25 Nov 2003,2.61495,2.62485
Week 2,02 Dec 2003,2.63328,2.64002
Week 3,09 Dec 2003,2.62285,2.62838
Week 4,16 Dec 2003,2.60007,2.60673

Week 1,23 Dec 2003,2.60202,2.60551
Week 2,30 Dec 2003,2.61961,2.62584
Week 3,06 Jan 2004,2.67052,2.67992
Week 4,13 Jan 2004,2.65648,2.66555

Week 1,20 Jan 2004,2.61996,2.62624
Week 2,27 Jan 2004,2.57526,2.58630
Week 3,03 Feb 2004,2.56279,2.57336
Week 4,10 Feb 2004,2.58063,2.58891

Week 1,17 Feb 2004,2.59812,2.60818
Week 2,24 Feb 2004,2.57386,2.58198
Week 3,02 Mar 2004,2.60271,2.61134
Week 4,09 Mar 2004,2.60140,2.60874

Week 1,16 Mar 2004,2.59294,2.60051
Week 2,23 Mar 2004,2.57305,2.58101
Week 3,30 Mar 2004,2.54449,2.55530
Week 4,06 Apr 2004,2.54512,2.55354

Week 1,13 Apr 2004,2.53835,2.54603
Week 2,20 Apr 2004,2.54738,2.55685
Week 3,27 Apr 2004,2.53973,2.54957
Week 4,04 May 2004,2.51508,2.52176

Week 1,11 May 2004,2.49551,2.50383
Week 2,18 May 2004,2.50239,2.51283
Week 3,25 May 2004,2.52964,2.54086
Week 4,01 Jun 2004,2.53355,2.54319

Week 1,08 Jun 2004,2.55079,2.55966
Week 2,15 Jun 2004,2.54800,2.55825
Week 3,22 Jun 2004,2.55543,2.56513
Week 4,29 Jun 2004,2.52352,2.53581

Week 1,06 Jul 2004,2.52441,2.53497
Week 2,13 Jul 2004,2.53424,2.54843
Week 3,20 Jul 2004,2.53837,2.54921
Week 4,27 Jul 2004,2.53574,2.54691

Week 1,03 Aug 2004,2.55007,2.56249
Week 2,10 Aug 2004,2.55897,2.57138
Week 3,17 Aug 2004,2.57010,2.58163
Week 4,24 Aug 2004,2.56054,2.57342

Week 1,31 Aug 2004,2.54211,2.55321
Week 2,07 Sep 2004,2.51465,2.52825
Week 3,14 Sep 2004,2.53087,2.54609
Week 4,21 Sep 2004,2.55177,2.56406

Week 1,28 Sep 2004,2.56224,2.57212
Week 2,05 Oct 2004,2.58416,2.60125
Week 3,12 Oct 2004,2.56141,2.57454
Week 4,19 Oct 2004,2.52453,2.53595

Week 1,26 Oct 2004,2.48784,2.49895
Week 2,02 Nov 2004,2.51209,2.52460
Week 3,09 Nov 2004,2.51048,2.52300
Week 4,16 Nov 2004,2.50984,2.52285

Week 1,23 Nov 2004,2.50698,2.52130
Week 2,30 Nov 2004,2.50287,2.51539
Week 3,07 Dec 2004,2.47963,2.49134
Week 4,14 Dec 2004,2.48334,2.49501

Week 1,21 Dec 2004,2.49352,2.50541
Week 2,28 Dec 2004,2.47865,2.49001
Week 3,04 Jan 2005,2.45078,2.46207
Week 4,11 Jan 2005,2.48423,2.49235

Week 1,18 Jan 2005,2.49354,2.50523
Week 2,25 Jan 2005,2.48872,2.49691
Week 3,01 Feb 2005,2.50590,2.51760
Week 4,08 Feb 2005,2.51284,2.52369

Week 1,15 Feb 2005,2.51069,2.51868
Week 2,22 Feb 2005,2.50137,2.50991
Week 3,01 Mar 2005,2.49646,2.50661
Week 4,08 Mar 2005,2.49215,2.49953

Week 1,15 Mar 2005,2.45374,2.46027
Week 2,22 Mar 2005,2.45252,2.45904
Week 3,29 Mar 2005,2.47946,2.48630
Week 4,05 Apr 2005,2.49031,2.49591

Week 1,12 Apr 2005,2.50545,2.51238
Week 2,19 Apr 2005,2.50412,2.50844
Week 3,26 Apr 2005,2.50508,2.51082
Week 4,03 May 2005,2.53097,2.53842

Week 1,10 May 2005,2.52834,2.53869
Week 2,17 May 2005,2.54858,2.55598
Week 3,24 May 2005,2.56329,2.56918
Week 4,31 May 2005,2.60870,2.61254

Week 1,07 Jun 2005,2.61448,2.61923
Week 2,14 Jun 2005,2.63490,2.64430
Week 3,21 Jun 2005,2.65190,2.65844
Week 4,28 Jun 2005,2.65911,2.66503

Week 1,05 Jul 2005,2.67376,2.67990
Week 2,12 Jul 2005,2.68965,2.69365
Week 3,19 Jul 2005,2.69226,2.70337
Week 4,26 Jul 2005,2.69102,2.69521

Week 1,02 Aug 2005,2.68585,2.68987
Week 2,09 Aug 2005,2.66603,2.67118
Week 3,16 Aug 2005,2.66613,2.67150
Week 4,23 Aug 2005,2.62908,2.63185

Week 1,30 Aug 2005,2.64285,2.64650
Week 2,06 Sep 2005,2.63464,2.64437
Week 3,13 Sep 2005,2.62288,2.63012
Week 4,20 Sep 2005,2.62264,2.62538

Week 1,27 Sep 2005,2.63472,2.63993
Week 2,04 Oct 2005,2.65010,2.65376
Week 3,11 Oct 2005,2.62280,2.62741
Week 4,18 Oct 2005,2.63101,2.63584

Week 1,25 Oct 2005,2.62058,2.62421
Week 2,01 Nov 2005,2.65433,2.65901
Week 3,08 Nov 2005,2.69246,2.69815
Week 4,15 Nov 2005,2.70241,2.70926

Week 1,22 Nov 2005,2.70713,2.71362
Week 2,29 Nov 2005,2.73263,2.74019
Week 3,06 Dec 2005,2.75034,2.75829
Week 4,13 Dec 2005,2.68010,2.68761

Week 1,20 Dec 2005,2.68469,2.69228
Week 2,27 Dec 2005,2.68570,2.69443
Week 3,03 Jan 2006,2.70298,2.71180
Week 4,10 Jan 2006,2.69064,2.69801

Week 1,17 Jan 2006,2.67596,2.68331
Week 2,24 Jan 2006,2.66590,2.67195
Week 3,31 Jan 2006,2.68823,2.69483
Week 4,07 Feb 2006,2.68482,2.69218

Week 1,14 Feb 2006,2.68520,2.69148
Week 2,21 Feb 2006,2.68861,2.69588
Week 3,28 Feb 2006,2.66040,2.66681
Week 4,07 Mar 2006,2.61998,2.62512

Week 1,14 Mar 2006,2.59941,2.60642
Week 2,21 Mar 2006,2.56011,2.56604
Week 3,28 Mar 2006,2.54865,2.55483
Week 4,04 Apr 2006,2.50607,2.51072

Week 1,11 Apr 2006,2.49459,2.50091
Week 2,18 Apr 2006,2.49147,2.49632
Week 3,25 Apr 2006,2.46200,2.46721
Week 4,02 May 2006,2.46573,2.47181

Week 1,09 May 2006,2.45948,2.46475
Week 2,16 May 2006,2.42054,2.42667
Week 3,23 May 2006,2.41098,2.41757
Week 4,30 May 2006,2.38810,2.39466

Week 1,06 Jun 2006,2.36921,2.37164
Week 2,13 Jun 2006,2.35996,2.36621
Week 3,20 Jun 2006,2.36355,2.36991
Week 4,27 Jun 2006,2.36691,2.37332

Week 1,04 Jul 2006,2.41732,2.42386
Week 2,11 Jul 2006,2.44400,2.45051
Week 3,18 Jul 2006,2.45905,2.46536
Week 4,25 Jul 2006,2.46148,2.46885

Week 1,01 Aug 2006,2.44181,2.44812
Week 2,08 Aug 2006,2.46229,2.46886
Week 3,15 Aug 2006,2.47407,2.48083
Week 4,22 Aug 2006,2.45288,2.45958

Week 1,29 Aug 2006,2.45234,2.45884
Week 2,05 Sep 2006,2.43805,2.44502
Week 3,12 Sep 2006,2.43542,2.44226
Week 4,19 Sep 2006,2.42840,2.43526

Week 1,26 Sep 2006,2.42572,2.43246
Week 2,03 Oct 2006,2.42868,2.43472
Week 3,10 Oct 2006,2.45475,2.46154
Week 4,17 Oct 2006,2.47920,2.48593

Week 1,24 Oct 2006,2.48481,2.49165
Week 2,31 Oct 2006,2.47347,2.48010
Week 3,07 Nov 2006,2.45193,2.45852
Week 4,14 Nov 2006,2.44316,2.44945

Week 1,21 Nov 2006,2.41253,2.41739
Week 2,28 Nov 2006,2.38136,2.38615
Week 3,05 Dec 2006,2.40895,2.41404
Week 4,12 Dec 2006,2.43298,2.43826

Week 1,19 Dec 2006,2.42679,2.43146
Week 2,26 Dec 2006,2.42442,2.43040
Week 3,02 Jan 2007,2.42678,2.43274
Week 4,09 Jan 2007,2.41517,2.41958

Week 1,16 Jan 2007,2.42653,2.43111
Week 2,23 Jan 2007,2.41482,2.41933
Week 3,30 Jan 2007,2.40750,2.41196
Week 4,06 Feb 2007,2.40952,2.41403

Week 1,13 Feb 2007,2.39097,2.39518
Week 2,20 Feb 2007,2.37792,2.38221
Week 3,27 Feb 2007,2.34268,2.34524
Week 4,06 Mar 2007,2.34832,2.35271

Week 1,13 Mar 2007,2.33537,2.33979
Week 2,20 Mar 2007,2.35102,2.35549
Week 3,27 Mar 2007,2.35314,2.35752
Week 4,03 Apr 2007,2.35908,2.36422

Week 1,10 Apr 2007,2.34972,2.35499
Week 2,17 Apr 2007,2.34129,2.34558
Week 3,24 Apr 2007,2.34665,2.35105
Week 4,01 May 2007,2.35608,2.36045

Week 1,08 May 2007,2.38070,2.38518
Week 2,15 May 2007,2.38728,2.39179
Week 3,22 May 2007,2.39616,2.40065
Week 4,29 May 2007,2.40463,2.40930

Week 1,05 Jun 2007,2.38391,2.38832
Week 2,12 Jun 2007,2.38777,2.39221
Week 3,19 Jun 2007,2.39759,2.40212
Week 4,26 Jun 2007,2.38047,2.38495

Week 1,03 Jul 2007,2.38255,2.38715
Week 2,10 Jul 2007,2.36632,2.37078
Week 3,17 Jul 2007,2.35914,2.36336
Week 4,24 Jul 2007,2.33826,2.34255

Week 1,31 Jul 2007,2.32645,2.33069
Week 2,07 Aug 2007,2.31606,2.32024
Week 3,14 Aug 2007,2.31143,2.31553
Week 4,21 Aug 2007,2.32559,2.32978

Week 1,28 Aug 2007,2.31785,2.32221
Week 2,04 Sep 2007,2.31145,2.31573
Week 3,11 Sep 2007,2.28377,2.28797
Week 4,18 Sep 2007,2.28186,2.28614

Week 1,25 Sep 2007,2.27893,2.28330
Week 2,02 Oct 2007,2.28969,2.29399
Week 3,09 Oct 2007,2.30280,2.30707
Week 4,16 Oct 2007,2.29815,2.30243

Week 1,23 Oct 2007,2.29652,2.30082
Week 2,30 Oct 2007,2.30472,2.30746
Week 3,06 Nov 2007,2.26949,2.27382
Week 4,13 Nov 2007,2.24320,2.24732

Week 1,20 Nov 2007,2.21757,2.22165
Week 2,27 Nov 2007,2.22623,2.23084
Week 3,04 Dec 2007,2.25262,2.25692
Week 4,11 Dec 2007,2.26389,2.26828

Week 1,18 Dec 2007,2.28035,2.28518
Week 2,25 Dec 2007,2.26439,2.27123
Week 3,01 Jan 2008,2.24120,2.24758
Week 4,08 Jan 2008,2.23049,2.23493

Week 1,15 Jan 2008,2.23388,2.23811
Week 2,22 Jan 2008,2.24972,2.25446
Week 3,29 Jan 2008,2.25527,2.25940
Week 4,05 Feb 2008,2.28354,2.28790

Week 1,12 Feb 2008,2.28738,2.29176
Week 2,19 Feb 2008,2.27333,2.27771
Week 3,26 Feb 2008,2.25009,2.25437
Week 4,04 Mar 2008,2.22134,2.22553

Week 1,11 Mar 2008,2.19630,2.20050
Week 2,18 Mar 2008,2.20438,2.20880
Week 3,25 Mar 2008,2.20192,2.20685
Week 4,01 Apr 2008,2.22356,2.22816

Week 1,08 Apr 2008,2.22602,2.23004
Week 2,15 Apr 2008,2.23508,2.23953
Week 3,22 Apr 2008,2.24174,2.24619
Week 4,29 Apr 2008,2.26111,2.26564

Week 1,06 May 2008,2.25456,2.25921
Week 2,13 May 2008,2.27103,2.27559
Week 3,20 May 2008,2.27230,2.27711
Week 4,27 May 2008,2.28194,2.28684

Week 1,03 Jun 2008,2.28962,2.29395
Week 2,10 Jun 2008,2.28274,2.28751
Week 3,17 Jun 2008,2.29026,2.29492
Week 4,24 Jun 2008,2.28184,2.28641

Week 1,01 Jul 2008,2.26601,2.27054
Week 2,08 Jul 2008,2.26567,2.27020
Week 3,15 Jul 2008,2.26342,2.26794
Week 4,22 Jul 2008,2.31090,2.31571

Week 1,29 Jul 2008,2.34071,2.34546
Week 2,05 Aug 2008,2.37398,2.37843
Week 3,12 Aug 2008,2.39879,2.40333
Week 4,19 Aug 2008,2.40557,2.40918

Week 1,26 Aug 2008,2.40673,2.41127
Week 2,02 Sep 2008,2.41526,2.42000
Week 3,09 Sep 2008,2.42272,2.42736
Week 4,16 Sep 2008,2.37116,2.37696

Week 1,23 Sep 2008,2.32879,2.33416
Week 2,30 Sep 2008,2.32215,2.32768
Week 3,07 Oct 2008,2.08984,2.09489
Week 4,14 Oct 2008,2.05645,2.06849

Week 1,21 Oct 2008,1.99952,2.01601
Week 2,28 Oct 2008,2.07132,2.09382
Week 3,04 Nov 2008,2.10208,2.11533
Week 4,11 Nov 2008,2.10546,2.11761

Week 1,18 Nov 2008,2.03956,2.04770
Week 2,25 Nov 2008,2.05397,2.07633
Week 3,02 Dec 2008,2.05043,2.07256
Week 4,09 Dec 2008,2.05258,2.07192

Week 1,16 Dec 2008,2.08530,2.11560
Week 2,23 Dec 2008,2.13815,2.15660
Week 3,30 Dec 2008,2.12535,2.16683
Week 4,06 Jan 2009,2.14426,2.18597

Week 1,13 Jan 2009,2.28390,2.31445
Week 2,20 Jan 2009,2.34433,2.37038
Week 3,27 Jan 2009,2.41983,2.43989
Week 4,03 Feb 2009,2.50595,2.53004

Week 1,10 Feb 2009,2.41796,2.44871
Week 2,17 Feb 2009,2.43064,2.45448
Week 3,24 Feb 2009,2.37374,2.40398
Week 4,03 Mar 2009,2.33872,2.36901

Week 1,10 Mar 2009,2.32592,2.35937
Week 2,17 Mar 2009,2.38534,2.40638
Week 3,24 Mar 2009,2.33897,2.36015
Week 4,31 Mar 2009,2.39933,2.43472

Week 1,07 Apr 2009,2.50902,2.52422
Week 2,14 Apr 2009,2.53140,2.57004
Week 3,21 Apr 2009,2.52157,2.55879
Week 4,28 Apr 2009,2.39613,2.41167

Week 1,05 May 2009,2.45515,2.49050
Week 2,12 May 2009,2.41864,2.44199
Week 3,19 May 2009,2.39692,2.41426
Week 4,26 May 2009,2.34660,2.36726

Week 1,02 Jun 2009,2.31325,2.33795
Week 2,09 Jun 2009,2.29829,2.31645
Week 3,16 Jun 2009,2.31505,2.33423
Week 4,23 Jun 2009,2.34248,2.36367

Week 1,30 Jun 2009,2.34990,2.37882
Week 2,07 Jul 2009,2.36734,2.38247
Week 3,14 Jul 2009,2.35652,2.36825
Week 4,21 Jul 2009,2.33798,2.35234

Week 1,28 Jul 2009,2.35885,2.36988
Week 2,04 Aug 2009,2.39706,2.40933
Week 3,11 Aug 2009,2.46337,2.47787
Week 4,18 Aug 2009,2.45789,2.48392

Week 1,25 Aug 2009,2.39862,2.41825
Week 2,01 Sep 2009,2.35902,2.36591
Week 3,08 Sep 2009,2.31471,2.32036
Week 4,15 Sep 2009,2.29028,2.30208

Week 1,22 Sep 2009,2.23256,2.25162
Week 2,29 Sep 2009,2.20417,2.22301
Week 3,06 Oct 2009,2.21118,2.22273
Week 4,13 Oct 2009,2.23164,2.25228

Week 1,20 Oct 2009,2.23265,2.23896
Week 2,27 Oct 2009,2.19843,2.21884
Week 3,03 Nov 2009,2.18513,2.19080
Week 4,10 Nov 2009,2.18284,2.18891

Week 1,17 Nov 2009,2.20696,2.21346
Week 2,24 Nov 2009,2.24206,2.24843
Week 3,01 Dec 2009,2.29505,2.30075
Week 4,08 Dec 2009,2.34983,2.35564

Week 1,15 Dec 2009,2.37355,2.37983
Week 2,22 Dec 2009,2.32096,2.32983
Week 3,29 Dec 2009,2.30007,2.31456
Week 4,05 Jan 2010,2.34081,2.35095

Week 1,12 Jan 2010,2.31563,2.32480
Week 2,19 Jan 2010,2.31740,2.32338
Week 3,26 Jan 2010,2.33113,2.33853
Week 4,02 Feb 2010,2.31743,2.32291

Week 1,09 Feb 2010,2.32038,2.32598
Week 2,16 Feb 2010,2.32807,2.34863
Week 3,23 Feb 2010,2.32961,2.34958
Week 4,02 Mar 2010,2.33200,2.36940

Week 1,09 Mar 2010,2.34033,2.34445
Week 2,16 Mar 2010,2.33449,2.33900
Week 3,23 Mar 2010,2.35802,2.36230
Week 4,30 Mar 2010,2.36791,2.39009

Week 1,06 Apr 2010,2.38927,2.39386
Week 2,13 Apr 2010,2.36568,2.38712
Week 3,20 Apr 2010,2.38553,2.38813
Week 4,27 Apr 2010,2.37429,2.38839

Week 1,04 May 2010,2.35314,2.39230
Week 2,11 May 2010,2.41297,2.41765
Week 3,18 May 2010,2.39581,2.40080
Week 4,25 May 2010,2.38069,2.38905

Week 1,01 Jun 2010,2.40126,2.44242
Week 2,08 Jun 2010,2.47152,2.47617
Week 3,15 Jun 2010,2.46468,2.49035
Week 4,22 Jun 2010,2.45253,2.45703

Week 1,29 Jun 2010,2.38619,2.42485
Week 2,06 Jul 2010,2.40298,2.40779
Week 3,13 Jul 2010,2.36746,2.40555
Week 4,20 Jul 2010,2.36819,2.38932

Week 1,27 Jul 2010,2.37509,2.39672
Week 2,03 Aug 2010,2.36434,2.36849
Week 3,10 Aug 2010,2.38412,2.39005
Week 4,17 Aug 2010,2.39282,2.41572

Week 1,24 Aug 2010,2.35684,2.37920
Week 2,31 Aug 2010,2.34992,2.35541
Week 3,07 Sep 2010,2.37475,2.38004
Week 4,14 Sep 2010,2.39273,2.43251

Week 1,21 Sep 2010,2.44277,2.44885
Week 2,28 Sep 2010,2.43156,2.43763
Week 3,05 Oct 2010,2.39118,2.41305
Week 4,12 Oct 2010,2.42245,2.43191

Week 1,19 Oct 2010,2.45614,2.46240
Week 2,26 Oct 2010,2.47127,2.47788
Week 3,02 Nov 2010,2.49887,2.50736
Week 4,09 Nov 2010,2.49833,2.50677

Week 1,16 Nov 2010,2.52139,2.52985
Week 2,23 Nov 2010,2.51880,2.52646
Week 3,30 Nov 2010,2.52227,2.52888
Week 4,07 Dec 2010,2.49403,2.50058

Week 1,14 Dec 2010,2.46605,2.49024
Week 2,21 Dec 2010,2.47216,2.47915
Week 3,28 Dec 2010,2.45718,2.46606
Week 4,04 Jan 2011,2.50040,2.50759

Week 1,11 Jan 2011,2.49172,2.49887
Week 2,18 Jan 2011,2.46898,2.49444
Week 3,25 Jan 2011,2.45709,2.46387
Week 4,01 Feb 2011,2.43605,2.46888

Week 1,08 Feb 2011,2.43089,2.43743
Week 2,15 Feb 2011,2.42119,2.42741
Week 3,22 Feb 2011,2.39566,2.40221
Week 4,01 Mar 2011,2.35373,2.35950

Week 1,08 Mar 2011,2.37239,2.37841
Week 2,15 Mar 2011,2.37398,2.38134
Week 3,22 Mar 2011,2.35473,2.36923
Week 4,29 Mar 2011,2.38037,2.38846

Week 1,05 Apr 2011,2.38669,2.39454
Week 2,12 Apr 2011,2.39260,2.40028
Week 3,19 Apr 2011,2.41009,2.41740
Week 4,26 Apr 2011,2.38847,2.39599

Week 1,03 May 2011,2.36729,2.37547
Week 2,10 May 2011,2.39031,2.39858
Week 3,17 May 2011,2.39926,2.40565
Week 4,24 May 2011,2.41653,2.42416

Week 1,31 May 2011,2.39596,2.40501
Week 2,07 Jun 2011,2.34108,2.37353
Week 3,14 Jun 2011,2.34985,2.36352
Week 4,21 Jun 2011,2.36627,2.37317

Week 1,28 Jun 2011,2.37938,2.38584
Week 2,05 Jul 2011,2.40419,2.41233
Week 3,12 Jul 2011,2.39434,2.40154
Week 4,19 Jul 2011,2.38669,2.40118

Week 1,26 Jul 2011,2.35843,2.36620
Week 2,02 Aug 2011,2.35036,2.35866
Week 3,09 Aug 2011,2.37280,2.38596
Week 4,16 Aug 2011,2.34006,2.37539

Week 1,23 Aug 2011,2.32607,2.33547
Week 2,30 Aug 2011,2.33010,2.34145
Week 3,06 Sep 2011,2.35984,2.36953
Week 4,13 Sep 2011,2.34558,2.35572

Week 1,20 Sep 2011,2.34563,2.35447
Week 2,27 Sep 2011,2.34527,2.35321
Week 3,04 Oct 2011,2.36549,2.37912
Week 4,11 Oct 2011,2.33407,2.36032

Week 1,18 Oct 2011,2.28554,2.31484
Week 2,25 Oct 2011,2.27391,2.28381
Week 3,01 Nov 2011,2.26136,2.27302
Week 4,08 Nov 2011,2.24523,2.26629

Week 1,15 Nov 2011,2.23787,2.27449
Week 2,22 Nov 2011,2.20876,2.24185
Week 3,29 Nov 2011,2.23955,2.27706
Week 4,06 Dec 2011,2.29003,2.32866

Week 1,13 Dec 2011,2.29103,2.30769
Week 2,20 Dec 2011,2.26655,2.29828
Week 3,27 Dec 2011,2.27085,2.28320
Week 4,03 Jan 2012,2.30728,2.33781

Week 1,10 Jan 2012,2.31694,2.35365
Week 2,17 Jan 2012,2.33980,2.38020
Week 3,24 Jan 2012,2.32533,2.36036
Week 4,31 Jan 2012,2.33889,2.37146

Week 1,07 Feb 2012,2.34601,2.36211
Week 2,14 Feb 2012,2.34000,2.35732
Week 3,21 Feb 2012,2.30073,2.30862
Week 4,28 Feb 2012,2.26941,2.28872

Week 1,06 Mar 2012,2.30076,2.31074
Week 2,13 Mar 2012,2.31933,2.32750
Week 3,20 Mar 2012,2.28632,2.31659
Week 4,27 Mar 2012,2.28927,2.29667

Week 1,03 Apr 2012,2.28675,2.29454
Week 2,10 Apr 2012,2.24752,2.27387
Week 3,17 Apr 2012,2.24101,2.24907
Week 4,24 Apr 2012,2.23831,2.24600

Week 1,01 May 2012,2.24336,2.28151
Week 2,08 May 2012,2.23542,2.25125
Week 3,15 May 2012,2.24081,2.24789
Week 4,22 May 2012,2.26823,2.27543

Week 1,29 May 2012,2.31578,2.33672
Week 2,05 Jun 2012,2.31928,2.33653
Week 3,12 Jun 2012,2.31619,2.34684
Week 4,19 Jun 2012,2.36281,2.39175

Week 1,26 Jun 2012,2.41181,2.42003
Week 2,03 Jul 2012,2.42261,2.45286
Week 3,10 Jul 2012,2.43668,2.46900
Week 4,17 Jul 2012,2.41851,2.44694

Week 1,24 Jul 2012,2.40222,2.41863
Week 2,31 Jul 2012,2.42763,2.43408
Week 3,07 Aug 2012,2.41284,2.41826
Week 4,14 Aug 2012,2.42823,2.43373

Week 1,21 Aug 2012,2.41672,2.42349
Week 2,28 Aug 2012,2.41788,2.44747
Week 3,04 Sep 2012,2.44468,2.45098
Week 4,11 Sep 2012,2.41128,2.42174

Week 1,18 Sep 2012,2.40409,2.43029
Week 2,25 Sep 2012,2.41717,2.42377
Week 3,02 Oct 2012,2.41691,2.43214
Week 4,09 Oct 2012,2.41174,2.42256

Week 1,16 Oct 2012,2.39621,2.41202
Week 2,23 Oct 2012,2.41220,2.41756
Week 3,30 Oct 2012,2.40459,2.41054
Week 4,06 Nov 2012,2.39954,2.41330

Week 1,13 Nov 2012,2.39351,2.40928
Week 2,20 Nov 2012,2.39098,2.40450
Week 3,27 Nov 2012,2.38029,2.39272
Week 4,04 Dec 2012,2.38224,2.40312

Week 1,11 Dec 2012,2.39802,2.41018
Week 2,18 Dec 2012,2.40150,2.40608
Week 3,25 Dec 2012,2.34521,2.35030
Week 4,01 Jan 2013,2.36573,2.37112

Week 1,08 Jan 2013,2.36951,2.39814
Week 2,15 Jan 2013,2.38933,2.40317
Week 3,22 Jan 2013,2.36910,2.38408
Week 4,29 Jan 2013,2.36061,2.36477

Week 1,05 Feb 2013,2.36883,2.37342
Week 2,12 Feb 2013,2.36576,2.37039
Week 3,19 Feb 2013,2.38007,2.38486
Week 4,26 Feb 2013,2.39283,2.39757

Week 1,05 Mar 2013,2.41529,2.42065
Week 2,12 Mar 2013,2.45595,2.46959
Week 3,19 Mar 2013,2.48697,2.49266
Week 4,26 Mar 2013,2.50773,2.51404

Week 1,02 Apr 2013,2.56033,2.56485
Week 2,09 Apr 2013,2.56201,2.56932
Week 3,16 Apr 2013,2.57669,2.58556
Week 4,23 Apr 2013,2.56029,2.58903

Week 1,30 Apr 2013,2.56117,2.56913
Week 2,07 May 2013,2.58535,2.59188
Week 3,14 May 2013,2.56270,2.56879
Week 4,21 May 2013,2.51799,2.52411

Week 1,28 May 2013,2.49056,2.50151
Week 2,04 Jun 2013,2.50635,2.51278
Week 3,11 Jun 2013,2.50523,2.51122
Week 4,18 Jun 2013,2.47169,2.47807

Week 1,25 Jun 2013,2.50175,2.50857
Week 2,02 Jul 2013,2.54774,2.55321
Week 3,09 Jul 2013,2.54883,2.55639
Week 4,16 Jul 2013,2.57517,2.58072

Week 1,23 Jul 2013,2.58057,2.58950
Week 2,30 Jul 2013,2.58374,2.59044
Week 3,06 Aug 2013,2.59974,2.60471
Week 4,13 Aug 2013,2.57642,2.58212

Week 1,20 Aug 2013,2.53065,2.53587
Week 2,27 Aug 2013,2.49419,2.50155
Week 3,03 Sep 2013,2.50696,2.51184
Week 4,10 Sep 2013,2.50272,2.50772

Week 1,17 Sep 2013,2.48816,2.49435
Week 2,24 Sep 2013,2.46688,2.47289
Week 3,01 Oct 2013,2.45214,2.45771
Week 4,08 Oct 2013,2.46119,2.46934

Week 1,15 Oct 2013,2.48138,2.48947
Week 2,22 Oct 2013,2.45852,2.46384
Week 3,29 Oct 2013,2.47447,2.48242
Week 4,05 Nov 2013,2.47164,2.47767

Week 1,12 Nov 2013,2.50254,2.50778
Week 2,19 Nov 2013,2.51957,2.52919
Week 3,26 Nov 2013,2.52664,2.53126
Week 4,03 Dec 2013,2.52609,2.53062

Week 1,10 Dec 2013,2.53829,2.54251
Week 2,17 Dec 2013,2.54033,2.54519
Week 3,24 Dec 2013,2.50288,2.50832
Week 4,31 Dec 2013,2.51779,2.52343

Week 1,07 Jan 2014,2.53607,2.54099
Week 2,14 Jan 2014,2.53456,2.53869
Week 3,21 Jan 2014,2.55305,2.55749
Week 4,28 Jan 2014,2.61534,2.62164

Week 1,04 Feb 2014,2.61852,2.62303
Week 2,11 Feb 2014,2.62985,2.63434
Week 3,18 Feb 2014,2.67556,2.67978
Week 4,25 Feb 2014,2.70289,2.70757

Week 1,04 Mar 2014,2.73916,2.74514
Week 2,11 Mar 2014,2.75513,2.76377
Week 3,18 Mar 2014,2.74181,2.74849
Week 4,25 Mar 2014,2.71836,2.73134

Week 1,01 Apr 2014,2.69925,2.71028
Week 2,08 Apr 2014,2.73044,2.73644
Week 3,15 Apr 2014,2.73585,2.75055
Week 4,22 Apr 2014,2.73410,2.74045

Week 1,29 Apr 2014,2.73370,2.74155
Week 2,06 May 2014,2.71696,2.72313
Week 3,13 May 2014,2.69075,2.69992
Week 4,20 May 2014,2.65949,2.66613

Week 1,27 May 2014,2.68541,2.69215
Week 2,03 Jun 2014,2.68908,2.69670
Week 3,10 Jun 2014,2.63992,2.64482
Week 4,17 Jun 2014,2.64882,2.65334

Week 1,24 Jun 2014,2.59985,2.60443
Week 2,01 Jul 2014,2.63697,2.64547
Week 3,08 Jul 2014,2.62954,2.63477
Week 4,15 Jul 2014,2.68186,2.68822

Week 1,22 Jul 2014,2.70417,2.70955
Week 2,29 Jul 2014,2.71416,2.72009
Week 3,05 Aug 2014,2.72394,2.72939
Week 4,12 Aug 2014,2.74534,2.75072

Week 1,19 Aug 2014,2.75575,2.76227
Week 2,26 Aug 2014,2.78558,2.79522
Week 3,02 Sep 2014,2.83056,2.83678
Week 4,09 Sep 2014,2.83217,2.84004

Week 1,16 Sep 2014,2.90077,2.90786
Week 2,23 Sep 2014,2.89740,2.90601
Week 3,30 Sep 2014,2.94994,2.95742
Week 4,07 Oct 2014,2.98119,2.98774

Week 1,14 Oct 2014,3.01113,3.02192
Week 2,21 Oct 2014,3.05844,3.06471
Week 3,28 Oct 2014,3.16635,3.17976
Week 4,04 Nov 2014,3.33230,3.35294

Week 1,11 Nov 2014,3.43222,3.44000
Week 2,18 Nov 2014,3.40925,3.41488
Week 3,25 Nov 2014,3.46061,3.47284
Week 4,02 Dec 2014,3.72073,3.72895

Week 1,09 Dec 2014,3.79344,3.81530
Week 2,16 Dec 2014,4.36603,4.39111
Week 3,23 Dec 2014,3.67577,3.68985
Week 4,30 Dec 2014,3.93575,3.98337

Week 1,06 Jan 2015,4.16317,4.20286
Week 2,13 Jan 2015,4.42290,4.43314
Week 3,20 Jan 2015,4.40249,4.41498
Week 4,27 Jan 2015,4.63716,4.64592

Week 1,03 Feb 2015,4.52208,4.53317
Week 2,10 Feb 2015,4.34804,4.35684
Week 3,17 Feb 2015,4.14151,4.15179
Week 4,24 Feb 2015,4.13031,4.14088

Week 1,03 Mar 2015,4.02853,4.03409
Week 2,10 Mar 2015,3.97285,3.98279
Week 3,17 Mar 2015,3.96218,3.96862
Week 4,24 Mar 2015,3.83213,3.83922

Week 1,31 Mar 2015,3.79711,3.80524
Week 2,07 Apr 2015,3.57585,3.58335
Week 3,14 Apr 2015,3.35245,3.36119
Week 4,21 Apr 2015,3.36154,3.36786

Week 1,28 Apr 2015,3.33785,3.36838
Week 2,05 May 2015,3.32040,3.32720
Week 3,12 May 2015,3.29153,3.30147
Week 4,19 May 2015,3.26393,3.27269

Week 1,26 May 2015,3.36767,3.37933
Week 2,02 Jun 2015,3.52156,3.53383
Week 3,09 Jun 2015,3.55217,3.56692
Week 4,16 Jun 2015,3.51717,3.52326

Week 1,23 Jun 2015,3.51909,3.52564
Week 2,30 Jun 2015,3.54009,3.54689
Week 3,07 Jul 2015,3.59744,3.60486
Week 4,14 Jul 2015,3.59167,3.59848

Week 1,21 Jul 2015,3.57092,3.57724
Week 2,28 Jul 2015,3.71132,3.71944
Week 3,04 Aug 2015,3.91316,3.92212
Week 4,11 Aug 2015,3.94436,3.95354

Week 1,18 Aug 2015,4.02557,4.03502
Week 2,25 Aug 2015,3.98361,3.99459
Week 3,01 Sep 2015,3.96909,3.98043
Week 4,08 Sep 2015,4.03525,4.04318

Week 1,15 Sep 2015,3.98270,3.99089
Week 2,22 Sep 2015,3.89770,3.90634
Week 3,29 Sep 2015,3.89121,3.90021
Week 4,06 Oct 2015,3.77649,3.78500

Week 1,13 Oct 2015,3.75296,3.76253
Week 2,20 Oct 2015,3.76003,3.76833
Week 3,27 Oct 2015,3.86278,3.87101
Week 4,03 Nov 2015,3.84467,3.85167

Week 1,10 Nov 2015,3.91855,3.93026
Week 2,17 Nov 2015,3.89331,3.89975
Week 3,24 Nov 2015,3.97641,3.98429
Week 4,01 Dec 2015,4.04385,4.04923

Week 1,08 Dec 2015,4.02585,4.03421
Week 2,15 Dec 2015,4.10540,4.11242
Week 3,22 Dec 2015,4.10634,4.11112
Week 4,29 Dec 2015,4.22163,4.22631

Week 1,05 Jan 2016,4.10049,4.10409
Week 2,12 Jan 2016,4.21365,4.22168
Week 3,19 Jan 2016,4.33313,4.35483
Week 4,26 Jan 2016,4.18554,4.19139

Week 1,02 Feb 2016,4.21212,4.21861
Week 2,09 Feb 2016,4.17445,4.18020
Week 3,16 Feb 2016,4.16137,4.16734
Week 4,23 Feb 2016,4.18096,4.18604

Week 1,01 Mar 2016,4.09392,4.09939
Week 2,08 Mar 2016,3.97704,3.98734
Week 3,15 Mar 2016,3.93457,3.94106
Week 4,22 Mar 2016,3.88915,3.89718

Week 1,29 Mar 2016,3.90550,3.91267
Week 2,05 Apr 2016,3.83518,3.84075
Week 3,12 Apr 2016,3.77529,3.78125
Week 4,19 Apr 2016,3.80065,3.80680

Week 1,26 Apr 2016,3.77007,3.77504
Week 2,03 May 2016,3.72783,3.73334
Week 3,10 May 2016,3.62815,3.63338
Week 4,17 May 2016,3.59476,3.60014

Week 1,24 May 2016,3.58306,3.58770
Week 2,31 May 2016,3.57007,3.57550
Week 3,07 Jun 2016,3.50820,3.51348
Week 4,14 Jun 2016,3.46340,3.46749

Week 1,21 Jun 2016,3.44132,3.44659
Week 2,28 Jun 2016,3.45074,3.45649
Week 3,05 Jul 2016,3.44084,3.44729
Week 4,12 Jul 2016,3.44189,3.44775

Week 1,19 Jul 2016,3.44764,3.45131
Week 2,26 Jul 2016,3.51721,3.52171
Week 3,02 Aug 2016,3.50456,3.51062
Week 4,09 Aug 2016,3.51800,3.52372

Week 1,16 Aug 2016,3.51603,3.52281
Week 2,23 Aug 2016,3.50327,3.51156
Week 3,30 Aug 2016,3.48841,3.49604
Week 4,06 Sep 2016,3.46552,3.47262

Week 1,13 Sep 2016,3.36657,3.37350
Week 2,20 Sep 2016,3.25582,3.26330
Week 3,27 Sep 2016,3.24571,3.25357
Week 4,04 Oct 2016,3.22848,3.23630

Week 1,11 Oct 2016,3.30433,3.31124
Week 2,18 Oct 2016,3.34785,3.35601
Week 3,25 Oct 2016,3.33819,3.34536
Week 4,01 Nov 2016,3.33313,3.34445

Week 1,08 Nov 2016,3.24835,3.25684
Week 2,15 Nov 2016,3.16753,3.17525
Week 3,22 Nov 2016,3.12456,3.13206
Week 4,29 Nov 2016,3.11432,3.12182

Week 1,06 Dec 2016,3.09216,3.09861
Week 2,13 Dec 2016,3.01941,3.02597
Week 3,20 Dec 2016,2.97564,2.98228
Week 4,27 Dec 2016,2.93783,2.94478

Week 1,03 Jan 2017,2.84748,2.85414
Week 2,10 Jan 2017,2.76660,2.77239
Week 3,17 Jan 2017,2.74339,2.75003
Week 4,24 Jan 2017,2.81472,2.82132

Week 1,31 Jan 2017,2.88881,2.89622
Week 2,07 Feb 2017,2.87256,2.87966
Week 3,14 Feb 2017,2.83625,2.84314
Week 4,21 Feb 2017,2.89656,2.90258

Week 1,28 Feb 2017,2.94203,2.94834
Week 2,07 Mar 2017,2.98814,2.99419
Week 3,14 Mar 2017,3.00774,3.01310
Week 4,21 Mar 2017,3.02266,3.02802

Week 1,28 Mar 2017,3.00622,3.01367
Week 2,04 Apr 2017,3.01843,3.02559
Week 3,11 Apr 2017,3.04011,3.04776
Week 4,18 Apr 2017,3.00457,3.01185

Week 1,25 Apr 2017,2.99662,3.00343
Week 2,02 May 2017,3.04433,3.05166
Week 3,09 May 2017,3.03433,3.04163
Week 4,16 May 2017,3.03092,3.03824

Week 1,23 May 2017,3.04410,3.05140
Week 2,30 May 2017,3.03463,3.04160
Week 3,06 Jun 2017,3.10968,3.11635
Week 4,13 Jun 2017,3.18312,3.19107

Week 1,20 Jun 2017,3.28298,3.29098
Week 2,27 Jun 2017,3.27996,3.28736
Week 3,04 Jul 2017,3.29105,3.29927
Week 4,11 Jul 2017,3.36666,3.37306

Week 1,18 Jul 2017,3.36340,3.36937
Week 2,25 Jul 2017,3.36211,3.36959
Week 3,01 Aug 2017,3.36498,3.37195
Week 4,08 Aug 2017,3.34556,3.35185

Week 1,15 Aug 2017,3.34192,3.34842
Week 2,22 Aug 2017,3.33174,3.33798
Week 3,29 Aug 2017,3.25900,3.26453
Week 4,05 Sep 2017,3.22593,3.23192

Week 1,12 Sep 2017,3.25025,3.25605
Week 2,19 Sep 2017,3.25133,3.25725
Week 3,26 Sep 2017,3.18650,3.19214
Week 4,03 Oct 2017,3.14858,3.15430

Week 1,10 Oct 2017,3.06680,3.07307
Week 2,17 Oct 2017,3.02797,3.03369
Week 3,24 Oct 2017,3.01973,3.02541
Week 4,31 Oct 2017,3.05177,3.05779

Week 1,07 Nov 2017,3.09299,3.09661
Week 2,14 Nov 2017,3.11973,3.12520
Week 3,21 Nov 2017,3.13282,3.13915
Week 4,28 Nov 2017,3.14858,3.15411

Week 1,05 Dec 2017,3.14426,3.14872

