MEX->AUD

Week 1,01 Dec 1998,0.15971,0.16014
Week 2,08 Dec 1998,0.16227,0.16263
Week 3,15 Dec 1998,0.16352,0.16386
Week 4,22 Dec 1998,0.16591,0.16630

Week 1,29 Dec 1998,0.16455,0.16489
Week 2,05 Jan 1999,0.16089,0.16122
Week 3,12 Jan 1999,0.15228,0.15339
Week 4,19 Jan 1999,0.15293,0.15338

Week 1,26 Jan 1999,0.15597,0.15637
Week 2,02 Feb 1999,0.15315,0.15345
Week 3,09 Feb 1999,0.15448,0.15479
Week 4,16 Feb 1999,0.15763,0.15801

Week 1,23 Feb 1999,0.16099,0.16133
Week 2,02 Mar 1999,0.16127,0.16159
Week 3,09 Mar 1999,0.16160,0.16194
Week 4,16 Mar 1999,0.16396,0.16435

Week 1,23 Mar 1999,0.16330,0.16369
Week 2,30 Mar 1999,0.16593,0.16647
Week 3,06 Apr 1999,0.16647,0.16692
Week 4,13 Apr 1999,0.16361,0.16402

Week 1,20 Apr 1999,0.16461,0.16497
Week 2,27 Apr 1999,0.16361,0.16392
Week 3,04 May 1999,0.16067,0.16103
Week 4,11 May 1999,0.16076,0.16113

Week 1,18 May 1999,0.16135,0.16172
Week 2,25 May 1999,0.15826,0.15871
Week 3,01 Jun 1999,0.15806,0.15842
Week 4,08 Jun 1999,0.15664,0.15704

Week 1,15 Jun 1999,0.16174,0.16214
Week 2,22 Jun 1999,0.16053,0.16086
Week 3,29 Jun 1999,0.15971,0.16005
Week 4,06 Jul 1999,0.16043,0.16083

Week 1,13 Jul 1999,0.16176,0.16230
Week 2,20 Jul 1999,0.16426,0.16467
Week 3,27 Jul 1999,0.16388,0.16430
Week 4,03 Aug 1999,0.16176,0.16211

Week 1,10 Aug 1999,0.16335,0.16370
Week 2,17 Aug 1999,0.16686,0.16723
Week 3,24 Aug 1999,0.16881,0.16919
Week 4,31 Aug 1999,0.16593,0.16631

Week 1,07 Sep 1999,0.16440,0.16476
Week 2,14 Sep 1999,0.16492,0.16529
Week 3,21 Sep 1999,0.16490,0.16527
Week 4,28 Sep 1999,0.16236,0.16272

Week 1,05 Oct 1999,0.16053,0.16088
Week 2,12 Oct 1999,0.16258,0.16291
Week 3,19 Oct 1999,0.15983,0.16018
Week 4,26 Oct 1999,0.16164,0.16195

Week 1,02 Nov 1999,0.16426,0.16461
Week 2,09 Nov 1999,0.16524,0.16562
Week 3,16 Nov 1999,0.16709,0.16744
Week 4,23 Nov 1999,0.16828,0.16877

Week 1,30 Nov 1999,0.16865,0.16973
Week 2,07 Dec 1999,0.16666,0.16705
Week 3,14 Dec 1999,0.16671,0.16709
Week 4,21 Dec 1999,0.16515,0.16551

Week 1,28 Dec 1999,0.16149,0.16203
Week 2,04 Jan 2000,0.16041,0.16072
Week 3,11 Jan 2000,0.15929,0.15971
Week 4,18 Jan 2000,0.15930,0.15967

Week 1,25 Jan 2000,0.16175,0.16214
Week 2,01 Feb 2000,0.16510,0.16551
Week 3,08 Feb 2000,0.16791,0.16829
Week 4,15 Feb 2000,0.16915,0.16959

Week 1,22 Feb 2000,0.17168,0.17207
Week 2,29 Feb 2000,0.17547,0.17582
Week 3,07 Mar 2000,0.17587,0.17621
Week 4,14 Mar 2000,0.17538,0.17578

Week 1,21 Mar 2000,0.17790,0.17828
Week 2,28 Mar 2000,0.17693,0.17736
Week 3,04 Apr 2000,0.17774,0.17819
Week 4,11 Apr 2000,0.17711,0.17752

Week 1,18 Apr 2000,0.17878,0.17922
Week 2,25 Apr 2000,0.18051,0.18092
Week 3,02 May 2000,0.17941,0.17981
Week 4,09 May 2000,0.17966,0.18010

Week 1,16 May 2000,0.18247,0.18282
Week 2,23 May 2000,0.18314,0.18354
Week 3,30 May 2000,0.18209,0.18249
Week 4,06 Jun 2000,0.17276,0.17328

Week 1,13 Jun 2000,0.16866,0.16909
Week 2,20 Jun 2000,0.16849,0.16888
Week 3,27 Jun 2000,0.16814,0.16872
Week 4,04 Jul 2000,0.17677,0.17722

Week 1,11 Jul 2000,0.18084,0.18126
Week 2,18 Jul 2000,0.18263,0.18301
Week 3,25 Jul 2000,0.18112,0.18193
Week 4,01 Aug 2000,0.18307,0.18357

Week 1,08 Aug 2000,0.18475,0.18513
Week 2,15 Aug 2000,0.18352,0.18393
Week 3,22 Aug 2000,0.18768,0.18800
Week 4,29 Aug 2000,0.18849,0.18890

Week 1,05 Sep 2000,0.19106,0.19154
Week 2,12 Sep 2000,0.19429,0.19466
Week 3,19 Sep 2000,0.19509,0.19545
Week 4,26 Sep 2000,0.19351,0.19386

Week 1,03 Oct 2000,0.19598,0.19695
Week 2,10 Oct 2000,0.19759,0.19793
Week 3,17 Oct 2000,0.19937,0.19969
Week 4,24 Oct 2000,0.19860,0.19907

Week 1,31 Oct 2000,0.19846,0.19886
Week 2,07 Nov 2000,0.19836,0.19879
Week 3,14 Nov 2000,0.20265,0.20314
Week 4,21 Nov 2000,0.20441,0.20484

Week 1,28 Nov 2000,0.20042,0.20094
Week 2,05 Dec 2000,0.19419,0.19471
Week 3,12 Dec 2000,0.19521,0.19560
Week 4,19 Dec 2000,0.18983,0.19037

Week 1,26 Dec 2000,0.18630,0.18679
Week 2,02 Jan 2001,0.18174,0.18213
Week 3,09 Jan 2001,0.18133,0.18170
Week 4,16 Jan 2001,0.18273,0.18308

Week 1,23 Jan 2001,0.18834,0.18868
Week 2,30 Jan 2001,0.18665,0.18706
Week 3,06 Feb 2001,0.18999,0.19041
Week 4,13 Feb 2001,0.19418,0.19463

Week 1,20 Feb 2001,0.19606,0.19651
Week 2,27 Feb 2001,0.19571,0.19612
Week 3,06 Mar 2001,0.20185,0.20225
Week 4,13 Mar 2001,0.20906,0.20949

Week 1,20 Mar 2001,0.21062,0.21111
Week 2,27 Mar 2001,0.21336,0.21378
Week 3,03 Apr 2001,0.21642,0.21694
Week 4,10 Apr 2001,0.21306,0.21358

Week 1,17 Apr 2001,0.20969,0.21012
Week 2,24 Apr 2001,0.21172,0.21221
Week 3,01 May 2001,0.20798,0.20852
Week 4,08 May 2001,0.20822,0.20866

Week 1,15 May 2001,0.20921,0.20975
Week 2,22 May 2001,0.21177,0.21226
Week 3,29 May 2001,0.21351,0.21409
Week 4,05 Jun 2001,0.21174,0.21224

Week 1,12 Jun 2001,0.20998,0.21055
Week 2,19 Jun 2001,0.21267,0.21319
Week 3,26 Jun 2001,0.21488,0.21551
Week 4,03 Jul 2001,0.21447,0.21494

Week 1,10 Jul 2001,0.21230,0.21291
Week 2,17 Jul 2001,0.21340,0.21406
Week 3,24 Jul 2001,0.21461,0.21515
Week 4,31 Jul 2001,0.21147,0.21202

Week 1,07 Aug 2001,0.21303,0.21361
Week 2,14 Aug 2001,0.20746,0.20802
Week 3,21 Aug 2001,0.20519,0.20576
Week 4,28 Aug 2001,0.20546,0.20595

Week 1,04 Sep 2001,0.20617,0.20663
Week 2,11 Sep 2001,0.20296,0.20338
Week 3,18 Sep 2001,0.21542,0.21576
Week 4,25 Sep 2001,0.21432,0.21488

Week 1,02 Oct 2001,0.20850,0.20941
Week 2,09 Oct 2001,0.21047,0.21154
Week 3,16 Oct 2001,0.21196,0.21296
Week 4,23 Oct 2001,0.21341,0.21428

Week 1,30 Oct 2001,0.21242,0.21330
Week 2,06 Nov 2001,0.21039,0.21164
Week 3,13 Nov 2001,0.20756,0.20834
Week 4,20 Nov 2001,0.21024,0.21106

Week 1,27 Nov 2001,0.20714,0.20798
Week 2,04 Dec 2001,0.20961,0.21048
Week 3,11 Dec 2001,0.21099,0.21200
Week 4,18 Dec 2001,0.21422,0.21503

Week 1,25 Dec 2001,0.21441,0.21538
Week 2,01 Jan 2002,0.21166,0.21284
Week 3,08 Jan 2002,0.20758,0.20849
Week 4,15 Jan 2002,0.21113,0.21219

Week 1,22 Jan 2002,0.21104,0.21195
Week 2,29 Jan 2002,0.21391,0.21458
Week 3,05 Feb 2002,0.21418,0.21511
Week 4,12 Feb 2002,0.21400,0.21497

Week 1,19 Feb 2002,0.21288,0.21371
Week 2,26 Feb 2002,0.21231,0.21315
Week 3,05 Mar 2002,0.21045,0.21134
Week 4,12 Mar 2002,0.20973,0.21058

Week 1,19 Mar 2002,0.20837,0.20932
Week 2,26 Mar 2002,0.20790,0.20918
Week 3,02 Apr 2002,0.20796,0.20879
Week 4,09 Apr 2002,0.20654,0.20785

Week 1,16 Apr 2002,0.20066,0.20202
Week 2,23 Apr 2002,0.19756,0.19838
Week 3,30 Apr 2002,0.19604,0.19683
Week 4,07 May 2002,0.19378,0.19471

Week 1,14 May 2002,0.19120,0.19199
Week 2,21 May 2002,0.18808,0.18873
Week 3,28 May 2002,0.18355,0.18422
Week 4,04 Jun 2002,0.17912,0.17982

Week 1,11 Jun 2002,0.18236,0.18322
Week 2,18 Jun 2002,0.17855,0.17931
Week 3,25 Jun 2002,0.17783,0.17848
Week 4,02 Jul 2002,0.17961,0.18036

Week 1,09 Jul 2002,0.18162,0.18235
Week 2,16 Jul 2002,0.18509,0.18594
Week 3,23 Jul 2002,0.19065,0.19141
Week 4,30 Jul 2002,0.18829,0.18914

Week 1,06 Aug 2002,0.19182,0.19258
Week 2,13 Aug 2002,0.18632,0.18712
Week 3,20 Aug 2002,0.18707,0.18787
Week 4,27 Aug 2002,0.18289,0.18361

Week 1,03 Sep 2002,0.18265,0.18349
Week 2,10 Sep 2002,0.18226,0.18275
Week 3,17 Sep 2002,0.17980,0.18076
Week 4,24 Sep 2002,0.17973,0.18034

Week 1,01 Oct 2002,0.18020,0.18067
Week 2,08 Oct 2002,0.17908,0.17995
Week 3,15 Oct 2002,0.18117,0.18186
Week 4,22 Oct 2002,0.18150,0.18243

Week 1,29 Oct 2002,0.17607,0.17676
Week 2,05 Nov 2002,0.17260,0.17318
Week 3,12 Nov 2002,0.17310,0.17375
Week 4,19 Nov 2002,0.17535,0.17594

Week 1,26 Nov 2002,0.17557,0.17614
Week 2,03 Dec 2002,0.17433,0.17505
Week 3,10 Dec 2002,0.17360,0.17442
Week 4,17 Dec 2002,0.17317,0.17391

Week 1,24 Dec 2002,0.17336,0.17391
Week 2,31 Dec 2002,0.17029,0.17084
Week 3,07 Jan 2003,0.16508,0.16577
Week 4,14 Jan 2003,0.16095,0.16165

Week 1,21 Jan 2003,0.15614,0.15698
Week 2,28 Jan 2003,0.15532,0.15597
Week 3,04 Feb 2003,0.15445,0.15523
Week 4,11 Feb 2003,0.15437,0.15494

Week 1,18 Feb 2003,0.15398,0.15454
Week 2,25 Feb 2003,0.14912,0.14958
Week 3,04 Mar 2003,0.14599,0.14637
Week 4,11 Mar 2003,0.15261,0.15326

Week 1,18 Mar 2003,0.15621,0.15670
Week 2,25 Mar 2003,0.15555,0.15617
Week 3,01 Apr 2003,0.15501,0.15561
Week 4,08 Apr 2003,0.15450,0.15512

Week 1,15 Apr 2003,0.15431,0.15496
Week 2,22 Apr 2003,0.15448,0.15512
Week 3,29 Apr 2003,0.15513,0.15579
Week 4,06 May 2003,0.15282,0.15338

Week 1,13 May 2003,0.14946,0.14997
Week 2,20 May 2003,0.14797,0.14838
Week 3,27 May 2003,0.14787,0.14830
Week 4,03 Jun 2003,0.14350,0.14386

Week 1,10 Jun 2003,0.14197,0.14245
Week 2,17 Jun 2003,0.14184,0.14237
Week 3,24 Jun 2003,0.14348,0.14400
Week 4,01 Jul 2003,0.14090,0.14145

Week 1,08 Jul 2003,0.14431,0.14472
Week 2,15 Jul 2003,0.14751,0.14802
Week 3,22 Jul 2003,0.14418,0.14476
Week 4,29 Jul 2003,0.14471,0.14525

Week 1,05 Aug 2003,0.14372,0.14412
Week 2,12 Aug 2003,0.14119,0.14189
Week 3,19 Aug 2003,0.14060,0.14114
Week 4,26 Aug 2003,0.14059,0.14111

Week 1,02 Sep 2003,0.14174,0.14227
Week 2,09 Sep 2003,0.13780,0.13829
Week 3,16 Sep 2003,0.13703,0.13752
Week 4,23 Sep 2003,0.13546,0.13576

Week 1,30 Sep 2003,0.13179,0.13216
Week 2,07 Oct 2003,0.12892,0.12938
Week 3,14 Oct 2003,0.12878,0.12921
Week 4,21 Oct 2003,0.12798,0.12831

Week 1,28 Oct 2003,0.12799,0.12831
Week 2,04 Nov 2003,0.12867,0.12915
Week 3,11 Nov 2003,0.12535,0.12566
Week 4,18 Nov 2003,0.12354,0.12397

Week 1,25 Nov 2003,0.12176,0.12226
Week 2,02 Dec 2003,0.12086,0.12118
Week 3,09 Dec 2003,0.12019,0.12047
Week 4,16 Dec 2003,0.11997,0.12030

Week 1,23 Dec 2003,0.12006,0.12025
Week 2,30 Dec 2003,0.11890,0.11919
Week 3,06 Jan 2004,0.11875,0.11920
Week 4,13 Jan 2004,0.11948,0.11991

Week 1,20 Jan 2004,0.11883,0.11913
Week 2,27 Jan 2004,0.11784,0.11837
Week 3,03 Feb 2004,0.11733,0.11781
Week 4,10 Feb 2004,0.11533,0.11573

Week 1,17 Feb 2004,0.11651,0.11697
Week 2,24 Feb 2004,0.11665,0.11704
Week 3,02 Mar 2004,0.11993,0.12035
Week 4,09 Mar 2004,0.12260,0.12294

Week 1,16 Mar 2004,0.12196,0.12234
Week 2,23 Mar 2004,0.12089,0.12130
Week 3,30 Mar 2004,0.11775,0.11828
Week 4,06 Apr 2004,0.11706,0.11748

Week 1,13 Apr 2004,0.11861,0.11899
Week 2,20 Apr 2004,0.12002,0.12050
Week 3,27 Apr 2004,0.12093,0.12142
Week 4,04 May 2004,0.12115,0.12150

Week 1,11 May 2004,0.12384,0.12428
Week 2,18 May 2004,0.12435,0.12492
Week 3,25 May 2004,0.12270,0.12328
Week 4,01 Jun 2004,0.12471,0.12522

Week 1,08 Jun 2004,0.12615,0.12662
Week 2,15 Jun 2004,0.12738,0.12790
Week 3,22 Jun 2004,0.12666,0.12715
Week 4,29 Jun 2004,0.12324,0.12387

Week 1,06 Jul 2004,0.12066,0.12119
Week 2,13 Jul 2004,0.11960,0.12032
Week 3,20 Jul 2004,0.12173,0.12229
Week 4,27 Jul 2004,0.12411,0.12468

Week 1,03 Aug 2004,0.12331,0.12394
Week 2,10 Aug 2004,0.12224,0.12288
Week 3,17 Aug 2004,0.12198,0.12256
Week 4,24 Aug 2004,0.12430,0.12495

Week 1,31 Aug 2004,0.12476,0.12535
Week 2,07 Sep 2004,0.12398,0.12469
Week 3,14 Sep 2004,0.12415,0.12495
Week 4,21 Sep 2004,0.12306,0.12369

Week 1,28 Sep 2004,0.12156,0.12206
Week 2,05 Oct 2004,0.12120,0.12206
Week 3,12 Oct 2004,0.12027,0.12093
Week 4,19 Oct 2004,0.11820,0.11877

Week 1,26 Oct 2004,0.11572,0.11623
Week 2,02 Nov 2004,0.11559,0.11617
Week 3,09 Nov 2004,0.11453,0.11513
Week 4,16 Nov 2004,0.11261,0.11319

Week 1,23 Nov 2004,0.11202,0.11265
Week 2,30 Nov 2004,0.11475,0.11534
Week 3,07 Dec 2004,0.11665,0.11720
Week 4,14 Dec 2004,0.11679,0.11733

Week 1,21 Dec 2004,0.11680,0.11737
Week 2,28 Dec 2004,0.11455,0.11507
Week 3,04 Jan 2005,0.11572,0.11619
Week 4,11 Jan 2005,0.11689,0.11726

Week 1,18 Jan 2005,0.11631,0.11685
Week 2,25 Jan 2005,0.11472,0.11510
Week 3,01 Feb 2005,0.11566,0.11621
Week 4,08 Feb 2005,0.11491,0.11543

Week 1,15 Feb 2005,0.11394,0.11431
Week 2,22 Feb 2005,0.11420,0.11462
Week 3,01 Mar 2005,0.11433,0.11480
Week 4,08 Mar 2005,0.11403,0.11440

Week 1,15 Mar 2005,0.11260,0.11291
Week 2,22 Mar 2005,0.11439,0.11468
Week 3,29 Mar 2005,0.11555,0.11589
Week 4,05 Apr 2005,0.11618,0.11646

Week 1,12 Apr 2005,0.11651,0.11685
Week 2,19 Apr 2005,0.11625,0.11647
Week 3,26 Apr 2005,0.11575,0.11605
Week 4,03 May 2005,0.11709,0.11746

Week 1,10 May 2005,0.11809,0.11858
Week 2,17 May 2005,0.12026,0.12064
Week 3,24 May 2005,0.12001,0.12032
Week 4,31 May 2005,0.12193,0.12215

Week 1,07 Jun 2005,0.12023,0.12050
Week 2,14 Jun 2005,0.11970,0.12016
Week 3,21 Jun 2005,0.11977,0.12010
Week 4,28 Jun 2005,0.12248,0.12282

Week 1,05 Jul 2005,0.12498,0.12531
Week 2,12 Jul 2005,0.12495,0.12519
Week 3,19 Jul 2005,0.12361,0.12419
Week 4,26 Jul 2005,0.12381,0.12404

Week 1,02 Aug 2005,0.12278,0.12300
Week 2,09 Aug 2005,0.12225,0.12253
Week 3,16 Aug 2005,0.12327,0.12355
Week 4,23 Aug 2005,0.12205,0.12221

Week 1,30 Aug 2005,0.12259,0.12279
Week 2,06 Sep 2005,0.12094,0.12141
Week 3,13 Sep 2005,0.12030,0.12067
Week 4,20 Sep 2005,0.12099,0.12115

Week 1,27 Sep 2005,0.12156,0.12184
Week 2,04 Oct 2005,0.12230,0.12251
Week 3,11 Oct 2005,0.12184,0.12208
Week 4,18 Oct 2005,0.12266,0.12291

Week 1,25 Oct 2005,0.12223,0.12245
Week 2,01 Nov 2005,0.12565,0.12592
Week 3,08 Nov 2005,0.12735,0.12767
Week 4,15 Nov 2005,0.12788,0.12822

Week 1,22 Nov 2005,0.12761,0.12796
Week 2,29 Nov 2005,0.12784,0.12823
Week 3,06 Dec 2005,0.12692,0.12732
Week 4,13 Dec 2005,0.12447,0.12486

Week 1,20 Dec 2005,0.12684,0.12724
Week 2,27 Dec 2005,0.12779,0.12827
Week 3,03 Jan 2006,0.12660,0.12710
Week 4,10 Jan 2006,0.12530,0.12568

Week 1,17 Jan 2006,0.12620,0.12658
Week 2,24 Jan 2006,0.12667,0.12695
Week 3,31 Jan 2006,0.12693,0.12726
Week 4,07 Feb 2006,0.12843,0.12882

Week 1,14 Feb 2006,0.12885,0.12919
Week 2,21 Feb 2006,0.12905,0.12941
Week 3,28 Feb 2006,0.12781,0.12812
Week 4,07 Mar 2006,0.12711,0.12741

Week 1,14 Mar 2006,0.12751,0.12790
Week 2,21 Mar 2006,0.12888,0.12923
Week 3,28 Mar 2006,0.12853,0.12886
Week 4,04 Apr 2006,0.12530,0.12557

Week 1,11 Apr 2006,0.12347,0.12384
Week 2,18 Apr 2006,0.12224,0.12252
Week 3,25 Apr 2006,0.11965,0.11995
Week 4,02 May 2006,0.11833,0.11867

Week 1,09 May 2006,0.11789,0.11818
Week 2,16 May 2006,0.11750,0.11783
Week 3,23 May 2006,0.11804,0.11839
Week 4,30 May 2006,0.11756,0.11792

Week 1,06 Jun 2006,0.11797,0.11810
Week 2,13 Jun 2006,0.11799,0.11833
Week 3,20 Jun 2006,0.11876,0.11912
Week 4,27 Jun 2006,0.11915,0.11951

Week 1,04 Jul 2006,0.12053,0.12089
Week 2,11 Jul 2006,0.12060,0.12096
Week 3,18 Jul 2006,0.12166,0.12196
Week 4,25 Jul 2006,0.12045,0.12081

Week 1,01 Aug 2006,0.11940,0.11974
Week 2,08 Aug 2006,0.12025,0.12061
Week 3,15 Aug 2006,0.12127,0.12163
Week 4,22 Aug 2006,0.12051,0.12086

Week 1,29 Aug 2006,0.12007,0.12041
Week 2,05 Sep 2006,0.11960,0.11997
Week 3,12 Sep 2006,0.12074,0.12111
Week 4,19 Sep 2006,0.12064,0.12101

Week 1,26 Sep 2006,0.12094,0.12131
Week 2,03 Oct 2006,0.12161,0.12195
Week 3,10 Oct 2006,0.12184,0.12221
Week 4,17 Oct 2006,0.12187,0.12224

Week 1,24 Oct 2006,0.12140,0.12178
Week 2,31 Oct 2006,0.11993,0.12029
Week 3,07 Nov 2006,0.11949,0.11985
Week 4,14 Nov 2006,0.11955,0.11989

Week 1,21 Nov 2006,0.11744,0.11772
Week 2,28 Nov 2006,0.11540,0.11566
Week 3,05 Dec 2006,0.11663,0.11690
Week 4,12 Dec 2006,0.11788,0.11817

Week 1,19 Dec 2006,0.11758,0.11783
Week 2,26 Dec 2006,0.11693,0.11727
Week 3,02 Jan 2007,0.11694,0.11727
Week 4,09 Jan 2007,0.11648,0.11673

Week 1,16 Jan 2007,0.11617,0.11642
Week 2,23 Jan 2007,0.11655,0.11680
Week 3,30 Jan 2007,0.11733,0.11758
Week 4,06 Feb 2007,0.11730,0.11756

Week 1,13 Feb 2007,0.11638,0.11662
Week 2,20 Feb 2007,0.11495,0.11520
Week 3,27 Feb 2007,0.11379,0.11394
Week 4,06 Mar 2007,0.11515,0.11540

Week 1,13 Mar 2007,0.11338,0.11363
Week 2,20 Mar 2007,0.11241,0.11265
Week 3,27 Mar 2007,0.11201,0.11225
Week 4,03 Apr 2007,0.11135,0.11160

Week 1,10 Apr 2007,0.10981,0.11008
Week 2,17 Apr 2007,0.10877,0.10901
Week 3,24 Apr 2007,0.10988,0.11012
Week 4,01 May 2007,0.11100,0.11124

Week 1,08 May 2007,0.11129,0.11154
Week 2,15 May 2007,0.11185,0.11209
Week 3,22 May 2007,0.11279,0.11304
Week 4,29 May 2007,0.11248,0.11273

Week 1,05 Jun 2007,0.10944,0.10968
Week 2,12 Jun 2007,0.10920,0.10944
Week 3,19 Jun 2007,0.10933,0.10957
Week 4,26 Jun 2007,0.10896,0.10920

Week 1,03 Jul 2007,0.10819,0.10843
Week 2,10 Jul 2007,0.10717,0.10740
Week 3,17 Jul 2007,0.10577,0.10598
Week 4,24 Jul 2007,0.10521,0.10544

Week 1,31 Jul 2007,0.10654,0.10676
Week 2,07 Aug 2007,0.10677,0.10700
Week 3,14 Aug 2007,0.11064,0.11088
Week 4,21 Aug 2007,0.11101,0.11124

Week 1,28 Aug 2007,0.11011,0.11036
Week 2,04 Sep 2007,0.10934,0.10957
Week 3,11 Sep 2007,0.10756,0.10779
Week 4,18 Sep 2007,0.10603,0.10625

Week 1,25 Sep 2007,0.10409,0.10431
Week 2,02 Oct 2007,0.10300,0.10322
Week 3,09 Oct 2007,0.10244,0.10266
Week 4,16 Oct 2007,0.10338,0.10360

Week 1,23 Oct 2007,0.10234,0.10256
Week 2,30 Oct 2007,0.10128,0.10141
Week 3,06 Nov 2007,0.10045,0.10066
Week 4,13 Nov 2007,0.10246,0.10268

Week 1,20 Nov 2007,0.10346,0.10368
Week 2,27 Nov 2007,0.10350,0.10373
Week 3,04 Dec 2007,0.10505,0.10528
Week 4,11 Dec 2007,0.10552,0.10575

Week 1,18 Dec 2007,0.10685,0.10711
Week 2,25 Dec 2007,0.10529,0.10565
Week 3,01 Jan 2008,0.10434,0.10467
Week 4,08 Jan 2008,0.10332,0.10354

Week 1,15 Jan 2008,0.10337,0.10359
Week 2,22 Jan 2008,0.10469,0.10491
Week 3,29 Jan 2008,0.10313,0.10334
Week 4,05 Feb 2008,0.10307,0.10329

Week 1,12 Feb 2008,0.10268,0.10290
Week 2,19 Feb 2008,0.10090,0.10112
Week 3,26 Feb 2008,0.09975,0.09997
Week 4,04 Mar 2008,0.09980,0.10001

Week 1,11 Mar 2008,0.09925,0.09947
Week 2,18 Mar 2008,0.10194,0.10217
Week 3,25 Mar 2008,0.10202,0.10227
Week 4,01 Apr 2008,0.10295,0.10319

Week 1,08 Apr 2008,0.10196,0.10216
Week 2,15 Apr 2008,0.10230,0.10253
Week 3,22 Apr 2008,0.10145,0.10167
Week 4,29 Apr 2008,0.10184,0.10207

Week 1,06 May 2008,0.10053,0.10075
Week 2,13 May 2008,0.10104,0.10126
Week 3,20 May 2008,0.10031,0.10054
Week 4,27 May 2008,0.10072,0.10095

Week 1,03 Jun 2008,0.10096,0.10117
Week 2,10 Jun 2008,0.10194,0.10218
Week 3,17 Jun 2008,0.10231,0.10254
Week 4,24 Jun 2008,0.10135,0.10157

Week 1,01 Jul 2008,0.10049,0.10071
Week 2,08 Jul 2008,0.10090,0.10112
Week 3,15 Jul 2008,0.10023,0.10045
Week 4,22 Jul 2008,0.10278,0.10302

Week 1,29 Jul 2008,0.10608,0.10632
Week 2,05 Aug 2008,0.11001,0.11025
Week 3,12 Aug 2008,0.11261,0.11285
Week 4,19 Aug 2008,0.11315,0.11335

Week 1,26 Aug 2008,0.11376,0.11400
Week 2,02 Sep 2008,0.11563,0.11589
Week 3,09 Sep 2008,0.11636,0.11662
Week 4,16 Sep 2008,0.11477,0.11509

Week 1,23 Sep 2008,0.11137,0.11167
Week 2,30 Sep 2008,0.11432,0.11464
Week 3,07 Oct 2008,0.11656,0.11701
Week 4,14 Oct 2008,0.11397,0.11476

Week 1,21 Oct 2008,0.11342,0.11449
Week 2,28 Oct 2008,0.11764,0.11908
Week 3,04 Nov 2008,0.11487,0.11571
Week 4,11 Nov 2008,0.11690,0.11770

Week 1,18 Nov 2008,0.11643,0.11697
Week 2,25 Nov 2008,0.11477,0.11543
Week 3,02 Dec 2008,0.11360,0.11435
Week 4,09 Dec 2008,0.11217,0.11262

Week 1,16 Dec 2008,0.11043,0.11113
Week 2,23 Dec 2008,0.10957,0.11054
Week 3,30 Dec 2008,0.10367,0.10488
Week 4,06 Jan 2009,0.10369,0.10417

Week 1,13 Jan 2009,0.10675,0.10715
Week 2,20 Jan 2009,0.10868,0.10908
Week 3,27 Jan 2009,0.10806,0.10850
Week 4,03 Feb 2009,0.10640,0.10681

Week 1,10 Feb 2009,0.10489,0.10525
Week 2,17 Feb 2009,0.10559,0.10604
Week 3,24 Feb 2009,0.10327,0.10349
Week 4,03 Mar 2009,0.10227,0.10248

Week 1,10 Mar 2009,0.10294,0.10320
Week 2,17 Mar 2009,0.10445,0.10478
Week 3,24 Mar 2009,0.10025,0.10060
Week 4,31 Mar 2009,0.10220,0.10250

Week 1,07 Apr 2009,0.10470,0.10503
Week 2,14 Apr 2009,0.10526,0.10558
Week 3,21 Apr 2009,0.10580,0.10606
Week 4,28 Apr 2009,0.10018,0.10049

Week 1,05 May 2009,0.10049,0.10079
Week 2,12 May 2009,0.09968,0.10000
Week 3,19 May 2009,0.09848,0.09875
Week 4,26 May 2009,0.09610,0.09636

Week 1,02 Jun 2009,0.09374,0.09402
Week 2,09 Jun 2009,0.09211,0.09239
Week 3,16 Jun 2009,0.09307,0.09335
Week 4,23 Jun 2009,0.09400,0.09429

Week 1,30 Jun 2009,0.09431,0.09461
Week 2,07 Jul 2009,0.09425,0.09453
Week 3,14 Jul 2009,0.09258,0.09284
Week 4,21 Jul 2009,0.09244,0.09271

Week 1,28 Jul 2009,0.09126,0.09153
Week 2,04 Aug 2009,0.09113,0.09141
Week 3,11 Aug 2009,0.09265,0.09289
Week 4,18 Aug 2009,0.09342,0.09367

Week 1,25 Aug 2009,0.09102,0.09124
Week 2,01 Sep 2009,0.08821,0.08842
Week 3,08 Sep 2009,0.08678,0.08700
Week 4,15 Sep 2009,0.08677,0.08693

Week 1,22 Sep 2009,0.08556,0.08576
Week 2,29 Sep 2009,0.08437,0.08454
Week 3,06 Oct 2009,0.08324,0.08346
Week 4,13 Oct 2009,0.08322,0.08344

Week 1,20 Oct 2009,0.08306,0.08329
Week 2,27 Oct 2009,0.08325,0.08347
Week 3,03 Nov 2009,0.08245,0.08266
Week 4,10 Nov 2009,0.08152,0.08173

Week 1,17 Nov 2009,0.08292,0.08314
Week 2,24 Nov 2009,0.08430,0.08453
Week 3,01 Dec 2009,0.08513,0.08535
Week 4,08 Dec 2009,0.08522,0.08544

Week 1,15 Dec 2009,0.08688,0.08711
Week 2,22 Dec 2009,0.08779,0.08812
Week 3,29 Dec 2009,0.08560,0.08586
Week 4,05 Jan 2010,0.08514,0.08536

Week 1,12 Jan 2010,0.08485,0.08508
Week 2,19 Jan 2010,0.08553,0.08575
Week 3,26 Jan 2010,0.08602,0.08623
Week 4,02 Feb 2010,0.08742,0.08764

Week 1,09 Feb 2010,0.08701,0.08722
Week 2,16 Feb 2010,0.08666,0.08683
Week 3,23 Feb 2010,0.08723,0.08740
Week 4,02 Mar 2010,0.08713,0.08730

Week 1,09 Mar 2010,0.08679,0.08695
Week 2,16 Mar 2010,0.08684,0.08701
Week 3,23 Mar 2010,0.08765,0.08781
Week 4,30 Mar 2010,0.08808,0.08827

Week 1,06 Apr 2010,0.08803,0.08820
Week 2,13 Apr 2010,0.08804,0.08821
Week 3,20 Apr 2010,0.08832,0.08840
Week 4,27 Apr 2010,0.08801,0.08818

Week 1,04 May 2010,0.08738,0.08756
Week 2,11 May 2010,0.08937,0.08955
Week 3,18 May 2010,0.09178,0.09199
Week 4,25 May 2010,0.09196,0.09216

Week 1,01 Jun 2010,0.09278,0.09298
Week 2,08 Jun 2010,0.09342,0.09361
Week 3,15 Jun 2010,0.09174,0.09188
Week 4,22 Jun 2010,0.09066,0.09084

Week 1,29 Jun 2010,0.09095,0.09114
Week 2,06 Jul 2010,0.08980,0.08998
Week 3,13 Jul 2010,0.08909,0.08926
Week 4,20 Jul 2010,0.08813,0.08830

Week 1,27 Jul 2010,0.08751,0.08768
Week 2,03 Aug 2010,0.08659,0.08675
Week 3,10 Aug 2010,0.08722,0.08739
Week 4,17 Aug 2010,0.08784,0.08804

Week 1,24 Aug 2010,0.08642,0.08658
Week 2,31 Aug 2010,0.08450,0.08467
Week 3,07 Sep 2010,0.08359,0.08375
Week 4,14 Sep 2010,0.08319,0.08335

Week 1,21 Sep 2010,0.08284,0.08299
Week 2,28 Sep 2010,0.08238,0.08253
Week 3,05 Oct 2010,0.08183,0.08198
Week 4,12 Oct 2010,0.08132,0.08147

Week 1,19 Oct 2010,0.08199,0.08215
Week 2,26 Oct 2010,0.08221,0.08238
Week 3,02 Nov 2010,0.08103,0.08124
Week 4,09 Nov 2010,0.08147,0.08168

Week 1,16 Nov 2010,0.08238,0.08260
Week 2,23 Nov 2010,0.08251,0.08272
Week 3,30 Nov 2010,0.08264,0.08285
Week 4,07 Dec 2010,0.08149,0.08170

Week 1,14 Dec 2010,0.08126,0.08147
Week 2,21 Dec 2010,0.08076,0.08099
Week 3,28 Dec 2010,0.07959,0.07981
Week 4,04 Jan 2011,0.08140,0.08161

Week 1,11 Jan 2011,0.08316,0.08338
Week 2,18 Jan 2011,0.08349,0.08370
Week 3,25 Jan 2011,0.08305,0.08327
Week 4,01 Feb 2011,0.08221,0.08242

Week 1,08 Feb 2011,0.08237,0.08258
Week 2,15 Feb 2011,0.08228,0.08249
Week 3,22 Feb 2011,0.08159,0.08180
Week 4,01 Mar 2011,0.08164,0.08181

Week 1,08 Mar 2011,0.08260,0.08282
Week 2,15 Mar 2011,0.08349,0.08372
Week 3,22 Mar 2011,0.08200,0.08221
Week 4,29 Mar 2011,0.08124,0.08145

Week 1,05 Apr 2011,0.08104,0.08126
Week 2,12 Apr 2011,0.08084,0.08105
Week 3,19 Apr 2011,0.08051,0.08072
Week 4,26 Apr 2011,0.07959,0.07980

Week 1,03 May 2011,0.07981,0.08002
Week 2,10 May 2011,0.08020,0.08041
Week 3,17 May 2011,0.08039,0.08060
Week 4,24 May 2011,0.08069,0.08090

Week 1,31 May 2011,0.08029,0.08050
Week 2,07 Jun 2011,0.07960,0.07980
Week 3,14 Jun 2011,0.07919,0.07939
Week 4,21 Jun 2011,0.07987,0.08008

Week 1,28 Jun 2011,0.07990,0.08011
Week 2,05 Jul 2011,0.08013,0.08035
Week 3,12 Jul 2011,0.07976,0.07997
Week 4,19 Jul 2011,0.07958,0.07978

Week 1,26 Jul 2011,0.07794,0.07815
Week 2,02 Aug 2011,0.07880,0.07907
Week 3,09 Aug 2011,0.07887,0.07909
Week 4,16 Aug 2011,0.07799,0.07819

Week 1,23 Aug 2011,0.07669,0.07688
Week 2,30 Aug 2011,0.07550,0.07568
Week 3,06 Sep 2011,0.07543,0.07562
Week 4,13 Sep 2011,0.07478,0.07497

Week 1,20 Sep 2011,0.07405,0.07426
Week 2,27 Sep 2011,0.07488,0.07507
Week 3,04 Oct 2011,0.07570,0.07589
Week 4,11 Oct 2011,0.07405,0.07424

Week 1,18 Oct 2011,0.07182,0.07200
Week 2,25 Oct 2011,0.07134,0.07153
Week 3,01 Nov 2011,0.07145,0.07164
Week 4,08 Nov 2011,0.07210,0.07229

Week 1,15 Nov 2011,0.07258,0.07276
Week 2,22 Nov 2011,0.07249,0.07266
Week 3,29 Nov 2011,0.07177,0.07196
Week 4,06 Dec 2011,0.07203,0.07222

Week 1,13 Dec 2011,0.07212,0.07230
Week 2,20 Dec 2011,0.07160,0.07178
Week 3,27 Dec 2011,0.07048,0.07067
Week 4,03 Jan 2012,0.07066,0.07083

Week 1,10 Jan 2012,0.07119,0.07136
Week 2,17 Jan 2012,0.07195,0.07211
Week 3,24 Jan 2012,0.07242,0.07260
Week 4,31 Jan 2012,0.07276,0.07294

Week 1,07 Feb 2012,0.07310,0.07327
Week 2,14 Feb 2012,0.07292,0.07311
Week 3,21 Feb 2012,0.07287,0.07304
Week 4,28 Feb 2012,0.07251,0.07268

Week 1,06 Mar 2012,0.07370,0.07388
Week 2,13 Mar 2012,0.07486,0.07505
Week 3,20 Mar 2012,0.07490,0.07510
Week 4,27 Mar 2012,0.07521,0.07540

Week 1,03 Apr 2012,0.07522,0.07541
Week 2,10 Apr 2012,0.07367,0.07385
Week 3,17 Apr 2012,0.07328,0.07346
Week 4,24 Apr 2012,0.07344,0.07362

Week 1,01 May 2012,0.07448,0.07468
Week 2,08 May 2012,0.07373,0.07391
Week 3,15 May 2012,0.07321,0.07337
Week 4,22 May 2012,0.07323,0.07339

Week 1,29 May 2012,0.07233,0.07250
Week 2,05 Jun 2012,0.07202,0.07219
Week 3,12 Jun 2012,0.07160,0.07176
Week 4,19 Jun 2012,0.07155,0.07171

Week 1,26 Jun 2012,0.07254,0.07271
Week 2,03 Jul 2012,0.07294,0.07306
Week 3,10 Jul 2012,0.07335,0.07346
Week 4,17 Jul 2012,0.07290,0.07301

Week 1,24 Jul 2012,0.07168,0.07178
Week 2,31 Jul 2012,0.07171,0.07182
Week 3,07 Aug 2012,0.07201,0.07211
Week 4,14 Aug 2012,0.07259,0.07270

Week 1,21 Aug 2012,0.07279,0.07290
Week 2,28 Aug 2012,0.07298,0.07309
Week 3,04 Sep 2012,0.07418,0.07429
Week 4,11 Sep 2012,0.07401,0.07412

Week 1,18 Sep 2012,0.07445,0.07456
Week 2,25 Sep 2012,0.07464,0.07475
Week 3,02 Oct 2012,0.07612,0.07622
Week 4,09 Oct 2012,0.07592,0.07604

Week 1,16 Oct 2012,0.07540,0.07551
Week 2,23 Oct 2012,0.07457,0.07466
Week 3,30 Oct 2012,0.07391,0.07402
Week 4,06 Nov 2012,0.07337,0.07347

Week 1,13 Nov 2012,0.07299,0.07308
Week 2,20 Nov 2012,0.07374,0.07383
Week 3,27 Nov 2012,0.07375,0.07383
Week 4,04 Dec 2012,0.07400,0.07408

Week 1,11 Dec 2012,0.07430,0.07439
Week 2,18 Dec 2012,0.07449,0.07457
Week 3,25 Dec 2012,0.07414,0.07422
Week 4,01 Jan 2013,0.07460,0.07467

Week 1,08 Jan 2013,0.07475,0.07482
Week 2,15 Jan 2013,0.07510,0.07517
Week 3,22 Jan 2013,0.07519,0.07525
Week 4,29 Jan 2013,0.07560,0.07567

Week 1,05 Feb 2013,0.07611,0.07619
Week 2,12 Feb 2013,0.07626,0.07634
Week 3,19 Feb 2013,0.07634,0.07641
Week 4,26 Feb 2013,0.07646,0.07653

Week 1,05 Mar 2013,0.07683,0.07692
Week 2,12 Mar 2013,0.07752,0.07759
Week 3,19 Mar 2013,0.07747,0.07754
Week 4,26 Mar 2013,0.07761,0.07770

Week 1,02 Apr 2013,0.07813,0.07824
Week 2,09 Apr 2013,0.07865,0.07875
Week 3,16 Apr 2013,0.07920,0.07928
Week 4,23 Apr 2013,0.07970,0.07982

Week 1,30 Apr 2013,0.07986,0.07996
Week 2,07 May 2013,0.08179,0.08190
Week 3,14 May 2013,0.08296,0.08307
Week 4,21 May 2013,0.08279,0.08292

Week 1,28 May 2013,0.08197,0.08208
Week 2,04 Jun 2013,0.08172,0.08182
Week 3,11 Jun 2013,0.08215,0.08225
Week 4,18 Jun 2013,0.08158,0.08171

Week 1,25 Jun 2013,0.08268,0.08280
Week 2,02 Jul 2013,0.08426,0.08440
Week 3,09 Jul 2013,0.08516,0.08527
Week 4,16 Jul 2013,0.08657,0.08668

Week 1,23 Jul 2013,0.08588,0.08602
Week 2,30 Jul 2013,0.08719,0.08730
Week 3,06 Aug 2013,0.08722,0.08736
Week 4,13 Aug 2013,0.08537,0.08548

Week 1,20 Aug 2013,0.08470,0.08484
Week 2,27 Aug 2013,0.08410,0.08422
Week 3,03 Sep 2013,0.08247,0.08260
Week 4,10 Sep 2013,0.08252,0.08262

Week 1,17 Sep 2013,0.08286,0.08295
Week 2,24 Sep 2013,0.08206,0.08216
Week 3,01 Oct 2013,0.08102,0.08112
Week 4,08 Oct 2013,0.08079,0.08088

Week 1,15 Oct 2013,0.08084,0.08093
Week 2,22 Oct 2013,0.08035,0.08046
Week 3,29 Oct 2013,0.08121,0.08130
Week 4,05 Nov 2013,0.08047,0.08055

Week 1,12 Nov 2013,0.08190,0.08200
Week 2,19 Nov 2013,0.08290,0.08303
Week 3,26 Nov 2013,0.08379,0.08388
Week 4,03 Dec 2013,0.08422,0.08434

Week 1,10 Dec 2013,0.08575,0.08584
Week 2,17 Dec 2013,0.08657,0.08669
Week 3,24 Dec 2013,0.08616,0.08626
Week 4,31 Dec 2013,0.08551,0.08561

Week 1,07 Jan 2014,0.08563,0.08572
Week 2,14 Jan 2014,0.08543,0.08554
Week 3,21 Jan 2014,0.08538,0.08548
Week 4,28 Jan 2014,0.08546,0.08558

Week 1,04 Feb 2014,0.08418,0.08427
Week 2,11 Feb 2014,0.08355,0.08367
Week 3,18 Feb 2014,0.08370,0.08382
Week 4,25 Feb 2014,0.08404,0.08414

Week 1,04 Mar 2014,0.08378,0.08389
Week 2,11 Mar 2014,0.08368,0.08378
Week 3,18 Mar 2014,0.08329,0.08340
Week 4,25 Mar 2014,0.08275,0.08284

Week 1,01 Apr 2014,0.08267,0.08276
Week 2,08 Apr 2014,0.08191,0.08199
Week 3,15 Apr 2014,0.08178,0.08191
Week 4,22 Apr 2014,0.08212,0.08221

Week 1,29 Apr 2014,0.08249,0.08257
Week 2,06 May 2014,0.08242,0.08251
Week 3,13 May 2014,0.08257,0.08267
Week 4,20 May 2014,0.08376,0.08384

Week 1,27 May 2014,0.08377,0.08385
Week 2,03 Jun 2014,0.08324,0.08332
Week 3,10 Jun 2014,0.08185,0.08198
Week 4,17 Jun 2014,0.08179,0.08188

Week 1,24 Jun 2014,0.08165,0.08177
Week 2,01 Jul 2014,0.08198,0.08206
Week 3,08 Jul 2014,0.08193,0.08203
Week 4,15 Jul 2014,0.08226,0.08235

Week 1,22 Jul 2014,0.08205,0.08213
Week 2,29 Jul 2014,0.08154,0.08164
Week 3,05 Aug 2014,0.08117,0.08125
Week 4,12 Aug 2014,0.08190,0.08199

Week 1,19 Aug 2014,0.08197,0.08205
Week 2,26 Aug 2014,0.08177,0.08186
Week 3,02 Sep 2014,0.08176,0.08183
Week 4,09 Sep 2014,0.08278,0.08285

Week 1,16 Sep 2014,0.08415,0.08424
Week 2,23 Sep 2014,0.08485,0.08495
Week 3,30 Sep 2014,0.08515,0.08523
Week 4,07 Oct 2014,0.08503,0.08513

Week 1,14 Oct 2014,0.08462,0.08470
Week 2,21 Oct 2014,0.08396,0.08409
Week 3,28 Oct 2014,0.08407,0.08416
Week 4,04 Nov 2014,0.08513,0.08526

Week 1,11 Nov 2014,0.08462,0.08474
Week 2,18 Nov 2014,0.08471,0.08481
Week 3,25 Nov 2014,0.08490,0.08501
Week 4,02 Dec 2014,0.08409,0.08420

Week 1,09 Dec 2014,0.08276,0.08288
Week 2,16 Dec 2014,0.08342,0.08351
Week 3,23 Dec 2014,0.08371,0.08383
Week 4,30 Dec 2014,0.08315,0.08324

Week 1,06 Jan 2015,0.08338,0.08348
Week 2,13 Jan 2015,0.08355,0.08369
Week 3,20 Jan 2015,0.08455,0.08469
Week 4,27 Jan 2015,0.08612,0.08626

Week 1,03 Feb 2015,0.08654,0.08667
Week 2,10 Feb 2015,0.08632,0.08646
Week 3,17 Feb 2015,0.08552,0.08565
Week 4,24 Feb 2015,0.08528,0.08539

Week 1,03 Mar 2015,0.08462,0.08473
Week 2,10 Mar 2015,0.08430,0.08439
Week 3,17 Mar 2015,0.08516,0.08530
Week 4,24 Mar 2015,0.08485,0.08496

Week 1,31 Mar 2015,0.08701,0.08714
Week 2,07 Apr 2015,0.08672,0.08682
Week 3,14 Apr 2015,0.08483,0.08497
Week 4,21 Apr 2015,0.08343,0.08357

Week 1,28 Apr 2015,0.08221,0.08230
Week 2,05 May 2015,0.08250,0.08258
Week 3,12 May 2015,0.08225,0.08236
Week 4,19 May 2015,0.08327,0.08340

Week 1,26 May 2015,0.08459,0.08470
Week 2,02 Jun 2015,0.08363,0.08375
Week 3,09 Jun 2015,0.08362,0.08376
Week 4,16 Jun 2015,0.08387,0.08398

Week 1,23 Jun 2015,0.08387,0.08396
Week 2,30 Jun 2015,0.08357,0.08371
Week 3,07 Jul 2015,0.08505,0.08518
Week 4,14 Jul 2015,0.08539,0.08549

Week 1,21 Jul 2015,0.08440,0.08451
Week 2,28 Jul 2015,0.08437,0.08451
Week 3,04 Aug 2015,0.08365,0.08373
Week 4,11 Aug 2015,0.08317,0.08331

Week 1,18 Aug 2015,0.08163,0.08176
Week 2,25 Aug 2015,0.08225,0.08234
Week 3,01 Sep 2015,0.08452,0.08467
Week 4,08 Sep 2015,0.08432,0.08441

Week 1,15 Sep 2015,0.08371,0.08382
Week 2,22 Sep 2015,0.08383,0.08397
Week 3,29 Sep 2015,0.08416,0.08427
Week 4,06 Oct 2015,0.08351,0.08360

Week 1,13 Oct 2015,0.08322,0.08335
Week 2,20 Oct 2015,0.08343,0.08356
Week 3,27 Oct 2015,0.08439,0.08448
Week 4,03 Nov 2015,0.08455,0.08463

Week 1,10 Nov 2015,0.08418,0.08427
Week 2,17 Nov 2015,0.08372,0.08385
Week 3,24 Nov 2015,0.08364,0.08373
Week 4,01 Dec 2015,0.08235,0.08245

Week 1,08 Dec 2015,0.08067,0.08077
Week 2,15 Dec 2015,0.08108,0.08118
Week 3,22 Dec 2015,0.08024,0.08033
Week 4,29 Dec 2015,0.07951,0.07958

Week 1,05 Jan 2016,0.08028,0.08038
Week 2,12 Jan 2016,0.07993,0.08003
Week 3,19 Jan 2016,0.07823,0.07830
Week 4,26 Jan 2016,0.07738,0.07746

Week 1,02 Feb 2016,0.07675,0.07684
Week 2,09 Feb 2016,0.07476,0.07485
Week 3,16 Feb 2016,0.07577,0.07585
Week 4,23 Feb 2016,0.07652,0.07661

Week 1,01 Mar 2016,0.07641,0.07651
Week 2,08 Mar 2016,0.07507,0.07516
Week 3,15 Mar 2016,0.07516,0.07527
Week 4,22 Mar 2016,0.07565,0.07578

Week 1,29 Mar 2016,0.07542,0.07554
Week 2,05 Apr 2016,0.07468,0.07479
Week 3,12 Apr 2016,0.07421,0.07433
Week 4,19 Apr 2016,0.07400,0.07410

Week 1,26 Apr 2016,0.07544,0.07552
Week 2,03 May 2016,0.07575,0.07585
Week 3,10 May 2016,0.07561,0.07572
Week 4,17 May 2016,0.07511,0.07520

Week 1,24 May 2016,0.07522,0.07531
Week 2,31 May 2016,0.07412,0.07420
Week 3,07 Jun 2016,0.07305,0.07314
Week 4,14 Jun 2016,0.07175,0.07184

Week 1,21 Jun 2016,0.07138,0.07153
Week 2,28 Jun 2016,0.07215,0.07230
Week 3,05 Jul 2016,0.07136,0.07150
Week 4,12 Jul 2016,0.07130,0.07142

Week 1,19 Jul 2016,0.07187,0.07195
Week 2,26 Jul 2016,0.07068,0.07077
Week 3,02 Aug 2016,0.06974,0.06986
Week 4,09 Aug 2016,0.07088,0.07098

Week 1,16 Aug 2016,0.07187,0.07197
Week 2,23 Aug 2016,0.07122,0.07135
Week 3,30 Aug 2016,0.07083,0.07094
Week 4,06 Sep 2016,0.07053,0.07063

Week 1,13 Sep 2016,0.06908,0.06917
Week 2,20 Sep 2016,0.06671,0.06683
Week 3,27 Sep 2016,0.06693,0.06705
Week 4,04 Oct 2016,0.06804,0.06815

Week 1,11 Oct 2016,0.06945,0.06955
Week 2,18 Oct 2016,0.07008,0.07020
Week 3,25 Oct 2016,0.06998,0.07008
Week 4,01 Nov 2016,0.06833,0.06844

Week 1,08 Nov 2016,0.06586,0.06599
Week 2,15 Nov 2016,0.06538,0.06552
Week 3,22 Nov 2016,0.06541,0.06554
Week 4,29 Nov 2016,0.06502,0.06514

Week 1,06 Dec 2016,0.06561,0.06572
Week 2,13 Dec 2016,0.06630,0.06642
Week 3,20 Dec 2016,0.06729,0.06741
Week 4,27 Dec 2016,0.06707,0.06721

Week 1,03 Jan 2017,0.06503,0.06516
Week 2,10 Jan 2017,0.06229,0.06238
Week 3,17 Jan 2017,0.06115,0.06126
Week 4,24 Jan 2017,0.06242,0.06254

Week 1,31 Jan 2017,0.06360,0.06372
Week 2,07 Feb 2017,0.06385,0.06396
Week 3,14 Feb 2017,0.06395,0.06407
Week 4,21 Feb 2017,0.06494,0.06505

Week 1,28 Feb 2017,0.06618,0.06626
Week 2,07 Mar 2017,0.06743,0.06751
Week 3,14 Mar 2017,0.06764,0.06771
Week 4,21 Mar 2017,0.06886,0.06892

Week 1,28 Mar 2017,0.06963,0.06974
Week 2,04 Apr 2017,0.07064,0.07078
Week 3,11 Apr 2017,0.07115,0.07130
Week 4,18 Apr 2017,0.07077,0.07091

Week 1,25 Apr 2017,0.07055,0.07065
Week 2,02 May 2017,0.07091,0.07104
Week 3,09 May 2017,0.07145,0.07156
Week 4,16 May 2017,0.07170,0.07181

Week 1,23 May 2017,0.07217,0.07230
Week 2,30 May 2017,0.07218,0.07229
Week 3,06 Jun 2017,0.07276,0.07287
Week 4,13 Jun 2017,0.07310,0.07324

Week 1,20 Jun 2017,0.07304,0.07317
Week 2,27 Jun 2017,0.07261,0.07273
Week 3,04 Jul 2017,0.07215,0.07228
Week 4,11 Jul 2017,0.07292,0.07299

Week 1,18 Jul 2017,0.07196,0.07202
Week 2,25 Jul 2017,0.07079,0.07089
Week 3,01 Aug 2017,0.07037,0.07050
Week 4,08 Aug 2017,0.07073,0.07081

Week 1,15 Aug 2017,0.07127,0.07135
Week 2,22 Aug 2017,0.07143,0.07150
Week 3,29 Aug 2017,0.07056,0.07064
Week 4,05 Sep 2017,0.07012,0.07020

Week 1,12 Sep 2017,0.07052,0.07058
Week 2,19 Sep 2017,0.07050,0.07057
Week 3,26 Sep 2017,0.07018,0.07024
Week 4,03 Oct 2017,0.06971,0.06978

Week 1,10 Oct 2017,0.06795,0.06804
Week 2,17 Oct 2017,0.06731,0.06737
Week 3,24 Oct 2017,0.06774,0.06781
Week 4,31 Oct 2017,0.06805,0.06812

Week 1,07 Nov 2017,0.06828,0.06834
Week 2,14 Nov 2017,0.06904,0.06911
Week 3,21 Nov 2017,0.07026,0.07035
Week 4,28 Nov 2017,0.07077,0.07083

Week 1,05 Dec 2017,0.07030,0.07034


