MEX->JPY

Week 1,01 Dec 1998,12.00414,12.03196
Week 2,08 Dec 1998,11.79039,11.81326
Week 3,15 Dec 1998,11.77874,11.79794
Week 4,22 Dec 1998,11.78939,11.80976

Week 1,29 Dec 1998,11.50761,11.52833
Week 2,05 Jan 1999,11.27471,11.29479
Week 3,12 Jan 1999,10.95180,11.02753
Week 4,19 Jan 1999,11.08286,11.11093

Week 1,26 Jan 1999,11.34287,11.36824
Week 2,02 Feb 1999,11.20146,11.22000
Week 3,09 Feb 1999,11.43720,11.45637
Week 4,16 Feb 1999,12.07176,12.09583

Week 1,23 Feb 1999,12.08021,12.10111
Week 2,02 Mar 1999,12.32310,12.34254
Week 3,09 Mar 1999,12.27534,12.29567
Week 4,16 Mar 1999,12.15580,12.17790

Week 1,23 Mar 1999,12.38256,12.40807
Week 2,30 Mar 1999,12.63061,12.66570
Week 3,06 Apr 1999,12.67489,12.70261
Week 4,13 Apr 1999,12.48281,12.50909

Week 1,20 Apr 1999,12.75933,12.78189
Week 2,27 Apr 1999,12.84773,12.86830
Week 3,04 May 1999,12.95549,12.97864
Week 4,11 May 1999,13.07623,13.09947

Week 1,18 May 1999,13.23803,13.26087
Week 2,25 May 1999,12.56704,12.59684
Week 3,01 Jun 1999,12.52901,12.55240
Week 4,08 Jun 1999,12.36914,12.39426

Week 1,15 Jun 1999,12.78171,12.80590
Week 2,22 Jun 1999,12.86697,12.88656
Week 3,29 Jun 1999,12.88226,12.90326
Week 4,06 Jul 1999,13.06264,13.08771

Week 1,13 Jul 1999,12.90310,12.93684
Week 2,20 Jul 1999,12.50200,12.52880
Week 3,27 Jul 1999,12.25367,12.27769
Week 4,03 Aug 1999,12.15209,12.17221

Week 1,10 Aug 1999,12.27197,12.29273
Week 2,17 Aug 1999,11.97257,11.99171
Week 3,24 Aug 1999,11.89801,11.91776
Week 4,31 Aug 1999,11.69334,11.71289

Week 1,07 Sep 1999,11.68943,11.71037
Week 2,14 Sep 1999,11.37823,11.39717
Week 3,21 Sep 1999,11.21266,11.23199
Week 4,28 Sep 1999,11.26134,11.28057

Week 1,05 Oct 1999,11.32503,11.34339
Week 2,12 Oct 1999,11.18743,11.20590
Week 3,19 Oct 1999,10.97571,10.99539
Week 4,26 Oct 1999,10.83377,10.84873

Week 1,02 Nov 1999,11.05259,11.06913
Week 2,09 Nov 1999,11.16943,11.18724
Week 3,16 Nov 1999,11.32970,11.34796
Week 4,23 Nov 1999,11.06820,11.09381

Week 1,30 Nov 1999,10.95454,11.02080
Week 2,07 Dec 1999,10.88337,10.90250
Week 3,14 Dec 1999,11.01866,11.03734
Week 4,21 Dec 1999,10.88871,10.90690

Week 1,28 Dec 1999,10.76229,10.79593
Week 2,04 Jan 2000,10.97526,10.99213
Week 3,11 Jan 2000,11.17060,11.19779
Week 4,18 Jan 2000,11.12834,11.15297

Week 1,25 Jan 2000,11.10730,11.12849
Week 2,01 Feb 2000,11.30439,11.32470
Week 3,08 Feb 2000,11.56829,11.59081
Week 4,15 Feb 2000,11.72996,11.75383

Week 1,22 Feb 2000,11.78523,11.80853
Week 2,29 Feb 2000,11.58806,11.60841
Week 3,07 Mar 2000,11.43517,11.45501
Week 4,14 Mar 2000,11.35637,11.37514

Week 1,21 Mar 2000,11.57197,11.59263
Week 2,28 Mar 2000,11.29810,11.31683
Week 3,04 Apr 2000,11.26999,11.28901
Week 4,11 Apr 2000,11.17616,11.19764

Week 1,18 Apr 2000,11.16699,11.18913
Week 2,25 Apr 2000,11.35637,11.37769
Week 3,02 May 2000,11.53556,11.55663
Week 4,09 May 2000,11.36963,11.38970

Week 1,16 May 2000,11.32609,11.34499
Week 2,23 May 2000,11.27430,11.29733
Week 3,30 May 2000,11.31770,11.33801
Week 4,06 Jun 2000,10.95706,10.98980

Week 1,13 Jun 2000,10.81781,10.84241
Week 2,20 Jun 2000,10.59890,10.62140
Week 3,27 Jun 2000,10.64719,10.68260
Week 4,04 Jul 2000,11.23499,11.26079

Week 1,11 Jul 2000,11.42459,11.44903
Week 2,18 Jul 2000,11.57169,11.59271
Week 3,25 Jul 2000,11.65071,11.69601
Week 4,01 Aug 2000,11.63170,11.65757

Week 1,08 Aug 2000,11.66607,11.68466
Week 2,15 Aug 2000,11.74504,11.76673
Week 3,22 Aug 2000,11.61359,11.63131
Week 4,29 Aug 2000,11.51330,11.53213

Week 1,05 Sep 2000,11.37954,11.39826
Week 2,12 Sep 2000,11.46580,11.48247
Week 3,19 Sep 2000,11.38031,11.39896
Week 4,26 Sep 2000,11.39927,11.42016

Week 1,03 Oct 2000,11.51634,11.54101
Week 2,10 Oct 2000,11.34089,11.35793
Week 3,17 Oct 2000,11.34330,11.35936
Week 4,24 Oct 2000,11.25089,11.27416

Week 1,31 Oct 2000,11.21967,11.24033
Week 2,07 Nov 2000,11.17774,11.19930
Week 3,14 Nov 2000,11.44477,11.46979
Week 4,21 Nov 2000,11.76207,11.78446

Week 1,28 Nov 2000,11.78046,11.80740
Week 2,05 Dec 2000,11.76229,11.79264
Week 3,12 Dec 2000,11.87533,11.89629
Week 4,19 Dec 2000,11.80724,11.83887

Week 1,26 Dec 2000,11.86181,11.88911
Week 2,02 Jan 2001,11.84984,11.87400
Week 3,09 Jan 2001,11.93569,11.95933
Week 4,16 Jan 2001,11.95726,11.97913

Week 1,23 Jan 2001,12.06783,12.08804
Week 2,30 Jan 2001,11.90893,11.93387
Week 3,06 Feb 2001,11.96949,11.99300
Week 4,13 Feb 2001,11.96434,11.99011

Week 1,20 Feb 2001,11.96229,11.98577
Week 2,27 Feb 2001,12.16936,12.19081
Week 3,06 Mar 2001,12.36977,12.39051
Week 4,13 Mar 2001,12.68191,12.70414

Week 1,20 Mar 2001,12.85924,12.88164
Week 2,27 Mar 2001,13.07353,13.09430
Week 3,03 Apr 2001,13.24830,13.27504
Week 4,10 Apr 2001,13.35604,13.38380

Week 1,17 Apr 2001,13.14664,13.16937
Week 2,24 Apr 2001,13.22199,13.24821
Week 3,01 May 2001,13.13417,13.16457
Week 4,08 May 2001,13.25127,13.27599

Week 1,15 May 2001,13.56886,13.60044
Week 2,22 May 2001,13.34417,13.37226
Week 3,29 May 2001,13.07694,13.10937
Week 4,05 Jun 2001,13.22453,13.24870

Week 1,12 Jun 2001,13.48487,13.51766
Week 2,19 Jun 2001,13.67550,13.70209
Week 3,26 Jun 2001,13.73843,13.77373
Week 4,03 Jul 2001,13.76577,13.78846

Week 1,10 Jul 2001,13.44604,13.47867
Week 2,17 Jul 2001,13.46056,13.49674
Week 3,24 Jul 2001,13.50066,13.52996
Week 4,31 Jul 2001,13.52714,13.55379

Week 1,07 Aug 2001,13.46374,13.49373
Week 2,14 Aug 2001,13.23040,13.25689
Week 3,21 Aug 2001,13.16836,13.19921
Week 4,28 Aug 2001,13.00643,13.03176

Week 1,04 Sep 2001,12.90291,12.92704
Week 2,11 Sep 2001,12.44441,12.46450
Week 3,18 Sep 2001,12.40229,12.42554
Week 4,25 Sep 2001,12.51446,12.53946

Week 1,02 Oct 2001,12.59374,12.64269
Week 2,09 Oct 2001,12.82434,12.88271
Week 3,16 Oct 2001,13.11670,13.17329
Week 4,23 Oct 2001,13.24016,13.28723

Week 1,30 Oct 2001,13.12509,13.17564
Week 2,06 Nov 2001,13.05759,13.12683
Week 3,13 Nov 2001,13.20689,13.25000
Week 4,20 Nov 2001,13.47511,13.52011

Week 1,27 Nov 2001,13.33277,13.38280
Week 2,04 Dec 2001,13.50386,13.55394
Week 3,11 Dec 2001,13.84856,13.90919
Week 4,18 Dec 2001,14.07313,14.12009

Week 1,25 Dec 2001,14.30721,14.36420
Week 2,01 Jan 2002,14.35650,14.42574
Week 3,08 Jan 2002,14.32259,14.37730
Week 4,15 Jan 2002,14.39829,14.46250

Week 1,22 Jan 2002,14.65551,14.71227
Week 2,29 Jan 2002,14.54924,14.58806
Week 3,05 Feb 2002,14.63441,14.69219
Week 4,12 Feb 2002,14.61704,14.67633

Week 1,19 Feb 2002,14.69379,14.74330
Week 2,26 Feb 2002,14.68724,14.73940
Week 3,05 Mar 2002,14.26587,14.32043
Week 4,12 Mar 2002,14.16620,14.21931

Week 1,19 Mar 2002,14.56647,14.62636
Week 2,26 Mar 2002,14.67960,14.76321
Week 3,02 Apr 2002,14.64510,14.69753
Week 4,09 Apr 2002,14.46111,14.54596

Week 1,16 Apr 2002,14.09704,14.18544
Week 2,23 Apr 2002,13.81623,13.86684
Week 3,30 Apr 2002,13.47626,13.52661
Week 4,07 May 2002,13.44837,13.50566

Week 1,14 May 2002,13.37380,13.42203
Week 2,21 May 2002,13.06263,13.10180
Week 3,28 May 2002,12.86813,12.90846
Week 4,04 Jun 2002,12.74027,12.78391

Week 1,11 Jun 2002,12.87177,12.92496
Week 2,18 Jun 2002,12.49494,12.54391
Week 3,25 Jun 2002,12.08643,12.12820
Week 4,02 Jul 2002,12.05481,12.09973

Week 1,09 Jul 2002,11.97551,12.01970
Week 2,16 Jul 2002,11.95241,12.00266
Week 3,23 Jul 2002,12.10757,12.14936
Week 4,30 Jul 2002,12.15981,12.21036

Week 1,06 Aug 2002,12.31026,12.35466
Week 2,13 Aug 2002,11.91131,11.95741
Week 3,20 Aug 2002,12.12877,12.17669
Week 4,27 Aug 2002,11.94087,11.98347

Week 1,03 Sep 2002,11.81514,11.86350
Week 2,10 Sep 2002,12.09073,12.11623
Week 3,17 Sep 2002,12.05574,12.11267
Week 4,24 Sep 2002,12.01889,12.05277

Week 1,01 Oct 2002,12.06657,12.09330
Week 2,08 Oct 2002,12.17476,12.22936
Week 3,15 Oct 2002,12.43769,12.48071
Week 4,22 Oct 2002,12.54111,12.60163

Week 1,29 Oct 2002,12.03684,12.07817
Week 2,05 Nov 2002,11.76859,11.80409
Week 3,12 Nov 2002,11.69861,11.73761
Week 4,19 Nov 2002,12.07244,12.10903

Week 1,26 Nov 2002,12.01974,12.05577
Week 2,03 Dec 2002,12.13376,12.17860
Week 3,10 Dec 2002,11.95243,12.00464
Week 4,17 Dec 2002,11.81447,11.86139

Week 1,24 Dec 2002,11.70586,11.73779
Week 2,31 Dec 2002,11.47459,11.50709
Week 3,07 Jan 2003,11.41196,11.45630
Week 4,14 Jan 2003,11.17620,11.21956

Week 1,21 Jan 2003,10.88110,10.93741
Week 2,28 Jan 2003,10.89250,10.93503
Week 3,04 Feb 2003,10.94307,10.99456
Week 4,11 Feb 2003,11.03420,11.07104

Week 1,18 Feb 2003,10.89836,10.93421
Week 2,25 Feb 2003,10.65881,10.68839
Week 3,04 Mar 2003,10.52123,10.54504
Week 4,11 Mar 2003,10.79750,10.83987

Week 1,18 Mar 2003,11.12903,11.15949
Week 2,25 Mar 2003,11.18994,11.22857
Week 3,01 Apr 2003,11.12744,11.16701
Week 4,08 Apr 2003,11.20774,11.24839

Week 1,15 Apr 2003,11.32113,11.36359
Week 2,22 Apr 2003,11.46403,11.50779
Week 3,29 Apr 2003,11.60837,11.65416
Week 4,06 May 2003,11.51124,11.54960

Week 1,13 May 2003,11.30481,11.34117
Week 2,20 May 2003,11.38961,11.42047
Week 3,27 May 2003,11.45126,11.48189
Week 4,03 Jun 2003,11.24524,11.27081

Week 1,10 Jun 2003,11.09419,11.12869
Week 2,17 Jun 2003,11.22003,11.26069
Week 3,24 Jun 2003,11.35451,11.39227
Week 4,01 Jul 2003,11.33179,11.37526

Week 1,08 Jul 2003,11.26471,11.29593
Week 2,15 Jul 2003,11.37597,11.41320
Week 3,22 Jul 2003,11.30350,11.34811
Week 4,29 Jul 2003,11.37327,11.41343

Week 1,05 Aug 2003,11.16559,11.19423
Week 2,12 Aug 2003,11.06807,11.11984
Week 3,19 Aug 2003,10.87226,10.91373
Week 4,26 Aug 2003,10.63329,10.67151

Week 1,02 Sep 2003,10.64633,10.68176
Week 2,09 Sep 2003,10.64414,10.68026
Week 3,16 Sep 2003,10.56324,10.59834
Week 4,23 Sep 2003,10.25281,10.27274

Week 1,30 Sep 2003,9.95682,9.98352
Week 2,07 Oct 2003,9.72245,9.75693
Week 3,14 Oct 2003,9.72413,9.75324
Week 4,21 Oct 2003,9.79959,9.82366

Week 1,28 Oct 2003,9.85833,9.88297
Week 2,04 Nov 2003,9.98132,10.01808
Week 3,11 Nov 2003,9.76776,9.79105
Week 4,18 Nov 2003,9.69833,9.72986

Week 1,25 Nov 2003,9.62084,9.65852
Week 2,02 Dec 2003,9.60368,9.62822
Week 3,09 Dec 2003,9.58949,9.61180
Week 4,16 Dec 2003,9.55644,9.58137

Week 1,23 Dec 2003,9.54003,9.55392
Week 2,30 Dec 2003,9.58972,9.61115
Week 3,06 Jan 2004,9.76586,9.80122
Week 4,13 Jan 2004,9.80884,9.84138

Week 1,20 Jan 2004,9.76808,9.79255
Week 2,27 Jan 2004,9.57517,9.61615
Week 3,03 Feb 2004,9.48318,9.51976
Week 4,10 Feb 2004,9.56236,9.59396

Week 1,17 Feb 2004,9.79906,9.83574
Week 2,24 Feb 2004,9.82921,9.86013
Week 3,02 Mar 2004,10.10454,10.13713
Week 4,09 Mar 2004,10.13513,10.16037

Week 1,16 Mar 2004,9.79858,9.82706
Week 2,23 Mar 2004,9.59381,9.62579
Week 3,30 Mar 2004,9.34799,9.38772
Week 4,06 Apr 2004,9.44926,9.48065

Week 1,13 Apr 2004,9.52946,9.55794
Week 2,20 Apr 2004,9.61083,9.64672
Week 3,27 Apr 2004,9.64326,9.68005
Week 4,04 May 2004,9.62056,9.64657

Week 1,11 May 2004,9.78435,9.81567
Week 2,18 May 2004,9.75695,9.79686
Week 3,25 May 2004,9.69260,9.73574
Week 4,01 Jun 2004,9.64738,9.68398

Week 1,08 Jun 2004,9.65588,9.68870
Week 2,15 Jun 2004,9.61553,9.65237
Week 3,22 Jun 2004,9.52153,9.55499
Week 4,29 Jun 2004,9.41268,9.45871

Week 1,06 Jul 2004,9.42986,9.46830
Week 2,13 Jul 2004,9.47868,9.53198
Week 3,20 Jul 2004,9.55969,9.60055
Week 4,27 Jul 2004,9.69202,9.73439

Week 1,03 Aug 2004,9.68001,9.72636
Week 2,10 Aug 2004,9.69304,9.73900
Week 3,17 Aug 2004,9.63665,9.67882
Week 4,24 Aug 2004,9.61430,9.66111

Week 1,31 Aug 2004,9.56227,9.60304
Week 2,07 Sep 2004,9.43562,9.48641
Week 3,14 Sep 2004,9.52200,9.57924
Week 4,21 Sep 2004,9.64362,9.68979

Week 1,28 Sep 2004,9.71160,9.74935
Week 2,05 Oct 2004,9.76433,9.83051
Week 3,12 Oct 2004,9.61615,9.66593
Week 4,19 Oct 2004,9.37827,9.41900

Week 1,26 Oct 2004,9.18752,9.22583
Week 2,02 Nov 2004,9.26331,9.30796
Week 3,09 Nov 2004,9.27893,9.32371
Week 4,16 Nov 2004,9.13360,9.17830

Week 1,23 Nov 2004,9.08813,9.13778
Week 2,30 Nov 2004,9.16568,9.21068
Week 3,07 Dec 2004,9.23404,9.27551
Week 4,14 Dec 2004,9.29113,9.33069

Week 1,21 Dec 2004,9.30577,9.34832
Week 2,28 Dec 2004,9.19371,9.23348
Week 3,04 Jan 2005,9.21563,9.25009
Week 4,11 Jan 2005,9.13841,9.16567

Week 1,18 Jan 2005,9.11167,9.15248
Week 2,25 Jan 2005,9.15715,9.18541
Week 3,01 Feb 2005,9.29777,9.33963
Week 4,08 Feb 2005,9.43917,9.47867

Week 1,15 Feb 2005,9.45747,9.48554
Week 2,22 Feb 2005,9.46095,9.49255
Week 3,01 Mar 2005,9.43804,9.47531
Week 4,08 Mar 2005,9.43376,9.46251

Week 1,15 Mar 2005,9.33726,9.36241
Week 2,22 Mar 2005,9.40144,9.42399
Week 3,29 Mar 2005,9.56583,9.59214
Week 4,05 Apr 2005,9.68664,9.70794

Week 1,12 Apr 2005,9.69497,9.71967
Week 2,19 Apr 2005,9.61330,9.62957
Week 3,26 Apr 2005,9.51581,9.53689
Week 4,03 May 2005,9.54618,9.57396

Week 1,10 May 2005,9.65633,9.69458
Week 2,17 May 2005,9.79513,9.82194
Week 3,24 May 2005,9.85761,9.88081
Week 4,31 May 2005,9.95901,9.97357

Week 1,07 Jun 2005,9.90501,9.92335
Week 2,14 Jun 2005,10.06757,10.10394
Week 3,21 Jun 2005,10.09657,10.12159
Week 4,28 Jun 2005,10.29503,10.32029

Week 1,05 Jul 2005,10.39810,10.42404
Week 2,12 Jul 2005,10.50110,10.51709
Week 3,19 Jul 2005,10.48629,10.52943
Week 4,26 Jul 2005,10.54110,10.55851

Week 1,02 Aug 2005,10.53591,10.55123
Week 2,09 Aug 2005,10.38096,10.40144
Week 3,16 Aug 2005,10.28614,10.30746
Week 4,23 Aug 2005,10.15880,10.17013

Week 1,30 Aug 2005,10.25697,10.27179
Week 2,06 Sep 2005,10.23236,10.26987
Week 3,13 Sep 2005,10.24809,10.27631
Week 4,20 Sep 2005,10.33326,10.34433

Week 1,27 Sep 2005,10.45144,10.47250
Week 2,04 Oct 2005,10.56886,10.58381
Week 3,11 Oct 2005,10.48943,10.50809
Week 4,18 Oct 2005,10.62637,10.64519

Week 1,25 Oct 2005,10.63539,10.64936
Week 2,01 Nov 2005,10.89557,10.91500
Week 3,08 Nov 2005,11.00079,11.02444
Week 4,15 Nov 2005,11.14500,11.17253

Week 1,22 Nov 2005,11.20574,11.23339
Week 2,29 Nov 2005,11.34656,11.37871
Week 3,06 Dec 2005,11.48871,11.52244
Week 4,13 Dec 2005,11.06004,11.09176

Week 1,20 Dec 2005,10.87596,10.90776
Week 2,27 Dec 2005,10.93534,10.97247
Week 3,03 Jan 2006,10.94253,10.98156
Week 4,10 Jan 2006,10.78896,10.81966

Week 1,17 Jan 2006,10.90287,10.93383
Week 2,24 Jan 2006,11.03657,11.06056
Week 3,31 Jan 2006,11.27227,11.29983
Week 4,07 Feb 2006,11.24606,11.27817

Week 1,14 Feb 2006,11.22153,11.24913
Week 2,21 Feb 2006,11.22387,11.25253
Week 3,28 Feb 2006,11.03977,11.06566
Week 4,07 Mar 2006,11.03756,11.06136

Week 1,14 Mar 2006,10.95736,10.98814
Week 2,21 Mar 2006,10.79309,10.81930
Week 3,28 Mar 2006,10.73930,10.76480
Week 4,04 Apr 2006,10.69253,10.71363

Week 1,11 Apr 2006,10.67123,10.70059
Week 2,18 Apr 2006,10.62544,10.64777
Week 3,25 Apr 2006,10.30663,10.32999
Week 4,02 May 2006,10.28004,10.30711

Week 1,09 May 2006,10.08637,10.10887
Week 2,16 May 2006,9.92276,9.94853
Week 3,23 May 2006,10.00926,10.03712
Week 4,30 May 2006,9.94811,9.97624

Week 1,06 Jun 2006,9.97562,9.98567
Week 2,13 Jun 2006,10.03756,10.06441
Week 3,20 Jun 2006,10.10561,10.13379
Week 4,27 Jun 2006,10.13479,10.16326

Week 1,04 Jul 2006,10.31617,10.34519
Week 2,11 Jul 2006,10.45177,10.48086
Week 3,18 Jul 2006,10.64879,10.67449
Week 4,25 Jul 2006,10.61177,10.64284

Week 1,01 Aug 2006,10.46346,10.49097
Week 2,08 Aug 2006,10.62964,10.65973
Week 3,15 Aug 2006,10.72301,10.75301
Week 4,22 Aug 2006,10.68736,10.71670

Week 1,29 Aug 2006,10.73556,10.76430
Week 2,05 Sep 2006,10.62423,10.65497
Week 3,12 Sep 2006,10.68269,10.71336
Week 4,19 Sep 2006,10.63663,10.66656

Week 1,26 Sep 2006,10.64273,10.67280
Week 2,03 Oct 2006,10.70836,10.73526
Week 3,10 Oct 2006,10.88233,10.91311
Week 4,17 Oct 2006,10.94643,10.97723

Week 1,24 Oct 2006,10.98126,11.01293
Week 2,31 Oct 2006,10.86911,10.89953
Week 3,07 Nov 2006,10.82796,10.85813
Week 4,14 Nov 2006,10.80009,10.82847

Week 1,21 Nov 2006,10.62364,10.64696
Week 2,28 Nov 2006,10.49621,10.51839
Week 3,05 Dec 2006,10.60909,10.63041
Week 4,12 Dec 2006,10.85877,10.88297

Week 1,19 Dec 2006,10.91099,10.93259
Week 2,26 Dec 2006,10.94207,10.97094
Week 3,02 Jan 2007,10.93516,10.96277
Week 4,09 Jan 2007,10.89837,10.92014

Week 1,16 Jan 2007,11.05249,11.07459
Week 2,23 Jan 2007,11.04629,11.06773
Week 3,30 Jan 2007,11.00887,11.03031
Week 4,06 Feb 2007,11.03474,11.05659

Week 1,13 Feb 2007,10.95373,10.97374
Week 2,20 Feb 2007,10.94734,10.96867
Week 3,27 Feb 2007,10.59631,10.60751
Week 4,06 Mar 2007,10.48071,10.50141

Week 1,13 Mar 2007,10.46929,10.49019
Week 2,20 Mar 2007,10.63063,10.65211
Week 3,27 Mar 2007,10.65557,10.67669
Week 4,03 Apr 2007,10.78661,10.80864

Week 1,10 Apr 2007,10.82304,10.84804
Week 2,17 Apr 2007,10.79817,10.81967
Week 3,24 Apr 2007,10.86514,10.88689
Week 4,01 May 2007,10.98154,11.00357

Week 1,08 May 2007,11.07626,11.09866
Week 2,15 May 2007,11.17244,11.19484
Week 3,22 May 2007,11.24949,11.27201
Week 4,29 May 2007,11.31000,11.33296

Week 1,05 Jun 2007,11.18577,11.20800
Week 2,12 Jun 2007,11.26254,11.28507
Week 3,19 Jun 2007,11.43953,11.46210
Week 4,26 Jun 2007,11.36901,11.39171

Week 1,03 Jul 2007,11.39340,11.41663
Week 2,10 Jul 2007,11.34156,11.36423
Week 3,17 Jul 2007,11.29753,11.31886
Week 4,24 Jul 2007,10.98111,11.00266

Week 1,31 Jul 2007,10.79576,10.81711
Week 2,07 Aug 2007,10.78076,10.80154
Week 3,14 Aug 2007,10.42317,10.44327
Week 4,21 Aug 2007,10.43690,10.45690

Week 1,28 Aug 2007,10.44551,10.46640
Week 2,04 Sep 2007,10.36246,10.38276
Week 3,11 Sep 2007,10.29466,10.31506
Week 4,18 Sep 2007,10.46527,10.48617

Week 1,25 Sep 2007,10.51074,10.53169
Week 2,02 Oct 2007,10.67499,10.69649
Week 3,09 Oct 2007,10.82907,10.85087
Week 4,16 Oct 2007,10.70911,10.73074

Week 1,23 Oct 2007,10.57049,10.59194
Week 2,30 Oct 2007,10.72086,10.73291
Week 3,06 Nov 2007,10.43400,10.45499
Week 4,13 Nov 2007,10.13214,10.15253

Week 1,20 Nov 2007,9.92226,9.94188
Week 2,27 Nov 2007,10.02090,10.04163
Week 3,04 Dec 2007,10.20946,10.23024
Week 4,11 Dec 2007,10.35537,10.37643

Week 1,18 Dec 2007,10.45836,10.48169
Week 2,25 Dec 2007,10.44196,10.47650
Week 3,01 Jan 2008,10.07474,10.10447
Week 4,08 Jan 2008,9.97866,9.99886

Week 1,15 Jan 2008,9.80337,9.82325
Week 2,22 Jan 2008,9.74966,9.76952
Week 3,29 Jan 2008,9.82633,9.84586
Week 4,05 Feb 2008,9.90236,9.92277

Week 1,12 Feb 2008,9.99412,10.01467
Week 2,19 Feb 2008,9.98110,10.00166
Week 3,26 Feb 2008,9.85254,9.87278
Week 4,04 Mar 2008,9.56715,9.58676

Week 1,11 Mar 2008,9.34752,9.36707
Week 2,18 Mar 2008,9.20227,9.22207
Week 3,25 Mar 2008,9.30629,9.32811
Week 4,01 Apr 2008,9.56194,9.58316

Week 1,08 Apr 2008,9.63194,9.65071
Week 2,15 Apr 2008,9.75624,9.77702
Week 3,22 Apr 2008,9.90033,9.92137
Week 4,29 Apr 2008,9.96870,9.99000

Week 1,06 May 2008,9.86731,9.88889
Week 2,13 May 2008,9.95841,9.97963
Week 3,20 May 2008,9.96488,9.98745
Week 4,27 May 2008,10.10698,10.12991

Week 1,03 Jun 2008,10.16749,10.18757
Week 2,10 Jun 2008,10.33066,10.35386
Week 3,17 Jun 2008,10.44606,10.46889
Week 4,24 Jun 2008,10.39621,10.41826

Week 1,01 Jul 2008,10.27254,10.29446
Week 2,08 Jul 2008,10.35130,10.37336
Week 3,15 Jul 2008,10.34157,10.36390
Week 4,22 Jul 2008,10.63806,10.66194

Week 1,29 Jul 2008,10.76413,10.78721
Week 2,05 Aug 2008,10.89369,10.91544
Week 3,12 Aug 2008,10.79930,10.82073
Week 4,19 Aug 2008,10.81190,10.82881

Week 1,26 Aug 2008,10.69324,10.71447
Week 2,02 Sep 2008,10.35351,10.37490
Week 3,09 Sep 2008,10.18803,10.20944
Week 4,16 Sep 2008,9.89192,9.91777

Week 1,23 Sep 2008,9.85136,9.87552
Week 2,30 Sep 2008,9.51536,9.54001
Week 3,07 Oct 2008,8.06758,8.09125
Week 4,14 Oct 2008,7.93744,7.98706

Week 1,21 Oct 2008,7.25260,7.31668
Week 2,28 Oct 2008,7.42216,7.50608
Week 3,04 Nov 2008,7.67417,7.72483
Week 4,11 Nov 2008,7.48091,7.52606

Week 1,18 Nov 2008,7.12416,7.15439
Week 2,25 Nov 2008,7.12599,7.16298
Week 3,02 Dec 2008,6.82241,6.86525
Week 4,09 Dec 2008,6.79934,6.82375

Week 1,16 Dec 2008,6.74513,6.78538
Week 2,23 Dec 2008,6.77267,6.82764
Week 3,30 Dec 2008,6.60218,6.67531
Week 4,06 Jan 2009,6.76311,6.79286

Week 1,13 Jan 2009,6.46067,6.48303
Week 2,20 Jan 2009,6.39146,6.41368
Week 3,27 Jan 2009,6.30542,6.32913
Week 4,03 Feb 2009,6.28985,6.31204

Week 1,10 Feb 2009,6.31353,6.33339
Week 2,17 Feb 2009,6.32373,6.34816
Week 3,24 Feb 2009,6.43949,6.45117
Week 4,03 Mar 2009,6.42080,6.43336

Week 1,10 Mar 2009,6.55603,6.57119
Week 2,17 Mar 2009,6.81978,6.83952
Week 3,24 Mar 2009,6.83388,6.85629
Week 4,31 Mar 2009,7.12429,7.14329

Week 1,07 Apr 2009,7.51406,7.53598
Week 2,14 Apr 2009,7.56693,7.58831
Week 3,21 Apr 2009,7.38072,7.39705
Week 4,28 Apr 2009,7.08288,7.10351

Week 1,05 May 2009,7.47508,7.49575
Week 2,12 May 2009,7.24918,7.27093
Week 3,19 May 2009,7.25320,7.27156
Week 4,26 May 2009,7.23265,7.25184

Week 1,02 Jun 2009,7.30512,7.32584
Week 2,09 Jun 2009,7.28618,7.30778
Week 3,16 Jun 2009,7.19931,7.21958
Week 4,23 Jun 2009,7.18682,7.20824

Week 1,30 Jun 2009,7.26859,7.29052
Week 2,07 Jul 2009,6.92573,6.94511
Week 3,14 Jul 2009,6.90166,6.92023
Week 4,21 Jul 2009,7.11550,7.13502

Week 1,28 Jul 2009,7.16671,7.18737
Week 2,04 Aug 2009,7.34268,7.36373
Week 3,11 Aug 2009,7.40670,7.42554
Week 4,18 Aug 2009,7.31021,7.32911

Week 1,25 Aug 2009,7.16298,7.18220
Week 2,01 Sep 2009,6.89189,6.90796
Week 3,08 Sep 2009,6.85525,6.87200
Week 4,15 Sep 2009,6.84751,6.86007

Week 1,22 Sep 2009,6.74593,6.76157
Week 2,29 Sep 2009,6.58936,6.60276
Week 3,06 Oct 2009,6.64461,6.66166
Week 4,13 Oct 2009,6.86267,6.88074

Week 1,20 Oct 2009,7.00757,7.02612
Week 2,27 Oct 2009,6.89648,6.91288
Week 3,03 Nov 2009,6.76993,6.78639
Week 4,10 Nov 2009,6.81223,6.82932

Week 1,17 Nov 2009,6.82127,6.83910
Week 2,24 Nov 2009,6.74417,6.76204
Week 3,01 Dec 2009,6.91684,6.93413
Week 4,08 Dec 2009,6.90786,6.92520

Week 1,15 Dec 2009,7.00002,7.01762
Week 2,22 Dec 2009,7.07467,7.10068
Week 3,29 Dec 2009,7.08099,7.10176
Week 4,05 Jan 2010,7.22812,7.24626

Week 1,12 Jan 2010,7.17307,7.19188
Week 2,19 Jan 2010,7.05835,7.07532
Week 3,26 Jan 2010,6.92847,6.94534
Week 4,02 Feb 2010,6.89675,6.91363

Week 1,09 Feb 2010,6.87484,6.89122
Week 2,16 Feb 2010,7.06746,7.08100
Week 3,23 Feb 2010,7.00000,7.01310
Week 4,02 Mar 2010,7.03837,7.05200

Week 1,09 Mar 2010,7.17250,7.18581
Week 2,16 Mar 2010,7.20878,7.22278
Week 3,23 Mar 2010,7.31180,7.32576
Week 4,30 Mar 2010,7.56913,7.58395

Week 1,06 Apr 2010,7.64396,7.65823
Week 2,13 Apr 2010,7.58836,7.60207
Week 3,20 Apr 2010,7.63379,7.64016
Week 4,27 Apr 2010,7.64723,7.66145

Week 1,04 May 2010,7.33320,7.34764
Week 2,11 May 2010,7.40682,7.42129
Week 3,18 May 2010,7.06245,7.07716
Week 4,25 May 2010,6.97056,6.98514

Week 1,01 Jun 2010,7.11466,7.12936
Week 2,08 Jun 2010,7.15109,7.16514
Week 3,15 Jun 2010,7.23457,7.24485
Week 4,22 Jun 2010,7.12011,7.13410

Week 1,29 Jun 2010,6.81759,6.83098
Week 2,06 Jul 2010,6.83676,6.85018
Week 3,13 Jul 2010,6.83315,6.84587
Week 4,20 Jul 2010,6.80269,6.81601

Week 1,27 Jul 2010,6.85480,6.86758
Week 2,03 Aug 2010,6.80383,6.81658
Week 3,10 Aug 2010,6.74613,6.75917
Week 4,17 Aug 2010,6.72917,6.74177

Week 1,24 Aug 2010,6.53641,6.54856
Week 2,31 Aug 2010,6.46307,6.47514
Week 3,07 Sep 2010,6.46600,6.47999
Week 4,14 Sep 2010,6.63059,6.64380

Week 1,21 Sep 2010,6.69247,6.70511
Week 2,28 Sep 2010,6.66651,6.67915
Week 3,05 Oct 2010,6.60780,6.62040
Week 4,12 Oct 2010,6.56461,6.57726

Week 1,19 Oct 2010,6.54986,6.56257
Week 2,26 Oct 2010,6.53043,6.54393
Week 3,02 Nov 2010,6.59156,6.60912
Week 4,09 Nov 2010,6.66820,6.68579

Week 1,16 Nov 2010,6.75646,6.77412
Week 2,23 Nov 2010,6.73316,6.75047
Week 3,30 Nov 2010,6.72311,6.74101
Week 4,07 Dec 2010,6.71322,6.73085

Week 1,14 Dec 2010,6.75107,6.76847
Week 2,21 Dec 2010,6.72683,6.74574
Week 3,28 Dec 2010,6.60863,6.62794
Week 4,04 Jan 2011,6.74230,6.76027

Week 1,11 Jan 2011,6.83775,6.85546
Week 2,18 Jan 2011,6.84375,6.86163
Week 3,25 Jan 2011,6.79954,6.81752
Week 4,01 Feb 2011,6.79197,6.80990

Week 1,08 Feb 2011,6.87386,6.89162
Week 2,15 Feb 2011,6.91077,6.92849
Week 3,22 Feb 2011,6.78225,6.79989
Week 4,01 Mar 2011,6.80141,6.81572

Week 1,08 Mar 2011,6.87145,6.88964
Week 2,15 Mar 2011,6.69927,6.71792
Week 3,22 Mar 2011,6.75687,6.77465
Week 4,29 Mar 2011,6.96755,6.98556

Week 1,05 Apr 2011,7.18457,7.20517
Week 2,12 Apr 2011,7.12023,7.13927
Week 3,19 Apr 2011,7.05560,7.07515
Week 4,26 Apr 2011,7.05719,7.07689

Week 1,03 May 2011,6.94503,6.96434
Week 2,10 May 2011,6.92077,6.93901
Week 3,17 May 2011,6.96120,6.97949
Week 4,24 May 2011,6.97294,6.99106

Week 1,31 May 2011,6.93367,6.95220
Week 2,07 Jun 2011,6.78129,6.79927
Week 3,14 Jun 2011,6.74958,6.76703
Week 4,21 Jun 2011,6.76407,6.78204

Week 1,28 Jun 2011,6.86999,6.88846
Week 2,05 Jul 2011,6.95669,6.97570
Week 3,12 Jul 2011,6.76011,6.77799
Week 4,19 Jul 2011,6.74372,6.76119

Week 1,26 Jul 2011,6.63236,6.65031
Week 2,02 Aug 2011,6.55153,6.57427
Week 3,09 Aug 2011,6.25179,6.26944
Week 4,16 Aug 2011,6.23876,6.25491

Week 1,23 Aug 2011,6.18380,6.19929
Week 2,30 Aug 2011,6.18171,6.19719
Week 3,06 Sep 2011,6.15002,6.16576
Week 4,13 Sep 2011,5.93560,5.95061

Week 1,20 Sep 2011,5.66473,5.67998
Week 2,27 Sep 2011,5.61163,5.62585
Week 3,04 Oct 2011,5.61933,5.63392
Week 4,11 Oct 2011,5.77780,5.79302

Week 1,18 Oct 2011,5.66114,5.67551
Week 2,25 Oct 2011,5.72093,5.73670
Week 3,01 Nov 2011,5.80428,5.82052
Week 4,08 Nov 2011,5.74271,5.75791

Week 1,15 Nov 2011,5.63856,5.65306
Week 2,22 Nov 2011,5.47427,5.48685
Week 3,29 Nov 2011,5.65538,5.67075
Week 4,06 Dec 2011,5.72311,5.73834

Week 1,13 Dec 2011,5.61948,5.63358
Week 2,20 Dec 2011,5.63315,5.64774
Week 3,27 Dec 2011,5.55344,5.56881
Week 4,03 Jan 2012,5.58026,5.59411

Week 1,10 Jan 2012,5.63655,5.65047
Week 2,17 Jan 2012,5.76070,5.77448
Week 3,24 Jan 2012,5.91535,5.92991
Week 4,31 Jan 2012,5.94296,5.95760

Week 1,07 Feb 2012,6.05874,6.07359
Week 2,14 Feb 2012,6.15301,6.16877
Week 3,21 Feb 2012,6.26353,6.27849
Week 4,28 Feb 2012,6.32761,6.34288

Week 1,06 Mar 2012,6.38552,6.40093
Week 2,13 Mar 2012,6.56134,6.57793
Week 3,20 Mar 2012,6.51446,6.53127
Week 4,27 Mar 2012,6.47779,6.49339

Week 1,03 Apr 2012,6.38020,6.39643
Week 2,10 Apr 2012,6.17509,6.19012
Week 3,17 Apr 2012,6.17087,6.18650
Week 4,24 Apr 2012,6.16493,6.18115

Week 1,01 May 2012,6.13406,6.14947
Week 2,08 May 2012,5.93767,5.95240
Week 3,15 May 2012,5.77818,5.79195
Week 4,22 May 2012,5.70538,5.71843

Week 1,29 May 2012,5.55662,5.56938
Week 2,05 Jun 2012,5.60866,5.62219
Week 3,12 Jun 2012,5.66767,5.68099
Week 4,19 Jun 2012,5.76729,5.78101

Week 1,26 Jun 2012,5.84730,5.86104
Week 2,03 Jul 2012,5.96064,5.96994
Week 3,10 Jul 2012,5.93921,5.94788
Week 4,17 Jul 2012,5.93578,5.94504

Week 1,24 Jul 2012,5.81917,5.82730
Week 2,31 Jul 2012,5.90723,5.91572
Week 3,07 Aug 2012,5.96516,5.97297
Week 4,14 Aug 2012,6.01275,6.02155

Week 1,21 Aug 2012,5.99970,6.00839
Week 2,28 Aug 2012,5.92864,5.93742
Week 3,04 Sep 2012,5.98616,5.99497
Week 4,11 Sep 2012,6.05358,6.06221

Week 1,18 Sep 2012,6.10421,6.11358
Week 2,25 Sep 2012,6.04123,6.05036
Week 3,02 Oct 2012,6.11501,6.12356
Week 4,09 Oct 2012,6.08495,6.09446

Week 1,16 Oct 2012,6.15029,6.15922
Week 2,23 Oct 2012,6.15336,6.16084
Week 3,30 Oct 2012,6.12930,6.13795
Week 4,06 Nov 2012,6.09241,6.10041

Week 1,13 Nov 2012,6.09344,6.10099
Week 2,20 Nov 2012,6.29826,6.30614
Week 3,27 Nov 2012,6.33553,6.34258
Week 4,04 Dec 2012,6.37679,6.38371

Week 1,11 Dec 2012,6.50476,6.51199
Week 2,18 Dec 2012,6.56567,6.57179
Week 3,25 Dec 2012,6.57203,6.57842
Week 4,01 Jan 2013,6.80629,6.81187

Week 1,08 Jan 2013,6.95158,6.95698
Week 2,15 Jan 2013,7.07236,7.07839
Week 3,22 Jan 2013,7.08606,7.09127
Week 4,29 Jan 2013,7.21755,7.22444

Week 1,05 Feb 2013,7.32403,7.33195
Week 2,12 Feb 2013,7.34377,7.35164
Week 3,19 Feb 2013,7.35696,7.36441
Week 4,26 Feb 2013,7.26625,7.27303

Week 1,05 Mar 2013,7.43570,7.44269
Week 2,12 Mar 2013,7.68369,7.69037
Week 3,19 Mar 2013,7.65642,7.66548
Week 4,26 Mar 2013,7.63845,7.64848

Week 1,02 Apr 2013,7.75654,7.76599
Week 2,09 Apr 2013,8.16866,8.17914
Week 3,16 Apr 2013,8.05695,8.06582
Week 4,23 Apr 2013,8.10019,8.11017

Week 1,30 Apr 2013,8.08006,8.08961
Week 2,07 May 2013,8.29961,8.30912
Week 3,14 May 2013,8.36460,8.37326
Week 4,21 May 2013,8.20928,8.21914

Week 1,28 May 2013,7.96310,7.97359
Week 2,04 Jun 2013,7.71013,7.71796
Week 3,11 Jun 2013,7.48254,7.49208
Week 4,18 Jun 2013,7.36557,7.37335

Week 1,25 Jun 2013,7.50113,7.50987
Week 2,02 Jul 2013,7.71449,7.72312
Week 3,09 Jul 2013,7.75996,7.76898
Week 4,16 Jul 2013,7.94469,7.95590

Week 1,23 Jul 2013,7.87441,7.88528
Week 2,30 Jul 2013,7.73620,7.74658
Week 3,06 Aug 2013,7.66985,7.67981
Week 4,13 Aug 2013,7.62476,7.63412

Week 1,20 Aug 2013,7.52682,7.53673
Week 2,27 Aug 2013,7.37644,7.38693
Week 3,03 Sep 2013,7.47256,7.48092
Week 4,10 Sep 2013,7.61332,7.62088

Week 1,17 Sep 2013,7.71421,7.72425
Week 2,24 Sep 2013,7.57699,7.58497
Week 3,01 Oct 2013,7.42948,7.43661
Week 4,08 Oct 2013,7.46645,7.47446

Week 1,15 Oct 2013,7.60420,7.61461
Week 2,22 Oct 2013,7.55232,7.56019
Week 3,29 Oct 2013,7.56906,7.57866
Week 4,05 Nov 2013,7.50947,7.51777

Week 1,12 Nov 2013,7.63683,7.64437
Week 2,19 Nov 2013,7.74995,7.75822
Week 3,26 Nov 2013,7.79689,7.80547
Week 4,03 Dec 2013,7.85026,7.85873

Week 1,10 Dec 2013,7.97948,7.98911
Week 2,17 Dec 2013,7.99287,8.00343
Week 3,24 Dec 2013,8.02414,8.03315
Week 4,31 Dec 2013,8.01322,8.02145

Week 1,07 Jan 2014,8.00533,8.01302
Week 2,14 Jan 2014,7.89964,7.90859
Week 3,21 Jan 2014,7.74553,7.75537
Week 4,28 Jan 2014,7.66593,7.67601

Week 1,04 Feb 2014,7.63848,7.64858
Week 2,11 Feb 2014,7.68471,7.69284
Week 3,18 Feb 2014,7.70758,7.71571
Week 4,25 Feb 2014,7.69495,7.70287

Week 1,04 Mar 2014,7.74533,7.75506
Week 2,11 Mar 2014,7.72363,7.73131
Week 3,18 Mar 2014,7.71105,7.71918
Week 4,25 Mar 2014,7.80479,7.81173

Week 1,01 Apr 2014,7.92207,7.93009
Week 2,08 Apr 2014,7.82666,7.83365
Week 3,15 Apr 2014,7.81774,7.82797
Week 4,22 Apr 2014,7.81785,7.82489

Week 1,29 Apr 2014,7.82692,7.83617
Week 2,06 May 2014,7.83903,7.84709
Week 3,13 May 2014,7.87275,7.87980
Week 4,20 May 2014,7.87987,7.88817

Week 1,27 May 2014,7.91042,7.92056
Week 2,03 Jun 2014,7.92899,7.93641
Week 3,10 Jun 2014,7.84908,7.85724
Week 4,17 Jun 2014,7.82924,7.83660

Week 1,24 Jun 2014,7.81655,7.82629
Week 2,01 Jul 2014,7.84509,7.85302
Week 3,08 Jul 2014,7.81020,7.81979
Week 4,15 Jul 2014,7.82799,7.83592

Week 1,22 Jul 2014,7.84352,7.85061
Week 2,29 Jul 2014,7.80324,7.80993
Week 3,05 Aug 2014,7.71577,7.72187
Week 4,12 Aug 2014,7.79598,7.80310

Week 1,19 Aug 2014,7.89198,7.89926
Week 2,26 Aug 2014,7.93376,7.94099
Week 3,02 Sep 2014,8.01611,8.02227
Week 4,09 Sep 2014,8.07882,8.08573

Week 1,16 Sep 2014,8.18068,8.18865
Week 2,23 Sep 2014,8.16346,8.17058
Week 3,30 Sep 2014,8.12583,8.13285
Week 4,07 Oct 2014,8.04748,8.05464

Week 1,14 Oct 2014,7.90575,7.91300
Week 2,21 Oct 2014,7.93562,7.94257
Week 3,28 Oct 2014,8.13900,8.14611
Week 4,04 Nov 2014,8.41862,8.42595

Week 1,11 Nov 2014,8.52175,8.52865
Week 2,18 Nov 2014,8.63102,8.64052
Week 3,25 Nov 2014,8.57463,8.58426
Week 4,02 Dec 2014,8.47270,8.48106

Week 1,09 Dec 2014,8.17496,8.18356
Week 2,16 Dec 2014,8.08656,8.09534
Week 3,23 Dec 2014,8.17833,8.18773
Week 4,30 Dec 2014,8.12897,8.13869

Week 1,06 Jan 2015,8.08120,8.08871
Week 2,13 Jan 2015,8.05183,8.06146
Week 3,20 Jan 2015,8.04150,8.05057
Week 4,27 Jan 2015,7.96691,7.97630

Week 1,03 Feb 2015,7.95286,7.96053
Week 2,10 Feb 2015,7.97838,7.98784
Week 3,17 Feb 2015,7.94348,7.95193
Week 4,24 Feb 2015,7.95522,7.96391

Week 1,03 Mar 2015,7.90813,7.91514
Week 2,10 Mar 2015,7.82563,7.83348
Week 3,17 Mar 2015,7.91360,7.92225
Week 4,24 Mar 2015,7.91555,7.92298

Week 1,31 Mar 2015,7.93168,7.94141
Week 2,07 Apr 2015,7.98264,7.99135
Week 3,14 Apr 2015,7.80058,7.80975
Week 4,21 Apr 2015,7.74537,7.75278

Week 1,28 Apr 2015,7.75710,7.76620
Week 2,05 May 2015,7.82711,7.83629
Week 3,12 May 2015,7.88080,7.88991
Week 4,19 May 2015,7.95243,7.96063

Week 1,26 May 2015,8.04529,8.05232
Week 2,02 Jun 2015,8.01561,8.02333
Week 3,09 Jun 2015,7.98552,7.99443
Week 4,16 Jun 2015,8.01106,8.01953

Week 1,23 Jun 2015,7.99326,8.00135
Week 2,30 Jun 2015,7.81035,7.81929
Week 3,07 Jul 2015,7.74995,7.75871
Week 4,14 Jul 2015,7.82341,7.83213

Week 1,21 Jul 2015,7.68417,7.69143
Week 2,28 Jul 2015,7.62787,7.63558
Week 3,04 Aug 2015,7.66076,7.66759
Week 4,11 Aug 2015,7.62508,7.63312

Week 1,18 Aug 2015,7.39207,7.40007
Week 2,25 Aug 2015,7.10992,7.11825
Week 3,01 Sep 2015,7.10176,7.10814
Week 4,08 Sep 2015,7.13407,7.14042

Week 1,15 Sep 2015,7.21122,7.21883
Week 2,22 Sep 2015,7.11529,7.12260
Week 3,29 Sep 2015,7.09299,7.10054
Week 4,06 Oct 2015,7.24624,7.25437

Week 1,13 Oct 2015,7.25061,7.25786
Week 2,20 Oct 2015,7.27188,7.27857
Week 3,27 Oct 2015,7.29070,7.29716
Week 4,03 Nov 2015,7.33439,7.34082

Week 1,10 Nov 2015,7.33907,7.34644
Week 2,17 Nov 2015,7.38264,7.39051
Week 3,24 Nov 2015,7.40292,7.41110
Week 4,01 Dec 2015,7.40227,7.40928

Week 1,08 Dec 2015,7.12226,7.12901
Week 2,15 Dec 2015,7.08261,7.08949
Week 3,22 Dec 2015,7.01031,7.01704
Week 4,29 Dec 2015,6.97136,6.97651

Week 1,05 Jan 2016,6.70864,6.71564
Week 2,12 Jan 2016,6.51667,6.52313
Week 3,19 Jan 2016,6.39864,6.40442
Week 4,26 Jan 2016,6.51603,6.52169

Week 1,02 Feb 2016,6.45593,6.46232
Week 2,09 Feb 2016,6.04184,6.04806
Week 3,16 Feb 2016,6.13744,6.14373
Week 4,23 Feb 2016,6.20435,6.20993

Week 1,01 Mar 2016,6.33762,6.34428
Week 2,08 Mar 2016,6.37955,6.38563
Week 3,15 Mar 2016,6.38810,6.39637
Week 4,22 Mar 2016,6.42631,6.43601

Week 1,29 Mar 2016,6.47520,6.48484
Week 2,05 Apr 2016,6.18291,6.19105
Week 3,12 Apr 2016,6.19409,6.20248
Week 4,19 Apr 2016,6.31134,6.31879

Week 1,26 Apr 2016,6.28488,6.29170
Week 2,03 May 2016,6.04694,6.05407
Week 3,10 May 2016,6.01081,6.01854
Week 4,17 May 2016,5.97655,5.98412

Week 1,24 May 2016,5.95407,5.96144
Week 2,31 May 2016,5.86806,5.87488
Week 3,07 Jun 2016,5.79053,5.79654
Week 4,14 Jun 2016,5.56707,5.57353

Week 1,21 Jun 2016,5.53894,5.54876
Week 2,28 Jun 2016,5.50492,5.51428
Week 3,05 Jul 2016,5.42928,5.43902
Week 4,12 Jul 2016,5.65118,5.66028

Week 1,19 Jul 2016,5.72049,5.72622
Week 2,26 Jul 2016,5.54310,5.54977
Week 3,02 Aug 2016,5.39128,5.39992
Week 4,09 Aug 2016,5.52572,5.53335

Week 1,16 Aug 2016,5.52519,5.53277
Week 2,23 Aug 2016,5.46167,5.47093
Week 3,30 Aug 2016,5.52164,5.53003
Week 4,06 Sep 2016,5.50472,5.51227

Week 1,13 Sep 2016,5.29768,5.30483
Week 2,20 Sep 2016,5.13095,5.13929
Week 3,27 Sep 2016,5.17360,5.18262
Week 4,04 Oct 2016,5.32711,5.33614

Week 1,11 Oct 2016,5.47305,5.48040
Week 2,18 Oct 2016,5.55834,5.56716
Week 3,25 Oct 2016,5.57437,5.58183
Week 4,01 Nov 2016,5.42241,5.43094

Week 1,08 Nov 2016,5.30365,5.31384
Week 2,15 Nov 2016,5.33386,5.34384
Week 3,22 Nov 2016,5.44044,5.45045
Week 4,29 Nov 2016,5.48585,5.49517

Week 1,06 Dec 2016,5.59616,5.60473
Week 2,13 Dec 2016,5.72979,5.73928
Week 3,20 Dec 2016,5.70953,5.71891
Week 4,27 Dec 2016,5.65398,5.66378

Week 1,03 Jan 2017,5.53102,5.54026
Week 2,10 Jan 2017,5.33883,5.34629
Week 3,17 Jan 2017,5.26391,5.27272
Week 4,24 Jan 2017,5.38622,5.39552

Week 1,31 Jan 2017,5.48531,5.49468
Week 2,07 Feb 2017,5.50831,5.51764
Week 3,14 Feb 2017,5.56985,5.57883
Week 4,21 Feb 2017,5.62870,5.63715

Week 1,28 Feb 2017,5.73061,5.73835
Week 2,07 Mar 2017,5.83038,5.83744
Week 3,14 Mar 2017,5.87911,5.88478
Week 4,21 Mar 2017,5.88801,5.89311

Week 1,28 Mar 2017,5.91059,5.91949
Week 2,04 Apr 2017,5.91428,5.92347
Week 3,11 Apr 2017,5.87552,5.88577
Week 4,18 Apr 2017,5.81598,5.82568

Week 1,25 Apr 2017,5.87922,5.88732
Week 2,02 May 2017,5.93932,5.94909
Week 3,09 May 2017,5.98516,5.99418
Week 4,16 May 2017,5.96907,5.97856

Week 1,23 May 2017,6.00265,6.01264
Week 2,30 May 2017,5.94805,5.95677
Week 3,06 Jun 2017,6.02387,6.03267
Week 4,13 Jun 2017,6.12217,6.13245

Week 1,20 Jun 2017,6.15761,6.16798
Week 2,27 Jun 2017,6.22284,6.23220
Week 3,04 Jul 2017,6.23080,6.24178
Week 4,11 Jul 2017,6.37504,6.38126

Week 1,18 Jul 2017,6.35770,6.36310
Week 2,25 Jul 2017,6.26315,6.27183
Week 3,01 Aug 2017,6.18698,6.19457
Week 4,08 Aug 2017,6.12864,6.13458

Week 1,15 Aug 2017,6.17641,6.18305
Week 2,22 Aug 2017,6.18363,6.18975
Week 3,29 Aug 2017,6.15988,6.16456
Week 4,05 Sep 2017,6.10955,6.11479

Week 1,12 Sep 2017,6.23014,6.23514
Week 2,19 Sep 2017,6.29500,6.30000
Week 3,26 Sep 2017,6.20459,6.21108
Week 4,03 Oct 2017,6.13338,6.13869

Week 1,10 Oct 2017,5.96743,5.97421
Week 2,17 Oct 2017,5.95520,5.96023
Week 3,24 Oct 2017,5.94840,5.95343
Week 4,31 Oct 2017,5.94351,5.94888

Week 1,07 Nov 2017,5.95240,5.95563
Week 2,14 Nov 2017,5.91440,5.91895
Week 3,21 Nov 2017,5.96635,5.97290
Week 4,28 Nov 2017,6.01495,6.01944

Week 1,05 Dec 2017,6.01356,6.01668



