MEX->EUR

Week 1,15 Dec 1998,0.08634,0.08645
Week 2,22 Dec 1998,0.08696,0.08709
Week 3,29 Dec 1998,0.08627,0.08641
Week 4,05 Jan 1999,0.08718,0.08732

Week 1,12 Jan 1999,0.08321,0.08378
Week 2,19 Jan 1999,0.08395,0.08415
Week 3,26 Jan 1999,0.08600,0.08618
Week 4,02 Feb 1999,0.08774,0.08787

Week 1,09 Feb 1999,0.08844,0.08857
Week 2,16 Feb 1999,0.09038,0.09056
Week 3,23 Feb 1999,0.09144,0.09158
Week 4,02 Mar 1999,0.09288,0.09302

Week 1,09 Mar 1999,0.09399,0.09415
Week 2,16 Mar 1999,0.09449,0.09466
Week 3,23 Mar 1999,0.09597,0.09617
Week 4,30 Mar 1999,0.09751,0.09777

Week 1,06 Apr 1999,0.09712,0.09733
Week 2,13 Apr 1999,0.09808,0.09828
Week 3,20 Apr 1999,0.10083,0.10100
Week 4,27 Apr 1999,0.10141,0.10156

Week 1,04 May 1999,0.09998,0.10016
Week 2,11 May 1999,0.10036,0.10053
Week 3,18 May 1999,0.10065,0.10082
Week 4,25 May 1999,0.09836,0.09859

Week 1,01 Jun 1999,0.09950,0.09969
Week 2,08 Jun 1999,0.09913,0.09932
Week 3,15 Jun 1999,0.10229,0.10248
Week 4,22 Jun 1999,0.10187,0.10202

Week 1,29 Jun 1999,0.10338,0.10355
Week 2,06 Jul 1999,0.10476,0.10495
Week 3,13 Jul 1999,0.10483,0.10510
Week 4,20 Jul 1999,0.10137,0.10157

Week 1,27 Jul 1999,0.09962,0.09981
Week 2,03 Aug 1999,0.09865,0.09879
Week 3,10 Aug 1999,0.10011,0.10027
Week 4,17 Aug 1999,0.10078,0.10093

Week 1,24 Aug 1999,0.10198,0.10214
Week 2,31 Aug 1999,0.10052,0.10068
Week 3,07 Sep 1999,0.10215,0.10232
Week 4,14 Sep 1999,0.10289,0.10305

Week 1,21 Sep 1999,0.10260,0.10277
Week 2,28 Sep 1999,0.09989,0.10004
Week 3,05 Oct 1999,0.09896,0.09911
Week 4,12 Oct 1999,0.09758,0.09773

Week 1,19 Oct 1999,0.09644,0.09659
Week 2,26 Oct 1999,0.09830,0.09843
Week 3,02 Nov 1999,0.10056,0.10070
Week 4,09 Nov 1999,0.10259,0.10275

Week 1,16 Nov 1999,0.10348,0.10364
Week 2,23 Nov 1999,0.10505,0.10528
Week 3,30 Nov 1999,0.10622,0.10685
Week 4,07 Dec 1999,0.10424,0.10440

Week 1,14 Dec 1999,0.10574,0.10591
Week 2,21 Dec 1999,0.10516,0.10534
Week 3,28 Dec 1999,0.10455,0.10485
Week 4,04 Jan 2000,0.10218,0.10234

Week 1,11 Jan 2000,0.10323,0.10346
Week 2,18 Jan 2000,0.10462,0.10482
Week 3,25 Jan 2000,0.10562,0.10582
Week 4,01 Feb 2000,0.10727,0.10744

Week 1,08 Feb 2000,0.10749,0.10768
Week 2,15 Feb 2000,0.10817,0.10839
Week 3,22 Feb 2000,0.10778,0.10797
Week 4,29 Feb 2000,0.11092,0.11109

Week 1,07 Mar 2000,0.11162,0.11179
Week 2,14 Mar 2000,0.11048,0.11069
Week 3,21 Mar 2000,0.11123,0.11143
Week 4,28 Mar 2000,0.11277,0.11296

Week 1,04 Apr 2000,0.11194,0.11211
Week 2,11 Apr 2000,0.11026,0.11045
Week 3,18 Apr 2000,0.11261,0.11280
Week 4,25 Apr 2000,0.11568,0.11587

Week 1,02 May 2000,0.11795,0.11814
Week 2,09 May 2000,0.11478,0.11495
Week 3,16 May 2000,0.11632,0.11650
Week 4,23 May 2000,0.11413,0.11433

Week 1,30 May 2000,0.11194,0.11209
Week 2,06 Jun 2000,0.10644,0.10673
Week 3,13 Jun 2000,0.10570,0.10593
Week 4,20 Jun 2000,0.10683,0.10702

Week 1,27 Jun 2000,0.10629,0.10662
Week 2,04 Jul 2000,0.11040,0.11062
Week 3,11 Jul 2000,0.11245,0.11266
Week 4,18 Jul 2000,0.11439,0.11457

Week 1,25 Jul 2000,0.11449,0.11493
Week 2,01 Aug 2000,0.11722,0.11744
Week 3,08 Aug 2000,0.11886,0.11903
Week 4,15 Aug 2000,0.11870,0.11890

Week 1,22 Aug 2000,0.12003,0.12019
Week 2,29 Aug 2000,0.12089,0.12106
Week 3,05 Sep 2000,0.12269,0.12288
Week 4,12 Sep 2000,0.12488,0.12505

Week 1,19 Sep 2000,0.12289,0.12307
Week 2,26 Sep 2000,0.12032,0.12050
Week 3,03 Oct 2000,0.12090,0.12137
Week 4,10 Oct 2000,0.12183,0.12203

Week 1,17 Oct 2000,0.12385,0.12403
Week 2,24 Oct 2000,0.12422,0.12449
Week 3,31 Oct 2000,0.12102,0.12124
Week 4,07 Nov 2000,0.12070,0.12095

Week 1,14 Nov 2000,0.12356,0.12383
Week 2,21 Nov 2000,0.12630,0.12652
Week 3,28 Nov 2000,0.12242,0.12268
Week 4,05 Dec 2000,0.11959,0.11987

Week 1,12 Dec 2000,0.11945,0.11965
Week 2,19 Dec 2000,0.11498,0.11526
Week 3,26 Dec 2000,0.11127,0.11150
Week 4,02 Jan 2001,0.10822,0.10842

Week 1,09 Jan 2001,0.10715,0.10734
Week 2,16 Jan 2001,0.10817,0.10834
Week 3,23 Jan 2001,0.11107,0.11124
Week 4,30 Jan 2001,0.11015,0.11036

Week 1,06 Feb 2001,0.11085,0.11104
Week 2,13 Feb 2001,0.11231,0.11254
Week 3,20 Feb 2001,0.11257,0.11279
Week 4,27 Feb 2001,0.11144,0.11162

Week 1,06 Mar 2001,0.11113,0.11130
Week 2,13 Mar 2001,0.11488,0.11506
Week 3,20 Mar 2001,0.11691,0.11711
Week 4,27 Mar 2001,0.11906,0.11925

Week 1,03 Apr 2001,0.11837,0.11860
Week 2,10 Apr 2001,0.12073,0.12095
Week 3,17 Apr 2001,0.11994,0.12014
Week 4,24 Apr 2001,0.12018,0.12040

Week 1,01 May 2001,0.12089,0.12115
Week 2,08 May 2001,0.12316,0.12337
Week 3,15 May 2001,0.12496,0.12526
Week 4,22 May 2001,0.12788,0.12813

Week 1,29 May 2001,0.12820,0.12850
Week 2,05 Jun 2001,0.12921,0.12946
Week 3,12 Jun 2001,0.12871,0.12901
Week 4,19 Jun 2001,0.12874,0.12899

Week 1,26 Jun 2001,0.12935,0.12967
Week 2,03 Jul 2001,0.12996,0.13019
Week 3,10 Jul 2001,0.12610,0.12641
Week 4,17 Jul 2001,0.12532,0.12565

Week 1,24 Jul 2001,0.12452,0.12477
Week 2,31 Jul 2001,0.12361,0.12386
Week 3,07 Aug 2001,0.12362,0.12390
Week 4,14 Aug 2001,0.12042,0.12067

Week 1,21 Aug 2001,0.11985,0.12013
Week 2,28 Aug 2001,0.11938,0.11961
Week 3,04 Sep 2001,0.11953,0.11974
Week 4,11 Sep 2001,0.11497,0.11516

Week 1,18 Sep 2001,0.11503,0.11512
Week 2,25 Sep 2001,0.11511,0.11534
Week 3,02 Oct 2001,0.11390,0.11435
Week 4,09 Oct 2001,0.11655,0.11707

Week 1,16 Oct 2001,0.11987,0.12039
Week 2,23 Oct 2001,0.12086,0.12131
Week 3,30 Oct 2001,0.11925,0.11969
Week 4,06 Nov 2001,0.12078,0.12144

Week 1,13 Nov 2001,0.12224,0.12267
Week 2,20 Nov 2001,0.12397,0.12440
Week 3,27 Nov 2001,0.12125,0.12172
Week 4,04 Dec 2001,0.12141,0.12188

Week 1,11 Dec 2001,0.12181,0.12235
Week 2,18 Dec 2001,0.12216,0.12257
Week 3,25 Dec 2001,0.12382,0.12433
Week 4,01 Jan 2002,0.12196,0.12257

Week 1,08 Jan 2002,0.12136,0.12184
Week 2,15 Jan 2002,0.12308,0.12365
Week 3,22 Jan 2002,0.12497,0.12547
Week 4,29 Jan 2002,0.12656,0.12693

Week 1,05 Feb 2002,0.12548,0.12598
Week 2,12 Feb 2002,0.12596,0.12648
Week 3,19 Feb 2002,0.12575,0.12620
Week 4,26 Feb 2002,0.12670,0.12716

Week 1,05 Mar 2002,0.12573,0.12621
Week 2,12 Mar 2002,0.12484,0.12531
Week 3,19 Mar 2002,0.12514,0.12566
Week 4,26 Mar 2002,0.12656,0.12729

Week 1,02 Apr 2002,0.12577,0.12623
Week 2,09 Apr 2002,0.12499,0.12574
Week 3,16 Apr 2002,0.12142,0.12219
Week 4,23 Apr 2002,0.11960,0.12006

Week 1,30 Apr 2002,0.11618,0.11663
Week 2,07 May 2002,0.11520,0.11571
Week 3,14 May 2002,0.11505,0.11548
Week 4,21 May 2002,0.11367,0.11404

Week 1,28 May 2002,0.11112,0.11150
Week 2,04 Jun 2002,0.10881,0.10920
Week 3,11 Jun 2002,0.10913,0.10962
Week 4,18 Jun 2002,0.10574,0.10617

Week 1,25 Jun 2002,0.10210,0.10247
Week 2,02 Jul 2002,0.10250,0.10290
Week 3,09 Jul 2002,0.10296,0.10335
Week 4,16 Jul 2002,0.10190,0.10234

Week 1,23 Jul 2002,0.10356,0.10395
Week 2,30 Jul 2002,0.10350,0.10394
Week 3,06 Aug 2002,0.10536,0.10574
Week 4,13 Aug 2002,0.10282,0.10323

Week 1,20 Aug 2002,0.10433,0.10473
Week 2,27 Aug 2002,0.10266,0.10304
Week 3,03 Sep 2002,0.10126,0.10168
Week 4,10 Sep 2002,0.10282,0.10305

Week 1,17 Sep 2002,0.10056,0.10104
Week 2,24 Sep 2002,0.09998,0.10028
Week 3,01 Oct 2002,0.09993,0.10017
Week 4,08 Oct 2002,0.09963,0.10009

Week 1,15 Oct 2002,0.10187,0.10221
Week 2,22 Oct 2002,0.10311,0.10363
Week 3,29 Oct 2002,0.09910,0.09944
Week 4,05 Nov 2002,0.09660,0.09690

Week 1,12 Nov 2002,0.09647,0.09681
Week 2,19 Nov 2002,0.09852,0.09881
Week 3,26 Nov 2002,0.09897,0.09926
Week 4,03 Dec 2002,0.09741,0.09778

Week 1,10 Dec 2002,0.09627,0.09669
Week 2,17 Dec 2002,0.09530,0.09567
Week 3,24 Dec 2002,0.09403,0.09429
Week 4,31 Dec 2002,0.09209,0.09235

Week 1,07 Jan 2003,0.09094,0.09129
Week 2,14 Jan 2003,0.08923,0.08958
Week 3,21 Jan 2003,0.08562,0.08605
Week 4,28 Jan 2003,0.08458,0.08491

Week 1,04 Feb 2003,0.08420,0.08460
Week 2,11 Feb 2003,0.08485,0.08514
Week 3,18 Feb 2003,0.08524,0.08552
Week 4,25 Feb 2003,0.08394,0.08417

Week 1,04 Mar 2003,0.08180,0.08199
Week 2,11 Mar 2003,0.08426,0.08458
Week 3,18 Mar 2003,0.08739,0.08763
Week 4,25 Mar 2003,0.08696,0.08727

Week 1,01 Apr 2003,0.08645,0.08676
Week 2,08 Apr 2003,0.08683,0.08715
Week 3,15 Apr 2003,0.08699,0.08731
Week 4,22 Apr 2003,0.08677,0.08710

Week 1,29 Apr 2003,0.08716,0.08750
Week 2,06 May 2003,0.08572,0.08601
Week 3,13 May 2003,0.08423,0.08449
Week 4,20 May 2003,0.08289,0.08310

Week 1,27 May 2003,0.08192,0.08213
Week 2,03 Jun 2003,0.08085,0.08103
Week 3,10 Jun 2003,0.07997,0.08021
Week 4,17 Jun 2003,0.08123,0.08151

Week 1,24 Jun 2003,0.08326,0.08353
Week 2,01 Jul 2003,0.08307,0.08338
Week 3,08 Jul 2003,0.08440,0.08462
Week 4,15 Jul 2003,0.08553,0.08580

Week 1,22 Jul 2003,0.08306,0.08337
Week 2,29 Jul 2003,0.08355,0.08384
Week 3,05 Aug 2003,0.08240,0.08259
Week 4,12 Aug 2003,0.08241,0.08279

Week 1,19 Aug 2003,0.08377,0.08407
Week 2,26 Aug 2003,0.08310,0.08338
Week 3,02 Sep 2003,0.08319,0.08346
Week 4,09 Sep 2003,0.08094,0.08120

Week 1,16 Sep 2003,0.08099,0.08125
Week 2,23 Sep 2003,0.07988,0.08002
Week 3,30 Sep 2003,0.07721,0.07740
Week 4,07 Oct 2003,0.07551,0.07576

Week 1,14 Oct 2003,0.07623,0.07644
Week 2,21 Oct 2003,0.07623,0.07640
Week 3,28 Oct 2003,0.07764,0.07782
Week 4,04 Nov 2003,0.07918,0.07944

Week 1,11 Nov 2003,0.07718,0.07734
Week 2,18 Nov 2003,0.07503,0.07526
Week 3,25 Nov 2003,0.07385,0.07413
Week 4,02 Dec 2003,0.07334,0.07351

Week 1,09 Dec 2003,0.07268,0.07284
Week 2,16 Dec 2003,0.07176,0.07194
Week 3,23 Dec 2003,0.07148,0.07157
Week 4,30 Dec 2003,0.07127,0.07142

Week 1,06 Jan 2004,0.07195,0.07220
Week 2,13 Jan 2004,0.07340,0.07364
Week 3,20 Jan 2004,0.07275,0.07292
Week 4,27 Jan 2004,0.07236,0.07268

Week 1,03 Feb 2004,0.07138,0.07166
Week 2,10 Feb 2004,0.07112,0.07135
Week 3,17 Feb 2004,0.07209,0.07235
Week 4,24 Feb 2004,0.07208,0.07230

Week 1,02 Mar 2004,0.07401,0.07424
Week 2,09 Mar 2004,0.07422,0.07440
Week 3,16 Mar 2004,0.07400,0.07421
Week 4,23 Mar 2004,0.07411,0.07434

Week 1,30 Mar 2004,0.07323,0.07354
Week 2,06 Apr 2004,0.07378,0.07403
Week 3,13 Apr 2004,0.07391,0.07412
Week 4,20 Apr 2004,0.07426,0.07453

Week 1,27 Apr 2004,0.07347,0.07374
Week 2,04 May 2004,0.07246,0.07265
Week 3,11 May 2004,0.07239,0.07263
Week 4,18 May 2004,0.07204,0.07233

Week 1,25 May 2004,0.07169,0.07201
Week 2,01 Jun 2004,0.07126,0.07152
Week 3,08 Jun 2004,0.07253,0.07277
Week 4,15 Jun 2004,0.07255,0.07282

Week 1,22 Jun 2004,0.07256,0.07281
Week 2,29 Jun 2004,0.07109,0.07143
Week 3,06 Jul 2004,0.07020,0.07049
Week 4,13 Jul 2004,0.07021,0.07060

Week 1,20 Jul 2004,0.07138,0.07168
Week 2,27 Jul 2004,0.07229,0.07260
Week 3,03 Aug 2004,0.07188,0.07222
Week 4,10 Aug 2004,0.07112,0.07146

Week 1,17 Aug 2004,0.07129,0.07161
Week 2,24 Aug 2004,0.07262,0.07297
Week 3,31 Aug 2004,0.07184,0.07214
Week 4,07 Sep 2004,0.07060,0.07098

Week 1,14 Sep 2004,0.07104,0.07146
Week 2,21 Sep 2004,0.07122,0.07156
Week 3,28 Sep 2004,0.07090,0.07118
Week 4,05 Oct 2004,0.07164,0.07212

Week 1,12 Oct 2004,0.07079,0.07115
Week 2,19 Oct 2004,0.06894,0.06924
Week 3,26 Oct 2004,0.06772,0.06800
Week 4,02 Nov 2004,0.06799,0.06832

Week 1,09 Nov 2004,0.06769,0.06801
Week 2,16 Nov 2004,0.06753,0.06786
Week 3,23 Nov 2004,0.06692,0.06728
Week 4,30 Nov 2004,0.06691,0.06723

Week 1,07 Dec 2004,0.06655,0.06684
Week 2,14 Dec 2004,0.06676,0.06704
Week 3,21 Dec 2004,0.06651,0.06682
Week 4,28 Dec 2004,0.06570,0.06598

Week 1,04 Jan 2005,0.06691,0.06716
Week 2,11 Jan 2005,0.06776,0.06795
Week 3,18 Jan 2005,0.06814,0.06845
Week 4,25 Jan 2005,0.06800,0.06821

Week 1,01 Feb 2005,0.06904,0.06935
Week 2,08 Feb 2005,0.06968,0.06996
Week 3,15 Feb 2005,0.06883,0.06904
Week 4,22 Feb 2005,0.06815,0.06838

Week 1,01 Mar 2005,0.06828,0.06854
Week 2,08 Mar 2005,0.06756,0.06776
Week 3,15 Mar 2005,0.06687,0.06704
Week 4,22 Mar 2005,0.06818,0.06834

Week 1,29 Mar 2005,0.06897,0.06915
Week 2,05 Apr 2005,0.06934,0.06948
Week 3,12 Apr 2005,0.06974,0.06992
Week 4,19 Apr 2005,0.06913,0.06924

Week 1,26 Apr 2005,0.06986,0.07001
Week 2,03 May 2005,0.07071,0.07091
Week 3,10 May 2005,0.07123,0.07152
Week 4,17 May 2005,0.07223,0.07242

Week 1,24 May 2005,0.07272,0.07289
Week 2,31 May 2005,0.07504,0.07515
Week 3,07 Jun 2005,0.07540,0.07554
Week 4,14 Jun 2005,0.07584,0.07611

Week 1,21 Jun 2005,0.07654,0.07673
Week 2,28 Jun 2005,0.07719,0.07737
Week 3,05 Jul 2005,0.07774,0.07793
Week 4,12 Jul 2005,0.07762,0.07774

Week 1,19 Jul 2005,0.07770,0.07802
Week 2,26 Jul 2005,0.07763,0.07774
Week 3,02 Aug 2005,0.07663,0.07674
Week 4,09 Aug 2005,0.07575,0.07590

Week 1,16 Aug 2005,0.07638,0.07653
Week 2,23 Aug 2005,0.07524,0.07531
Week 3,30 Aug 2005,0.07497,0.07507
Week 4,06 Sep 2005,0.07500,0.07528

Week 1,13 Sep 2005,0.07545,0.07566
Week 2,20 Sep 2005,0.07619,0.07627
Week 3,27 Sep 2005,0.07675,0.07691
Week 4,04 Oct 2005,0.07705,0.07716

Week 1,11 Oct 2005,0.07620,0.07634
Week 2,18 Oct 2005,0.07676,0.07690
Week 3,25 Oct 2005,0.07625,0.07635
Week 4,01 Nov 2005,0.07783,0.07797

Week 1,08 Nov 2005,0.07951,0.07967
Week 2,15 Nov 2005,0.07980,0.07999
Week 3,22 Nov 2005,0.07995,0.08015
Week 4,29 Nov 2005,0.08054,0.08077

Week 1,06 Dec 2005,0.08086,0.08109
Week 2,13 Dec 2005,0.07824,0.07846
Week 3,20 Dec 2005,0.07834,0.07856
Week 4,27 Dec 2005,0.07874,0.07900

Week 1,03 Jan 2006,0.07840,0.07867
Week 2,10 Jan 2006,0.07800,0.07822
Week 3,17 Jan 2006,0.07812,0.07834
Week 4,24 Jan 2006,0.07802,0.07819

Week 1,31 Jan 2006,0.07902,0.07921
Week 2,07 Feb 2006,0.07954,0.07977
Week 3,14 Feb 2006,0.07996,0.08015
Week 4,21 Feb 2006,0.08010,0.08031

Week 1,28 Feb 2006,0.07942,0.07960
Week 2,07 Mar 2006,0.07832,0.07848
Week 3,14 Mar 2006,0.07737,0.07759
Week 4,21 Mar 2006,0.07634,0.07653

Week 1,28 Mar 2006,0.07571,0.07589
Week 2,04 Apr 2006,0.07456,0.07470
Week 3,11 Apr 2006,0.07433,0.07454
Week 4,18 Apr 2006,0.07359,0.07374

Week 1,25 Apr 2006,0.07206,0.07222
Week 2,02 May 2006,0.07171,0.07189
Week 3,09 May 2006,0.07110,0.07126
Week 4,16 May 2006,0.06994,0.07011

Week 1,23 May 2006,0.06980,0.06998
Week 2,30 May 2006,0.06905,0.06924
Week 3,06 Jun 2006,0.06901,0.06907
Week 4,13 Jun 2006,0.06927,0.06945

Week 1,20 Jun 2006,0.06948,0.06967
Week 2,27 Jun 2006,0.06935,0.06954
Week 3,04 Jul 2006,0.07037,0.07056
Week 4,11 Jul 2006,0.07142,0.07162

Week 1,18 Jul 2006,0.07237,0.07254
Week 2,25 Jul 2006,0.07219,0.07240
Week 3,01 Aug 2006,0.07125,0.07143
Week 4,08 Aug 2006,0.07190,0.07209

Week 1,15 Aug 2006,0.07222,0.07241
Week 2,22 Aug 2006,0.07161,0.07180
Week 3,29 Aug 2006,0.07152,0.07171
Week 4,05 Sep 2006,0.07145,0.07165

Week 1,12 Sep 2006,0.07164,0.07184
Week 2,19 Sep 2006,0.07136,0.07156
Week 3,26 Sep 2006,0.07131,0.07151
Week 4,03 Oct 2006,0.07146,0.07164

Week 1,10 Oct 2006,0.07261,0.07282
Week 2,17 Oct 2006,0.07329,0.07349
Week 3,24 Oct 2006,0.07325,0.07345
Week 4,31 Oct 2006,0.07264,0.07284

Week 1,07 Nov 2006,0.07185,0.07205
Week 2,14 Nov 2006,0.07149,0.07167
Week 3,21 Nov 2006,0.07021,0.07036
Week 4,28 Nov 2006,0.06851,0.06865

Week 1,05 Dec 2006,0.06917,0.06931
Week 2,12 Dec 2006,0.07017,0.07032
Week 3,19 Dec 2006,0.07009,0.07022
Week 4,26 Dec 2006,0.06994,0.07012

Week 1,02 Jan 2007,0.07007,0.07025
Week 2,09 Jan 2007,0.07025,0.07039
Week 3,16 Jan 2007,0.07061,0.07075
Week 4,23 Jan 2007,0.07026,0.07039

Week 1,30 Jan 2007,0.06999,0.07013
Week 2,06 Feb 2007,0.07019,0.07032
Week 3,13 Feb 2007,0.06954,0.06966
Week 4,20 Feb 2007,0.06902,0.06915

Week 1,27 Feb 2007,0.06789,0.06796
Week 2,06 Mar 2007,0.06820,0.06833
Week 3,13 Mar 2007,0.06757,0.06770
Week 4,20 Mar 2007,0.06784,0.06797

Week 1,27 Mar 2007,0.06786,0.06799
Week 2,03 Apr 2007,0.06794,0.06807
Week 3,10 Apr 2007,0.06746,0.06761
Week 4,17 Apr 2007,0.06692,0.06705

Week 1,24 Apr 2007,0.06699,0.06712
Week 2,01 May 2007,0.06730,0.06743
Week 3,08 May 2007,0.06815,0.06828
Week 4,15 May 2007,0.06837,0.06851

Week 1,22 May 2007,0.06879,0.06892
Week 2,29 May 2007,0.06905,0.06919
Week 3,05 Jun 2007,0.06846,0.06859
Week 4,12 Jun 2007,0.06882,0.06895

Week 1,19 Jun 2007,0.06888,0.06901
Week 2,26 Jun 2007,0.06844,0.06857
Week 3,03 Jul 2007,0.06812,0.06826
Week 4,10 Jul 2007,0.06748,0.06761

Week 1,17 Jul 2007,0.06722,0.06734
Week 2,24 Jul 2007,0.06678,0.06691
Week 3,31 Jul 2007,0.06642,0.06655
Week 4,07 Aug 2007,0.06620,0.06633

Week 1,14 Aug 2007,0.06659,0.06671
Week 2,21 Aug 2007,0.06658,0.06670
Week 3,28 Aug 2007,0.06622,0.06634
Week 4,04 Sep 2007,0.06593,0.06606

Week 1,11 Sep 2007,0.06490,0.06502
Week 2,18 Sep 2007,0.06478,0.06490
Week 3,25 Sep 2007,0.06448,0.06460
Week 4,02 Oct 2007,0.06482,0.06494

Week 1,09 Oct 2007,0.06523,0.06536
Week 2,16 Oct 2007,0.06485,0.06498
Week 3,23 Oct 2007,0.06468,0.06481
Week 4,30 Oct 2007,0.06461,0.06467

Week 1,06 Nov 2007,0.06333,0.06344
Week 2,13 Nov 2007,0.06254,0.06265
Week 3,20 Nov 2007,0.06153,0.06164
Week 4,27 Nov 2007,0.06184,0.06196

Week 1,04 Dec 2007,0.06276,0.06288
Week 2,11 Dec 2007,0.06320,0.06332
Week 3,18 Dec 2007,0.06409,0.06422
Week 4,25 Dec 2007,0.06324,0.06343

Week 1,01 Jan 2008,0.06226,0.06243
Week 2,08 Jan 2008,0.06202,0.06214
Week 3,15 Jan 2008,0.06213,0.06224
Week 4,22 Jan 2008,0.06256,0.06268

Week 1,29 Jan 2008,0.06229,0.06240
Week 2,05 Feb 2008,0.06335,0.06347
Week 3,12 Feb 2008,0.06358,0.06370
Week 4,19 Feb 2008,0.06287,0.06299

Week 1,26 Feb 2008,0.06188,0.06200
Week 2,04 Mar 2008,0.06073,0.06084
Week 3,11 Mar 2008,0.05967,0.05978
Week 4,18 Mar 2008,0.05976,0.05988

Week 1,25 Mar 2008,0.05955,0.05968
Week 2,01 Apr 2008,0.06006,0.06019
Week 3,08 Apr 2008,0.06005,0.06016
Week 4,15 Apr 2008,0.06020,0.06031

Week 1,22 Apr 2008,0.06045,0.06057
Week 2,29 Apr 2008,0.06139,0.06151
Week 3,06 May 2008,0.06135,0.06148
Week 4,13 May 2008,0.06158,0.06170

Week 1,20 May 2008,0.06127,0.06140
Week 2,27 May 2008,0.06175,0.06188
Week 3,03 Jun 2008,0.06203,0.06214
Week 4,10 Jun 2008,0.06214,0.06227

Week 1,17 Jun 2008,0.06239,0.06252
Week 2,24 Jun 2008,0.06192,0.06204
Week 3,01 Jul 2008,0.06129,0.06141
Week 4,08 Jul 2008,0.06138,0.06150

Week 1,15 Jul 2008,0.06145,0.06157
Week 2,22 Jul 2008,0.06286,0.06299
Week 3,29 Jul 2008,0.06397,0.06410
Week 4,05 Aug 2008,0.06520,0.06532

Week 1,12 Aug 2008,0.06625,0.06637
Week 2,19 Aug 2008,0.06669,0.06678
Week 3,26 Aug 2008,0.06656,0.06668
Week 4,02 Sep 2008,0.06654,0.06667

Week 1,09 Sep 2008,0.06690,0.06704
Week 2,16 Sep 2008,0.06508,0.06524
Week 3,23 Sep 2008,0.06349,0.06364
Week 4,30 Sep 2008,0.06438,0.06453

Week 1,07 Oct 2008,0.05895,0.05910
Week 2,14 Oct 2008,0.05798,0.05833
Week 3,21 Oct 2008,0.05760,0.05809
Week 4,28 Oct 2008,0.06018,0.06085

Week 1,04 Nov 2008,0.06093,0.06132
Week 2,11 Nov 2008,0.06083,0.06119
Week 3,18 Nov 2008,0.05896,0.05920
Week 4,25 Nov 2008,0.05820,0.05849

Week 1,02 Dec 2008,0.05772,0.05807
Week 2,09 Dec 2008,0.05636,0.05656
Week 3,16 Dec 2008,0.05406,0.05437
Week 4,23 Dec 2008,0.05347,0.05389

Week 1,30 Dec 2008,0.05182,0.05238
Week 2,06 Jan 2009,0.05421,0.05444
Week 3,13 Jan 2009,0.05419,0.05437
Week 4,20 Jan 2009,0.05497,0.05515

Week 1,27 Jan 2009,0.05414,0.05433
Week 2,03 Feb 2009,0.05398,0.05416
Week 3,10 Feb 2009,0.05369,0.05385
Week 4,17 Feb 2009,0.05352,0.05372

Week 1,24 Feb 2009,0.05228,0.05237
Week 2,03 Mar 2009,0.05187,0.05196
Week 3,10 Mar 2009,0.05221,0.05232
Week 4,17 Mar 2009,0.05287,0.05302

Week 1,24 Mar 2009,0.05191,0.05207
Week 2,31 Mar 2009,0.05379,0.05393
Week 3,07 Apr 2009,0.05650,0.05665
Week 4,14 Apr 2009,0.05784,0.05799

Week 1,21 Apr 2009,0.05767,0.05779
Week 2,28 Apr 2009,0.05476,0.05492
Week 3,05 May 2009,0.05631,0.05646
Week 4,12 May 2009,0.05557,0.05573

Week 1,19 May 2009,0.05533,0.05546
Week 2,26 May 2009,0.05408,0.05421
Week 3,02 Jun 2009,0.05339,0.05353
Week 4,09 Jun 2009,0.05300,0.05316

Week 1,16 Jun 2009,0.05359,0.05373
Week 2,23 Jun 2009,0.05373,0.05389
Week 3,30 Jun 2009,0.05390,0.05406
Week 4,07 Jul 2009,0.05306,0.05320

Week 1,14 Jul 2009,0.05243,0.05256
Week 2,21 Jul 2009,0.05307,0.05321
Week 3,28 Jul 2009,0.05323,0.05338
Week 4,04 Aug 2009,0.05348,0.05362

Week 1,11 Aug 2009,0.05446,0.05459
Week 2,18 Aug 2009,0.05446,0.05460
Week 3,25 Aug 2009,0.05331,0.05343
Week 4,01 Sep 2009,0.05199,0.05210

Week 1,08 Sep 2009,0.05150,0.05161
Week 2,15 Sep 2009,0.05124,0.05132
Week 3,22 Sep 2009,0.05052,0.05063
Week 4,29 Sep 2009,0.05034,0.05043

Week 1,06 Oct 2009,0.05062,0.05074
Week 2,13 Oct 2009,0.05114,0.05126
Week 3,20 Oct 2009,0.05123,0.05136
Week 4,27 Oct 2009,0.05111,0.05123

Week 1,03 Nov 2009,0.05066,0.05078
Week 2,10 Nov 2009,0.05076,0.05088
Week 3,17 Nov 2009,0.05139,0.05151
Week 4,24 Nov 2009,0.05147,0.05160

Week 1,01 Dec 2009,0.05224,0.05236
Week 2,08 Dec 2009,0.05283,0.05295
Week 3,15 Dec 2009,0.05393,0.05405
Week 4,22 Dec 2009,0.05402,0.05420

Week 1,29 Dec 2009,0.05336,0.05350
Week 2,05 Jan 2010,0.05430,0.05443
Week 3,12 Jan 2010,0.05434,0.05447
Week 4,19 Jan 2010,0.05489,0.05502

Week 1,26 Jan 2010,0.05497,0.05510
Week 2,02 Feb 2010,0.05548,0.05561
Week 3,09 Feb 2010,0.05599,0.05612
Week 4,16 Feb 2010,0.05707,0.05716

Week 1,23 Feb 2010,0.05741,0.05751
Week 2,02 Mar 2010,0.05785,0.05795
Week 3,09 Mar 2010,0.05798,0.05807
Week 4,16 Mar 2010,0.05843,0.05853

Week 1,23 Mar 2010,0.05942,0.05952
Week 2,30 Mar 2010,0.05993,0.06004
Week 3,06 Apr 2010,0.06084,0.06094
Week 4,13 Apr 2010,0.06030,0.06040

Week 1,20 Apr 2010,0.06109,0.06113
Week 2,27 Apr 2010,0.06133,0.06143
Week 3,04 May 2010,0.06115,0.06127
Week 4,11 May 2010,0.06352,0.06364

Week 1,18 May 2010,0.06241,0.06253
Week 2,25 May 2010,0.06255,0.06267
Week 3,01 Jun 2010,0.06378,0.06391
Week 4,08 Jun 2010,0.06490,0.06502

Week 1,15 Jun 2010,0.06442,0.06450
Week 2,22 Jun 2010,0.06421,0.06432
Week 3,29 Jun 2010,0.06230,0.06241
Week 4,06 Jul 2010,0.06148,0.06159

Week 1,13 Jul 2010,0.06094,0.06104
Week 2,20 Jul 2010,0.06056,0.06066
Week 3,27 Jul 2010,0.06054,0.06064
Week 4,03 Aug 2010,0.05998,0.06008

Week 1,10 Aug 2010,0.06079,0.06089
Week 2,17 Aug 2010,0.06153,0.06163
Week 3,24 Aug 2010,0.06061,0.06071
Week 4,31 Aug 2010,0.05984,0.05994

Week 1,07 Sep 2010,0.06048,0.06058
Week 2,14 Sep 2010,0.05995,0.06006
Week 3,21 Sep 2010,0.05926,0.05936
Week 4,28 Sep 2010,0.05846,0.05856

Week 1,05 Oct 2010,0.05767,0.05777
Week 2,12 Oct 2010,0.05758,0.05768
Week 3,19 Oct 2010,0.05787,0.05797
Week 4,26 Oct 2010,0.05804,0.05815

Week 1,02 Nov 2010,0.05799,0.05813
Week 2,09 Nov 2010,0.05908,0.05923
Week 3,16 Nov 2010,0.05955,0.05969
Week 4,23 Nov 2010,0.06015,0.06029

Week 1,30 Nov 2010,0.06090,0.06106
Week 2,07 Dec 2010,0.06057,0.06072
Week 3,14 Dec 2010,0.06067,0.06082
Week 4,21 Dec 2010,0.06153,0.06169

Week 1,28 Dec 2010,0.06093,0.06109
Week 2,04 Jan 2011,0.06220,0.06235
Week 3,11 Jan 2011,0.06258,0.06274
Week 4,18 Jan 2011,0.06151,0.06166

Week 1,25 Jan 2011,0.06047,0.06062
Week 2,01 Feb 2011,0.06067,0.06081
Week 3,08 Feb 2011,0.06102,0.06117
Week 4,15 Feb 2011,0.06099,0.06114

Week 1,22 Feb 2011,0.06003,0.06018
Week 2,01 Mar 2011,0.05965,0.05977
Week 3,08 Mar 2011,0.06002,0.06017
Week 4,15 Mar 2011,0.05913,0.05928

Week 1,22 Mar 2011,0.05891,0.05906
Week 2,29 Mar 2011,0.05928,0.05943
Week 3,05 Apr 2011,0.05911,0.05926
Week 4,12 Apr 2011,0.05889,0.05904

Week 1,19 Apr 2011,0.05929,0.05944
Week 2,26 Apr 2011,0.05871,0.05886
Week 3,03 May 2011,0.05883,0.05898
Week 4,10 May 2011,0.06015,0.06029

Week 1,17 May 2011,0.06018,0.06032
Week 2,24 May 2011,0.06043,0.06057
Week 3,31 May 2011,0.05934,0.05949
Week 4,07 Jun 2011,0.05826,0.05841

Week 1,14 Jun 2011,0.05871,0.05885
Week 2,21 Jun 2011,0.05901,0.05916
Week 3,28 Jun 2011,0.05897,0.05912
Week 4,05 Jul 2011,0.05990,0.06005

Week 1,12 Jul 2011,0.06029,0.06044
Week 2,19 Jul 2011,0.06007,0.06021
Week 3,26 Jul 2011,0.05940,0.05954
Week 4,02 Aug 2011,0.05892,0.05911

Week 1,09 Aug 2011,0.05701,0.05715
Week 2,16 Aug 2011,0.05660,0.05674
Week 3,23 Aug 2011,0.05577,0.05590
Week 4,30 Aug 2011,0.05616,0.05629

Week 1,06 Sep 2011,0.05717,0.05730
Week 2,13 Sep 2011,0.05621,0.05634
Week 3,20 Sep 2011,0.05453,0.05467
Week 4,27 Sep 2011,0.05420,0.05432

Week 1,04 Oct 2011,0.05487,0.05500
Week 2,11 Oct 2011,0.05463,0.05476
Week 3,18 Oct 2011,0.05348,0.05361
Week 4,25 Oct 2011,0.05369,0.05383

Week 1,01 Nov 2011,0.05383,0.05397
Week 2,08 Nov 2011,0.05398,0.05411
Week 3,15 Nov 2011,0.05409,0.05422
Week 4,22 Nov 2011,0.05300,0.05311

Week 1,29 Nov 2011,0.05425,0.05438
Week 2,06 Dec 2011,0.05502,0.05516
Week 3,13 Dec 2011,0.05517,0.05530
Week 4,20 Dec 2011,0.05534,0.05547

Week 1,27 Dec 2011,0.05513,0.05528
Week 2,03 Jan 2012,0.05643,0.05656
Week 3,10 Jan 2012,0.05758,0.05771
Week 4,17 Jan 2012,0.05834,0.05848

Week 1,24 Jan 2012,0.05853,0.05867
Week 2,31 Jan 2012,0.05918,0.05932
Week 3,07 Feb 2012,0.05945,0.05959
Week 4,14 Feb 2012,0.05948,0.05963

Week 1,21 Feb 2012,0.05851,0.05864
Week 2,28 Feb 2012,0.05851,0.05865
Week 3,06 Mar 2012,0.05938,0.05951
Week 4,13 Mar 2012,0.06015,0.06029

Week 1,20 Mar 2012,0.05933,0.05947
Week 2,27 Mar 2012,0.05876,0.05889
Week 3,03 Apr 2012,0.05897,0.05911
Week 4,10 Apr 2012,0.05816,0.05829

Week 1,17 Apr 2012,0.05778,0.05792
Week 2,24 Apr 2012,0.05770,0.05784
Week 3,01 May 2012,0.05825,0.05838
Week 4,08 May 2012,0.05737,0.05750

Week 1,15 May 2012,0.05682,0.05694
Week 2,22 May 2012,0.05682,0.05694
Week 3,29 May 2012,0.05668,0.05680
Week 4,05 Jun 2012,0.05672,0.05685

Week 1,12 Jun 2012,0.05688,0.05701
Week 2,19 Jun 2012,0.05734,0.05746
Week 3,26 Jun 2012,0.05848,0.05861
Week 4,03 Jul 2012,0.06003,0.06012

Week 1,10 Jul 2012,0.06108,0.06117
Week 2,17 Jul 2012,0.06165,0.06174
Week 3,24 Jul 2012,0.06087,0.06096
Week 4,31 Jul 2012,0.06132,0.06140

Week 1,07 Aug 2012,0.06167,0.06175
Week 2,14 Aug 2012,0.06170,0.06178
Week 3,21 Aug 2012,0.06093,0.06102
Week 4,28 Aug 2012,0.06017,0.06026

Week 1,04 Sep 2012,0.06027,0.06036
Week 2,11 Sep 2012,0.05984,0.05992
Week 3,18 Sep 2012,0.05980,0.05988
Week 4,25 Sep 2012,0.06021,0.06030

Week 1,02 Oct 2012,0.06017,0.06026
Week 2,09 Oct 2012,0.06004,0.06013
Week 3,16 Oct 2012,0.05968,0.05977
Week 4,23 Oct 2012,0.05943,0.05950

Week 1,30 Oct 2012,0.05934,0.05942
Week 2,06 Nov 2012,0.05980,0.05987
Week 3,13 Nov 2012,0.05947,0.05954
Week 4,20 Nov 2012,0.05963,0.05970

Week 1,27 Nov 2012,0.05939,0.05945
Week 2,04 Dec 2012,0.05956,0.05963
Week 3,11 Dec 2012,0.05994,0.06000
Week 4,18 Dec 2012,0.05910,0.05916

Week 1,25 Dec 2012,0.05822,0.05827
Week 2,01 Jan 2013,0.05935,0.05940
Week 3,08 Jan 2013,0.05966,0.05971
Week 4,15 Jan 2013,0.05933,0.05938

Week 1,22 Jan 2013,0.05895,0.05899
Week 2,29 Jan 2013,0.05810,0.05814
Week 3,05 Feb 2013,0.05847,0.05853
Week 4,12 Feb 2013,0.05875,0.05881

Week 1,19 Feb 2013,0.05929,0.05935
Week 2,26 Feb 2013,0.05982,0.05987
Week 3,05 Mar 2013,0.06037,0.06042
Week 4,12 Mar 2013,0.06155,0.06160

Week 1,19 Mar 2013,0.06230,0.06235
Week 2,26 Mar 2013,0.06308,0.06315
Week 3,02 Apr 2013,0.06314,0.06321
Week 4,09 Apr 2013,0.06311,0.06318

Week 1,16 Apr 2013,0.06256,0.06262
Week 2,23 Apr 2013,0.06288,0.06295
Week 3,30 Apr 2013,0.06278,0.06284
Week 4,07 May 2013,0.06346,0.06353

Week 1,14 May 2013,0.06332,0.06337
Week 2,21 May 2013,0.06235,0.06241
Week 3,28 May 2013,0.06081,0.06087
Week 4,04 Jun 2013,0.05949,0.05955

Week 1,11 Jun 2013,0.05873,0.05879
Week 2,18 Jun 2013,0.05757,0.05763
Week 3,25 Jun 2013,0.05843,0.05849
Week 4,02 Jul 2013,0.05943,0.05950

Week 1,09 Jul 2013,0.05990,0.05996
Week 2,16 Jul 2013,0.06056,0.06062
Week 3,23 Jul 2013,0.05998,0.06004
Week 4,30 Jul 2013,0.05918,0.05924

Week 1,06 Aug 2013,0.05935,0.05941
Week 2,13 Aug 2013,0.05875,0.05882
Week 3,20 Aug 2013,0.05735,0.05742
Week 4,27 Aug 2013,0.05659,0.05665

Week 1,03 Sep 2013,0.05706,0.05712
Week 2,10 Sep 2013,0.05755,0.05761
Week 3,17 Sep 2013,0.05784,0.05790
Week 4,24 Sep 2013,0.05688,0.05693

Week 1,01 Oct 2013,0.05613,0.05619
Week 2,08 Oct 2013,0.05635,0.05641
Week 3,15 Oct 2013,0.05695,0.05700
Week 4,22 Oct 2013,0.05621,0.05626

Week 1,29 Oct 2013,0.05649,0.05654
Week 2,05 Nov 2013,0.05660,0.05666
Week 3,12 Nov 2013,0.05691,0.05696
Week 4,19 Nov 2013,0.05699,0.05704

Week 1,26 Nov 2013,0.05629,0.05635
Week 2,03 Dec 2013,0.05614,0.05620
Week 3,10 Dec 2013,0.05631,0.05637
Week 4,17 Dec 2013,0.05627,0.05633

Week 1,24 Dec 2013,0.05592,0.05599
Week 2,31 Dec 2013,0.05573,0.05579
Week 3,07 Jan 2014,0.05621,0.05626
Week 4,14 Jan 2014,0.05576,0.05581

Week 1,21 Jan 2014,0.05496,0.05501
Week 2,28 Jan 2014,0.05508,0.05514
Week 3,04 Feb 2014,0.05530,0.05535
Week 4,11 Feb 2014,0.05509,0.05515

Week 1,18 Feb 2014,0.05489,0.05495
Week 2,25 Feb 2014,0.05481,0.05486
Week 3,04 Mar 2014,0.05471,0.05477
Week 4,11 Mar 2014,0.05436,0.05441

Week 1,18 Mar 2014,0.05461,0.05465
Week 2,25 Mar 2014,0.05531,0.05535
Week 3,01 Apr 2014,0.05570,0.05575
Week 4,08 Apr 2014,0.05547,0.05551

Week 1,15 Apr 2014,0.05537,0.05544
Week 2,22 Apr 2014,0.05525,0.05530
Week 3,29 Apr 2014,0.05520,0.05525
Week 4,06 May 2014,0.05560,0.05565

Week 1,13 May 2014,0.05640,0.05644
Week 2,20 May 2014,0.05673,0.05679
Week 3,27 May 2014,0.05703,0.05709
Week 4,03 Jun 2014,0.05681,0.05686

Week 1,10 Jun 2014,0.05668,0.05674
Week 2,17 Jun 2014,0.05651,0.05656
Week 3,24 Jun 2014,0.05643,0.05648
Week 4,01 Jul 2014,0.05652,0.05656

Week 1,08 Jul 2014,0.05653,0.05659
Week 2,15 Jul 2014,0.05694,0.05698
Week 3,22 Jul 2014,0.05732,0.05737
Week 4,29 Jul 2014,0.05678,0.05683

Week 1,05 Aug 2014,0.05633,0.05638
Week 2,12 Aug 2014,0.05692,0.05698
Week 3,19 Aug 2014,0.05742,0.05747
Week 4,26 Aug 2014,0.05794,0.05798

Week 1,02 Sep 2014,0.05857,0.05861
Week 2,09 Sep 2014,0.05854,0.05859
Week 3,16 Sep 2014,0.05864,0.05868
Week 4,23 Sep 2014,0.05865,0.05870

Week 1,30 Sep 2014,0.05893,0.05898
Week 2,07 Oct 2014,0.05884,0.05889
Week 3,14 Oct 2014,0.05813,0.05817
Week 4,21 Oct 2014,0.05811,0.05816

Week 1,28 Oct 2014,0.05871,0.05876
Week 2,04 Nov 2014,0.05906,0.05911
Week 3,11 Nov 2014,0.05906,0.05911
Week 4,18 Nov 2014,0.05891,0.05897

Week 1,25 Nov 2014,0.05829,0.05834
Week 2,02 Dec 2014,0.05713,0.05719
Week 3,09 Dec 2014,0.05526,0.05532
Week 4,16 Dec 2014,0.05526,0.05532

Week 1,23 Dec 2014,0.05573,0.05579
Week 2,30 Dec 2014,0.05596,0.05601
Week 3,06 Jan 2015,0.05718,0.05723
Week 4,13 Jan 2015,0.05855,0.05862

Week 1,20 Jan 2015,0.05969,0.05975
Week 2,27 Jan 2015,0.05987,0.05995
Week 3,03 Feb 2015,0.05927,0.05934
Week 4,10 Feb 2015,0.05900,0.05907

Week 1,17 Feb 2015,0.05871,0.05877
Week 2,24 Feb 2015,0.05916,0.05922
Week 3,03 Mar 2015,0.05965,0.05971
Week 4,10 Mar 2015,0.06070,0.06075

Week 1,17 Mar 2015,0.06130,0.06136
Week 2,24 Mar 2015,0.06077,0.06084
Week 3,31 Mar 2015,0.06107,0.06115
Week 4,07 Apr 2015,0.06186,0.06192

Week 1,14 Apr 2015,0.06108,0.06115
Week 2,21 Apr 2015,0.06013,0.06019
Week 3,28 Apr 2015,0.05859,0.05865
Week 4,05 May 2015,0.05822,0.05829

Week 1,12 May 2015,0.05818,0.05824
Week 2,19 May 2015,0.05906,0.05912
Week 3,26 May 2015,0.05956,0.05961
Week 4,02 Jun 2015,0.05779,0.05784

Week 1,09 Jun 2015,0.05731,0.05737
Week 2,16 Jun 2015,0.05752,0.05757
Week 3,23 Jun 2015,0.05761,0.05768
Week 4,30 Jun 2015,0.05724,0.05730

Week 1,07 Jul 2015,0.05722,0.05729
Week 2,14 Jul 2015,0.05784,0.05789
Week 3,21 Jul 2015,0.05670,0.05676
Week 4,28 Jul 2015,0.05598,0.05603

Week 1,04 Aug 2015,0.05633,0.05638
Week 2,11 Aug 2015,0.05526,0.05531
Week 3,18 Aug 2015,0.05349,0.05354
Week 4,25 Aug 2015,0.05203,0.05208

Week 1,01 Sep 2015,0.05290,0.05296
Week 2,08 Sep 2015,0.05275,0.05280
Week 3,15 Sep 2015,0.05302,0.05308
Week 4,22 Sep 2015,0.05283,0.05289

Week 1,29 Sep 2015,0.05277,0.05282
Week 2,06 Oct 2015,0.05345,0.05349
Week 3,13 Oct 2015,0.05334,0.05339
Week 4,20 Oct 2015,0.05392,0.05397

Week 1,27 Oct 2015,0.05484,0.05490
Week 2,03 Nov 2015,0.05537,0.05541
Week 3,10 Nov 2015,0.05551,0.05557
Week 4,17 Nov 2015,0.05623,0.05627

Week 1,24 Nov 2015,0.05683,0.05689
Week 2,01 Dec 2015,0.05606,0.05611
Week 3,08 Dec 2015,0.05337,0.05342
Week 4,15 Dec 2015,0.05345,0.05351

Week 1,22 Dec 2015,0.05311,0.05316
Week 2,29 Dec 2015,0.05310,0.05314
Week 3,05 Jan 2016,0.05226,0.05232
Week 4,12 Jan 2016,0.05094,0.05099

Week 1,19 Jan 2016,0.05002,0.05006
Week 2,26 Jan 2016,0.05021,0.05026
Week 3,02 Feb 2016,0.04932,0.04937
Week 4,09 Feb 2016,0.04711,0.04716

Week 1,16 Feb 2016,0.04856,0.04861
Week 2,23 Feb 2016,0.04994,0.04999
Week 3,01 Mar 2016,0.05103,0.05109
Week 4,08 Mar 2016,0.05082,0.05087

Week 1,15 Mar 2016,0.05072,0.05078
Week 2,22 Mar 2016,0.05100,0.05108
Week 3,29 Mar 2016,0.05087,0.05094
Week 4,05 Apr 2016,0.04963,0.04969

Week 1,12 Apr 2016,0.05031,0.05038
Week 2,19 Apr 2016,0.05080,0.05086
Week 3,26 Apr 2016,0.05081,0.05086
Week 4,03 May 2016,0.04940,0.04946

Week 1,10 May 2016,0.04869,0.04875
Week 2,17 May 2016,0.04841,0.04846
Week 3,24 May 2016,0.04853,0.04858
Week 4,31 May 2016,0.04803,0.04808

Week 1,07 Jun 2016,0.04779,0.04784
Week 2,14 Jun 2016,0.04708,0.04713
Week 3,21 Jun 2016,0.04754,0.04762
Week 4,28 Jun 2016,0.04842,0.04850

Week 1,05 Jul 2016,0.04843,0.04851
Week 2,12 Jul 2016,0.04892,0.04900
Week 3,19 Jul 2016,0.04893,0.04898
Week 4,26 Jul 2016,0.04808,0.04813

Week 1,02 Aug 2016,0.04761,0.04768
Week 2,09 Aug 2016,0.04880,0.04886
Week 3,16 Aug 2016,0.04877,0.04883
Week 4,23 Aug 2016,0.04808,0.04816

Week 1,30 Aug 2016,0.04791,0.04797
Week 2,06 Sep 2016,0.04782,0.04789
Week 3,13 Sep 2016,0.04621,0.04627
Week 4,20 Sep 2016,0.04527,0.04534

Week 1,27 Sep 2016,0.04562,0.04570
Week 2,04 Oct 2016,0.04627,0.04634
Week 3,11 Oct 2016,0.04773,0.04779
Week 4,18 Oct 2016,0.04892,0.04901

Week 1,25 Oct 2016,0.04879,0.04886
Week 2,01 Nov 2016,0.04724,0.04731
Week 3,08 Nov 2016,0.04588,0.04596
Week 4,15 Nov 2016,0.04562,0.04570

Week 1,22 Nov 2016,0.04574,0.04582
Week 2,29 Nov 2016,0.04552,0.04560
Week 3,06 Dec 2016,0.04593,0.04600
Week 4,13 Dec 2016,0.04663,0.04671

Week 1,20 Dec 2016,0.04658,0.04665
Week 2,27 Dec 2016,0.04606,0.04615
Week 3,03 Jan 2017,0.04499,0.04507
Week 4,10 Jan 2017,0.04368,0.04375

Week 1,17 Jan 2017,0.04320,0.04327
Week 2,24 Jan 2017,0.04401,0.04408
Week 3,31 Jan 2017,0.04506,0.04514
Week 4,07 Feb 2017,0.04577,0.04584

Week 1,14 Feb 2017,0.04624,0.04631
Week 2,21 Feb 2017,0.04721,0.04727
Week 3,28 Feb 2017,0.04773,0.04780
Week 4,07 Mar 2017,0.04801,0.04807

Week 1,14 Mar 2017,0.04831,0.04835
Week 2,21 Mar 2017,0.04890,0.04895
Week 3,28 Mar 2017,0.04949,0.04957
Week 4,04 Apr 2017,0.05013,0.05020

Week 1,11 Apr 2017,0.05057,0.05065
Week 2,18 Apr 2017,0.04989,0.04997
Week 3,25 Apr 2017,0.04861,0.04868
Week 4,02 May 2017,0.04829,0.04837

Week 1,09 May 2017,0.04832,0.04840
Week 2,16 May 2017,0.04796,0.04804
Week 3,23 May 2017,0.04808,0.04816
Week 4,30 May 2017,0.04780,0.04787

Week 1,06 Jun 2017,0.04873,0.04880
Week 2,13 Jun 2017,0.04953,0.04960
Week 3,20 Jun 2017,0.04952,0.04960
Week 4,27 Jun 2017,0.04889,0.04896

Week 1,04 Jul 2017,0.04826,0.04835
Week 2,11 Jul 2017,0.04922,0.04927
Week 3,18 Jul 2017,0.04911,0.04915
Week 4,25 Jul 2017,0.04819,0.04826

Week 1,01 Aug 2017,0.04741,0.04746
Week 2,08 Aug 2017,0.04738,0.04743
Week 3,15 Aug 2017,0.04788,0.04793
Week 4,22 Aug 2017,0.04779,0.04784

Week 1,29 Aug 2017,0.04709,0.04712
Week 2,05 Sep 2017,0.04698,0.04702
Week 3,12 Sep 2017,0.04730,0.04734
Week 4,19 Sep 2017,0.04708,0.04712

Week 1,26 Sep 2017,0.04675,0.04679
Week 2,03 Oct 2017,0.04634,0.04638
Week 3,10 Oct 2017,0.04502,0.04507
Week 4,17 Oct 2017,0.04476,0.04480

Week 1,24 Oct 2017,0.04468,0.04472
Week 2,31 Oct 2017,0.04488,0.04492
Week 3,07 Nov 2017,0.04503,0.04505
Week 4,14 Nov 2017,0.04456,0.04460

Week 1,21 Nov 2017,0.04513,0.04518
Week 2,28 Nov 2017,0.04523,0.04526
Week 3,05 Dec 2017,0.04513,0.04516


