MXN->INR

Week 1,01 Dec 1998,4.25298,4.26119
Week 2,08 Dec 1998,4.27620,4.28979
Week 3,15 Dec 1998,4.32642,4.33147
Week 4,22 Dec 1998,4.31278,4.31990

Week 1,29 Dec 1998,4.29191,4.29748
Week 2,05 Jan 1999,4.32071,4.32654
Week 3,12 Jan 1999,4.10158,4.13092
Week 4,19 Jan 1999,4.13567,4.14483

Week 1,26 Jan 1999,4.17884,4.18735
Week 2,02 Feb 1999,4.20708,4.21499
Week 3,09 Feb 1999,4.23975,4.24516
Week 4,16 Feb 1999,4.26983,4.27814

Week 1,23 Feb 1999,4.28105,4.30025
Week 2,02 Mar 1999,4.28899,4.29647
Week 3,09 Mar 1999,4.35526,4.36088
Week 4,16 Mar 1999,4.37608,4.38363

Week 1,23 Mar 1999,4.40296,4.41753
Week 2,30 Mar 1999,4.44841,4.46831
Week 3,06 Apr 1999,4.47525,4.48502
Week 4,13 Apr 1999,4.49670,4.51314

Week 1,20 Apr 1999,4.58191,4.59164
Week 2,27 Apr 1999,4.60368,4.61310
Week 3,04 May 1999,4.58436,4.59106
Week 4,11 May 1999,4.57906,4.58746

Week 1,18 May 1999,4.56588,4.57465
Week 2,25 May 1999,4.42442,4.43562
Week 3,01 Jun 1999,4.41763,4.42437
Week 4,08 Jun 1999,4.46109,4.46926

Week 1,15 Jun 1999,4.57547,4.58473
Week 2,22 Jun 1999,4.58230,4.58862
Week 3,29 Jun 1999,4.60902,4.61684
Week 4,06 Jul 1999,4.62644,4.63662

Week 1,13 Jul 1999,4.61855,4.63028
Week 2,20 Jul 1999,4.60558,4.61691
Week 3,27 Jul 1999,4.60720,4.61522
Week 4,03 Aug 1999,4.58842,4.59420

Week 1,10 Aug 1999,4.62144,4.62984
Week 2,17 Aug 1999,4.64738,4.65595
Week 3,24 Aug 1999,4.64674,4.65528
Week 4,31 Aug 1999,4.64053,4.64716

Week 1,07 Sep 1999,4.65738,4.66665
Week 2,14 Sep 1999,4.65531,4.66403
Week 3,21 Sep 1999,4.67004,4.67890
Week 4,28 Sep 1999,4.63628,4.64545

Week 1,05 Oct 1999,4.59473,4.60053
Week 2,12 Oct 1999,4.58310,4.58880
Week 3,19 Oct 1999,4.50278,4.50984
Week 4,26 Oct 1999,4.50608,4.51264

Week 1,02 Nov 1999,4.56270,4.56772
Week 2,09 Nov 1999,4.61369,4.62089
Week 3,16 Nov 1999,4.64043,4.64901
Week 4,23 Nov 1999,4.64497,4.65351

Week 1,30 Nov 1999,4.64139,4.66720
Week 2,07 Dec 1999,4.60969,4.61695
Week 3,14 Dec 1999,4.64708,4.65373
Week 4,21 Dec 1999,4.62781,4.63544

Week 1,28 Dec 1999,4.57946,4.59209
Week 2,04 Jan 2000,4.57687,4.58481
Week 3,11 Jan 2000,4.59343,4.60493
Week 4,18 Jan 2000,4.60893,4.62108

Week 1,25 Jan 2000,4.55706,4.56632
Week 2,01 Feb 2000,4.58357,4.59141
Week 3,08 Feb 2000,4.62583,4.63549
Week 4,15 Feb 2000,4.64397,4.65373

Week 1,22 Feb 2000,4.63954,4.64814
Week 2,29 Feb 2000,4.66254,4.67266
Week 3,07 Mar 2000,4.67962,4.68852
Week 4,14 Mar 2000,4.66839,4.67845

Week 1,21 Mar 2000,4.71108,4.72081
Week 2,28 Mar 2000,4.71063,4.71788
Week 3,04 Apr 2000,4.67748,4.68582
Week 4,11 Apr 2000,4.61703,4.62689

Week 1,18 Apr 2000,4.63134,4.64298
Week 2,25 Apr 2000,4.63630,4.64524
Week 3,02 May 2000,4.63401,4.64242
Week 4,09 May 2000,4.58065,4.58939

Week 1,16 May 2000,4.59520,4.60665
Week 2,23 May 2000,4.61667,4.64068
Week 3,30 May 2000,4.62344,4.64845
Week 4,06 Jun 2000,4.47611,4.50569

Week 1,13 Jun 2000,4.53527,4.54961
Week 2,20 Jun 2000,4.49949,4.51200
Week 3,27 Jun 2000,4.49549,4.51971
Week 4,04 Jul 2000,4.68782,4.69814

Week 1,11 Jul 2000,4.73857,4.74738
Week 2,18 Jul 2000,4.78834,4.79729
Week 3,25 Jul 2000,4.77952,4.80007
Week 4,01 Aug 2000,4.83318,4.85380

Week 1,08 Aug 2000,4.90763,4.92671
Week 2,15 Aug 2000,4.93899,4.96462
Week 3,22 Aug 2000,4.94835,4.96892
Week 4,29 Aug 2000,4.95839,4.97614

Week 1,05 Sep 2000,4.90200,4.92461
Week 2,12 Sep 2000,4.88739,4.90926
Week 3,19 Sep 2000,4.88413,4.90615
Week 4,26 Sep 2000,4.86559,4.88632

Week 1,03 Oct 2000,4.86409,4.89167
Week 2,10 Oct 2000,4.86036,4.87830
Week 3,17 Oct 2000,4.84286,4.85895
Week 4,24 Oct 2000,4.83299,4.85365

Week 1,31 Oct 2000,4.84691,4.86544
Week 2,07 Nov 2000,4.84715,4.86572
Week 3,14 Nov 2000,4.92594,4.94706
Week 4,21 Nov 2000,4.97423,4.98949

Week 1,28 Nov 2000,4.97315,4.99265
Week 2,05 Dec 2000,4.95456,4.97220
Week 3,12 Dec 2000,4.95294,4.96662
Week 4,19 Dec 2000,4.89228,4.91337

Week 1,26 Dec 2000,4.85205,4.86843
Week 2,02 Jan 2001,4.79206,4.80718
Week 3,09 Jan 2001,4.73161,4.74829
Week 4,16 Jan 2001,4.70746,4.72319

Week 1,23 Jan 2001,4.78188,4.79428
Week 2,30 Jan 2001,4.76493,4.77888
Week 3,06 Feb 2001,4.76909,4.78383
Week 4,13 Feb 2001,4.78925,4.80567

Week 1,20 Feb 2001,4.79530,4.81219
Week 2,27 Feb 2001,4.80618,4.82042
Week 3,06 Mar 2001,4.81455,4.82882
Week 4,13 Mar 2001,4.85286,4.86589

Week 1,20 Mar 2001,4.87904,4.89407
Week 2,27 Mar 2001,4.90223,4.91566
Week 3,03 Apr 2001,4.94506,4.96217
Week 4,10 Apr 2001,5.01670,5.03379

Week 1,17 Apr 2001,5.01991,5.03608
Week 2,24 Apr 2001,5.03275,5.04698
Week 3,01 May 2001,5.04644,5.05932
Week 4,08 May 2001,5.08136,5.09300

Week 1,15 May 2001,5.15999,5.17925
Week 2,22 May 2001,5.17625,5.19392
Week 3,29 May 2001,5.12592,5.14316
Week 4,05 Jun 2001,5.15521,5.17319

Week 1,12 Jun 2001,5.18360,5.20006
Week 2,19 Jun 2001,5.17701,5.19558
Week 3,26 Jun 2001,5.18838,5.20938
Week 4,03 Jul 2001,5.17790,5.19247

Week 1,10 Jul 2001,5.07584,5.09616
Week 2,17 Jul 2001,5.11909,5.14044
Week 3,24 Jul 2001,5.13780,5.15516
Week 4,31 Jul 2001,5.12837,5.14361

Week 1,07 Aug 2001,5.16605,5.18557
Week 2,14 Aug 2001,5.16441,5.18304
Week 3,21 Aug 2001,5.16091,5.18040
Week 4,28 Aug 2001,5.12685,5.14523

Week 1,04 Sep 2001,5.07094,5.08796
Week 2,11 Sep 2001,4.98886,4.99918
Week 3,18 Sep 2001,5.07829,5.09121
Week 4,25 Sep 2001,5.03743,5.06194

Week 1,02 Oct 2001,5.00635,5.03940
Week 2,09 Oct 2001,5.09878,5.13664
Week 3,16 Oct 2001,5.19130,5.23063
Week 4,23 Oct 2001,5.17075,5.20627

Week 1,30 Oct 2001,5.15916,5.19407
Week 2,06 Nov 2001,5.17910,5.22351
Week 3,13 Nov 2001,5.18063,5.21482
Week 4,20 Nov 2001,5.22285,5.25420

Week 1,27 Nov 2001,5.17078,5.20620
Week 2,04 Dec 2001,5.17104,5.20693
Week 3,11 Dec 2001,5.22364,5.26287
Week 4,18 Dec 2001,5.22263,5.25722

Week 1,25 Dec 2001,5.24547,5.28355
Week 2,01 Jan 2002,5.26349,5.30548
Week 3,08 Jan 2002,5.21604,5.25249
Week 4,15 Jan 2002,5.24849,5.28919

Week 1,22 Jan 2002,5.26710,5.30466
Week 2,29 Jan 2002,5.26267,5.29367
Week 3,05 Feb 2002,5.30943,5.34743
Week 4,12 Feb 2002,5.35395,5.39274

Week 1,19 Feb 2002,5.33629,5.37140
Week 2,26 Feb 2002,5.34289,5.37862
Week 3,05 Mar 2002,5.34802,5.38536
Week 4,12 Mar 2002,5.33926,5.37549

Week 1,19 Mar 2002,5.36288,5.40183
Week 2,26 Mar 2002,5.38576,5.43284
Week 3,02 Apr 2002,5.39552,5.43137
Week 4,09 Apr 2002,5.36821,5.41624

Week 1,16 Apr 2002,5.26776,5.31725
Week 2,23 Apr 2002,5.24278,5.27841
Week 3,30 Apr 2002,5.16850,5.20385
Week 4,07 May 2002,5.14013,5.17940

Week 1,14 May 2002,5.14776,5.18310
Week 2,21 May 2002,5.12939,5.16163
Week 3,28 May 2002,5.06514,5.09744
Week 4,04 Jun 2002,5.02008,5.05303

Week 1,11 Jun 2002,5.04944,5.08636
Week 2,18 Jun 2002,4.96538,5.00091
Week 3,25 Jun 2002,4.90738,4.93978
Week 4,02 Jul 2002,4.89966,4.93270

Week 1,09 Jul 2002,4.97186,5.00524
Week 2,16 Jul 2002,5.01185,5.04954
Week 3,23 Jul 2002,5.00267,5.03652
Week 4,30 Jul 2002,4.94802,4.98445

Week 1,06 Aug 2002,4.97332,5.00601
Week 2,13 Aug 2002,4.90363,4.93734
Week 3,20 Aug 2002,4.93075,4.96621
Week 4,27 Aug 2002,4.87353,4.90605

Week 1,03 Sep 2002,4.84384,4.87919
Week 2,10 Sep 2002,4.85184,4.87739
Week 3,17 Sep 2002,4.76041,4.79781
Week 4,24 Sep 2002,4.72695,4.75532

Week 1,01 Oct 2002,4.74592,4.77171
Week 2,08 Oct 2002,4.74101,4.77821
Week 3,15 Oct 2002,4.80216,4.83351
Week 4,22 Oct 2002,4.86265,4.90176

Week 1,29 Oct 2002,4.74297,4.77420
Week 2,05 Nov 2002,4.69514,4.72353
Week 3,12 Nov 2002,4.68992,4.72091
Week 4,19 Nov 2002,4.74436,4.77314

Week 1,26 Nov 2002,4.72991,4.75831
Week 2,03 Dec 2002,4.70791,4.74036
Week 3,10 Dec 2002,4.71119,4.74626
Week 4,17 Dec 2002,4.70516,4.73804

Week 1,24 Dec 2002,4.67084,4.69785
Week 2,31 Dec 2002,4.61172,4.63899
Week 3,07 Jan 2003,4.58007,4.61175
Week 4,14 Jan 2003,4.52822,4.56036

Week 1,21 Jan 2003,4.41205,4.44813
Week 2,28 Jan 2003,4.36598,4.39646
Week 3,04 Feb 2003,4.33921,4.37314
Week 4,11 Feb 2003,4.36069,4.38908

Week 1,18 Feb 2003,4.36658,4.39477
Week 2,25 Feb 2003,4.31318,4.33941
Week 3,04 Mar 2003,4.26794,4.29095
Week 4,11 Mar 2003,4.36066,4.39210

Week 1,18 Mar 2003,4.40432,4.43048
Week 2,25 Mar 2003,4.42947,4.45917
Week 3,01 Apr 2003,4.41950,4.44879
Week 4,08 Apr 2003,4.41614,4.44635

Week 1,15 Apr 2003,4.46975,4.50001
Week 2,22 Apr 2003,4.50973,4.54016
Week 3,29 Apr 2003,4.60268,4.63467
Week 4,06 May 2003,4.62838,4.65808

Week 1,13 May 2003,4.57264,4.60103
Week 2,20 May 2003,4.56016,4.58590
Week 3,27 May 2003,4.53572,4.56253
Week 4,03 Jun 2003,4.44214,4.46545

Week 1,10 Jun 2003,4.40028,4.42710
Week 2,17 Jun 2003,4.41578,4.44536
Week 3,24 Jun 2003,4.43475,4.46312
Week 4,01 Jul 2003,4.42710,4.45702

Week 1,08 Jul 2003,4.40780,4.43301
Week 2,15 Jul 2003,4.43478,4.46274
Week 3,22 Jul 2003,4.38547,4.41537
Week 4,29 Jul 2003,4.36444,4.39302

Week 1,05 Aug 2003,4.29707,4.32086
Week 2,12 Aug 2003,4.26234,4.29413
Week 3,19 Aug 2003,4.21239,4.23943
Week 4,26 Aug 2003,4.15572,4.18147

Week 1,02 Sep 2003,4.18483,4.21055
Week 2,09 Sep 2003,4.15268,4.17791
Week 3,16 Sep 2003,4.19667,4.22231
Week 4,23 Sep 2003,4.19367,4.21370

Week 1,30 Sep 2003,4.08140,4.10592
Week 2,07 Oct 2003,4.02716,4.05205
Week 3,14 Oct 2003,4.03433,4.05772
Week 4,21 Oct 2003,4.04890,4.06995

Week 1,28 Oct 2003,4.08949,4.11071
Week 2,04 Nov 2003,4.10808,4.13423
Week 3,11 Nov 2003,4.07992,4.10064
Week 4,18 Nov 2003,4.06743,4.09203

Week 1,25 Nov 2003,4.03052,4.05765
Week 2,02 Dec 2003,4.04183,4.06341
Week 3,09 Dec 2003,4.04692,4.06745
Week 4,16 Dec 2003,4.03320,4.05339

Week 1,23 Dec 2003,4.03755,4.05473
Week 2,30 Dec 2003,4.07660,4.09716
Week 3,06 Jan 2004,4.16887,4.19566
Week 4,13 Jan 2004,4.17647,4.20255

Week 1,20 Jan 2004,4.14482,4.16682
Week 2,27 Jan 2004,4.08620,4.11568
Week 3,03 Feb 2004,4.05766,4.08513
Week 4,10 Feb 2004,4.09480,4.12013

Week 1,17 Feb 2004,4.11881,4.14621
Week 2,24 Feb 2004,4.07710,4.10168
Week 3,02 Mar 2004,4.11698,4.14226
Week 4,09 Mar 2004,4.11903,4.14147

Week 1,16 Mar 2004,4.10286,4.12687
Week 2,23 Mar 2004,4.03316,4.05824
Week 3,30 Mar 2004,3.89903,3.92777
Week 4,06 Apr 2004,3.88350,3.90841

Week 1,13 Apr 2004,3.87429,3.89780
Week 2,20 Apr 2004,3.88096,3.90708
Week 3,27 Apr 2004,3.87801,3.90456
Week 4,04 May 2004,3.87231,3.89411

Week 1,11 May 2004,3.88762,3.91178
Week 2,18 May 2004,3.90370,3.93134
Week 3,25 May 2004,3.94918,3.97846
Week 4,01 Jun 2004,3.94104,3.96763

Week 1,08 Jun 2004,3.95413,3.97924
Week 2,15 Jun 2004,3.98631,4.01319
Week 3,22 Jun 2004,4.03095,4.05672
Week 4,29 Jun 2004,3.97633,4.00713

Week 1,06 Jul 2004,3.96817,3.99596
Week 2,13 Jul 2004,3.99671,4.03086
Week 3,20 Jul 2004,4.02315,4.05205
Week 4,27 Jul 2004,4.03006,4.05935

Week 1,03 Aug 2004,4.03957,4.07082
Week 2,10 Aug 2004,4.04202,4.07332
Week 3,17 Aug 2004,4.06614,4.09592
Week 4,24 Aug 2004,4.05052,4.08191

Week 1,31 Aug 2004,4.02233,4.05122
Week 2,07 Sep 2004,3.97618,4.00910
Week 3,14 Sep 2004,3.96671,4.00227
Week 4,21 Sep 2004,4.00075,4.03181

Week 1,28 Sep 2004,4.02376,4.05140
Week 2,05 Oct 2004,4.04359,4.08288
Week 3,12 Oct 2004,4.01878,4.05125
Week 4,19 Oct 2004,3.97296,3.99851

Week 1,26 Oct 2004,3.93397,3.95560
Week 2,02 Nov 2004,3.95035,3.97624
Week 3,09 Nov 2004,3.94665,3.97213
Week 4,16 Nov 2004,3.94877,3.97632

Week 1,23 Nov 2004,3.97175,4.00036
Week 2,30 Nov 2004,3.95338,3.97962
Week 3,07 Dec 2004,3.90630,3.92906
Week 4,14 Dec 2004,3.90324,3.92712

Week 1,21 Dec 2004,3.91425,3.93938
Week 2,28 Dec 2004,3.88777,3.91170
Week 3,04 Jan 2005,3.85687,3.87679
Week 4,11 Jan 2005,3.88435,3.90234

Week 1,18 Jan 2005,3.87211,3.89829
Week 2,25 Jan 2005,3.86964,3.88846
Week 3,01 Feb 2005,3.88085,3.90699
Week 4,08 Feb 2005,3.90085,3.92595

Week 1,15 Feb 2005,3.92167,3.94230
Week 2,22 Feb 2005,3.92705,3.94950
Week 3,01 Mar 2005,3.93095,3.95590
Week 4,08 Mar 2005,3.93474,3.95889

Week 1,15 Mar 2005,3.88408,3.90584
Week 2,22 Mar 2005,3.87266,3.89157
Week 3,29 Mar 2005,3.88741,3.90555
Week 4,05 Apr 2005,3.90612,3.92160

Week 1,12 Apr 2005,3.93168,3.94876
Week 2,19 Apr 2005,3.94379,3.95903
Week 3,26 Apr 2005,3.93133,3.94853
Week 4,03 May 2005,3.94944,3.97331

Week 1,10 May 2005,3.92571,3.95361
Week 2,17 May 2005,3.94838,3.97129
Week 3,24 May 2005,3.97015,3.99180
Week 4,31 May 2005,4.01427,4.03259

Week 1,07 Jun 2005,3.99632,4.01633
Week 2,14 Jun 2005,4.01641,4.04353
Week 3,21 Jun 2005,4.02727,4.05002
Week 4,28 Jun 2005,4.03522,4.05746

Week 1,05 Jul 2005,4.03919,4.06172
Week 2,12 Jul 2005,4.07529,4.09448
Week 3,19 Jul 2005,4.07118,4.10090
Week 4,26 Jul 2005,4.07165,4.09097

Week 1,02 Aug 2005,4.09108,4.10994
Week 2,09 Aug 2005,4.08662,4.10746
Week 3,16 Aug 2005,4.06105,4.08194
Week 4,23 Aug 2005,4.02240,4.03918

Week 1,30 Aug 2005,4.08064,4.09898
Week 2,06 Sep 2005,4.08014,4.10789
Week 3,13 Sep 2005,4.04650,4.06996
Week 4,20 Sep 2005,4.04078,4.05762

Week 1,27 Sep 2005,4.05523,4.07583
Week 2,04 Oct 2005,4.09836,4.11671
Week 3,11 Oct 2005,4.10820,4.12786
Week 4,18 Oct 2005,4.13599,4.15611

Week 1,25 Oct 2005,4.13881,4.15694
Week 2,01 Nov 2005,4.19995,4.22002
Week 3,08 Nov 2005,4.25926,4.28099
Week 4,15 Nov 2005,4.27466,4.29786

Week 1,22 Nov 2005,4.29782,4.32104
Week 2,29 Nov 2005,4.34907,4.37398
Week 3,06 Dec 2005,4.38714,4.41267
Week 4,13 Dec 2005,4.25166,4.27627

Week 1,20 Dec 2005,4.20980,4.23444
Week 2,27 Dec 2005,4.20644,4.23287
Week 3,03 Jan 2006,4.20691,4.23368
Week 4,10 Jan 2006,4.16056,4.18493

Week 1,17 Jan 2006,4.17787,4.20238
Week 2,24 Jan 2006,4.19124,4.21385
Week 3,31 Jan 2006,4.20468,4.22819
Week 4,07 Feb 2006,4.19281,4.21744

Week 1,14 Feb 2006,4.20949,4.23250
Week 2,21 Feb 2006,4.22951,4.25300
Week 3,28 Feb 2006,4.19665,4.21989
Week 4,07 Mar 2006,4.13792,4.15990

Week 1,14 Mar 2006,4.13926,4.16337
Week 2,21 Mar 2006,4.09088,4.11208
Week 3,28 Mar 2006,4.06946,4.09123
Week 4,04 Apr 2006,4.03388,4.05392

Week 1,11 Apr 2006,4.04428,4.06733
Week 2,18 Apr 2006,4.07875,4.09934
Week 3,25 Apr 2006,4.04062,4.06172
Week 4,02 May 2006,4.06777,4.09045

Week 1,09 May 2006,4.08496,4.10630
Week 2,16 May 2006,4.05495,4.07719
Week 3,23 May 2006,4.07167,4.09590
Week 4,30 May 2006,4.07270,4.09780

Week 1,06 Jun 2006,4.03011,4.04792
Week 2,13 Jun 2006,4.00150,4.02489
Week 3,20 Jun 2006,4.00967,4.03351
Week 4,27 Jun 2006,4.04285,4.06690

Week 1,04 Jul 2006,4.13057,4.15523
Week 2,11 Jul 2006,4.18657,4.21137
Week 3,18 Jul 2006,4.25747,4.28244
Week 4,25 Jul 2006,4.27109,4.29788

Week 1,01 Aug 2006,4.23988,4.26430
Week 2,08 Aug 2006,4.27189,4.29734
Week 3,15 Aug 2006,4.28912,4.31458
Week 4,22 Aug 2006,4.25389,4.27887

Week 1,29 Aug 2006,4.26020,4.28537
Week 2,05 Sep 2006,4.20476,4.23011
Week 3,12 Sep 2006,4.18528,4.21043
Week 4,19 Sep 2006,4.17041,4.19567

Week 1,26 Sep 2006,4.15033,4.17527
Week 2,03 Oct 2006,4.12852,4.15238
Week 3,10 Oct 2006,4.14245,4.16718
Week 4,17 Oct 2006,4.16625,4.19120

Week 1,24 Oct 2006,4.18363,4.20912
Week 2,31 Oct 2006,4.14827,4.17349
Week 3,07 Nov 2006,4.10498,4.12994
Week 4,14 Nov 2006,4.11503,4.13932

Week 1,21 Nov 2006,4.07078,4.08075
Week 2,28 Nov 2006,4.04982,4.05768
Week 3,05 Dec 2006,4.09587,4.10509
Week 4,12 Dec 2006,4.13271,4.14138

Week 1,19 Dec 2006,4.11500,4.12293
Week 2,26 Dec 2006,4.07497,4.08516
Week 3,02 Jan 2007,4.07373,4.08325
Week 4,09 Jan 2007,4.04563,4.05389

Week 1,16 Jan 2007,4.04318,4.05186
Week 2,23 Jan 2007,4.02398,4.03236
Week 3,30 Jan 2007,4.00532,4.01491
Week 4,06 Feb 2007,4.01766,4.02635

Week 1,13 Feb 2007,4.00734,4.01602
Week 2,20 Feb 2007,4.00907,4.01779
Week 3,27 Feb 2007,3.96319,3.96888
Week 4,06 Mar 2007,3.96997,3.97993

Week 1,13 Mar 2007,3.95227,3.96083
Week 2,20 Mar 2007,3.94669,3.95722
Week 3,27 Mar 2007,3.91583,3.92512
Week 4,03 Apr 2007,3.89664,3.90728

Week 1,10 Apr 2007,3.88060,3.88931
Week 2,17 Apr 2007,3.81255,3.81987
Week 3,24 Apr 2007,3.75483,3.76204
Week 4,01 May 2007,3.75921,3.76639

Week 1,08 May 2007,3.79203,3.79963
Week 2,15 May 2007,3.76965,3.77936
Week 3,22 May 2007,3.75735,3.76452
Week 4,29 May 2007,3.76904,3.77616

Week 1,05 Jun 2007,3.75929,3.76682
Week 2,12 Jun 2007,3.75522,3.76238
Week 3,19 Jun 2007,3.76962,3.77663
Week 4,26 Jun 2007,3.76818,3.77523

Week 1,03 Jul 2007,3.75453,3.76173
Week 2,10 Jul 2007,3.74675,3.75376
Week 3,17 Jul 2007,3.74445,3.75105
Week 4,24 Jul 2007,3.70502,3.71191

Week 1,31 Jul 2007,3.67888,3.68574
Week 2,07 Aug 2007,3.68848,3.69517
Week 3,14 Aug 2007,3.67894,3.68578
Week 4,21 Aug 2007,3.70780,3.71445

Week 1,28 Aug 2007,3.70446,3.71149
Week 2,04 Sep 2007,3.68102,3.68773
Week 3,11 Sep 2007,3.64141,3.64812
Week 4,18 Sep 2007,3.63842,3.64512

Week 1,25 Sep 2007,3.63403,3.64077
Week 2,02 Oct 2007,3.63652,3.64337
Week 3,09 Oct 2007,3.63338,3.64026
Week 4,16 Oct 2007,3.65750,3.66425

Week 1,23 Oct 2007,3.66120,3.66817
Week 2,30 Oct 2007,3.68521,3.68949
Week 3,06 Nov 2007,3.63919,3.64571
Week 4,13 Nov 2007,3.60099,3.60780

Week 1,20 Nov 2007,3.59831,3.60493
Week 2,27 Nov 2007,3.62534,3.63270
Week 3,04 Dec 2007,3.63034,3.63720
Week 4,11 Dec 2007,3.63136,3.63820

Week 1,18 Dec 2007,3.64710,3.65475
Week 2,25 Dec 2007,3.62803,3.63885
Week 3,01 Jan 2008,3.60376,3.61323
Week 4,08 Jan 2008,3.59142,3.59813

Week 1,15 Jan 2008,3.59312,3.59987
Week 2,22 Jan 2008,3.61138,3.61804
Week 3,29 Jan 2008,3.62873,3.63537
Week 4,05 Feb 2008,3.66281,3.66973

Week 1,12 Feb 2008,3.68511,3.69212
Week 2,19 Feb 2008,3.70646,3.71348
Week 3,26 Feb 2008,3.71829,3.72537
Week 4,04 Mar 2008,3.75199,3.75905

Week 1,11 Mar 2008,3.74621,3.75334
Week 2,18 Mar 2008,3.77005,3.77722
Week 3,25 Mar 2008,3.74145,3.74949
Week 4,01 Apr 2008,3.77435,3.78195

Week 1,08 Apr 2008,3.78562,3.79228
Week 2,15 Apr 2008,3.80792,3.81531
Week 3,22 Apr 2008,3.82116,3.82860
Week 4,29 Apr 2008,3.85983,3.86736

Week 1,06 May 2008,3.91847,3.92635
Week 2,13 May 2008,4.05098,4.05935
Week 3,20 May 2008,4.11316,4.12176
Week 4,27 May 2008,4.11934,4.12786

Week 1,03 Jun 2008,4.12645,4.13408
Week 2,10 Jun 2008,4.12836,4.13677
Week 3,17 Jun 2008,4.16265,4.17080
Week 4,24 Jun 2008,4.15870,4.16678

Week 1,01 Jul 2008,4.17178,4.17990
Week 2,08 Jul 2008,4.18671,4.19490
Week 3,15 Jul 2008,4.17327,4.18542
Week 4,22 Jul 2008,4.18723,4.20345

Week 1,29 Jul 2008,4.23258,4.24676
Week 2,05 Aug 2008,4.20394,4.21854
Week 3,12 Aug 2008,4.20323,4.21858
Week 4,19 Aug 2008,4.28186,4.29456

Week 1,26 Aug 2008,4.28988,4.30600
Week 2,02 Sep 2008,4.26273,4.27893
Week 3,09 Sep 2008,4.28181,4.29740
Week 4,16 Sep 2008,4.29472,4.31269

Week 1,23 Sep 2008,4.30547,4.32384
Week 2,30 Sep 2008,4.26513,4.28541
Week 3,07 Oct 2008,3.90447,3.93877
Week 4,14 Oct 2008,3.87296,3.93515

Week 1,21 Oct 2008,3.79961,3.87719
Week 2,28 Oct 2008,3.91573,4.04813
Week 3,04 Nov 2008,3.75911,3.83852
Week 4,11 Nov 2008,3.76347,3.83763

Week 1,18 Nov 2008,3.71486,3.78680
Week 2,25 Nov 2008,3.71241,3.79478
Week 3,02 Dec 2008,3.64474,3.71491
Week 4,09 Dec 2008,3.63063,3.67353

Week 1,16 Dec 2008,3.62768,3.71050
Week 2,23 Dec 2008,3.64065,3.74990
Week 3,30 Dec 2008,3.55776,3.65316
Week 4,06 Jan 2009,3.60993,3.67513

Week 1,13 Jan 2009,3.52727,3.58783
Week 2,20 Jan 2009,3.52161,3.56524
Week 3,27 Jan 2009,3.44582,3.50079
Week 4,03 Feb 2009,3.38613,3.43174

Week 1,10 Feb 2009,3.36603,3.40982
Week 2,17 Feb 2009,3.37630,3.41898
Week 3,24 Feb 2009,3.35818,3.39198
Week 4,03 Mar 2009,3.37866,3.41106

Week 1,10 Mar 2009,3.46880,3.51092
Week 2,17 Mar 2009,3.63860,3.68747
Week 3,24 Mar 2009,3.59706,3.62956
Week 4,31 Mar 2009,3.64862,3.69208

Week 1,07 Apr 2009,3.74840,3.80297
Week 2,14 Apr 2009,3.79107,3.83728
Week 3,21 Apr 2009,3.78681,3.81669
Week 4,28 Apr 2009,3.61759,3.66159

Week 1,05 May 2009,3.72441,3.76318
Week 2,12 May 2009,3.73369,3.77598
Week 3,19 May 2009,3.61545,3.65349
Week 4,26 May 2009,3.58152,3.61999

Week 1,02 Jun 2009,3.54260,3.58188
Week 2,09 Jun 2009,3.53446,3.57784
Week 3,16 Jun 2009,3.59254,3.63440
Week 4,23 Jun 2009,3.65369,3.69461

Week 1,30 Jun 2009,3.63402,3.67530
Week 2,07 Jul 2009,3.60627,3.65376
Week 3,14 Jul 2009,3.58306,3.62860
Week 4,21 Jul 2009,3.63569,3.67827

Week 1,28 Jul 2009,3.63144,3.67385
Week 2,04 Aug 2009,3.64066,3.68600
Week 3,11 Aug 2009,3.71421,3.75718
Week 4,18 Aug 2009,3.76079,3.80239

Week 1,25 Aug 2009,3.70647,3.74673
Week 2,01 Sep 2009,3.61360,3.65785
Week 3,08 Sep 2009,3.62110,3.66215
Week 4,15 Sep 2009,3.63420,3.67249

Week 1,22 Sep 2009,3.57514,3.61535
Week 2,29 Sep 2009,3.51661,3.55577
Week 3,06 Oct 2009,3.46978,3.51335
Week 4,13 Oct 2009,3.50631,3.54579

Week 1,20 Oct 2009,3.56395,3.58474
Week 2,27 Oct 2009,3.55801,3.57650
Week 3,03 Nov 2009,3.52589,3.54348
Week 4,10 Nov 2009,3.51277,3.53863

Week 1,17 Nov 2009,3.54719,3.57336
Week 2,24 Nov 2009,3.58041,3.60787
Week 3,01 Dec 2009,3.61701,3.65417
Week 4,08 Dec 2009,3.62334,3.64032

Week 1,15 Dec 2009,3.64587,3.67293
Week 2,22 Dec 2009,3.61583,3.65411
Week 3,29 Dec 2009,3.57341,3.59165
Week 4,05 Jan 2010,3.57558,3.60263

Week 1,12 Jan 2010,3.58239,3.59915
Week 2,19 Jan 2010,3.58823,3.60435
Week 3,26 Jan 2010,3.56169,3.58736
Week 4,02 Feb 2010,3.55393,3.58246

Week 1,09 Feb 2010,3.56026,3.58745
Week 2,16 Feb 2010,3.58476,3.60408
Week 3,23 Feb 2010,3.60170,3.60828
Week 4,02 Mar 2010,3.60047,3.60734

Week 1,09 Mar 2010,3.60828,3.61504
Week 2,16 Mar 2010,3.61963,3.62672
Week 3,23 Mar 2010,3.61553,3.62206
Week 4,30 Mar 2010,3.62850,3.63781

Week 1,06 Apr 2010,3.62570,3.63485
Week 2,13 Apr 2010,3.62321,3.65264
Week 3,20 Apr 2010,3.63969,3.64354
Week 4,27 Apr 2010,3.61136,3.64078

Week 1,04 May 2010,3.55090,3.57941
Week 2,11 May 2010,3.60869,3.61966
Week 3,18 May 2010,3.59877,3.61124
Week 4,25 May 2010,3.60438,3.62437

Week 1,01 Jun 2010,3.62894,3.64716
Week 2,08 Jun 2010,3.67012,3.68261
Week 3,15 Jun 2010,3.67327,3.68907
Week 4,22 Jun 2010,3.65143,3.68038

Week 1,29 Jun 2010,3.60072,3.61441
Week 2,06 Jul 2010,3.62642,3.65512
Week 3,13 Jul 2010,3.65373,3.66532
Week 4,20 Jul 2010,3.67887,3.69099

Week 1,27 Jul 2010,3.67896,3.68686
Week 2,03 Aug 2010,3.64699,3.67548
Week 3,10 Aug 2010,3.65548,3.68423
Week 4,17 Aug 2010,3.67090,3.67881

Week 1,24 Aug 2010,3.59609,3.62355
Week 2,31 Aug 2010,3.56932,3.59706
Week 3,07 Sep 2010,3.58023,3.60805
Week 4,14 Sep 2010,3.60286,3.63468

Week 1,21 Sep 2010,3.59038,3.61905
Week 2,28 Sep 2010,3.56541,3.59412
Week 3,05 Oct 2010,3.54312,3.57272
Week 4,12 Oct 2010,3.56264,3.59179

Week 1,19 Oct 2010,3.57681,3.60595
Week 2,26 Oct 2010,3.58728,3.61864
Week 3,02 Nov 2010,3.60432,3.64610
Week 4,09 Nov 2010,3.63379,3.67486

Week 1,16 Nov 2010,3.68059,3.72347
Week 2,23 Nov 2010,3.67509,3.71599
Week 3,30 Nov 2010,3.64495,3.68622
Week 4,07 Dec 2010,3.64576,3.68948

Week 1,14 Dec 2010,3.68173,3.72219
Week 2,21 Dec 2010,3.67668,3.72146
Week 3,28 Dec 2010,3.65089,3.69890
Week 4,04 Jan 2011,3.71324,3.75300

Week 1,11 Jan 2011,3.75665,3.79867
Week 2,18 Jan 2011,3.80308,3.84461
Week 3,25 Jan 2011,3.79320,3.83469
Week 4,01 Feb 2011,3.80246,3.84346

Week 1,08 Feb 2011,3.78388,3.82321
Week 2,15 Feb 2011,3.75886,3.79706
Week 3,22 Feb 2011,3.73228,3.77218
Week 4,01 Mar 2011,3.72752,3.75425

Week 1,08 Mar 2011,3.80105,3.84252
Week 2,15 Mar 2011,3.79419,3.83552
Week 3,22 Mar 2011,3.77346,3.81382
Week 4,29 Mar 2011,3.77667,3.81738

Week 1,05 Apr 2011,3.76905,3.81037
Week 2,12 Apr 2011,3.79758,3.83909
Week 3,19 Apr 2011,3.82912,3.87248
Week 4,26 Apr 2011,3.85319,3.89573

Week 1,03 May 2011,3.84586,3.88731
Week 2,10 May 2011,3.84478,3.88622
Week 3,17 May 2011,3.84757,3.88888
Week 4,24 May 2011,3.86593,3.90679

Week 1,31 May 2011,3.84564,3.88708
Week 2,07 Jun 2011,3.82466,3.86730
Week 3,14 Jun 2011,3.80098,3.84189
Week 4,21 Jun 2011,3.81789,3.85723

Week 1,28 Jun 2011,3.82794,3.86918
Week 2,05 Jul 2011,3.83798,3.87905
Week 3,12 Jul 2011,3.80271,3.84368
Week 4,19 Jul 2011,3.81723,3.85737

Week 1,26 Jul 2011,3.77901,3.82072
Week 2,02 Aug 2011,3.74310,3.78444
Week 3,09 Aug 2011,3.67185,3.71254
Week 4,16 Aug 2011,3.70723,3.74603

Week 1,23 Aug 2011,3.69332,3.72942
Week 2,30 Aug 2011,3.68633,3.72438
Week 3,06 Sep 2011,3.67606,3.71583
Week 4,13 Sep 2011,3.68385,3.72385

Week 1,20 Sep 2011,3.63611,3.68752
Week 2,27 Sep 2011,3.63191,3.66949
Week 3,04 Oct 2011,3.62492,3.66182
Week 4,11 Oct 2011,3.70398,3.74222

Week 1,18 Oct 2011,3.68262,3.71862
Week 2,25 Oct 2011,3.71975,3.75881
Week 3,01 Nov 2011,3.66530,3.70346
Week 4,08 Nov 2011,3.70419,3.73186

Week 1,15 Nov 2011,3.74438,3.77018
Week 2,22 Nov 2011,3.70749,3.74250
Week 3,29 Nov 2011,3.74946,3.78527
Week 4,06 Dec 2011,3.81318,3.84903

Week 1,13 Dec 2011,3.89564,3.93768
Week 2,20 Dec 2011,3.89052,3.93056
Week 3,27 Dec 2011,3.87620,3.91862
Week 4,03 Jan 2012,3.88786,3.93009

Week 1,10 Jan 2012,3.84460,3.88058
Week 2,17 Jan 2012,3.83121,3.86859
Week 3,24 Jan 2012,3.84873,3.88701
Week 4,31 Jan 2012,3.84274,3.88060

Week 1,07 Feb 2012,3.89028,3.92756
Week 2,14 Feb 2012,3.87221,3.91041
Week 3,21 Feb 2012,3.84278,3.87936
Week 4,28 Feb 2012,3.84682,3.88398

Week 1,06 Mar 2012,3.90333,3.94204
Week 2,13 Mar 2012,3.99968,4.04515
Week 3,20 Mar 2012,4.04662,4.09545
Week 4,27 Mar 2012,4.05392,4.10006

Week 1,03 Apr 2012,4.01125,4.05284
Week 2,10 Apr 2012,3.96407,4.00283
Week 3,17 Apr 2012,3.97923,4.01642
Week 4,24 Apr 2012,4.04122,4.08003

Week 1,01 May 2012,4.09605,4.13530
Week 2,08 May 2012,3.99245,4.03021
Week 3,15 May 2012,3.95668,3.99541
Week 4,22 May 2012,3.98937,4.02612

Week 1,29 May 2012,3.93533,3.97220
Week 2,05 Jun 2012,3.91959,3.95670
Week 3,12 Jun 2012,3.96851,4.00569
Week 4,19 Jun 2012,4.07310,4.10886

Week 1,26 Jun 2012,4.12719,4.16424
Week 2,03 Jul 2012,4.12282,4.14365
Week 3,10 Jul 2012,4.12841,4.14776
Week 4,17 Jul 2012,4.14408,4.16395

Week 1,24 Jul 2012,4.12894,4.14625
Week 2,31 Jul 2012,4.17991,4.19974
Week 3,07 Aug 2012,4.18959,4.20780
Week 4,14 Aug 2012,4.22408,4.24300

Week 1,21 Aug 2012,4.20161,4.21980
Week 2,28 Aug 2012,4.18612,4.20459
Week 3,04 Sep 2012,4.22426,4.24434
Week 4,11 Sep 2012,4.23427,4.25297

Week 1,18 Sep 2012,4.16532,4.18421
Week 2,25 Sep 2012,4.09949,4.11856
Week 3,02 Oct 2012,4.04699,4.06645
Week 4,09 Oct 2012,4.07854,4.09919

Week 1,16 Oct 2012,4.13782,4.15700
Week 2,23 Oct 2012,4.13383,4.15101
Week 3,30 Oct 2012,4.12011,4.13837
Week 4,06 Nov 2012,4.14703,4.16420

Week 1,13 Nov 2012,4.15834,4.17493
Week 2,20 Nov 2012,4.22876,4.24589
Week 3,27 Nov 2012,4.23060,4.24575
Week 4,04 Dec 2012,4.20836,4.22471

Week 1,11 Dec 2012,4.24863,4.26495
Week 2,18 Dec 2012,4.27941,4.29541
Week 3,25 Dec 2012,4.22158,4.23681
Week 4,01 Jan 2013,4.25802,4.27241

Week 1,08 Jan 2013,4.31231,4.32755
Week 2,15 Jan 2013,4.28232,4.29779
Week 3,22 Jan 2013,4.22718,4.24215
Week 4,29 Jan 2013,4.19835,4.21368

Week 1,05 Feb 2013,4.20071,4.21605
Week 2,12 Feb 2013,4.24286,4.26162
Week 3,19 Feb 2013,4.26890,4.28571
Week 4,26 Feb 2013,4.25769,4.27397

Week 1,05 Mar 2013,4.29169,4.30791
Week 2,12 Mar 2013,4.33900,4.35572
Week 3,19 Mar 2013,4.37449,4.39053
Week 4,26 Mar 2013,4.40007,4.41806

Week 1,02 Apr 2013,4.44076,4.45755
Week 2,09 Apr 2013,4.48856,4.50555
Week 3,16 Apr 2013,4.40634,4.42333
Week 4,23 Apr 2013,4.42532,4.44232

Week 1,30 Apr 2013,4.40821,4.42567
Week 2,07 May 2013,4.48605,4.50332
Week 3,14 May 2013,4.46718,4.48398
Week 4,21 May 2013,4.46244,4.47320

Week 1,28 May 2013,4.43243,4.44255
Week 2,04 Jun 2013,4.44419,4.45424
Week 3,11 Jun 2013,4.52055,4.53089
Week 4,18 Jun 2013,4.50956,4.51970

Week 1,25 Jun 2013,4.56350,4.57377
Week 2,02 Jul 2013,4.63051,4.64108
Week 3,09 Jul 2013,4.66411,4.67493
Week 4,16 Jul 2013,4.72629,4.73704

Week 1,23 Jul 2013,4.70456,4.71512
Week 2,30 Jul 2013,4.76400,4.77471
Week 3,06 Aug 2013,4.82309,4.83421
Week 4,13 Aug 2013,4.82971,4.84048

Week 1,20 Aug 2013,4.92114,4.93324
Week 2,27 Aug 2013,5.00561,5.03163
Week 3,03 Sep 2013,4.96364,4.98717
Week 4,10 Sep 2013,4.85779,4.88196

Week 1,17 Sep 2013,4.85458,4.87935
Week 2,24 Sep 2013,4.79173,4.81177
Week 3,01 Oct 2013,4.69760,4.71627
Week 4,08 Oct 2013,4.66296,4.67644

Week 1,15 Oct 2013,4.72077,4.74078
Week 2,22 Oct 2013,4.72849,4.74226
Week 3,29 Oct 2013,4.73376,4.74998
Week 4,05 Nov 2013,4.75165,4.76618

Week 1,12 Nov 2013,4.83091,4.84646
Week 2,19 Nov 2013,4.80420,4.81989
Week 3,26 Nov 2013,4.75245,4.76829
Week 4,03 Dec 2013,4.70882,4.72450

Week 1,10 Dec 2013,4.76057,4.77543
Week 2,17 Dec 2013,4.76861,4.78409
Week 3,24 Dec 2013,4.73230,4.74956
Week 4,31 Dec 2013,4.72440,4.73898

Week 1,07 Jan 2014,4.72654,4.73923
Week 2,14 Jan 2014,4.64636,4.66130
Week 3,21 Jan 2014,4.63359,4.64886
Week 4,28 Jan 2014,4.68343,4.69878

Week 1,04 Feb 2014,4.66341,4.67873
Week 2,11 Feb 2014,4.65490,4.66796
Week 3,18 Feb 2014,4.66222,4.67734
Week 4,25 Feb 2014,4.65611,4.67107

Week 1,04 Mar 2014,4.63329,4.64834
Week 2,11 Mar 2014,4.61253,4.62799
Week 3,18 Mar 2014,4.61684,4.63015
Week 4,25 Mar 2014,4.58029,4.59318

Week 1,01 Apr 2014,4.58507,4.60029
Week 2,08 Apr 2014,4.62016,4.63560
Week 3,15 Apr 2014,4.61299,4.63085
Week 4,22 Apr 2014,4.63919,4.65438

Week 1,29 Apr 2014,4.60215,4.61780
Week 2,06 May 2014,4.60569,4.62133
Week 3,13 May 2014,4.56488,4.57794
Week 4,20 May 2014,4.52354,4.53880

Week 1,27 May 2014,4.57292,4.58663
Week 2,03 Jun 2014,4.56560,4.58079
Week 3,10 Jun 2014,4.55570,4.57101
Week 4,17 Jun 2014,4.60991,4.62303

Week 1,24 Jun 2014,4.61596,4.62885
Week 2,01 Jul 2014,4.60208,4.61363
Week 3,08 Jul 2014,4.60307,4.61582
Week 4,15 Jul 2014,4.63448,4.64743

Week 1,22 Jul 2014,4.62437,4.63951
Week 2,29 Jul 2014,4.60186,4.61691
Week 3,05 Aug 2014,4.61282,4.62405
Week 4,12 Aug 2014,4.64213,4.65692

Week 1,19 Aug 2014,4.61941,4.63438
Week 2,26 Aug 2014,4.61311,4.62483
Week 3,02 Sep 2014,4.61011,4.62200
Week 4,09 Sep 2014,4.59752,4.60991

Week 1,16 Sep 2014,4.60190,4.61474
Week 2,23 Sep 2014,4.57287,4.58516
Week 3,30 Sep 2014,4.57533,4.58748
Week 4,07 Oct 2014,4.55497,4.56716

Week 1,14 Oct 2014,4.53898,4.54993
Week 2,21 Oct 2014,4.50349,4.51558
Week 3,28 Oct 2014,4.53604,4.54822
Week 4,04 Nov 2014,4.51385,4.52563

Week 1,11 Nov 2014,4.52822,4.53970
Week 2,18 Nov 2014,4.53310,4.54474
Week 3,25 Nov 2014,4.49022,4.50181
Week 4,02 Dec 2014,4.36575,4.37725

Week 1,09 Dec 2014,4.26318,4.27458
Week 2,16 Dec 2014,4.32576,4.33759
Week 3,23 Dec 2014,4.32285,4.33448
Week 4,30 Dec 2014,4.29005,4.30128

Week 1,06 Jan 2015,4.25964,4.27110
Week 2,13 Jan 2015,4.23796,4.24954
Week 3,20 Jan 2015,4.19376,4.20543
Week 4,27 Jan 2015,4.16769,4.17925

Week 1,03 Feb 2015,4.16581,4.17731
Week 2,10 Feb 2015,4.16391,4.17528
Week 3,17 Feb 2015,4.15269,4.16399
Week 4,24 Feb 2015,4.12516,4.13611

Week 1,03 Mar 2015,4.09396,4.10473
Week 2,10 Mar 2015,4.04465,4.05565
Week 3,17 Mar 2015,4.09600,4.10738
Week 4,24 Mar 2015,4.14413,4.15560

Week 1,31 Mar 2015,4.12454,4.14143
Week 2,07 Apr 2015,4.13517,4.15013
Week 3,14 Apr 2015,4.07131,4.08634
Week 4,21 Apr 2015,4.09918,4.11436

Week 1,28 Apr 2015,4.12130,4.13616
Week 2,05 May 2015,4.15909,4.17427
Week 3,12 May 2015,4.19789,4.21294
Week 4,19 May 2015,4.18175,4.19672

Week 1,26 May 2015,4.15699,4.17149
Week 2,02 Jun 2015,4.10226,4.11675
Week 3,09 Jun 2015,4.12369,4.13843
Week 4,16 Jun 2015,4.14511,4.16010

Week 1,23 Jun 2015,4.09993,4.11486
Week 2,30 Jun 2015,4.02815,4.04259
Week 3,07 Jul 2015,4.00998,4.02497
Week 4,14 Jul 2015,3.99819,4.01307

Week 1,21 Jul 2015,3.94600,3.96015
Week 2,28 Jul 2015,3.93912,3.95321
Week 3,04 Aug 2015,3.92487,3.93876
Week 4,11 Aug 2015,3.95952,3.97377

Week 1,18 Aug 2015,3.92809,3.94161
Week 2,25 Aug 2015,3.90362,3.91729
Week 3,01 Sep 2015,3.92972,3.94311
Week 4,08 Sep 2015,3.93754,3.95111

Week 1,15 Sep 2015,3.96299,3.97689
Week 2,22 Sep 2015,3.90370,3.91727
Week 3,29 Sep 2015,3.87926,3.89302
Week 4,06 Oct 2015,3.91093,3.92475

Week 1,13 Oct 2015,3.92934,3.94328
Week 2,20 Oct 2015,3.91658,3.93027
Week 3,27 Oct 2015,3.93175,3.94555
Week 4,03 Nov 2015,3.95489,3.96708

Week 1,10 Nov 2015,3.94505,3.95827
Week 2,17 Nov 2015,3.95746,3.97085
Week 3,24 Nov 2015,4.00891,4.02237
Week 4,01 Dec 2015,4.00232,4.01571

Week 1,08 Dec 2015,3.89901,3.91195
Week 2,15 Dec 2015,3.87218,3.88533
Week 3,22 Dec 2015,3.83096,3.84151
Week 4,29 Dec 2015,3.82945,3.83928

Week 1,05 Jan 2016,3.77674,3.78950
Week 2,12 Jan 2016,3.72522,3.73756
Week 3,19 Jan 2016,3.67190,3.68401
Week 4,26 Jan 2016,3.69457,3.70674

Week 1,02 Feb 2016,3.69055,3.70271
Week 2,09 Feb 2016,3.60286,3.61473
Week 3,16 Feb 2016,3.70161,3.71378
Week 4,23 Feb 2016,3.76769,3.78006

Week 1,01 Mar 2016,3.76076,3.77338
Week 2,08 Mar 2016,3.77081,3.78342
Week 3,15 Mar 2016,3.79341,3.80761
Week 4,22 Mar 2016,3.80966,3.82449

Week 1,29 Mar 2016,3.81544,3.83034
Week 2,05 Apr 2016,3.75259,3.76653
Week 3,12 Apr 2016,3.78381,3.79801
Week 4,19 Apr 2016,3.80828,3.82245

Week 1,26 Apr 2016,3.83446,3.84783
Week 2,03 May 2016,3.76390,3.77780
Week 3,10 May 2016,3.69068,3.70423
Week 4,17 May 2016,3.65624,3.66955

Week 1,24 May 2016,3.63956,3.65270
Week 2,31 May 2016,3.61330,3.62626
Week 3,07 Jun 2016,3.61043,3.62344
Week 4,14 Jun 2016,3.55519,3.56768

Week 1,21 Jun 2016,3.61523,3.62899
Week 2,28 Jun 2016,3.62642,3.64042
Week 3,05 Jul 2016,3.60756,3.62245
Week 4,12 Jul 2016,3.62497,3.63933

Week 1,19 Jul 2016,3.61496,3.62708
Week 2,26 Jul 2016,3.56584,3.57848
Week 3,02 Aug 2016,3.53779,3.55180
Week 4,09 Aug 2016,3.62662,3.64042

Week 1,16 Aug 2016,3.68034,3.69430
Week 2,23 Aug 2016,3.63227,3.64692
Week 3,30 Aug 2016,3.57507,3.58893
Week 4,06 Sep 2016,3.57276,3.58611

Week 1,13 Sep 2016,3.46744,3.48040
Week 2,20 Sep 2016,3.38543,3.39888
Week 3,27 Sep 2016,3.40829,3.42229
Week 4,04 Oct 2016,3.44303,3.45709

Week 1,11 Oct 2016,3.51050,3.52366
Week 2,18 Oct 2016,3.56982,3.58446
Week 3,25 Oct 2016,3.55587,3.56936
Week 4,01 Nov 2016,3.48554,3.49954

Week 1,08 Nov 2016,3.36227,3.37639
Week 2,15 Nov 2016,3.30311,3.31678
Week 3,22 Nov 2016,3.31089,3.32439
Week 4,29 Nov 2016,3.30256,3.31566

Week 1,06 Dec 2016,3.30136,3.31400
Week 2,13 Dec 2016,3.31439,3.32754
Week 3,20 Dec 2016,3.29494,3.30793
Week 4,27 Dec 2016,3.27808,3.29162

Week 1,03 Jan 2017,3.21247,3.22555
Week 2,10 Jan 2017,3.15386,3.16548
Week 3,17 Jan 2017,3.13439,3.14678
Week 4,24 Jan 2017,3.20954,3.22241

Week 1,31 Jan 2017,3.26549,3.27861
Week 2,07 Feb 2017,3.27045,3.28360
Week 3,14 Feb 2017,3.28552,3.29849
Week 4,21 Feb 2017,3.33150,3.34345

Week 1,28 Feb 2017,3.36496,3.37673
Week 2,07 Mar 2017,3.39014,3.40222
Week 3,14 Mar 2017,3.39032,3.40195
Week 4,21 Mar 2017,3.44278,3.45454

Week 1,28 Mar 2017,3.44680,3.46111
Week 2,04 Apr 2017,3.44542,3.45968
Week 3,11 Apr 2017,3.45978,3.47440
Week 4,18 Apr 2017,3.44817,3.46247

Week 1,25 Apr 2017,3.39925,3.41277
Week 2,02 May 2017,3.39301,3.40698
Week 3,09 May 2017,3.38923,3.40304
Week 4,16 May 2017,3.42771,3.44102

Week 1,23 May 2017,3.47539,3.48900
Week 2,30 May 2017,3.45090,3.46447
Week 3,06 Jun 2017,3.51725,3.53036
Week 4,13 Jun 2017,3.56776,3.58185

Week 1,20 Jun 2017,3.56526,3.57931
Week 2,27 Jun 2017,3.58099,3.59447
Week 3,04 Jul 2017,3.55329,3.56754
Week 4,11 Jul 2017,3.62270,3.63314

Week 1,18 Jul 2017,3.65820,3.66814
Week 2,25 Jul 2017,3.61815,3.63146
Week 3,01 Aug 2017,3.56941,3.58046
Week 4,08 Aug 2017,3.56946,3.57961

Week 1,15 Aug 2017,3.60597,3.61650
Week 2,22 Aug 2017,3.61717,3.62749
Week 3,29 Aug 2017,3.58234,3.59186
Week 4,05 Sep 2017,3.59659,3.60644

Week 1,12 Sep 2017,3.61723,3.62696
Week 2,19 Sep 2017,3.63482,3.64474
Week 3,26 Sep 2017,3.61144,3.61869
Week 4,03 Oct 2017,3.55886,3.56671

Week 1,10 Oct 2017,3.46090,3.46960
Week 2,17 Oct 2017,3.43001,3.43809
Week 3,24 Oct 2017,3.39634,3.40431
Week 4,31 Oct 2017,3.37638,3.38431

Week 1,07 Nov 2017,3.40786,3.41489
Week 2,14 Nov 2017,3.41858,3.42573
Week 3,21 Nov 2017,3.45311,3.46373
Week 4,28 Nov 2017,3.46462,3.47185

Week 1,05 Dec 2017,3.44039,3.44767


