MXN->BRL

Week 1,01 Dec 1998,0.12011,0.12033
Week 2,08 Dec 1998,0.12100,0.12118
Week 3,15 Dec 1998,0.12263,0.12275
Week 4,22 Dec 1998,0.12246,0.12261

Week 1,29 Dec 1998,0.12200,0.12217
Week 2,05 Jan 1999,0.12292,0.12308
Week 3,12 Jan 1999,0.13279,0.13499
Week 4,19 Jan 1999,0.15803,0.16016

Week 1,26 Jan 1999,0.19305,0.19651
Week 2,02 Feb 1999,0.17966,0.18170
Week 3,09 Feb 1999,0.19008,0.19222
Week 4,16 Feb 1999,0.19294,0.19509

Week 1,23 Feb 1999,0.20429,0.20582
Week 2,02 Mar 1999,0.20649,0.20822
Week 3,09 Mar 1999,0.19418,0.19520
Week 4,16 Mar 1999,0.19132,0.19249

Week 1,23 Mar 1999,0.18649,0.18743
Week 2,30 Mar 1999,0.18053,0.18242
Week 3,06 Apr 1999,0.17950,0.18040
Week 4,13 Apr 1999,0.17544,0.17638

Week 1,20 Apr 1999,0.18172,0.18280
Week 2,27 Apr 1999,0.17993,0.18047
Week 3,04 May 1999,0.17922,0.17966
Week 4,11 May 1999,0.17739,0.17784

Week 1,18 May 1999,0.18022,0.18072
Week 2,25 May 1999,0.17827,0.17878
Week 3,01 Jun 1999,0.17809,0.17863
Week 4,08 Jun 1999,0.18231,0.18283

Week 1,15 Jun 1999,0.18724,0.18781
Week 2,22 Jun 1999,0.18932,0.18977
Week 3,29 Jun 1999,0.18885,0.18932
Week 4,06 Jul 1999,0.19128,0.19177

Week 1,13 Jul 1999,0.19281,0.19348
Week 2,20 Jul 1999,0.19246,0.19295
Week 3,27 Jul 1999,0.19152,0.19207
Week 4,03 Aug 1999,0.19312,0.19364

Week 1,10 Aug 1999,0.19778,0.19826
Week 2,17 Aug 1999,0.20268,0.20342
Week 3,24 Aug 1999,0.20575,0.20638
Week 4,31 Aug 1999,0.20497,0.20554

Week 1,07 Sep 1999,0.20138,0.20194
Week 2,14 Sep 1999,0.20115,0.20161
Week 3,21 Sep 1999,0.20382,0.20429
Week 4,28 Sep 1999,0.20602,0.20651

Week 1,05 Oct 1999,0.20479,0.20540
Week 2,12 Oct 1999,0.20412,0.20486
Week 3,19 Oct 1999,0.20597,0.20642
Week 4,26 Oct 1999,0.20395,0.20452

Week 1,02 Nov 1999,0.20270,0.20334
Week 2,09 Nov 1999,0.20531,0.20583
Week 3,16 Nov 1999,0.20659,0.20703
Week 4,23 Nov 1999,0.20620,0.20667

Week 1,30 Nov 1999,0.20567,0.20688
Week 2,07 Dec 1999,0.19852,0.19893
Week 3,14 Dec 1999,0.19486,0.19545
Week 4,21 Dec 1999,0.19434,0.19483

Week 1,28 Dec 1999,0.19073,0.19145
Week 2,04 Jan 2000,0.19288,0.19336
Week 3,11 Jan 2000,0.19127,0.19180
Week 4,18 Jan 2000,0.18864,0.18906

Week 1,25 Jan 2000,0.18644,0.18696
Week 2,01 Feb 2000,0.18683,0.18728
Week 3,08 Feb 2000,0.18763,0.18803
Week 4,15 Feb 2000,0.18908,0.18957

Week 1,22 Feb 2000,0.18910,0.18955
Week 2,29 Feb 2000,0.18792,0.18838
Week 3,07 Mar 2000,0.18729,0.18775
Week 4,14 Mar 2000,0.18637,0.18679

Week 1,21 Mar 2000,0.18714,0.18759
Week 2,28 Mar 2000,0.18798,0.18829
Week 3,04 Apr 2000,0.18694,0.18734
Week 4,11 Apr 2000,0.18680,0.18723

Week 1,18 Apr 2000,0.18879,0.18919
Week 2,25 Apr 2000,0.19119,0.19163
Week 3,02 May 2000,0.19162,0.19207
Week 4,09 May 2000,0.19054,0.19095

Week 1,16 May 2000,0.19189,0.19220
Week 2,23 May 2000,0.19326,0.19372
Week 3,30 May 2000,0.19053,0.19091
Week 4,06 Jun 2000,0.18281,0.18339

Week 1,13 Jun 2000,0.18329,0.18380
Week 2,20 Jun 2000,0.18290,0.18335
Week 3,27 Jun 2000,0.18270,0.18332
Week 4,04 Jul 2000,0.18918,0.18968

Week 1,11 Jul 2000,0.19105,0.19154
Week 2,18 Jul 2000,0.19176,0.19221
Week 3,25 Jul 2000,0.19036,0.19119
Week 4,01 Aug 2000,0.19137,0.19183

Week 1,08 Aug 2000,0.19315,0.19356
Week 2,15 Aug 2000,0.19564,0.19605
Week 3,22 Aug 2000,0.19697,0.19735
Week 4,29 Aug 2000,0.19783,0.19813

Week 1,05 Sep 2000,0.19560,0.19603
Week 2,12 Sep 2000,0.19671,0.19697
Week 3,19 Sep 2000,0.19620,0.19652
Week 4,26 Sep 2000,0.19536,0.19574

Week 1,03 Oct 2000,0.19592,0.19640
Week 2,10 Oct 2000,0.19579,0.19614
Week 3,17 Oct 2000,0.19649,0.19680
Week 4,24 Oct 2000,0.19890,0.19939

Week 1,31 Oct 2000,0.20014,0.20060
Week 2,07 Nov 2000,0.20315,0.20359
Week 3,14 Nov 2000,0.20618,0.20671
Week 4,21 Nov 2000,0.20649,0.20693

Week 1,28 Nov 2000,0.20933,0.20984
Week 2,05 Dec 2000,0.20883,0.20941
Week 3,12 Dec 2000,0.20815,0.20853
Week 4,19 Dec 2000,0.20520,0.20577

Week 1,26 Dec 2000,0.20317,0.20370
Week 2,02 Jan 2001,0.19992,0.20030
Week 3,09 Jan 2001,0.19798,0.19843
Week 4,16 Jan 2001,0.19837,0.19877

Week 1,23 Jan 2001,0.20282,0.20320
Week 2,30 Jan 2001,0.20342,0.20392
Week 3,06 Feb 2001,0.20478,0.20519
Week 4,13 Feb 2001,0.20528,0.20576

Week 1,20 Feb 2001,0.20902,0.20946
Week 2,27 Feb 2001,0.21009,0.21057
Week 3,06 Mar 2001,0.21120,0.21159
Week 4,13 Mar 2001,0.21842,0.21887

Week 1,20 Mar 2001,0.22494,0.22537
Week 2,27 Mar 2001,0.22534,0.22571
Week 3,03 Apr 2001,0.23004,0.23053
Week 4,10 Apr 2001,0.23114,0.23170

Week 1,17 Apr 2001,0.23829,0.23866
Week 2,24 Apr 2001,0.24047,0.24103
Week 3,01 May 2001,0.23849,0.23902
Week 4,08 May 2001,0.24537,0.24588

Week 1,15 May 2001,0.25451,0.25515
Week 2,22 May 2001,0.25777,0.25831
Week 3,29 May 2001,0.25779,0.25838
Week 4,05 Jun 2001,0.26044,0.26097

Week 1,12 Jun 2001,0.26597,0.26667
Week 2,19 Jun 2001,0.26275,0.26332
Week 3,26 Jun 2001,0.25560,0.25626
Week 4,03 Jul 2001,0.26473,0.26522

Week 1,10 Jul 2001,0.27280,0.27354
Week 2,17 Jul 2001,0.27075,0.27160
Week 3,24 Jul 2001,0.26852,0.26909
Week 4,31 Jul 2001,0.27019,0.27077

Week 1,07 Aug 2001,0.27073,0.27141
Week 2,14 Aug 2001,0.27518,0.27574
Week 3,21 Aug 2001,0.27812,0.27880
Week 4,28 Aug 2001,0.27812,0.27872

Week 1,04 Sep 2001,0.27709,0.27761
Week 2,11 Sep 2001,0.27948,0.27988
Week 3,18 Sep 2001,0.28175,0.29502
Week 4,25 Sep 2001,0.27601,0.29488

Week 1,02 Oct 2001,0.27362,0.29290
Week 2,09 Oct 2001,0.28549,0.30541
Week 3,16 Oct 2001,0.28830,0.30871
Week 4,23 Oct 2001,0.28459,0.30495

Week 1,30 Oct 2001,0.28135,0.30139
Week 2,06 Nov 2001,0.27160,0.29240
Week 3,13 Nov 2001,0.26533,0.28574
Week 4,20 Nov 2001,0.26714,0.28499

Week 1,27 Nov 2001,0.26051,0.28092
Week 2,04 Dec 2001,0.25350,0.27387
Week 3,11 Dec 2001,0.24963,0.27023
Week 4,18 Dec 2001,0.24551,0.26580

Week 1,25 Dec 2001,0.24345,0.26413
Week 2,01 Jan 2002,0.24150,0.26218
Week 3,08 Jan 2002,0.24975,0.27015
Week 4,15 Jan 2002,0.24989,0.27073

Week 1,22 Jan 2002,0.25059,0.27153
Week 2,29 Jan 2002,0.25341,0.27432
Week 3,05 Feb 2002,0.25562,0.27680
Week 4,12 Feb 2002,0.25871,0.27994

Week 1,19 Feb 2002,0.25603,0.27708
Week 2,26 Feb 2002,0.25090,0.27200
Week 3,05 Mar 2002,0.24883,0.26989
Week 4,12 Mar 2002,0.24744,0.26834

Week 1,19 Mar 2002,0.24817,0.26922
Week 2,26 Mar 2002,0.25053,0.26646
Week 3,02 Apr 2002,0.25056,0.26012
Week 4,09 Apr 2002,0.24664,0.25676

Week 1,16 Apr 2002,0.24499,0.25764
Week 2,23 Apr 2002,0.24873,0.25789
Week 3,30 Apr 2002,0.24767,0.25667
Week 4,07 May 2002,0.25412,0.26316

Week 1,14 May 2002,0.25671,0.26821
Week 2,21 May 2002,0.25337,0.27232
Week 3,28 May 2002,0.26073,0.26166
Week 4,04 Jun 2002,0.26830,0.26936

Week 1,11 Jun 2002,0.27585,0.28453
Week 2,18 Jun 2002,0.28068,0.28184
Week 3,25 Jun 2002,0.28360,0.28468
Week 4,02 Jul 2002,0.28283,0.29331

Week 1,09 Jul 2002,0.28429,0.29260
Week 2,16 Jul 2002,0.29123,0.29949
Week 3,23 Jul 2002,0.30319,0.30672
Week 4,30 Jul 2002,0.32384,0.33280

Week 1,06 Aug 2002,0.30728,0.31142
Week 2,13 Aug 2002,0.31834,0.32002
Week 3,20 Aug 2002,0.31326,0.32210
Week 4,27 Aug 2002,0.30740,0.31577

Week 1,03 Sep 2002,0.31084,0.31478
Week 2,10 Sep 2002,0.30919,0.31705
Week 3,17 Sep 2002,0.32856,0.33710
Week 4,24 Sep 2002,0.36054,0.36885

Week 1,01 Oct 2002,0.35847,0.36655
Week 2,08 Oct 2002,0.37430,0.38542
Week 3,15 Oct 2002,0.38122,0.38779
Week 4,22 Oct 2002,0.38402,0.39340

Week 1,29 Oct 2002,0.35839,0.36685
Week 2,05 Nov 2002,0.34409,0.35205
Week 3,12 Nov 2002,0.35043,0.36063
Week 4,19 Nov 2002,0.34386,0.35404

Week 1,26 Nov 2002,0.35056,0.35856
Week 2,03 Dec 2002,0.36217,0.37076
Week 3,10 Dec 2002,0.36487,0.37391
Week 4,17 Dec 2002,0.33907,0.34740

Week 1,24 Dec 2002,0.34127,0.34865
Week 2,31 Dec 2002,0.33471,0.34259
Week 3,07 Jan 2003,0.31288,0.32262
Week 4,14 Jan 2003,0.31036,0.31788

Week 1,21 Jan 2003,0.32196,0.32972
Week 2,28 Jan 2003,0.32270,0.33001
Week 3,04 Feb 2003,0.32208,0.33151
Week 4,11 Feb 2003,0.32801,0.33530

Week 1,18 Feb 2003,0.32542,0.33636
Week 2,25 Feb 2003,0.32214,0.32528
Week 3,04 Mar 2003,0.31221,0.32066
Week 4,11 Mar 2003,0.31082,0.32181

Week 1,18 Mar 2003,0.31664,0.32438
Week 2,25 Mar 2003,0.31257,0.32179
Week 3,01 Apr 2003,0.30243,0.31165
Week 4,08 Apr 2003,0.29452,0.30436

Week 1,15 Apr 2003,0.28854,0.30375
Week 2,22 Apr 2003,0.28338,0.29798
Week 3,29 Apr 2003,0.27900,0.29441
Week 4,06 May 2003,0.28271,0.29733

Week 1,13 May 2003,0.27707,0.29138
Week 2,20 May 2003,0.28390,0.29778
Week 3,27 May 2003,0.28095,0.29470
Week 4,03 Jun 2003,0.26899,0.28239

Week 1,10 Jun 2003,0.26315,0.27669
Week 2,17 Jun 2003,0.26691,0.28071
Week 3,24 Jun 2003,0.26891,0.28304
Week 4,01 Jul 2003,0.26399,0.27821

Week 1,08 Jul 2003,0.26792,0.28202
Week 2,15 Jul 2003,0.26887,0.28335
Week 3,22 Jul 2003,0.26801,0.28225
Week 4,29 Jul 2003,0.27203,0.28628

Week 1,05 Aug 2003,0.27446,0.28823
Week 2,12 Aug 2003,0.27328,0.28768
Week 3,19 Aug 2003,0.26937,0.28363
Week 4,26 Aug 2003,0.26280,0.27695

Week 1,02 Sep 2003,0.26554,0.27214
Week 2,09 Sep 2003,0.26452,0.26544
Week 3,16 Sep 2003,0.26570,0.26663
Week 4,23 Sep 2003,0.26817,0.26875

Week 1,30 Sep 2003,0.26000,0.26073
Week 2,07 Oct 2003,0.25263,0.25358
Week 3,14 Oct 2003,0.25352,0.25434
Week 4,21 Oct 2003,0.25662,0.25728

Week 1,28 Oct 2003,0.25843,0.25910
Week 2,04 Nov 2003,0.26026,0.26123
Week 3,11 Nov 2003,0.26349,0.26415
Week 4,18 Nov 2003,0.26139,0.26229

Week 1,25 Nov 2003,0.25856,0.25963
Week 2,02 Dec 2003,0.26037,0.26108
Week 3,09 Dec 2003,0.26148,0.26212
Week 4,16 Dec 2003,0.25989,0.26062

Week 1,23 Dec 2003,0.25819,0.25862
Week 2,30 Dec 2003,0.25826,0.25889
Week 3,06 Jan 2004,0.26121,0.26221
Week 4,13 Jan 2004,0.25935,0.26029

Week 1,20 Jan 2004,0.25981,0.26051
Week 2,27 Jan 2004,0.26241,0.26366
Week 3,03 Feb 2004,0.26304,0.26412
Week 4,10 Feb 2004,0.26365,0.26459

Week 1,17 Feb 2004,0.26827,0.26934
Week 2,24 Feb 2004,0.26431,0.26522
Week 3,02 Mar 2004,0.26236,0.26330
Week 4,09 Mar 2004,0.26357,0.26432

Week 1,16 Mar 2004,0.26390,0.26475
Week 2,23 Mar 2004,0.26447,0.26540
Week 3,30 Mar 2004,0.25906,0.26025
Week 4,06 Apr 2004,0.25688,0.25783

Week 1,13 Apr 2004,0.25712,0.25797
Week 2,20 Apr 2004,0.25718,0.25821
Week 3,27 Apr 2004,0.25730,0.25836
Week 4,04 May 2004,0.26160,0.26236

Week 1,11 May 2004,0.26706,0.26800
Week 2,18 May 2004,0.27351,0.27471
Week 3,25 May 2004,0.27235,0.27365
Week 4,01 Jun 2004,0.27425,0.27536

Week 1,08 Jun 2004,0.27470,0.27578
Week 2,15 Jun 2004,0.27562,0.27678
Week 3,22 Jun 2004,0.27433,0.27536
Week 4,29 Jun 2004,0.26705,0.26841

Week 1,06 Jul 2004,0.26396,0.26512
Week 2,13 Jul 2004,0.26261,0.26415
Week 3,20 Jul 2004,0.26457,0.26584
Week 4,27 Jul 2004,0.26553,0.26679

Week 1,03 Aug 2004,0.26603,0.26741
Week 2,10 Aug 2004,0.26486,0.26623
Week 3,17 Aug 2004,0.26217,0.26341
Week 4,24 Aug 2004,0.25890,0.26023

Week 1,31 Aug 2004,0.25502,0.25619
Week 2,07 Sep 2004,0.24984,0.25127
Week 3,14 Sep 2004,0.25015,0.25174
Week 4,21 Sep 2004,0.25093,0.25223

Week 1,28 Sep 2004,0.24996,0.25104
Week 2,05 Oct 2004,0.25039,0.25217
Week 3,12 Oct 2004,0.24985,0.25122
Week 4,19 Oct 2004,0.24925,0.25044

Week 1,26 Oct 2004,0.24768,0.24879
Week 2,02 Nov 2004,0.24748,0.24876
Week 3,09 Nov 2004,0.24608,0.24736
Week 4,16 Nov 2004,0.24412,0.24542

Week 1,23 Nov 2004,0.24234,0.24377
Week 2,30 Nov 2004,0.24299,0.24439
Week 3,07 Dec 2004,0.24434,0.24570
Week 4,14 Dec 2004,0.24297,0.24416

Week 1,21 Dec 2004,0.24157,0.24284
Week 2,28 Dec 2004,0.23821,0.23953
Week 3,04 Jan 2005,0.23910,0.24008
Week 4,11 Jan 2005,0.24069,0.24157

Week 1,18 Jan 2005,0.23971,0.24093
Week 2,25 Jan 2005,0.23597,0.23683
Week 3,01 Feb 2005,0.23381,0.23492
Week 4,08 Feb 2005,0.23316,0.23430

Week 1,15 Feb 2005,0.23165,0.23252
Week 2,22 Feb 2005,0.23522,0.23614
Week 3,01 Mar 2005,0.23801,0.23918
Week 4,08 Mar 2005,0.23983,0.24092

Week 1,15 Mar 2005,0.23990,0.24074
Week 2,22 Mar 2005,0.24270,0.24341
Week 3,29 Mar 2005,0.23842,0.23915
Week 4,05 Apr 2005,0.23258,0.23321

Week 1,12 Apr 2005,0.23313,0.23385
Week 2,19 Apr 2005,0.23087,0.23138
Week 3,26 Apr 2005,0.22791,0.22856
Week 4,03 May 2005,0.22528,0.22614

Week 1,10 May 2005,0.22328,0.22441
Week 2,17 May 2005,0.22344,0.22421
Week 3,24 May 2005,0.21960,0.22032
Week 4,31 May 2005,0.22250,0.22300

Week 1,07 Jun 2005,0.22685,0.22751
Week 2,14 Jun 2005,0.22210,0.22307
Week 3,21 Jun 2005,0.22072,0.22146
Week 4,28 Jun 2005,0.21876,0.21949

Week 1,05 Jul 2005,0.22014,0.22083
Week 2,12 Jul 2005,0.21947,0.22002
Week 3,19 Jul 2005,0.22233,0.22343
Week 4,26 Jul 2005,0.22648,0.22695

Week 1,02 Aug 2005,0.21927,0.21976
Week 2,09 Aug 2005,0.21984,0.22049
Week 3,16 Aug 2005,0.22355,0.22420
Week 4,23 Aug 2005,0.22187,0.22230

Week 1,30 Aug 2005,0.21890,0.21942
Week 2,06 Sep 2005,0.21631,0.21732
Week 3,13 Sep 2005,0.21340,0.21420
Week 4,20 Sep 2005,0.20985,0.21028

Week 1,27 Sep 2005,0.20618,0.20679
Week 2,04 Oct 2005,0.20950,0.20998
Week 3,11 Oct 2005,0.20585,0.20644
Week 4,18 Oct 2005,0.20687,0.20746

Week 1,25 Oct 2005,0.20889,0.20929
Week 2,01 Nov 2005,0.20708,0.20766
Week 3,08 Nov 2005,0.20286,0.20350
Week 4,15 Nov 2005,0.20715,0.20789

Week 1,22 Nov 2005,0.21018,0.21091
Week 2,29 Nov 2005,0.20894,0.20973
Week 3,06 Dec 2005,0.21047,0.21129
Week 4,13 Dec 2005,0.21373,0.21452

Week 1,20 Dec 2005,0.21751,0.21833
Week 2,27 Dec 2005,0.21853,0.21945
Week 3,03 Jan 2006,0.21683,0.21777
Week 4,10 Jan 2006,0.21417,0.21497

Week 1,17 Jan 2006,0.21676,0.21759
Week 2,24 Jan 2006,0.21288,0.21358
Week 3,31 Jan 2006,0.21122,0.21196
Week 4,07 Feb 2006,0.20692,0.20771

Week 1,14 Feb 2006,0.20284,0.20352
Week 2,21 Feb 2006,0.20366,0.20438
Week 3,28 Feb 2006,0.20144,0.20217
Week 4,07 Mar 2006,0.20119,0.20182

Week 1,14 Mar 2006,0.19843,0.19916
Week 2,21 Mar 2006,0.19807,0.19892
Week 3,28 Mar 2006,0.19976,0.20081
Week 4,04 Apr 2006,0.19376,0.19471

Week 1,11 Apr 2006,0.19250,0.19357
Week 2,18 Apr 2006,0.19213,0.19307
Week 3,25 Apr 2006,0.18975,0.19071
Week 4,02 May 2006,0.18758,0.18866

Week 1,09 May 2006,0.19042,0.19139
Week 2,16 May 2006,0.19502,0.19606
Week 3,23 May 2006,0.20365,0.20472
Week 4,30 May 2006,0.20201,0.20327

Week 1,06 Jun 2006,0.19922,0.19998
Week 2,13 Jun 2006,0.19805,0.19917
Week 3,20 Jun 2006,0.19564,0.19673
Week 4,27 Jun 2006,0.19279,0.19387

Week 1,04 Jul 2006,0.19539,0.19650
Week 2,11 Jul 2006,0.19522,0.20418
Week 3,18 Jul 2006,0.20002,0.20112
Week 4,25 Jul 2006,0.20032,0.20153

Week 1,01 Aug 2006,0.19855,0.19965
Week 2,08 Aug 2006,0.19935,0.20054
Week 3,15 Aug 2006,0.19828,0.19939
Week 4,22 Aug 2006,0.19668,0.19778

Week 1,29 Aug 2006,0.19609,0.19804
Week 2,05 Sep 2006,0.19540,0.19652
Week 3,12 Sep 2006,0.19621,0.19740
Week 4,19 Sep 2006,0.19804,0.19917

Week 1,26 Sep 2006,0.19780,0.19891
Week 2,03 Oct 2006,0.19569,0.19678
Week 3,10 Oct 2006,0.19554,0.19668
Week 4,17 Oct 2006,0.19653,0.19771

Week 1,24 Oct 2006,0.19794,0.19910
Week 2,31 Oct 2006,0.19787,0.19902
Week 3,07 Nov 2006,0.19681,0.19792
Week 4,14 Nov 2006,0.19746,0.19854

Week 1,21 Nov 2006,0.19656,0.19762
Week 2,28 Nov 2006,0.19649,0.19745
Week 3,05 Dec 2006,0.19704,0.19809
Week 4,12 Dec 2006,0.19789,0.19891

Week 1,19 Dec 2006,0.19819,0.19917
Week 2,26 Dec 2006,0.19684,0.19789
Week 3,02 Jan 2007,0.19680,0.19788
Week 4,09 Jan 2007,0.19511,0.19608

Week 1,16 Jan 2007,0.19491,0.19587
Week 2,23 Jan 2007,0.19387,0.19480
Week 3,30 Jan 2007,0.19170,0.19260
Week 4,06 Feb 2007,0.19074,0.19165

Week 1,13 Feb 2007,0.19072,0.19158
Week 2,20 Feb 2007,0.18911,0.18997
Week 3,27 Feb 2007,0.18914,0.18986
Week 4,06 Mar 2007,0.18891,0.18977

Week 1,13 Mar 2007,0.18710,0.18798
Week 2,20 Mar 2007,0.18662,0.18753
Week 3,27 Mar 2007,0.18626,0.18717
Week 4,03 Apr 2007,0.18485,0.18573

Week 1,10 Apr 2007,0.18389,0.18483
Week 2,17 Apr 2007,0.18420,0.18508
Week 3,24 Apr 2007,0.18493,0.18580
Week 4,01 May 2007,0.18541,0.18632

Week 1,08 May 2007,0.18629,0.18724
Week 2,15 May 2007,0.18261,0.18347
Week 3,22 May 2007,0.18011,0.18102
Week 4,29 May 2007,0.17877,0.17966

Week 1,05 Jun 2007,0.17954,0.18035
Week 2,12 Jun 2007,0.17697,0.17786
Week 3,19 Jun 2007,0.17697,0.17789
Week 4,26 Jun 2007,0.17854,0.17945

Week 1,03 Jul 2007,0.17686,0.17778
Week 2,10 Jul 2007,0.17440,0.17528
Week 3,17 Jul 2007,0.17248,0.17330
Week 4,24 Jul 2007,0.17251,0.17344

Week 1,31 Jul 2007,0.17092,0.17184
Week 2,07 Aug 2007,0.17432,0.17520
Week 3,14 Aug 2007,0.18056,0.18138
Week 4,21 Aug 2007,0.18067,0.18151

Week 1,28 Aug 2007,0.17757,0.17844
Week 2,04 Sep 2007,0.17571,0.17747
Week 3,11 Sep 2007,0.17194,0.17273
Week 4,18 Sep 2007,0.16995,0.17073

Week 1,25 Sep 2007,0.16877,0.16954
Week 2,02 Oct 2007,0.16676,0.16756
Week 3,09 Oct 2007,0.16609,0.16689
Week 4,16 Oct 2007,0.16523,0.16772

Week 1,23 Oct 2007,0.16554,0.16634
Week 2,30 Oct 2007,0.16341,0.16408
Week 3,06 Nov 2007,0.16139,0.16217
Week 4,13 Nov 2007,0.16016,0.16092

Week 1,20 Nov 2007,0.16186,0.16258
Week 2,27 Nov 2007,0.16417,0.16492
Week 3,04 Dec 2007,0.16395,0.16469
Week 4,11 Dec 2007,0.16373,0.16450

Week 1,18 Dec 2007,0.16571,0.16652
Week 2,25 Dec 2007,0.16325,0.16419
Week 3,01 Jan 2008,0.16074,0.16324
Week 4,08 Jan 2008,0.16045,0.16147

Week 1,15 Jan 2008,0.16178,0.16255
Week 2,22 Jan 2008,0.16422,0.16501
Week 3,29 Jan 2008,0.16242,0.16316
Week 4,05 Feb 2008,0.16244,0.16333

Week 1,12 Feb 2008,0.16208,0.16369
Week 2,19 Feb 2008,0.15956,0.16027
Week 3,26 Feb 2008,0.15672,0.15755
Week 4,04 Mar 2008,0.15580,0.15654

Week 1,11 Mar 2008,0.15716,0.15795
Week 2,18 Mar 2008,0.16049,0.16135
Week 3,25 Mar 2008,0.16216,0.16291
Week 4,01 Apr 2008,0.16266,0.16345

Week 1,08 Apr 2008,0.16018,0.16088
Week 2,15 Apr 2008,0.15902,0.15996
Week 3,22 Apr 2008,0.15869,0.15939
Week 4,29 Apr 2008,0.15862,0.15938

Week 1,06 May 2008,0.15880,0.15952
Week 2,13 May 2008,0.15816,0.15886
Week 3,20 May 2008,0.15870,0.15950
Week 4,27 May 2008,0.15872,0.15949

Week 1,03 Jun 2008,0.15721,0.15796
Week 2,10 Jun 2008,0.15713,0.15791
Week 3,17 Jun 2008,0.15593,0.15667
Week 4,24 Jun 2008,0.15542,0.15620

Week 1,01 Jul 2008,0.15472,0.15554
Week 2,08 Jul 2008,0.15543,0.15618
Week 3,15 Jul 2008,0.15525,0.15600
Week 4,22 Jul 2008,0.15621,0.15700

Week 1,29 Jul 2008,0.15603,0.15680
Week 2,05 Aug 2008,0.15820,0.15933
Week 3,12 Aug 2008,0.15936,0.16022
Week 4,19 Aug 2008,0.15966,0.16040

Week 1,26 Aug 2008,0.15921,0.16000
Week 2,02 Sep 2008,0.16189,0.16270
Week 3,09 Sep 2008,0.16748,0.16830
Week 4,16 Sep 2008,0.17103,0.17222

Week 1,23 Sep 2008,0.17032,0.17142
Week 2,30 Sep 2008,0.17614,0.17773
Week 3,07 Oct 2008,0.17913,0.18099
Week 4,14 Oct 2008,0.16698,0.17076

Week 1,21 Oct 2008,0.16742,0.16967
Week 2,28 Oct 2008,0.16424,0.16889
Week 3,04 Nov 2008,0.16720,0.16917
Week 4,11 Nov 2008,0.17237,0.17538

Week 1,18 Nov 2008,0.17595,0.17798
Week 2,25 Nov 2008,0.17178,0.17377
Week 3,02 Dec 2008,0.18068,0.18396
Week 4,09 Dec 2008,0.17817,0.18052

Week 1,16 Dec 2008,0.17852,0.18034
Week 2,23 Dec 2008,0.17533,0.18223
Week 3,30 Dec 2008,0.16979,0.17255
Week 4,06 Jan 2009,0.16629,0.16813

Week 1,13 Jan 2009,0.16664,0.16911
Week 2,20 Jan 2009,0.16656,0.16957
Week 3,27 Jan 2009,0.16193,0.16334
Week 4,03 Feb 2009,0.15844,0.16055

Week 1,10 Feb 2009,0.15654,0.15857
Week 2,17 Feb 2009,0.15813,0.16101
Week 3,24 Feb 2009,0.15720,0.15898
Week 4,03 Mar 2009,0.15568,0.15777

Week 1,10 Mar 2009,0.15518,0.15660
Week 2,17 Mar 2009,0.15852,0.16093
Week 3,24 Mar 2009,0.15777,0.15875
Week 4,31 Mar 2009,0.16160,0.16383

Week 1,07 Apr 2009,0.16448,0.16541
Week 2,14 Apr 2009,0.16610,0.16707
Week 3,21 Apr 2009,0.16594,0.16817
Week 4,28 Apr 2009,0.15763,0.15884

Week 1,05 May 2009,0.15888,0.16135
Week 2,12 May 2009,0.15665,0.15774
Week 3,19 May 2009,0.15550,0.15633
Week 4,26 May 2009,0.15203,0.15284

Week 1,02 Jun 2009,0.14647,0.14895
Week 2,09 Jun 2009,0.14429,0.14517
Week 3,16 Jun 2009,0.14469,0.14749
Week 4,23 Jun 2009,0.14776,0.14867

Week 1,30 Jun 2009,0.14669,0.14864
Week 2,07 Jul 2009,0.14623,0.14823
Week 3,14 Jul 2009,0.14341,0.14420
Week 4,21 Jul 2009,0.14309,0.14391

Week 1,28 Jul 2009,0.14162,0.14235
Week 2,04 Aug 2009,0.13918,0.14103
Week 3,11 Aug 2009,0.14213,0.14289
Week 4,18 Aug 2009,0.14220,0.14436

Week 1,25 Aug 2009,0.14071,0.14315
Week 2,01 Sep 2009,0.13857,0.13938
Week 3,08 Sep 2009,0.13636,0.13698
Week 4,15 Sep 2009,0.13581,0.13646

Week 1,22 Sep 2009,0.13331,0.13508
Week 2,29 Sep 2009,0.13025,0.13190
Week 3,06 Oct 2009,0.12932,0.13168
Week 4,13 Oct 2009,0.12951,0.13193

Week 1,20 Oct 2009,0.13222,0.13291
Week 2,27 Oct 2009,0.13114,0.13274
Week 3,03 Nov 2009,0.12981,0.13053
Week 4,10 Nov 2009,0.13024,0.13087

Week 1,17 Nov 2009,0.13181,0.13253
Week 2,24 Nov 2009,0.13377,0.13441
Week 3,01 Dec 2009,0.13508,0.13572
Week 4,08 Dec 2009,0.13620,0.13694

Week 1,15 Dec 2009,0.13778,0.13843
Week 2,22 Dec 2009,0.13580,0.13887
Week 3,29 Dec 2009,0.13321,0.13417
Week 4,05 Jan 2010,0.13505,0.13569

Week 1,12 Jan 2010,0.13730,0.13872
Week 2,19 Jan 2010,0.13966,0.14056
Week 3,26 Jan 2010,0.14206,0.14347
Week 4,02 Feb 2010,0.14269,0.14366

Week 1,09 Feb 2010,0.14175,0.14350
Week 2,16 Feb 2010,0.14164,0.14300
Week 3,23 Feb 2010,0.14116,0.14258
Week 4,02 Mar 2010,0.13951,0.14216

Week 1,09 Mar 2010,0.14037,0.14107
Week 2,16 Mar 2010,0.14158,0.14241
Week 3,23 Mar 2010,0.14253,0.14551
Week 4,30 Mar 2010,0.14377,0.14479

Week 1,06 Apr 2010,0.14379,0.14516
Week 2,13 Apr 2010,0.14307,0.14418
Week 3,20 Apr 2010,0.14367,0.14417
Week 4,27 Apr 2010,0.14084,0.14305

Week 1,04 May 2010,0.14075,0.14334
Week 2,11 May 2010,0.14259,0.14350
Week 3,18 May 2010,0.14261,0.14350
Week 4,25 May 2010,0.14096,0.14249

Week 1,01 Jun 2010,0.14064,0.14328
Week 2,08 Jun 2010,0.14303,0.14369
Week 3,15 Jun 2010,0.14077,0.14321
Week 4,22 Jun 2010,0.14069,0.14157

Week 1,29 Jun 2010,0.13696,0.13964
Week 2,06 Jul 2010,0.13685,0.13755
Week 3,13 Jul 2010,0.13663,0.13918
Week 4,20 Jul 2010,0.13790,0.13933

Week 1,27 Jul 2010,0.13878,0.13939
Week 2,03 Aug 2010,0.13891,0.13958
Week 3,10 Aug 2010,0.13860,0.13924
Week 4,17 Aug 2010,0.13725,0.13980

Week 1,24 Aug 2010,0.13463,0.13655
Week 2,31 Aug 2010,0.13263,0.13409
Week 3,07 Sep 2010,0.13259,0.13321
Week 4,14 Sep 2010,0.13272,0.13495

Week 1,21 Sep 2010,0.13548,0.13630
Week 2,28 Sep 2010,0.13467,0.13636
Week 3,05 Oct 2010,0.13373,0.13506
Week 4,12 Oct 2010,0.13290,0.13466

Week 1,19 Oct 2010,0.13557,0.13629
Week 2,26 Oct 2010,0.13746,0.13808
Week 3,02 Nov 2010,0.13730,0.13817
Week 4,09 Nov 2010,0.13893,0.13960

Week 1,16 Nov 2010,0.13945,0.14017
Week 2,23 Nov 2010,0.13875,0.13945
Week 3,30 Nov 2010,0.13715,0.13784
Week 4,07 Dec 2010,0.13609,0.13680

Week 1,14 Dec 2010,0.13649,0.13829
Week 2,21 Dec 2010,0.13672,0.13790
Week 3,28 Dec 2010,0.13470,0.13606
Week 4,04 Jan 2011,0.13631,0.13709

Week 1,11 Jan 2011,0.13839,0.13922
Week 2,18 Jan 2011,0.13793,0.13971
Week 3,25 Jan 2011,0.13808,0.13891
Week 4,01 Feb 2011,0.13783,0.13975

Week 1,08 Feb 2011,0.13825,0.13904
Week 2,15 Feb 2011,0.13800,0.13877
Week 3,22 Feb 2011,0.13712,0.13781
Week 4,01 Mar 2011,0.13693,0.13750

Week 1,08 Mar 2011,0.13821,0.13880
Week 2,15 Mar 2011,0.13844,0.13911
Week 3,22 Mar 2011,0.13824,0.13892
Week 4,29 Mar 2011,0.13719,0.13773

Week 1,05 Apr 2011,0.13515,0.13581
Week 2,12 Apr 2011,0.13433,0.13494
Week 3,19 Apr 2011,0.13466,0.13537
Week 4,26 Apr 2011,0.13568,0.13631

Week 1,03 May 2011,0.13738,0.13804
Week 2,10 May 2011,0.13904,0.13959
Week 3,17 May 2011,0.13836,0.13902
Week 4,24 May 2011,0.13841,0.13902

Week 1,31 May 2011,0.13575,0.13639
Week 2,07 Jun 2011,0.13401,0.13468
Week 3,14 Jun 2011,0.13378,0.13447
Week 4,21 Jun 2011,0.13424,0.13480

Week 1,28 Jun 2011,0.13331,0.13408
Week 2,05 Jul 2011,0.13421,0.13484
Week 3,12 Jul 2011,0.13385,0.13453
Week 4,19 Jul 2011,0.13369,0.13420

Week 1,26 Jul 2011,0.13246,0.13300
Week 2,02 Aug 2011,0.13230,0.13312
Week 3,09 Aug 2011,0.13099,0.13179
Week 4,16 Aug 2011,0.12978,0.13062

Week 1,23 Aug 2011,0.12910,0.12971
Week 2,30 Aug 2011,0.12946,0.13003
Week 3,06 Sep 2011,0.13200,0.13259
Week 4,13 Sep 2011,0.13177,0.13229

Week 1,20 Sep 2011,0.13514,0.13583
Week 2,27 Sep 2011,0.13407,0.13468
Week 3,04 Oct 2011,0.13322,0.13392
Week 4,11 Oct 2011,0.13138,0.13207

Week 1,18 Oct 2011,0.13037,0.13096
Week 2,25 Oct 2011,0.13019,0.13076
Week 3,01 Nov 2011,0.12842,0.12913
Week 4,08 Nov 2011,0.12944,0.13006

Week 1,15 Nov 2011,0.12959,0.13037
Week 2,22 Nov 2011,0.13085,0.13157
Week 3,29 Nov 2011,0.13190,0.13306
Week 4,06 Dec 2011,0.13249,0.13316

Week 1,13 Dec 2011,0.13346,0.13416
Week 2,20 Dec 2011,0.13396,0.13461
Week 3,27 Dec 2011,0.13345,0.13410
Week 4,03 Jan 2012,0.13390,0.13453

Week 1,10 Jan 2012,0.13223,0.13281
Week 2,17 Jan 2012,0.13255,0.13323
Week 3,24 Jan 2012,0.13391,0.13459
Week 4,31 Jan 2012,0.13456,0.13511

Week 1,07 Feb 2012,0.13499,0.13563
Week 2,14 Feb 2012,0.13423,0.13487
Week 3,21 Feb 2012,0.13338,0.13395
Week 4,28 Feb 2012,0.13370,0.13432

Week 1,06 Mar 2012,0.13796,0.13852
Week 2,13 Mar 2012,0.14191,0.14257
Week 3,20 Mar 2012,0.14226,0.14324
Week 4,27 Mar 2012,0.14255,0.14318

Week 1,03 Apr 2012,0.14182,0.14238
Week 2,10 Apr 2012,0.13941,0.14013
Week 3,17 Apr 2012,0.14158,0.14216
Week 4,24 Apr 2012,0.14341,0.14400

Week 1,01 May 2012,0.14609,0.14725
Week 2,08 May 2012,0.14484,0.14546
Week 3,15 May 2012,0.14528,0.14582
Week 4,22 May 2012,0.14514,0.14581

Week 1,29 May 2012,0.14193,0.14250
Week 2,05 Jun 2012,0.14372,0.14485
Week 3,12 Jun 2012,0.14680,0.14759
Week 4,19 Jun 2012,0.14829,0.14886

Week 1,26 Jun 2012,0.15071,0.15143
Week 2,03 Jul 2012,0.15046,0.15152
Week 3,10 Jul 2012,0.15219,0.15275
Week 4,17 Jul 2012,0.15255,0.15318

Week 1,24 Jul 2012,0.15077,0.15124
Week 2,31 Jul 2012,0.15357,0.15405
Week 3,07 Aug 2012,0.15369,0.15415
Week 4,14 Aug 2012,0.15351,0.15387

Week 1,21 Aug 2012,0.15343,0.15412
Week 2,28 Aug 2012,0.15360,0.15432
Week 3,04 Sep 2012,0.15497,0.15567
Week 4,11 Sep 2012,0.15633,0.15703

Week 1,18 Sep 2012,0.15735,0.15806
Week 2,25 Sep 2012,0.15721,0.15791
Week 3,02 Oct 2012,0.15765,0.15854
Week 4,09 Oct 2012,0.15794,0.15887

Week 1,16 Oct 2012,0.15793,0.15847
Week 2,23 Oct 2012,0.15611,0.15658
Week 3,30 Oct 2012,0.15542,0.15590
Week 4,06 Nov 2012,0.15540,0.15599

Week 1,13 Nov 2012,0.15637,0.15692
Week 2,20 Nov 2012,0.16002,0.16061
Week 3,27 Nov 2012,0.16190,0.16237
Week 4,04 Dec 2012,0.16218,0.16264

Week 1,11 Dec 2012,0.16273,0.16319
Week 2,18 Dec 2012,0.16181,0.16297
Week 3,25 Dec 2012,0.15828,0.15870
Week 4,01 Jan 2013,0.15915,0.15958

Week 1,08 Jan 2013,0.15993,0.16037
Week 2,15 Jan 2013,0.16104,0.16171
Week 3,22 Jan 2013,0.16033,0.16080
Week 4,29 Jan 2013,0.15675,0.15752

Week 1,05 Feb 2013,0.15582,0.15625
Week 2,12 Feb 2013,0.15457,0.15502
Week 3,19 Feb 2013,0.15448,0.15514
Week 4,26 Feb 2013,0.15457,0.15524

Week 1,05 Mar 2013,0.15407,0.15450
Week 2,12 Mar 2013,0.15780,0.15831
Week 3,19 Mar 2013,0.16081,0.16141
Week 4,26 Mar 2013,0.16314,0.16381

Week 1,02 Apr 2013,0.16356,0.16419
Week 2,09 Apr 2013,0.16285,0.16388
Week 3,16 Apr 2013,0.16335,0.16409
Week 4,23 Apr 2013,0.16429,0.16500

Week 1,30 Apr 2013,0.16501,0.16567
Week 2,07 May 2013,0.16657,0.16718
Week 3,14 May 2013,0.16486,0.16572
Week 4,21 May 2013,0.16407,0.16500

Week 1,28 May 2013,0.16495,0.16583
Week 2,04 Jun 2013,0.16622,0.16722
Week 3,11 Jun 2013,0.16699,0.16787
Week 4,18 Jun 2013,0.16837,0.16917

Week 1,25 Jun 2013,0.16854,0.16969
Week 2,02 Jul 2013,0.17261,0.17335
Week 3,09 Jul 2013,0.17549,0.17623
Week 4,16 Jul 2013,0.17749,0.17813

Week 1,23 Jul 2013,0.17764,0.17847
Week 2,30 Jul 2013,0.17879,0.17964
Week 3,06 Aug 2013,0.18079,0.18142
Week 4,13 Aug 2013,0.18230,0.18300

Week 1,20 Aug 2013,0.18421,0.18522
Week 2,27 Aug 2013,0.17820,0.17888
Week 3,03 Sep 2013,0.17616,0.17691
Week 4,10 Sep 2013,0.17396,0.17497

Week 1,17 Sep 2013,0.17336,0.17409
Week 2,24 Sep 2013,0.17087,0.17171
Week 3,01 Oct 2013,0.16816,0.16909
Week 4,08 Oct 2013,0.16706,0.16817

Week 1,15 Oct 2013,0.16817,0.16891
Week 2,22 Oct 2013,0.16867,0.16943
Week 3,29 Oct 2013,0.17042,0.17110
Week 4,05 Nov 2013,0.17366,0.17465

Week 1,12 Nov 2013,0.17761,0.17826
Week 2,19 Nov 2013,0.17558,0.17616
Week 3,26 Nov 2013,0.17662,0.17732
Week 4,03 Dec 2013,0.17976,0.18043

Week 1,10 Dec 2013,0.17981,0.18081
Week 2,17 Dec 2013,0.18113,0.18186
Week 3,24 Dec 2013,0.18018,0.18106
Week 4,31 Dec 2013,0.18049,0.18162

Week 1,07 Jan 2014,0.18161,0.18232
Week 2,14 Jan 2014,0.17833,0.17913
Week 3,21 Jan 2014,0.17760,0.17846
Week 4,28 Jan 2014,0.18078,0.18160

Week 1,04 Feb 2014,0.17955,0.18043
Week 2,11 Feb 2014,0.18019,0.18114
Week 3,18 Feb 2014,0.17858,0.17936
Week 4,25 Feb 2014,0.17600,0.17669

Week 1,04 Mar 2014,0.17617,0.17684
Week 2,11 Mar 2014,0.17725,0.17804
Week 3,18 Mar 2014,0.17618,0.17720
Week 4,25 Mar 2014,0.17410,0.17487

Week 1,01 Apr 2014,0.17289,0.17386
Week 2,08 Apr 2014,0.16930,0.17007
Week 3,15 Apr 2014,0.17047,0.17121
Week 4,22 Apr 2014,0.17035,0.17102

Week 1,29 Apr 2014,0.17016,0.17091
Week 2,06 May 2014,0.17074,0.17145
Week 3,13 May 2014,0.17095,0.17166
Week 4,20 May 2014,0.17150,0.17217

Week 1,27 May 2014,0.17332,0.17398
Week 2,03 Jun 2014,0.17481,0.17553
Week 3,10 Jun 2014,0.17106,0.17179
Week 4,17 Jun 2014,0.17124,0.17187

Week 1,24 Jun 2014,0.16965,0.17021
Week 2,01 Jul 2014,0.17011,0.17081
Week 3,08 Jul 2014,0.17039,0.17116
Week 4,15 Jul 2014,0.17157,0.17239

Week 1,22 Jul 2014,0.17122,0.17194
Week 2,29 Jul 2014,0.17080,0.17152
Week 3,05 Aug 2014,0.17155,0.17232
Week 4,12 Aug 2014,0.17273,0.17345

Week 1,19 Aug 2014,0.17257,0.17337
Week 2,26 Aug 2014,0.17169,0.17282
Week 3,02 Sep 2014,0.17065,0.17198
Week 4,09 Sep 2014,0.17264,0.17387

Week 1,16 Sep 2014,0.17777,0.17852
Week 2,23 Sep 2014,0.18008,0.18129
Week 3,30 Sep 2014,0.18250,0.18322
Week 4,07 Oct 2014,0.17902,0.18014

Week 1,14 Oct 2014,0.17970,0.18038
Week 2,21 Oct 2014,0.18198,0.18258
Week 3,28 Oct 2014,0.18233,0.18307
Week 4,04 Nov 2014,0.18578,0.18722

Week 1,11 Nov 2014,0.18939,0.19034
Week 2,18 Nov 2014,0.18826,0.18883
Week 3,25 Nov 2014,0.18342,0.18473
Week 4,02 Dec 2014,0.18180,0.18234

Week 1,09 Dec 2014,0.17971,0.18034
Week 2,16 Dec 2014,0.18276,0.18334
Week 3,23 Dec 2014,0.18221,0.18279
Week 4,30 Dec 2014,0.18108,0.18175

Week 1,06 Jan 2015,0.18109,0.18172
Week 2,13 Jan 2015,0.18067,0.18133
Week 3,20 Jan 2015,0.17716,0.17781
Week 4,27 Jan 2015,0.17687,0.17754

Week 1,03 Feb 2015,0.18451,0.18513
Week 2,10 Feb 2015,0.18903,0.18975
Week 3,17 Feb 2015,0.19031,0.19090
Week 4,24 Feb 2015,0.19091,0.19157

Week 1,03 Mar 2015,0.19565,0.19632
Week 2,10 Mar 2015,0.20391,0.20456
Week 3,17 Mar 2015,0.21262,0.21324
Week 4,24 Mar 2015,0.21169,0.21239

Week 1,31 Mar 2015,0.21012,0.21083
Week 2,07 Apr 2015,0.20520,0.20591
Week 3,14 Apr 2015,0.19961,0.20030
Week 4,21 Apr 2015,0.19437,0.19497

Week 1,28 Apr 2015,0.19289,0.19356
Week 2,05 May 2015,0.19744,0.19803
Week 3,12 May 2015,0.19834,0.19893
Week 4,19 May 2015,0.20009,0.20068

Week 1,26 May 2015,0.20519,0.20593
Week 2,02 Jun 2015,0.20214,0.20272
Week 3,09 Jun 2015,0.20067,0.20121
Week 4,16 Jun 2015,0.20103,0.20157

Week 1,23 Jun 2015,0.20066,0.20130
Week 2,30 Jun 2015,0.19867,0.19943
Week 3,07 Jul 2015,0.20144,0.20210
Week 4,14 Jul 2015,0.19962,0.20017

Week 1,21 Jul 2015,0.20213,0.20261
Week 2,28 Jul 2015,0.20805,0.20864
Week 3,04 Aug 2015,0.21476,0.21525
Week 4,11 Aug 2015,0.21325,0.21389

Week 1,18 Aug 2015,0.20860,0.20917
Week 2,25 Aug 2015,0.21045,0.21102
Week 3,01 Sep 2015,0.22129,0.22197
Week 4,08 Sep 2015,0.22763,0.22826

Week 1,15 Sep 2015,0.23290,0.23352
Week 2,22 Sep 2015,0.23888,0.23960
Week 3,29 Sep 2015,0.23591,0.23656
Week 4,06 Oct 2015,0.23097,0.23158

Week 1,13 Oct 2015,0.23311,0.23368
Week 2,20 Oct 2015,0.23547,0.23611
Week 3,27 Oct 2015,0.23431,0.23494
Week 4,03 Nov 2015,0.22835,0.22893

Week 1,10 Nov 2015,0.22713,0.22765
Week 2,17 Nov 2015,0.22564,0.22619
Week 3,24 Nov 2015,0.22701,0.22767
Week 4,01 Dec 2015,0.22857,0.22926

Week 1,08 Dec 2015,0.22220,0.22266
Week 2,15 Dec 2015,0.22811,0.22866
Week 3,22 Dec 2015,0.23024,0.23079
Week 4,29 Dec 2015,0.22762,0.22815

Week 1,05 Jan 2016,0.22820,0.22877
Week 2,12 Jan 2016,0.22356,0.22408
Week 3,19 Jan 2016,0.22191,0.22247
Week 4,26 Jan 2016,0.22093,0.22143

Week 1,02 Feb 2016,0.21412,0.21467
Week 2,09 Feb 2016,0.20908,0.20964
Week 3,16 Feb 2016,0.21730,0.21784
Week 4,23 Feb 2016,0.21814,0.21864

Week 1,01 Mar 2016,0.21539,0.21597
Week 2,08 Mar 2016,0.20677,0.20727
Week 3,15 Mar 2016,0.20800,0.20863
Week 4,22 Mar 2016,0.20850,0.20924

Week 1,29 Mar 2016,0.20742,0.20806
Week 2,05 Apr 2016,0.20475,0.20535
Week 3,12 Apr 2016,0.20022,0.20076
Week 4,19 Apr 2016,0.20367,0.20431

Week 1,26 Apr 2016,0.20163,0.20222
Week 2,03 May 2016,0.19884,0.19942
Week 3,10 May 2016,0.19343,0.19403
Week 4,17 May 2016,0.19274,0.19336

Week 1,24 May 2016,0.19403,0.19462
Week 2,31 May 2016,0.19223,0.19280
Week 3,07 Jun 2016,0.18561,0.18613
Week 4,14 Jun 2016,0.18268,0.18324

Week 1,21 Jun 2016,0.18040,0.18097
Week 2,28 Jun 2016,0.17580,0.17635
Week 3,05 Jul 2016,0.17699,0.17761
Week 4,12 Jul 2016,0.17747,0.17813

Week 1,19 Jul 2016,0.17563,0.17616
Week 2,26 Jul 2016,0.17379,0.17433
Week 3,02 Aug 2016,0.17051,0.17109
Week 4,09 Aug 2016,0.17179,0.17230

Week 1,16 Aug 2016,0.17631,0.17681
Week 2,23 Aug 2016,0.17502,0.17552
Week 3,30 Aug 2016,0.17361,0.17402
Week 4,06 Sep 2016,0.17388,0.17422

Week 1,13 Sep 2016,0.17033,0.17072
Week 2,20 Sep 2016,0.16433,0.16471
Week 3,27 Sep 2016,0.16624,0.16663
Week 4,04 Oct 2016,0.16716,0.16763

Week 1,11 Oct 2016,0.16869,0.16905
Week 2,18 Oct 2016,0.16962,0.17004
Week 3,25 Oct 2016,0.16826,0.16863
Week 4,01 Nov 2016,0.16912,0.16953

Week 1,08 Nov 2016,0.16549,0.16600
Week 2,15 Nov 2016,0.16619,0.16663
Week 3,22 Nov 2016,0.16472,0.16514
Week 4,29 Nov 2016,0.16691,0.16737

Week 1,06 Dec 2016,0.16628,0.16666
Week 2,13 Dec 2016,0.16518,0.16556
Week 3,20 Dec 2016,0.16125,0.16166
Week 4,27 Dec 2016,0.15762,0.15801

Week 1,03 Jan 2017,0.15294,0.15332
Week 2,10 Jan 2017,0.14837,0.14870
Week 3,17 Jan 2017,0.14753,0.14791
Week 4,24 Jan 2017,0.14898,0.14941

Week 1,31 Jan 2017,0.15161,0.15203
Week 2,07 Feb 2017,0.15235,0.15275
Week 3,14 Feb 2017,0.15184,0.15222
Week 4,21 Feb 2017,0.15420,0.15450

Week 1,28 Feb 2017,0.15724,0.15759
Week 2,07 Mar 2017,0.16008,0.16039
Week 3,14 Mar 2017,0.16142,0.16171
Week 4,21 Mar 2017,0.16349,0.16377

Week 1,28 Mar 2017,0.16630,0.16670
Week 2,04 Apr 2017,0.16669,0.16708
Week 3,11 Apr 2017,0.16848,0.16888
Week 4,18 Apr 2017,0.16730,0.16774

Week 1,25 Apr 2017,0.16745,0.16783
Week 2,02 May 2017,0.16766,0.16810
Week 3,09 May 2017,0.16639,0.16680
Week 4,16 May 2017,0.17034,0.17074

Week 1,23 May 2017,0.17588,0.17629
Week 2,30 May 2017,0.17424,0.17462
Week 3,06 Jun 2017,0.17931,0.17969
Week 4,13 Jun 2017,0.18247,0.18288

Week 1,20 Jun 2017,0.18381,0.18442
Week 2,27 Jun 2017,0.18325,0.18367
Week 3,04 Jul 2017,0.18089,0.18138
Week 4,11 Jul 2017,0.18108,0.18141

Week 1,18 Jul 2017,0.17924,0.17956
Week 2,25 Jul 2017,0.17735,0.17773
Week 3,01 Aug 2017,0.17493,0.17531
Week 4,08 Aug 2017,0.17634,0.17667

Week 1,15 Aug 2017,0.17816,0.17847
Week 2,22 Aug 2017,0.17837,0.17870
Week 3,29 Aug 2017,0.17679,0.17708
Week 4,05 Sep 2017,0.17483,0.17514

Week 1,12 Sep 2017,0.17595,0.17630
Week 2,19 Sep 2017,0.17598,0.17629
Week 3,26 Sep 2017,0.17479,0.17508
Week 4,03 Oct 2017,0.17133,0.17166

Week 1,10 Oct 2017,0.16822,0.16854
Week 2,17 Oct 2017,0.16749,0.16780
Week 3,24 Oct 2017,0.16940,0.16970
Week 4,31 Oct 2017,0.17133,0.17165

Week 1,07 Nov 2017,0.17105,0.17135
Week 2,14 Nov 2017,0.17193,0.17222
Week 3,21 Nov 2017,0.17290,0.17322
Week 4,28 Nov 2017,0.17431,0.17462

Week 1,05 Dec 2017,0.17328,0.17349

