MXN->USD

Week 1,01 Dec 1998,0.09994,0.10011
Week 2,08 Dec 1998,0.10053,0.10066
Week 3,15 Dec 1998,0.10169,0.10178
Week 4,22 Dec 1998,0.10142,0.10154

Week 1,29 Dec 1998,0.10101,0.10112
Week 2,05 Jan 1999,0.10162,0.10173
Week 3,12 Jan 1999,0.09658,0.09719
Week 4,19 Jan 1999,0.09730,0.09749

Week 1,26 Jan 1999,0.09835,0.09851
Week 2,02 Feb 1999,0.09910,0.09921
Week 3,09 Feb 1999,0.09989,0.10000
Week 4,16 Feb 1999,0.10064,0.10079

Week 1,23 Feb 1999,0.10071,0.10082
Week 2,02 Mar 1999,0.10092,0.10102
Week 3,09 Mar 1999,0.10262,0.10274
Week 4,16 Mar 1999,0.10324,0.10337

Week 1,23 Mar 1999,0.10395,0.10410
Week 2,30 Mar 1999,0.10505,0.10527
Week 3,06 Apr 1999,0.10493,0.10510
Week 4,13 Apr 1999,0.10525,0.10542

Week 1,20 Apr 1999,0.10712,0.10725
Week 2,27 Apr 1999,0.10759,0.10770
Week 3,04 May 1999,0.10728,0.10742
Week 4,11 May 1999,0.10716,0.10729

Week 1,18 May 1999,0.10686,0.10699
Week 2,25 May 1999,0.10322,0.10340
Week 3,01 Jun 1999,0.10312,0.10325
Week 4,08 Jun 1999,0.10382,0.10397

Week 1,15 Jun 1999,0.10607,0.10622
Week 2,22 Jun 1999,0.10580,0.10591
Week 3,29 Jun 1999,0.10633,0.10644
Week 4,06 Jul 1999,0.10683,0.10698

Week 1,13 Jul 1999,0.10683,0.10705
Week 2,20 Jul 1999,0.10654,0.10670
Week 3,27 Jul 1999,0.10638,0.10653
Week 4,03 Aug 1999,0.10582,0.10593

Week 1,10 Aug 1999,0.10649,0.10660
Week 2,17 Aug 1999,0.10689,0.10700
Week 3,24 Aug 1999,0.10686,0.10698
Week 4,31 Aug 1999,0.10671,0.10682

Week 1,07 Sep 1999,0.10709,0.10721
Week 2,14 Sep 1999,0.10698,0.10710
Week 3,21 Sep 1999,0.10726,0.10738
Week 4,28 Sep 1999,0.10642,0.10654

Week 1,05 Oct 1999,0.10562,0.10573
Week 2,12 Oct 1999,0.10560,0.10571
Week 3,19 Oct 1999,0.10377,0.10388
Week 4,26 Oct 1999,0.10388,0.10396

Week 1,02 Nov 1999,0.10509,0.10519
Week 2,09 Nov 1999,0.10634,0.10646
Week 3,16 Nov 1999,0.10699,0.10711
Week 4,23 Nov 1999,0.10706,0.10724

Week 1,30 Nov 1999,0.10695,0.10753
Week 2,07 Dec 1999,0.10611,0.10623
Week 3,14 Dec 1999,0.10684,0.10695
Week 4,21 Dec 1999,0.10641,0.10652

Week 1,28 Dec 1999,0.10529,0.10553
Week 2,04 Jan 2000,0.10526,0.10537
Week 3,11 Jan 2000,0.10558,0.10576
Week 4,18 Jan 2000,0.10587,0.10603

Week 1,25 Jan 2000,0.10457,0.10471
Week 2,01 Feb 2000,0.10514,0.10526
Week 3,08 Feb 2000,0.10609,0.10623
Week 4,15 Feb 2000,0.10653,0.10669

Week 1,22 Feb 2000,0.10641,0.10655
Week 2,29 Feb 2000,0.10702,0.10714
Week 3,07 Mar 2000,0.10744,0.10755
Week 4,14 Mar 2000,0.10717,0.10731

Week 1,21 Mar 2000,0.10812,0.10824
Week 2,28 Mar 2000,0.10806,0.10817
Week 3,04 Apr 2000,0.10727,0.10738
Week 4,11 Apr 2000,0.10585,0.10597

Week 1,18 Apr 2000,0.10615,0.10628
Week 2,25 Apr 2000,0.10623,0.10636
Week 3,02 May 2000,0.10622,0.10634
Week 4,09 May 2000,0.10450,0.10461

Week 1,16 May 2000,0.10462,0.10472
Week 2,23 May 2000,0.10486,0.10498
Week 3,30 May 2000,0.10496,0.10505
Week 4,06 Jun 2000,0.10161,0.10182

Week 1,13 Jun 2000,0.10150,0.10166
Week 2,20 Jun 2000,0.10084,0.10097
Week 3,27 Jun 2000,0.10080,0.10105
Week 4,04 Jul 2000,0.10490,0.10506

Week 1,11 Jul 2000,0.10606,0.10621
Week 2,18 Jul 2000,0.10673,0.10685
Week 3,25 Jul 2000,0.10661,0.10696
Week 4,01 Aug 2000,0.10692,0.10707

Week 1,08 Aug 2000,0.10747,0.10757
Week 2,15 Aug 2000,0.10807,0.10820
Week 3,22 Aug 2000,0.10820,0.10830
Week 4,29 Aug 2000,0.10844,0.10853

Week 1,05 Sep 2000,0.10755,0.10765
Week 2,12 Sep 2000,0.10717,0.10726
Week 3,19 Sep 2000,0.10610,0.10619
Week 4,26 Sep 2000,0.10593,0.10603

Week 1,03 Oct 2000,0.10579,0.10593
Week 2,10 Oct 2000,0.10514,0.10523
Week 3,17 Oct 2000,0.10469,0.10475
Week 4,24 Oct 2000,0.10385,0.10399

Week 1,31 Oct 2000,0.10399,0.10410
Week 2,07 Nov 2000,0.10395,0.10408
Week 3,14 Nov 2000,0.10542,0.10557
Week 4,21 Nov 2000,0.10636,0.10648

Week 1,28 Nov 2000,0.10625,0.10641
Week 2,05 Dec 2000,0.10606,0.10625
Week 3,12 Dec 2000,0.10602,0.10614
Week 4,19 Dec 2000,0.10489,0.10509

Week 1,26 Dec 2000,0.10403,0.10419
Week 2,02 Jan 2001,0.10271,0.10284
Week 3,09 Jan 2001,0.10164,0.10176
Week 4,16 Jan 2001,0.10152,0.10162

Week 1,23 Jan 2001,0.10308,0.10317
Week 2,30 Jan 2001,0.10276,0.10289
Week 3,06 Feb 2001,0.10284,0.10296
Week 4,13 Feb 2001,0.10302,0.10316

Week 1,20 Feb 2001,0.10306,0.10319
Week 2,27 Feb 2001,0.10332,0.10343
Week 3,06 Mar 2001,0.10361,0.10371
Week 4,13 Mar 2001,0.10415,0.10426

Week 1,20 Mar 2001,0.10462,0.10474
Week 2,27 Mar 2001,0.10525,0.10534
Week 3,03 Apr 2001,0.10624,0.10638
Week 4,10 Apr 2001,0.10746,0.10760

Week 1,17 Apr 2001,0.10724,0.10734
Week 2,24 Apr 2001,0.10754,0.10768
Week 3,01 May 2001,0.10786,0.10802
Week 4,08 May 2001,0.10856,0.10869

Week 1,15 May 2001,0.11004,0.11021
Week 2,22 May 2001,0.11031,0.11045
Week 3,29 May 2001,0.10921,0.10940
Week 4,05 Jun 2001,0.10986,0.11001

Week 1,12 Jun 2001,0.11035,0.11055
Week 2,19 Jun 2001,0.11031,0.11047
Week 3,26 Jun 2001,0.11046,0.11068
Week 4,03 Jul 2001,0.10997,0.11010

Week 1,10 Jul 2001,0.10776,0.10797
Week 2,17 Jul 2001,0.10874,0.10897
Week 3,24 Jul 2001,0.10915,0.10931
Week 4,31 Jul 2001,0.10892,0.10908

Week 1,07 Aug 2001,0.10976,0.10995
Week 2,14 Aug 2001,0.10973,0.10989
Week 3,21 Aug 2001,0.10965,0.10984
Week 4,28 Aug 2001,0.10891,0.10907

Week 1,04 Sep 2001,0.10759,0.10772
Week 2,11 Sep 2001,0.10495,0.10508
Week 3,18 Sep 2001,0.10599,0.10602
Week 4,25 Sep 2001,0.10541,0.10559

Week 1,02 Oct 2001,0.10452,0.10488
Week 2,09 Oct 2001,0.10620,0.10664
Week 3,16 Oct 2001,0.10826,0.10870
Week 4,23 Oct 2001,0.10788,0.10824

Week 1,30 Oct 2001,0.10769,0.10805
Week 2,06 Nov 2001,0.10817,0.10871
Week 3,13 Nov 2001,0.10818,0.10850
Week 4,20 Nov 2001,0.10900,0.10932

Week 1,27 Nov 2001,0.10792,0.10827
Week 2,04 Dec 2001,0.10818,0.10855
Week 3,11 Dec 2001,0.10938,0.10982
Week 4,18 Dec 2001,0.10939,0.10972

Week 1,25 Dec 2001,0.10929,0.10969
Week 2,01 Jan 2002,0.10927,0.10975
Week 3,08 Jan 2002,0.10832,0.10871
Week 4,15 Jan 2002,0.10892,0.10938

Week 1,22 Jan 2002,0.10926,0.10966
Week 2,29 Jan 2002,0.10909,0.10935
Week 3,05 Feb 2002,0.10928,0.10968
Week 4,12 Feb 2002,0.11010,0.11051

Week 1,19 Feb 2002,0.10985,0.11019
Week 2,26 Feb 2002,0.10977,0.11012
Week 3,05 Mar 2002,0.11002,0.11040
Week 4,12 Mar 2002,0.10980,0.11017

Week 1,19 Mar 2002,0.11020,0.11062
Week 2,26 Mar 2002,0.11054,0.11112
Week 3,02 Apr 2002,0.11062,0.11098
Week 4,09 Apr 2002,0.10996,0.11057

Week 1,16 Apr 2002,0.10788,0.10852
Week 2,23 Apr 2002,0.10722,0.10759
Week 3,30 Apr 2002,0.10567,0.10603
Week 4,07 May 2002,0.10515,0.10558

Week 1,14 May 2002,0.10522,0.10557
Week 2,21 May 2002,0.10475,0.10504
Week 3,28 May 2002,0.10355,0.10384
Week 4,04 Jun 2002,0.10259,0.10291

Week 1,11 Jun 2002,0.10320,0.10360
Week 2,18 Jun 2002,0.10167,0.10204
Week 3,25 Jun 2002,0.10056,0.10088
Week 4,02 Jul 2002,0.10047,0.10081

Week 1,09 Jul 2002,0.10205,0.10239
Week 2,16 Jul 2002,0.10294,0.10335
Week 3,23 Jul 2002,0.10294,0.10328
Week 4,30 Jul 2002,0.10185,0.10224

Week 1,06 Aug 2002,0.10236,0.10268
Week 2,13 Aug 2002,0.10105,0.10139
Week 3,20 Aug 2002,0.10171,0.10208
Week 4,27 Aug 2002,0.10069,0.10102

Week 1,03 Sep 2002,0.09997,0.10035
Week 2,10 Sep 2002,0.10023,0.10042
Week 3,17 Sep 2002,0.09847,0.09891
Week 4,24 Sep 2002,0.09783,0.09808

Week 1,01 Oct 2002,0.09829,0.09848
Week 2,08 Oct 2002,0.09823,0.09864
Week 3,15 Oct 2002,0.09952,0.09983
Week 4,22 Oct 2002,0.10070,0.10115

Week 1,29 Oct 2002,0.09815,0.09846
Week 2,05 Nov 2002,0.09733,0.09759
Week 3,12 Nov 2002,0.09736,0.09765
Week 4,19 Nov 2002,0.09860,0.09886

Week 1,26 Nov 2002,0.09832,0.09857
Week 2,03 Dec 2002,0.09777,0.09810
Week 3,10 Dec 2002,0.09787,0.09827
Week 4,17 Dec 2002,0.09785,0.09820

Week 1,24 Dec 2002,0.09749,0.09772
Week 2,31 Dec 2002,0.09620,0.09643
Week 3,07 Jan 2003,0.09561,0.09594
Week 4,14 Jan 2003,0.09467,0.09502

Week 1,21 Jan 2003,0.09224,0.09268
Week 2,28 Jan 2003,0.09142,0.09174
Week 3,04 Feb 2003,0.09114,0.09154
Week 4,11 Feb 2003,0.09138,0.09166

Week 1,18 Feb 2003,0.09165,0.09192
Week 2,25 Feb 2003,0.09054,0.09076
Week 3,04 Mar 2003,0.08967,0.08985
Week 4,11 Mar 2003,0.09166,0.09199

Week 1,18 Mar 2003,0.09251,0.09274
Week 2,25 Mar 2003,0.09321,0.09352
Week 3,01 Apr 2003,0.09334,0.09363
Week 4,08 Apr 2003,0.09333,0.09362

Week 1,15 Apr 2003,0.09444,0.09474
Week 2,22 Apr 2003,0.09541,0.09573
Week 3,29 Apr 2003,0.09735,0.09769
Week 4,06 May 2003,0.09810,0.09838

Week 1,13 May 2003,0.09716,0.09742
Week 2,20 May 2003,0.09736,0.09756
Week 3,27 May 2003,0.09672,0.09693
Week 4,03 Jun 2003,0.09480,0.09497

Week 1,10 Jun 2003,0.09429,0.09454
Week 2,17 Jun 2003,0.09497,0.09525
Week 3,24 Jun 2003,0.09555,0.09583
Week 4,01 Jul 2003,0.09562,0.09593

Week 1,08 Jul 2003,0.09555,0.09576
Week 2,15 Jul 2003,0.09615,0.09642
Week 3,22 Jul 2003,0.09514,0.09545
Week 4,29 Jul 2003,0.09473,0.09501

Week 1,05 Aug 2003,0.09344,0.09362
Week 2,12 Aug 2003,0.09301,0.09340
Week 3,19 Aug 2003,0.09211,0.09240
Week 4,26 Aug 2003,0.09078,0.09105

Week 1,02 Sep 2003,0.09137,0.09163
Week 2,09 Sep 2003,0.09091,0.09116
Week 3,16 Sep 2003,0.09159,0.09185
Week 4,23 Sep 2003,0.09167,0.09181

Week 1,30 Sep 2003,0.08979,0.08998
Week 2,07 Oct 2003,0.08894,0.08920
Week 3,14 Oct 2003,0.08896,0.08918
Week 4,21 Oct 2003,0.08953,0.08969

Week 1,28 Oct 2003,0.09039,0.09056
Week 2,04 Nov 2003,0.09089,0.09117
Week 3,11 Nov 2003,0.09009,0.09025
Week 4,18 Nov 2003,0.08919,0.08943

Week 1,25 Nov 2003,0.08795,0.08825
Week 2,02 Dec 2003,0.08878,0.08896
Week 3,09 Dec 2003,0.08904,0.08920
Week 4,16 Dec 2003,0.08880,0.08900

Week 1,23 Dec 2003,0.08884,0.08893
Week 2,30 Dec 2003,0.08954,0.08969
Week 3,06 Jan 2004,0.09179,0.09207
Week 4,13 Jan 2004,0.09212,0.09239

Week 1,20 Jan 2004,0.09150,0.09168
Week 2,27 Jan 2004,0.09038,0.09073
Week 3,03 Feb 2004,0.08981,0.09012
Week 4,10 Feb 2004,0.09068,0.09093

Week 1,17 Feb 2004,0.09120,0.09151
Week 2,24 Feb 2004,0.09026,0.09050
Week 3,02 Mar 2004,0.09112,0.09137
Week 4,09 Mar 2004,0.09118,0.09137

Week 1,16 Mar 2004,0.09093,0.09116
Week 2,23 Mar 2004,0.09032,0.09057
Week 3,30 Mar 2004,0.08930,0.08965
Week 4,06 Apr 2004,0.08922,0.08948

Week 1,13 Apr 2004,0.08867,0.08890
Week 2,20 Apr 2004,0.08820,0.08849
Week 3,27 Apr 2004,0.08775,0.08805
Week 4,04 May 2004,0.08689,0.08708

Week 1,11 May 2004,0.08595,0.08619
Week 2,18 May 2004,0.08634,0.08666
Week 3,25 May 2004,0.08722,0.08758
Week 4,01 Jun 2004,0.08726,0.08756

Week 1,08 Jun 2004,0.08788,0.08815
Week 2,15 Jun 2004,0.08781,0.08812
Week 3,22 Jun 2004,0.08808,0.08835
Week 4,29 Jun 2004,0.08691,0.08730

Week 1,06 Jul 2004,0.08683,0.08715
Week 2,13 Jul 2004,0.08708,0.08754
Week 3,20 Jul 2004,0.08727,0.08761
Week 4,27 Jul 2004,0.08717,0.08752

Week 1,03 Aug 2004,0.08739,0.08778
Week 2,10 Aug 2004,0.08749,0.08788
Week 3,17 Aug 2004,0.08798,0.08833
Week 4,24 Aug 2004,0.08764,0.08803

Week 1,31 Aug 2004,0.08700,0.08734
Week 2,07 Sep 2004,0.08608,0.08652
Week 3,14 Sep 2004,0.08664,0.08713
Week 4,21 Sep 2004,0.08736,0.08775

Week 1,28 Sep 2004,0.08770,0.08801
Week 2,05 Oct 2004,0.08844,0.08901
Week 3,12 Oct 2004,0.08786,0.08828
Week 4,19 Oct 2004,0.08695,0.08730

Week 1,26 Oct 2004,0.08651,0.08684
Week 2,02 Nov 2004,0.08748,0.08787
Week 3,09 Nov 2004,0.08758,0.08797
Week 4,16 Nov 2004,0.08781,0.08821

Week 1,23 Nov 2004,0.08836,0.08882
Week 2,30 Nov 2004,0.08941,0.08981
Week 3,07 Dec 2004,0.08855,0.08892
Week 4,14 Dec 2004,0.08889,0.08924

Week 1,21 Dec 2004,0.08958,0.08996
Week 2,28 Dec 2004,0.08931,0.08966
Week 3,04 Jan 2005,0.08827,0.08856
Week 4,11 Jan 2005,0.08905,0.08929

Week 1,18 Jan 2005,0.08876,0.08912
Week 2,25 Jan 2005,0.08867,0.08891
Week 3,01 Feb 2005,0.08943,0.08980
Week 4,08 Feb 2005,0.08940,0.08974

Week 1,15 Feb 2005,0.08978,0.09002
Week 2,22 Feb 2005,0.09004,0.09031
Week 3,01 Mar 2005,0.09014,0.09046
Week 4,08 Mar 2005,0.09050,0.09074

Week 1,15 Mar 2005,0.08927,0.08947
Week 2,22 Mar 2005,0.08869,0.08887
Week 3,29 Mar 2005,0.08906,0.08927
Week 4,05 Apr 2005,0.08939,0.08956

Week 1,12 Apr 2005,0.08998,0.09019
Week 2,19 Apr 2005,0.09031,0.09043
Week 3,26 Apr 2005,0.09024,0.09040
Week 4,03 May 2005,0.09105,0.09128

Week 1,10 May 2005,0.09065,0.09098
Week 2,17 May 2005,0.09103,0.09124
Week 3,24 May 2005,0.09144,0.09162
Week 4,31 May 2005,0.09212,0.09222

Week 1,07 Jun 2005,0.09194,0.09209
Week 2,14 Jun 2005,0.09235,0.09266
Week 3,21 Jun 2005,0.09271,0.09291
Week 4,28 Jun 2005,0.09289,0.09308

Week 1,05 Jul 2005,0.09285,0.09304
Week 2,12 Jul 2005,0.09382,0.09394
Week 3,19 Jul 2005,0.09394,0.09430
Week 4,26 Jul 2005,0.09391,0.09403

Week 1,02 Aug 2005,0.09433,0.09444
Week 2,09 Aug 2005,0.09403,0.09419
Week 3,16 Aug 2005,0.09347,0.09363
Week 4,23 Aug 2005,0.09233,0.09240

Week 1,30 Aug 2005,0.09307,0.09317
Week 2,06 Sep 2005,0.09330,0.09362
Week 3,13 Sep 2005,0.09246,0.09268
Week 4,20 Sep 2005,0.09228,0.09235

Week 1,27 Sep 2005,0.09239,0.09254
Week 2,04 Oct 2005,0.09284,0.09294
Week 3,11 Oct 2005,0.09185,0.09198
Week 4,18 Oct 2005,0.09196,0.09210

Week 1,25 Oct 2005,0.09203,0.09213
Week 2,01 Nov 2005,0.09289,0.09303
Week 3,08 Nov 2005,0.09341,0.09358
Week 4,15 Nov 2005,0.09369,0.09389

Week 1,22 Nov 2005,0.09408,0.09428
Week 2,29 Nov 2005,0.09465,0.09488
Week 3,06 Dec 2005,0.09514,0.09539
Week 4,13 Dec 2005,0.09346,0.09369

Week 1,20 Dec 2005,0.09337,0.09361
Week 2,27 Dec 2005,0.09336,0.09363
Week 3,03 Jan 2006,0.09418,0.09446
Week 4,10 Jan 2006,0.09442,0.09465

Week 1,17 Jan 2006,0.09464,0.09487
Week 2,24 Jan 2006,0.09523,0.09542
Week 3,31 Jan 2006,0.09542,0.09562
Week 4,07 Feb 2006,0.09512,0.09536

Week 1,14 Feb 2006,0.09522,0.09541
Week 2,21 Feb 2006,0.09540,0.09561
Week 3,28 Feb 2006,0.09499,0.09520
Week 4,07 Mar 2006,0.09349,0.09366

Week 1,14 Mar 2006,0.09350,0.09373
Week 2,21 Mar 2006,0.09217,0.09236
Week 3,28 Mar 2006,0.09144,0.09162
Week 4,04 Apr 2006,0.09073,0.09088

Week 1,11 Apr 2006,0.09007,0.09028
Week 2,18 Apr 2006,0.09060,0.09075
Week 3,25 Apr 2006,0.09006,0.09023
Week 4,02 May 2006,0.09083,0.09103

Week 1,09 May 2006,0.09112,0.09129
Week 2,16 May 2006,0.08960,0.08979
Week 3,23 May 2006,0.08920,0.08942
Week 4,30 May 2006,0.08870,0.08891

Week 1,06 Jun 2006,0.08803,0.08810
Week 2,13 Jun 2006,0.08739,0.08759
Week 3,20 Jun 2006,0.08735,0.08756
Week 4,27 Jun 2006,0.08774,0.08795

Week 1,04 Jul 2006,0.09000,0.09022
Week 2,11 Jul 2006,0.09076,0.09097
Week 3,18 Jul 2006,0.09128,0.09148
Week 4,25 Jul 2006,0.09161,0.09186

Week 1,01 Aug 2006,0.09130,0.09151
Week 2,08 Aug 2006,0.09203,0.09226
Week 3,15 Aug 2006,0.09246,0.09269
Week 4,22 Aug 2006,0.09167,0.09188

Week 1,29 Aug 2006,0.09170,0.09191
Week 2,05 Sep 2006,0.09120,0.09143
Week 3,12 Sep 2006,0.09090,0.09113
Week 4,19 Sep 2006,0.09087,0.09109

Week 1,26 Sep 2006,0.09063,0.09085
Week 2,03 Oct 2006,0.09057,0.09077
Week 3,10 Oct 2006,0.09111,0.09133
Week 4,17 Oct 2006,0.09216,0.09238

Week 1,24 Oct 2006,0.09266,0.09289
Week 2,31 Oct 2006,0.09253,0.09275
Week 3,07 Nov 2006,0.09195,0.09217
Week 4,14 Nov 2006,0.09166,0.09187

Week 1,21 Nov 2006,0.09096,0.09113
Week 2,28 Nov 2006,0.09063,0.09079
Week 3,05 Dec 2006,0.09184,0.09200
Week 4,12 Dec 2006,0.09242,0.09259

Week 1,19 Dec 2006,0.09218,0.09232
Week 2,26 Dec 2006,0.09204,0.09223
Week 3,02 Jan 2007,0.09201,0.09220
Week 4,09 Jan 2007,0.09105,0.09119

Week 1,16 Jan 2007,0.09144,0.09159
Week 2,23 Jan 2007,0.09101,0.09116
Week 3,30 Jan 2007,0.09081,0.09095
Week 4,06 Feb 2007,0.09118,0.09132

Week 1,13 Feb 2007,0.09100,0.09114
Week 2,20 Feb 2007,0.09075,0.09089
Week 3,27 Feb 2007,0.08959,0.08966
Week 4,06 Mar 2007,0.08955,0.08969

Week 1,13 Mar 2007,0.08948,0.08963
Week 2,20 Mar 2007,0.09031,0.09046
Week 3,27 Mar 2007,0.09050,0.09064
Week 4,03 Apr 2007,0.09087,0.09102

Week 1,10 Apr 2007,0.09083,0.09100
Week 2,17 Apr 2007,0.09090,0.09105
Week 3,24 Apr 2007,0.09126,0.09141
Week 4,01 May 2007,0.09154,0.09169

Week 1,08 May 2007,0.09229,0.09245
Week 2,15 May 2007,0.09251,0.09267
Week 3,22 May 2007,0.09256,0.09271
Week 4,29 May 2007,0.09288,0.09303

Week 1,05 Jun 2007,0.09205,0.09220
Week 2,12 Jun 2007,0.09184,0.09199
Week 3,19 Jun 2007,0.09249,0.09264
Week 4,26 Jun 2007,0.09229,0.09244

Week 1,03 Jul 2007,0.09273,0.09289
Week 2,10 Jul 2007,0.09270,0.09285
Week 3,17 Jul 2007,0.09280,0.09294
Week 4,24 Jul 2007,0.09171,0.09185

Week 1,31 Jul 2007,0.09107,0.09122
Week 2,07 Aug 2007,0.09098,0.09112
Week 3,14 Aug 2007,0.08998,0.09012
Week 4,21 Aug 2007,0.09032,0.09046

Week 1,28 Aug 2007,0.09033,0.09048
Week 2,04 Sep 2007,0.09020,0.09035
Week 3,11 Sep 2007,0.08992,0.09006
Week 4,18 Sep 2007,0.09069,0.09084

Week 1,25 Sep 2007,0.09138,0.09153
Week 2,02 Oct 2007,0.09179,0.09194
Week 3,09 Oct 2007,0.09227,0.09243
Week 4,16 Oct 2007,0.09238,0.09253

Week 1,23 Oct 2007,0.09254,0.09270
Week 2,30 Oct 2007,0.09341,0.09350
Week 3,06 Nov 2007,0.09259,0.09274
Week 4,13 Nov 2007,0.09153,0.09168

Week 1,20 Nov 2007,0.09105,0.09120
Week 2,27 Nov 2007,0.09129,0.09145
Week 3,04 Dec 2007,0.09202,0.09217
Week 4,11 Dec 2007,0.09225,0.09240

Week 1,18 Dec 2007,0.09219,0.09236
Week 2,25 Dec 2007,0.09201,0.09226
Week 3,01 Jan 2008,0.09154,0.09176
Week 4,08 Jan 2008,0.09142,0.09157

Week 1,15 Jan 2008,0.09146,0.09161
Week 2,22 Jan 2008,0.09149,0.09164
Week 3,29 Jan 2008,0.09219,0.09233
Week 4,05 Feb 2008,0.09257,0.09272

Week 1,12 Feb 2008,0.09289,0.09304
Week 2,19 Feb 2008,0.09277,0.09292
Week 3,26 Feb 2008,0.09317,0.09332
Week 4,04 Mar 2008,0.09285,0.09300

Week 1,11 Mar 2008,0.09263,0.09279
Week 2,18 Mar 2008,0.09311,0.09326
Week 3,25 Mar 2008,0.09340,0.09358
Week 4,01 Apr 2008,0.09434,0.09451

Week 1,08 Apr 2008,0.09472,0.09487
Week 2,15 Apr 2008,0.09536,0.09552
Week 3,22 Apr 2008,0.09537,0.09553
Week 4,29 Apr 2008,0.09531,0.09547

Week 1,06 May 2008,0.09486,0.09503
Week 2,13 May 2008,0.09551,0.09567
Week 3,20 May 2008,0.09620,0.09638
Week 4,27 May 2008,0.09653,0.09670

Week 1,03 Jun 2008,0.09673,0.09689
Week 2,10 Jun 2008,0.09625,0.09642
Week 3,17 Jun 2008,0.09696,0.09713
Week 4,24 Jun 2008,0.09707,0.09723

Week 1,01 Jul 2008,0.09660,0.09676
Week 2,08 Jul 2008,0.09690,0.09706
Week 3,15 Jul 2008,0.09756,0.09773
Week 4,22 Jul 2008,0.09907,0.09925

Week 1,29 Jul 2008,0.09987,0.10005
Week 2,05 Aug 2008,0.09981,0.09997
Week 3,12 Aug 2008,0.09823,0.09839
Week 4,19 Aug 2008,0.09851,0.09864

Week 1,26 Aug 2008,0.09790,0.09806
Week 2,02 Sep 2008,0.09594,0.09609
Week 3,09 Sep 2008,0.09463,0.09479
Week 4,16 Sep 2008,0.09327,0.09346

Week 1,23 Sep 2008,0.09300,0.09319
Week 2,30 Sep 2008,0.09024,0.09043
Week 3,07 Oct 2008,0.07987,0.08004
Week 4,14 Oct 2008,0.07834,0.07878

Week 1,21 Oct 2008,0.07438,0.07498
Week 2,28 Oct 2008,0.07656,0.07738
Week 3,04 Nov 2008,0.07791,0.07839
Week 4,11 Nov 2008,0.07694,0.07737

Week 1,18 Nov 2008,0.07421,0.07449
Week 2,25 Nov 2008,0.07459,0.07494
Week 3,02 Dec 2008,0.07327,0.07370
Week 4,09 Dec 2008,0.07401,0.07425

Week 1,16 Dec 2008,0.07548,0.07589
Week 2,23 Dec 2008,0.07491,0.07547
Week 3,30 Dec 2008,0.07261,0.07336
Week 4,06 Jan 2009,0.07361,0.07390

Week 1,13 Jan 2009,0.07186,0.07208
Week 2,20 Jan 2009,0.07150,0.07171
Week 3,27 Jan 2009,0.07039,0.07062
Week 4,03 Feb 2009,0.06952,0.06973

Week 1,10 Feb 2009,0.06926,0.06944
Week 2,17 Feb 2009,0.06801,0.06824
Week 3,24 Feb 2009,0.06661,0.06670
Week 4,03 Mar 2009,0.06541,0.06551

Week 1,10 Mar 2009,0.06686,0.06699
Week 2,17 Mar 2009,0.07049,0.07067
Week 3,24 Mar 2009,0.06995,0.07015
Week 4,31 Mar 2009,0.07184,0.07200

Week 1,07 Apr 2009,0.07491,0.07509
Week 2,14 Apr 2009,0.07615,0.07633
Week 3,21 Apr 2009,0.07546,0.07560
Week 4,28 Apr 2009,0.07236,0.07254

Week 1,05 May 2009,0.07567,0.07585
Week 2,12 May 2009,0.07546,0.07565
Week 3,19 May 2009,0.07627,0.07643
Week 4,26 May 2009,0.07582,0.07599

Week 1,02 Jun 2009,0.07540,0.07558
Week 2,09 Jun 2009,0.07425,0.07444
Week 3,16 Jun 2009,0.07453,0.07471
Week 4,23 Jun 2009,0.07523,0.07542

Week 1,30 Jun 2009,0.07566,0.07585
Week 2,07 Jul 2009,0.07398,0.07415
Week 3,14 Jul 2009,0.07371,0.07387
Week 4,21 Jul 2009,0.07539,0.07557

Week 1,28 Jul 2009,0.07552,0.07571
Week 2,04 Aug 2009,0.07654,0.07672
Week 3,11 Aug 2009,0.07735,0.07752
Week 4,18 Aug 2009,0.07747,0.07764

Week 1,25 Aug 2009,0.07626,0.07641
Week 2,01 Sep 2009,0.07425,0.07439
Week 3,08 Sep 2009,0.07473,0.07488
Week 4,15 Sep 2009,0.07521,0.07532

Week 1,22 Sep 2009,0.07435,0.07449
Week 2,29 Sep 2009,0.07347,0.07359
Week 3,06 Oct 2009,0.07449,0.07465
Week 4,13 Oct 2009,0.07606,0.07622

Week 1,20 Oct 2009,0.07675,0.07693
Week 2,27 Oct 2009,0.07567,0.07583
Week 3,03 Nov 2009,0.07505,0.07520
Week 4,10 Nov 2009,0.07584,0.07600

Week 1,17 Nov 2009,0.07659,0.07675
Week 2,24 Nov 2009,0.07716,0.07733
Week 3,01 Dec 2009,0.07834,0.07850
Week 4,08 Dec 2009,0.07776,0.07793

Week 1,15 Dec 2009,0.07798,0.07814
Week 2,22 Dec 2009,0.07750,0.07774
Week 3,29 Dec 2009,0.07661,0.07679
Week 4,05 Jan 2010,0.07809,0.07826

Week 1,12 Jan 2010,0.07856,0.07874
Week 2,19 Jan 2010,0.07795,0.07811
Week 3,26 Jan 2010,0.07696,0.07711
Week 4,02 Feb 2010,0.07664,0.07679

Week 1,09 Feb 2010,0.07662,0.07677
Week 2,16 Feb 2010,0.07772,0.07783
Week 3,23 Feb 2010,0.07801,0.07811
Week 4,02 Mar 2010,0.07873,0.07884

Week 1,09 Mar 2010,0.07936,0.07946
Week 2,16 Mar 2010,0.07970,0.07981
Week 3,23 Mar 2010,0.07973,0.07984
Week 4,30 Mar 2010,0.08089,0.08102

Week 1,06 Apr 2010,0.08171,0.08182
Week 2,13 Apr 2010,0.08178,0.08189
Week 3,20 Apr 2010,0.08182,0.08186
Week 4,27 Apr 2010,0.08145,0.08157

Week 1,04 May 2010,0.07882,0.07893
Week 2,11 May 2010,0.07990,0.08001
Week 3,18 May 2010,0.07761,0.07773
Week 4,25 May 2010,0.07697,0.07709

Week 1,01 Jun 2010,0.07747,0.07759
Week 2,08 Jun 2010,0.07816,0.07827
Week 3,15 Jun 2010,0.07942,0.07950
Week 4,22 Jun 2010,0.07920,0.07932

Week 1,29 Jun 2010,0.07727,0.07738
Week 2,06 Jul 2010,0.07760,0.07771
Week 3,13 Jul 2010,0.07798,0.07808
Week 4,20 Jul 2010,0.07809,0.07820

Week 1,27 Jul 2010,0.07885,0.07895
Week 2,03 Aug 2010,0.07926,0.07936
Week 3,10 Aug 2010,0.07864,0.07875
Week 4,17 Aug 2010,0.07872,0.07882

Week 1,24 Aug 2010,0.07703,0.07713
Week 2,31 Aug 2010,0.07662,0.07672
Week 3,07 Sep 2010,0.07702,0.07712
Week 4,14 Sep 2010,0.07794,0.07806

Week 1,21 Sep 2010,0.07902,0.07912
Week 2,28 Sep 2010,0.07978,0.07988
Week 3,05 Oct 2010,0.08001,0.08012
Week 4,12 Oct 2010,0.08047,0.08058

Week 1,19 Oct 2010,0.08058,0.08069
Week 2,26 Oct 2010,0.08075,0.08088
Week 3,02 Nov 2010,0.08147,0.08165
Week 4,09 Nov 2010,0.08136,0.08154

Week 1,16 Nov 2010,0.08112,0.08130
Week 2,23 Nov 2010,0.08052,0.08069
Week 3,30 Nov 2010,0.08054,0.08072
Week 4,07 Dec 2010,0.08035,0.08053

Week 1,14 Dec 2010,0.08048,0.08065
Week 2,21 Dec 2010,0.08077,0.08096
Week 3,28 Dec 2010,0.08080,0.08100
Week 4,04 Jan 2011,0.08158,0.08176

Week 1,11 Jan 2011,0.08244,0.08262
Week 2,18 Jan 2011,0.08290,0.08308
Week 3,25 Jan 2011,0.08256,0.08274
Week 4,01 Feb 2011,0.08297,0.08315

Week 1,08 Feb 2011,0.08298,0.08316
Week 2,15 Feb 2011,0.08289,0.08306
Week 3,22 Feb 2011,0.08243,0.08260
Week 4,01 Mar 2011,0.08286,0.08301

Week 1,08 Mar 2011,0.08345,0.08363
Week 2,15 Mar 2011,0.08302,0.08321
Week 3,22 Mar 2011,0.08333,0.08351
Week 4,29 Mar 2011,0.08391,0.08409

Week 1,05 Apr 2011,0.08475,0.08494
Week 2,12 Apr 2011,0.08511,0.08530
Week 3,19 Apr 2011,0.08580,0.08600
Week 4,26 Apr 2011,0.08650,0.08670

Week 1,03 May 2011,0.08604,0.08624
Week 2,10 May 2011,0.08570,0.08588
Week 3,17 May 2011,0.08547,0.08565
Week 4,24 May 2011,0.08565,0.08583

Week 1,31 May 2011,0.08586,0.08605
Week 2,07 Jun 2011,0.08459,0.08478
Week 3,14 Jun 2011,0.08399,0.08417
Week 4,21 Jun 2011,0.08420,0.08439

Week 1,28 Jun 2011,0.08505,0.08524
Week 2,05 Jul 2011,0.08604,0.08623
Week 3,12 Jul 2011,0.08513,0.08532
Week 4,19 Jul 2011,0.08564,0.08582

Week 1,26 Jul 2011,0.08550,0.08569
Week 2,02 Aug 2011,0.08406,0.08427
Week 3,09 Aug 2011,0.08124,0.08143
Week 4,16 Aug 2011,0.08143,0.08160

Week 1,23 Aug 2011,0.08052,0.08068
Week 2,30 Aug 2011,0.08053,0.08069
Week 3,06 Sep 2011,0.07954,0.07970
Week 4,13 Sep 2011,0.07723,0.07738

Week 1,20 Sep 2011,0.07405,0.07421
Week 2,27 Sep 2011,0.07317,0.07332
Week 3,04 Oct 2011,0.07322,0.07337
Week 4,11 Oct 2011,0.07509,0.07526

Week 1,18 Oct 2011,0.07387,0.07403
Week 2,25 Oct 2011,0.07534,0.07551
Week 3,01 Nov 2011,0.07432,0.07449
Week 4,08 Nov 2011,0.07403,0.07419

Week 1,15 Nov 2011,0.07327,0.07343
Week 2,22 Nov 2011,0.07085,0.07098
Week 3,29 Nov 2011,0.07265,0.07281
Week 4,06 Dec 2011,0.07368,0.07384

Week 1,13 Dec 2011,0.07219,0.07234
Week 2,20 Dec 2011,0.07223,0.07238
Week 3,27 Dec 2011,0.07165,0.07181
Week 4,03 Jan 2012,0.07257,0.07272

Week 1,10 Jan 2012,0.07332,0.07347
Week 2,17 Jan 2012,0.07492,0.07506
Week 3,24 Jan 2012,0.07666,0.07681
Week 4,31 Jan 2012,0.07781,0.07797

Week 1,07 Feb 2012,0.07850,0.07865
Week 2,14 Feb 2012,0.07819,0.07835
Week 3,21 Feb 2012,0.07799,0.07814
Week 4,28 Feb 2012,0.07798,0.07813

Week 1,06 Mar 2012,0.07819,0.07834
Week 2,13 Mar 2012,0.07890,0.07907
Week 3,20 Mar 2012,0.07851,0.07868
Week 4,27 Mar 2012,0.07831,0.07847

Week 1,03 Apr 2012,0.07769,0.07785
Week 2,10 Apr 2012,0.07622,0.07637
Week 3,17 Apr 2012,0.07597,0.07612
Week 4,24 Apr 2012,0.07625,0.07641

Week 1,01 May 2012,0.07665,0.07681
Week 2,08 May 2012,0.07437,0.07452
Week 3,15 May 2012,0.07255,0.07268
Week 4,22 May 2012,0.07172,0.07185

Week 1,29 May 2012,0.07057,0.07070
Week 2,05 Jun 2012,0.07095,0.07108
Week 3,12 Jun 2012,0.07160,0.07173
Week 4,19 Jun 2012,0.07234,0.07247

Week 1,26 Jun 2012,0.07341,0.07355
Week 2,03 Jul 2012,0.07476,0.07486
Week 3,10 Jul 2012,0.07484,0.07494
Week 4,17 Jul 2012,0.07540,0.07550

Week 1,24 Jul 2012,0.07433,0.07442
Week 2,31 Jul 2012,0.07543,0.07552
Week 3,07 Aug 2012,0.07610,0.07619
Week 4,14 Aug 2012,0.07605,0.07615

Week 1,21 Aug 2012,0.07602,0.07611
Week 2,28 Aug 2012,0.07550,0.07559
Week 3,04 Sep 2012,0.07636,0.07645
Week 4,11 Sep 2012,0.07755,0.07764

Week 1,18 Sep 2012,0.07789,0.07799
Week 2,25 Sep 2012,0.07763,0.07773
Week 3,02 Oct 2012,0.07801,0.07810
Week 4,09 Oct 2012,0.07767,0.07777

Week 1,16 Oct 2012,0.07781,0.07791
Week 2,23 Oct 2012,0.07711,0.07719
Week 3,30 Oct 2012,0.07659,0.07668
Week 4,06 Nov 2012,0.07631,0.07639

Week 1,13 Nov 2012,0.07573,0.07581
Week 2,20 Nov 2012,0.07676,0.07684
Week 3,27 Nov 2012,0.07703,0.07710
Week 4,04 Dec 2012,0.07746,0.07753

Week 1,11 Dec 2012,0.07827,0.07835
Week 2,18 Dec 2012,0.07803,0.07809
Week 3,25 Dec 2012,0.07692,0.07698
Week 4,01 Jan 2013,0.07796,0.07801

Week 1,08 Jan 2013,0.07870,0.07875
Week 2,15 Jan 2013,0.07912,0.07917
Week 3,22 Jan 2013,0.07885,0.07889
Week 4,29 Jan 2013,0.07878,0.07883

Week 1,05 Feb 2013,0.07877,0.07882
Week 2,12 Feb 2013,0.07867,0.07873
Week 3,19 Feb 2013,0.07869,0.07875
Week 4,26 Feb 2013,0.07825,0.07831

Week 1,05 Mar 2013,0.07864,0.07869
Week 2,12 Mar 2013,0.08019,0.08024
Week 3,19 Mar 2013,0.08064,0.08070
Week 4,26 Mar 2013,0.08102,0.08109

Week 1,02 Apr 2013,0.08144,0.08150
Week 2,09 Apr 2013,0.08255,0.08261
Week 3,16 Apr 2013,0.08182,0.08188
Week 4,23 Apr 2013,0.08193,0.08200

Week 1,30 Apr 2013,0.08236,0.08243
Week 2,07 May 2013,0.08290,0.08297
Week 3,14 May 2013,0.08166,0.08172
Week 4,21 May 2013,0.08046,0.08052

Week 1,28 May 2013,0.07882,0.07888
Week 2,04 Jun 2013,0.07818,0.07824
Week 3,11 Jun 2013,0.07818,0.07825
Week 4,18 Jun 2013,0.07631,0.07637

Week 1,25 Jun 2013,0.07626,0.07632
Week 2,02 Jul 2013,0.07689,0.07696
Week 3,09 Jul 2013,0.07767,0.07774
Week 4,16 Jul 2013,0.07943,0.07950

Week 1,23 Jul 2013,0.07938,0.07945
Week 2,30 Jul 2013,0.07851,0.07858
Week 3,06 Aug 2013,0.07908,0.07915
Week 4,13 Aug 2013,0.07818,0.07825

Week 1,20 Aug 2013,0.07668,0.07674
Week 2,27 Aug 2013,0.07525,0.07531
Week 3,03 Sep 2013,0.07519,0.07526
Week 4,10 Sep 2013,0.07640,0.07646

Week 1,17 Sep 2013,0.07784,0.07790
Week 2,24 Sep 2013,0.07684,0.07690
Week 3,01 Oct 2013,0.07612,0.07618
Week 4,08 Oct 2013,0.07635,0.07641

Week 1,15 Oct 2013,0.07751,0.07758
Week 2,22 Oct 2013,0.07738,0.07744
Week 3,29 Oct 2013,0.07706,0.07713
Week 4,05 Nov 2013,0.07610,0.07616

Week 1,12 Nov 2013,0.07654,0.07660
Week 2,19 Nov 2013,0.07702,0.07708
Week 3,26 Nov 2013,0.07643,0.07649
Week 4,03 Dec 2013,0.07653,0.07660

Week 1,10 Dec 2013,0.07743,0.07749
Week 2,17 Dec 2013,0.07714,0.07721
Week 3,24 Dec 2013,0.07670,0.07676
Week 4,31 Dec 2013,0.07634,0.07640

Week 1,07 Jan 2014,0.07660,0.07666
Week 2,14 Jan 2014,0.07587,0.07593
Week 3,21 Jan 2014,0.07483,0.07488
Week 4,28 Jan 2014,0.07485,0.07491

Week 1,04 Feb 2014,0.07501,0.07507
Week 2,11 Feb 2014,0.07526,0.07532
Week 3,18 Feb 2014,0.07538,0.07543
Week 4,25 Feb 2014,0.07537,0.07542

Week 1,04 Mar 2014,0.07555,0.07560
Week 2,11 Mar 2014,0.07552,0.07558
Week 3,18 Mar 2014,0.07561,0.07567
Week 4,25 Mar 2014,0.07620,0.07626

Week 1,01 Apr 2014,0.07656,0.07662
Week 2,08 Apr 2014,0.07672,0.07677
Week 3,15 Apr 2014,0.07654,0.07661
Week 4,22 Apr 2014,0.07637,0.07643

Week 1,29 Apr 2014,0.07650,0.07656
Week 2,06 May 2014,0.07700,0.07706
Week 3,13 May 2014,0.07735,0.07740
Week 4,20 May 2014,0.07755,0.07761

Week 1,27 May 2014,0.07772,0.07778
Week 2,03 Jun 2014,0.07741,0.07747
Week 3,10 Jun 2014,0.07686,0.07691
Week 4,17 Jun 2014,0.07675,0.07681

Week 1,24 Jun 2014,0.07688,0.07694
Week 2,01 Jul 2014,0.07706,0.07712
Week 3,08 Jul 2014,0.07694,0.07700
Week 4,15 Jul 2014,0.07716,0.07722

Week 1,22 Jul 2014,0.07719,0.07725
Week 2,29 Jul 2014,0.07619,0.07624
Week 3,05 Aug 2014,0.07547,0.07551
Week 4,12 Aug 2014,0.07618,0.07623

Week 1,19 Aug 2014,0.07632,0.07638
Week 2,26 Aug 2014,0.07631,0.07637
Week 3,02 Sep 2014,0.07641,0.07645
Week 4,09 Sep 2014,0.07572,0.07578

Week 1,16 Sep 2014,0.07561,0.07567
Week 2,23 Sep 2014,0.07490,0.07495
Week 3,30 Sep 2014,0.07427,0.07432
Week 4,07 Oct 2014,0.07440,0.07445

Week 1,14 Oct 2014,0.07405,0.07410
Week 2,21 Oct 2014,0.07380,0.07385
Week 3,28 Oct 2014,0.07412,0.07417
Week 4,04 Nov 2014,0.07367,0.07372

Week 1,11 Nov 2014,0.07369,0.07373
Week 2,18 Nov 2014,0.07351,0.07356
Week 3,25 Nov 2014,0.07260,0.07265
Week 4,02 Dec 2014,0.07062,0.07066

Week 1,09 Dec 2014,0.06854,0.06859
Week 2,16 Dec 2014,0.06823,0.06828
Week 3,23 Dec 2014,0.06800,0.06806
Week 4,30 Dec 2014,0.06766,0.06771

Week 1,06 Jan 2015,0.06782,0.06787
Week 2,13 Jan 2015,0.06850,0.06854
Week 3,20 Jan 2015,0.06821,0.06826
Week 4,27 Jan 2015,0.06763,0.06768

Week 1,03 Feb 2015,0.06741,0.06746
Week 2,10 Feb 2015,0.06701,0.06706
Week 3,17 Feb 2015,0.06684,0.06689
Week 4,24 Feb 2015,0.06674,0.06678

Week 1,03 Mar 2015,0.06581,0.06586
Week 2,10 Mar 2015,0.06452,0.06456
Week 3,17 Mar 2015,0.06556,0.06561
Week 4,24 Mar 2015,0.06631,0.06636

Week 1,31 Mar 2015,0.06639,0.06644
Week 2,07 Apr 2015,0.06654,0.06658
Week 3,14 Apr 2015,0.06538,0.06543
Week 4,21 Apr 2015,0.06492,0.06496

Week 1,28 Apr 2015,0.06494,0.06498
Week 2,05 May 2015,0.06533,0.06537
Week 3,12 May 2015,0.06594,0.06598
Week 4,19 May 2015,0.06580,0.06585

Week 1,26 May 2015,0.06523,0.06527
Week 2,02 Jun 2015,0.06425,0.06429
Week 3,09 Jun 2015,0.06452,0.06456
Week 4,16 Jun 2015,0.06507,0.06511

Week 1,23 Jun 2015,0.06465,0.06469
Week 2,30 Jun 2015,0.06361,0.06366
Week 3,07 Jul 2015,0.06341,0.06346
Week 4,14 Jul 2015,0.06324,0.06328

Week 1,21 Jul 2015,0.06200,0.06204
Week 2,28 Jul 2015,0.06163,0.06167
Week 3,04 Aug 2015,0.06162,0.06166
Week 4,11 Aug 2015,0.06127,0.06131

Week 1,18 Aug 2015,0.05992,0.05996
Week 2,25 Aug 2015,0.05898,0.05902
Week 3,01 Sep 2015,0.05924,0.05928
Week 4,08 Sep 2015,0.05932,0.05936

Week 1,15 Sep 2015,0.06002,0.06006
Week 2,22 Sep 2015,0.05915,0.05919
Week 3,29 Sep 2015,0.05915,0.05919
Week 4,06 Oct 2015,0.06032,0.06036

Week 1,13 Oct 2015,0.06071,0.06075
Week 2,20 Oct 2015,0.06041,0.06044
Week 3,27 Oct 2015,0.06040,0.06044
Week 4,03 Nov 2015,0.06021,0.06025

Week 1,10 Nov 2015,0.05972,0.05976
Week 2,17 Nov 2015,0.06002,0.06006
Week 3,24 Nov 2015,0.06034,0.06038
Week 4,01 Dec 2015,0.06017,0.06020

Week 1,08 Dec 2015,0.05839,0.05842
Week 2,15 Dec 2015,0.05829,0.05833
Week 3,22 Dec 2015,0.05810,0.05815
Week 4,29 Dec 2015,0.05794,0.05798

Week 1,05 Jan 2016,0.05673,0.05677
Week 2,12 Jan 2016,0.05547,0.05551
Week 3,19 Jan 2016,0.05433,0.05436
Week 4,26 Jan 2016,0.05452,0.05456

Week 1,02 Feb 2016,0.05451,0.05455
Week 2,09 Feb 2016,0.05301,0.05305
Week 3,16 Feb 2016,0.05411,0.05415
Week 4,23 Feb 2016,0.05495,0.05498

Week 1,01 Mar 2016,0.05579,0.05583
Week 2,08 Mar 2016,0.05625,0.05629
Week 3,15 Mar 2016,0.05685,0.05690
Week 4,22 Mar 2016,0.05711,0.05717

Week 1,29 Mar 2016,0.05758,0.05765
Week 2,05 Apr 2016,0.05653,0.05658
Week 3,12 Apr 2016,0.05696,0.05702
Week 4,19 Apr 2016,0.05735,0.05740

Week 1,26 Apr 2016,0.05770,0.05774
Week 2,03 May 2016,0.05660,0.05665
Week 3,10 May 2016,0.05534,0.05539
Week 4,17 May 2016,0.05449,0.05454

Week 1,24 May 2016,0.05416,0.05421
Week 2,31 May 2016,0.05390,0.05394
Week 3,07 Jun 2016,0.05411,0.05416
Week 4,14 Jun 2016,0.05299,0.05303

Week 1,21 Jun 2016,0.05342,0.05348
Week 2,28 Jun 2016,0.05373,0.05379
Week 3,05 Jul 2016,0.05367,0.05375
Week 4,12 Jul 2016,0.05416,0.05423

Week 1,19 Jul 2016,0.05391,0.05394
Week 2,26 Jul 2016,0.05325,0.05329
Week 3,02 Aug 2016,0.05305,0.05311
Week 4,09 Aug 2016,0.05437,0.05442

Week 1,16 Aug 2016,0.05503,0.05509
Week 2,23 Aug 2016,0.05417,0.05424
Week 3,30 Aug 2016,0.05350,0.05356
Week 4,06 Sep 2016,0.05368,0.05374

Week 1,13 Sep 2016,0.05181,0.05186
Week 2,20 Sep 2016,0.05069,0.05075
Week 3,27 Sep 2016,0.05124,0.05131
Week 4,04 Oct 2016,0.05180,0.05187

Week 1,11 Oct 2016,0.05271,0.05276
Week 2,18 Oct 2016,0.05354,0.05361
Week 3,25 Oct 2016,0.05331,0.05336
Week 4,01 Nov 2016,0.05232,0.05239

Week 1,08 Nov 2016,0.05027,0.05035
Week 2,15 Nov 2016,0.04870,0.04877
Week 3,22 Nov 2016,0.04846,0.04853
Week 4,29 Nov 2016,0.04844,0.04850

Week 1,06 Dec 2016,0.04893,0.04898
Week 2,13 Dec 2016,0.04907,0.04913
Week 3,20 Dec 2016,0.04861,0.04868
Week 4,27 Dec 2016,0.04829,0.04836

Week 1,03 Jan 2017,0.04730,0.04735
Week 2,10 Jan 2017,0.04632,0.04636
Week 3,17 Jan 2017,0.04609,0.04615
Week 4,24 Jan 2017,0.04717,0.04723

Week 1,31 Jan 2017,0.04850,0.04857
Week 2,07 Feb 2017,0.04888,0.04894
Week 3,14 Feb 2017,0.04909,0.04916
Week 4,21 Feb 2017,0.04991,0.04995

Week 1,28 Feb 2017,0.05049,0.05054
Week 2,07 Mar 2017,0.05094,0.05099
Week 3,14 Mar 2017,0.05171,0.05174
Week 4,21 Mar 2017,0.05276,0.05279

Week 1,28 Mar 2017,0.05319,0.05326
Week 2,04 Apr 2017,0.05333,0.05340
Week 3,11 Apr 2017,0.05367,0.05375
Week 4,18 Apr 2017,0.05341,0.05348

Week 1,25 Apr 2017,0.05295,0.05301
Week 2,02 May 2017,0.05287,0.05294
Week 3,09 May 2017,0.05272,0.05279
Week 4,16 May 2017,0.05331,0.05338

Week 1,23 May 2017,0.05387,0.05394
Week 2,30 May 2017,0.05365,0.05371
Week 3,06 Jun 2017,0.05473,0.05479
Week 4,13 Jun 2017,0.05546,0.05554

Week 1,20 Jun 2017,0.05533,0.05540
Week 2,27 Jun 2017,0.05551,0.05558
Week 3,04 Jul 2017,0.05494,0.05502
Week 4,11 Jul 2017,0.05630,0.05634

Week 1,18 Jul 2017,0.05689,0.05693
Week 2,25 Jul 2017,0.05639,0.05645
Week 3,01 Aug 2017,0.05599,0.05604
Week 4,08 Aug 2017,0.05585,0.05589

Week 1,15 Aug 2017,0.05629,0.05634
Week 2,22 Aug 2017,0.05657,0.05662
Week 3,29 Aug 2017,0.05610,0.05613
Week 4,05 Sep 2017,0.05625,0.05629

Week 1,12 Sep 2017,0.05650,0.05653
Week 2,19 Sep 2017,0.05626,0.05630
Week 3,26 Sep 2017,0.05521,0.05524
Week 4,03 Oct 2017,0.05440,0.05444

Week 1,10 Oct 2017,0.05319,0.05324
Week 2,17 Oct 2017,0.05278,0.05282
Week 3,24 Oct 2017,0.05227,0.05231
Week 4,31 Oct 2017,0.05221,0.05224

Week 1,07 Nov 2017,0.05236,0.05237
Week 2,14 Nov 2017,0.05243,0.05246
Week 3,21 Nov 2017,0.05339,0.05344
Week 4,28 Nov 2017,0.05377,0.05380

Week 1,05 Dec 2017,0.05344,0.05346

