RUB->ZAR

Week 1,01 Dec 1998,0.28824,0.29253
Week 2,08 Dec 1998,0.28050,0.28585
Week 3,15 Dec 1998,0.27033,0.27407
Week 4,22 Dec 1998,0.28038,0.28473

Week 1,29 Dec 1998,0.26708,0.28169
Week 2,05 Jan 1999,0.24846,0.25270
Week 3,12 Jan 1999,0.26285,0.26617
Week 4,19 Jan 1999,0.25988,0.26238

Week 1,26 Jan 1999,0.26116,0.26304
Week 2,02 Feb 1999,0.25653,0.25824
Week 3,09 Feb 1999,0.26301,0.26476
Week 4,16 Feb 1999,0.26774,0.26992

Week 1,23 Feb 1999,0.26739,0.26958
Week 2,02 Mar 1999,0.26555,0.26718
Week 3,09 Mar 1999,0.26261,0.26457
Week 4,16 Mar 1999,0.25834,0.26028

Week 1,23 Mar 1999,0.23623,0.24088
Week 2,30 Mar 1999,0.23796,0.24092
Week 3,06 Apr 1999,0.23606,0.23887
Week 4,13 Apr 1999,0.23691,0.23866

Week 1,20 Apr 1999,0.24182,0.24490
Week 2,27 Apr 1999,0.24447,0.24721
Week 3,04 May 1999,0.25053,0.25354
Week 4,11 May 1999,0.24400,0.24857

Week 1,18 May 1999,0.24930,0.25096
Week 2,25 May 1999,0.25306,0.25453
Week 3,01 Jun 1999,0.24909,0.25024
Week 4,08 Jun 1999,0.24725,0.24890

Week 1,15 Jun 1999,0.24579,0.24736
Week 2,22 Jun 1999,0.24671,0.24846
Week 3,29 Jun 1999,0.24540,0.24723
Week 4,06 Jul 1999,0.24668,0.24891

Week 1,13 Jul 1999,0.25126,0.25297
Week 2,20 Jul 1999,0.25040,0.25242
Week 3,27 Jul 1999,0.25338,0.25454
Week 4,03 Aug 1999,0.25371,0.25439

Week 1,10 Aug 1999,0.24620,0.24809
Week 2,17 Aug 1999,0.24509,0.24691
Week 3,24 Aug 1999,0.24452,0.24609
Week 4,31 Aug 1999,0.23523,0.23696

Week 1,07 Sep 1999,0.23344,0.23568
Week 2,14 Sep 1999,0.23794,0.24003
Week 3,21 Sep 1999,0.23786,0.23917
Week 4,28 Sep 1999,0.23512,0.23748

Week 1,05 Oct 1999,0.23354,0.23467
Week 2,12 Oct 1999,0.23692,0.23751
Week 3,19 Oct 1999,0.23709,0.23825
Week 4,26 Oct 1999,0.23543,0.23645

Week 1,02 Nov 1999,0.23218,0.23366
Week 2,09 Nov 1999,0.23254,0.23347
Week 3,16 Nov 1999,0.23201,0.23290
Week 4,23 Nov 1999,0.23119,0.23215

Week 1,30 Nov 1999,0.23102,0.23284
Week 2,07 Dec 1999,0.22785,0.22871
Week 3,14 Dec 1999,0.22841,0.22911
Week 4,21 Dec 1999,0.22858,0.22935

Week 1,28 Dec 1999,0.22395,0.22474
Week 2,04 Jan 2000,0.22073,0.22220
Week 3,11 Jan 2000,0.21229,0.21321
Week 4,18 Jan 2000,0.21363,0.21424

Week 1,25 Jan 2000,0.21821,0.21888
Week 2,01 Feb 2000,0.21790,0.21850
Week 3,08 Feb 2000,0.21926,0.21999
Week 4,15 Feb 2000,0.21936,0.21978

Week 1,22 Feb 2000,0.21873,0.21935
Week 2,29 Feb 2000,0.22317,0.22377
Week 3,07 Mar 2000,0.22518,0.22574
Week 4,14 Mar 2000,0.22652,0.22710

Week 1,21 Mar 2000,0.22798,0.22857
Week 2,28 Mar 2000,0.22827,0.22888
Week 3,04 Apr 2000,0.22853,0.22908
Week 4,11 Apr 2000,0.23017,0.23082

Week 1,18 Apr 2000,0.23287,0.23369
Week 2,25 Apr 2000,0.23796,0.23864
Week 3,02 May 2000,0.24209,0.24267
Week 4,09 May 2000,0.24725,0.24791

Week 1,16 May 2000,0.25109,0.25177
Week 2,23 May 2000,0.25118,0.25195
Week 3,30 May 2000,0.24599,0.24676
Week 4,06 Jun 2000,0.24617,0.24703

Week 1,13 Jun 2000,0.24338,0.24414
Week 2,20 Jun 2000,0.24398,0.24473
Week 3,27 Jun 2000,0.24213,0.24277
Week 4,04 Jul 2000,0.24342,0.24399

Week 1,11 Jul 2000,0.24553,0.24603
Week 2,18 Jul 2000,0.25015,0.25065
Week 3,25 Jul 2000,0.25021,0.25075
Week 4,01 Aug 2000,0.25079,0.25137

Week 1,08 Aug 2000,0.25017,0.25074
Week 2,15 Aug 2000,0.24946,0.24997
Week 3,22 Aug 2000,0.25028,0.25082
Week 4,29 Aug 2000,0.25019,0.25073

Week 1,05 Sep 2000,0.25334,0.25388
Week 2,12 Sep 2000,0.25732,0.25786
Week 3,19 Sep 2000,0.26122,0.26177
Week 4,26 Sep 2000,0.26154,0.26211

Week 1,03 Oct 2000,0.25976,0.26031
Week 2,10 Oct 2000,0.26627,0.26682
Week 3,17 Oct 2000,0.27213,0.27268
Week 4,24 Oct 2000,0.27306,0.27361

Week 1,31 Oct 2000,0.27015,0.27071
Week 2,07 Nov 2000,0.27425,0.27481
Week 3,14 Nov 2000,0.27646,0.27701
Week 4,21 Nov 2000,0.27942,0.27998

Week 1,28 Nov 2000,0.27613,0.27669
Week 2,05 Dec 2000,0.27277,0.27332
Week 3,12 Dec 2000,0.27536,0.27589
Week 4,19 Dec 2000,0.27196,0.27249

Week 1,26 Dec 2000,0.26615,0.26669
Week 2,02 Jan 2001,0.26474,0.26523
Week 3,09 Jan 2001,0.27456,0.27508
Week 4,16 Jan 2001,0.27673,0.27728

Week 1,23 Jan 2001,0.27710,0.27765
Week 2,30 Jan 2001,0.27323,0.27370
Week 3,06 Feb 2001,0.27499,0.27552
Week 4,13 Feb 2001,0.27375,0.27431

Week 1,20 Feb 2001,0.27116,0.27170
Week 2,27 Feb 2001,0.26916,0.26970
Week 3,06 Mar 2001,0.27129,0.27184
Week 4,13 Mar 2001,0.27452,0.27506

Week 1,20 Mar 2001,0.27772,0.27826
Week 2,27 Mar 2001,0.27824,0.27877
Week 3,03 Apr 2001,0.28029,0.28080
Week 4,10 Apr 2001,0.27824,0.27878

Week 1,17 Apr 2001,0.28085,0.28140
Week 2,24 Apr 2001,0.27773,0.27825
Week 3,01 May 2001,0.27718,0.27772
Week 4,08 May 2001,0.27478,0.27535

Week 1,15 May 2001,0.27326,0.27379
Week 2,22 May 2001,0.27157,0.27208
Week 3,29 May 2001,0.27424,0.27474
Week 4,05 Jun 2001,0.27592,0.27640

Week 1,12 Jun 2001,0.27615,0.27665
Week 2,19 Jun 2001,0.27631,0.27681
Week 3,26 Jun 2001,0.27570,0.27621
Week 4,03 Jul 2001,0.27838,0.27883

Week 1,10 Jul 2001,0.28240,0.28292
Week 2,17 Jul 2001,0.28162,0.28211
Week 3,24 Jul 2001,0.27976,0.28022
Week 4,31 Jul 2001,0.28090,0.28137

Week 1,07 Aug 2001,0.28138,0.28184
Week 2,14 Aug 2001,0.28173,0.28220
Week 3,21 Aug 2001,0.28465,0.28509
Week 4,28 Aug 2001,0.28546,0.28593

Week 1,04 Sep 2001,0.28744,0.28797
Week 2,11 Sep 2001,0.29126,0.29151
Week 3,18 Sep 2001,0.29576,0.29593
Week 4,25 Sep 2001,0.30275,0.30303

Week 1,02 Oct 2001,0.31337,0.31365
Week 2,09 Oct 2001,0.31140,0.31178
Week 3,16 Oct 2001,0.31149,0.31188
Week 4,23 Oct 2001,0.31738,0.31781

Week 1,30 Oct 2001,0.31823,0.31869
Week 2,06 Nov 2001,0.32121,0.32167
Week 3,13 Nov 2001,0.32301,0.32345
Week 4,20 Nov 2001,0.33119,0.33157

Week 1,27 Nov 2001,0.33802,0.33885
Week 2,04 Dec 2001,0.36122,0.36252
Week 3,11 Dec 2001,0.38992,0.39132
Week 4,18 Dec 2001,0.41126,0.41414

Week 1,25 Dec 2001,0.39247,0.39790
Week 2,01 Jan 2002,0.39666,0.40007
Week 3,08 Jan 2002,0.37495,0.37699
Week 4,15 Jan 2002,0.37551,0.37798

Week 1,22 Jan 2002,0.37130,0.37373
Week 2,29 Jan 2002,0.37417,0.37624
Week 3,05 Feb 2002,0.37149,0.37371
Week 4,12 Feb 2002,0.37096,0.37272

Week 1,19 Feb 2002,0.36906,0.37055
Week 2,26 Feb 2002,0.36675,0.36807
Week 3,05 Mar 2002,0.36495,0.36697
Week 4,12 Mar 2002,0.37541,0.37812

Week 1,19 Mar 2002,0.37100,0.37344
Week 2,26 Mar 2002,0.36491,0.36635
Week 3,02 Apr 2002,0.35740,0.35898
Week 4,09 Apr 2002,0.35771,0.35955

Week 1,16 Apr 2002,0.35653,0.35810
Week 2,23 Apr 2002,0.34550,0.34733
Week 3,30 Apr 2002,0.33644,0.33790
Week 4,07 May 2002,0.32714,0.32885

Week 1,14 May 2002,0.32200,0.32323
Week 2,21 May 2002,0.32054,0.32159
Week 3,28 May 2002,0.31245,0.31392
Week 4,04 Jun 2002,0.31252,0.31351

Week 1,11 Jun 2002,0.32633,0.32765
Week 2,18 Jun 2002,0.32788,0.32927
Week 3,25 Jun 2002,0.32751,0.32897
Week 4,02 Jul 2002,0.31952,0.32115

Week 1,09 Jul 2002,0.31680,0.31815
Week 2,16 Jul 2002,0.31625,0.31745
Week 3,23 Jul 2002,0.32209,0.32337
Week 4,30 Jul 2002,0.32281,0.32421

Week 1,06 Aug 2002,0.33116,0.33233
Week 2,13 Aug 2002,0.33390,0.33501
Week 3,20 Aug 2002,0.34208,0.34317
Week 4,27 Aug 2002,0.33467,0.33588

Week 1,03 Sep 2002,0.33406,0.33537
Week 2,10 Sep 2002,0.33203,0.33367
Week 3,17 Sep 2002,0.33448,0.33562
Week 4,24 Sep 2002,0.33395,0.33503

Week 1,01 Oct 2002,0.32828,0.32959
Week 2,08 Oct 2002,0.33038,0.33221
Week 3,15 Oct 2002,0.32698,0.32839
Week 4,22 Oct 2002,0.31922,0.32043

Week 1,29 Oct 2002,0.31493,0.31655
Week 2,05 Nov 2002,0.30787,0.30939
Week 3,12 Nov 2002,0.30451,0.30600
Week 4,19 Nov 2002,0.29933,0.30101

Week 1,26 Nov 2002,0.29018,0.29180
Week 2,03 Dec 2002,0.28790,0.28928
Week 3,10 Dec 2002,0.27770,0.27910
Week 4,17 Dec 2002,0.27920,0.28020

Week 1,24 Dec 2002,0.27611,0.27742
Week 2,31 Dec 2002,0.26598,0.26748
Week 3,07 Jan 2003,0.26765,0.26890
Week 4,14 Jan 2003,0.27567,0.27700

Week 1,21 Jan 2003,0.27694,0.27872
Week 2,28 Jan 2003,0.26915,0.27027
Week 3,04 Feb 2003,0.26332,0.26472
Week 4,11 Feb 2003,0.26341,0.26518

Week 1,18 Feb 2003,0.25876,0.26031
Week 2,25 Feb 2003,0.25535,0.25701
Week 3,04 Mar 2003,0.25115,0.25247
Week 4,11 Mar 2003,0.25656,0.25785

Week 1,18 Mar 2003,0.26032,0.26173
Week 2,25 Mar 2003,0.25393,0.25581
Week 3,01 Apr 2003,0.25232,0.25335
Week 4,08 Apr 2003,0.25077,0.25194

Week 1,15 Apr 2003,0.24484,0.24585
Week 2,22 Apr 2003,0.23583,0.23683
Week 3,29 Apr 2003,0.23488,0.23619
Week 4,06 May 2003,0.23161,0.23288

Week 1,13 May 2003,0.24657,0.24777
Week 2,20 May 2003,0.25441,0.25556
Week 3,27 May 2003,0.26119,0.26233
Week 4,03 Jun 2003,0.26194,0.26288

Week 1,10 Jun 2003,0.25743,0.25874
Week 2,17 Jun 2003,0.25834,0.25990
Week 3,24 Jun 2003,0.25094,0.25216
Week 4,01 Jul 2003,0.24631,0.24804

Week 1,08 Jul 2003,0.24921,0.25045
Week 2,15 Jul 2003,0.25167,0.25264
Week 3,22 Jul 2003,0.24653,0.24802
Week 4,29 Jul 2003,0.24339,0.24454

Week 1,05 Aug 2003,0.24178,0.24334
Week 2,12 Aug 2003,0.24186,0.24361
Week 3,19 Aug 2003,0.24399,0.24532
Week 4,26 Aug 2003,0.24100,0.24268

Week 1,02 Sep 2003,0.23993,0.24123
Week 2,09 Sep 2003,0.24132,0.24252
Week 3,16 Sep 2003,0.24086,0.24204
Week 4,23 Sep 2003,0.23468,0.23552

Week 1,30 Sep 2003,0.22697,0.22794
Week 2,07 Oct 2003,0.22857,0.22993
Week 3,14 Oct 2003,0.23487,0.23578
Week 4,21 Oct 2003,0.23355,0.23460

Week 1,28 Oct 2003,0.22990,0.23079
Week 2,04 Nov 2003,0.23271,0.23376
Week 3,11 Nov 2003,0.22726,0.22822
Week 4,18 Nov 2003,0.22003,0.22120

Week 1,25 Nov 2003,0.21615,0.21739
Week 2,02 Dec 2003,0.21187,0.21316
Week 3,09 Dec 2003,0.21656,0.21804
Week 4,16 Dec 2003,0.22696,0.22843

Week 1,23 Dec 2003,0.23064,0.23229
Week 2,30 Dec 2003,0.22513,0.22682
Week 3,06 Jan 2004,0.22447,0.22589
Week 4,13 Jan 2004,0.24790,0.24931

Week 1,20 Jan 2004,0.24876,0.25002
Week 2,27 Jan 2004,0.24602,0.24784
Week 3,03 Feb 2004,0.24291,0.24440
Week 4,10 Feb 2004,0.23517,0.23625

Week 1,17 Feb 2004,0.23279,0.23414
Week 2,24 Feb 2004,0.23166,0.23299
Week 3,02 Mar 2004,0.23406,0.23563
Week 4,09 Mar 2004,0.23275,0.23408

Week 1,16 Mar 2004,0.23363,0.23493
Week 2,23 Mar 2004,0.22913,0.23064
Week 3,30 Mar 2004,0.22299,0.22415
Week 4,06 Apr 2004,0.22139,0.22242

Week 1,13 Apr 2004,0.22502,0.22622
Week 2,20 Apr 2004,0.23061,0.23216
Week 3,27 Apr 2004,0.23714,0.23864
Week 4,04 May 2004,0.23972,0.24130

Week 1,11 May 2004,0.23613,0.23755
Week 2,18 May 2004,0.23253,0.23416
Week 3,25 May 2004,0.22540,0.22721
Week 4,01 Jun 2004,0.22237,0.22341

Week 1,08 Jun 2004,0.22429,0.22566
Week 2,15 Jun 2004,0.22256,0.22418
Week 3,22 Jun 2004,0.21616,0.21764
Week 4,29 Jun 2004,0.21153,0.21308

Week 1,06 Jul 2004,0.20959,0.21104
Week 2,13 Jul 2004,0.20624,0.20753
Week 3,20 Jul 2004,0.20840,0.20970
Week 4,27 Jul 2004,0.21486,0.21609

Week 1,03 Aug 2004,0.21177,0.21309
Week 2,10 Aug 2004,0.21567,0.21663
Week 3,17 Aug 2004,0.22375,0.22512
Week 4,24 Aug 2004,0.22874,0.22977

Week 1,31 Aug 2004,0.22630,0.22783
Week 2,07 Sep 2004,0.22533,0.22682
Week 3,14 Sep 2004,0.22339,0.22495
Week 4,21 Sep 2004,0.21991,0.22103

Week 1,28 Sep 2004,0.21985,0.22125
Week 2,05 Oct 2004,0.22310,0.22398
Week 3,12 Oct 2004,0.22259,0.22344
Week 4,19 Oct 2004,0.21424,0.21520

Week 1,26 Oct 2004,0.21322,0.21437
Week 2,02 Nov 2004,0.21158,0.21262
Week 3,09 Nov 2004,0.21413,0.21588
Week 4,16 Nov 2004,0.20980,0.21083

Week 1,23 Nov 2004,0.20730,0.20870
Week 2,30 Nov 2004,0.20541,0.20697
Week 3,07 Dec 2004,0.20659,0.20793
Week 4,14 Dec 2004,0.20536,0.20700

Week 1,21 Dec 2004,0.20230,0.20349
Week 2,28 Dec 2004,0.20240,0.20415
Week 3,04 Jan 2005,0.21449,0.21580
Week 4,11 Jan 2005,0.21463,0.21624

Week 1,18 Jan 2005,0.21382,0.21507
Week 2,25 Jan 2005,0.21113,0.21238
Week 3,01 Feb 2005,0.21672,0.21809
Week 4,08 Feb 2005,0.21830,0.21986

Week 1,15 Feb 2005,0.21225,0.21354
Week 2,22 Feb 2005,0.20892,0.21019
Week 3,01 Mar 2005,0.21127,0.21280
Week 4,08 Mar 2005,0.21075,0.21232

Week 1,15 Mar 2005,0.21938,0.22091
Week 2,22 Mar 2005,0.22315,0.22502
Week 3,29 Mar 2005,0.22422,0.22593
Week 4,05 Apr 2005,0.22066,0.22180

Week 1,12 Apr 2005,0.22263,0.22374
Week 2,19 Apr 2005,0.21962,0.22085
Week 3,26 Apr 2005,0.21858,0.21999
Week 4,03 May 2005,0.21597,0.21784

Week 1,10 May 2005,0.22311,0.22477
Week 2,17 May 2005,0.22977,0.23156
Week 3,24 May 2005,0.23336,0.23465
Week 4,31 May 2005,0.23985,0.24156

Week 1,07 Jun 2005,0.23588,0.23743
Week 2,14 Jun 2005,0.23499,0.23652
Week 3,21 Jun 2005,0.23419,0.23493
Week 4,28 Jun 2005,0.23473,0.23583

Week 1,05 Jul 2005,0.23764,0.23879
Week 2,12 Jul 2005,0.23045,0.23171
Week 3,19 Jul 2005,0.22985,0.23197
Week 4,26 Jul 2005,0.23028,0.23142

Week 1,02 Aug 2005,0.22670,0.22803
Week 2,09 Aug 2005,0.22439,0.22574
Week 3,16 Aug 2005,0.22737,0.22860
Week 4,23 Aug 2005,0.22678,0.22811

Week 1,30 Aug 2005,0.22296,0.22416
Week 2,06 Sep 2005,0.22269,0.22446
Week 3,13 Sep 2005,0.22390,0.22568
Week 4,20 Sep 2005,0.22377,0.22497

Week 1,27 Sep 2005,0.22306,0.22424
Week 2,04 Oct 2005,0.22743,0.22880
Week 3,11 Oct 2005,0.22859,0.23016
Week 4,18 Oct 2005,0.22994,0.23109

Week 1,25 Oct 2005,0.23361,0.23568
Week 2,01 Nov 2005,0.23278,0.23453
Week 3,08 Nov 2005,0.23354,0.23494
Week 4,15 Nov 2005,0.23219,0.23333

Week 1,22 Nov 2005,0.22681,0.22833
Week 2,29 Nov 2005,0.22307,0.22457
Week 3,06 Dec 2005,0.21869,0.22019
Week 4,13 Dec 2005,0.22140,0.22292

Week 1,20 Dec 2005,0.22119,0.22269
Week 2,27 Dec 2005,0.21986,0.22157
Week 3,03 Jan 2006,0.21507,0.21721
Week 4,10 Jan 2006,0.21186,0.21336

Week 1,17 Jan 2006,0.21194,0.21334
Week 2,24 Jan 2006,0.21637,0.21719
Week 3,31 Jan 2006,0.21597,0.21714
Week 4,07 Feb 2006,0.21675,0.21821

Week 1,14 Feb 2006,0.21519,0.21661
Week 2,21 Feb 2006,0.21501,0.21649
Week 3,28 Feb 2006,0.21965,0.22018
Week 4,07 Mar 2006,0.22264,0.22399

Week 1,14 Mar 2006,0.22298,0.22446
Week 2,21 Mar 2006,0.22574,0.22726
Week 3,28 Mar 2006,0.22275,0.22424
Week 4,04 Apr 2006,0.21987,0.22134

Week 1,11 Apr 2006,0.22042,0.22194
Week 2,18 Apr 2006,0.21798,0.21947
Week 3,25 Apr 2006,0.22128,0.22265
Week 4,02 May 2006,0.22194,0.22350

Week 1,09 May 2006,0.22646,0.22798
Week 2,16 May 2006,0.23700,0.23856
Week 3,23 May 2006,0.24171,0.24330
Week 4,30 May 2006,0.24561,0.24726

Week 1,06 Jun 2006,0.25006,0.25058
Week 2,13 Jun 2006,0.25255,0.25419
Week 3,20 Jun 2006,0.26613,0.26775
Week 4,27 Jun 2006,0.26789,0.26951

Week 1,04 Jul 2006,0.26462,0.26620
Week 2,11 Jul 2006,0.26539,0.26699
Week 3,18 Jul 2006,0.26324,0.26377
Week 4,25 Jul 2006,0.25816,0.25845

Week 1,01 Aug 2006,0.25647,0.25802
Week 2,08 Aug 2006,0.25296,0.25449
Week 3,15 Aug 2006,0.25667,0.25827
Week 4,22 Aug 2006,0.26566,0.26730

Week 1,29 Aug 2006,0.26735,0.26898
Week 2,05 Sep 2006,0.27209,0.27374
Week 3,12 Sep 2006,0.27437,0.27601
Week 4,19 Sep 2006,0.27952,0.28118

Week 1,26 Sep 2006,0.28663,0.28827
Week 2,03 Oct 2006,0.29079,0.29199
Week 3,10 Oct 2006,0.28282,0.28445
Week 4,17 Oct 2006,0.27963,0.28124

Week 1,24 Oct 2006,0.28068,0.28229
Week 2,31 Oct 2006,0.27658,0.27820
Week 3,07 Nov 2006,0.27255,0.27418
Week 4,14 Nov 2006,0.27133,0.27297

Week 1,21 Nov 2006,0.27056,0.27218
Week 2,28 Nov 2006,0.27204,0.27369
Week 3,05 Dec 2006,0.26975,0.27141
Week 4,12 Dec 2006,0.26503,0.26668

Week 1,19 Dec 2006,0.26560,0.26715
Week 2,26 Dec 2006,0.26583,0.26752
Week 3,02 Jan 2007,0.26758,0.26964
Week 4,09 Jan 2007,0.27288,0.27439

Week 1,16 Jan 2007,0.27001,0.27153
Week 2,23 Jan 2007,0.27052,0.27205
Week 3,30 Jan 2007,0.27222,0.27375
Week 4,06 Feb 2007,0.27112,0.27265

Week 1,13 Feb 2007,0.27331,0.27486
Week 2,20 Feb 2007,0.26990,0.27144
Week 3,27 Feb 2007,0.27700,0.27796
Week 4,06 Mar 2007,0.28119,0.28274

Week 1,13 Mar 2007,0.28399,0.28557
Week 2,20 Mar 2007,0.27960,0.28117
Week 3,27 Mar 2007,0.27860,0.28016
Week 4,03 Apr 2007,0.27530,0.27694

Week 1,10 Apr 2007,0.27588,0.27746
Week 2,17 Apr 2007,0.27381,0.27537
Week 3,24 Apr 2007,0.27272,0.27429
Week 4,01 May 2007,0.27097,0.27253

Week 1,08 May 2007,0.26815,0.26972
Week 2,15 May 2007,0.26966,0.27122
Week 3,22 May 2007,0.27233,0.27388
Week 4,29 May 2007,0.27397,0.27559

Week 1,05 Jun 2007,0.27695,0.27848
Week 2,12 Jun 2007,0.27612,0.27767
Week 3,19 Jun 2007,0.27410,0.27558
Week 4,26 Jun 2007,0.27502,0.27658

Week 1,03 Jul 2007,0.27125,0.27282
Week 2,10 Jul 2007,0.27272,0.27431
Week 3,17 Jul 2007,0.27156,0.27311
Week 4,24 Jul 2007,0.27241,0.27396

Week 1,31 Jul 2007,0.27790,0.27947
Week 2,07 Aug 2007,0.27885,0.28041
Week 3,14 Aug 2007,0.28493,0.28648
Week 4,21 Aug 2007,0.28178,0.28332

Week 1,28 Aug 2007,0.27938,0.28095
Week 2,04 Sep 2007,0.28123,0.28281
Week 3,11 Sep 2007,0.28167,0.28326
Week 4,18 Sep 2007,0.28069,0.28230

Week 1,25 Sep 2007,0.27686,0.27848
Week 2,02 Oct 2007,0.27457,0.27618
Week 3,09 Oct 2007,0.27195,0.27355
Week 4,16 Oct 2007,0.27328,0.27489

Week 1,23 Oct 2007,0.26680,0.26841
Week 2,30 Oct 2007,0.26536,0.26602
Week 3,06 Nov 2007,0.26673,0.26837
Week 4,13 Nov 2007,0.27275,0.27437

Week 1,20 Nov 2007,0.27741,0.27906
Week 2,27 Nov 2007,0.28078,0.28228
Week 3,04 Dec 2007,0.27536,0.27702
Week 4,11 Dec 2007,0.27536,0.27701

Week 1,18 Dec 2007,0.28094,0.28256
Week 2,25 Dec 2007,0.27918,0.28170
Week 3,01 Jan 2008,0.27843,0.28069
Week 4,08 Jan 2008,0.27921,0.28089

Week 1,15 Jan 2008,0.28293,0.28458
Week 2,22 Jan 2008,0.28870,0.29041
Week 3,29 Jan 2008,0.29770,0.29935
Week 4,05 Feb 2008,0.30942,0.31107

Week 1,12 Feb 2008,0.31196,0.31361
Week 2,19 Feb 2008,0.31428,0.31595
Week 3,26 Feb 2008,0.31650,0.31817
Week 4,04 Mar 2008,0.33008,0.33178

Week 1,11 Mar 2008,0.33339,0.33512
Week 2,18 Mar 2008,0.34199,0.34379
Week 3,25 Mar 2008,0.34223,0.34404
Week 4,01 Apr 2008,0.33540,0.33721

Week 1,08 Apr 2008,0.33146,0.33318
Week 2,15 Apr 2008,0.33359,0.33533
Week 3,22 Apr 2008,0.32570,0.32743
Week 4,29 Apr 2008,0.31860,0.32031

Week 1,06 May 2008,0.31996,0.32168
Week 2,13 May 2008,0.31738,0.31910
Week 3,20 May 2008,0.32257,0.32436
Week 4,27 May 2008,0.32294,0.32473

Week 1,03 Jun 2008,0.32829,0.32989
Week 2,10 Jun 2008,0.33721,0.33904
Week 3,17 Jun 2008,0.33863,0.34041
Week 4,24 Jun 2008,0.33753,0.33928

Week 1,01 Jul 2008,0.33179,0.33352
Week 2,08 Jul 2008,0.32871,0.33046
Week 3,15 Jul 2008,0.32734,0.32908
Week 4,22 Jul 2008,0.32376,0.32554

Week 1,29 Jul 2008,0.31267,0.31443
Week 2,05 Aug 2008,0.31437,0.31605
Week 3,12 Aug 2008,0.32013,0.32178
Week 4,19 Aug 2008,0.31543,0.31691

Week 1,26 Aug 2008,0.31356,0.31522
Week 2,02 Sep 2008,0.31225,0.31387
Week 3,09 Sep 2008,0.31256,0.31415
Week 4,16 Sep 2008,0.31635,0.31818

Week 1,23 Sep 2008,0.32207,0.32386
Week 2,30 Sep 2008,0.32432,0.32603
Week 3,07 Oct 2008,0.34917,0.35036
Week 4,14 Oct 2008,0.36984,0.37161

Week 1,21 Oct 2008,0.40264,0.40537
Week 2,28 Oct 2008,0.37574,0.37866
Week 3,04 Nov 2008,0.36836,0.37035
Week 4,11 Nov 2008,0.37071,0.37311

Week 1,18 Nov 2008,0.37752,0.37936
Week 2,25 Nov 2008,0.36131,0.36523
Week 3,02 Dec 2008,0.36460,0.36866
Week 4,09 Dec 2008,0.36340,0.36726

Week 1,16 Dec 2008,0.35433,0.35871
Week 2,23 Dec 2008,0.33848,0.34164
Week 3,30 Dec 2008,0.31807,0.32339
Week 4,06 Jan 2009,0.32343,0.32966

Week 1,13 Jan 2009,0.31150,0.31566
Week 2,20 Jan 2009,0.30691,0.31047
Week 3,27 Jan 2009,0.29178,0.29426
Week 4,03 Feb 2009,0.27265,0.27499

Week 1,10 Feb 2009,0.27923,0.28349
Week 2,17 Feb 2009,0.28100,0.28407
Week 3,24 Feb 2009,0.27731,0.28184
Week 4,03 Mar 2009,0.28864,0.29325

Week 1,10 Mar 2009,0.28823,0.29332
Week 2,17 Mar 2009,0.28544,0.28862
Week 3,24 Mar 2009,0.28191,0.28512
Week 4,31 Mar 2009,0.27465,0.27951

Week 1,07 Apr 2009,0.26992,0.27240
Week 2,14 Apr 2009,0.26685,0.27169
Week 3,21 Apr 2009,0.26269,0.26732
Week 4,28 Apr 2009,0.25697,0.25943

Week 1,05 May 2009,0.25356,0.25804
Week 2,12 May 2009,0.26402,0.26729
Week 3,19 May 2009,0.26525,0.26806
Week 4,26 May 2009,0.25978,0.26294

Week 1,02 Jun 2009,0.25885,0.26255
Week 2,09 Jun 2009,0.25817,0.26114
Week 3,16 Jun 2009,0.25815,0.26116
Week 4,23 Jun 2009,0.25582,0.25898

Week 1,30 Jun 2009,0.24952,0.25340
Week 2,07 Jul 2009,0.25241,0.25475
Week 3,14 Jul 2009,0.25302,0.25529
Week 4,21 Jul 2009,0.24955,0.25206

Week 1,28 Jul 2009,0.24857,0.25071
Week 2,04 Aug 2009,0.25170,0.25384
Week 3,11 Aug 2009,0.25183,0.25426
Week 4,18 Aug 2009,0.24813,0.25167

Week 1,25 Aug 2009,0.24574,0.24866
Week 2,01 Sep 2009,0.24216,0.24387
Week 3,08 Sep 2009,0.24209,0.24365
Week 4,15 Sep 2009,0.24196,0.24421

Week 1,22 Sep 2009,0.24515,0.24828
Week 2,29 Sep 2009,0.24922,0.25246
Week 3,06 Oct 2009,0.24877,0.25117
Week 4,13 Oct 2009,0.24731,0.25059

Week 1,20 Oct 2009,0.25411,0.25511
Week 2,27 Oct 2009,0.26334,0.26635
Week 3,03 Nov 2009,0.26337,0.26508
Week 4,10 Nov 2009,0.25705,0.25865

Week 1,17 Nov 2009,0.25964,0.26121
Week 2,24 Nov 2009,0.25556,0.25705
Week 3,01 Dec 2009,0.25107,0.25249
Week 4,08 Dec 2009,0.24801,0.24938

Week 1,15 Dec 2009,0.24571,0.24716
Week 2,22 Dec 2009,0.25284,0.25440
Week 3,29 Dec 2009,0.24546,0.24828
Week 4,05 Jan 2010,0.24411,0.24597

Week 1,12 Jan 2010,0.24975,0.25164
Week 2,19 Jan 2010,0.25245,0.25361
Week 3,26 Jan 2010,0.25010,0.25165
Week 4,02 Feb 2010,0.25129,0.25275

Week 1,09 Feb 2010,0.25357,0.25496
Week 2,16 Feb 2010,0.25333,0.25681
Week 3,23 Feb 2010,0.25652,0.25997
Week 4,02 Mar 2010,0.24914,0.25433

Week 1,09 Mar 2010,0.25030,0.25195
Week 2,16 Mar 2010,0.24979,0.25149
Week 3,23 Mar 2010,0.24928,0.25092
Week 4,30 Mar 2010,0.24677,0.25019

Week 1,06 Apr 2010,0.24741,0.24913
Week 2,13 Apr 2010,0.25079,0.25431
Week 3,20 Apr 2010,0.25455,0.25539
Week 4,27 Apr 2010,0.25160,0.25427

Week 1,04 May 2010,0.25021,0.25545
Week 2,11 May 2010,0.24807,0.24965
Week 3,18 May 2010,0.25098,0.25252
Week 4,25 May 2010,0.24843,0.25036

Week 1,01 Jun 2010,0.24447,0.24960
Week 2,08 Jun 2010,0.24377,0.24521
Week 3,15 Jun 2010,0.24141,0.24484
Week 4,22 Jun 2010,0.24393,0.24538

Week 1,29 Jun 2010,0.24452,0.24966
Week 2,06 Jul 2010,0.24551,0.24714
Week 3,13 Jul 2010,0.24529,0.25047
Week 4,20 Jul 2010,0.24517,0.24852

Week 1,27 Jul 2010,0.24073,0.24415
Week 2,03 Aug 2010,0.24238,0.24405
Week 3,10 Aug 2010,0.23894,0.24077
Week 4,17 Aug 2010,0.23725,0.24079

Week 1,24 Aug 2010,0.23697,0.24048
Week 2,31 Aug 2010,0.23599,0.23779
Week 3,07 Sep 2010,0.23313,0.23489
Week 4,14 Sep 2010,0.22810,0.23302

Week 1,21 Sep 2010,0.22725,0.22905
Week 2,28 Sep 2010,0.22748,0.22932
Week 3,05 Oct 2010,0.22806,0.23142
Week 4,12 Oct 2010,0.22585,0.22797

Week 1,19 Oct 2010,0.22632,0.22813
Week 2,26 Oct 2010,0.22716,0.22892
Week 3,02 Nov 2010,0.22273,0.22428
Week 4,09 Nov 2010,0.22400,0.22554

Week 1,16 Nov 2010,0.22433,0.22586
Week 2,23 Nov 2010,0.22562,0.22708
Week 3,30 Nov 2010,0.22232,0.22370
Week 4,07 Dec 2010,0.22123,0.22263

Week 1,14 Dec 2010,0.22135,0.22434
Week 2,21 Dec 2010,0.22080,0.22235
Week 3,28 Dec 2010,0.21797,0.21978
Week 4,04 Jan 2011,0.21890,0.22038

Week 1,11 Jan 2011,0.22651,0.22801
Week 2,18 Jan 2011,0.23235,0.23562
Week 3,25 Jan 2011,0.23766,0.23913
Week 4,01 Feb 2011,0.24209,0.24617

Week 1,08 Feb 2011,0.24688,0.24838
Week 2,15 Feb 2011,0.24648,0.24796
Week 3,22 Feb 2011,0.24300,0.24451
Week 4,01 Mar 2011,0.24307,0.24417

Week 1,08 Mar 2011,0.24152,0.24300
Week 2,15 Mar 2011,0.24355,0.24526
Week 3,22 Mar 2011,0.24243,0.24481
Week 4,29 Mar 2011,0.23833,0.24003

Week 1,05 Apr 2011,0.23618,0.23786
Week 2,12 Apr 2011,0.23981,0.24146
Week 3,19 Apr 2011,0.23992,0.24154
Week 4,26 Apr 2011,0.23926,0.24092

Week 1,03 May 2011,0.24134,0.24307
Week 2,10 May 2011,0.24545,0.24717
Week 3,17 May 2011,0.24624,0.24770
Week 4,24 May 2011,0.24615,0.24775

Week 1,31 May 2011,0.24225,0.24404
Week 2,07 Jun 2011,0.24080,0.24500
Week 3,14 Jun 2011,0.24123,0.24353
Week 4,21 Jun 2011,0.24202,0.24358

Week 1,28 Jun 2011,0.24218,0.24373
Week 2,05 Jul 2011,0.23951,0.24116
Week 3,12 Jul 2011,0.24283,0.24442
Week 4,19 Jul 2011,0.24422,0.24659

Week 1,26 Jul 2011,0.24224,0.24393
Week 2,02 Aug 2011,0.24324,0.24489
Week 3,09 Aug 2011,0.24423,0.24645
Week 4,16 Aug 2011,0.24514,0.24968

Week 1,23 Aug 2011,0.24784,0.24966
Week 2,30 Aug 2011,0.24227,0.24430
Week 3,06 Sep 2011,0.24114,0.24296
Week 4,13 Sep 2011,0.24262,0.24451

Week 1,20 Sep 2011,0.25096,0.25270
Week 2,27 Sep 2011,0.24880,0.25042
Week 3,04 Oct 2011,0.24797,0.25015
Week 4,11 Oct 2011,0.25004,0.25371

Week 1,18 Oct 2011,0.25613,0.26025
Week 2,25 Oct 2011,0.25833,0.26022
Week 3,01 Nov 2011,0.25922,0.26133
Week 4,08 Nov 2011,0.25903,0.26225

Week 1,15 Nov 2011,0.26215,0.26720
Week 2,22 Nov 2011,0.26692,0.27184
Week 3,29 Nov 2011,0.26117,0.26620
Week 4,06 Dec 2011,0.25578,0.26079

Week 1,13 Dec 2011,0.26088,0.26352
Week 2,20 Dec 2011,0.25841,0.26284
Week 3,27 Dec 2011,0.25512,0.25751
Week 4,03 Jan 2012,0.25225,0.25645

Week 1,10 Jan 2012,0.25288,0.25758
Week 2,17 Jan 2012,0.25174,0.25682
Week 3,24 Jan 2012,0.25519,0.25977
Week 4,31 Jan 2012,0.25178,0.25594

Week 1,07 Feb 2012,0.25364,0.25623
Week 2,14 Feb 2012,0.25648,0.25911
Week 3,21 Feb 2012,0.25866,0.26036
Week 4,28 Feb 2012,0.25595,0.25884

Week 1,06 Mar 2012,0.25605,0.25791
Week 2,13 Mar 2012,0.25709,0.25878
Week 3,20 Mar 2012,0.25901,0.26328
Week 4,27 Mar 2012,0.26100,0.26264

Week 1,03 Apr 2012,0.26365,0.26536
Week 2,10 Apr 2012,0.26594,0.26988
Week 3,17 Apr 2012,0.26507,0.26681
Week 4,24 Apr 2012,0.26404,0.26571

Week 1,01 May 2012,0.26100,0.26621
Week 2,08 May 2012,0.26379,0.26645
Week 3,15 May 2012,0.26756,0.26915
Week 4,22 May 2012,0.26313,0.26469

Week 1,29 May 2012,0.25592,0.25889
Week 2,05 Jun 2012,0.25541,0.25807
Week 3,12 Jun 2012,0.25555,0.25967
Week 4,19 Jun 2012,0.25148,0.25524

Week 1,26 Jun 2012,0.25276,0.25437
Week 2,03 Jul 2012,0.24940,0.25257
Week 3,10 Jul 2012,0.25061,0.25411
Week 4,17 Jul 2012,0.25361,0.25667

Week 1,24 Jul 2012,0.25575,0.25755
Week 2,31 Jul 2012,0.25499,0.25577
Week 3,07 Aug 2012,0.25562,0.25633
Week 4,14 Aug 2012,0.25744,0.25810

Week 1,21 Aug 2012,0.26139,0.26216
Week 2,28 Aug 2012,0.25979,0.26300
Week 3,04 Sep 2012,0.25891,0.25974
Week 4,11 Sep 2012,0.26360,0.26486

Week 1,18 Sep 2012,0.26496,0.26801
Week 2,25 Sep 2012,0.26473,0.26553
Week 3,02 Oct 2012,0.27380,0.27564
Week 4,09 Oct 2012,0.28049,0.28184

Week 1,16 Oct 2012,0.28027,0.28219
Week 2,23 Oct 2012,0.27730,0.27804
Week 3,30 Oct 2012,0.27649,0.27726
Week 4,06 Nov 2012,0.27519,0.27683

Week 1,13 Nov 2012,0.27798,0.27990
Week 2,20 Nov 2012,0.28392,0.28563
Week 3,27 Nov 2012,0.28522,0.28682
Week 4,04 Dec 2012,0.28211,0.28464

Week 1,11 Dec 2012,0.28099,0.28251
Week 2,18 Dec 2012,0.27713,0.27782
Week 3,25 Dec 2012,0.27928,0.28009
Week 4,01 Jan 2013,0.28034,0.28119

Week 1,08 Jan 2013,0.28361,0.28726
Week 2,15 Jan 2013,0.29017,0.29203
Week 3,22 Jan 2013,0.29585,0.29792
Week 4,29 Jan 2013,0.29858,0.29928

Week 1,05 Feb 2013,0.29504,0.29577
Week 2,12 Feb 2013,0.29444,0.29515
Week 3,19 Feb 2013,0.29295,0.29367
Week 4,26 Feb 2013,0.29197,0.29269

Week 1,05 Mar 2013,0.29543,0.29624
Week 2,12 Mar 2013,0.29795,0.29976
Week 3,19 Mar 2013,0.30007,0.30091
Week 4,26 Mar 2013,0.29822,0.29917

Week 1,02 Apr 2013,0.29133,0.29201
Week 2,09 Apr 2013,0.28757,0.28853
Week 3,16 Apr 2013,0.29016,0.29128
Week 4,23 Apr 2013,0.28978,0.29314

Week 1,30 Apr 2013,0.28767,0.28870
Week 2,07 May 2013,0.28929,0.29016
Week 3,14 May 2013,0.29546,0.29629
Week 4,21 May 2013,0.30409,0.30499

Week 1,28 May 2013,0.31147,0.31335
Week 2,04 Jun 2013,0.30891,0.31000
Week 3,11 Jun 2013,0.31188,0.31314
Week 4,18 Jun 2013,0.31085,0.31199

Week 1,25 Jun 2013,0.30419,0.30535
Week 2,02 Jul 2013,0.30295,0.30399
Week 3,09 Jul 2013,0.30484,0.30613
Week 4,16 Jul 2013,0.30406,0.30520

Week 1,23 Jul 2013,0.29949,0.30090
Week 2,30 Jul 2013,0.29872,0.29972
Week 3,06 Aug 2013,0.29912,0.30017
Week 4,13 Aug 2013,0.30228,0.30321

Week 1,20 Aug 2013,0.30926,0.31012
Week 2,27 Aug 2013,0.31034,0.31163
Week 3,03 Sep 2013,0.30454,0.30559
Week 4,10 Sep 2013,0.30314,0.30423

Week 1,17 Sep 2013,0.30601,0.30697
Week 2,24 Sep 2013,0.30974,0.31100
Week 3,01 Oct 2013,0.31087,0.31188
Week 4,08 Oct 2013,0.30734,0.30884

Week 1,15 Oct 2013,0.30698,0.30827
Week 2,22 Oct 2013,0.30786,0.30878
Week 3,29 Oct 2013,0.31044,0.31180
Week 4,05 Nov 2013,0.31497,0.31613

Week 1,12 Nov 2013,0.31345,0.31440
Week 2,19 Nov 2013,0.30822,0.30970
Week 3,26 Nov 2013,0.30674,0.30759
Week 4,03 Dec 2013,0.31288,0.31384

Week 1,10 Dec 2013,0.31499,0.31582
Week 2,17 Dec 2013,0.31363,0.31446
Week 3,24 Dec 2013,0.31814,0.31942
Week 4,31 Dec 2013,0.32009,0.32132

Week 1,07 Jan 2014,0.32227,0.32310
Week 2,14 Jan 2014,0.32417,0.32488
Week 3,21 Jan 2014,0.32058,0.32155
Week 4,28 Jan 2014,0.31801,0.31925

Week 1,04 Feb 2014,0.31750,0.31839
Week 2,11 Feb 2014,0.31358,0.31448
Week 3,18 Feb 2014,0.30741,0.30833
Week 4,25 Feb 2014,0.30007,0.30092

Week 1,04 Mar 2014,0.29555,0.29639
Week 2,11 Mar 2014,0.29394,0.29516
Week 3,18 Mar 2014,0.29782,0.29887
Week 4,25 Mar 2014,0.29816,0.29969

Week 1,01 Apr 2014,0.29903,0.30051
Week 2,08 Apr 2014,0.29362,0.29463
Week 3,15 Apr 2014,0.29268,0.29454
Week 4,22 Apr 2014,0.29528,0.29622

Week 1,29 Apr 2014,0.29398,0.29497
Week 2,06 May 2014,0.29477,0.29557
Week 3,13 May 2014,0.29657,0.29767
Week 4,20 May 2014,0.30124,0.30241

Week 1,27 May 2014,0.30229,0.30314
Week 2,03 Jun 2014,0.30612,0.30711
Week 3,10 Jun 2014,0.31065,0.31134
Week 4,17 Jun 2014,0.30998,0.31060

Week 1,24 Jun 2014,0.31316,0.31387
Week 2,01 Jul 2014,0.31205,0.31332
Week 3,08 Jul 2014,0.31299,0.31379
Week 4,15 Jul 2014,0.30673,0.30758

Week 1,22 Jul 2014,0.30057,0.30132
Week 2,29 Jul 2014,0.29818,0.29896
Week 3,05 Aug 2014,0.29586,0.29664
Week 4,12 Aug 2014,0.29375,0.29441

Week 1,19 Aug 2014,0.29479,0.29583
Week 2,26 Aug 2014,0.29120,0.29241
Week 3,02 Sep 2014,0.28816,0.28893
Week 4,09 Sep 2014,0.29155,0.29260

Week 1,16 Sep 2014,0.28662,0.28768
Week 2,23 Sep 2014,0.28810,0.28909
Week 3,30 Sep 2014,0.28338,0.28434
Week 4,07 Oct 2014,0.27768,0.27847

Week 1,14 Oct 2014,0.27148,0.27261
Week 2,21 Oct 2014,0.26458,0.26529
Week 3,28 Oct 2014,0.25524,0.25662
Week 4,04 Nov 2014,0.24567,0.24728

Week 1,11 Nov 2014,0.23949,0.24036
Week 2,18 Nov 2014,0.23711,0.23762
Week 3,25 Nov 2014,0.23036,0.23148
Week 4,02 Dec 2014,0.21220,0.21292

Week 1,09 Dec 2014,0.20742,0.20868
Week 2,16 Dec 2014,0.18079,0.18207
Week 3,23 Dec 2014,0.21401,0.21518
Week 4,30 Dec 2014,0.19760,0.20023

Week 1,06 Jan 2015,0.18755,0.18952
Week 2,13 Jan 2015,0.17802,0.17862
Week 3,20 Jan 2015,0.17766,0.17838
Week 4,27 Jan 2015,0.16837,0.16883

Week 1,03 Feb 2015,0.17048,0.17103
Week 2,10 Feb 2015,0.17973,0.18017
Week 3,17 Feb 2015,0.18742,0.18810
Week 4,24 Feb 2015,0.18674,0.18732

Week 1,03 Mar 2015,0.19356,0.19398
Week 2,10 Mar 2015,0.19942,0.20004
Week 3,17 Mar 2015,0.20187,0.20244
Week 4,24 Mar 2015,0.20652,0.20704

Week 1,31 Mar 2015,0.20881,0.20936
Week 2,07 Apr 2015,0.22094,0.22165
Week 3,14 Apr 2015,0.23456,0.23540
Week 4,21 Apr 2015,0.23397,0.23459

Week 1,28 Apr 2015,0.23060,0.23303
Week 2,05 May 2015,0.23547,0.23615
Week 3,12 May 2015,0.23754,0.23855
Week 4,19 May 2015,0.23863,0.23942

Week 1,26 May 2015,0.23320,0.23414
Week 2,02 Jun 2015,0.22510,0.22617
Week 3,09 Jun 2015,0.22459,0.22574
Week 4,16 Jun 2015,0.22687,0.22751

Week 1,23 Jun 2015,0.22296,0.22359
Week 2,30 Jun 2015,0.22001,0.22074
Week 3,07 Jul 2015,0.21910,0.21982
Week 4,14 Jul 2015,0.21780,0.21831

Week 1,21 Jul 2015,0.21636,0.21702
Week 2,28 Jul 2015,0.20940,0.21010
Week 3,04 Aug 2015,0.19941,0.19999
Week 4,11 Aug 2015,0.19800,0.19863

Week 1,18 Aug 2015,0.19196,0.19256
Week 2,25 Aug 2015,0.19446,0.19530
Week 3,01 Sep 2015,0.20193,0.20278
Week 4,08 Sep 2015,0.20102,0.20167

Week 1,15 Sep 2015,0.20114,0.20180
Week 2,22 Sep 2015,0.20829,0.20900
Week 3,29 Sep 2015,0.21027,0.21090
Week 4,06 Oct 2015,0.21447,0.21517

Week 1,13 Oct 2015,0.21331,0.21412
Week 2,20 Oct 2015,0.21532,0.21604
Week 3,27 Oct 2015,0.21443,0.21512
Week 4,03 Nov 2015,0.21814,0.21870

Week 1,10 Nov 2015,0.21719,0.21806
Week 2,17 Nov 2015,0.21751,0.21811
Week 3,24 Nov 2015,0.21526,0.21586
Week 4,01 Dec 2015,0.21370,0.21421

Week 1,08 Dec 2015,0.21934,0.22007
Week 2,15 Dec 2015,0.21377,0.21450
Week 3,22 Dec 2015,0.21488,0.21544
Week 4,29 Dec 2015,0.21133,0.21177

Week 1,05 Jan 2016,0.22039,0.22076
Week 2,12 Jan 2016,0.21837,0.21909
Week 3,19 Jan 2016,0.20758,0.20893
Week 4,26 Jan 2016,0.21090,0.21149

Week 1,02 Feb 2016,0.20684,0.20739
Week 2,09 Feb 2016,0.20219,0.20275
Week 3,16 Feb 2016,0.20196,0.20254
Week 4,23 Feb 2016,0.20548,0.20601

Week 1,01 Mar 2016,0.21235,0.21291
Week 2,08 Mar 2016,0.21572,0.21655
Week 3,15 Mar 2016,0.22314,0.22376
Week 4,22 Mar 2016,0.22532,0.22605

Week 1,29 Mar 2016,0.22052,0.22119
Week 2,05 Apr 2016,0.22081,0.22141
Week 3,12 Apr 2016,0.22049,0.22109
Week 4,19 Apr 2016,0.21657,0.21717

Week 1,26 Apr 2016,0.21920,0.21980
Week 2,03 May 2016,0.22314,0.22372
Week 3,10 May 2016,0.23132,0.23183
Week 4,17 May 2016,0.23740,0.23790

Week 1,24 May 2016,0.23657,0.23708
Week 2,31 May 2016,0.23349,0.23402
Week 3,07 Jun 2016,0.23099,0.23158
Week 4,14 Jun 2016,0.23272,0.23327

Week 1,21 Jun 2016,0.23032,0.23106
Week 2,28 Jun 2016,0.23121,0.23198
Week 3,05 Jul 2016,0.22807,0.22878
Week 4,12 Jul 2016,0.22689,0.22756

Week 1,19 Jul 2016,0.22325,0.22392
Week 2,26 Jul 2016,0.21395,0.21459
Week 3,02 Aug 2016,0.20897,0.20965
Week 4,09 Aug 2016,0.20773,0.20840

Week 1,16 Aug 2016,0.20961,0.21036
Week 2,23 Aug 2016,0.21668,0.21742
Week 3,30 Aug 2016,0.22212,0.22292
Week 4,06 Sep 2016,0.22029,0.22102

Week 1,13 Sep 2016,0.21929,0.22006
Week 2,20 Sep 2016,0.21394,0.21473
Week 3,27 Sep 2016,0.21574,0.21649
Week 4,04 Oct 2016,0.22084,0.22155

Week 1,11 Oct 2016,0.22599,0.22669
Week 2,18 Oct 2016,0.22345,0.22411
Week 3,25 Oct 2016,0.22082,0.22162
Week 4,01 Nov 2016,0.21202,0.21303

Week 1,08 Nov 2016,0.21345,0.21429
Week 2,15 Nov 2016,0.22028,0.22108
Week 3,22 Nov 2016,0.21917,0.22002
Week 4,29 Nov 2016,0.21606,0.21673

Week 1,06 Dec 2016,0.21658,0.21732
Week 2,13 Dec 2016,0.22499,0.22578
Week 3,20 Dec 2016,0.22852,0.22940
Week 4,27 Dec 2016,0.22653,0.22760

Week 1,03 Jan 2017,0.22708,0.22812
Week 2,10 Jan 2017,0.22738,0.22824
Week 3,17 Jan 2017,0.22751,0.22837
Week 4,24 Jan 2017,0.22438,0.22517

Week 1,31 Jan 2017,0.22443,0.22525
Week 2,07 Feb 2017,0.22715,0.22801
Week 3,14 Feb 2017,0.22631,0.22715
Week 4,21 Feb 2017,0.22361,0.22434

Week 1,28 Feb 2017,0.22337,0.22409
Week 2,07 Mar 2017,0.22326,0.22395
Week 3,14 Mar 2017,0.22144,0.22213
Week 4,21 Mar 2017,0.21859,0.21909

Week 1,28 Mar 2017,0.23131,0.23202
Week 2,04 Apr 2017,0.24200,0.24274
Week 3,11 Apr 2017,0.23956,0.24052
Week 4,18 Apr 2017,0.23466,0.23545

Week 1,25 Apr 2017,0.23307,0.23396
Week 2,02 May 2017,0.23274,0.23347
Week 3,09 May 2017,0.23335,0.23422
Week 4,16 May 2017,0.23239,0.23311

Week 1,23 May 2017,0.22954,0.23019
Week 2,30 May 2017,0.22842,0.22931
Week 3,06 Jun 2017,0.22582,0.22669
Week 4,13 Jun 2017,0.22251,0.22330

Week 1,20 Jun 2017,0.21811,0.21894
Week 2,27 Jun 2017,0.21948,0.22030
Week 3,04 Jul 2017,0.22200,0.22264
Week 4,11 Jul 2017,0.22108,0.22168

Week 1,18 Jul 2017,0.21854,0.21911
Week 2,25 Jul 2017,0.21751,0.21818
Week 3,01 Aug 2017,0.22099,0.22159
Week 4,08 Aug 2017,0.22332,0.22396

Week 1,15 Aug 2017,0.22253,0.22314
Week 2,22 Aug 2017,0.22261,0.22321
Week 3,29 Aug 2017,0.22329,0.22388
Week 4,05 Sep 2017,0.22442,0.22509

Week 1,12 Sep 2017,0.22706,0.22774
Week 2,19 Sep 2017,0.22913,0.22983
Week 3,26 Sep 2017,0.23309,0.23368
Week 4,03 Oct 2017,0.23566,0.23625

Week 1,10 Oct 2017,0.23364,0.23422
Week 2,17 Oct 2017,0.23530,0.23589
Week 3,24 Oct 2017,0.24167,0.24221
Week 4,31 Oct 2017,0.24110,0.24172

Week 1,07 Nov 2017,0.24111,0.24154
Week 2,14 Nov 2017,0.23863,0.23931
Week 3,21 Nov 2017,0.23783,0.23853
Week 4,28 Nov 2017,0.23410,0.23471

Week 1,05 Dec 2017,0.23010,0.23056


