RUB->TRY

Week 1,01 Dec 1998,0.01515,0.01536
Week 2,08 Dec 1998,0.01431,0.01456
Week 3,15 Dec 1998,0.01405,0.01422
Week 4,22 Dec 1998,0.01486,0.01508

Week 1,29 Dec 1998,0.01431,0.01508
Week 2,05 Jan 1999,0.01364,0.01386
Week 3,12 Jan 1999,0.01402,0.01418
Week 4,19 Jan 1999,0.01408,0.01421

Week 1,26 Jan 1999,0.01434,0.01442
Week 2,02 Feb 1999,0.01446,0.01453
Week 3,09 Feb 1999,0.01473,0.01480
Week 4,16 Feb 1999,0.01496,0.01506

Week 1,23 Feb 1999,0.01525,0.01535
Week 2,02 Mar 1999,0.01531,0.01539
Week 3,09 Mar 1999,0.01534,0.01544
Week 4,16 Mar 1999,0.01516,0.01526

Week 1,23 Mar 1999,0.01404,0.01430
Week 2,30 Mar 1999,0.01441,0.01458
Week 3,06 Apr 1999,0.01438,0.01453
Week 4,13 Apr 1999,0.01483,0.01493

Week 1,20 Apr 1999,0.01537,0.01555
Week 2,27 Apr 1999,0.01572,0.01588
Week 3,04 May 1999,0.01602,0.01619
Week 4,11 May 1999,0.01554,0.01582

Week 1,18 May 1999,0.01605,0.01614
Week 2,25 May 1999,0.01638,0.01646
Week 3,01 Jun 1999,0.01641,0.01647
Week 4,08 Jun 1999,0.01660,0.01669

Week 1,15 Jun 1999,0.01693,0.01703
Week 2,22 Jun 1999,0.01706,0.01717
Week 3,29 Jun 1999,0.01718,0.01730
Week 4,06 Jul 1999,0.01739,0.01753

Week 1,13 Jul 1999,0.01763,0.01774
Week 2,20 Jul 1999,0.01755,0.01768
Week 3,27 Jul 1999,0.01763,0.01770
Week 4,03 Aug 1999,0.01769,0.01773

Week 1,10 Aug 1999,0.01748,0.01760
Week 2,17 Aug 1999,0.01766,0.01778
Week 3,24 Aug 1999,0.01789,0.01800
Week 4,31 Aug 1999,0.01739,0.01751

Week 1,07 Sep 1999,0.01739,0.01755
Week 2,14 Sep 1999,0.01789,0.01804
Week 3,21 Sep 1999,0.01814,0.01823
Week 4,28 Sep 1999,0.01807,0.01825

Week 1,05 Oct 1999,0.01796,0.01803
Week 2,12 Oct 1999,0.01808,0.01812
Week 3,19 Oct 1999,0.01829,0.01837
Week 4,26 Oct 1999,0.01840,0.01847

Week 1,02 Nov 1999,0.01841,0.01852
Week 2,09 Nov 1999,0.01883,0.01890
Week 3,16 Nov 1999,0.01897,0.01904
Week 4,23 Nov 1999,0.01926,0.01934

Week 1,30 Nov 1999,0.01931,0.01945
Week 2,07 Dec 1999,0.01940,0.01947
Week 3,14 Dec 1999,0.01975,0.01981
Week 4,21 Dec 1999,0.01994,0.02000

Week 1,28 Dec 1999,0.01974,0.01981
Week 2,04 Jan 2000,0.01957,0.01970
Week 3,11 Jan 2000,0.01896,0.01904
Week 4,18 Jan 2000,0.01914,0.01919

Week 1,25 Jan 2000,0.01939,0.01945
Week 2,01 Feb 2000,0.01948,0.01953
Week 3,08 Feb 2000,0.01948,0.01954
Week 4,15 Feb 2000,0.01959,0.01963

Week 1,22 Feb 2000,0.01967,0.01972
Week 2,29 Feb 2000,0.02006,0.02012
Week 3,07 Mar 2000,0.02024,0.02029
Week 4,14 Mar 2000,0.02032,0.02037

Week 1,21 Mar 2000,0.02048,0.02054
Week 2,28 Mar 2000,0.02057,0.02063
Week 3,04 Apr 2000,0.02053,0.02058
Week 4,11 Apr 2000,0.02067,0.02072

Week 1,18 Apr 2000,0.02063,0.02068
Week 2,25 Apr 2000,0.02132,0.02138
Week 3,02 May 2000,0.02165,0.02170
Week 4,09 May 2000,0.02172,0.02177

Week 1,16 May 2000,0.02190,0.02195
Week 2,23 May 2000,0.02183,0.02189
Week 3,30 May 2000,0.02166,0.02172
Week 4,06 Jun 2000,0.02158,0.02163

Week 1,13 Jun 2000,0.02159,0.02166
Week 2,20 Jun 2000,0.02194,0.02200
Week 3,27 Jun 2000,0.02209,0.02215
Week 4,04 Jul 2000,0.02218,0.02223

Week 1,11 Jul 2000,0.02243,0.02247
Week 2,18 Jul 2000,0.02277,0.02281
Week 3,25 Jul 2000,0.02279,0.02284
Week 4,01 Aug 2000,0.02302,0.02306

Week 1,08 Aug 2000,0.02324,0.02329
Week 2,15 Aug 2000,0.02321,0.02325
Week 3,22 Aug 2000,0.02339,0.02344
Week 4,29 Aug 2000,0.02348,0.02353

Week 1,05 Sep 2000,0.02368,0.02373
Week 2,12 Sep 2000,0.02398,0.02402
Week 3,19 Sep 2000,0.02398,0.02403
Week 4,26 Sep 2000,0.02391,0.02396

Week 1,03 Oct 2000,0.02399,0.02404
Week 2,10 Oct 2000,0.02413,0.02418
Week 3,17 Oct 2000,0.02436,0.02441
Week 4,24 Oct 2000,0.02457,0.02461

Week 1,31 Oct 2000,0.02438,0.02442
Week 2,07 Nov 2000,0.02446,0.02450
Week 3,14 Nov 2000,0.02461,0.02465
Week 4,21 Nov 2000,0.02474,0.02479

Week 1,28 Nov 2000,0.02452,0.02456
Week 2,05 Dec 2000,0.02426,0.02431
Week 3,12 Dec 2000,0.02431,0.02436
Week 4,19 Dec 2000,0.02408,0.02413

Week 1,26 Dec 2000,0.02360,0.02365
Week 2,02 Jan 2001,0.02336,0.02340
Week 3,09 Jan 2001,0.02350,0.02355
Week 4,16 Jan 2001,0.02367,0.02372

Week 1,23 Jan 2001,0.02380,0.02385
Week 2,30 Jan 2001,0.02375,0.02379
Week 3,06 Feb 2001,0.02375,0.02380
Week 4,13 Feb 2001,0.02386,0.02391

Week 1,20 Feb 2001,0.02389,0.02393
Week 2,27 Feb 2001,0.03104,0.03226
Week 3,06 Mar 2001,0.03033,0.03324
Week 4,13 Mar 2001,0.03348,0.03532

Week 1,20 Mar 2001,0.03380,0.03464
Week 2,27 Mar 2001,0.03466,0.03648
Week 3,03 Apr 2001,0.04113,0.04187
Week 4,10 Apr 2001,0.04146,0.04278

Week 1,17 Apr 2001,0.04202,0.04289
Week 2,24 Apr 2001,0.04047,0.04136
Week 3,01 May 2001,0.03897,0.04028
Week 4,08 May 2001,0.03929,0.04009

Week 1,15 May 2001,0.03831,0.03894
Week 2,22 May 2001,0.03803,0.03865
Week 3,29 May 2001,0.03888,0.03991
Week 4,05 Jun 2001,0.03940,0.04016

Week 1,12 Jun 2001,0.04093,0.04160
Week 2,19 Jun 2001,0.04304,0.04408
Week 3,26 Jun 2001,0.04310,0.04394
Week 4,03 Jul 2001,0.04400,0.04564

Week 1,10 Jul 2001,0.04517,0.04677
Week 2,17 Jul 2001,0.04536,0.04634
Week 3,24 Jul 2001,0.04469,0.04567
Week 4,31 Jul 2001,0.04502,0.04617

Week 1,07 Aug 2001,0.04665,0.04737
Week 2,14 Aug 2001,0.04755,0.04867
Week 3,21 Aug 2001,0.04927,0.04973
Week 4,28 Aug 2001,0.04662,0.04735

Week 1,04 Sep 2001,0.04747,0.04816
Week 2,11 Sep 2001,0.04960,0.04988
Week 3,18 Sep 2001,0.05101,0.05234
Week 4,25 Sep 2001,0.05153,0.05342

Week 1,02 Oct 2001,0.05302,0.05491
Week 2,09 Oct 2001,0.05346,0.05537
Week 3,16 Oct 2001,0.05447,0.05639
Week 4,23 Oct 2001,0.05357,0.05548

Week 1,30 Oct 2001,0.05237,0.05426
Week 2,06 Nov 2001,0.05135,0.05334
Week 3,13 Nov 2001,0.05057,0.05251
Week 4,20 Nov 2001,0.04896,0.05065

Week 1,27 Nov 2001,0.04867,0.05058
Week 2,04 Dec 2001,0.04799,0.04993
Week 3,11 Dec 2001,0.04706,0.04894
Week 4,18 Dec 2001,0.04795,0.04982

Week 1,25 Dec 2001,0.04722,0.04915
Week 2,01 Jan 2002,0.04585,0.04774
Week 3,08 Jan 2002,0.04457,0.04646
Week 4,15 Jan 2002,0.04355,0.04551

Week 1,22 Jan 2002,0.04308,0.04506
Week 2,29 Jan 2002,0.04189,0.04381
Week 3,05 Feb 2002,0.04298,0.04491
Week 4,12 Feb 2002,0.04308,0.04495

Week 1,19 Feb 2002,0.04371,0.04559
Week 2,26 Feb 2002,0.04412,0.04604
Week 3,05 Mar 2002,0.04326,0.04512
Week 4,12 Mar 2002,0.04273,0.04461

Week 1,19 Mar 2002,0.04239,0.04427
Week 2,26 Mar 2002,0.04208,0.04393
Week 3,02 Apr 2002,0.04143,0.04327
Week 4,09 Apr 2002,0.04090,0.04277

Week 1,16 Apr 2002,0.04093,0.04275
Week 2,23 Apr 2002,0.04224,0.04415
Week 3,30 Apr 2002,0.04251,0.04431
Week 4,07 May 2002,0.04324,0.04506

Week 1,14 May 2002,0.04471,0.04648
Week 2,21 May 2002,0.04454,0.04628
Week 3,28 May 2002,0.04468,0.04641
Week 4,04 Jun 2002,0.04533,0.04716

Week 1,11 Jun 2002,0.04824,0.05010
Week 2,18 Jun 2002,0.04895,0.05080
Week 3,25 Jun 2002,0.04979,0.05158
Week 4,02 Jul 2002,0.05025,0.05197

Week 1,09 Jul 2002,0.05207,0.05382
Week 2,16 Jul 2002,0.05203,0.05371
Week 3,23 Jul 2002,0.05263,0.05429
Week 4,30 Jul 2002,0.05205,0.05376

Week 1,06 Aug 2002,0.05116,0.05281
Week 2,13 Aug 2002,0.05110,0.05272
Week 3,20 Aug 2002,0.05103,0.05267
Week 4,27 Aug 2002,0.05079,0.05246

Week 1,03 Sep 2002,0.05054,0.05233
Week 2,10 Sep 2002,0.05181,0.05349
Week 3,17 Sep 2002,0.05179,0.05342
Week 4,24 Sep 2002,0.05158,0.05321

Week 1,01 Oct 2002,0.05106,0.05278
Week 2,08 Oct 2002,0.05118,0.05282
Week 3,15 Oct 2002,0.05131,0.05296
Week 4,22 Oct 2002,0.05198,0.05365

Week 1,29 Oct 2002,0.05217,0.05379
Week 2,05 Nov 2002,0.05049,0.05230
Week 3,12 Nov 2002,0.04993,0.05155
Week 4,19 Nov 2002,0.04894,0.05053

Week 1,26 Nov 2002,0.04787,0.04951
Week 2,03 Dec 2002,0.04779,0.04942
Week 3,10 Dec 2002,0.04772,0.04953
Week 4,17 Dec 2002,0.04994,0.05155

Week 1,24 Dec 2002,0.05119,0.05290
Week 2,31 Dec 2002,0.05063,0.05250
Week 3,07 Jan 2003,0.05167,0.05343
Week 4,14 Jan 2003,0.05166,0.05334

Week 1,21 Jan 2003,0.05168,0.05317
Week 2,28 Jan 2003,0.05119,0.05270
Week 3,04 Feb 2003,0.05063,0.05232
Week 4,11 Feb 2003,0.05138,0.05296

Week 1,18 Feb 2003,0.05066,0.05255
Week 2,25 Feb 2003,0.05008,0.05166
Week 3,04 Mar 2003,0.05064,0.05226
Week 4,11 Mar 2003,0.05102,0.05261

Week 1,18 Mar 2003,0.05396,0.05551
Week 2,25 Mar 2003,0.05381,0.05554
Week 3,01 Apr 2003,0.05267,0.05457
Week 4,08 Apr 2003,0.05188,0.05346

Week 1,15 Apr 2003,0.05103,0.05264
Week 2,22 Apr 2003,0.05079,0.05227
Week 3,29 Apr 2003,0.04953,0.05099
Week 4,06 May 2003,0.04809,0.04966

Week 1,13 May 2003,0.04744,0.04932
Week 2,20 May 2003,0.04727,0.04875
Week 3,27 May 2003,0.04617,0.04773
Week 4,03 Jun 2003,0.04596,0.04761

Week 1,10 Jun 2003,0.04589,0.04746
Week 2,17 Jun 2003,0.04621,0.04763
Week 3,24 Jun 2003,0.04643,0.04789
Week 4,01 Jul 2003,0.04542,0.04703

Week 1,08 Jul 2003,0.04523,0.04707
Week 2,15 Jul 2003,0.04483,0.04652
Week 3,22 Jul 2003,0.04558,0.04735
Week 4,29 Jul 2003,0.04634,0.04804

Week 1,05 Aug 2003,0.04534,0.04725
Week 2,12 Aug 2003,0.04541,0.04689
Week 3,19 Aug 2003,0.04528,0.04680
Week 4,26 Aug 2003,0.04510,0.04669

Week 1,02 Sep 2003,0.04453,0.04617
Week 2,09 Sep 2003,0.04406,0.04589
Week 3,16 Sep 2003,0.04388,0.04564
Week 4,23 Sep 2003,0.04406,0.04565

Week 1,30 Sep 2003,0.04501,0.04676
Week 2,07 Oct 2003,0.04502,0.04661
Week 3,14 Oct 2003,0.04657,0.04850
Week 4,21 Oct 2003,0.04857,0.05010

Week 1,28 Oct 2003,0.04926,0.05088
Week 2,04 Nov 2003,0.04899,0.05086
Week 3,11 Nov 2003,0.04872,0.05041
Week 4,18 Nov 2003,0.04857,0.05009

Week 1,25 Nov 2003,0.04854,0.04997
Week 2,02 Dec 2003,0.04813,0.04955
Week 3,09 Dec 2003,0.04802,0.04971
Week 4,16 Dec 2003,0.04815,0.04955

Week 1,23 Dec 2003,0.04814,0.04953
Week 2,30 Dec 2003,0.04709,0.04856
Week 3,06 Jan 2004,0.04614,0.04750
Week 4,13 Jan 2004,0.04599,0.04760

Week 1,20 Jan 2004,0.04568,0.04749
Week 2,27 Jan 2004,0.04598,0.04800
Week 3,03 Feb 2004,0.04595,0.04768
Week 4,10 Feb 2004,0.04547,0.04749

Week 1,17 Feb 2004,0.04584,0.04745
Week 2,24 Feb 2004,0.04547,0.04759
Week 3,02 Mar 2004,0.04551,0.04715
Week 4,09 Mar 2004,0.04542,0.04717

Week 1,16 Mar 2004,0.04545,0.04709
Week 2,23 Mar 2004,0.04560,0.04714
Week 3,30 Mar 2004,0.04505,0.04708
Week 4,06 Apr 2004,0.04595,0.04751

Week 1,13 Apr 2004,0.04668,0.04834
Week 2,20 Apr 2004,0.04692,0.04849
Week 3,27 Apr 2004,0.04823,0.04979
Week 4,04 May 2004,0.05031,0.05204

Week 1,11 May 2004,0.05212,0.05369
Week 2,18 May 2004,0.05266,0.05421
Week 3,25 May 2004,0.05130,0.05274
Week 4,01 Jun 2004,0.05101,0.05244

Week 1,08 Jun 2004,0.05063,0.05208
Week 2,15 Jun 2004,0.05071,0.05226
Week 3,22 Jun 2004,0.05053,0.05217
Week 4,29 Jun 2004,0.04962,0.05152

Week 1,06 Jul 2004,0.04890,0.05041
Week 2,13 Jul 2004,0.04845,0.05004
Week 3,20 Jul 2004,0.04937,0.05089
Week 4,27 Jul 2004,0.05006,0.05151

Week 1,03 Aug 2004,0.04942,0.05094
Week 2,10 Aug 2004,0.04918,0.05068
Week 3,17 Aug 2004,0.04945,0.05115
Week 4,24 Aug 2004,0.05106,0.05250

Week 1,31 Aug 2004,0.05082,0.05248
Week 2,07 Sep 2004,0.05041,0.05211
Week 3,14 Sep 2004,0.05092,0.05234
Week 4,21 Sep 2004,0.05082,0.05224

Week 1,28 Sep 2004,0.05059,0.05247
Week 2,05 Oct 2004,0.05063,0.05212
Week 3,12 Oct 2004,0.05029,0.05197
Week 4,19 Oct 2004,0.05049,0.05155

Week 1,26 Oct 2004,0.05087,0.05175
Week 2,02 Nov 2004,0.05083,0.05102
Week 3,09 Nov 2004,0.05058,0.05110
Week 4,16 Nov 2004,0.05035,0.05087

Week 1,23 Nov 2004,0.04979,0.05089
Week 2,30 Nov 2004,0.05035,0.05076
Week 3,07 Dec 2004,0.05054,0.05103
Week 4,14 Dec 2004,0.05023,0.05068

Week 1,21 Dec 2004,0.04956,0.04975
Week 2,28 Dec 2004,0.04826,0.04906
Week 3,04 Jan 2005,0.04959,0.04989
Week 4,11 Jan 2005,0.04870,0.04893

Week 1,18 Jan 2005,0.04780,0.04808
Week 2,25 Jan 2005,0.04745,0.04767
Week 3,01 Feb 2005,0.04706,0.04735
Week 4,08 Feb 2005,0.04702,0.04732

Week 1,15 Feb 2005,0.04676,0.04702
Week 2,22 Feb 2005,0.04659,0.04683
Week 3,01 Mar 2005,0.04568,0.04609
Week 4,08 Mar 2005,0.04574,0.04629

Week 1,15 Mar 2005,0.04762,0.04802
Week 2,22 Mar 2005,0.04884,0.04905
Week 3,29 Mar 2005,0.04885,0.04915
Week 4,05 Apr 2005,0.04844,0.04873

Week 1,12 Apr 2005,0.04867,0.04887
Week 2,19 Apr 2005,0.04894,0.04916
Week 3,26 Apr 2005,0.04956,0.04994
Week 4,03 May 2005,0.04854,0.04903

Week 1,10 May 2005,0.04883,0.04939
Week 2,17 May 2005,0.04889,0.04940
Week 3,24 May 2005,0.04896,0.04946
Week 4,31 May 2005,0.04777,0.04832

Week 1,07 Jun 2005,0.04778,0.04827
Week 2,14 Jun 2005,0.04772,0.04816
Week 3,21 Jun 2005,0.04715,0.04769
Week 4,28 Jun 2005,0.04658,0.04706

Week 1,05 Jul 2005,0.04663,0.04695
Week 2,12 Jul 2005,0.04628,0.04676
Week 3,19 Jul 2005,0.04644,0.04681
Week 4,26 Jul 2005,0.04633,0.04686

Week 1,02 Aug 2005,0.04615,0.04636
Week 2,09 Aug 2005,0.04700,0.04724
Week 3,16 Aug 2005,0.04789,0.04806
Week 4,23 Aug 2005,0.04776,0.04792

Week 1,30 Aug 2005,0.04718,0.04752
Week 2,06 Sep 2005,0.04710,0.04736
Week 3,13 Sep 2005,0.04715,0.04743
Week 4,20 Sep 2005,0.04732,0.04746

Week 1,27 Sep 2005,0.04719,0.04735
Week 2,04 Oct 2005,0.04718,0.04739
Week 3,11 Oct 2005,0.04759,0.04786
Week 4,18 Oct 2005,0.04760,0.04784

Week 1,25 Oct 2005,0.04741,0.04766
Week 2,01 Nov 2005,0.04728,0.04749
Week 3,08 Nov 2005,0.04714,0.04737
Week 4,15 Nov 2005,0.04709,0.04728

Week 1,22 Nov 2005,0.04714,0.04731
Week 2,29 Nov 2005,0.04693,0.04712
Week 3,06 Dec 2005,0.04675,0.04705
Week 4,13 Dec 2005,0.04689,0.04717

Week 1,20 Dec 2005,0.04682,0.04711
Week 2,27 Dec 2005,0.04680,0.04699
Week 3,03 Jan 2006,0.04653,0.04671
Week 4,10 Jan 2006,0.04684,0.04714

Week 1,17 Jan 2006,0.04710,0.04739
Week 2,24 Jan 2006,0.04715,0.04748
Week 3,31 Jan 2006,0.04691,0.04724
Week 4,07 Feb 2006,0.04694,0.04728

Week 1,14 Feb 2006,0.04689,0.04724
Week 2,21 Feb 2006,0.04668,0.04702
Week 3,28 Feb 2006,0.04656,0.04693
Week 4,07 Mar 2006,0.04764,0.04800

Week 1,14 Mar 2006,0.04774,0.04811
Week 2,21 Mar 2006,0.04806,0.04848
Week 3,28 Mar 2006,0.04813,0.04869
Week 4,04 Apr 2006,0.04817,0.04869

Week 1,11 Apr 2006,0.04841,0.04895
Week 2,18 Apr 2006,0.04821,0.04877
Week 3,25 Apr 2006,0.04810,0.04866
Week 4,02 May 2006,0.04829,0.04886

Week 1,09 May 2006,0.05038,0.05095
Week 2,16 May 2006,0.05432,0.05489
Week 3,23 May 2006,0.05644,0.05701
Week 4,30 May 2006,0.05777,0.05835

Week 1,06 Jun 2006,0.05754,0.05811
Week 2,13 Jun 2006,0.05858,0.05916
Week 3,20 Jun 2006,0.06128,0.06185
Week 4,27 Jun 2006,0.05952,0.06009

Week 1,04 Jul 2006,0.05792,0.05850
Week 2,11 Jul 2006,0.05800,0.05857
Week 3,18 Jul 2006,0.05774,0.05832
Week 4,25 Jul 2006,0.05601,0.05659

Week 1,01 Aug 2006,0.05530,0.05585
Week 2,08 Aug 2006,0.05412,0.05469
Week 3,15 Aug 2006,0.05402,0.05453
Week 4,22 Aug 2006,0.05479,0.05534

Week 1,29 Aug 2006,0.05474,0.05530
Week 2,05 Sep 2006,0.05467,0.05523
Week 3,12 Sep 2006,0.05466,0.05522
Week 4,19 Sep 2006,0.05553,0.05612

Week 1,26 Sep 2006,0.05615,0.05673
Week 2,03 Oct 2006,0.05570,0.05625
Week 3,10 Oct 2006,0.05479,0.05536
Week 4,17 Oct 2006,0.05423,0.05481

Week 1,24 Oct 2006,0.05396,0.05454
Week 2,31 Oct 2006,0.05430,0.05488
Week 3,07 Nov 2006,0.05401,0.05459
Week 4,14 Nov 2006,0.05409,0.05466

Week 1,21 Nov 2006,0.05505,0.05563
Week 2,28 Nov 2006,0.05528,0.05586
Week 3,05 Dec 2006,0.05459,0.05517
Week 4,12 Dec 2006,0.05388,0.05444

Week 1,19 Dec 2006,0.05397,0.05455
Week 2,26 Dec 2006,0.05364,0.05423
Week 3,02 Jan 2007,0.05367,0.05426
Week 4,09 Jan 2007,0.05391,0.05448

Week 1,16 Jan 2007,0.05331,0.05387
Week 2,23 Jan 2007,0.05335,0.05387
Week 3,30 Jan 2007,0.05306,0.05358
Week 4,06 Feb 2007,0.05282,0.05335

Week 1,13 Feb 2007,0.05284,0.05336
Week 2,20 Feb 2007,0.05252,0.05306
Week 3,27 Feb 2007,0.05396,0.05447
Week 4,06 Mar 2007,0.05409,0.05461

Week 1,13 Mar 2007,0.05381,0.05434
Week 2,20 Mar 2007,0.05313,0.05367
Week 3,27 Mar 2007,0.05324,0.05378
Week 4,03 Apr 2007,0.05255,0.05314

Week 1,10 Apr 2007,0.05282,0.05329
Week 2,17 Apr 2007,0.05211,0.05265
Week 3,24 Apr 2007,0.05170,0.05222
Week 4,01 May 2007,0.05256,0.05288

Week 1,08 May 2007,0.05168,0.05211
Week 2,15 May 2007,0.05126,0.05162
Week 3,22 May 2007,0.05110,0.05143
Week 4,29 May 2007,0.05074,0.05118

Week 1,05 Jun 2007,0.05108,0.05162
Week 2,12 Jun 2007,0.05066,0.05120
Week 3,19 Jun 2007,0.05025,0.05062
Week 4,26 Jun 2007,0.05089,0.05126

Week 1,03 Jul 2007,0.05023,0.05054
Week 2,10 Jul 2007,0.04994,0.05030
Week 3,17 Jul 2007,0.04986,0.05029
Week 4,24 Jul 2007,0.04994,0.05025

Week 1,31 Jul 2007,0.05006,0.05044
Week 2,07 Aug 2007,0.05022,0.05058
Week 3,14 Aug 2007,0.05227,0.05259
Week 4,21 Aug 2007,0.05179,0.05211

Week 1,28 Aug 2007,0.05100,0.05136
Week 2,04 Sep 2007,0.05051,0.05106
Week 3,11 Sep 2007,0.04989,0.05034
Week 4,18 Sep 2007,0.04915,0.04950

Week 1,25 Sep 2007,0.04864,0.04902
Week 2,02 Oct 2007,0.04786,0.04816
Week 3,09 Oct 2007,0.04748,0.04789
Week 4,16 Oct 2007,0.04851,0.04870

Week 1,23 Oct 2007,0.04848,0.04864
Week 2,30 Oct 2007,0.04776,0.04808
Week 3,06 Nov 2007,0.04829,0.04860
Week 4,13 Nov 2007,0.04841,0.04871

Week 1,20 Nov 2007,0.04908,0.04929
Week 2,27 Nov 2007,0.04875,0.04904
Week 3,04 Dec 2007,0.04808,0.04816
Week 4,11 Dec 2007,0.04788,0.04803

Week 1,18 Dec 2007,0.04805,0.04829
Week 2,25 Dec 2007,0.04772,0.04798
Week 3,01 Jan 2008,0.04758,0.04790
Week 4,08 Jan 2008,0.04732,0.04756

Week 1,15 Jan 2008,0.04797,0.04820
Week 2,22 Jan 2008,0.04861,0.04884
Week 3,29 Jan 2008,0.04789,0.04813
Week 4,05 Feb 2008,0.04832,0.04855

Week 1,12 Feb 2008,0.04886,0.04909
Week 2,19 Feb 2008,0.04903,0.04918
Week 3,26 Feb 2008,0.04941,0.04964
Week 4,04 Mar 2008,0.05141,0.05157

Week 1,11 Mar 2008,0.05201,0.05227
Week 2,18 Mar 2008,0.05244,0.05255
Week 3,25 Mar 2008,0.05384,0.05412
Week 4,01 Apr 2008,0.05504,0.05530

Week 1,08 Apr 2008,0.05513,0.05532
Week 2,15 Apr 2008,0.05606,0.05633
Week 3,22 Apr 2008,0.05495,0.05522
Week 4,29 Apr 2008,0.05363,0.05374

Week 1,06 May 2008,0.05309,0.05319
Week 2,13 May 2008,0.05214,0.05242
Week 3,20 May 2008,0.05252,0.05277
Week 4,27 May 2008,0.05180,0.05208

Week 1,03 Jun 2008,0.05218,0.05231
Week 2,10 Jun 2008,0.05269,0.05296
Week 3,17 Jun 2008,0.05200,0.05210
Week 4,24 Jun 2008,0.05202,0.05230

Week 1,01 Jul 2008,0.05256,0.05280
Week 2,08 Jul 2008,0.05226,0.05252
Week 3,15 Jul 2008,0.05173,0.05198
Week 4,22 Jul 2008,0.05138,0.05164

Week 1,29 Jul 2008,0.04995,0.05020
Week 2,05 Aug 2008,0.04914,0.04925
Week 3,12 Aug 2008,0.04838,0.04864
Week 4,19 Aug 2008,0.04854,0.04878

Week 1,26 Aug 2008,0.04822,0.04830
Week 2,02 Sep 2008,0.04835,0.04849
Week 3,09 Sep 2008,0.04841,0.04848
Week 4,16 Sep 2008,0.04969,0.04979

Week 1,23 Sep 2008,0.04940,0.04948
Week 2,30 Sep 2008,0.05000,0.05008
Week 3,07 Oct 2008,0.05357,0.05371
Week 4,14 Oct 2008,0.05541,0.05554

Week 1,21 Oct 2008,0.06093,0.06114
Week 2,28 Oct 2008,0.05765,0.05779
Week 3,04 Nov 2008,0.05672,0.05683
Week 4,11 Nov 2008,0.05879,0.05895

Week 1,18 Nov 2008,0.06099,0.06114
Week 2,25 Nov 2008,0.05690,0.05733
Week 3,02 Dec 2008,0.05630,0.05671
Week 4,09 Dec 2008,0.05588,0.05637

Week 1,16 Dec 2008,0.05501,0.05558
Week 2,23 Dec 2008,0.05302,0.05318
Week 3,30 Dec 2008,0.05175,0.05238
Week 4,06 Jan 2009,0.05216,0.05308

Week 1,13 Jan 2009,0.05001,0.05060
Week 2,20 Jan 2009,0.05025,0.05072
Week 3,27 Jan 2009,0.04733,0.04765
Week 4,03 Feb 2009,0.04504,0.04539

Week 1,10 Feb 2009,0.04644,0.04697
Week 2,17 Feb 2009,0.04704,0.04742
Week 3,24 Feb 2009,0.04696,0.04755
Week 4,03 Mar 2009,0.04855,0.04917

Week 1,10 Mar 2009,0.04932,0.05000
Week 2,17 Mar 2009,0.04985,0.05023
Week 3,24 Mar 2009,0.04945,0.04982
Week 4,31 Mar 2009,0.04811,0.04877

Week 1,07 Apr 2009,0.04698,0.04721
Week 2,14 Apr 2009,0.04746,0.04813
Week 3,21 Apr 2009,0.04820,0.04888
Week 4,28 Apr 2009,0.04822,0.04846

Week 1,05 May 2009,0.04747,0.04810
Week 2,12 May 2009,0.04845,0.04885
Week 3,19 May 2009,0.04871,0.04901
Week 4,26 May 2009,0.04953,0.05033

Week 1,02 Jun 2009,0.04941,0.05017
Week 2,09 Jun 2009,0.04953,0.04988
Week 3,16 Jun 2009,0.04943,0.05006
Week 4,23 Jun 2009,0.04934,0.05001

Week 1,30 Jun 2009,0.04874,0.04956
Week 2,07 Jul 2009,0.04814,0.04855
Week 3,14 Jul 2009,0.04768,0.04816
Week 4,21 Jul 2009,0.04783,0.04836

Week 1,28 Jul 2009,0.04708,0.04745
Week 2,04 Aug 2009,0.04661,0.04699
Week 3,11 Aug 2009,0.04649,0.04689
Week 4,18 Aug 2009,0.04624,0.04755

Week 1,25 Aug 2009,0.04684,0.04804
Week 2,01 Sep 2009,0.04717,0.04735
Week 3,08 Sep 2009,0.04810,0.04831
Week 4,15 Sep 2009,0.04842,0.04869

Week 1,22 Sep 2009,0.04907,0.04949
Week 2,29 Sep 2009,0.04934,0.04977
Week 3,06 Oct 2009,0.04927,0.04952
Week 4,13 Oct 2009,0.04923,0.04966

Week 1,20 Oct 2009,0.05022,0.05041
Week 2,27 Oct 2009,0.05108,0.05164
Week 3,03 Nov 2009,0.05119,0.05131
Week 4,10 Nov 2009,0.05124,0.05137

Week 1,17 Nov 2009,0.05153,0.05168
Week 2,24 Nov 2009,0.05189,0.05203
Week 3,01 Dec 2009,0.05108,0.05122
Week 4,08 Dec 2009,0.04968,0.04982

Week 1,15 Dec 2009,0.04964,0.04985
Week 2,22 Dec 2009,0.05061,0.05078
Week 3,29 Dec 2009,0.04983,0.05020
Week 4,05 Jan 2010,0.04890,0.04911

Week 1,12 Jan 2010,0.04917,0.04952
Week 2,19 Jan 2010,0.04955,0.04968
Week 3,26 Jan 2010,0.04919,0.04936
Week 4,02 Feb 2010,0.04977,0.04989

Week 1,09 Feb 2010,0.04999,0.05015
Week 2,16 Feb 2010,0.05018,0.05065
Week 3,23 Feb 2010,0.05121,0.05170
Week 4,02 Mar 2010,0.05122,0.05208

Week 1,09 Mar 2010,0.05187,0.05202
Week 2,16 Mar 2010,0.05211,0.05224
Week 3,23 Mar 2010,0.05202,0.05214
Week 4,30 Mar 2010,0.05153,0.05200

Week 1,06 Apr 2010,0.05115,0.05127
Week 2,13 Apr 2010,0.05081,0.05130
Week 3,20 Apr 2010,0.05091,0.05103
Week 4,27 Apr 2010,0.05072,0.05104

Week 1,04 May 2010,0.05068,0.05156
Week 2,11 May 2010,0.05060,0.05071
Week 3,18 May 2010,0.05078,0.05088
Week 4,25 May 2010,0.05067,0.05088

Week 1,01 Jun 2010,0.05034,0.05120
Week 2,08 Jun 2010,0.05026,0.05036
Week 3,15 Jun 2010,0.04988,0.05043
Week 4,22 Jun 2010,0.05066,0.05076

Week 1,29 Jun 2010,0.05023,0.05107
Week 2,06 Jul 2010,0.05015,0.05026
Week 3,13 Jul 2010,0.05009,0.05093
Week 4,20 Jul 2010,0.04995,0.05042

Week 1,27 Jul 2010,0.04974,0.05021
Week 2,03 Aug 2010,0.05008,0.05020
Week 3,10 Aug 2010,0.04971,0.04984
Week 4,17 Aug 2010,0.04920,0.04970

Week 1,24 Aug 2010,0.04933,0.04982
Week 2,31 Aug 2010,0.04921,0.04936
Week 3,07 Sep 2010,0.04878,0.04892
Week 4,14 Sep 2010,0.04795,0.04876

Week 1,21 Sep 2010,0.04792,0.04805
Week 2,28 Sep 2010,0.04764,0.04778
Week 3,05 Oct 2010,0.04729,0.04775
Week 4,12 Oct 2010,0.04670,0.04690

Week 1,19 Oct 2010,0.04667,0.04679
Week 2,26 Oct 2010,0.04665,0.04678
Week 3,02 Nov 2010,0.04573,0.04586
Week 4,09 Nov 2010,0.04632,0.04646

Week 1,16 Nov 2010,0.04650,0.04665
Week 2,23 Nov 2010,0.04710,0.04722
Week 3,30 Nov 2010,0.04748,0.04758
Week 4,07 Dec 2010,0.04811,0.04825

Week 1,14 Dec 2010,0.04938,0.04989
Week 2,21 Dec 2010,0.05058,0.05073
Week 3,28 Dec 2010,0.05091,0.05107
Week 4,04 Jan 2011,0.05079,0.05091

Week 1,11 Jan 2011,0.05162,0.05173
Week 2,18 Jan 2011,0.05190,0.05243
Week 3,25 Jan 2011,0.05326,0.05338
Week 4,01 Feb 2011,0.05348,0.05417

Week 1,08 Feb 2011,0.05404,0.05423
Week 2,15 Feb 2011,0.05416,0.05426
Week 3,22 Feb 2011,0.05491,0.05501
Week 4,01 Mar 2011,0.05640,0.05655

Week 1,08 Mar 2011,0.05578,0.05590
Week 2,15 Mar 2011,0.05524,0.05538
Week 3,22 Mar 2011,0.05496,0.05528
Week 4,29 Mar 2011,0.05439,0.05453

Week 1,05 Apr 2011,0.05381,0.05397
Week 2,12 Apr 2011,0.05384,0.05398
Week 3,19 Apr 2011,0.05410,0.05424
Week 4,26 Apr 2011,0.05500,0.05516

Week 1,03 May 2011,0.05575,0.05590
Week 2,10 May 2011,0.05643,0.05659
Week 3,17 May 2011,0.05632,0.05652
Week 4,24 May 2011,0.05673,0.05686

Week 1,31 May 2011,0.05677,0.05695
Week 2,07 Jun 2011,0.05633,0.05708
Week 3,14 Jun 2011,0.05668,0.05698
Week 4,21 Jun 2011,0.05757,0.05778

Week 1,28 Jun 2011,0.05790,0.05803
Week 2,05 Jul 2011,0.05803,0.05818
Week 3,12 Jul 2011,0.05845,0.05859
Week 4,19 Jul 2011,0.05977,0.06012

Week 1,26 Jul 2011,0.06136,0.06153
Week 2,02 Aug 2011,0.06134,0.06151
Week 3,09 Aug 2011,0.06042,0.06074
Week 4,16 Aug 2011,0.06108,0.06198

Week 1,23 Aug 2011,0.06099,0.06123
Week 2,30 Aug 2011,0.05982,0.06012
Week 3,06 Sep 2011,0.05960,0.05984
Week 4,13 Sep 2011,0.05841,0.05866

Week 1,20 Sep 2011,0.05730,0.05750
Week 2,27 Sep 2011,0.05768,0.05787
Week 3,04 Oct 2011,0.05740,0.05773
Week 4,11 Oct 2011,0.05842,0.05907

Week 1,18 Oct 2011,0.05912,0.05986
Week 2,25 Oct 2011,0.05841,0.05864
Week 3,01 Nov 2011,0.05793,0.05819
Week 4,08 Nov 2011,0.05821,0.05876

Week 1,15 Nov 2011,0.05834,0.05927
Week 2,22 Nov 2011,0.05905,0.05992
Week 3,29 Nov 2011,0.05880,0.05976
Week 4,06 Dec 2011,0.05826,0.05920

Week 1,13 Dec 2011,0.05878,0.05917
Week 2,20 Dec 2011,0.05957,0.06041
Week 3,27 Dec 2011,0.05967,0.05997
Week 4,03 Jan 2012,0.05845,0.05921

Week 1,10 Jan 2012,0.05810,0.05898
Week 2,17 Jan 2012,0.05790,0.05887
Week 3,24 Jan 2012,0.05858,0.05943
Week 4,31 Jan 2012,0.05801,0.05878

Week 1,07 Feb 2012,0.05847,0.05884
Week 2,14 Feb 2012,0.05849,0.05888
Week 3,21 Feb 2012,0.05943,0.05961
Week 4,28 Feb 2012,0.06006,0.06053

Week 1,06 Mar 2012,0.06037,0.06060
Week 2,13 Mar 2012,0.06097,0.06114
Week 3,20 Mar 2012,0.06134,0.06210
Week 4,27 Mar 2012,0.06096,0.06111

Week 1,03 Apr 2012,0.06066,0.06082
Week 2,10 Apr 2012,0.06042,0.06109
Week 3,17 Apr 2012,0.06062,0.06080
Week 4,24 Apr 2012,0.06030,0.06048

Week 1,01 May 2012,0.05918,0.06014
Week 2,08 May 2012,0.05891,0.05928
Week 3,15 May 2012,0.05894,0.05909
Week 4,22 May 2012,0.05815,0.05830

Week 1,29 May 2012,0.05594,0.05640
Week 2,05 Jun 2012,0.05581,0.05619
Week 3,12 Jun 2012,0.05554,0.05624
Week 4,19 Jun 2012,0.05472,0.05535

Week 1,26 Jun 2012,0.05516,0.05533
Week 2,03 Jul 2012,0.05522,0.05591
Week 3,10 Jul 2012,0.05508,0.05581
Week 4,17 Jul 2012,0.05572,0.05638

Week 1,24 Jul 2012,0.05589,0.05629
Week 2,31 Jul 2012,0.05560,0.05576
Week 3,07 Aug 2012,0.05611,0.05626
Week 4,14 Aug 2012,0.05626,0.05640

Week 1,21 Aug 2012,0.05641,0.05658
Week 2,28 Aug 2012,0.05602,0.05669
Week 3,04 Sep 2012,0.05645,0.05657
Week 4,11 Sep 2012,0.05770,0.05794

Week 1,18 Sep 2012,0.05762,0.05823
Week 2,25 Sep 2012,0.05752,0.05766
Week 3,02 Oct 2012,0.05774,0.05810
Week 4,09 Oct 2012,0.05812,0.05836

Week 1,16 Oct 2012,0.05813,0.05851
Week 2,23 Oct 2012,0.05744,0.05757
Week 3,30 Oct 2012,0.05707,0.05720
Week 4,06 Nov 2012,0.05649,0.05681

Week 1,13 Nov 2012,0.05666,0.05703
Week 2,20 Nov 2012,0.05741,0.05773
Week 3,27 Nov 2012,0.05765,0.05796
Week 4,04 Dec 2012,0.05765,0.05816

Week 1,11 Dec 2012,0.05790,0.05819
Week 2,18 Dec 2012,0.05801,0.05814
Week 3,25 Dec 2012,0.05868,0.05884
Week 4,01 Jan 2013,0.05863,0.05879

Week 1,08 Jan 2013,0.05824,0.05898
Week 2,15 Jan 2013,0.05808,0.05844
Week 3,22 Jan 2013,0.05846,0.05885
Week 4,29 Jan 2013,0.05866,0.05878

Week 1,05 Feb 2013,0.05863,0.05875
Week 2,12 Feb 2013,0.05873,0.05885
Week 3,19 Feb 2013,0.05895,0.05908
Week 4,26 Feb 2013,0.05879,0.05893

Week 1,05 Mar 2013,0.05849,0.05863
Week 2,12 Mar 2013,0.05865,0.05901
Week 3,19 Mar 2013,0.05877,0.05893
Week 4,26 Mar 2013,0.05846,0.05862

Week 1,02 Apr 2013,0.05731,0.05741
Week 2,09 Apr 2013,0.05745,0.05764
Week 3,16 Apr 2013,0.05684,0.05704
Week 4,23 Apr 2013,0.05701,0.05768

Week 1,30 Apr 2013,0.05754,0.05773
Week 2,07 May 2013,0.05752,0.05768
Week 3,14 May 2013,0.05803,0.05818
Week 4,21 May 2013,0.05885,0.05902

Week 1,28 May 2013,0.05875,0.05904
Week 2,04 Jun 2013,0.05861,0.05878
Week 3,11 Jun 2013,0.05841,0.05857
Week 4,18 Jun 2013,0.05882,0.05899

Week 1,25 Jun 2013,0.05876,0.05895
Week 2,02 Jul 2013,0.05864,0.05879
Week 3,09 Jul 2013,0.05927,0.05948
Week 4,16 Jul 2013,0.05922,0.05936

Week 1,23 Jul 2013,0.05884,0.05906
Week 2,30 Jul 2013,0.05852,0.05869
Week 3,06 Aug 2013,0.05846,0.05858
Week 4,13 Aug 2013,0.05860,0.05873

Week 1,20 Aug 2013,0.05968,0.05981
Week 2,27 Aug 2013,0.06106,0.06126
Week 3,03 Sep 2013,0.06135,0.06149
Week 4,10 Sep 2013,0.06171,0.06185

Week 1,17 Sep 2013,0.06190,0.06208
Week 2,24 Sep 2013,0.06255,0.06272
Week 3,01 Oct 2013,0.06208,0.06224
Week 4,08 Oct 2013,0.06139,0.06160

Week 1,15 Oct 2013,0.06151,0.06174
Week 2,22 Oct 2013,0.06216,0.06231
Week 3,29 Oct 2013,0.06208,0.06229
Week 4,05 Nov 2013,0.06240,0.06256

Week 1,12 Nov 2013,0.06227,0.06240
Week 2,19 Nov 2013,0.06135,0.06159
Week 3,26 Nov 2013,0.06086,0.06099
Week 4,03 Dec 2013,0.06156,0.06169

Week 1,10 Dec 2013,0.06204,0.06216
Week 2,17 Dec 2013,0.06255,0.06268
Week 3,24 Dec 2013,0.06471,0.06487
Week 4,31 Dec 2013,0.06533,0.06551

Week 1,07 Jan 2014,0.06553,0.06568
Week 2,14 Jan 2014,0.06589,0.06603
Week 3,21 Jan 2014,0.06684,0.06698
Week 4,28 Jan 2014,0.06468,0.06487

Week 1,04 Feb 2014,0.06392,0.06409
Week 2,11 Feb 2014,0.06271,0.06284
Week 3,18 Feb 2014,0.06152,0.06164
Week 4,25 Feb 2014,0.06151,0.06164

Week 1,04 Mar 2014,0.06074,0.06090
Week 2,11 Mar 2014,0.06079,0.06100
Week 3,18 Mar 2014,0.06134,0.06152
Week 4,25 Mar 2014,0.06155,0.06186

Week 1,01 Apr 2014,0.06024,0.06052
Week 2,08 Apr 2014,0.05918,0.05934
Week 3,15 Apr 2014,0.05926,0.05959
Week 4,22 Apr 2014,0.05958,0.05973

Week 1,29 Apr 2014,0.05901,0.05918
Week 2,06 May 2014,0.05898,0.05912
Week 3,13 May 2014,0.05977,0.05998
Week 4,20 May 2014,0.06082,0.06100

Week 1,27 May 2014,0.06049,0.06065
Week 2,03 Jun 2014,0.06024,0.06042
Week 3,10 Jun 2014,0.06119,0.06132
Week 4,17 Jun 2014,0.06190,0.06204

Week 1,24 Jun 2014,0.06292,0.06304
Week 2,01 Jul 2014,0.06203,0.06225
Week 3,08 Jul 2014,0.06202,0.06215
Week 4,15 Jul 2014,0.06102,0.06119

Week 1,22 Jul 2014,0.05985,0.05999
Week 2,29 Jul 2014,0.05950,0.05965
Week 3,05 Aug 2014,0.05943,0.05957
Week 4,12 Aug 2014,0.05980,0.05994

Week 1,19 Aug 2014,0.06006,0.06023
Week 2,26 Aug 2014,0.05915,0.05937
Week 3,02 Sep 2014,0.05824,0.05838
Week 4,09 Sep 2014,0.05866,0.05884

Week 1,16 Sep 2014,0.05782,0.05797
Week 2,23 Sep 2014,0.05801,0.05819
Week 3,30 Sep 2014,0.05735,0.05750
Week 4,07 Oct 2014,0.05676,0.05690

Week 1,14 Oct 2014,0.05543,0.05564
Week 2,21 Oct 2014,0.05395,0.05407
Week 3,28 Oct 2014,0.05178,0.05201
Week 4,04 Nov 2014,0.04941,0.04971

Week 1,11 Nov 2014,0.04812,0.04824
Week 2,18 Nov 2014,0.04794,0.04802
Week 3,25 Nov 2014,0.04653,0.04669
Week 4,02 Dec 2014,0.04244,0.04256

Week 1,09 Dec 2014,0.04095,0.04119
Week 2,16 Dec 2014,0.03630,0.03651
Week 3,23 Dec 2014,0.04274,0.04295
Week 4,30 Dec 2014,0.03964,0.04014

Week 1,06 Jan 2015,0.03734,0.03771
Week 2,13 Jan 2015,0.03563,0.03572
Week 3,20 Jan 2015,0.03625,0.03636
Week 4,27 Jan 2015,0.03496,0.03503

Week 1,03 Feb 2015,0.03637,0.03650
Week 2,10 Feb 2015,0.03810,0.03819
Week 3,17 Feb 2015,0.03950,0.03964
Week 4,24 Feb 2015,0.04013,0.04028

Week 1,03 Mar 2015,0.04204,0.04214
Week 2,10 Mar 2015,0.04247,0.04260
Week 3,17 Mar 2015,0.04292,0.04302
Week 4,24 Mar 2015,0.04467,0.04479

Week 1,31 Mar 2015,0.04520,0.04532
Week 2,07 Apr 2015,0.04839,0.04854
Week 3,14 Apr 2015,0.05215,0.05229
Week 4,21 Apr 2015,0.05219,0.05234

Week 1,28 Apr 2015,0.05178,0.05230
Week 2,05 May 2015,0.05297,0.05318
Week 3,12 May 2015,0.05245,0.05264
Week 4,19 May 2015,0.05207,0.05226

Week 1,26 May 2015,0.05108,0.05127
Week 2,02 Jun 2015,0.04864,0.04887
Week 3,09 Jun 2015,0.04940,0.04968
Week 4,16 Jun 2015,0.05016,0.05027

Week 1,23 Jun 2015,0.04899,0.04909
Week 2,30 Jun 2015,0.04826,0.04838
Week 3,07 Jul 2015,0.04713,0.04725
Week 4,14 Jul 2015,0.04658,0.04670

Week 1,21 Jul 2015,0.04706,0.04713
Week 2,28 Jul 2015,0.04589,0.04601
Week 3,04 Aug 2015,0.04369,0.04380
Week 4,11 Aug 2015,0.04346,0.04357

Week 1,18 Aug 2015,0.04315,0.04326
Week 2,25 Aug 2015,0.04326,0.04341
Week 3,01 Sep 2015,0.04409,0.04423
Week 4,08 Sep 2015,0.04451,0.04461

Week 1,15 Sep 2015,0.04541,0.04552
Week 2,22 Sep 2015,0.04593,0.04607
Week 3,29 Sep 2015,0.04584,0.04596
Week 4,06 Oct 2015,0.04688,0.04699

Week 1,13 Oct 2015,0.04701,0.04715
Week 2,20 Oct 2015,0.04646,0.04658
Week 3,27 Oct 2015,0.04542,0.04552
Week 4,03 Nov 2015,0.04496,0.04504

Week 1,10 Nov 2015,0.04391,0.04404
Week 2,17 Nov 2015,0.04389,0.04401
Week 3,24 Nov 2015,0.04384,0.04395
Week 4,01 Dec 2015,0.04301,0.04312

Week 1,08 Dec 2015,0.04247,0.04258
Week 2,15 Dec 2015,0.04168,0.04178
Week 3,22 Dec 2015,0.04126,0.04135
Week 4,29 Dec 2015,0.03997,0.04003

Week 1,05 Jan 2016,0.04144,0.04149
Week 2,12 Jan 2016,0.03991,0.04001
Week 3,19 Jan 2016,0.03776,0.03796
Week 4,26 Jan 2016,0.03883,0.03893

Week 1,02 Feb 2016,0.03789,0.03796
Week 2,09 Feb 2016,0.03720,0.03728
Week 3,16 Feb 2016,0.03840,0.03848
Week 4,23 Feb 2016,0.03880,0.03887

Week 1,01 Mar 2016,0.03988,0.03994
Week 2,08 Mar 2016,0.04084,0.04095
Week 3,15 Mar 2016,0.04147,0.04153
Week 4,22 Mar 2016,0.04214,0.04221

Week 1,29 Mar 2016,0.04181,0.04188
Week 2,05 Apr 2016,0.04183,0.04189
Week 3,12 Apr 2016,0.04291,0.04299
Week 4,19 Apr 2016,0.04277,0.04284

Week 1,26 Apr 2016,0.04307,0.04314
Week 2,03 May 2016,0.04378,0.04383
Week 3,10 May 2016,0.04504,0.04511
Week 4,17 May 2016,0.04512,0.04518

Week 1,24 May 2016,0.04468,0.04473
Week 2,31 May 2016,0.04426,0.04433
Week 3,07 Jun 2016,0.04481,0.04491
Week 4,14 Jun 2016,0.04476,0.04484

Week 1,21 Jun 2016,0.04511,0.04521
Week 2,28 Jun 2016,0.04518,0.04526
Week 3,05 Jul 2016,0.04537,0.04550
Week 4,12 Jul 2016,0.04603,0.04617

Week 1,19 Jul 2016,0.04748,0.04761
Week 2,26 Jul 2016,0.04563,0.04572
Week 3,02 Aug 2016,0.04538,0.04546
Week 4,09 Aug 2016,0.04577,0.04587

Week 1,16 Aug 2016,0.04584,0.04595
Week 2,23 Aug 2016,0.04547,0.04560
Week 3,30 Aug 2016,0.04526,0.04536
Week 4,06 Sep 2016,0.04563,0.04573

Week 1,13 Sep 2016,0.04575,0.04587
Week 2,20 Sep 2016,0.04610,0.04621
Week 3,27 Sep 2016,0.04714,0.04725
Week 4,04 Oct 2016,0.04876,0.04886

Week 1,11 Oct 2016,0.04909,0.04922
Week 2,18 Oct 2016,0.04918,0.04932
Week 3,25 Oct 2016,0.04933,0.04944
Week 4,01 Nov 2016,0.04896,0.04913

Week 1,08 Nov 2016,0.04963,0.04981
Week 2,15 Nov 2016,0.05110,0.05124
Week 3,22 Nov 2016,0.05285,0.05300
Week 4,29 Nov 2016,0.05384,0.05402

Week 1,06 Dec 2016,0.05478,0.05493
Week 2,13 Dec 2016,0.05679,0.05696
Week 3,20 Dec 2016,0.05730,0.05749
Week 4,27 Dec 2016,0.05778,0.05802

Week 1,03 Jan 2017,0.05959,0.05980
Week 2,10 Jan 2017,0.06288,0.06304
Week 3,17 Jan 2017,0.06344,0.06364
Week 4,24 Jan 2017,0.06401,0.06421

Week 1,31 Jan 2017,0.06282,0.06305
Week 2,07 Feb 2017,0.06286,0.06309
Week 3,14 Feb 2017,0.06315,0.06336
Week 4,21 Feb 2017,0.06201,0.06217

Week 1,28 Feb 2017,0.06283,0.06302
Week 2,07 Mar 2017,0.06340,0.06361
Week 3,14 Mar 2017,0.06312,0.06334
Week 4,21 Mar 2017,0.06308,0.06323

Week 1,28 Mar 2017,0.06417,0.06437
Week 2,04 Apr 2017,0.06518,0.06537
Week 3,11 Apr 2017,0.06530,0.06553
Week 4,18 Apr 2017,0.06485,0.06505

Week 1,25 Apr 2017,0.06296,0.06312
Week 2,02 May 2017,0.06146,0.06160
Week 3,09 May 2017,0.06208,0.06226
Week 4,16 May 2017,0.06275,0.06292

Week 1,23 May 2017,0.06310,0.06324
Week 2,30 May 2017,0.06242,0.06257
Week 3,06 Jun 2017,0.06202,0.06217
Week 4,13 Jun 2017,0.06107,0.06121

Week 1,20 Jun 2017,0.05919,0.05932
Week 2,27 Jun 2017,0.05939,0.05953
Week 3,04 Jul 2017,0.05989,0.06002
Week 4,11 Jul 2017,0.05966,0.05978

Week 1,18 Jul 2017,0.05963,0.05975
Week 2,25 Jul 2017,0.05929,0.05944
Week 3,01 Aug 2017,0.05865,0.05877
Week 4,08 Aug 2017,0.05894,0.05905

Week 1,15 Aug 2017,0.05925,0.05939
Week 2,22 Aug 2017,0.05891,0.05904
Week 3,29 Aug 2017,0.05917,0.05931
Week 4,05 Sep 2017,0.05955,0.05969

Week 1,12 Sep 2017,0.05961,0.05973
Week 2,19 Sep 2017,0.06032,0.06047
Week 3,26 Sep 2017,0.06157,0.06169
Week 4,03 Oct 2017,0.06197,0.06210

Week 1,10 Oct 2017,0.06343,0.06357
Week 2,17 Oct 2017,0.06378,0.06391
Week 3,24 Oct 2017,0.06504,0.06517
Week 4,31 Oct 2017,0.06539,0.06552

Week 1,07 Nov 2017,0.06534,0.06545
Week 2,14 Nov 2017,0.06505,0.06518
Week 3,21 Nov 2017,0.06696,0.06715
Week 4,28 Nov 2017,0.06700,0.06714

Week 1,05 Dec 2017,0.06572,0.06584

