RUB->SAR

Week 1,01 Dec 1998,0.18721,0.18954
Week 2,08 Dec 1998,0.17587,0.17884
Week 3,15 Dec 1998,0.17096,0.17294
Week 4,22 Dec 1998,0.17816,0.18052

Week 1,29 Dec 1998,0.17042,0.17942
Week 2,05 Jan 1999,0.16049,0.16285
Week 3,12 Jan 1999,0.16302,0.16473
Week 4,19 Jan 1999,0.16132,0.16267

Week 1,26 Jan 1999,0.16228,0.16301
Week 2,02 Feb 1999,0.16085,0.16152
Week 3,09 Feb 1999,0.16215,0.16284
Week 4,16 Feb 1999,0.16194,0.16292

Week 1,23 Feb 1999,0.16222,0.16319
Week 2,02 Mar 1999,0.16036,0.16098
Week 3,09 Mar 1999,0.15954,0.16038
Week 4,16 Mar 1999,0.15608,0.15695

Week 1,23 Mar 1999,0.14246,0.14496
Week 2,30 Mar 1999,0.14458,0.14608
Week 3,06 Apr 1999,0.14323,0.14462
Week 4,13 Apr 1999,0.14593,0.14671

Week 1,20 Apr 1999,0.14925,0.15082
Week 2,27 Apr 1999,0.15119,0.15256
Week 3,04 May 1999,0.15379,0.15530
Week 4,11 May 1999,0.14760,0.15006

Week 1,18 May 1999,0.15088,0.15156
Week 2,25 May 1999,0.15201,0.15267
Week 3,01 Jun 1999,0.15147,0.15185
Week 4,08 Jun 1999,0.15221,0.15288

Week 1,15 Jun 1999,0.15291,0.15362
Week 2,22 Jun 1999,0.15335,0.15414
Week 3,29 Jun 1999,0.15290,0.15372
Week 4,06 Jul 1999,0.15242,0.15348

Week 1,13 Jul 1999,0.15341,0.15417
Week 2,20 Jul 1999,0.15362,0.15455
Week 3,27 Jul 1999,0.15436,0.15478
Week 4,03 Aug 1999,0.15421,0.15442

Week 1,10 Aug 1999,0.15079,0.15172
Week 2,17 Aug 1999,0.15069,0.15160
Week 3,24 Aug 1999,0.15059,0.15135
Week 4,31 Aug 1999,0.14612,0.14698

Week 1,07 Sep 1999,0.14446,0.14567
Week 2,14 Sep 1999,0.14642,0.14751
Week 3,21 Sep 1999,0.14761,0.14821
Week 4,28 Sep 1999,0.14706,0.14833

Week 1,05 Oct 1999,0.14512,0.14561
Week 2,12 Oct 1999,0.14536,0.14552
Week 3,19 Oct 1999,0.14512,0.14560
Week 4,26 Oct 1999,0.14373,0.14415

Week 1,02 Nov 1999,0.14220,0.14294
Week 2,09 Nov 1999,0.14246,0.14283
Week 3,16 Nov 1999,0.14172,0.14210
Week 4,23 Nov 1999,0.14134,0.14175

Week 1,30 Nov 1999,0.14071,0.14163
Week 2,07 Dec 1999,0.13934,0.13971
Week 3,14 Dec 1999,0.13966,0.13991
Week 4,21 Dec 1999,0.13950,0.13979

Week 1,28 Dec 1999,0.13663,0.13693
Week 2,04 Jan 2000,0.13637,0.13714
Week 3,11 Jan 2000,0.13112,0.13157
Week 4,18 Jan 2000,0.13111,0.13135

Week 1,25 Jan 2000,0.13112,0.13135
Week 2,01 Feb 2000,0.13042,0.13065
Week 3,08 Feb 2000,0.13019,0.13042
Week 4,15 Feb 2000,0.13013,0.13027

Week 1,22 Feb 2000,0.13024,0.13044
Week 2,29 Feb 2000,0.13086,0.13107
Week 3,07 Mar 2000,0.13125,0.13145
Week 4,14 Mar 2000,0.13169,0.13191

Week 1,21 Mar 2000,0.13204,0.13228
Week 2,28 Mar 2000,0.13138,0.13159
Week 3,04 Apr 2000,0.13057,0.13078
Week 4,11 Apr 2000,0.13121,0.13144

Week 1,18 Apr 2000,0.13077,0.13101
Week 2,25 Apr 2000,0.13160,0.13182
Week 3,02 May 2000,0.13192,0.13209
Week 4,09 May 2000,0.13231,0.13249

Week 1,16 May 2000,0.13230,0.13246
Week 2,23 May 2000,0.13238,0.13261
Week 3,30 May 2000,0.13226,0.13249
Week 4,06 Jun 2000,0.13225,0.13246

Week 1,13 Jun 2000,0.13224,0.13247
Week 2,20 Jun 2000,0.13283,0.13305
Week 3,27 Jun 2000,0.13347,0.13365
Week 4,04 Jul 2000,0.13377,0.13390

Week 1,11 Jul 2000,0.13445,0.13455
Week 2,18 Jul 2000,0.13545,0.13553
Week 3,25 Jul 2000,0.13513,0.13524
Week 4,01 Aug 2000,0.13493,0.13506

Week 1,08 Aug 2000,0.13530,0.13544
Week 2,15 Aug 2000,0.13509,0.13520
Week 3,22 Aug 2000,0.13523,0.13535
Week 4,29 Aug 2000,0.13503,0.13513

Week 1,05 Sep 2000,0.13457,0.13468
Week 2,12 Sep 2000,0.13493,0.13504
Week 3,19 Sep 2000,0.13474,0.13485
Week 4,26 Sep 2000,0.13491,0.13504

Week 1,03 Oct 2000,0.13453,0.13464
Week 2,10 Oct 2000,0.13441,0.13452
Week 3,17 Oct 2000,0.13429,0.13440
Week 4,24 Oct 2000,0.13448,0.13459

Week 1,31 Oct 2000,0.13461,0.13473
Week 2,07 Nov 2000,0.13481,0.13493
Week 3,14 Nov 2000,0.13493,0.13503
Week 4,21 Nov 2000,0.13446,0.13457

Week 1,28 Nov 2000,0.13448,0.13459
Week 2,05 Dec 2000,0.13410,0.13421
Week 3,12 Dec 2000,0.13411,0.13422
Week 4,19 Dec 2000,0.13394,0.13406

Week 1,26 Dec 2000,0.13204,0.13216
Week 2,02 Jan 2001,0.13168,0.13180
Week 3,09 Jan 2001,0.13218,0.13229
Week 4,16 Jan 2001,0.13221,0.13231

Week 1,23 Jan 2001,0.13204,0.13214
Week 2,30 Jan 2001,0.13179,0.13190
Week 3,06 Feb 2001,0.13119,0.13129
Week 4,13 Feb 2001,0.13069,0.13081

Week 1,20 Feb 2001,0.13048,0.13058
Week 2,27 Feb 2001,0.13066,0.13076
Week 3,06 Mar 2001,0.13073,0.13083
Week 4,13 Mar 2001,0.13076,0.13086

Week 1,20 Mar 2001,0.13048,0.13059
Week 2,27 Mar 2001,0.13029,0.13040
Week 3,03 Apr 2001,0.12992,0.13003
Week 4,10 Apr 2001,0.12998,0.13009

Week 1,17 Apr 2001,0.12972,0.12981
Week 2,24 Apr 2001,0.12970,0.12979
Week 3,01 May 2001,0.12950,0.12960
Week 4,08 May 2001,0.12937,0.12947

Week 1,15 May 2001,0.12892,0.12902
Week 2,22 May 2001,0.12883,0.12891
Week 3,29 May 2001,0.12878,0.12887
Week 4,05 Jun 2001,0.12850,0.12861

Week 1,12 Jun 2001,0.12876,0.12886
Week 2,19 Jun 2001,0.12875,0.12885
Week 3,26 Jun 2001,0.12870,0.12880
Week 4,03 Jul 2001,0.12841,0.12850

Week 1,10 Jul 2001,0.12830,0.12840
Week 2,17 Jul 2001,0.12810,0.12820
Week 3,24 Jul 2001,0.12805,0.12815
Week 4,31 Jul 2001,0.12772,0.12782

Week 1,07 Aug 2001,0.12779,0.12789
Week 2,14 Aug 2001,0.12772,0.12782
Week 3,21 Aug 2001,0.12764,0.12772
Week 4,28 Aug 2001,0.12748,0.12756

Week 1,04 Sep 2001,0.12731,0.12741
Week 2,11 Sep 2001,0.12725,0.12728
Week 3,18 Sep 2001,0.12733,0.12737
Week 4,25 Sep 2001,0.12739,0.12745

Week 1,02 Oct 2001,0.12738,0.12743
Week 2,09 Oct 2001,0.12720,0.12728
Week 3,16 Oct 2001,0.12688,0.12697
Week 4,23 Oct 2001,0.12673,0.12681

Week 1,30 Oct 2001,0.12610,0.12620
Week 2,06 Nov 2001,0.12603,0.12611
Week 3,13 Nov 2001,0.12598,0.12606
Week 4,20 Nov 2001,0.12566,0.12572

Week 1,27 Nov 2001,0.12554,0.12559
Week 2,04 Dec 2001,0.12552,0.12556
Week 3,11 Dec 2001,0.12505,0.12512
Week 4,18 Dec 2001,0.12463,0.12467

Week 1,25 Dec 2001,0.12361,0.12379
Week 2,01 Jan 2002,0.12275,0.12293
Week 3,08 Jan 2002,0.12282,0.12291
Week 4,15 Jan 2002,0.12268,0.12275

Week 1,22 Jan 2002,0.12250,0.12256
Week 2,29 Jan 2002,0.12211,0.12217
Week 3,05 Feb 2002,0.12191,0.12197
Week 4,12 Feb 2002,0.12149,0.12153

Week 1,19 Feb 2002,0.12127,0.12132
Week 2,26 Feb 2002,0.12100,0.12105
Week 3,05 Mar 2002,0.12077,0.12083
Week 4,12 Mar 2002,0.12056,0.12060

Week 1,19 Mar 2002,0.12030,0.12035
Week 2,26 Mar 2002,0.12029,0.12033
Week 3,02 Apr 2002,0.12011,0.12017
Week 4,09 Apr 2002,0.12010,0.12015

Week 1,16 Apr 2002,0.12022,0.12026
Week 2,23 Apr 2002,0.12020,0.12025
Week 3,30 Apr 2002,0.12001,0.12005
Week 4,07 May 2002,0.12001,0.12006

Week 1,14 May 2002,0.11990,0.11995
Week 2,21 May 2002,0.11982,0.11987
Week 3,28 May 2002,0.11966,0.11972
Week 4,04 Jun 2002,0.11945,0.11951

Week 1,11 Jun 2002,0.11929,0.11935
Week 2,18 Jun 2002,0.11929,0.11934
Week 3,25 Jun 2002,0.11903,0.11906
Week 4,02 Jul 2002,0.11889,0.11895

Week 1,09 Jul 2002,0.11881,0.11886
Week 2,16 Jul 2002,0.11884,0.11889
Week 3,23 Jul 2002,0.11885,0.11890
Week 4,30 Jul 2002,0.11889,0.11893

Week 1,06 Aug 2002,0.11867,0.11872
Week 2,13 Aug 2002,0.11874,0.11878
Week 3,20 Aug 2002,0.11869,0.11875
Week 4,27 Aug 2002,0.11865,0.11870

Week 1,03 Sep 2002,0.11851,0.11856
Week 2,10 Sep 2002,0.11842,0.11849
Week 3,17 Sep 2002,0.11843,0.11847
Week 4,24 Sep 2002,0.11836,0.11844

Week 1,01 Oct 2002,0.11821,0.11828
Week 2,08 Oct 2002,0.11828,0.11838
Week 3,15 Oct 2002,0.11826,0.11835
Week 4,22 Oct 2002,0.11812,0.11817

Week 1,29 Oct 2002,0.11795,0.11804
Week 2,05 Nov 2002,0.11783,0.11788
Week 3,12 Nov 2002,0.11777,0.11781
Week 4,19 Nov 2002,0.11777,0.11784

Week 1,26 Nov 2002,0.11775,0.11781
Week 2,03 Dec 2002,0.11767,0.11774
Week 3,10 Dec 2002,0.11766,0.11773
Week 4,17 Dec 2002,0.11766,0.11775

Week 1,24 Dec 2002,0.11787,0.11794
Week 2,31 Dec 2002,0.11740,0.11753
Week 3,07 Jan 2003,0.11765,0.11777
Week 4,14 Jan 2003,0.11778,0.11789

Week 1,21 Jan 2003,0.11784,0.11796
Week 2,28 Jan 2003,0.11777,0.11792
Week 3,04 Feb 2003,0.11774,0.11788
Week 4,11 Feb 2003,0.11830,0.11848

Week 1,18 Feb 2003,0.11880,0.11895
Week 2,25 Feb 2003,0.11867,0.11882
Week 3,04 Mar 2003,0.11871,0.11884
Week 4,11 Mar 2003,0.11925,0.11942

Week 1,18 Mar 2003,0.11939,0.11953
Week 2,25 Mar 2003,0.11942,0.11959
Week 3,01 Apr 2003,0.11977,0.11990
Week 4,08 Apr 2003,0.11986,0.11995

Week 1,15 Apr 2003,0.12020,0.12026
Week 2,22 Apr 2003,0.12055,0.12059
Week 3,29 Apr 2003,0.12052,0.12057
Week 4,06 May 2003,0.12056,0.12061

Week 1,13 May 2003,0.12113,0.12118
Week 2,20 May 2003,0.12175,0.12180
Week 3,27 May 2003,0.12216,0.12222
Week 4,03 Jun 2003,0.12242,0.12248

Week 1,10 Jun 2003,0.12286,0.12293
Week 2,17 Jun 2003,0.12350,0.12356
Week 3,24 Jun 2003,0.12351,0.12359
Week 4,01 Jul 2003,0.12372,0.12380

Week 1,08 Jul 2003,0.12334,0.12340
Week 2,15 Jul 2003,0.12309,0.12316
Week 3,22 Jul 2003,0.12366,0.12372
Week 4,29 Jul 2003,0.12367,0.12372

Week 1,05 Aug 2003,0.12350,0.12355
Week 2,12 Aug 2003,0.12356,0.12363
Week 3,19 Aug 2003,0.12372,0.12380
Week 4,26 Aug 2003,0.12308,0.12318

Week 1,02 Sep 2003,0.12239,0.12247
Week 2,09 Sep 2003,0.12219,0.12226
Week 3,16 Sep 2003,0.12252,0.12259
Week 4,23 Sep 2003,0.12300,0.12307

Week 1,30 Sep 2003,0.12290,0.12299
Week 2,07 Oct 2003,0.12399,0.12407
Week 3,14 Oct 2003,0.12452,0.12460
Week 4,21 Oct 2003,0.12529,0.12537

Week 1,28 Oct 2003,0.12515,0.12526
Week 2,04 Nov 2003,0.12573,0.12581
Week 3,11 Nov 2003,0.12573,0.12580
Week 4,18 Nov 2003,0.12581,0.12590

Week 1,25 Nov 2003,0.12607,0.12615
Week 2,02 Dec 2003,0.12635,0.12645
Week 3,09 Dec 2003,0.12726,0.12734
Week 4,16 Dec 2003,0.12802,0.12811

Week 1,23 Dec 2003,0.12799,0.12807
Week 2,30 Dec 2003,0.12809,0.12820
Week 3,06 Jan 2004,0.12884,0.12890
Week 4,13 Jan 2004,0.12998,0.13006

Week 1,20 Jan 2004,0.13091,0.13099
Week 2,27 Jan 2004,0.13156,0.13162
Week 3,03 Feb 2004,0.13134,0.13143
Week 4,10 Feb 2004,0.13172,0.13178

Week 1,17 Feb 2004,0.13156,0.13165
Week 2,24 Feb 2004,0.13143,0.13153
Week 3,02 Mar 2004,0.13118,0.13127
Week 4,09 Mar 2004,0.13134,0.13144

Week 1,16 Mar 2004,0.13145,0.13151
Week 2,23 Mar 2004,0.13160,0.13164
Week 3,30 Mar 2004,0.13154,0.13161
Week 4,06 Apr 2004,0.13139,0.13147

Week 1,13 Apr 2004,0.13092,0.13100
Week 2,20 Apr 2004,0.12977,0.12985
Week 3,27 Apr 2004,0.12950,0.12959
Week 4,04 May 2004,0.12947,0.12958

Week 1,11 May 2004,0.12909,0.12918
Week 2,18 May 2004,0.12932,0.12942
Week 3,25 May 2004,0.12925,0.12934
Week 4,01 Jun 2004,0.12909,0.12919

Week 1,08 Jun 2004,0.12912,0.12924
Week 2,15 Jun 2004,0.12914,0.12928
Week 3,22 Jun 2004,0.12914,0.12929
Week 4,29 Jun 2004,0.12908,0.12919

Week 1,06 Jul 2004,0.12891,0.12903
Week 2,13 Jul 2004,0.12879,0.12890
Week 3,20 Jul 2004,0.12886,0.12897
Week 4,27 Jul 2004,0.12884,0.12895

Week 1,03 Aug 2004,0.12844,0.12854
Week 2,10 Aug 2004,0.12814,0.12825
Week 3,17 Aug 2004,0.12829,0.12840
Week 4,24 Aug 2004,0.12826,0.12839

Week 1,31 Aug 2004,0.12826,0.12837
Week 2,07 Sep 2004,0.12830,0.12841
Week 3,14 Sep 2004,0.12830,0.12841
Week 4,21 Sep 2004,0.12832,0.12842

Week 1,28 Sep 2004,0.12830,0.12839
Week 2,05 Oct 2004,0.12829,0.12838
Week 3,12 Oct 2004,0.12856,0.12867
Week 4,19 Oct 2004,0.12909,0.12918

Week 1,26 Oct 2004,0.13031,0.13042
Week 2,02 Nov 2004,0.13052,0.13061
Week 3,09 Nov 2004,0.13076,0.13084
Week 4,16 Nov 2004,0.13111,0.13122

Week 1,23 Nov 2004,0.13209,0.13220
Week 2,30 Nov 2004,0.13389,0.13397
Week 3,07 Dec 2004,0.13384,0.13393
Week 4,14 Dec 2004,0.13412,0.13424

Week 1,21 Dec 2004,0.13464,0.13473
Week 2,28 Dec 2004,0.13502,0.13514
Week 3,04 Jan 2005,0.13488,0.13507
Week 4,11 Jan 2005,0.13434,0.13444

Week 1,18 Jan 2005,0.13341,0.13350
Week 2,25 Jan 2005,0.13354,0.13363
Week 3,01 Feb 2005,0.13376,0.13385
Week 4,08 Feb 2005,0.13334,0.13343

Week 1,15 Feb 2005,0.13402,0.13411
Week 2,22 Feb 2005,0.13493,0.13500
Week 3,01 Mar 2005,0.13533,0.13542
Week 4,08 Mar 2005,0.13613,0.13621

Week 1,15 Mar 2005,0.13637,0.13645
Week 2,22 Mar 2005,0.13553,0.13563
Week 3,29 Mar 2005,0.13464,0.13471
Week 4,05 Apr 2005,0.13455,0.13462

Week 1,12 Apr 2005,0.13461,0.13470
Week 2,19 Apr 2005,0.13520,0.13526
Week 3,26 Apr 2005,0.13502,0.13510
Week 4,03 May 2005,0.13485,0.13492

Week 1,10 May 2005,0.13439,0.13447
Week 2,17 May 2005,0.13386,0.13396
Week 3,24 May 2005,0.13373,0.13379
Week 4,31 May 2005,0.13238,0.13245

Week 1,07 Jun 2005,0.13184,0.13189
Week 2,14 Jun 2005,0.13140,0.13145
Week 3,21 Jun 2005,0.13106,0.13111
Week 4,28 Jun 2005,0.13098,0.13102

Week 1,05 Jul 2005,0.13019,0.13024
Week 2,12 Jul 2005,0.13078,0.13083
Week 3,19 Jul 2005,0.13081,0.13087
Week 4,26 Jul 2005,0.13083,0.13089

Week 1,02 Aug 2005,0.13166,0.13172
Week 2,09 Aug 2005,0.13223,0.13229
Week 3,16 Aug 2005,0.13143,0.13149
Week 4,23 Aug 2005,0.13166,0.13171

Week 1,30 Aug 2005,0.13202,0.13208
Week 2,06 Sep 2005,0.13276,0.13282
Week 3,13 Sep 2005,0.13215,0.13222
Week 4,20 Sep 2005,0.13192,0.13197

Week 1,27 Sep 2005,0.13150,0.13156
Week 2,04 Oct 2005,0.13139,0.13145
Week 3,11 Oct 2005,0.13131,0.13138
Week 4,18 Oct 2005,0.13105,0.13110

Week 1,25 Oct 2005,0.13166,0.13172
Week 2,01 Nov 2005,0.13120,0.13126
Week 3,08 Nov 2005,0.13007,0.13012
Week 4,15 Nov 2005,0.12996,0.13003

Week 1,22 Nov 2005,0.13029,0.13034
Week 2,29 Nov 2005,0.12985,0.12990
Week 3,06 Dec 2005,0.12968,0.12974
Week 4,13 Dec 2005,0.13072,0.13078

Week 1,20 Dec 2005,0.13038,0.13043
Week 2,27 Dec 2005,0.13031,0.13036
Week 3,03 Jan 2006,0.13063,0.13067
Week 4,10 Jan 2006,0.13156,0.13161

Week 1,17 Jan 2006,0.13259,0.13264
Week 2,24 Jan 2006,0.13391,0.13396
Week 3,31 Jan 2006,0.13306,0.13311
Week 4,07 Feb 2006,0.13282,0.13287

Week 1,14 Feb 2006,0.13294,0.13299
Week 2,21 Feb 2006,0.13299,0.13307
Week 3,28 Feb 2006,0.13385,0.13391
Week 4,07 Mar 2006,0.13378,0.13382

Week 1,14 Mar 2006,0.13484,0.13489
Week 2,21 Mar 2006,0.13496,0.13502
Week 3,28 Mar 2006,0.13449,0.13456
Week 4,04 Apr 2006,0.13573,0.13578

Week 1,11 Apr 2006,0.13536,0.13540
Week 2,18 Apr 2006,0.13634,0.13638
Week 3,25 Apr 2006,0.13714,0.13719
Week 4,02 May 2006,0.13810,0.13815

Week 1,09 May 2006,0.13884,0.13890
Week 2,16 May 2006,0.13869,0.13875
Week 3,23 May 2006,0.13868,0.13875
Week 4,30 May 2006,0.13922,0.13928

Week 1,06 Jun 2006,0.13929,0.13934
Week 2,13 Jun 2006,0.13880,0.13887
Week 3,20 Jun 2006,0.13854,0.13859
Week 4,27 Jun 2006,0.13897,0.13902

Week 1,04 Jul 2006,0.13958,0.13964
Week 2,11 Jul 2006,0.13921,0.13926
Week 3,18 Jul 2006,0.13914,0.13921
Week 4,25 Jul 2006,0.13953,0.13958

Week 1,01 Aug 2006,0.14017,0.14023
Week 2,08 Aug 2006,0.14013,0.14019
Week 3,15 Aug 2006,0.14010,0.14018
Week 4,22 Aug 2006,0.14008,0.14017

Week 1,29 Aug 2006,0.14017,0.14026
Week 2,05 Sep 2006,0.14022,0.14030
Week 3,12 Sep 2006,0.13991,0.14000
Week 4,19 Sep 2006,0.14028,0.14037

Week 1,26 Sep 2006,0.14006,0.14014
Week 2,03 Oct 2006,0.13981,0.13988
Week 3,10 Oct 2006,0.13914,0.13922
Week 4,17 Oct 2006,0.13929,0.13936

Week 1,24 Oct 2006,0.13968,0.13975
Week 2,31 Oct 2006,0.14023,0.14030
Week 3,07 Nov 2006,0.14059,0.14066
Week 4,14 Nov 2006,0.14064,0.14072

Week 1,21 Nov 2006,0.14137,0.14143
Week 2,28 Nov 2006,0.14268,0.14275
Week 3,05 Dec 2006,0.14292,0.14300
Week 4,12 Dec 2006,0.14241,0.14249

Week 1,19 Dec 2006,0.14239,0.14247
Week 2,26 Dec 2006,0.14231,0.14240
Week 3,02 Jan 2007,0.14213,0.14223
Week 4,09 Jan 2007,0.14134,0.14141

Week 1,16 Jan 2007,0.14129,0.14137
Week 2,23 Jan 2007,0.14132,0.14139
Week 3,30 Jan 2007,0.14143,0.14150
Week 4,06 Feb 2007,0.14187,0.14195

Week 1,13 Feb 2007,0.14269,0.14276
Week 2,20 Feb 2007,0.14308,0.14314
Week 3,27 Feb 2007,0.14336,0.14342
Week 4,06 Mar 2007,0.14291,0.14299

Week 1,13 Mar 2007,0.14359,0.14367
Week 2,20 Mar 2007,0.14398,0.14405
Week 3,27 Mar 2007,0.14415,0.14423
Week 4,03 Apr 2007,0.14437,0.14448

Week 1,10 Apr 2007,0.14492,0.14500
Week 2,17 Apr 2007,0.14556,0.14563
Week 3,24 Apr 2007,0.14580,0.14587
Week 4,01 May 2007,0.14566,0.14573

Week 1,08 May 2007,0.14534,0.14541
Week 2,15 May 2007,0.14529,0.14536
Week 3,22 May 2007,0.14481,0.14488
Week 4,29 May 2007,0.14479,0.14487

Week 1,05 Jun 2007,0.14477,0.14484
Week 2,12 Jun 2007,0.14421,0.14427
Week 3,19 Jun 2007,0.14461,0.14470
Week 4,26 Jun 2007,0.14536,0.14543

Week 1,03 Jul 2007,0.14593,0.14600
Week 2,10 Jul 2007,0.14687,0.14694
Week 3,17 Jul 2007,0.14748,0.14755
Week 4,24 Jul 2007,0.14703,0.14710

Week 1,31 Jul 2007,0.14676,0.14683
Week 2,07 Aug 2007,0.14727,0.14735
Week 3,14 Aug 2007,0.14596,0.14603
Week 4,21 Aug 2007,0.14562,0.14570

Week 1,28 Aug 2007,0.14612,0.14619
Week 2,04 Sep 2007,0.14631,0.14639
Week 3,11 Sep 2007,0.14761,0.14768
Week 4,18 Sep 2007,0.14868,0.14897

Week 1,25 Sep 2007,0.14963,0.15010
Week 2,02 Oct 2007,0.14960,0.15012
Week 3,09 Oct 2007,0.14942,0.14994
Week 4,16 Oct 2007,0.14991,0.15043

Week 1,23 Oct 2007,0.15042,0.15091
Week 2,30 Oct 2007,0.15139,0.15175
Week 3,06 Nov 2007,0.15230,0.15280
Week 4,13 Nov 2007,0.15219,0.15267

Week 1,20 Nov 2007,0.15237,0.15296
Week 2,27 Nov 2007,0.15195,0.15252
Week 3,04 Dec 2007,0.15237,0.15298
Week 4,11 Dec 2007,0.15215,0.15272

Week 1,18 Dec 2007,0.15146,0.15203
Week 2,25 Dec 2007,0.15218,0.15286
Week 3,01 Jan 2008,0.15287,0.15356
Week 4,08 Jan 2008,0.15345,0.15397

Week 1,15 Jan 2008,0.15329,0.15379
Week 2,22 Jan 2008,0.15222,0.15274
Week 3,29 Jan 2008,0.15300,0.15347
Week 4,05 Feb 2008,0.15175,0.15223

Week 1,12 Feb 2008,0.15206,0.15251
Week 2,19 Feb 2008,0.15279,0.15327
Week 3,26 Feb 2008,0.15489,0.15538
Week 4,04 Mar 2008,0.15644,0.15694

Week 1,11 Mar 2008,0.15781,0.15832
Week 2,18 Mar 2008,0.15807,0.15856
Week 3,25 Mar 2008,0.15880,0.15935
Week 4,01 Apr 2008,0.15880,0.15933

Week 1,08 Apr 2008,0.15931,0.15984
Week 2,15 Apr 2008,0.15978,0.16030
Week 3,22 Apr 2008,0.15933,0.15985
Week 4,29 Apr 2008,0.15786,0.15838

Week 1,06 May 2008,0.15756,0.15808
Week 2,13 May 2008,0.15749,0.15800
Week 3,20 May 2008,0.15848,0.15902
Week 4,27 May 2008,0.15834,0.15888

Week 1,03 Jun 2008,0.15820,0.15861
Week 2,10 Jun 2008,0.15782,0.15835
Week 3,17 Jun 2008,0.15845,0.15898
Week 4,24 Jun 2008,0.15925,0.15976

Week 1,01 Jul 2008,0.15959,0.16011
Week 2,08 Jul 2008,0.16014,0.16066
Week 3,15 Jul 2008,0.16133,0.16185
Week 4,22 Jul 2008,0.16049,0.16100

Week 1,29 Jul 2008,0.15972,0.16025
Week 2,05 Aug 2008,0.15745,0.15791
Week 3,12 Aug 2008,0.15335,0.15380
Week 4,19 Aug 2008,0.15343,0.15375

Week 1,26 Aug 2008,0.15234,0.15278
Week 2,02 Sep 2008,0.14873,0.14920
Week 3,09 Sep 2008,0.14625,0.14672
Week 4,16 Sep 2008,0.14730,0.14780

Week 1,23 Sep 2008,0.14969,0.15017
Week 2,30 Sep 2008,0.14590,0.14634
Week 3,07 Oct 2008,0.14362,0.14394
Week 4,14 Oct 2008,0.14284,0.14333

Week 1,21 Oct 2008,0.13936,0.13969
Week 2,28 Oct 2008,0.13846,0.13878
Week 3,04 Nov 2008,0.13899,0.13930
Week 4,11 Nov 2008,0.13689,0.13722

Week 1,18 Nov 2008,0.13632,0.13666
Week 2,25 Nov 2008,0.13528,0.13637
Week 3,02 Dec 2008,0.13325,0.13432
Week 4,09 Dec 2008,0.13438,0.13543

Week 1,16 Dec 2008,0.13451,0.13589
Week 2,23 Dec 2008,0.13113,0.13156
Week 3,30 Dec 2008,0.12693,0.12838
Week 4,06 Jan 2009,0.12680,0.12893

Week 1,13 Jan 2009,0.11671,0.11820
Week 2,20 Jan 2009,0.11336,0.11447
Week 3,27 Jan 2009,0.10862,0.10930
Week 4,03 Feb 2009,0.10329,0.10414

Week 1,10 Feb 2009,0.10633,0.10756
Week 2,17 Feb 2009,0.10417,0.10507
Week 3,24 Feb 2009,0.10394,0.10538
Week 4,03 Mar 2009,0.10355,0.10502

Week 1,10 Mar 2009,0.10631,0.10793
Week 2,17 Mar 2009,0.11003,0.11099
Week 3,24 Mar 2009,0.11133,0.11231
Week 4,31 Mar 2009,0.11074,0.11241

Week 1,07 Apr 2009,0.11145,0.11211
Week 2,14 Apr 2009,0.11125,0.11296
Week 3,21 Apr 2009,0.11072,0.11235
Week 4,28 Apr 2009,0.11269,0.11338

Week 1,05 May 2009,0.11401,0.11571
Week 2,12 May 2009,0.11605,0.11714
Week 3,19 May 2009,0.11859,0.11947
Week 4,26 May 2009,0.12022,0.12130

Week 1,02 Jun 2009,0.12106,0.12236
Week 2,09 Jun 2009,0.12037,0.12130
Week 3,16 Jun 2009,0.11990,0.12087
Week 4,23 Jun 2009,0.11956,0.12057

Week 1,30 Jun 2009,0.11948,0.12086
Week 2,07 Jul 2009,0.11663,0.11732
Week 3,14 Jul 2009,0.11685,0.11745
Week 4,21 Jul 2009,0.12036,0.12106

Week 1,28 Jul 2009,0.11970,0.12022
Week 2,04 Aug 2009,0.11932,0.11989
Week 3,11 Aug 2009,0.11722,0.11790
Week 4,18 Aug 2009,0.11710,0.11833

Week 1,25 Aug 2009,0.11837,0.11937
Week 2,01 Sep 2009,0.11779,0.11817
Week 3,08 Sep 2009,0.12092,0.12122
Week 4,15 Sep 2009,0.12259,0.12330

Week 1,22 Sep 2009,0.12395,0.12504
Week 2,29 Sep 2009,0.12403,0.12514
Week 3,06 Oct 2009,0.12580,0.12647
Week 4,13 Oct 2009,0.12679,0.12795

Week 1,20 Oct 2009,0.12878,0.12898
Week 2,27 Oct 2009,0.12809,0.12919
Week 3,03 Nov 2009,0.12865,0.12888
Week 4,10 Nov 2009,0.13014,0.13037

Week 1,17 Nov 2009,0.12998,0.13022
Week 2,24 Nov 2009,0.12887,0.12919
Week 3,01 Dec 2009,0.12787,0.12815
Week 4,08 Dec 2009,0.12401,0.12420

Week 1,15 Dec 2009,0.12304,0.12337
Week 2,22 Dec 2009,0.12509,0.12537
Week 3,29 Dec 2009,0.12432,0.12505
Week 4,05 Jan 2010,0.12472,0.12522

Week 1,12 Jan 2010,0.12669,0.12754
Week 2,19 Jan 2010,0.12597,0.12620
Week 3,26 Jan 2010,0.12356,0.12391
Week 4,02 Feb 2010,0.12388,0.12414

Week 1,09 Feb 2010,0.12367,0.12395
Week 2,16 Feb 2010,0.12405,0.12544
Week 3,23 Feb 2010,0.12444,0.12583
Week 4,02 Mar 2010,0.12459,0.12685

Week 1,09 Mar 2010,0.12695,0.12733
Week 2,16 Mar 2010,0.12776,0.12827
Week 3,23 Mar 2010,0.12653,0.12704
Week 4,30 Mar 2010,0.12709,0.12838

Week 1,06 Apr 2010,0.12812,0.12847
Week 2,13 Apr 2010,0.12843,0.12990
Week 3,20 Apr 2010,0.12839,0.12880
Week 4,27 Apr 2010,0.12784,0.12891

Week 1,04 May 2010,0.12353,0.12585
Week 2,11 May 2010,0.12380,0.12445
Week 3,18 May 2010,0.12117,0.12172
Week 4,25 May 2010,0.12070,0.12161

Week 1,01 Jun 2010,0.11893,0.12124
Week 2,08 Jun 2010,0.11830,0.11883
Week 3,15 Jun 2010,0.11952,0.12108
Week 4,22 Jun 2010,0.12080,0.12132

Week 1,29 Jun 2010,0.11945,0.12170
Week 2,06 Jul 2010,0.12079,0.12134
Week 3,13 Jul 2010,0.12150,0.12379
Week 4,20 Jul 2010,0.12253,0.12391

Week 1,27 Jul 2010,0.12334,0.12473
Week 2,03 Aug 2010,0.12543,0.12595
Week 3,10 Aug 2010,0.12337,0.12391
Week 4,17 Aug 2010,0.12215,0.12361

Week 1,24 Aug 2010,0.12132,0.12284
Week 2,31 Aug 2010,0.12191,0.12253
Week 3,07 Sep 2010,0.12128,0.12188
Week 4,14 Sep 2010,0.12017,0.12235

Week 1,21 Sep 2010,0.12094,0.12154
Week 2,28 Sep 2010,0.12266,0.12328
Week 3,05 Oct 2010,0.12431,0.12572
Week 4,12 Oct 2010,0.12405,0.12478

Week 1,19 Oct 2010,0.12269,0.12326
Week 2,26 Oct 2010,0.12230,0.12265
Week 3,02 Nov 2010,0.12200,0.12237
Week 4,09 Nov 2010,0.12187,0.12223

Week 1,16 Nov 2010,0.12040,0.12076
Week 2,23 Nov 2010,0.11967,0.11999
Week 3,30 Nov 2010,0.11960,0.11987
Week 4,07 Dec 2010,0.12067,0.12094

Week 1,14 Dec 2010,0.12136,0.12251
Week 2,21 Dec 2010,0.12236,0.12264
Week 3,28 Dec 2010,0.12306,0.12344
Week 4,04 Jan 2011,0.12216,0.12246

Week 1,11 Jan 2011,0.12387,0.12419
Week 2,18 Jan 2011,0.12480,0.12605
Week 3,25 Jan 2011,0.12583,0.12613
Week 4,01 Feb 2011,0.12622,0.12787

Week 1,08 Feb 2011,0.12784,0.12814
Week 2,15 Feb 2011,0.12823,0.12852
Week 3,22 Feb 2011,0.12887,0.12918
Week 4,01 Mar 2011,0.13183,0.13218

Week 1,08 Mar 2011,0.13178,0.13206
Week 2,15 Mar 2011,0.13093,0.13128
Week 3,22 Mar 2011,0.13208,0.13284
Week 4,29 Mar 2011,0.13192,0.13233

Week 1,05 Apr 2011,0.13301,0.13322
Week 2,12 Apr 2011,0.13325,0.13344
Week 3,19 Apr 2011,0.13340,0.13355
Week 4,26 Apr 2011,0.13569,0.13586

Week 1,03 May 2011,0.13613,0.13634
Week 2,10 May 2011,0.13425,0.13447
Week 3,17 May 2011,0.13349,0.13361
Week 4,24 May 2011,0.13276,0.13294

Week 1,31 May 2011,0.13415,0.13441
Week 2,07 Jun 2011,0.13394,0.13555
Week 3,14 Jun 2011,0.13353,0.13407
Week 4,21 Jun 2011,0.13333,0.13348

Week 1,28 Jun 2011,0.13395,0.13407
Week 2,05 Jul 2011,0.13403,0.13424
Week 3,12 Jul 2011,0.13320,0.13337
Week 4,19 Jul 2011,0.13402,0.13460

Week 1,26 Jul 2011,0.13578,0.13598
Week 2,02 Aug 2011,0.13395,0.13414
Week 3,09 Aug 2011,0.12796,0.12844
Week 4,16 Aug 2011,0.12881,0.13052

Week 1,23 Aug 2011,0.12953,0.12984
Week 2,30 Aug 2011,0.12922,0.12964
Week 3,06 Sep 2011,0.12612,0.12643
Week 4,13 Sep 2011,0.12316,0.12349

Week 1,20 Sep 2011,0.11817,0.11841
Week 2,27 Sep 2011,0.11683,0.11703
Week 3,04 Oct 2011,0.11564,0.11610
Week 4,11 Oct 2011,0.11956,0.12071

Week 1,18 Oct 2011,0.11990,0.12125
Week 2,25 Oct 2011,0.12397,0.12427
Week 3,01 Nov 2011,0.12287,0.12326
Week 4,08 Nov 2011,0.12275,0.12368

Week 1,15 Nov 2011,0.12106,0.12282
Week 2,22 Nov 2011,0.11872,0.12032
Week 3,29 Nov 2011,0.11991,0.12168
Week 4,06 Dec 2011,0.11892,0.12069

Week 1,13 Dec 2011,0.11754,0.11819
Week 2,20 Dec 2011,0.11809,0.11957
Week 3,27 Dec 2011,0.11794,0.11837
Week 4,03 Jan 2012,0.11664,0.11798

Week 1,10 Jan 2012,0.11706,0.11871
Week 2,17 Jan 2012,0.11825,0.12011
Week 3,24 Jan 2012,0.12202,0.12368
Week 4,31 Jan 2012,0.12328,0.12479

Week 1,07 Feb 2012,0.12485,0.12551
Week 2,14 Feb 2012,0.12463,0.12534
Week 3,21 Feb 2012,0.12692,0.12716
Week 4,28 Feb 2012,0.12802,0.12889

Week 1,06 Mar 2012,0.12712,0.12747
Week 2,13 Mar 2012,0.12738,0.12762
Week 3,20 Mar 2012,0.12737,0.12883
Week 4,27 Mar 2012,0.12810,0.12832

Week 1,03 Apr 2012,0.12721,0.12742
Week 2,10 Apr 2012,0.12594,0.12722
Week 3,17 Apr 2012,0.12690,0.12715
Week 4,24 Apr 2012,0.12755,0.12778

Week 1,01 May 2012,0.12624,0.12818
Week 2,08 May 2012,0.12411,0.12480
Week 3,15 May 2012,0.12125,0.12146
Week 4,22 May 2012,0.11840,0.11861

Week 1,29 May 2012,0.11348,0.11432
Week 2,05 Jun 2012,0.11408,0.11477
Week 3,12 Jun 2012,0.11461,0.11597
Week 4,19 Jun 2012,0.11365,0.11485

Week 1,26 Jun 2012,0.11395,0.11417
Week 2,03 Jul 2012,0.11443,0.11579
Week 3,10 Jul 2012,0.11378,0.11526
Week 4,17 Jul 2012,0.11566,0.11699

Week 1,24 Jul 2012,0.11532,0.11611
Week 2,31 Jul 2012,0.11630,0.11658
Week 3,07 Aug 2012,0.11810,0.11834
Week 4,14 Aug 2012,0.11728,0.11752

Week 1,21 Aug 2012,0.11773,0.11803
Week 2,28 Aug 2012,0.11579,0.11716
Week 3,04 Sep 2012,0.11692,0.11719
Week 4,11 Sep 2012,0.12018,0.12068

Week 1,18 Sep 2012,0.12030,0.12157
Week 2,25 Sep 2012,0.12021,0.12050
Week 3,02 Oct 2012,0.12036,0.12110
Week 4,09 Oct 2012,0.12033,0.12083

Week 1,16 Oct 2012,0.12107,0.12184
Week 2,23 Oct 2012,0.11968,0.11994
Week 3,30 Oct 2012,0.11923,0.11950
Week 4,06 Nov 2012,0.11866,0.11933

Week 1,13 Nov 2012,0.11794,0.11871
Week 2,20 Nov 2012,0.11978,0.12045
Week 3,27 Nov 2012,0.12077,0.12144
Week 4,04 Dec 2012,0.12094,0.12201

Week 1,11 Dec 2012,0.12185,0.12247
Week 2,18 Dec 2012,0.12165,0.12191
Week 3,25 Dec 2012,0.12278,0.12307
Week 4,01 Jan 2013,0.12332,0.12364

Week 1,08 Jan 2013,0.12309,0.12462
Week 2,15 Jan 2013,0.12349,0.12424
Week 3,22 Jan 2013,0.12405,0.12488
Week 4,29 Jan 2013,0.12496,0.12521

Week 1,05 Feb 2013,0.12448,0.12476
Week 2,12 Feb 2013,0.12449,0.12476
Week 3,19 Feb 2013,0.12377,0.12405
Week 4,26 Feb 2013,0.12243,0.12271

Week 1,05 Mar 2013,0.12186,0.12216
Week 2,12 Mar 2013,0.12180,0.12251
Week 3,19 Mar 2013,0.12135,0.12166
Week 4,26 Mar 2013,0.12091,0.12122

Week 1,02 Apr 2013,0.11911,0.11935
Week 2,09 Apr 2013,0.12052,0.12089
Week 3,16 Apr 2013,0.11870,0.11914
Week 4,23 Apr 2013,0.11872,0.12008

Week 1,30 Apr 2013,0.12026,0.12066
Week 2,07 May 2013,0.12000,0.12032
Week 3,14 May 2013,0.11924,0.11955
Week 4,21 May 2013,0.11958,0.11989

Week 1,28 May 2013,0.11824,0.11870
Week 2,04 Jun 2013,0.11676,0.11700
Week 3,11 Jun 2013,0.11684,0.11705
Week 4,18 Jun 2013,0.11556,0.11580

Week 1,25 Jun 2013,0.11409,0.11433
Week 2,02 Jul 2013,0.11302,0.11320
Week 3,09 Jul 2013,0.11403,0.11431
Week 4,16 Jul 2013,0.11551,0.11570

Week 1,23 Jul 2013,0.11505,0.11539
Week 2,30 Jul 2013,0.11374,0.11398
Week 3,06 Aug 2013,0.11394,0.11410
Week 4,13 Aug 2013,0.11363,0.11382

Week 1,20 Aug 2013,0.11348,0.11365
Week 2,27 Aug 2013,0.11289,0.11317
Week 3,03 Sep 2013,0.11235,0.11251
Week 4,10 Sep 2013,0.11434,0.11451

Week 1,17 Sep 2013,0.11710,0.11734
Week 2,24 Sep 2013,0.11660,0.11683
Week 3,01 Oct 2013,0.11622,0.11643
Week 4,08 Oct 2013,0.11604,0.11636

Week 1,15 Oct 2013,0.11685,0.11718
Week 2,22 Oct 2013,0.11786,0.11805
Week 3,29 Oct 2013,0.11650,0.11681
Week 4,05 Nov 2013,0.11526,0.11549

Week 1,12 Nov 2013,0.11454,0.11472
Week 2,19 Nov 2013,0.11428,0.11466
Week 3,26 Nov 2013,0.11331,0.11346
Week 4,03 Dec 2013,0.11350,0.11365

Week 1,10 Dec 2013,0.11429,0.11442
Week 2,17 Dec 2013,0.11375,0.11390
Week 3,24 Dec 2013,0.11476,0.11495
Week 4,31 Dec 2013,0.11354,0.11373

Week 1,07 Jan 2014,0.11313,0.11329
Week 2,14 Jan 2014,0.11215,0.11229
Week 3,21 Jan 2014,0.10980,0.10994
Week 4,28 Jan 2014,0.10716,0.10736

Week 1,04 Feb 2014,0.10732,0.10745
Week 2,11 Feb 2014,0.10722,0.10735
Week 3,18 Feb 2014,0.10556,0.10567
Week 4,25 Feb 2014,0.10446,0.10459

Week 1,04 Mar 2014,0.10328,0.10345
Week 2,11 Mar 2014,0.10254,0.10281
Week 3,18 Mar 2014,0.10323,0.10343
Week 4,25 Mar 2014,0.10470,0.10514

Week 1,01 Apr 2014,0.10601,0.10639
Week 2,08 Apr 2014,0.10521,0.10539
Week 3,15 Apr 2014,0.10445,0.10495
Week 4,22 Apr 2014,0.10458,0.10478

Week 1,29 Apr 2014,0.10471,0.10498
Week 2,06 May 2014,0.10610,0.10632
Week 3,13 May 2014,0.10750,0.10783
Week 4,20 May 2014,0.10915,0.10938

Week 1,27 May 2014,0.10836,0.10857
Week 2,03 Jun 2014,0.10774,0.10799
Week 3,10 Jun 2014,0.10906,0.10921
Week 4,17 Jun 2014,0.10856,0.10870

Week 1,24 Jun 2014,0.11077,0.11094
Week 2,01 Jul 2014,0.10931,0.10962
Week 3,08 Jul 2014,0.10959,0.10976
Week 4,15 Jul 2014,0.10772,0.10793

Week 1,22 Jul 2014,0.10691,0.10707
Week 2,29 Jul 2014,0.10511,0.10529
Week 3,05 Aug 2014,0.10375,0.10392
Week 4,12 Aug 2014,0.10393,0.10408

Week 1,19 Aug 2014,0.10368,0.10390
Week 2,26 Aug 2014,0.10245,0.10279
Week 3,02 Sep 2014,0.10107,0.10126
Week 4,09 Sep 2014,0.10006,0.10030

Week 1,16 Sep 2014,0.09758,0.09778
Week 2,23 Sep 2014,0.09672,0.09697
Week 3,30 Sep 2014,0.09427,0.09447
Week 4,07 Oct 2014,0.09346,0.09363

Week 1,14 Oct 2014,0.09195,0.09228
Week 2,21 Oct 2014,0.09039,0.09057
Week 3,28 Oct 2014,0.08751,0.08784
Week 4,04 Nov 2014,0.08255,0.08305

Week 1,11 Nov 2014,0.08040,0.08060
Week 2,18 Nov 2014,0.08081,0.08094
Week 3,25 Nov 2014,0.07858,0.07885
Week 4,02 Dec 2014,0.07113,0.07128

Week 1,09 Dec 2014,0.06748,0.06784
Week 2,16 Dec 2014,0.05847,0.05878
Week 3,23 Dec 2014,0.06923,0.06950
Week 4,30 Dec 2014,0.06380,0.06460

Week 1,06 Jan 2015,0.06062,0.06120
Week 2,13 Jan 2015,0.05802,0.05818
Week 3,20 Jan 2015,0.05807,0.05826
Week 4,27 Jan 2015,0.05474,0.05487

Week 1,03 Feb 2015,0.05584,0.05599
Week 2,10 Feb 2015,0.05773,0.05787
Week 3,17 Feb 2015,0.06042,0.06058
Week 4,24 Feb 2015,0.06047,0.06064

Week 1,03 Mar 2015,0.06122,0.06132
Week 2,10 Mar 2015,0.06078,0.06093
Week 3,17 Mar 2015,0.06199,0.06209
Week 4,24 Mar 2015,0.06482,0.06494

Week 1,31 Mar 2015,0.06546,0.06561
Week 2,07 Apr 2015,0.06972,0.06988
Week 3,14 Apr 2015,0.07300,0.07319
Week 4,21 Apr 2015,0.07233,0.07249

Week 1,28 Apr 2015,0.07232,0.07298
Week 2,05 May 2015,0.07366,0.07381
Week 3,12 May 2015,0.07494,0.07515
Week 4,19 May 2015,0.07544,0.07563

Week 1,26 May 2015,0.07244,0.07269
Week 2,02 Jun 2015,0.06823,0.06849
Week 3,09 Jun 2015,0.06786,0.06815
Week 4,16 Jun 2015,0.06929,0.06941

Week 1,23 Jun 2015,0.06879,0.06892
Week 2,30 Jun 2015,0.06726,0.06744
Week 3,07 Jul 2015,0.06600,0.06614
Week 4,14 Jul 2015,0.06593,0.06605

Week 1,21 Jul 2015,0.06502,0.06514
Week 2,28 Jul 2015,0.06218,0.06232
Week 3,04 Aug 2015,0.05894,0.05908
Week 4,11 Aug 2015,0.05813,0.05831

Week 1,18 Aug 2015,0.05570,0.05589
Week 2,25 Aug 2015,0.05542,0.05560
Week 3,01 Sep 2015,0.05584,0.05603
Week 4,08 Sep 2015,0.05501,0.05517

Week 1,15 Sep 2015,0.05641,0.05655
Week 2,22 Sep 2015,0.05680,0.05695
Week 3,29 Sep 2015,0.05689,0.05704
Week 4,06 Oct 2015,0.05979,0.05996

Week 1,13 Oct 2015,0.06050,0.06071
Week 2,20 Oct 2015,0.06012,0.06028
Week 3,27 Oct 2015,0.05854,0.05868
Week 4,03 Nov 2015,0.05864,0.05876

Week 1,10 Nov 2015,0.05702,0.05720
Week 2,17 Nov 2015,0.05774,0.05785
Week 3,24 Nov 2015,0.05684,0.05700
Week 4,01 Dec 2015,0.05575,0.05588

Week 1,08 Dec 2015,0.05430,0.05445
Week 2,15 Dec 2015,0.05318,0.05333
Week 3,22 Dec 2015,0.05305,0.05312
Week 4,29 Dec 2015,0.05146,0.05153

Week 1,05 Jan 2016,0.05196,0.05204
Week 2,12 Jan 2016,0.04931,0.04944
Week 3,19 Jan 2016,0.04682,0.04709
Week 4,26 Jan 2016,0.04880,0.04889

Week 1,02 Feb 2016,0.04846,0.04857
Week 2,09 Feb 2016,0.04756,0.04766
Week 3,16 Feb 2016,0.04871,0.04879
Week 4,23 Feb 2016,0.04924,0.04931

Week 1,01 Mar 2016,0.05106,0.05113
Week 2,08 Mar 2016,0.05292,0.05307
Week 3,15 Mar 2016,0.05411,0.05423
Week 4,22 Mar 2016,0.05497,0.05511

Week 1,29 Mar 2016,0.05523,0.05532
Week 2,05 Apr 2016,0.05522,0.05530
Week 3,12 Apr 2016,0.05650,0.05663
Week 4,19 Apr 2016,0.05652,0.05661

Week 1,26 Apr 2016,0.05734,0.05742
Week 2,03 May 2016,0.05688,0.05697
Week 3,10 May 2016,0.05715,0.05723
Week 4,17 May 2016,0.05681,0.05689

Week 1,24 May 2016,0.05665,0.05673
Week 2,31 May 2016,0.05656,0.05664
Week 3,07 Jun 2016,0.05778,0.05787
Week 4,14 Jun 2016,0.05734,0.05741

Week 1,21 Jun 2016,0.05816,0.05825
Week 2,28 Jun 2016,0.05835,0.05842
Week 3,05 Jul 2016,0.05845,0.05856
Week 4,12 Jul 2016,0.05896,0.05906

Week 1,19 Jul 2016,0.05858,0.05868
Week 2,26 Jul 2016,0.05672,0.05681
Week 3,02 Aug 2016,0.05671,0.05681
Week 4,09 Aug 2016,0.05789,0.05799

Week 1,16 Aug 2016,0.05861,0.05873
Week 2,23 Aug 2016,0.05789,0.05802
Week 3,30 Aug 2016,0.05742,0.05754
Week 4,06 Sep 2016,0.05800,0.05814

Week 1,13 Sep 2016,0.05763,0.05776
Week 2,20 Sep 2016,0.05831,0.05843
Week 3,27 Sep 2016,0.05912,0.05929
Week 4,04 Oct 2016,0.06007,0.06023

Week 1,11 Oct 2016,0.05971,0.05988
Week 2,18 Oct 2016,0.05987,0.06003
Week 3,25 Oct 2016,0.05978,0.05994
Week 4,01 Nov 2016,0.05872,0.05891

Week 1,08 Nov 2016,0.05792,0.05807
Week 2,15 Nov 2016,0.05756,0.05771
Week 3,22 Nov 2016,0.05808,0.05822
Week 4,29 Nov 2016,0.05823,0.05838

Week 1,06 Dec 2016,0.05925,0.05940
Week 2,13 Dec 2016,0.06086,0.06100
Week 3,20 Dec 2016,0.06119,0.06133
Week 4,27 Dec 2016,0.06156,0.06172

Week 1,03 Jan 2017,0.06220,0.06237
Week 2,10 Jan 2017,0.06268,0.06283
Week 3,17 Jan 2017,0.06289,0.06305
Week 4,24 Jan 2017,0.06275,0.06290

Week 1,31 Jan 2017,0.06285,0.06301
Week 2,07 Feb 2017,0.06370,0.06385
Week 3,14 Feb 2017,0.06481,0.06496
Week 4,21 Feb 2017,0.06450,0.06466

Week 1,28 Feb 2017,0.06425,0.06440
Week 2,07 Mar 2017,0.06383,0.06397
Week 3,14 Mar 2017,0.06438,0.06450
Week 4,21 Mar 2017,0.06535,0.06548

Week 1,28 Mar 2017,0.06625,0.06637
Week 2,04 Apr 2017,0.06618,0.06630
Week 3,11 Apr 2017,0.06610,0.06626
Week 4,18 Apr 2017,0.06654,0.06671

Week 1,25 Apr 2017,0.06615,0.06631
Week 2,02 May 2017,0.06502,0.06518
Week 3,09 May 2017,0.06505,0.06521
Week 4,16 May 2017,0.06584,0.06601

Week 1,23 May 2017,0.06625,0.06641
Week 2,30 May 2017,0.06618,0.06635
Week 3,06 Jun 2017,0.06589,0.06605
Week 4,13 Jun 2017,0.06523,0.06539

Week 1,20 Jun 2017,0.06310,0.06326
Week 2,27 Jun 2017,0.06337,0.06352
Week 3,04 Jul 2017,0.06249,0.06266
Week 4,11 Jul 2017,0.06260,0.06275

Week 1,18 Jul 2017,0.06332,0.06347
Week 2,25 Jul 2017,0.06278,0.06294
Week 3,01 Aug 2017,0.06229,0.06244
Week 4,08 Aug 2017,0.06249,0.06264

Week 1,15 Aug 2017,0.06306,0.06320
Week 2,22 Aug 2017,0.06356,0.06373
Week 3,29 Aug 2017,0.06445,0.06460
Week 4,05 Sep 2017,0.06527,0.06543

Week 1,12 Sep 2017,0.06507,0.06523
Week 2,19 Sep 2017,0.06478,0.06493
Week 3,26 Sep 2017,0.06486,0.06501
Week 4,03 Oct 2017,0.06468,0.06484

Week 1,10 Oct 2017,0.06493,0.06509
Week 2,17 Oct 2017,0.06525,0.06541
Week 3,24 Oct 2017,0.06479,0.06496
Week 4,31 Oct 2017,0.06403,0.06420

Week 1,07 Nov 2017,0.06338,0.06353
Week 2,14 Nov 2017,0.06291,0.06308
Week 3,21 Nov 2017,0.06379,0.06396
Week 4,28 Nov 2017,0.06392,0.06409

Week 1,05 Dec 2017,0.06363,0.06378

