RUB->IDR

Week 1,01 Dec 1998,372.29471,381.32643
Week 2,08 Dec 1998,348.00043,357.07329
Week 3,15 Dec 1998,350.46471,358.79700
Week 4,22 Dec 1998,367.73571,378.97000

Week 1,29 Dec 1998,359.15257,382.37886
Week 2,05 Jan 1999,338.31914,347.38514
Week 3,12 Jan 1999,365.39886,372.09714
Week 4,19 Jan 1999,373.88086,379.90986

Week 1,26 Jan 1999,388.01486,393.93129
Week 2,02 Feb 1999,372.53629,378.11843
Week 3,09 Feb 1999,374.48357,379.56557
Week 4,16 Feb 1999,378.84829,384.57329

Week 1,23 Feb 1999,380.38743,385.45929
Week 2,02 Mar 1999,378.88600,383.16229
Week 3,09 Mar 1999,386.44643,391.11529
Week 4,16 Mar 1999,369.38329,374.34500

Week 1,23 Mar 1999,335.37729,343.72929
Week 2,30 Mar 1999,331.89086,338.60857
Week 3,06 Apr 1999,331.64657,337.48929
Week 4,13 Apr 1999,335.40529,339.93443

Week 1,20 Apr 1999,341.19986,347.43957
Week 2,27 Apr 1999,331.92757,337.65700
Week 3,04 May 1999,325.35157,330.39129
Week 4,11 May 1999,308.07471,315.62343

Week 1,18 May 1999,324.03971,328.67829
Week 2,25 May 1999,327.11800,330.80929
Week 3,01 Jun 1999,326.73700,328.64400
Week 4,08 Jun 1999,317.11514,320.63286

Week 1,15 Jun 1999,296.21771,299.95157
Week 2,22 Jun 1999,277.09271,280.62557
Week 3,29 Jun 1999,277.38157,280.78743
Week 4,06 Jul 1999,270.32771,273.94443

Week 1,13 Jul 1999,273.13843,276.13271
Week 2,20 Jul 1999,279.67771,282.86271
Week 3,27 Jul 1999,283.29629,285.16657
Week 4,03 Aug 1999,283.40400,284.76071

Week 1,10 Aug 1999,305.06386,308.78214
Week 2,17 Aug 1999,299.83114,303.66186
Week 3,24 Aug 1999,305.00829,308.77843
Week 4,31 Aug 1999,302.63129,306.34771

Week 1,07 Sep 1999,315.62471,321.23743
Week 2,14 Sep 1999,318.04257,322.94014
Week 3,21 Sep 1999,335.48600,338.99057
Week 4,28 Sep 1999,319.25400,324.51671

Week 1,05 Oct 1999,299.57429,302.61857
Week 2,12 Oct 1999,305.10786,308.35714
Week 3,19 Oct 1999,269.10857,273.78586
Week 4,26 Oct 1999,260.74629,263.46229

Week 1,02 Nov 1999,256.20086,259.26943
Week 2,09 Nov 1999,265.25586,267.56900
Week 3,16 Nov 1999,264.06729,266.27900
Week 4,23 Nov 1999,269.68957,271.86186

Week 1,30 Nov 1999,272.79600,275.65400
Week 2,07 Dec 1999,268.34257,270.19971
Week 3,14 Dec 1999,263.98843,265.93129
Week 4,21 Dec 1999,261.18686,263.06143

Week 1,28 Dec 1999,255.40429,259.49443
Week 2,04 Jan 2000,259.34543,262.67386
Week 3,11 Jan 2000,251.35243,253.95500
Week 4,18 Jan 2000,254.81000,257.17043

Week 1,25 Jan 2000,258.17914,260.62557
Week 2,01 Feb 2000,262.17014,264.35586
Week 3,08 Feb 2000,253.92814,255.61171
Week 4,15 Feb 2000,255.45786,256.95286

Week 1,22 Feb 2000,257.57871,258.99643
Week 2,29 Feb 2000,259.40800,260.95971
Week 3,07 Mar 2000,258.43643,259.90100
Week 4,14 Mar 2000,261.15729,262.97129

Week 1,21 Mar 2000,262.01614,263.28957
Week 2,28 Mar 2000,264.39786,265.91186
Week 3,04 Apr 2000,267.89229,269.45100
Week 4,11 Apr 2000,266.01814,267.80986

Week 1,18 Apr 2000,274.43229,276.45900
Week 2,25 Apr 2000,277.52000,279.52229
Week 3,02 May 2000,280.20000,281.78829
Week 4,09 May 2000,290.88629,293.30857

Week 1,16 May 2000,298.50857,300.67971
Week 2,23 May 2000,298.50114,300.49771
Week 3,30 May 2000,298.30386,300.33100
Week 4,06 Jun 2000,302.50300,304.22229

Week 1,13 Jun 2000,301.81414,303.56614
Week 2,20 Jun 2000,306.29429,308.10800
Week 3,27 Jun 2000,309.92843,311.47714
Week 4,04 Jul 2000,327.91700,329.80643

Week 1,11 Jul 2000,337.30400,338.88943
Week 2,18 Jul 2000,325.74557,327.49629
Week 3,25 Jul 2000,322.79886,324.78314
Week 4,01 Aug 2000,313.40500,315.37571

Week 1,08 Aug 2000,304.36829,306.01900
Week 2,15 Aug 2000,299.25986,300.64129
Week 3,22 Aug 2000,299.10214,300.89029
Week 4,29 Aug 2000,298.96386,300.45114

Week 1,05 Sep 2000,299.54843,300.84100
Week 2,12 Sep 2000,311.66857,313.69286
Week 3,19 Sep 2000,314.21671,316.03514
Week 4,26 Sep 2000,317.40914,319.06214

Week 1,03 Oct 2000,314.85900,316.52014
Week 2,10 Oct 2000,318.04043,319.44686
Week 3,17 Oct 2000,318.64214,319.79200
Week 4,24 Oct 2000,323.50771,325.22129

Week 1,31 Oct 2000,330.32557,332.48614
Week 2,07 Nov 2000,331.03014,332.81814
Week 3,14 Nov 2000,337.76829,339.28957
Week 4,21 Nov 2000,338.08986,339.68543

Week 1,28 Nov 2000,339.65443,341.43543
Week 2,05 Dec 2000,340.26957,342.83129
Week 3,12 Dec 2000,334.85771,336.68214
Week 4,19 Dec 2000,331.11700,333.11529

Week 1,26 Dec 2000,334.47686,338.00643
Week 2,02 Jan 2001,333.82386,335.61386
Week 3,09 Jan 2001,336.67043,338.09200
Week 4,16 Jan 2001,331.23857,335.37000

Week 1,23 Jan 2001,330.58114,333.45800
Week 2,30 Jan 2001,332.31014,335.55771
Week 3,06 Feb 2001,334.65100,338.24886
Week 4,13 Feb 2001,333.64371,337.38571

Week 1,20 Feb 2001,334.26686,336.97086
Week 2,27 Feb 2001,341.93643,345.66157
Week 3,06 Mar 2001,347.53686,350.07186
Week 4,13 Mar 2001,354.11829,359.92286

Week 1,20 Mar 2001,361.23929,362.70943
Week 2,27 Mar 2001,360.89014,363.28571
Week 3,03 Apr 2001,369.24686,370.71686
Week 4,10 Apr 2001,368.26014,369.67657

Week 1,17 Apr 2001,389.04800,392.18629
Week 2,24 Apr 2001,409.71200,414.07486
Week 3,01 May 2001,382.85043,386.57043
Week 4,08 May 2001,383.33486,385.38043

Week 1,15 May 2001,390.66071,392.23200
Week 2,22 May 2001,392.58414,393.81129
Week 3,29 May 2001,389.48486,392.31171
Week 4,05 Jun 2001,384.53529,386.19529

Week 1,12 Jun 2001,385.65900,386.93014
Week 2,19 Jun 2001,388.95686,389.99514
Week 3,26 Jun 2001,390.70786,391.49114
Week 4,03 Jul 2001,387.82386,388.72457

Week 1,10 Jul 2001,387.64129,388.46914
Week 2,17 Jul 2001,383.49029,384.12871
Week 3,24 Jul 2001,341.88486,346.14643
Week 4,31 Jul 2001,325.02800,327.68386

Week 1,07 Aug 2001,313.81571,315.39357
Week 2,14 Aug 2001,294.80743,296.98057
Week 3,21 Aug 2001,293.58257,294.93186
Week 4,28 Aug 2001,302.52700,304.07443

Week 1,04 Sep 2001,307.01757,308.94900
Week 2,11 Sep 2001,308.42343,308.72571
Week 3,18 Sep 2001,318.35600,323.24629
Week 4,25 Sep 2001,323.69614,330.54586

Week 1,02 Oct 2001,334.06457,338.81071
Week 2,09 Oct 2001,338.35986,340.19343
Week 3,16 Oct 2001,339.20629,340.54400
Week 4,23 Oct 2001,345.05100,346.05986

Week 1,30 Oct 2001,353.24614,355.02029
Week 2,06 Nov 2001,354.15214,357.35657
Week 3,13 Nov 2001,356.41786,358.51414
Week 4,20 Nov 2001,351.49057,352.76786

Week 1,27 Nov 2001,345.53643,352.09943
Week 2,04 Dec 2001,347.76486,349.39729
Week 3,11 Dec 2001,338.12400,339.59843
Week 4,18 Dec 2001,336.43900,338.05357

Week 1,25 Dec 2001,340.23343,342.13286
Week 2,01 Jan 2002,339.65143,342.00186
Week 3,08 Jan 2002,340.97186,341.79871
Week 4,15 Jan 2002,339.73529,340.52629

Week 1,22 Jan 2002,339.33386,340.91557
Week 2,29 Jan 2002,335.90871,336.78943
Week 3,05 Feb 2002,333.35971,335.21214
Week 4,12 Feb 2002,330.78529,331.59143

Week 1,19 Feb 2002,328.71514,331.53157
Week 2,26 Feb 2002,326.39586,328.12929
Week 3,05 Mar 2002,321.75929,322.54900
Week 4,12 Mar 2002,320.10386,321.54643

Week 1,19 Mar 2002,316.67971,317.44614
Week 2,26 Mar 2002,311.80343,313.59071
Week 3,02 Apr 2002,308.74371,310.28429
Week 4,09 Apr 2002,305.76857,307.15986

Week 1,16 Apr 2002,300.42814,301.46600
Week 2,23 Apr 2002,298.91314,300.05400
Week 3,30 Apr 2002,297.07171,299.66514
Week 4,07 May 2002,294.37900,300.11671

Week 1,14 May 2002,292.10200,294.50671
Week 2,21 May 2002,286.97000,287.88486
Week 3,28 May 2002,280.17671,281.20943
Week 4,04 Jun 2002,280.15300,282.87743

Week 1,11 Jun 2002,274.96000,279.25200
Week 2,18 Jun 2002,274.45600,275.07400
Week 3,25 Jun 2002,272.57043,277.92014
Week 4,02 Jul 2002,278.84500,282.06514

Week 1,09 Jul 2002,285.11257,285.94086
Week 2,16 Jul 2002,280.22443,283.50314
Week 3,23 Jul 2002,284.89486,288.73443
Week 4,30 Jul 2002,286.97814,291.09657

Week 1,06 Aug 2002,283.93486,287.51400
Week 2,13 Aug 2002,278.38786,280.77729
Week 3,20 Aug 2002,280.28943,281.09286
Week 4,27 Aug 2002,280.52614,281.15814

Week 1,03 Sep 2002,279.02900,280.91543
Week 2,10 Sep 2002,280.09514,283.32157
Week 3,17 Sep 2002,284.32000,285.62500
Week 4,24 Sep 2002,284.67500,285.14343

Week 1,01 Oct 2002,281.73114,286.27900
Week 2,08 Oct 2002,281.79657,286.59886
Week 3,15 Oct 2002,290.99214,292.34543
Week 4,22 Oct 2002,288.13900,292.82086

Week 1,29 Oct 2002,287.62871,292.84114
Week 2,05 Nov 2002,288.50443,289.79643
Week 3,12 Nov 2002,284.08414,284.58814
Week 4,19 Nov 2002,281.95757,282.57286

Week 1,26 Nov 2002,281.76829,282.25686
Week 2,03 Dec 2002,281.79357,282.32071
Week 3,10 Dec 2002,279.09271,279.50986
Week 4,17 Dec 2002,278.37371,278.88600

Week 1,24 Dec 2002,279.43443,279.93229
Week 2,31 Dec 2002,279.34986,280.18571
Week 3,07 Jan 2003,279.90343,280.49329
Week 4,14 Jan 2003,278.40543,278.91029

Week 1,21 Jan 2003,278.52571,279.92757
Week 2,28 Jan 2003,278.33157,278.99871
Week 3,04 Feb 2003,278.30786,278.86929
Week 4,11 Feb 2003,281.36514,282.14943

Week 1,18 Feb 2003,281.61871,282.25686
Week 2,25 Feb 2003,281.12943,281.70771
Week 3,04 Mar 2003,280.70471,281.26800
Week 4,11 Mar 2003,282.78300,283.41900

Week 1,18 Mar 2003,286.40029,287.14900
Week 2,25 Mar 2003,283.43257,284.27443
Week 3,01 Apr 2003,281.81200,286.07100
Week 4,08 Apr 2003,281.73614,284.64171

Week 1,15 Apr 2003,280.35843,282.09300
Week 2,22 Apr 2003,280.48729,281.15343
Week 3,29 Apr 2003,278.06271,279.65786
Week 4,06 May 2003,274.24400,274.93229

Week 1,13 May 2003,272.32129,272.86271
Week 2,20 May 2003,269.37057,270.78729
Week 3,27 May 2003,268.66114,269.40971
Week 4,03 Jun 2003,267.40086,269.07086

Week 1,10 Jun 2003,267.43171,271.45657
Week 2,17 Jun 2003,270.15043,271.51871
Week 3,24 Jun 2003,271.35129,272.14571
Week 4,01 Jul 2003,270.21557,271.87843

Week 1,08 Jul 2003,266.85171,273.26071
Week 2,15 Jul 2003,268.77457,274.00386
Week 3,22 Jul 2003,278.86943,280.81729
Week 4,29 Jul 2003,278.36914,284.86029

Week 1,05 Aug 2003,280.85743,283.94086
Week 2,12 Aug 2003,281.17171,281.72986
Week 3,19 Aug 2003,278.32800,278.85386
Week 4,26 Aug 2003,278.46200,279.02286

Week 1,02 Sep 2003,274.32714,278.53700
Week 2,09 Sep 2003,273.03614,278.28471
Week 3,16 Sep 2003,275.47786,277.08543
Week 4,23 Sep 2003,276.74100,277.12200

Week 1,30 Sep 2003,274.77814,275.34214
Week 2,07 Oct 2003,276.73214,277.25000
Week 3,14 Oct 2003,279.50543,280.01514
Week 4,21 Oct 2003,283.79086,284.24057

Week 1,28 Oct 2003,284.92014,285.41986
Week 2,04 Nov 2003,284.63929,285.10629
Week 3,11 Nov 2003,284.29686,284.76557
Week 4,18 Nov 2003,284.79114,285.66871

Week 1,25 Nov 2003,285.86629,286.46971
Week 2,02 Dec 2003,285.91529,286.35800
Week 3,09 Dec 2003,287.47400,287.92286
Week 4,16 Dec 2003,289.43200,289.79629

Week 1,23 Dec 2003,289.97914,290.45186
Week 2,30 Dec 2003,287.98786,288.85871
Week 3,06 Jan 2004,286.79586,287.46743
Week 4,13 Jan 2004,289.65271,290.19786

Week 1,20 Jan 2004,293.37614,293.91814
Week 2,27 Jan 2004,296.07514,296.47057
Week 3,03 Feb 2004,296.22829,296.73571
Week 4,10 Feb 2004,295.34400,295.80057

Week 1,17 Feb 2004,296.20171,296.67471
Week 2,24 Feb 2004,295.82786,296.38743
Week 3,02 Mar 2004,299.28700,299.74357
Week 4,09 Mar 2004,301.43443,302.05771

Week 1,16 Mar 2004,301.18971,301.60414
Week 2,23 Mar 2004,302.41100,302.77457
Week 3,30 Mar 2004,302.50000,302.95486
Week 4,06 Apr 2004,300.85429,301.30114

Week 1,13 Apr 2004,300.49029,300.93057
Week 2,20 Apr 2004,298.65329,299.07529
Week 3,27 Apr 2004,298.91529,302.62586
Week 4,04 May 2004,301.79529,303.11000

Week 1,11 May 2004,309.43129,310.11243
Week 2,18 May 2004,311.75543,312.47857
Week 3,25 May 2004,318.28071,319.09700
Week 4,01 Jun 2004,323.69386,324.47171

Week 1,08 Jun 2004,321.23000,322.23700
Week 2,15 Jun 2004,323.50471,324.43529
Week 3,22 Jun 2004,323.89714,324.70729
Week 4,29 Jun 2004,319.07157,319.87900

Week 1,06 Jul 2004,308.34400,309.10571
Week 2,13 Jul 2004,306.14200,306.89900
Week 3,20 Jul 2004,310.25200,310.97929
Week 4,27 Jul 2004,313.40529,314.16900

Week 1,03 Aug 2004,313.52586,314.26757
Week 2,10 Aug 2004,315.32843,316.08900
Week 3,17 Aug 2004,316.21814,317.04729
Week 4,24 Aug 2004,317.82386,318.68771

Week 1,31 Aug 2004,317.85829,318.80800
Week 2,07 Sep 2004,317.30357,318.15071
Week 3,14 Sep 2004,310.53971,311.28814
Week 4,21 Sep 2004,311.08086,311.70000

Week 1,28 Sep 2004,313.86900,314.49300
Week 2,05 Oct 2004,310.85429,311.59971
Week 3,12 Oct 2004,311.82100,312.49071
Week 4,19 Oct 2004,312.34700,313.07357

Week 1,26 Oct 2004,315.33100,316.11243
Week 2,02 Nov 2004,315.71614,316.56614
Week 3,09 Nov 2004,313.35314,314.03957
Week 4,16 Nov 2004,313.73986,314.54843

Week 1,23 Nov 2004,316.31657,316.94157
Week 2,30 Nov 2004,321.82071,322.62114
Week 3,07 Dec 2004,327.47814,328.23557
Week 4,14 Dec 2004,331.81000,332.57614

Week 1,21 Dec 2004,333.03914,333.88329
Week 2,28 Dec 2004,336.01500,336.78500
Week 3,04 Jan 2005,334.23871,335.21286
Week 4,11 Jan 2005,329.38300,330.09186

Week 1,18 Jan 2005,325.30000,325.98886
Week 2,25 Jan 2005,325.44014,326.09614
Week 3,01 Feb 2005,327.69143,328.60414
Week 4,08 Feb 2005,329.40900,330.40800

Week 1,15 Feb 2005,330.80271,331.52729
Week 2,22 Feb 2005,332.38171,333.18871
Week 3,01 Mar 2005,335.53943,336.44643
Week 4,08 Mar 2005,339.53300,340.15414

Week 1,15 Mar 2005,340.09657,340.78743
Week 2,22 Mar 2005,339.88143,340.91471
Week 3,29 Mar 2005,340.11771,340.91600
Week 4,05 Apr 2005,340.06729,340.84357

Week 1,12 Apr 2005,341.16171,341.91757
Week 2,19 Apr 2005,346.95200,347.63814
Week 3,26 Apr 2005,345.73700,346.69043
Week 4,03 May 2005,341.46929,342.37329

Week 1,10 May 2005,339.03086,339.76200
Week 2,17 May 2005,336.84843,337.85714
Week 3,24 May 2005,337.77829,338.55857
Week 4,31 May 2005,337.19286,337.98914

Week 1,07 Jun 2005,336.97214,338.30014
Week 2,14 Jun 2005,336.11814,336.97529
Week 3,21 Jun 2005,337.04386,337.73829
Week 4,28 Jun 2005,340.01214,340.83200

Week 1,05 Jul 2005,340.55329,341.27857
Week 2,12 Jul 2005,340.80329,341.72457
Week 3,19 Jul 2005,341.26329,342.24629
Week 4,26 Jul 2005,342.47800,342.99414

Week 1,02 Aug 2005,341.99029,342.83371
Week 2,09 Aug 2005,344.70471,345.63014
Week 3,16 Aug 2005,348.06557,348.84829
Week 4,23 Aug 2005,359.82057,360.82929

Week 1,30 Aug 2005,363.78743,368.00771
Week 2,06 Sep 2005,364.30586,366.58657
Week 3,13 Sep 2005,355.51100,356.65257
Week 4,20 Sep 2005,359.27986,360.14400

Week 1,27 Sep 2005,360.48814,361.35014
Week 2,04 Oct 2005,353.33614,354.29171
Week 3,11 Oct 2005,353.01500,353.85200
Week 4,18 Oct 2005,352.25143,353.05457

Week 1,25 Oct 2005,351.68171,352.35757
Week 2,01 Nov 2005,351.69143,352.60457
Week 3,08 Nov 2005,347.08614,347.80700
Week 4,15 Nov 2005,347.12143,347.82400

Week 1,22 Nov 2005,348.82471,349.60043
Week 2,29 Nov 2005,346.89600,347.53857
Week 3,06 Dec 2005,339.52100,340.11500
Week 4,13 Dec 2005,341.30700,341.89371

Week 1,20 Dec 2005,342.61271,343.32071
Week 2,27 Dec 2005,341.45300,342.18629
Week 3,03 Jan 2006,335.52443,336.12443
Week 4,10 Jan 2006,328.81471,329.52971

Week 1,17 Jan 2006,332.80343,333.52543
Week 2,24 Jan 2006,335.01357,335.66500
Week 3,31 Jan 2006,331.10543,331.94900
Week 4,07 Feb 2006,327.48386,336.99257

Week 1,14 Feb 2006,326.64571,329.94029
Week 2,21 Feb 2006,328.06529,328.85200
Week 3,28 Feb 2006,328.75071,329.44786
Week 4,07 Mar 2006,329.52043,330.45700

Week 1,14 Mar 2006,328.37057,329.01700
Week 2,21 Mar 2006,327.73100,328.50629
Week 3,28 Mar 2006,324.35814,325.13400
Week 4,04 Apr 2006,325.42171,326.13371

Week 1,11 Apr 2006,324.06129,324.70571
Week 2,18 Apr 2006,323.77529,324.51157
Week 3,25 Apr 2006,321.27886,321.92286
Week 4,02 May 2006,323.05614,323.70314

Week 1,09 May 2006,323.36557,324.01843
Week 2,16 May 2006,336.77886,337.46800
Week 3,23 May 2006,343.46600,344.23100
Week 4,30 May 2006,343.71371,344.32843

Week 1,06 Jun 2006,347.78629,348.38171
Week 2,13 Jun 2006,346.95729,347.74029
Week 3,20 Jun 2006,344.59757,345.25514
Week 4,27 Jun 2006,345.53700,346.28714

Week 1,04 Jul 2006,346.87971,347.63200
Week 2,11 Jul 2006,334.82371,342.34643
Week 3,18 Jul 2006,341.11743,341.77957
Week 4,25 Jul 2006,337.73543,338.34257

Week 1,01 Aug 2006,339.09514,339.56686
Week 2,08 Aug 2006,339.05657,339.66771
Week 3,15 Aug 2006,338.81329,339.62871
Week 4,22 Aug 2006,339.83743,340.58486

Week 1,29 Aug 2006,339.82371,340.52400
Week 2,05 Sep 2006,340.28686,341.03329
Week 3,12 Sep 2006,340.26629,341.00429
Week 4,19 Sep 2006,341.48486,342.29171

Week 1,26 Sep 2006,343.81129,344.56671
Week 2,03 Oct 2006,343.57214,344.29600
Week 3,10 Oct 2006,342.60043,343.43257
Week 4,17 Oct 2006,339.52100,340.28357

Week 1,24 Oct 2006,340.36957,341.16386
Week 2,31 Oct 2006,340.21800,340.88286
Week 3,07 Nov 2006,341.09000,341.80329
Week 4,14 Nov 2006,343.23486,343.88500

Week 1,21 Nov 2006,343.77929,344.47343
Week 2,28 Nov 2006,347.92271,348.74557
Week 3,05 Dec 2006,347.91957,348.67857
Week 4,12 Dec 2006,344.84043,345.53600

Week 1,19 Dec 2006,344.70171,345.44286
Week 2,26 Dec 2006,342.77443,343.55343
Week 3,02 Jan 2007,340.78943,341.49643
Week 4,09 Jan 2007,341.75314,342.48614

Week 1,16 Jan 2007,342.13286,342.79857
Week 2,23 Jan 2007,342.08814,342.67543
Week 3,30 Jan 2007,342.09986,342.81500
Week 4,06 Feb 2007,342.23186,342.89786

Week 1,13 Feb 2007,344.39114,345.07371
Week 2,20 Feb 2007,345.64643,346.35257
Week 3,27 Feb 2007,348.56871,349.24800
Week 4,06 Mar 2007,350.19829,350.89229

Week 1,13 Mar 2007,352.21271,352.91329
Week 2,20 Mar 2007,350.86886,351.46357
Week 3,27 Mar 2007,350.02686,350.52629
Week 4,03 Apr 2007,350.41843,351.19286

Week 1,10 Apr 2007,351.12129,351.73329
Week 2,17 Apr 2007,352.47571,353.01000
Week 3,24 Apr 2007,352.49957,352.90900
Week 4,01 May 2007,350.72343,351.25500

Week 1,08 May 2007,342.45743,342.97071
Week 2,15 May 2007,340.71071,341.35157
Week 3,22 May 2007,338.54729,339.04971
Week 4,29 May 2007,340.01186,340.55086

Week 1,05 Jun 2007,343.18057,343.76086
Week 2,12 Jun 2007,348.73400,349.17371
Week 3,19 Jun 2007,346.67014,347.21029
Week 4,26 Jun 2007,350.42171,350.95814

Week 1,03 Jul 2007,350.61000,351.33157
Week 2,10 Jul 2007,353.14643,353.64029
Week 3,17 Jul 2007,356.18757,356.97900
Week 4,24 Jul 2007,356.82829,357.37214

Week 1,31 Jul 2007,360.87900,361.55843
Week 2,07 Aug 2007,363.42229,364.00986
Week 3,14 Aug 2007,366.78214,367.46400
Week 4,21 Aug 2007,364.73400,365.32729

Week 1,28 Aug 2007,366.96829,367.65686
Week 2,04 Sep 2007,367.25286,367.85800
Week 3,11 Sep 2007,369.17400,369.83286
Week 4,18 Sep 2007,366.24157,366.90529

Week 1,25 Sep 2007,365.58629,366.26086
Week 2,02 Oct 2007,364.04500,364.69971
Week 3,09 Oct 2007,363.09171,363.73657
Week 4,16 Oct 2007,363.84743,364.49243

Week 1,23 Oct 2007,367.49686,368.14129
Week 2,30 Oct 2007,367.64700,368.31229
Week 3,06 Nov 2007,371.85900,372.52029
Week 4,13 Nov 2007,371.89943,372.53871

Week 1,20 Nov 2007,384.18271,384.83600
Week 2,27 Nov 2007,384.91286,385.58600
Week 3,04 Dec 2007,379.11057,379.77143
Week 4,11 Dec 2007,378.88957,379.60229

Week 1,18 Dec 2007,380.12871,380.63429
Week 2,25 Dec 2007,381.36886,381.76686
Week 3,01 Jan 2008,385.19686,385.71586
Week 4,08 Jan 2008,386.20157,386.71843

Week 1,15 Jan 2008,385.92257,386.48286
Week 2,22 Jan 2008,381.57343,382.29500
Week 3,29 Jan 2008,378.00729,378.61529
Week 4,05 Feb 2008,374.50300,375.09686

Week 1,12 Feb 2008,373.85629,374.43029
Week 2,19 Feb 2008,373.22400,373.78229
Week 3,26 Feb 2008,375.01786,375.64014
Week 4,04 Mar 2008,378.48143,379.10471

Week 1,11 Mar 2008,386.71043,387.25557
Week 2,18 Mar 2008,386.56600,387.04429
Week 3,25 Mar 2008,388.89543,389.48443
Week 4,01 Apr 2008,390.06986,390.75057

Week 1,08 Apr 2008,390.70971,391.18729
Week 2,15 Apr 2008,391.44871,392.12900
Week 3,22 Apr 2008,390.65657,391.33157
Week 4,29 Apr 2008,390.92843,391.54029

Week 1,06 May 2008,387.77257,388.39757
Week 2,13 May 2008,388.96700,389.70086
Week 3,20 May 2008,393.16686,393.85729
Week 4,27 May 2008,394.73614,395.54614

Week 1,03 Jun 2008,392.70171,393.33686
Week 2,10 Jun 2008,394.74571,395.43714
Week 3,17 Jun 2008,392.68629,393.25929
Week 4,24 Jun 2008,392.38514,392.98743

Week 1,01 Jul 2008,391.85914,392.64071
Week 2,08 Jul 2008,391.23929,391.75857
Week 3,15 Jul 2008,393.83400,394.34686
Week 4,22 Jul 2008,392.22671,392.68629

Week 1,29 Jul 2008,389.00071,389.55486
Week 2,05 Aug 2008,383.94214,384.50243
Week 3,12 Aug 2008,377.46529,378.02657
Week 4,19 Aug 2008,378.09429,378.59343

Week 1,26 Aug 2008,374.41843,374.92100
Week 2,02 Sep 2008,371.26229,371.86857
Week 3,09 Sep 2008,366.43829,367.07086
Week 4,16 Sep 2008,367.41243,367.91871

Week 1,23 Sep 2008,372.98400,373.69400
Week 2,30 Sep 2008,368.09914,368.79443
Week 3,07 Oct 2008,368.56886,369.23300
Week 4,14 Oct 2008,372.90943,373.73514

Week 1,21 Oct 2008,371.02557,371.95757
Week 2,28 Oct 2008,395.29014,397.93743
Week 3,04 Nov 2008,404.99057,406.96886
Week 4,11 Nov 2008,411.43529,413.67343

Week 1,18 Nov 2008,435.33057,439.11957
Week 2,25 Nov 2008,452.09686,458.28857
Week 3,02 Dec 2008,432.69986,437.70600
Week 4,09 Dec 2008,395.87829,400.89400

Week 1,16 Dec 2008,395.68829,401.79200
Week 2,23 Dec 2008,388.63286,391.45000
Week 3,30 Dec 2008,375.18043,380.97243
Week 4,06 Jan 2009,372.35700,380.50243

Week 1,13 Jan 2009,344.21129,350.02943
Week 2,20 Jan 2009,339.13757,344.21071
Week 3,27 Jan 2009,326.31386,330.06200
Week 4,03 Feb 2009,319.91586,324.04100

Week 1,10 Feb 2009,334.06686,339.57171
Week 2,17 Feb 2009,330.34929,333.98043
Week 3,24 Feb 2009,331.84129,336.66914
Week 4,03 Mar 2009,333.06571,338.56314

Week 1,10 Mar 2009,339.02114,344.94614
Week 2,17 Mar 2009,347.70900,351.81614
Week 3,24 Mar 2009,344.87514,349.20214
Week 4,31 Mar 2009,339.48386,345.34343

Week 1,07 Apr 2009,337.95600,340.44657
Week 2,14 Apr 2009,331.45686,337.15300
Week 3,21 Apr 2009,318.49386,324.34486
Week 4,28 Apr 2009,321.82214,324.93929

Week 1,05 May 2009,317.70171,325.94057
Week 2,12 May 2009,319.86700,326.31771
Week 3,19 May 2009,324.40586,327.89457
Week 4,26 May 2009,329.99414,334.07700

Week 1,02 Jun 2009,325.26557,329.67529
Week 2,09 Jun 2009,322.69800,325.76600
Week 3,16 Jun 2009,329.28300,332.38814
Week 4,23 Jun 2009,328.15129,331.48743

Week 1,30 Jun 2009,325.38971,329.59043
Week 2,07 Jul 2009,318.38743,320.46871
Week 3,14 Jul 2009,315.50800,316.69929
Week 4,21 Jul 2009,322.44686,324.65114

Week 1,28 Jul 2009,316.20129,317.91857
Week 2,04 Aug 2009,313.25257,314.88457
Week 3,11 Aug 2009,310.99257,312.77914
Week 4,18 Aug 2009,313.02100,316.42700

Week 1,25 Aug 2009,316.70086,319.45286
Week 2,01 Sep 2009,317.75329,318.62771
Week 3,08 Sep 2009,320.36357,321.18557
Week 4,15 Sep 2009,318.21300,320.17286

Week 1,22 Sep 2009,319.82600,322.59686
Week 2,29 Sep 2009,320.20171,322.95471
Week 3,06 Oct 2009,317.85771,319.39586
Week 4,13 Oct 2009,316.93543,319.60100

Week 1,20 Oct 2009,322.46000,323.15014
Week 2,27 Oct 2009,326.94214,329.69943
Week 3,03 Nov 2009,326.59071,327.18471
Week 4,10 Nov 2009,325.09500,325.84129

Week 1,17 Nov 2009,326.87843,328.37114
Week 2,24 Nov 2009,324.07586,324.75686
Week 3,01 Dec 2009,321.92886,322.58643
Week 4,08 Dec 2009,318.14386,318.71000

Week 1,15 Dec 2009,314.17729,314.69714
Week 2,22 Dec 2009,316.97571,317.54500
Week 3,29 Dec 2009,312.04371,313.96371
Week 4,05 Jan 2010,308.84614,310.21714

Week 1,12 Jan 2010,310.75471,311.83414
Week 2,19 Jan 2010,310.46071,311.85457
Week 3,26 Jan 2010,306.20129,308.66743
Week 4,02 Feb 2010,310.44000,311.20843

Week 1,09 Feb 2010,308.70757,309.54643
Week 2,16 Feb 2010,309.98414,312.90629
Week 3,23 Feb 2010,309.97529,312.97800
Week 4,02 Mar 2010,304.71057,309.74371

Week 1,09 Mar 2010,309.66986,310.37457
Week 2,16 Mar 2010,311.86586,312.59957
Week 3,23 Mar 2010,308.49800,309.31771
Week 4,30 Mar 2010,307.83971,311.11086

Week 1,06 Apr 2010,309.27557,310.01386
Week 2,13 Apr 2010,309.00571,311.96457
Week 3,20 Apr 2010,309.46243,310.20214
Week 4,27 Apr 2010,308.18300,310.12043

Week 1,04 May 2010,302.08929,307.72771
Week 2,11 May 2010,302.36457,305.22671
Week 3,18 May 2010,297.23071,298.24257
Week 4,25 May 2010,299.90457,301.49357

Week 1,01 Jun 2010,294.34571,299.36643
Week 2,08 Jun 2010,291.89629,292.40986
Week 3,15 Jun 2010,291.44786,295.23914
Week 4,22 Jun 2010,291.80086,293.17371

Week 1,29 Jun 2010,288.78514,294.20029
Week 2,06 Jul 2010,292.02729,293.26086
Week 3,13 Jul 2010,293.07957,298.34486
Week 4,20 Jul 2010,295.54586,298.28014

Week 1,27 Jul 2010,294.64186,298.15157
Week 2,03 Aug 2010,297.09286,298.43229
Week 3,10 Aug 2010,295.50771,298.27929
Week 4,17 Aug 2010,291.69057,298.30000

Week 1,24 Aug 2010,291.59943,294.90871
Week 2,31 Aug 2010,294.04414,294.67214
Week 3,07 Sep 2010,292.61214,293.20114
Week 4,14 Sep 2010,285.95657,295.27129

Week 1,21 Sep 2010,287.00557,292.26829
Week 2,28 Sep 2010,289.81143,295.99700
Week 3,05 Oct 2010,293.32729,302.03486
Week 4,12 Oct 2010,294.80257,297.43471

Week 1,19 Oct 2010,291.82914,293.55871
Week 2,26 Oct 2010,291.08371,291.89486
Week 3,02 Nov 2010,288.95029,289.71871
Week 4,09 Nov 2010,287.19143,293.24171

Week 1,16 Nov 2010,283.98343,291.38886
Week 2,23 Nov 2010,283.38986,290.57614
Week 3,30 Nov 2010,283.98386,291.39971
Week 4,07 Dec 2010,286.99071,293.82229

Week 1,14 Dec 2010,288.68343,298.05471
Week 2,21 Dec 2010,292.70957,298.27329
Week 3,28 Dec 2010,293.00214,298.91943
Week 4,04 Jan 2011,289.92100,297.36900

Week 1,11 Jan 2011,294.84500,303.65900
Week 2,18 Jan 2011,296.62329,308.01143
Week 3,25 Jan 2011,299.64957,307.42100
Week 4,01 Feb 2011,299.99157,310.74614

Week 1,08 Feb 2011,302.23400,307.65700
Week 2,15 Feb 2011,299.98514,307.55457
Week 3,22 Feb 2011,302.44600,306.81929
Week 4,01 Mar 2011,308.99729,310.64057

Week 1,08 Mar 2011,307.84871,309.39329
Week 2,15 Mar 2011,305.61686,307.42071
Week 3,22 Mar 2011,306.57729,309.76057
Week 4,29 Mar 2011,305.20229,307.96571

Week 1,05 Apr 2011,305.83229,308.19429
Week 2,12 Apr 2011,306.80814,309.09186
Week 3,19 Apr 2011,307.06957,308.47414
Week 4,26 Apr 2011,310.12257,312.52286

Week 1,03 May 2011,310.90614,313.22014
Week 2,10 May 2011,306.51900,308.42229
Week 3,17 May 2011,303.39000,305.78329
Week 4,24 May 2011,300.97671,305.95614

Week 1,31 May 2011,304.14857,307.22829
Week 2,07 Jun 2011,303.04000,309.85000
Week 3,14 Jun 2011,304.06214,307.54586
Week 4,21 Jun 2011,304.94786,307.05514

Week 1,28 Jun 2011,306.22357,307.12671
Week 2,05 Jul 2011,303.24400,306.74871
Week 3,12 Jul 2011,302.56600,304.64243
Week 4,19 Jul 2011,304.49286,307.08329

Week 1,26 Jul 2011,307.08471,309.14229
Week 2,02 Aug 2011,300.12943,306.51871
Week 3,09 Aug 2011,289.18229,294.34386
Week 4,16 Aug 2011,291.89386,299.00871

Week 1,23 Aug 2011,294.29943,296.62386
Week 2,30 Aug 2011,292.73743,295.75714
Week 3,06 Sep 2011,286.75471,289.74886
Week 4,13 Sep 2011,286.08686,288.02300

Week 1,20 Sep 2011,277.35414,279.54786
Week 2,27 Sep 2011,278.94271,280.34900
Week 3,04 Oct 2011,275.93371,278.49757
Week 4,11 Oct 2011,282.32071,286.58771

Week 1,18 Oct 2011,282.13786,286.97714
Week 2,25 Oct 2011,291.49200,293.64557
Week 3,01 Nov 2011,291.32814,294.38971
Week 4,08 Nov 2011,292.18871,295.91657

Week 1,15 Nov 2011,289.17629,296.39957
Week 2,22 Nov 2011,285.39229,291.15057
Week 3,29 Nov 2011,288.70714,296.18286
Week 4,06 Dec 2011,286.30200,291.93400

Week 1,13 Dec 2011,283.53586,287.54114
Week 2,20 Dec 2011,284.95700,290.47171
Week 3,27 Dec 2011,284.01443,287.99500
Week 4,03 Jan 2012,282.12229,287.70929

Week 1,10 Jan 2012,284.13057,289.77657
Week 2,17 Jan 2012,283.32957,289.50871
Week 3,24 Jan 2012,291.05543,296.38186
Week 4,31 Jan 2012,294.18357,299.33400

Week 1,07 Feb 2012,297.41886,301.24857
Week 2,14 Feb 2012,298.10857,302.48914
Week 3,21 Feb 2012,305.04314,307.71086
Week 4,28 Feb 2012,308.81443,313.15114

Week 1,06 Mar 2012,308.77857,311.24471
Week 2,13 Mar 2012,309.96443,312.15843
Week 3,20 Mar 2012,309.14843,316.38257
Week 4,27 Mar 2012,311.76886,314.33957

Week 1,03 Apr 2012,309.66529,311.50457
Week 2,10 Apr 2012,306.36871,312.71429
Week 3,17 Apr 2012,309.52857,312.47929
Week 4,24 Apr 2012,311.82071,313.74086

Week 1,01 May 2012,307.66814,316.80600
Week 2,08 May 2012,303.91343,307.99257
Week 3,15 May 2012,298.15129,300.54157
Week 4,22 May 2012,292.39771,294.66400

Week 1,29 May 2012,282.61600,288.36186
Week 2,05 Jun 2012,283.13429,289.14914
Week 3,12 Jun 2012,285.90771,293.58014
Week 4,19 Jun 2012,284.51814,290.49086

Week 1,26 Jun 2012,285.89886,288.00200
Week 2,03 Jul 2012,285.45357,292.03871
Week 3,10 Jul 2012,285.35500,291.33329
Week 4,17 Jul 2012,290.81886,295.62143

Week 1,24 Jul 2012,290.50186,293.85043
Week 2,31 Jul 2012,292.78229,294.87157
Week 3,07 Aug 2012,297.61143,299.60000
Week 4,14 Aug 2012,296.55543,297.57614

Week 1,21 Aug 2012,297.62743,299.40586
Week 2,28 Aug 2012,293.67371,298.63843
Week 3,04 Sep 2012,297.60543,299.67357
Week 4,11 Sep 2012,304.31286,308.71829

Week 1,18 Sep 2012,304.52929,309.85214
Week 2,25 Sep 2012,306.18943,308.31143
Week 3,02 Oct 2012,306.58886,310.58243
Week 4,09 Oct 2012,306.67114,309.95943

Week 1,16 Oct 2012,308.79843,312.28529
Week 2,23 Oct 2012,305.92271,308.06300
Week 3,30 Oct 2012,304.81614,307.43200
Week 4,06 Nov 2012,303.17814,307.62100

Week 1,13 Nov 2012,301.68843,305.65671
Week 2,20 Nov 2012,305.34986,310.49171
Week 3,27 Nov 2012,308.18943,311.78029
Week 4,04 Dec 2012,309.18900,313.49414

Week 1,11 Dec 2012,312.34771,315.46343
Week 2,18 Dec 2012,312.31957,314.27886
Week 3,25 Dec 2012,315.44614,317.33743
Week 4,01 Jan 2013,316.50743,319.54557

Week 1,08 Jan 2013,316.27871,322.07257
Week 2,15 Jan 2013,317.17200,321.37871
Week 3,22 Jan 2013,317.93543,323.71500
Week 4,29 Jan 2013,322.66800,325.04171

Week 1,05 Feb 2013,320.41786,322.82314
Week 2,12 Feb 2013,319.80800,321.78871
Week 3,19 Feb 2013,319.30200,321.65900
Week 4,26 Feb 2013,315.44671,317.69257

Week 1,05 Mar 2013,314.09457,316.32429
Week 2,12 Mar 2013,314.19657,317.66286
Week 3,19 Mar 2013,314.13671,316.22143
Week 4,26 Mar 2013,312.46757,315.01886

Week 1,02 Apr 2013,308.81057,311.20986
Week 2,09 Apr 2013,311.46386,313.99029
Week 3,16 Apr 2013,306.73014,309.30614
Week 4,23 Apr 2013,306.94471,311.92700

Week 1,30 Apr 2013,311.29857,313.49671
Week 2,07 May 2013,310.63771,312.95529
Week 3,14 May 2013,308.50914,313.06743
Week 4,21 May 2013,310.62900,313.40914

Week 1,28 May 2013,308.03429,312.30629
Week 2,04 Jun 2013,304.77271,309.43071
Week 3,11 Jun 2013,305.69457,309.67314
Week 4,18 Jun 2013,304.55843,307.22686

Week 1,25 Jun 2013,301.23243,303.47214
Week 2,02 Jul 2013,298.70457,300.78129
Week 3,09 Jul 2013,302.37300,305.92871
Week 4,16 Jul 2013,309.23486,311.01614

Week 1,23 Jul 2013,311.51743,314.42786
Week 2,30 Jul 2013,310.17443,313.30629
Week 3,06 Aug 2013,311.42757,313.68671
Week 4,13 Aug 2013,312.68986,315.86471

Week 1,20 Aug 2013,323.81186,327.63900
Week 2,27 Aug 2013,327.70229,330.28600
Week 3,03 Sep 2013,331.91214,333.86557
Week 4,10 Sep 2013,344.86843,346.91114

Week 1,17 Sep 2013,354.25329,356.59829
Week 2,24 Sep 2013,356.73643,359.04186
Week 3,01 Oct 2013,353.56943,357.92729
Week 4,08 Oct 2013,351.41000,355.40714

Week 1,15 Oct 2013,351.49900,354.57543
Week 2,22 Oct 2013,347.38143,351.21471
Week 3,29 Oct 2013,347.06971,350.05629
Week 4,05 Nov 2013,349.12714,351.41643

Week 1,12 Nov 2013,353.00814,355.17686
Week 2,19 Nov 2013,354.26986,357.36400
Week 3,26 Nov 2013,353.42686,358.95943
Week 4,03 Dec 2013,354.43071,362.79514

Week 1,10 Dec 2013,363.89114,365.87414
Week 2,17 Dec 2013,366.05829,366.83443
Week 3,24 Dec 2013,371.79500,372.81000
Week 4,31 Dec 2013,367.43786,368.21557

Week 1,07 Jan 2014,361.81043,362.62729
Week 2,14 Jan 2014,355.19971,356.89300
Week 3,21 Jan 2014,352.68214,353.40943
Week 4,28 Jan 2014,347.04229,348.38457

Week 1,04 Feb 2014,343.90786,344.89214
Week 2,11 Feb 2014,338.94614,339.94014
Week 3,18 Feb 2014,329.07414,330.66471
Week 4,25 Feb 2014,323.05457,324.02271

Week 1,04 Mar 2014,316.16629,317.35029
Week 2,11 Mar 2014,310.91100,312.30243
Week 3,18 Mar 2014,312.79514,313.90300
Week 4,25 Mar 2014,317.17543,319.12114

Week 1,01 Apr 2014,319.42100,321.02943
Week 2,08 Apr 2014,318.34129,319.51757
Week 3,15 Apr 2014,318.37543,320.44486
Week 4,22 Apr 2014,321.93800,323.05200

Week 1,29 Apr 2014,322.09243,323.30100
Week 2,06 May 2014,326.12786,327.21214
Week 3,13 May 2014,327.38086,328.81214
Week 4,20 May 2014,334.38100,335.96543

Week 1,27 May 2014,335.75814,336.89871
Week 2,03 Jun 2014,339.35700,340.64871
Week 3,10 Jun 2014,342.99486,343.78029
Week 4,17 Jun 2014,345.10886,345.91729

Week 1,24 Jun 2014,355.19071,356.02729
Week 2,01 Jul 2014,346.33557,347.80243
Week 3,08 Jul 2014,340.38743,342.08171
Week 4,15 Jul 2014,334.47743,336.53157

Week 1,22 Jul 2014,328.98614,330.10743
Week 2,29 Jul 2014,327.02029,328.98471
Week 3,05 Aug 2014,325.42900,326.93771
Week 4,12 Aug 2014,323.66100,324.65843

Week 1,19 Aug 2014,322.82329,323.93600
Week 2,26 Aug 2014,319.63371,320.94500
Week 3,02 Sep 2014,316.23086,317.33514
Week 4,09 Sep 2014,315.33371,316.47329

Week 1,16 Sep 2014,311.10129,312.33229
Week 2,23 Sep 2014,309.56486,310.74829
Week 3,30 Sep 2014,305.75086,306.90257
Week 4,07 Oct 2014,303.92857,305.02643

Week 1,14 Oct 2014,298.24429,299.71029
Week 2,21 Oct 2014,290.30057,291.33000
Week 3,28 Oct 2014,282.13814,283.70014
Week 4,04 Nov 2014,267.34357,269.18971

Week 1,11 Nov 2014,261.19843,262.32229
Week 2,18 Nov 2014,261.23129,262.45414
Week 3,25 Nov 2014,254.81486,256.03743
Week 4,02 Dec 2014,233.16600,234.01986

Week 1,09 Dec 2014,223.09986,224.80557
Week 2,16 Dec 2014,195.58086,198.45514
Week 3,23 Dec 2014,229.16714,231.04057
Week 4,30 Dec 2014,211.52771,214.80257

Week 1,06 Jan 2015,203.03029,207.20786
Week 2,13 Jan 2015,192.92900,197.06000
Week 3,20 Jan 2015,192.09229,195.53600
Week 4,27 Jan 2015,183.40057,184.27200

Week 1,03 Feb 2015,187.64914,189.54257
Week 2,10 Feb 2015,195.30143,197.46729
Week 3,17 Feb 2015,205.64086,207.88714
Week 4,24 Feb 2015,207.98229,208.99171

Week 1,03 Mar 2015,212.17586,213.61614
Week 2,10 Mar 2015,213.01614,214.85757
Week 3,17 Mar 2015,216.16114,217.00257
Week 4,24 Mar 2015,224.53986,225.71900

Week 1,31 Mar 2015,226.40314,228.31871
Week 2,07 Apr 2015,240.13400,241.78557
Week 3,14 Apr 2015,250.68857,251.93886
Week 4,21 Apr 2015,249.23457,250.35086

Week 1,28 Apr 2015,249.98586,252.89214
Week 2,05 May 2015,255.95429,258.01657
Week 3,12 May 2015,261.76743,262.91529
Week 4,19 May 2015,263.80914,266.27657

Week 1,26 May 2015,254.85171,256.30257
Week 2,02 Jun 2015,241.07229,243.54671
Week 3,09 Jun 2015,240.71257,242.51343
Week 4,16 Jun 2015,246.17771,246.80186

Week 1,23 Jun 2015,243.76443,244.75500
Week 2,30 Jun 2015,239.11471,239.91257
Week 3,07 Jul 2015,234.34614,235.22571
Week 4,14 Jul 2015,234.38143,235.16071

Week 1,21 Jul 2015,232.38943,233.18914
Week 2,28 Jul 2015,222.67914,225.05243
Week 3,04 Aug 2015,212.12129,213.37971
Week 4,11 Aug 2015,211.00071,214.81857

Week 1,18 Aug 2015,204.13929,208.52857
Week 2,25 Aug 2015,205.04143,211.24543
Week 3,01 Sep 2015,208.12286,213.47614
Week 4,08 Sep 2015,208.08014,211.07771

Week 1,15 Sep 2015,215.84986,217.70743
Week 2,22 Sep 2015,220.90343,222.35757
Week 3,29 Sep 2015,221.97814,224.16200
Week 4,06 Oct 2015,220.33014,224.75129

Week 1,13 Oct 2015,216.42414,220.02443
Week 2,20 Oct 2015,217.85943,219.56214
Week 3,27 Oct 2015,212.83071,214.18314
Week 4,03 Nov 2015,211.84943,215.98200

Week 1,10 Nov 2015,207.00971,208.27300
Week 2,17 Nov 2015,210.17771,212.27543
Week 3,24 Nov 2015,204.94186,211.46429
Week 4,01 Dec 2015,204.56629,206.25043

Week 1,08 Dec 2015,201.75000,202.58800
Week 2,15 Dec 2015,197.19086,199.92143
Week 3,22 Dec 2015,192.22929,194.40029
Week 4,29 Dec 2015,187.91029,190.13271

Week 1,05 Jan 2016,191.29157,193.64271
Week 2,12 Jan 2016,180.96529,184.87643
Week 3,19 Jan 2016,172.67529,174.33700
Week 4,26 Jan 2016,179.29329,181.81443

Week 1,02 Feb 2016,175.90100,177.72400
Week 2,09 Feb 2016,170.96514,172.86100
Week 3,16 Feb 2016,173.69857,176.41257
Week 4,23 Feb 2016,175.96229,176.51700

Week 1,01 Mar 2016,178.90786,181.48086
Week 2,08 Mar 2016,182.61386,186.31343
Week 3,15 Mar 2016,188.53700,190.16143
Week 4,22 Mar 2016,193.53229,194.70500

Week 1,29 Mar 2016,194.45086,195.51143
Week 2,05 Apr 2016,193.49529,194.46786
Week 3,12 Apr 2016,198.04343,198.86971
Week 4,19 Apr 2016,198.44400,198.98657

Week 1,26 Apr 2016,201.01643,202.44057
Week 2,03 May 2016,201.26714,202.22200
Week 3,10 May 2016,202.68429,203.17671
Week 4,17 May 2016,203.58700,204.86157

Week 1,24 May 2016,205.35829,206.32571
Week 2,31 May 2016,204.40129,204.97614
Week 3,07 Jun 2016,204.85957,205.53857
Week 4,14 Jun 2016,204.01514,204.40857

Week 1,21 Jun 2016,205.79800,208.53686
Week 2,28 Jun 2016,204.91529,205.88586
Week 3,05 Jul 2016,204.33271,205.89800
Week 4,12 Jul 2016,205.57729,206.44971

Week 1,19 Jul 2016,204.69329,205.09286
Week 2,26 Jul 2016,198.19829,198.95443
Week 3,02 Aug 2016,198.19329,198.63343
Week 4,09 Aug 2016,202.42257,202.80500

Week 1,16 Aug 2016,205.15429,205.68229
Week 2,23 Aug 2016,204.62429,205.11443
Week 3,30 Aug 2016,202.60629,203.91614
Week 4,06 Sep 2016,203.11571,203.44643

Week 1,13 Sep 2016,202.57400,203.01771
Week 2,20 Sep 2016,203.72514,204.16629
Week 3,27 Sep 2016,204.88614,205.26100
Week 4,04 Oct 2016,208.07286,208.53457

Week 1,11 Oct 2016,207.70029,208.12229
Week 2,18 Oct 2016,208.15100,208.61200
Week 3,25 Oct 2016,207.77886,208.36214
Week 4,01 Nov 2016,203.41457,206.22457

Week 1,08 Nov 2016,202.94643,205.78000
Week 2,15 Nov 2016,204.62100,206.68471
Week 3,22 Nov 2016,209.05600,209.60200
Week 4,29 Nov 2016,209.87671,210.38571

Week 1,06 Dec 2016,211.11486,211.50929
Week 2,13 Dec 2016,216.82529,217.45943
Week 3,20 Dec 2016,219.22586,219.83371
Week 4,27 Dec 2016,221.09857,221.59486

Week 1,03 Jan 2017,221.26843,223.51229
Week 2,10 Jan 2017,222.53386,223.21071
Week 3,17 Jan 2017,224.24586,224.70957
Week 4,24 Jan 2017,223.45200,223.96957

Week 1,31 Jan 2017,223.64343,224.37200
Week 2,07 Feb 2017,226.22071,226.73757
Week 3,14 Feb 2017,229.91543,231.46914
Week 4,21 Feb 2017,229.59643,230.12929

Week 1,28 Feb 2017,228.78345,229.35257
Week 2,07 Mar 2017,227.44090,227.96348
Week 3,14 Mar 2017,229.11149,229.59554
Week 4,21 Mar 2017,232.09050,232.54018

Week 1,28 Mar 2017,234.86785,236.31637
Week 2,04 Apr 2017,234.95368,235.82649
Week 3,11 Apr 2017,234.20868,234.78023
Week 4,18 Apr 2017,236.15195,236.59597

Week 1,25 Apr 2017,233.94438,235.73445
Week 2,02 May 2017,231.06959,231.48258
Week 3,09 May 2017,231.38934,231.86853
Week 4,16 May 2017,233.98905,234.56962

Week 1,23 May 2017,235.01401,235.48218
Week 2,30 May 2017,234.96500,235.45740
Week 3,06 Jun 2017,232.51036,235.07515
Week 4,13 Jun 2017,231.25620,231.82892

Week 1,20 Jun 2017,222.88210,225.35314
Week 2,27 Jun 2017,223.84146,226.41236
Week 3,04 Jul 2017,222.33418,224.45158
Week 4,11 Jul 2017,221.40479,224.25721

Week 1,18 Jul 2017,223.39187,226.46078
Week 2,25 Jul 2017,221.41188,224.55194
Week 3,01 Aug 2017,220.36630,223.59229
Week 4,08 Aug 2017,220.44099,224.03027

Week 1,15 Aug 2017,222.65199,226.90330
Week 2,22 Aug 2017,224.58437,227.12078
Week 3,29 Aug 2017,228.89899,230.84576
Week 4,05 Sep 2017,230.24373,232.84247

Week 1,12 Sep 2017,228.47253,231.10389
Week 2,19 Sep 2017,228.63467,231.40300
Week 3,26 Sep 2017,231.38905,234.39559
Week 4,03 Oct 2017,231.37707,234.81848

Week 1,10 Oct 2017,232.34667,235.85357
Week 2,17 Oct 2017,233.99363,236.97931
Week 3,24 Oct 2017,233.84363,236.47480
Week 4,31 Oct 2017,230.38673,232.87501

Week 1,07 Nov 2017,227.36481,229.95642
Week 2,14 Nov 2017,226.14344,228.54801
Week 3,21 Nov 2017,228.46981,230.94543
Week 4,28 Nov 2017,229.51827,232.02581

Week 1,05 Dec 2017,229.52082,230.02682


