RUB->AUD

Week 1,01 Dec 1998,0.07971,0.08077
Week 2,08 Dec 1998,0.07571,0.07699
Week 3,15 Dec 1998,0.07328,0.07418
Week 4,22 Dec 1998,0.07770,0.07881

Week 1,29 Dec 1998,0.07402,0.07799
Week 2,05 Jan 1999,0.06776,0.06881
Week 3,12 Jan 1999,0.06852,0.06927
Week 4,19 Jan 1999,0.06760,0.06812

Week 1,26 Jan 1999,0.06862,0.06898
Week 2,02 Feb 1999,0.06628,0.06660
Week 3,09 Feb 1999,0.06687,0.06719
Week 4,16 Feb 1999,0.06762,0.06808

Week 1,23 Feb 1999,0.06913,0.06960
Week 2,02 Mar 1999,0.06834,0.06865
Week 3,09 Mar 1999,0.06700,0.06740
Week 4,16 Mar 1999,0.06610,0.06654

Week 1,23 Mar 1999,0.05968,0.06077
Week 2,30 Mar 1999,0.06090,0.06159
Week 3,06 Apr 1999,0.06060,0.06124
Week 4,13 Apr 1999,0.06049,0.06086

Week 1,20 Apr 1999,0.06116,0.06186
Week 2,27 Apr 1999,0.06131,0.06191
Week 3,04 May 1999,0.06141,0.06207
Week 4,11 May 1999,0.05904,0.06008

Week 1,18 May 1999,0.06075,0.06108
Week 2,25 May 1999,0.06215,0.06247
Week 3,01 Jun 1999,0.06190,0.06212
Week 4,08 Jun 1999,0.06124,0.06157

Week 1,15 Jun 1999,0.06217,0.06252
Week 2,22 Jun 1999,0.06203,0.06242
Week 3,29 Jun 1999,0.06124,0.06163
Week 4,06 Jul 1999,0.06103,0.06152

Week 1,13 Jul 1999,0.06194,0.06232
Week 2,20 Jul 1999,0.06315,0.06359
Week 3,27 Jul 1999,0.06341,0.06365
Week 4,03 Aug 1999,0.06286,0.06301

Week 1,10 Aug 1999,0.06169,0.06212
Week 2,17 Aug 1999,0.06273,0.06317
Week 3,24 Aug 1999,0.06344,0.06382
Week 4,31 Aug 1999,0.06059,0.06101

Week 1,07 Sep 1999,0.05914,0.05968
Week 2,14 Sep 1999,0.06019,0.06070
Week 3,21 Sep 1999,0.06052,0.06082
Week 4,28 Sep 1999,0.05983,0.06041

Week 1,05 Oct 1999,0.05882,0.05907
Week 2,12 Oct 1999,0.05968,0.05980
Week 3,19 Oct 1999,0.05960,0.05986
Week 4,26 Oct 1999,0.05964,0.05987

Week 1,02 Nov 1999,0.05927,0.05963
Week 2,09 Nov 1999,0.05903,0.05924
Week 3,16 Nov 1999,0.05902,0.05923
Week 4,23 Nov 1999,0.05924,0.05948

Week 1,30 Nov 1999,0.05917,0.05961
Week 2,07 Dec 1999,0.05836,0.05858
Week 3,14 Dec 1999,0.05811,0.05828
Week 4,21 Dec 1999,0.05774,0.05791

Week 1,28 Dec 1999,0.05588,0.05606
Week 2,04 Jan 2000,0.05542,0.05577
Week 3,11 Jan 2000,0.05275,0.05298
Week 4,18 Jan 2000,0.05260,0.05274

Week 1,25 Jan 2000,0.05408,0.05423
Week 2,01 Feb 2000,0.05461,0.05478
Week 3,08 Feb 2000,0.05494,0.05509
Week 4,15 Feb 2000,0.05510,0.05521

Week 1,22 Feb 2000,0.05603,0.05616
Week 2,29 Feb 2000,0.05721,0.05735
Week 3,07 Mar 2000,0.05729,0.05743
Week 4,14 Mar 2000,0.05747,0.05762

Week 1,21 Mar 2000,0.05794,0.05809
Week 2,28 Mar 2000,0.05736,0.05753
Week 3,04 Apr 2000,0.05768,0.05786
Week 4,11 Apr 2000,0.05854,0.05871

Week 1,18 Apr 2000,0.05873,0.05890
Week 2,25 Apr 2000,0.05962,0.05978
Week 3,02 May 2000,0.05941,0.05955
Week 4,09 May 2000,0.06066,0.06082

Week 1,16 May 2000,0.06153,0.06166
Week 2,23 May 2000,0.06165,0.06182
Week 3,30 May 2000,0.06118,0.06137
Week 4,06 Jun 2000,0.05995,0.06010

Week 1,13 Jun 2000,0.05859,0.05875
Week 2,20 Jun 2000,0.05918,0.05934
Week 3,27 Jun 2000,0.05937,0.05949
Week 4,04 Jul 2000,0.06010,0.06022

Week 1,11 Jul 2000,0.06113,0.06122
Week 2,18 Jul 2000,0.06180,0.06189
Week 3,25 Jul 2000,0.06121,0.06133
Week 4,01 Aug 2000,0.06160,0.06174

Week 1,08 Aug 2000,0.06202,0.06215
Week 2,15 Aug 2000,0.06117,0.06128
Week 3,22 Aug 2000,0.06254,0.06264
Week 4,29 Aug 2000,0.06258,0.06271

Week 1,05 Sep 2000,0.06374,0.06389
Week 2,12 Sep 2000,0.06522,0.06534
Week 3,19 Sep 2000,0.06606,0.06617
Week 4,26 Sep 2000,0.06571,0.06583

Week 1,03 Oct 2000,0.06645,0.06674
Week 2,10 Oct 2000,0.06735,0.06746
Week 3,17 Oct 2000,0.06819,0.06830
Week 4,24 Oct 2000,0.06857,0.06868

Week 1,31 Oct 2000,0.06849,0.06861
Week 2,07 Nov 2000,0.06859,0.06870
Week 3,14 Nov 2000,0.06916,0.06927
Week 4,21 Nov 2000,0.06890,0.06901

Week 1,28 Nov 2000,0.06763,0.06775
Week 2,05 Dec 2000,0.06547,0.06557
Week 3,12 Dec 2000,0.06584,0.06595
Week 4,19 Dec 2000,0.06463,0.06474

Week 1,26 Dec 2000,0.06305,0.06316
Week 2,02 Jan 2001,0.06213,0.06223
Week 3,09 Jan 2001,0.06288,0.06298
Week 4,16 Jan 2001,0.06345,0.06356

Week 1,23 Jan 2001,0.06432,0.06443
Week 2,30 Jan 2001,0.06383,0.06393
Week 3,06 Feb 2001,0.06463,0.06474
Week 4,13 Feb 2001,0.06569,0.06580

Week 1,20 Feb 2001,0.06619,0.06630
Week 2,27 Feb 2001,0.06599,0.06611
Week 3,06 Mar 2001,0.06791,0.06803
Week 4,13 Mar 2001,0.06999,0.07011

Week 1,20 Mar 2001,0.07005,0.07018
Week 2,27 Mar 2001,0.07043,0.07056
Week 3,03 Apr 2001,0.07057,0.07070
Week 4,10 Apr 2001,0.06872,0.06885

Week 1,17 Apr 2001,0.06763,0.06775
Week 2,24 Apr 2001,0.06809,0.06820
Week 3,01 May 2001,0.06659,0.06670
Week 4,08 May 2001,0.06616,0.06627

Week 1,15 May 2001,0.06536,0.06547
Week 2,22 May 2001,0.06595,0.06605
Week 3,29 May 2001,0.06714,0.06724
Week 4,05 Jun 2001,0.06605,0.06616

Week 1,12 Jun 2001,0.06533,0.06544
Week 2,19 Jun 2001,0.06619,0.06630
Week 3,26 Jun 2001,0.06676,0.06687
Week 4,03 Jul 2001,0.06678,0.06689

Week 1,10 Jul 2001,0.06740,0.06752
Week 2,17 Jul 2001,0.06704,0.06715
Week 3,24 Jul 2001,0.06715,0.06726
Week 4,31 Jul 2001,0.06612,0.06624

Week 1,07 Aug 2001,0.06614,0.06625
Week 2,14 Aug 2001,0.06439,0.06451
Week 3,21 Aug 2001,0.06371,0.06380
Week 4,28 Aug 2001,0.06415,0.06424

Week 1,04 Sep 2001,0.06506,0.06517
Week 2,11 Sep 2001,0.06562,0.06569
Week 3,18 Sep 2001,0.06901,0.06910
Week 4,25 Sep 2001,0.06907,0.06914

Week 1,02 Oct 2001,0.06776,0.06783
Week 2,09 Oct 2001,0.06722,0.06731
Week 3,16 Oct 2001,0.06624,0.06632
Week 4,23 Oct 2001,0.06685,0.06693

Week 1,30 Oct 2001,0.06633,0.06642
Week 2,06 Nov 2001,0.06537,0.06546
Week 3,13 Nov 2001,0.06446,0.06453
Week 4,20 Nov 2001,0.06464,0.06472

Week 1,27 Nov 2001,0.06425,0.06432
Week 2,04 Dec 2001,0.06486,0.06492
Week 3,11 Dec 2001,0.06432,0.06441
Week 4,18 Dec 2001,0.06508,0.06515

Week 1,25 Dec 2001,0.06467,0.06481
Week 2,01 Jan 2002,0.06341,0.06356
Week 3,08 Jan 2002,0.06276,0.06285
Week 4,15 Jan 2002,0.06341,0.06349

Week 1,22 Jan 2002,0.06309,0.06316
Week 2,29 Jan 2002,0.06385,0.06393
Week 3,05 Feb 2002,0.06372,0.06378
Week 4,12 Feb 2002,0.06297,0.06304

Week 1,19 Feb 2002,0.06267,0.06274
Week 2,26 Feb 2002,0.06241,0.06248
Week 3,05 Mar 2002,0.06161,0.06167
Week 4,12 Mar 2002,0.06140,0.06147

Week 1,19 Mar 2002,0.06066,0.06072
Week 2,26 Mar 2002,0.06033,0.06040
Week 3,02 Apr 2002,0.06022,0.06028
Week 4,09 Apr 2002,0.06015,0.06022

Week 1,16 Apr 2002,0.05963,0.05969
Week 2,23 Apr 2002,0.05906,0.05912
Week 3,30 Apr 2002,0.05937,0.05942
Week 4,07 May 2002,0.05897,0.05904

Week 1,14 May 2002,0.05810,0.05817
Week 2,21 May 2002,0.05737,0.05743
Week 3,28 May 2002,0.05656,0.05663
Week 4,04 Jun 2002,0.05562,0.05568

Week 1,11 Jun 2002,0.05622,0.05627
Week 2,18 Jun 2002,0.05586,0.05591
Week 3,25 Jun 2002,0.05613,0.05617
Week 4,02 Jul 2002,0.05668,0.05674

Week 1,09 Jul 2002,0.05638,0.05644
Week 2,16 Jul 2002,0.05698,0.05703
Week 3,23 Jul 2002,0.05869,0.05876
Week 4,30 Jul 2002,0.05861,0.05867

Week 1,06 Aug 2002,0.05930,0.05937
Week 2,13 Aug 2002,0.05838,0.05845
Week 3,20 Aug 2002,0.05821,0.05827
Week 4,27 Aug 2002,0.05747,0.05752

Week 1,03 Sep 2002,0.05773,0.05780
Week 2,10 Sep 2002,0.05742,0.05750
Week 3,17 Sep 2002,0.05766,0.05773
Week 4,24 Sep 2002,0.05799,0.05806

Week 1,01 Oct 2002,0.05779,0.05786
Week 2,08 Oct 2002,0.05750,0.05758
Week 3,15 Oct 2002,0.05741,0.05748
Week 4,22 Oct 2002,0.05677,0.05683

Week 1,29 Oct 2002,0.05643,0.05650
Week 2,05 Nov 2002,0.05572,0.05578
Week 3,12 Nov 2002,0.05584,0.05590
Week 4,19 Nov 2002,0.05585,0.05591

Week 1,26 Nov 2002,0.05608,0.05613
Week 2,03 Dec 2002,0.05596,0.05602
Week 3,10 Dec 2002,0.05566,0.05571
Week 4,17 Dec 2002,0.05553,0.05560

Week 1,24 Dec 2002,0.05590,0.05596
Week 2,31 Dec 2002,0.05542,0.05551
Week 3,07 Jan 2003,0.05417,0.05425
Week 4,14 Jan 2003,0.05340,0.05347

Week 1,21 Jan 2003,0.05320,0.05327
Week 2,28 Jan 2003,0.05336,0.05345
Week 3,04 Feb 2003,0.05321,0.05330
Week 4,11 Feb 2003,0.05330,0.05340

Week 1,18 Feb 2003,0.05323,0.05332
Week 2,25 Feb 2003,0.05212,0.05221
Week 3,04 Mar 2003,0.05154,0.05162
Week 4,11 Mar 2003,0.05294,0.05304

Week 1,18 Mar 2003,0.05376,0.05385
Week 2,25 Mar 2003,0.05315,0.05325
Week 3,01 Apr 2003,0.05305,0.05313
Week 4,08 Apr 2003,0.05292,0.05299

Week 1,15 Apr 2003,0.05238,0.05244
Week 2,22 Apr 2003,0.05204,0.05210
Week 3,29 Apr 2003,0.05121,0.05127
Week 4,06 May 2003,0.05008,0.05014

Week 1,13 May 2003,0.04969,0.04975
Week 2,20 May 2003,0.04934,0.04939
Week 3,27 May 2003,0.04980,0.04986
Week 4,03 Jun 2003,0.04941,0.04947

Week 1,10 Jun 2003,0.04933,0.04938
Week 2,17 Jun 2003,0.04919,0.04924
Week 3,24 Jun 2003,0.04946,0.04951
Week 4,01 Jul 2003,0.04862,0.04867

Week 1,08 Jul 2003,0.04967,0.04972
Week 2,15 Jul 2003,0.05036,0.05041
Week 3,22 Jul 2003,0.04997,0.05003
Week 4,29 Jul 2003,0.05038,0.05043

Week 1,05 Aug 2003,0.05066,0.05071
Week 2,12 Aug 2003,0.05002,0.05008
Week 3,19 Aug 2003,0.05036,0.05042
Week 4,26 Aug 2003,0.05083,0.05090

Week 1,02 Sep 2003,0.05064,0.05070
Week 2,09 Sep 2003,0.04939,0.04945
Week 3,16 Sep 2003,0.04888,0.04894
Week 4,23 Sep 2003,0.04847,0.04852

Week 1,30 Sep 2003,0.04811,0.04816
Week 2,07 Oct 2003,0.04793,0.04798
Week 3,14 Oct 2003,0.04807,0.04813
Week 4,21 Oct 2003,0.04776,0.04781

Week 1,28 Oct 2003,0.04726,0.04732
Week 2,04 Nov 2003,0.04747,0.04752
Week 3,11 Nov 2003,0.04665,0.04670
Week 4,18 Nov 2003,0.04647,0.04653

Week 1,25 Nov 2003,0.04655,0.04659
Week 2,02 Dec 2003,0.04587,0.04593
Week 3,09 Dec 2003,0.04581,0.04585
Week 4,16 Dec 2003,0.04612,0.04617

Week 1,23 Dec 2003,0.04612,0.04617
Week 2,30 Dec 2003,0.04536,0.04542
Week 3,06 Jan 2004,0.04445,0.04450
Week 4,13 Jan 2004,0.04496,0.04501

Week 1,20 Jan 2004,0.04533,0.04538
Week 2,27 Jan 2004,0.04574,0.04579
Week 3,03 Feb 2004,0.04575,0.04581
Week 4,10 Feb 2004,0.04468,0.04472

Week 1,17 Feb 2004,0.04482,0.04487
Week 2,24 Feb 2004,0.04530,0.04535
Week 3,02 Mar 2004,0.04606,0.04611
Week 4,09 Mar 2004,0.04710,0.04716

Week 1,16 Mar 2004,0.04702,0.04706
Week 2,23 Mar 2004,0.04697,0.04701
Week 3,30 Mar 2004,0.04626,0.04630
Week 4,06 Apr 2004,0.04598,0.04602

Week 1,13 Apr 2004,0.04671,0.04676
Week 2,20 Apr 2004,0.04710,0.04715
Week 3,27 Apr 2004,0.04759,0.04764
Week 4,04 May 2004,0.04816,0.04821

Week 1,11 May 2004,0.04961,0.04966
Week 2,18 May 2004,0.04967,0.04973
Week 3,25 May 2004,0.04849,0.04854
Week 4,01 Jun 2004,0.04920,0.04926

Week 1,08 Jun 2004,0.04943,0.04949
Week 2,15 Jun 2004,0.04996,0.05002
Week 3,22 Jun 2004,0.04953,0.04960
Week 4,29 Jun 2004,0.04882,0.04887

Week 1,06 Jul 2004,0.04777,0.04783
Week 2,13 Jul 2004,0.04718,0.04723
Week 3,20 Jul 2004,0.04794,0.04799
Week 4,27 Jul 2004,0.04892,0.04897

Week 1,03 Aug 2004,0.04834,0.04839
Week 2,10 Aug 2004,0.04775,0.04781
Week 3,17 Aug 2004,0.04744,0.04749
Week 4,24 Aug 2004,0.04852,0.04858

Week 1,31 Aug 2004,0.04906,0.04912
Week 2,07 Sep 2004,0.04928,0.04934
Week 3,14 Sep 2004,0.04904,0.04909
Week 4,21 Sep 2004,0.04821,0.04826

Week 1,28 Sep 2004,0.04743,0.04747
Week 2,05 Oct 2004,0.04689,0.04694
Week 3,12 Oct 2004,0.04694,0.04699
Week 4,19 Oct 2004,0.04680,0.04685

Week 1,26 Oct 2004,0.04648,0.04654
Week 2,02 Nov 2004,0.04599,0.04604
Week 3,09 Nov 2004,0.04560,0.04566
Week 4,16 Nov 2004,0.04484,0.04489

Week 1,23 Nov 2004,0.04466,0.04470
Week 2,30 Nov 2004,0.04582,0.04588
Week 3,07 Dec 2004,0.04702,0.04707
Week 4,14 Dec 2004,0.04700,0.04706

Week 1,21 Dec 2004,0.04682,0.04687
Week 2,28 Dec 2004,0.04618,0.04624
Week 3,04 Jan 2005,0.04716,0.04725
Week 4,11 Jan 2005,0.04702,0.04708

Week 1,18 Jan 2005,0.04662,0.04667
Week 2,25 Jan 2005,0.04607,0.04612
Week 3,01 Feb 2005,0.04613,0.04618
Week 4,08 Feb 2005,0.04571,0.04576

Week 1,15 Feb 2005,0.04536,0.04541
Week 2,22 Feb 2005,0.04564,0.04568
Week 3,01 Mar 2005,0.04577,0.04582
Week 4,08 Mar 2005,0.04574,0.04578

Week 1,15 Mar 2005,0.04587,0.04591
Week 2,22 Mar 2005,0.04661,0.04667
Week 3,29 Mar 2005,0.04658,0.04663
Week 4,05 Apr 2005,0.04663,0.04668

Week 1,12 Apr 2005,0.04648,0.04653
Week 2,19 Apr 2005,0.04640,0.04645
Week 3,26 Apr 2005,0.04619,0.04624
Week 4,03 May 2005,0.04625,0.04629

Week 1,10 May 2005,0.04668,0.04673
Week 2,17 May 2005,0.04716,0.04722
Week 3,24 May 2005,0.04681,0.04685
Week 4,31 May 2005,0.04672,0.04677

Week 1,07 Jun 2005,0.04598,0.04602
Week 2,14 Jun 2005,0.04542,0.04546
Week 3,21 Jun 2005,0.04515,0.04519
Week 4,28 Jun 2005,0.04605,0.04609

Week 1,05 Jul 2005,0.04673,0.04677
Week 2,12 Jul 2005,0.04645,0.04649
Week 3,19 Jul 2005,0.04590,0.04595
Week 4,26 Jul 2005,0.04599,0.04603

Week 1,02 Aug 2005,0.04570,0.04574
Week 2,09 Aug 2005,0.04584,0.04588
Week 3,16 Aug 2005,0.04622,0.04626
Week 4,23 Aug 2005,0.04641,0.04645

Week 1,30 Aug 2005,0.04637,0.04641
Week 2,06 Sep 2005,0.04589,0.04593
Week 3,13 Sep 2005,0.04585,0.04590
Week 4,20 Sep 2005,0.04612,0.04616

Week 1,27 Sep 2005,0.04612,0.04617
Week 2,04 Oct 2005,0.04614,0.04618
Week 3,11 Oct 2005,0.04644,0.04648
Week 4,18 Oct 2005,0.04661,0.04665

Week 1,25 Oct 2005,0.04663,0.04668
Week 2,01 Nov 2005,0.04732,0.04737
Week 3,08 Nov 2005,0.04728,0.04733
Week 4,15 Nov 2005,0.04730,0.04734

Week 1,22 Nov 2005,0.04712,0.04717
Week 2,29 Nov 2005,0.04677,0.04681
Week 3,06 Dec 2005,0.04613,0.04617
Week 4,13 Dec 2005,0.04643,0.04647

Week 1,20 Dec 2005,0.04723,0.04728
Week 2,27 Dec 2005,0.04757,0.04762
Week 3,03 Jan 2006,0.04683,0.04688
Week 4,10 Jan 2006,0.04655,0.04660

Week 1,17 Jan 2006,0.04715,0.04719
Week 2,24 Jan 2006,0.04750,0.04753
Week 3,31 Jan 2006,0.04720,0.04724
Week 4,07 Feb 2006,0.04782,0.04787

Week 1,14 Feb 2006,0.04797,0.04801
Week 2,21 Feb 2006,0.04797,0.04803
Week 3,28 Feb 2006,0.04803,0.04806
Week 4,07 Mar 2006,0.04851,0.04854

Week 1,14 Mar 2006,0.04904,0.04909
Week 2,21 Mar 2006,0.05033,0.05038
Week 3,28 Mar 2006,0.05041,0.05047
Week 4,04 Apr 2006,0.04998,0.05002

Week 1,11 Apr 2006,0.04949,0.04953
Week 2,18 Apr 2006,0.04905,0.04909
Week 3,25 Apr 2006,0.04859,0.04863
Week 4,02 May 2006,0.04798,0.04802

Week 1,09 May 2006,0.04792,0.04796
Week 2,16 May 2006,0.04853,0.04857
Week 3,23 May 2006,0.04894,0.04899
Week 4,30 May 2006,0.04921,0.04926

Week 1,06 Jun 2006,0.04978,0.04981
Week 2,13 Jun 2006,0.04998,0.05003
Week 3,20 Jun 2006,0.05023,0.05028
Week 4,27 Jun 2006,0.05033,0.05037

Week 1,04 Jul 2006,0.04985,0.04989
Week 2,11 Jul 2006,0.04933,0.04938
Week 3,18 Jul 2006,0.04945,0.04949
Week 4,25 Jul 2006,0.04892,0.04895

Week 1,01 Aug 2006,0.04888,0.04893
Week 2,08 Aug 2006,0.04883,0.04887
Week 3,15 Aug 2006,0.04900,0.04904
Week 4,22 Aug 2006,0.04911,0.04916

Week 1,29 Aug 2006,0.04894,0.04899
Week 2,05 Sep 2006,0.04904,0.04908
Week 3,12 Sep 2006,0.04956,0.04961
Week 4,19 Sep 2006,0.04966,0.04971

Week 1,26 Sep 2006,0.04984,0.04989
Week 2,03 Oct 2006,0.05006,0.05010
Week 3,10 Oct 2006,0.04962,0.04967
Week 4,17 Oct 2006,0.04914,0.04919

Week 1,24 Oct 2006,0.04885,0.04889
Week 2,31 Oct 2006,0.04847,0.04851
Week 3,07 Nov 2006,0.04872,0.04876
Week 4,14 Nov 2006,0.04892,0.04896

Week 1,21 Nov 2006,0.04867,0.04871
Week 2,28 Nov 2006,0.04844,0.04849
Week 3,05 Dec 2006,0.04840,0.04844
Week 4,12 Dec 2006,0.04844,0.04848

Week 1,19 Dec 2006,0.04843,0.04848
Week 2,26 Dec 2006,0.04821,0.04827
Week 3,02 Jan 2007,0.04817,0.04823
Week 4,09 Jan 2007,0.04822,0.04826

Week 1,16 Jan 2007,0.04786,0.04790
Week 2,23 Jan 2007,0.04825,0.04830
Week 3,30 Jan 2007,0.04872,0.04876
Week 4,06 Feb 2007,0.04867,0.04871

Week 1,13 Feb 2007,0.04866,0.04870
Week 2,20 Feb 2007,0.04833,0.04837
Week 3,27 Feb 2007,0.04856,0.04860
Week 4,06 Mar 2007,0.04902,0.04906

Week 1,13 Mar 2007,0.04854,0.04858
Week 2,20 Mar 2007,0.04780,0.04784
Week 3,27 Mar 2007,0.04759,0.04763
Week 4,03 Apr 2007,0.04718,0.04723

Week 1,10 Apr 2007,0.04672,0.04676
Week 2,17 Apr 2007,0.04645,0.04648
Week 3,24 Apr 2007,0.04681,0.04685
Week 4,01 May 2007,0.04710,0.04714

Week 1,08 May 2007,0.04674,0.04677
Week 2,15 May 2007,0.04684,0.04688
Week 3,22 May 2007,0.04706,0.04710
Week 4,29 May 2007,0.04677,0.04680

Week 1,05 Jun 2007,0.04590,0.04593
Week 2,12 Jun 2007,0.04572,0.04576
Week 3,19 Jun 2007,0.04559,0.04562
Week 4,26 Jun 2007,0.04576,0.04580

Week 1,03 Jul 2007,0.04540,0.04544
Week 2,10 Jul 2007,0.04528,0.04531
Week 3,17 Jul 2007,0.04482,0.04486
Week 4,24 Jul 2007,0.04499,0.04502

Week 1,31 Jul 2007,0.04578,0.04582
Week 2,07 Aug 2007,0.04609,0.04613
Week 3,14 Aug 2007,0.04786,0.04790
Week 4,21 Aug 2007,0.04772,0.04776

Week 1,28 Aug 2007,0.04749,0.04753
Week 2,04 Sep 2007,0.04729,0.04733
Week 3,11 Sep 2007,0.04708,0.04712
Week 4,18 Sep 2007,0.04645,0.04649

Week 1,25 Sep 2007,0.04566,0.04570
Week 2,02 Oct 2007,0.04497,0.04501
Week 3,09 Oct 2007,0.04447,0.04451
Week 4,16 Oct 2007,0.04497,0.04501

Week 1,23 Oct 2007,0.04456,0.04459
Week 2,30 Oct 2007,0.04393,0.04396
Week 3,06 Nov 2007,0.04425,0.04428
Week 4,13 Nov 2007,0.04567,0.04570

Week 1,20 Nov 2007,0.04664,0.04668
Week 2,27 Nov 2007,0.04648,0.04652
Week 3,04 Dec 2007,0.04662,0.04666
Week 4,11 Dec 2007,0.04660,0.04663

Week 1,18 Dec 2007,0.04685,0.04688
Week 2,25 Dec 2007,0.04648,0.04653
Week 3,01 Jan 2008,0.04654,0.04659
Week 4,08 Jan 2008,0.04630,0.04634

Week 1,15 Jan 2008,0.04626,0.04630
Week 2,22 Jan 2008,0.04651,0.04656
Week 3,29 Jan 2008,0.04572,0.04575
Week 4,05 Feb 2008,0.04512,0.04516

Week 1,12 Feb 2008,0.04488,0.04491
Week 2,19 Feb 2008,0.04437,0.04441
Week 3,26 Feb 2008,0.04432,0.04436
Week 4,04 Mar 2008,0.04492,0.04495

Week 1,11 Mar 2008,0.04518,0.04521
Week 2,18 Mar 2008,0.04623,0.04627
Week 3,25 Mar 2008,0.04632,0.04636
Week 4,01 Apr 2008,0.04629,0.04633

Week 1,08 Apr 2008,0.04579,0.04583
Week 2,15 Apr 2008,0.04576,0.04579
Week 3,22 Apr 2008,0.04524,0.04528
Week 4,29 Apr 2008,0.04503,0.04506

Week 1,06 May 2008,0.04457,0.04461
Week 2,13 May 2008,0.04448,0.04451
Week 3,20 May 2008,0.04413,0.04417
Week 4,27 May 2008,0.04412,0.04416

Week 1,03 Jun 2008,0.04408,0.04412
Week 2,10 Jun 2008,0.04464,0.04468
Week 3,17 Jun 2008,0.04466,0.04469
Week 4,24 Jun 2008,0.04440,0.04444

Week 1,01 Jul 2008,0.04433,0.04437
Week 2,08 Jul 2008,0.04452,0.04455
Week 3,15 Jul 2008,0.04427,0.04430
Week 4,22 Jul 2008,0.04446,0.04450

Week 1,29 Jul 2008,0.04530,0.04534
Week 2,05 Aug 2008,0.04633,0.04636
Week 3,12 Aug 2008,0.04693,0.04697
Week 4,19 Aug 2008,0.04702,0.04706

Week 1,26 Aug 2008,0.04725,0.04729
Week 2,02 Sep 2008,0.04786,0.04790
Week 3,09 Sep 2008,0.04801,0.04805
Week 4,16 Sep 2008,0.04839,0.04844

Week 1,23 Sep 2008,0.04781,0.04786
Week 2,30 Sep 2008,0.04922,0.04927
Week 3,07 Oct 2008,0.05590,0.05601
Week 4,14 Oct 2008,0.05542,0.05551

Week 1,21 Oct 2008,0.05672,0.05681
Week 2,28 Oct 2008,0.05681,0.05691
Week 3,04 Nov 2008,0.05464,0.05471
Week 4,11 Nov 2008,0.05551,0.05560

Week 1,18 Nov 2008,0.05709,0.05715
Week 2,25 Nov 2008,0.05555,0.05594
Week 3,02 Dec 2008,0.05513,0.05545
Week 4,09 Dec 2008,0.05432,0.05469

Week 1,16 Dec 2008,0.05249,0.05302
Week 2,23 Dec 2008,0.05118,0.05132
Week 3,30 Dec 2008,0.04834,0.04884
Week 4,06 Jan 2009,0.04762,0.04839

Week 1,13 Jan 2009,0.04628,0.04678
Week 2,20 Jan 2009,0.04599,0.04640
Week 3,27 Jan 2009,0.04446,0.04472
Week 4,03 Feb 2009,0.04219,0.04250

Week 1,10 Feb 2009,0.04297,0.04344
Week 2,17 Feb 2009,0.04317,0.04348
Week 3,24 Feb 2009,0.04302,0.04354
Week 4,03 Mar 2009,0.04324,0.04375

Week 1,10 Mar 2009,0.04372,0.04429
Week 2,17 Mar 2009,0.04351,0.04381
Week 3,24 Mar 2009,0.04260,0.04289
Week 4,31 Mar 2009,0.04208,0.04263

Week 1,07 Apr 2009,0.04158,0.04176
Week 2,14 Apr 2009,0.04106,0.04161
Week 3,21 Apr 2009,0.04142,0.04199
Week 4,28 Apr 2009,0.04164,0.04184

Week 1,05 May 2009,0.04045,0.04096
Week 2,12 May 2009,0.04092,0.04124
Week 3,19 May 2009,0.04088,0.04111
Week 4,26 May 2009,0.04068,0.04097

Week 1,02 Jun 2009,0.04019,0.04055
Week 2,09 Jun 2009,0.03986,0.04010
Week 3,16 Jun 2009,0.03997,0.04023
Week 4,23 Jun 2009,0.03987,0.04015

Week 1,30 Jun 2009,0.03975,0.04016
Week 2,07 Jul 2009,0.03966,0.03984
Week 3,14 Jul 2009,0.03918,0.03931
Week 4,21 Jul 2009,0.03939,0.03956

Week 1,28 Jul 2009,0.03861,0.03871
Week 2,04 Aug 2009,0.03792,0.03804
Week 3,11 Aug 2009,0.03747,0.03763
Week 4,18 Aug 2009,0.03769,0.03803

Week 1,25 Aug 2009,0.03771,0.03796
Week 2,01 Sep 2009,0.03735,0.03741
Week 3,08 Sep 2009,0.03748,0.03751
Week 4,15 Sep 2009,0.03775,0.03791

Week 1,22 Sep 2009,0.03807,0.03835
Week 2,29 Sep 2009,0.03801,0.03830
Week 3,06 Oct 2009,0.03753,0.03767
Week 4,13 Oct 2009,0.03703,0.03731

Week 1,20 Oct 2009,0.03719,0.03722
Week 2,27 Oct 2009,0.03760,0.03789
Week 3,03 Nov 2009,0.03771,0.03775
Week 4,10 Nov 2009,0.03732,0.03736

Week 1,17 Nov 2009,0.03754,0.03759
Week 2,24 Nov 2009,0.03758,0.03762
Week 3,01 Dec 2009,0.03708,0.03711
Week 4,08 Dec 2009,0.03626,0.03629

Week 1,15 Dec 2009,0.03658,0.03662
Week 2,22 Dec 2009,0.03781,0.03786
Week 3,29 Dec 2009,0.03707,0.03724
Week 4,05 Jan 2010,0.03630,0.03639

Week 1,12 Jan 2010,0.03658,0.03666
Week 2,19 Jan 2010,0.03689,0.03693
Week 3,26 Jan 2010,0.03686,0.03692
Week 4,02 Feb 2010,0.03771,0.03774

Week 1,09 Feb 2010,0.03748,0.03752
Week 2,16 Feb 2010,0.03695,0.03725
Week 3,23 Feb 2010,0.03718,0.03747
Week 4,02 Mar 2010,0.03683,0.03739

Week 1,09 Mar 2010,0.03707,0.03710
Week 2,16 Mar 2010,0.03718,0.03722
Week 3,23 Mar 2010,0.03715,0.03719
Week 4,30 Mar 2010,0.03691,0.03722

Week 1,06 Apr 2010,0.03683,0.03687
Week 2,13 Apr 2010,0.03693,0.03724
Week 3,20 Apr 2010,0.03700,0.03704
Week 4,27 Apr 2010,0.03690,0.03709

Week 1,04 May 2010,0.03658,0.03716
Week 2,11 May 2010,0.03702,0.03706
Week 3,18 May 2010,0.03829,0.03833
Week 4,25 May 2010,0.03855,0.03865

Week 1,01 Jun 2010,0.03805,0.03867
Week 2,08 Jun 2010,0.03778,0.03782
Week 3,15 Jun 2010,0.03688,0.03725
Week 4,22 Jun 2010,0.03695,0.03699

Week 1,29 Jun 2010,0.03756,0.03816
Week 2,06 Jul 2010,0.03735,0.03740
Week 3,13 Jul 2010,0.03709,0.03767
Week 4,20 Jul 2010,0.03694,0.03724

Week 1,27 Jul 2010,0.03657,0.03687
Week 2,03 Aug 2010,0.03661,0.03664
Week 3,10 Aug 2010,0.03654,0.03660
Week 4,17 Aug 2010,0.03641,0.03675

Week 1,24 Aug 2010,0.03637,0.03669
Week 2,31 Aug 2010,0.03592,0.03598
Week 3,07 Sep 2010,0.03517,0.03522
Week 4,14 Sep 2010,0.03426,0.03479

Week 1,21 Sep 2010,0.03387,0.03393
Week 2,28 Sep 2010,0.03384,0.03390
Week 3,05 Oct 2010,0.03396,0.03424
Week 4,12 Oct 2010,0.03349,0.03359

Week 1,19 Oct 2010,0.03334,0.03340
Week 2,26 Oct 2010,0.03323,0.03328
Week 3,02 Nov 2010,0.03239,0.03244
Week 4,09 Nov 2010,0.03257,0.03262

Week 1,16 Nov 2010,0.03264,0.03269
Week 2,23 Nov 2010,0.03273,0.03277
Week 3,30 Nov 2010,0.03275,0.03278
Week 4,07 Dec 2010,0.03266,0.03269

Week 1,14 Dec 2010,0.03270,0.03297
Week 2,21 Dec 2010,0.03265,0.03269
Week 3,28 Dec 2010,0.03235,0.03240
Week 4,04 Jan 2011,0.03253,0.03257

Week 1,11 Jan 2011,0.03335,0.03339
Week 2,18 Jan 2011,0.03354,0.03383
Week 3,25 Jan 2011,0.03378,0.03381
Week 4,01 Feb 2011,0.03337,0.03376

Week 1,08 Feb 2011,0.03386,0.03390
Week 2,15 Feb 2011,0.03397,0.03400
Week 3,22 Feb 2011,0.03404,0.03407
Week 4,01 Mar 2011,0.03466,0.03470

Week 1,08 Mar 2011,0.03481,0.03483
Week 2,15 Mar 2011,0.03514,0.03519
Week 3,22 Mar 2011,0.03469,0.03484
Week 4,29 Mar 2011,0.03409,0.03414

Week 1,05 Apr 2011,0.03392,0.03397
Week 2,12 Apr 2011,0.03375,0.03380
Week 3,19 Apr 2011,0.03338,0.03342
Week 4,26 Apr 2011,0.03329,0.03333

Week 1,03 May 2011,0.03368,0.03373
Week 2,10 May 2011,0.03351,0.03357
Week 3,17 May 2011,0.03349,0.03352
Week 4,24 May 2011,0.03336,0.03340

Week 1,31 May 2011,0.03346,0.03352
Week 2,07 Jun 2011,0.03361,0.03402
Week 3,14 Jun 2011,0.03358,0.03372
Week 4,21 Jun 2011,0.03373,0.03377

Week 1,28 Jun 2011,0.03356,0.03359
Week 2,05 Jul 2011,0.03329,0.03334
Week 3,12 Jul 2011,0.03329,0.03333
Week 4,19 Jul 2011,0.03321,0.03336

Week 1,26 Jul 2011,0.03301,0.03306
Week 2,02 Aug 2011,0.03350,0.03356
Week 3,09 Aug 2011,0.03314,0.03326
Week 4,16 Aug 2011,0.03291,0.03335

Week 1,23 Aug 2011,0.03290,0.03298
Week 2,30 Aug 2011,0.03231,0.03242
Week 3,06 Sep 2011,0.03190,0.03198
Week 4,13 Sep 2011,0.03181,0.03189

Week 1,20 Sep 2011,0.03152,0.03159
Week 2,27 Sep 2011,0.03189,0.03194
Week 3,04 Oct 2011,0.03189,0.03202
Week 4,11 Oct 2011,0.03144,0.03174

Week 1,18 Oct 2011,0.03109,0.03144
Week 2,25 Oct 2011,0.03131,0.03139
Week 3,01 Nov 2011,0.03151,0.03161
Week 4,08 Nov 2011,0.03189,0.03213

Week 1,15 Nov 2011,0.03198,0.03245
Week 2,22 Nov 2011,0.03240,0.03284
Week 3,29 Nov 2011,0.03159,0.03206
Week 4,06 Dec 2011,0.03101,0.03147

Week 1,13 Dec 2011,0.03132,0.03149
Week 2,20 Dec 2011,0.03122,0.03161
Week 3,27 Dec 2011,0.03094,0.03105
Week 4,03 Jan 2012,0.03029,0.03064

Week 1,10 Jan 2012,0.03031,0.03074
Week 2,17 Jan 2012,0.03029,0.03076
Week 3,24 Jan 2012,0.03075,0.03116
Week 4,31 Jan 2012,0.03075,0.03112

Week 1,07 Feb 2012,0.03101,0.03117
Week 2,14 Feb 2012,0.03100,0.03118
Week 3,21 Feb 2012,0.03163,0.03169
Week 4,28 Feb 2012,0.03175,0.03196

Week 1,06 Mar 2012,0.03196,0.03205
Week 2,13 Mar 2012,0.03223,0.03229
Week 3,20 Mar 2012,0.03241,0.03278
Week 4,27 Mar 2012,0.03281,0.03287

Week 1,03 Apr 2012,0.03285,0.03291
Week 2,10 Apr 2012,0.03247,0.03280
Week 3,17 Apr 2012,0.03265,0.03271
Week 4,24 Apr 2012,0.03276,0.03283

Week 1,01 May 2012,0.03271,0.03323
Week 2,08 May 2012,0.03281,0.03300
Week 3,15 May 2012,0.03263,0.03269
Week 4,22 May 2012,0.03224,0.03230

Week 1,29 May 2012,0.03102,0.03125
Week 2,05 Jun 2012,0.03088,0.03107
Week 3,12 Jun 2012,0.03057,0.03093
Week 4,19 Jun 2012,0.02998,0.03030

Week 1,26 Jun 2012,0.03003,0.03009
Week 2,03 Jul 2012,0.02978,0.03012
Week 3,10 Jul 2012,0.02975,0.03011
Week 4,17 Jul 2012,0.02983,0.03015

Week 1,24 Jul 2012,0.02967,0.02985
Week 2,31 Jul 2012,0.02950,0.02955
Week 3,07 Aug 2012,0.02981,0.02985
Week 4,14 Aug 2012,0.02986,0.02990

Week 1,21 Aug 2012,0.03007,0.03013
Week 2,28 Aug 2012,0.02986,0.03019
Week 3,04 Sep 2012,0.03030,0.03035
Week 4,11 Sep 2012,0.03060,0.03070

Week 1,18 Sep 2012,0.03067,0.03098
Week 2,25 Sep 2012,0.03083,0.03089
Week 3,02 Oct 2012,0.03133,0.03150
Week 4,09 Oct 2012,0.03138,0.03149

Week 1,16 Oct 2012,0.03130,0.03147
Week 2,23 Oct 2012,0.03087,0.03092
Week 3,30 Oct 2012,0.03070,0.03074
Week 4,06 Nov 2012,0.03044,0.03059

Week 1,13 Nov 2012,0.03033,0.03050
Week 2,20 Nov 2012,0.03070,0.03085
Week 3,27 Nov 2012,0.03085,0.03099
Week 4,04 Dec 2012,0.03082,0.03107

Week 1,11 Dec 2012,0.03086,0.03099
Week 2,18 Dec 2012,0.03098,0.03103
Week 3,25 Dec 2012,0.03157,0.03162
Week 4,01 Jan 2013,0.03148,0.03154

Week 1,08 Jan 2013,0.03119,0.03156
Week 2,15 Jan 2013,0.03127,0.03144
Week 3,22 Jan 2013,0.03156,0.03175
Week 4,29 Jan 2013,0.03199,0.03203

Week 1,05 Feb 2013,0.03209,0.03214
Week 2,12 Feb 2013,0.03220,0.03224
Week 3,19 Feb 2013,0.03203,0.03208
Week 4,26 Feb 2013,0.03191,0.03196

Week 1,05 Mar 2013,0.03176,0.03182
Week 2,12 Mar 2013,0.03141,0.03157
Week 3,19 Mar 2013,0.03110,0.03116
Week 4,26 Mar 2013,0.03090,0.03096

Week 1,02 Apr 2013,0.03048,0.03054
Week 2,09 Apr 2013,0.03063,0.03072
Week 3,16 Apr 2013,0.03066,0.03075
Week 4,23 Apr 2013,0.03081,0.03115

Week 1,30 Apr 2013,0.03111,0.03119
Week 2,07 May 2013,0.03158,0.03165
Week 3,14 May 2013,0.03232,0.03239
Week 4,21 May 2013,0.03283,0.03291

Week 1,28 May 2013,0.03279,0.03293
Week 2,04 Jun 2013,0.03255,0.03262
Week 3,11 Jun 2013,0.03274,0.03281
Week 4,18 Jun 2013,0.03295,0.03303

Week 1,25 Jun 2013,0.03298,0.03307
Week 2,02 Jul 2013,0.03303,0.03310
Week 3,09 Jul 2013,0.03334,0.03343
Week 4,16 Jul 2013,0.03357,0.03363

Week 1,23 Jul 2013,0.03319,0.03331
Week 2,30 Jul 2013,0.03369,0.03376
Week 3,06 Aug 2013,0.03351,0.03357
Week 4,13 Aug 2013,0.03309,0.03315

Week 1,20 Aug 2013,0.03343,0.03350
Week 2,27 Aug 2013,0.03365,0.03374
Week 3,03 Sep 2013,0.03286,0.03292
Week 4,10 Sep 2013,0.03293,0.03299

Week 1,17 Sep 2013,0.03324,0.03331
Week 2,24 Sep 2013,0.03321,0.03328
Week 3,01 Oct 2013,0.03299,0.03306
Week 4,08 Oct 2013,0.03274,0.03284

Week 1,15 Oct 2013,0.03250,0.03259
Week 2,22 Oct 2013,0.03264,0.03270
Week 3,29 Oct 2013,0.03274,0.03283
Week 4,05 Nov 2013,0.03250,0.03257

Week 1,12 Nov 2013,0.03268,0.03274
Week 2,19 Nov 2013,0.03280,0.03293
Week 3,26 Nov 2013,0.03313,0.03317
Week 4,03 Dec 2013,0.03331,0.03336

Week 1,10 Dec 2013,0.03375,0.03379
Week 2,17 Dec 2013,0.03404,0.03410
Week 3,24 Dec 2013,0.03438,0.03443
Week 4,31 Dec 2013,0.03391,0.03398

Week 1,07 Jan 2014,0.03372,0.03378
Week 2,14 Jan 2014,0.03368,0.03372
Week 3,21 Jan 2014,0.03341,0.03346
Week 4,28 Jan 2014,0.03263,0.03270

Week 1,04 Feb 2014,0.03212,0.03216
Week 2,11 Feb 2014,0.03174,0.03179
Week 3,18 Feb 2014,0.03126,0.03130
Week 4,25 Feb 2014,0.03106,0.03111

Week 1,04 Mar 2014,0.03054,0.03060
Week 2,11 Mar 2014,0.03030,0.03039
Week 3,18 Mar 2014,0.03033,0.03039
Week 4,25 Mar 2014,0.03032,0.03045

Week 1,01 Apr 2014,0.03053,0.03064
Week 2,08 Apr 2014,0.02995,0.03001
Week 3,15 Apr 2014,0.02976,0.02991
Week 4,22 Apr 2014,0.02999,0.03005

Week 1,29 Apr 2014,0.03011,0.03018
Week 2,06 May 2014,0.03029,0.03035
Week 3,13 May 2014,0.03060,0.03070
Week 4,20 May 2014,0.03144,0.03150

Week 1,27 May 2014,0.03114,0.03120
Week 2,03 Jun 2014,0.03089,0.03096
Week 3,10 Jun 2014,0.03097,0.03103
Week 4,17 Jun 2014,0.03085,0.03089

Week 1,24 Jun 2014,0.03138,0.03143
Week 2,01 Jul 2014,0.03101,0.03110
Week 3,08 Jul 2014,0.03112,0.03117
Week 4,15 Jul 2014,0.03062,0.03069

Week 1,22 Jul 2014,0.03030,0.03035
Week 2,29 Jul 2014,0.03000,0.03006
Week 3,05 Aug 2014,0.02976,0.02981
Week 4,12 Aug 2014,0.02980,0.02985

Week 1,19 Aug 2014,0.02970,0.02975
Week 2,26 Aug 2014,0.02928,0.02937
Week 3,02 Sep 2014,0.02884,0.02889
Week 4,09 Sep 2014,0.02917,0.02923

Week 1,16 Sep 2014,0.02896,0.02902
Week 2,23 Sep 2014,0.02922,0.02930
Week 3,30 Sep 2014,0.02881,0.02887
Week 4,07 Oct 2014,0.02848,0.02854

Week 1,14 Oct 2014,0.02802,0.02811
Week 2,21 Oct 2014,0.02742,0.02748
Week 3,28 Oct 2014,0.02646,0.02656
Week 4,04 Nov 2014,0.02543,0.02559

Week 1,11 Nov 2014,0.02462,0.02468
Week 2,18 Nov 2014,0.02483,0.02487
Week 3,25 Nov 2014,0.02449,0.02458
Week 4,02 Dec 2014,0.02257,0.02262

Week 1,09 Dec 2014,0.02171,0.02184
Week 2,16 Dec 2014,0.01905,0.01915
Week 3,23 Dec 2014,0.02271,0.02279
Week 4,30 Dec 2014,0.02090,0.02114

Week 1,06 Jan 2015,0.01986,0.02004
Week 2,13 Jan 2015,0.01887,0.01891
Week 3,20 Jan 2015,0.01917,0.01923
Week 4,27 Jan 2015,0.01855,0.01859

Week 1,03 Feb 2015,0.01911,0.01915
Week 2,10 Feb 2015,0.01983,0.01988
Week 3,17 Feb 2015,0.02062,0.02067
Week 4,24 Feb 2015,0.02061,0.02066

Week 1,03 Mar 2015,0.02100,0.02103
Week 2,10 Mar 2015,0.02118,0.02123
Week 3,17 Mar 2015,0.02148,0.02151
Week 4,24 Mar 2015,0.02212,0.02216

Week 1,31 Mar 2015,0.02288,0.02293
Week 2,07 Apr 2015,0.02423,0.02428
Week 3,14 Apr 2015,0.02526,0.02533
Week 4,21 Apr 2015,0.02480,0.02485

Week 1,28 Apr 2015,0.02442,0.02464
Week 2,05 May 2015,0.02481,0.02485
Week 3,12 May 2015,0.02493,0.02501
Week 4,19 May 2015,0.02546,0.02554

Week 1,26 May 2015,0.02505,0.02514
Week 2,02 Jun 2015,0.02369,0.02378
Week 3,09 Jun 2015,0.02346,0.02356
Week 4,16 Jun 2015,0.02382,0.02386

Week 1,23 Jun 2015,0.02380,0.02384
Week 2,30 Jun 2015,0.02358,0.02363
Week 3,07 Jul 2015,0.02361,0.02366
Week 4,14 Jul 2015,0.02375,0.02379

Week 1,21 Jul 2015,0.02361,0.02365
Week 2,28 Jul 2015,0.02271,0.02276
Week 3,04 Aug 2015,0.02134,0.02138
Week 4,11 Aug 2015,0.02105,0.02111

Week 1,18 Aug 2015,0.02025,0.02030
Week 2,25 Aug 2015,0.02062,0.02067
Week 3,01 Sep 2015,0.02125,0.02132
Week 4,08 Sep 2015,0.02087,0.02090

Week 1,15 Sep 2015,0.02099,0.02103
Week 2,22 Sep 2015,0.02148,0.02153
Week 3,29 Sep 2015,0.02159,0.02164
Week 4,06 Oct 2015,0.02208,0.02213

Week 1,13 Oct 2015,0.02213,0.02220
Week 2,20 Oct 2015,0.02215,0.02221
Week 3,27 Oct 2015,0.02182,0.02186
Week 4,03 Nov 2015,0.02196,0.02200

Week 1,10 Nov 2015,0.02144,0.02150
Week 2,17 Nov 2015,0.02148,0.02153
Week 3,24 Nov 2015,0.02101,0.02104
Week 4,01 Dec 2015,0.02035,0.02038

Week 1,08 Dec 2015,0.02001,0.02005
Week 2,15 Dec 2015,0.01973,0.01976
Week 3,22 Dec 2015,0.01953,0.01955
Week 4,29 Dec 2015,0.01883,0.01884

Week 1,05 Jan 2016,0.01959,0.01960
Week 2,12 Jan 2016,0.01895,0.01898
Week 3,19 Jan 2016,0.01798,0.01806
Week 4,26 Jan 2016,0.01848,0.01850

Week 1,02 Feb 2016,0.01821,0.01823
Week 2,09 Feb 2016,0.01790,0.01792
Week 3,16 Feb 2016,0.01819,0.01822
Week 4,23 Feb 2016,0.01829,0.01831

Week 1,01 Mar 2016,0.01865,0.01868
Week 2,08 Mar 2016,0.01884,0.01889
Week 3,15 Mar 2016,0.01909,0.01911
Week 4,22 Mar 2016,0.01943,0.01946

Week 1,29 Mar 2016,0.01930,0.01932
Week 2,05 Apr 2016,0.01947,0.01949
Week 3,12 Apr 2016,0.01965,0.01967
Week 4,19 Apr 2016,0.01946,0.01948

Week 1,26 Apr 2016,0.02000,0.02002
Week 2,03 May 2016,0.02031,0.02033
Week 3,10 May 2016,0.02083,0.02085
Week 4,17 May 2016,0.02088,0.02090

Week 1,24 May 2016,0.02098,0.02100
Week 2,31 May 2016,0.02075,0.02077
Week 3,07 Jun 2016,0.02081,0.02083
Week 4,14 Jun 2016,0.02071,0.02073

Week 1,21 Jun 2016,0.02073,0.02076
Week 2,28 Jun 2016,0.02090,0.02093
Week 3,05 Jul 2016,0.02073,0.02075
Week 4,12 Jul 2016,0.02070,0.02073

Week 1,19 Jul 2016,0.02084,0.02086
Week 2,26 Jul 2016,0.02009,0.02011
Week 3,02 Aug 2016,0.01989,0.01991
Week 4,09 Aug 2016,0.02014,0.02015

Week 1,16 Aug 2016,0.02042,0.02045
Week 2,23 Aug 2016,0.02031,0.02034
Week 3,30 Aug 2016,0.02028,0.02031
Week 4,06 Sep 2016,0.02033,0.02036

Week 1,13 Sep 2016,0.02050,0.02053
Week 2,20 Sep 2016,0.02047,0.02050
Week 3,27 Sep 2016,0.02060,0.02063
Week 4,04 Oct 2016,0.02105,0.02108

Week 1,11 Oct 2016,0.02099,0.02103
Week 2,18 Oct 2016,0.02091,0.02094
Week 3,25 Oct 2016,0.02094,0.02097
Week 4,01 Nov 2016,0.02046,0.02051

Week 1,08 Nov 2016,0.02025,0.02028
Week 2,15 Nov 2016,0.02062,0.02065
Week 3,22 Nov 2016,0.02091,0.02094
Week 4,29 Nov 2016,0.02086,0.02089

Week 1,06 Dec 2016,0.02120,0.02123
Week 2,13 Dec 2016,0.02194,0.02197
Week 3,20 Dec 2016,0.02259,0.02263
Week 4,27 Dec 2016,0.02281,0.02285

Week 1,03 Jan 2017,0.02282,0.02286
Week 2,10 Jan 2017,0.02249,0.02252
Week 3,17 Jan 2017,0.02226,0.02230
Week 4,24 Jan 2017,0.02215,0.02219

Week 1,31 Jan 2017,0.02199,0.02203
Week 2,07 Feb 2017,0.02220,0.02224
Week 3,14 Feb 2017,0.02252,0.02256
Week 4,21 Feb 2017,0.02239,0.02244

Week 1,28 Feb 2017,0.02247,0.02250
Week 2,07 Mar 2017,0.02254,0.02257
Week 3,14 Mar 2017,0.02246,0.02250
Week 4,21 Mar 2017,0.02275,0.02279

Week 1,28 Mar 2017,0.02313,0.02317
Week 2,04 Apr 2017,0.02338,0.02342
Week 3,11 Apr 2017,0.02338,0.02342
Week 4,18 Apr 2017,0.02353,0.02357

Week 1,25 Apr 2017,0.02352,0.02355
Week 2,02 May 2017,0.02327,0.02331
Week 3,09 May 2017,0.02352,0.02356
Week 4,16 May 2017,0.02363,0.02366

Week 1,23 May 2017,0.02368,0.02372
Week 2,30 May 2017,0.02376,0.02379
Week 3,06 Jun 2017,0.02338,0.02341
Week 4,13 Jun 2017,0.02294,0.02298

Week 1,20 Jun 2017,0.02223,0.02226
Week 2,27 Jun 2017,0.02211,0.02215
Week 3,04 Jul 2017,0.02190,0.02193
Week 4,11 Jul 2017,0.02163,0.02166

Week 1,18 Jul 2017,0.02137,0.02140
Week 2,25 Jul 2017,0.02103,0.02106
Week 3,01 Aug 2017,0.02089,0.02093
Week 4,08 Aug 2017,0.02112,0.02115

Week 1,15 Aug 2017,0.02130,0.02133
Week 2,22 Aug 2017,0.02142,0.02144
Week 3,29 Aug 2017,0.02163,0.02166
Week 4,05 Sep 2017,0.02171,0.02175

Week 1,12 Sep 2017,0.02167,0.02170
Week 2,19 Sep 2017,0.02166,0.02169
Week 3,26 Sep 2017,0.02200,0.02203
Week 4,03 Oct 2017,0.02211,0.02215

Week 1,10 Oct 2017,0.02213,0.02217
Week 2,17 Oct 2017,0.02220,0.02223
Week 3,24 Oct 2017,0.02241,0.02244
Week 4,31 Oct 2017,0.02227,0.02231

Week 1,07 Nov 2017,0.02206,0.02209
Week 2,14 Nov 2017,0.02211,0.02214
Week 3,21 Nov 2017,0.02240,0.02244
Week 4,28 Nov 2017,0.02245,0.02248

Week 1,05 Dec 2017,0.02234,0.02236



