SAR->TRY

Week 1,01 Dec 1998,0.08094,0.08108
Week 2,08 Dec 1998,0.08132,0.08149
Week 3,15 Dec 1998,0.08212,0.08226
Week 4,22 Dec 1998,0.08341,0.08353

Week 1,29 Dec 1998,0.08393,0.08406
Week 2,05 Jan 1999,0.08499,0.08512
Week 3,12 Jan 1999,0.08594,0.08610
Week 4,19 Jan 1999,0.08718,0.08749

Week 1,26 Jan 1999,0.08837,0.08850
Week 2,02 Feb 1999,0.08986,0.08999
Week 3,09 Feb 1999,0.09080,0.09093
Week 4,16 Feb 1999,0.09234,0.09247

Week 1,23 Feb 1999,0.09397,0.09411
Week 2,02 Mar 1999,0.09548,0.09561
Week 3,09 Mar 1999,0.09614,0.09627
Week 4,16 Mar 1999,0.09709,0.09722

Week 1,23 Mar 1999,0.09850,0.09871
Week 2,30 Mar 1999,0.09965,0.09982
Week 3,06 Apr 1999,0.10038,0.10052
Week 4,13 Apr 1999,0.10163,0.10176

Week 1,20 Apr 1999,0.10295,0.10309
Week 2,27 Apr 1999,0.10397,0.10411
Week 3,04 May 1999,0.10415,0.10428
Week 4,11 May 1999,0.10528,0.10542

Week 1,18 May 1999,0.10638,0.10653
Week 2,25 May 1999,0.10772,0.10785
Week 3,01 Jun 1999,0.10835,0.10848
Week 4,08 Jun 1999,0.10902,0.10916

Week 1,15 Jun 1999,0.11073,0.11088
Week 2,22 Jun 1999,0.11127,0.11140
Week 3,29 Jun 1999,0.11238,0.11253
Week 4,06 Jul 1999,0.11407,0.11422

Week 1,13 Jul 1999,0.11492,0.11506
Week 2,20 Jul 1999,0.11424,0.11439
Week 3,27 Jul 1999,0.11424,0.11438
Week 4,03 Aug 1999,0.11470,0.11485

Week 1,10 Aug 1999,0.11588,0.11603
Week 2,17 Aug 1999,0.11718,0.11733
Week 3,24 Aug 1999,0.11877,0.11893
Week 4,31 Aug 1999,0.11898,0.11915

Week 1,07 Sep 1999,0.12037,0.12051
Week 2,14 Sep 1999,0.12215,0.12229
Week 3,21 Sep 1999,0.12287,0.12302
Week 4,28 Sep 1999,0.12289,0.12304

Week 1,05 Oct 1999,0.12372,0.12387
Week 2,12 Oct 1999,0.12435,0.12453
Week 3,19 Oct 1999,0.12604,0.12619
Week 4,26 Oct 1999,0.12803,0.12818

Week 1,02 Nov 1999,0.12942,0.12958
Week 2,09 Nov 1999,0.13219,0.13235
Week 3,16 Nov 1999,0.13382,0.13398
Week 4,23 Nov 1999,0.13628,0.13645

Week 1,30 Nov 1999,0.13721,0.13739
Week 2,07 Dec 1999,0.13920,0.13937
Week 3,14 Dec 1999,0.14142,0.14158
Week 4,21 Dec 1999,0.14290,0.14306

Week 1,28 Dec 1999,0.14449,0.14470
Week 2,04 Jan 2000,0.14349,0.14367
Week 3,11 Jan 2000,0.14456,0.14472
Week 4,18 Jan 2000,0.14595,0.14613

Week 1,25 Jan 2000,0.14789,0.14808
Week 2,01 Feb 2000,0.14931,0.14950
Week 3,08 Feb 2000,0.14963,0.14981
Week 4,15 Feb 2000,0.15049,0.15068

Week 1,22 Feb 2000,0.15099,0.15117
Week 2,29 Feb 2000,0.15330,0.15348
Week 3,07 Mar 2000,0.15417,0.15436
Week 4,14 Mar 2000,0.15428,0.15447

Week 1,21 Mar 2000,0.15508,0.15526
Week 2,28 Mar 2000,0.15659,0.15678
Week 3,04 Apr 2000,0.15719,0.15737
Week 4,11 Apr 2000,0.15751,0.15767

Week 1,18 Apr 2000,0.15778,0.15788
Week 2,25 Apr 2000,0.16199,0.16218
Week 3,02 May 2000,0.16407,0.16427
Week 4,09 May 2000,0.16416,0.16436

Week 1,16 May 2000,0.16550,0.16570
Week 2,23 May 2000,0.16486,0.16506
Week 3,30 May 2000,0.16376,0.16395
Week 4,06 Jun 2000,0.16315,0.16334

Week 1,13 Jun 2000,0.16328,0.16352
Week 2,20 Jun 2000,0.16516,0.16536
Week 3,27 Jun 2000,0.16549,0.16572
Week 4,04 Jul 2000,0.16583,0.16605

Week 1,11 Jul 2000,0.16682,0.16704
Week 2,18 Jul 2000,0.16811,0.16832
Week 3,25 Jul 2000,0.16863,0.16889
Week 4,01 Aug 2000,0.17055,0.17077

Week 1,08 Aug 2000,0.17176,0.17199
Week 2,15 Aug 2000,0.17177,0.17202
Week 3,22 Aug 2000,0.17296,0.17322
Week 4,29 Aug 2000,0.17391,0.17412

Week 1,05 Sep 2000,0.17598,0.17621
Week 2,12 Sep 2000,0.17768,0.17792
Week 3,19 Sep 2000,0.17797,0.17821
Week 4,26 Sep 2000,0.17718,0.17741

Week 1,03 Oct 2000,0.17830,0.17856
Week 2,10 Oct 2000,0.17951,0.17975
Week 3,17 Oct 2000,0.18141,0.18163
Week 4,24 Oct 2000,0.18266,0.18286

Week 1,31 Oct 2000,0.18109,0.18128
Week 2,07 Nov 2000,0.18143,0.18163
Week 3,14 Nov 2000,0.18236,0.18258
Week 4,21 Nov 2000,0.18395,0.18420

Week 1,28 Nov 2000,0.18231,0.18251
Week 2,05 Dec 2000,0.18086,0.18112
Week 3,12 Dec 2000,0.18125,0.18149
Week 4,19 Dec 2000,0.17976,0.18003

Week 1,26 Dec 2000,0.17866,0.17897
Week 2,02 Jan 2001,0.17737,0.17761
Week 3,09 Jan 2001,0.17776,0.17803
Week 4,16 Jan 2001,0.17901,0.17929

Week 1,23 Jan 2001,0.18022,0.18049
Week 2,30 Jan 2001,0.18016,0.18042
Week 3,06 Feb 2001,0.18101,0.18128
Week 4,13 Feb 2001,0.18250,0.18278

Week 1,20 Feb 2001,0.18308,0.18329
Week 2,27 Feb 2001,0.23757,0.24675
Week 3,06 Mar 2001,0.23196,0.25408
Week 4,13 Mar 2001,0.25604,0.26996

Week 1,20 Mar 2001,0.25899,0.26532
Week 2,27 Mar 2001,0.26602,0.27976
Week 3,03 Apr 2001,0.31654,0.32203
Week 4,10 Apr 2001,0.31893,0.32886

Week 1,17 Apr 2001,0.32395,0.33045
Week 2,24 Apr 2001,0.31197,0.31866
Week 3,01 May 2001,0.30091,0.31084
Week 4,08 May 2001,0.30365,0.30970

Week 1,15 May 2001,0.29710,0.30181
Week 2,22 May 2001,0.29519,0.29982
Week 3,29 May 2001,0.30185,0.30973
Week 4,05 Jun 2001,0.30657,0.31233

Week 1,12 Jun 2001,0.31781,0.32288
Week 2,19 Jun 2001,0.33423,0.34211
Week 3,26 Jun 2001,0.33488,0.34119
Week 4,03 Jul 2001,0.34261,0.35521

Week 1,10 Jul 2001,0.35202,0.36424
Week 2,17 Jul 2001,0.35408,0.36153
Week 3,24 Jul 2001,0.34896,0.35640
Week 4,31 Jul 2001,0.35242,0.36122

Week 1,07 Aug 2001,0.36497,0.37042
Week 2,14 Aug 2001,0.37225,0.38078
Week 3,21 Aug 2001,0.38595,0.38940
Week 4,28 Aug 2001,0.36564,0.37124

Week 1,04 Sep 2001,0.37281,0.37803
Week 2,11 Sep 2001,0.38974,0.39190
Week 3,18 Sep 2001,0.40056,0.41102
Week 4,25 Sep 2001,0.40436,0.41924

Week 1,02 Oct 2001,0.41613,0.43100
Week 2,09 Oct 2001,0.42016,0.43512
Week 3,16 Oct 2001,0.42915,0.44422
Week 4,23 Oct 2001,0.42260,0.43765

Week 1,30 Oct 2001,0.41517,0.43004
Week 2,06 Nov 2001,0.40730,0.42310
Week 3,13 Nov 2001,0.40134,0.41663
Week 4,20 Nov 2001,0.38959,0.40293

Week 1,27 Nov 2001,0.38760,0.40278
Week 2,04 Dec 2001,0.38234,0.39764
Week 3,11 Dec 2001,0.37629,0.39117
Week 4,18 Dec 2001,0.38466,0.39959

Week 1,25 Dec 2001,0.38193,0.39708
Week 2,01 Jan 2002,0.37346,0.38844
Week 3,08 Jan 2002,0.36288,0.37800
Week 4,15 Jan 2002,0.35491,0.37083

Week 1,22 Jan 2002,0.35165,0.36767
Week 2,29 Jan 2002,0.34304,0.35861
Week 3,05 Feb 2002,0.35251,0.36826
Week 4,12 Feb 2002,0.35457,0.36985

Week 1,19 Feb 2002,0.36045,0.37582
Week 2,26 Feb 2002,0.36457,0.38036
Week 3,05 Mar 2002,0.35813,0.37351
Week 4,12 Mar 2002,0.35440,0.36995

Week 1,19 Mar 2002,0.35233,0.36785
Week 2,26 Mar 2002,0.34981,0.36511
Week 3,02 Apr 2002,0.34487,0.36010
Week 4,09 Apr 2002,0.34055,0.35596

Week 1,16 Apr 2002,0.34049,0.35553
Week 2,23 Apr 2002,0.35143,0.36715
Week 3,30 Apr 2002,0.35417,0.36906
Week 4,07 May 2002,0.36027,0.37533

Week 1,14 May 2002,0.37288,0.38750
Week 2,21 May 2002,0.37167,0.38614
Week 3,28 May 2002,0.37331,0.38772
Week 4,04 Jun 2002,0.37940,0.39472

Week 1,11 Jun 2002,0.40429,0.41986
Week 2,18 Jun 2002,0.41027,0.42577
Week 3,25 Jun 2002,0.41829,0.43326
Week 4,02 Jul 2002,0.42261,0.43700

Week 1,09 Jul 2002,0.43826,0.45283
Week 2,16 Jul 2002,0.43777,0.45183
Week 3,23 Jul 2002,0.44281,0.45662
Week 4,30 Jul 2002,0.43776,0.45202

Week 1,06 Aug 2002,0.43107,0.44484
Week 2,13 Aug 2002,0.43029,0.44390
Week 3,20 Aug 2002,0.42986,0.44360
Week 4,27 Aug 2002,0.42799,0.44197

Week 1,03 Sep 2002,0.42645,0.44140
Week 2,10 Sep 2002,0.43744,0.45147
Week 3,17 Sep 2002,0.43732,0.45097
Week 4,24 Sep 2002,0.43568,0.44939

Week 1,01 Oct 2002,0.43195,0.44625
Week 2,08 Oct 2002,0.43263,0.44625
Week 3,15 Oct 2002,0.43379,0.44755
Week 4,22 Oct 2002,0.44001,0.45405

Week 1,29 Oct 2002,0.44223,0.45579
Week 2,05 Nov 2002,0.42843,0.44374
Week 3,12 Nov 2002,0.42392,0.43757
Week 4,19 Nov 2002,0.41547,0.42889

Week 1,26 Nov 2002,0.40649,0.42035
Week 2,03 Dec 2002,0.40603,0.41983
Week 3,10 Dec 2002,0.40547,0.42078
Week 4,17 Dec 2002,0.42432,0.43786

Week 1,24 Dec 2002,0.43419,0.44858
Week 2,31 Dec 2002,0.43117,0.44679
Week 3,07 Jan 2003,0.43904,0.45375
Week 4,14 Jan 2003,0.43849,0.45261

Week 1,21 Jan 2003,0.43840,0.45091
Week 2,28 Jan 2003,0.43455,0.44702
Week 3,04 Feb 2003,0.42992,0.44393
Week 4,11 Feb 2003,0.43414,0.44714

Week 1,18 Feb 2003,0.42631,0.44190
Week 2,25 Feb 2003,0.42191,0.43491
Week 3,04 Mar 2003,0.42646,0.43983
Week 4,11 Mar 2003,0.42775,0.44068

Week 1,18 Mar 2003,0.45182,0.46455
Week 2,25 Mar 2003,0.45045,0.46454
Week 3,01 Apr 2003,0.43968,0.45526
Week 4,08 Apr 2003,0.43276,0.44580

Week 1,15 Apr 2003,0.42446,0.43782
Week 2,22 Apr 2003,0.42134,0.43349
Week 3,29 Apr 2003,0.41092,0.42293
Week 4,06 May 2003,0.39885,0.41178

Week 1,13 May 2003,0.39160,0.40700
Week 2,20 May 2003,0.38821,0.40027
Week 3,27 May 2003,0.37792,0.39061
Week 4,03 Jun 2003,0.37535,0.38876

Week 1,10 Jun 2003,0.37345,0.38618
Week 2,17 Jun 2003,0.37407,0.38555
Week 3,24 Jun 2003,0.37585,0.38756
Week 4,01 Jul 2003,0.36704,0.37999

Week 1,08 Jul 2003,0.36662,0.38148
Week 2,15 Jul 2003,0.36412,0.37783
Week 3,22 Jul 2003,0.36855,0.38275
Week 4,29 Jul 2003,0.37469,0.38835

Week 1,05 Aug 2003,0.36706,0.38248
Week 2,12 Aug 2003,0.36747,0.37934
Week 3,19 Aug 2003,0.36593,0.37814
Week 4,26 Aug 2003,0.36632,0.37914

Week 1,02 Sep 2003,0.36374,0.37708
Week 2,09 Sep 2003,0.36048,0.37541
Week 3,16 Sep 2003,0.35806,0.37237
Week 4,23 Sep 2003,0.35809,0.37106

Week 1,30 Sep 2003,0.36613,0.38028
Week 2,07 Oct 2003,0.36300,0.37572
Week 3,14 Oct 2003,0.37390,0.38936
Week 4,21 Oct 2003,0.38760,0.39969

Week 1,28 Oct 2003,0.39348,0.40633
Week 2,04 Nov 2003,0.38952,0.40438
Week 3,11 Nov 2003,0.38738,0.40084
Week 4,18 Nov 2003,0.38594,0.39795

Week 1,25 Nov 2003,0.38495,0.39625
Week 2,02 Dec 2003,0.38085,0.39197
Week 3,09 Dec 2003,0.37724,0.39045
Week 4,16 Dec 2003,0.37603,0.38691

Week 1,23 Dec 2003,0.37602,0.38685
Week 2,30 Dec 2003,0.36757,0.37884
Week 3,06 Jan 2004,0.35812,0.36856
Week 4,13 Jan 2004,0.35380,0.36600

Week 1,20 Jan 2004,0.34889,0.36262
Week 2,27 Jan 2004,0.34949,0.36473
Week 3,03 Feb 2004,0.34986,0.36276
Week 4,10 Feb 2004,0.34519,0.36044

Week 1,17 Feb 2004,0.34837,0.36051
Week 2,24 Feb 2004,0.34584,0.36192
Week 3,02 Mar 2004,0.34689,0.35928
Week 4,09 Mar 2004,0.34581,0.35891

Week 1,16 Mar 2004,0.34577,0.35813
Week 2,23 Mar 2004,0.34644,0.35813
Week 3,30 Mar 2004,0.34244,0.35780
Week 4,06 Apr 2004,0.34964,0.36148

Week 1,13 Apr 2004,0.35648,0.36907
Week 2,20 Apr 2004,0.36151,0.37351
Week 3,27 Apr 2004,0.37233,0.38429
Week 4,04 May 2004,0.38839,0.40181

Week 1,11 May 2004,0.40367,0.41570
Week 2,18 May 2004,0.40708,0.41903
Week 3,25 May 2004,0.39679,0.40792
Week 4,01 Jun 2004,0.39503,0.40606

Week 1,08 Jun 2004,0.39198,0.40314
Week 2,15 Jun 2004,0.39248,0.40439
Week 3,22 Jun 2004,0.39108,0.40368
Week 4,29 Jun 2004,0.38423,0.39897

Week 1,06 Jul 2004,0.37919,0.39090
Week 2,13 Jul 2004,0.37599,0.38843
Week 3,20 Jul 2004,0.38298,0.39477
Week 4,27 Jul 2004,0.38838,0.39961

Week 1,03 Aug 2004,0.38458,0.39644
Week 2,10 Aug 2004,0.38361,0.39539
Week 3,17 Aug 2004,0.38529,0.39850
Week 4,24 Aug 2004,0.39791,0.40913

Week 1,31 Aug 2004,0.39603,0.40899
Week 2,07 Sep 2004,0.39271,0.40600
Week 3,14 Sep 2004,0.39664,0.40779
Week 4,21 Sep 2004,0.39589,0.40696

Week 1,28 Sep 2004,0.39417,0.40887
Week 2,05 Oct 2004,0.39444,0.40616
Week 3,12 Oct 2004,0.39095,0.40413
Week 4,19 Oct 2004,0.39099,0.39914

Week 1,26 Oct 2004,0.39033,0.39689
Week 2,02 Nov 2004,0.38942,0.39067
Week 3,09 Nov 2004,0.38675,0.39064
Week 4,16 Nov 2004,0.38390,0.38775

Week 1,23 Nov 2004,0.37688,0.38504
Week 2,30 Nov 2004,0.37607,0.37891
Week 3,07 Dec 2004,0.37763,0.38103
Week 4,14 Dec 2004,0.37448,0.37757

Week 1,21 Dec 2004,0.36804,0.36933
Week 2,28 Dec 2004,0.35738,0.36309
Week 3,04 Jan 2005,0.36759,0.36938
Week 4,11 Jan 2005,0.36248,0.36395

Week 1,18 Jan 2005,0.35826,0.36021
Week 2,25 Jan 2005,0.35526,0.35679
Week 3,01 Feb 2005,0.35174,0.35382
Week 4,08 Feb 2005,0.35262,0.35468

Week 1,15 Feb 2005,0.34886,0.35063
Week 2,22 Feb 2005,0.34523,0.34697
Week 3,01 Mar 2005,0.33751,0.34042
Week 4,08 Mar 2005,0.33588,0.33997

Week 1,15 Mar 2005,0.34910,0.35204
Week 2,22 Mar 2005,0.36033,0.36172
Week 3,29 Mar 2005,0.36279,0.36490
Week 4,05 Apr 2005,0.35996,0.36207

Week 1,12 Apr 2005,0.36148,0.36287
Week 2,19 Apr 2005,0.36199,0.36351
Week 3,26 Apr 2005,0.36698,0.36970
Week 4,03 May 2005,0.35989,0.36345

Week 1,10 May 2005,0.36329,0.36734
Week 2,17 May 2005,0.36520,0.36887
Week 3,24 May 2005,0.36603,0.36970
Week 4,31 May 2005,0.36080,0.36486

Week 1,07 Jun 2005,0.36235,0.36602
Week 2,14 Jun 2005,0.36313,0.36642
Week 3,21 Jun 2005,0.35974,0.36379
Week 4,28 Jun 2005,0.35557,0.35924

Week 1,05 Jul 2005,0.35807,0.36052
Week 2,12 Jul 2005,0.35382,0.35749
Week 3,19 Jul 2005,0.35493,0.35776
Week 4,26 Jul 2005,0.35404,0.35808

Week 1,02 Aug 2005,0.35052,0.35202
Week 2,09 Aug 2005,0.35537,0.35714
Week 3,16 Aug 2005,0.36433,0.36554
Week 4,23 Aug 2005,0.36270,0.36390

Week 1,30 Aug 2005,0.35730,0.35981
Week 2,06 Sep 2005,0.35469,0.35661
Week 3,13 Sep 2005,0.35675,0.35877
Week 4,20 Sep 2005,0.35866,0.35965

Week 1,27 Sep 2005,0.35878,0.35996
Week 2,04 Oct 2005,0.35901,0.36061
Week 3,11 Oct 2005,0.36240,0.36433
Week 4,18 Oct 2005,0.36322,0.36493

Week 1,25 Oct 2005,0.36008,0.36185
Week 2,01 Nov 2005,0.36029,0.36187
Week 3,08 Nov 2005,0.36236,0.36408
Week 4,15 Nov 2005,0.36228,0.36366

Week 1,22 Nov 2005,0.36182,0.36299
Week 2,29 Nov 2005,0.36141,0.36281
Week 3,06 Dec 2005,0.36049,0.36269
Week 4,13 Dec 2005,0.35862,0.36075

Week 1,20 Dec 2005,0.35910,0.36123
Week 2,27 Dec 2005,0.35915,0.36046
Week 3,03 Jan 2006,0.35618,0.35751
Week 4,10 Jan 2006,0.35603,0.35820

Week 1,17 Jan 2006,0.35517,0.35732
Week 2,24 Jan 2006,0.35210,0.35447
Week 3,31 Jan 2006,0.35249,0.35496
Week 4,07 Feb 2006,0.35337,0.35584

Week 1,14 Feb 2006,0.35270,0.35525
Week 2,21 Feb 2006,0.35095,0.35337
Week 3,28 Feb 2006,0.34784,0.35050
Week 4,07 Mar 2006,0.35604,0.35873

Week 1,14 Mar 2006,0.35401,0.35670
Week 2,21 Mar 2006,0.35606,0.35911
Week 3,28 Mar 2006,0.35786,0.36189
Week 4,04 Apr 2006,0.35489,0.35867

Week 1,11 Apr 2006,0.35762,0.36153
Week 2,18 Apr 2006,0.35361,0.35764
Week 3,25 Apr 2006,0.35071,0.35474
Week 4,02 May 2006,0.34967,0.35370

Week 1,09 May 2006,0.36281,0.36686
Week 2,16 May 2006,0.39164,0.39565
Week 3,23 May 2006,0.40693,0.41094
Week 4,30 May 2006,0.41487,0.41892

Week 1,06 Jun 2006,0.41301,0.41705
Week 2,13 Jun 2006,0.42199,0.42603
Week 3,20 Jun 2006,0.44229,0.44634
Week 4,27 Jun 2006,0.42825,0.43230

Week 1,04 Jul 2006,0.41492,0.41897
Week 2,11 Jul 2006,0.41660,0.42064
Week 3,18 Jul 2006,0.41492,0.41898
Week 4,25 Jul 2006,0.40141,0.40545

Week 1,01 Aug 2006,0.39449,0.39832
Week 2,08 Aug 2006,0.38612,0.39021
Week 3,15 Aug 2006,0.38546,0.38914
Week 4,22 Aug 2006,0.39101,0.39489

Week 1,29 Aug 2006,0.39043,0.39436
Week 2,05 Sep 2006,0.38978,0.39373
Week 3,12 Sep 2006,0.39056,0.39456
Week 4,19 Sep 2006,0.39577,0.39987

Week 1,26 Sep 2006,0.40080,0.40489
Week 2,03 Oct 2006,0.39828,0.40221
Week 3,10 Oct 2006,0.39368,0.39778
Week 4,17 Oct 2006,0.38928,0.39338

Week 1,24 Oct 2006,0.38625,0.39035
Week 2,31 Oct 2006,0.38710,0.39125
Week 3,07 Nov 2006,0.38412,0.38821
Week 4,14 Nov 2006,0.38448,0.38850

Week 1,21 Nov 2006,0.38933,0.39343
Week 2,28 Nov 2006,0.38734,0.39144
Week 3,05 Dec 2006,0.38184,0.38592
Week 4,12 Dec 2006,0.37823,0.38215

Week 1,19 Dec 2006,0.37892,0.38295
Week 2,26 Dec 2006,0.37685,0.38095
Week 3,02 Jan 2007,0.37748,0.38160
Week 4,09 Jan 2007,0.38130,0.38537

Week 1,16 Jan 2007,0.37719,0.38116
Week 2,23 Jan 2007,0.37743,0.38111
Week 3,30 Jan 2007,0.37507,0.37874
Week 4,06 Feb 2007,0.37221,0.37595

Week 1,13 Feb 2007,0.37025,0.37388
Week 2,20 Feb 2007,0.36696,0.37078
Week 3,27 Feb 2007,0.37634,0.37985
Week 4,06 Mar 2007,0.37839,0.38204

Week 1,13 Mar 2007,0.37467,0.37834
Week 2,20 Mar 2007,0.36889,0.37268
Week 3,27 Mar 2007,0.36924,0.37298
Week 4,03 Apr 2007,0.36387,0.36787

Week 1,10 Apr 2007,0.36440,0.36759
Week 2,17 Apr 2007,0.35790,0.36163
Week 3,24 Apr 2007,0.35448,0.35807
Week 4,01 May 2007,0.36074,0.36295

Week 1,08 May 2007,0.35550,0.35842
Week 2,15 May 2007,0.35270,0.35523
Week 3,22 May 2007,0.35281,0.35505
Week 4,29 May 2007,0.35032,0.35338

Week 1,05 Jun 2007,0.35273,0.35649
Week 2,12 Jun 2007,0.35121,0.35498
Week 3,19 Jun 2007,0.34738,0.34994
Week 4,26 Jun 2007,0.35001,0.35254

Week 1,03 Jul 2007,0.34413,0.34627
Week 2,10 Jul 2007,0.33995,0.34240
Week 3,17 Jul 2007,0.33801,0.34091
Week 4,24 Jul 2007,0.33957,0.34171

Week 1,31 Jul 2007,0.34100,0.34360
Week 2,07 Aug 2007,0.34093,0.34337
Week 3,14 Aug 2007,0.35810,0.36025
Week 4,21 Aug 2007,0.35555,0.35774

Week 1,28 Aug 2007,0.34895,0.35140
Week 2,04 Sep 2007,0.34513,0.34889
Week 3,11 Sep 2007,0.33793,0.34097
Week 4,18 Sep 2007,0.33003,0.33287

Week 1,25 Sep 2007,0.32413,0.32753
Week 2,02 Oct 2007,0.31888,0.32184
Week 3,09 Oct 2007,0.31674,0.32044
Week 4,16 Oct 2007,0.32255,0.32479

Week 1,23 Oct 2007,0.32133,0.32332
Week 2,30 Oct 2007,0.31482,0.31750
Week 3,06 Nov 2007,0.31612,0.31900
Week 4,13 Nov 2007,0.31713,0.31998

Week 1,20 Nov 2007,0.32095,0.32341
Week 2,27 Nov 2007,0.31969,0.32262
Week 3,04 Dec 2007,0.31437,0.31599
Week 4,11 Dec 2007,0.31362,0.31560

Week 1,18 Dec 2007,0.31612,0.31874
Week 2,25 Dec 2007,0.31227,0.31519
Week 3,01 Jan 2008,0.31003,0.31320
Week 4,08 Jan 2008,0.30742,0.30985

Week 1,15 Jan 2008,0.31201,0.31436
Week 2,22 Jan 2008,0.31839,0.32073
Week 3,29 Jan 2008,0.31215,0.31451
Week 4,05 Feb 2008,0.31751,0.31986

Week 1,12 Feb 2008,0.32048,0.32278
Week 2,19 Feb 2008,0.32001,0.32180
Week 3,26 Feb 2008,0.31806,0.32039
Week 4,04 Mar 2008,0.32768,0.32954

Week 1,11 Mar 2008,0.32862,0.33114
Week 2,18 Mar 2008,0.33087,0.33235
Week 3,25 Mar 2008,0.33795,0.34067
Week 4,01 Apr 2008,0.34555,0.34813

Week 1,08 Apr 2008,0.34501,0.34713
Week 2,15 Apr 2008,0.34983,0.35247
Week 3,22 Apr 2008,0.34385,0.34645
Week 4,29 Apr 2008,0.33872,0.34030

Week 1,06 May 2008,0.33593,0.33746
Week 2,13 May 2008,0.33010,0.33279
Week 3,20 May 2008,0.33033,0.33286
Week 4,27 May 2008,0.32615,0.32878

Week 1,03 Jun 2008,0.32906,0.33054
Week 2,10 Jun 2008,0.33283,0.33547
Week 3,17 Jun 2008,0.32720,0.32872
Week 4,24 Jun 2008,0.32574,0.32831

Week 1,01 Jul 2008,0.32838,0.33073
Week 2,08 Jul 2008,0.32539,0.32788
Week 3,15 Jul 2008,0.31969,0.32210
Week 4,22 Jul 2008,0.31923,0.32171

Week 1,29 Jul 2008,0.31177,0.31417
Week 2,05 Aug 2008,0.31131,0.31276
Week 3,12 Aug 2008,0.31466,0.31711
Week 4,19 Aug 2008,0.31581,0.31786

Week 1,26 Aug 2008,0.31568,0.31699
Week 2,02 Sep 2008,0.32420,0.32601
Week 3,09 Sep 2008,0.33001,0.33142
Week 4,16 Sep 2008,0.33628,0.33794

Week 1,23 Sep 2008,0.32902,0.33044
Week 2,30 Sep 2008,0.34179,0.34319
Week 3,07 Oct 2008,0.37226,0.37384
Week 4,14 Oct 2008,0.38673,0.38876

Week 1,21 Oct 2008,0.43652,0.43884
Week 2,28 Oct 2008,0.41554,0.41732
Week 3,04 Nov 2008,0.40727,0.40877
Week 4,11 Nov 2008,0.42862,0.43065

Week 1,18 Nov 2008,0.44637,0.44840
Week 2,25 Nov 2008,0.41971,0.42123
Week 3,02 Dec 2008,0.42124,0.42353
Week 4,09 Dec 2008,0.41515,0.41690

Week 1,16 Dec 2008,0.40838,0.40953
Week 2,23 Dec 2008,0.40352,0.40509
Week 3,30 Dec 2008,0.40684,0.40896
Week 4,06 Jan 2009,0.41081,0.41232

Week 1,13 Jan 2009,0.42750,0.42922
Week 2,20 Jan 2009,0.44254,0.44384
Week 3,27 Jan 2009,0.43523,0.43654
Week 4,03 Feb 2009,0.43533,0.43661

Week 1,10 Feb 2009,0.43604,0.43727
Week 2,17 Feb 2009,0.45059,0.45243
Week 3,24 Feb 2009,0.45070,0.45229
Week 4,03 Mar 2009,0.46759,0.46938

Week 1,10 Mar 2009,0.46272,0.46463
Week 2,17 Mar 2009,0.45199,0.45370
Week 3,24 Mar 2009,0.44308,0.44473
Week 4,31 Mar 2009,0.43342,0.43511

Week 1,07 Apr 2009,0.42058,0.42212
Week 2,14 Apr 2009,0.42560,0.42716
Week 3,21 Apr 2009,0.43465,0.43586
Week 4,28 Apr 2009,0.42702,0.42839

Week 1,05 May 2009,0.41525,0.41685
Week 2,12 May 2009,0.41652,0.41799
Week 3,19 May 2009,0.40987,0.41116
Week 4,26 May 2009,0.41097,0.41594

Week 1,02 Jun 2009,0.40715,0.41109
Week 2,09 Jun 2009,0.41048,0.41222
Week 3,16 Jun 2009,0.41133,0.41512
Week 4,23 Jun 2009,0.41190,0.41566

Week 1,30 Jun 2009,0.40719,0.41087
Week 2,07 Jul 2009,0.41198,0.41461
Week 3,14 Jul 2009,0.40716,0.41100
Week 4,21 Jul 2009,0.39665,0.40030

Week 1,28 Jul 2009,0.39248,0.39556
Week 2,04 Aug 2009,0.38982,0.39277
Week 3,11 Aug 2009,0.39585,0.39851
Week 4,18 Aug 2009,0.39404,0.40265

Week 1,25 Aug 2009,0.39488,0.40338
Week 2,01 Sep 2009,0.39958,0.40161
Week 3,08 Sep 2009,0.39701,0.39935
Week 4,15 Sep 2009,0.39422,0.39568

Week 1,22 Sep 2009,0.39502,0.39658
Week 2,29 Sep 2009,0.39704,0.39853
Week 3,06 Oct 2009,0.39080,0.39242
Week 4,13 Oct 2009,0.38745,0.38894

Week 1,20 Oct 2009,0.38958,0.39122
Week 2,27 Oct 2009,0.39825,0.40025
Week 3,03 Nov 2009,0.39745,0.39861
Week 4,10 Nov 2009,0.39327,0.39446

Week 1,17 Nov 2009,0.39600,0.39734
Week 2,24 Nov 2009,0.40192,0.40351
Week 3,01 Dec 2009,0.39871,0.40041
Week 4,08 Dec 2009,0.40015,0.40155

Week 1,15 Dec 2009,0.40259,0.40499
Week 2,22 Dec 2009,0.40401,0.40572
Week 3,29 Dec 2009,0.39999,0.40220
Week 4,05 Jan 2010,0.39132,0.39289

Week 1,12 Jan 2010,0.38622,0.39023
Week 2,19 Jan 2010,0.39286,0.39420
Week 3,26 Jan 2010,0.39744,0.39905
Week 4,02 Feb 2010,0.40106,0.40260

Week 1,09 Feb 2010,0.40346,0.40537
Week 2,16 Feb 2010,0.40299,0.40528
Week 3,23 Feb 2010,0.40991,0.41250
Week 4,02 Mar 2010,0.40972,0.41199

Week 1,09 Mar 2010,0.40756,0.40957
Week 2,16 Mar 2010,0.40651,0.40870
Week 3,23 Mar 2010,0.40963,0.41192
Week 4,30 Mar 2010,0.40446,0.40605

Week 1,06 Apr 2010,0.39836,0.39996
Week 2,13 Apr 2010,0.39421,0.39638
Week 3,20 Apr 2010,0.39549,0.39722
Week 4,27 Apr 2010,0.39524,0.39743

Week 1,04 May 2010,0.40891,0.41133
Week 2,11 May 2010,0.40679,0.40938
Week 3,18 May 2010,0.41744,0.41974
Week 4,25 May 2010,0.41749,0.42070

Week 1,01 Jun 2010,0.42157,0.42397
Week 2,08 Jun 2010,0.42315,0.42547
Week 3,15 Jun 2010,0.41584,0.41800
Week 4,22 Jun 2010,0.41771,0.42008

Week 1,29 Jun 2010,0.41896,0.42124
Week 2,06 Jul 2010,0.41352,0.41587
Week 3,13 Jul 2010,0.41068,0.41298
Week 4,20 Jul 2010,0.40611,0.40846

Week 1,27 Jul 2010,0.40184,0.40396
Week 2,03 Aug 2010,0.39778,0.40005
Week 3,10 Aug 2010,0.40169,0.40361
Week 4,17 Aug 2010,0.40131,0.40351

Week 1,24 Aug 2010,0.40488,0.40731
Week 2,31 Aug 2010,0.40201,0.40446
Week 3,07 Sep 2010,0.40057,0.40302
Week 4,14 Sep 2010,0.39778,0.39975

Week 1,21 Sep 2010,0.39475,0.39687
Week 2,28 Sep 2010,0.38691,0.38907
Week 3,05 Oct 2010,0.37911,0.38118
Week 4,12 Oct 2010,0.37517,0.37710

Week 1,19 Oct 2010,0.37908,0.38095
Week 2,26 Oct 2010,0.38079,0.38210
Week 3,02 Nov 2010,0.37417,0.37544
Week 4,09 Nov 2010,0.37940,0.38080

Week 1,16 Nov 2010,0.38554,0.38703
Week 2,23 Nov 2010,0.39288,0.39424
Week 3,30 Nov 2010,0.39626,0.39763
Week 4,07 Dec 2010,0.39796,0.39961

Week 1,14 Dec 2010,0.40618,0.40796
Week 2,21 Dec 2010,0.41262,0.41436
Week 3,28 Dec 2010,0.41292,0.41449
Week 4,04 Jan 2011,0.41507,0.41648

Week 1,11 Jan 2011,0.41600,0.41730
Week 2,18 Jan 2011,0.41514,0.41666
Week 3,25 Jan 2011,0.42250,0.42397
Week 4,01 Feb 2011,0.42296,0.42441

Week 1,08 Feb 2011,0.42192,0.42396
Week 2,15 Feb 2011,0.42161,0.42298
Week 3,22 Feb 2011,0.42536,0.42663
Week 4,01 Mar 2011,0.42700,0.42865

Week 1,08 Mar 2011,0.42256,0.42408
Week 2,15 Mar 2011,0.42111,0.42265
Week 3,22 Mar 2011,0.41540,0.41686
Week 4,29 Mar 2011,0.41154,0.41283

Week 1,05 Apr 2011,0.40442,0.40531
Week 2,12 Apr 2011,0.40388,0.40471
Week 3,19 Apr 2011,0.40542,0.40632
Week 4,26 Apr 2011,0.40513,0.40619

Week 1,03 May 2011,0.40935,0.41018
Week 2,10 May 2011,0.42021,0.42101
Week 3,17 May 2011,0.42176,0.42321
Week 4,24 May 2011,0.42714,0.42788

Week 1,31 May 2011,0.42300,0.42385
Week 2,07 Jun 2011,0.42039,0.42129
Week 3,14 Jun 2011,0.42435,0.42520
Week 4,21 Jun 2011,0.43162,0.43305

Week 1,28 Jun 2011,0.43211,0.43301
Week 2,05 Jul 2011,0.43279,0.43364
Week 3,12 Jul 2011,0.43863,0.43948
Week 4,19 Jul 2011,0.44584,0.44678

Week 1,26 Jul 2011,0.45176,0.45262
Week 2,02 Aug 2011,0.45779,0.45881
Week 3,09 Aug 2011,0.47195,0.47318
Week 4,16 Aug 2011,0.47401,0.47503

Week 1,23 Aug 2011,0.47070,0.47178
Week 2,30 Aug 2011,0.46276,0.46397
Week 3,06 Sep 2011,0.47243,0.47352
Week 4,13 Sep 2011,0.47408,0.47517

Week 1,20 Sep 2011,0.48473,0.48585
Week 2,27 Sep 2011,0.49355,0.49467
Week 3,04 Oct 2011,0.49620,0.49743
Week 4,11 Oct 2011,0.48841,0.48951

Week 1,18 Oct 2011,0.49283,0.49387
Week 2,25 Oct 2011,0.47107,0.47216
Week 3,01 Nov 2011,0.47135,0.47230
Week 4,08 Nov 2011,0.47403,0.47523

Week 1,15 Nov 2011,0.48178,0.48272
Week 2,22 Nov 2011,0.49721,0.49819
Week 3,29 Nov 2011,0.49020,0.49136
Week 4,06 Dec 2011,0.48971,0.49069

Week 1,13 Dec 2011,0.49992,0.50081
Week 2,20 Dec 2011,0.50427,0.50536
Week 3,27 Dec 2011,0.50567,0.50691
Week 4,03 Jan 2012,0.50091,0.50209

Week 1,10 Jan 2012,0.49616,0.49702
Week 2,17 Jan 2012,0.48944,0.49036
Week 3,24 Jan 2012,0.47995,0.48081
Week 4,31 Jan 2012,0.47033,0.47121

Week 1,07 Feb 2012,0.46815,0.46904
Week 2,14 Feb 2012,0.46911,0.46995
Week 3,21 Feb 2012,0.46803,0.46890
Week 4,28 Feb 2012,0.46897,0.46982

Week 1,06 Mar 2012,0.47470,0.47559
Week 2,13 Mar 2012,0.47844,0.47932
Week 3,20 Mar 2012,0.48138,0.48225
Week 4,27 Mar 2012,0.47564,0.47645

Week 1,03 Apr 2012,0.47668,0.47752
Week 2,10 Apr 2012,0.47959,0.48035
Week 3,17 Apr 2012,0.47755,0.47833
Week 4,24 Apr 2012,0.47259,0.47350

Week 1,01 May 2012,0.46862,0.46941
Week 2,08 May 2012,0.47445,0.47523
Week 3,15 May 2012,0.48597,0.48671
Week 4,22 May 2012,0.49092,0.49171

Week 1,29 May 2012,0.49284,0.49361
Week 2,05 Jun 2012,0.48901,0.48984
Week 3,12 Jun 2012,0.48435,0.48517
Week 4,19 Jun 2012,0.48134,0.48216

Week 1,26 Jun 2012,0.48392,0.48484
Week 2,03 Jul 2012,0.48216,0.48330
Week 3,10 Jul 2012,0.48361,0.48471
Week 4,17 Jul 2012,0.48130,0.48243

Week 1,24 Jul 2012,0.48410,0.48535
Week 2,31 Jul 2012,0.47762,0.47874
Week 3,07 Aug 2012,0.47468,0.47586
Week 4,14 Aug 2012,0.47920,0.48043

Week 1,21 Aug 2012,0.47867,0.47982
Week 2,28 Aug 2012,0.48332,0.48434
Week 3,04 Sep 2012,0.48231,0.48321
Week 4,11 Sep 2012,0.47965,0.48055

Week 1,18 Sep 2012,0.47850,0.47941
Week 2,25 Sep 2012,0.47802,0.47894
Week 3,02 Oct 2012,0.47926,0.48023
Week 4,09 Oct 2012,0.48250,0.48345

Week 1,16 Oct 2012,0.47967,0.48073
Week 2,23 Oct 2012,0.47950,0.48046
Week 3,30 Oct 2012,0.47818,0.47913
Week 4,06 Nov 2012,0.47559,0.47657

Week 1,13 Nov 2012,0.47989,0.48085
Week 2,20 Nov 2012,0.47882,0.47972
Week 3,27 Nov 2012,0.47680,0.47786
Week 4,04 Dec 2012,0.47619,0.47717

Week 1,11 Dec 2012,0.47469,0.47563
Week 2,18 Dec 2012,0.47637,0.47733
Week 3,25 Dec 2012,0.47746,0.47856
Week 4,01 Jan 2013,0.47496,0.47595

Week 1,08 Jan 2013,0.47272,0.47368
Week 2,15 Jan 2013,0.46984,0.47079
Week 3,22 Jan 2013,0.47081,0.47173
Week 4,29 Jan 2013,0.46898,0.46987

Week 1,05 Feb 2013,0.47058,0.47140
Week 2,12 Feb 2013,0.47127,0.47218
Week 3,19 Feb 2013,0.47585,0.47671
Week 4,26 Feb 2013,0.47975,0.48070

Week 1,05 Mar 2013,0.47951,0.48038
Week 2,12 Mar 2013,0.48111,0.48213
Week 3,19 Mar 2013,0.48388,0.48482
Week 4,26 Mar 2013,0.48306,0.48402

Week 1,02 Apr 2013,0.48064,0.48149
Week 2,09 Apr 2013,0.47621,0.47723
Week 3,16 Apr 2013,0.47835,0.47929
Week 4,23 Apr 2013,0.47977,0.48078

Week 1,30 Apr 2013,0.47797,0.47896
Week 2,07 May 2013,0.47887,0.47985
Week 3,14 May 2013,0.48617,0.48713
Week 4,21 May 2013,0.49164,0.49273

Week 1,28 May 2013,0.49674,0.49750
Week 2,04 Jun 2013,0.50180,0.50248
Week 3,11 Jun 2013,0.49978,0.50055
Week 4,18 Jun 2013,0.50892,0.50970

Week 1,25 Jun 2013,0.51492,0.51572
Week 2,02 Jul 2013,0.51866,0.51952
Week 3,09 Jul 2013,0.51961,0.52047
Week 4,16 Jul 2013,0.51255,0.51327

Week 1,23 Jul 2013,0.51131,0.51200
Week 2,30 Jul 2013,0.51437,0.51510
Week 3,06 Aug 2013,0.51287,0.51359
Week 4,13 Aug 2013,0.51554,0.51619

Week 1,20 Aug 2013,0.52579,0.52641
Week 2,27 Aug 2013,0.54073,0.54151
Week 3,03 Sep 2013,0.54590,0.54668
Week 4,10 Sep 2013,0.53954,0.54026

Week 1,17 Sep 2013,0.52851,0.52927
Week 2,24 Sep 2013,0.53636,0.53702
Week 3,01 Oct 2013,0.53405,0.53471
Week 4,08 Oct 2013,0.52888,0.52958

Week 1,15 Oct 2013,0.52623,0.52709
Week 2,22 Oct 2013,0.52727,0.52795
Week 3,29 Oct 2013,0.53275,0.53346
Week 4,05 Nov 2013,0.54120,0.54194

Week 1,12 Nov 2013,0.54351,0.54412
Week 2,19 Nov 2013,0.53664,0.53727
Week 3,26 Nov 2013,0.53700,0.53772
Week 4,03 Dec 2013,0.54219,0.54298

Week 1,10 Dec 2013,0.54265,0.54339
Week 2,17 Dec 2013,0.54979,0.55050
Week 3,24 Dec 2013,0.56366,0.56446
Week 4,31 Dec 2013,0.57529,0.57619

Week 1,07 Jan 2014,0.57915,0.57989
Week 2,14 Jan 2014,0.58731,0.58824
Week 3,21 Jan 2014,0.60870,0.60950
Week 4,28 Jan 2014,0.60336,0.60437

Week 1,04 Feb 2014,0.59548,0.59672
Week 2,11 Feb 2014,0.58468,0.58551
Week 3,18 Feb 2014,0.58271,0.58349
Week 4,25 Feb 2014,0.58876,0.58955

Week 1,04 Mar 2014,0.58804,0.58881
Week 2,11 Mar 2014,0.59266,0.59346
Week 3,18 Mar 2014,0.59403,0.59491
Week 4,25 Mar 2014,0.58773,0.58848

Week 1,01 Apr 2014,0.56811,0.56901
Week 2,08 Apr 2014,0.56239,0.56317
Week 3,15 Apr 2014,0.56718,0.56797
Week 4,22 Apr 2014,0.56956,0.57018

Week 1,29 Apr 2014,0.56329,0.56404
Week 2,06 May 2014,0.55557,0.55639
Week 3,13 May 2014,0.55581,0.55639
Week 4,20 May 2014,0.55708,0.55785

Week 1,27 May 2014,0.55810,0.55878
Week 2,03 Jun 2014,0.55901,0.55968
Week 3,10 Jun 2014,0.56099,0.56167
Week 4,17 Jun 2014,0.57002,0.57096

Week 1,24 Jun 2014,0.56772,0.56850
Week 2,01 Jul 2014,0.56729,0.56800
Week 3,08 Jul 2014,0.56576,0.56641
Week 4,15 Jul 2014,0.56632,0.56708

Week 1,22 Jul 2014,0.55971,0.56041
Week 2,29 Jul 2014,0.56593,0.56664
Week 3,05 Aug 2014,0.57274,0.57341
Week 4,12 Aug 2014,0.57529,0.57601

Week 1,19 Aug 2014,0.57904,0.57998
Week 2,26 Aug 2014,0.57701,0.57785
Week 3,02 Sep 2014,0.57610,0.57669
Week 4,09 Sep 2014,0.58614,0.58685

Week 1,16 Sep 2014,0.59230,0.59310
Week 2,23 Sep 2014,0.59963,0.60025
Week 3,30 Sep 2014,0.60816,0.60886
Week 4,07 Oct 2014,0.60715,0.60787

Week 1,14 Oct 2014,0.60247,0.60330
Week 2,21 Oct 2014,0.59645,0.59737
Week 3,28 Oct 2014,0.59156,0.59231
Week 4,04 Nov 2014,0.59818,0.59907

Week 1,11 Nov 2014,0.59798,0.59899
Week 2,18 Nov 2014,0.59288,0.59364
Week 3,25 Nov 2014,0.59178,0.59244
Week 4,02 Dec 2014,0.59639,0.59741

Week 1,09 Dec 2014,0.60666,0.60754
Week 2,16 Dec 2014,0.62069,0.62162
Week 3,23 Dec 2014,0.61681,0.61850
Week 4,30 Dec 2014,0.62047,0.62227

Week 1,06 Jan 2015,0.61549,0.61652
Week 2,13 Jan 2015,0.61342,0.61476
Week 3,20 Jan 2015,0.62342,0.62492
Week 4,27 Jan 2015,0.63805,0.63940

Week 1,03 Feb 2015,0.65056,0.65255
Week 2,10 Feb 2015,0.65924,0.66072
Week 3,17 Feb 2015,0.65315,0.65498
Week 4,24 Feb 2015,0.66297,0.66482

Week 1,03 Mar 2015,0.68593,0.68766
Week 2,10 Mar 2015,0.69829,0.69971
Week 3,17 Mar 2015,0.69197,0.69348
Week 4,24 Mar 2015,0.68868,0.69017

Week 1,31 Mar 2015,0.68993,0.69143
Week 2,07 Apr 2015,0.69335,0.69509
Week 3,14 Apr 2015,0.71377,0.71495
Week 4,21 Apr 2015,0.72085,0.72265

Week 1,28 Apr 2015,0.71547,0.71704
Week 2,05 May 2015,0.71861,0.72098
Week 3,12 May 2015,0.69973,0.70093
Week 4,19 May 2015,0.68987,0.69143

Week 1,26 May 2015,0.70473,0.70588
Week 2,02 Jun 2015,0.71224,0.71411
Week 3,09 Jun 2015,0.72749,0.72954
Week 4,16 Jun 2015,0.72346,0.72469

Week 1,23 Jun 2015,0.71169,0.71271
Week 2,30 Jun 2015,0.71648,0.71843
Week 3,07 Jul 2015,0.71368,0.71494
Week 4,14 Jul 2015,0.70610,0.70749

Week 1,21 Jul 2015,0.72323,0.72421
Week 2,28 Jul 2015,0.73754,0.73872
Week 3,04 Aug 2015,0.74085,0.74186
Week 4,11 Aug 2015,0.74643,0.74844

Week 1,18 Aug 2015,0.77352,0.77557
Week 2,25 Aug 2015,0.77975,0.78165
Week 3,01 Sep 2015,0.78886,0.79053
Week 4,08 Sep 2015,0.80772,0.81000

Week 1,15 Sep 2015,0.80421,0.80596
Week 2,22 Sep 2015,0.80774,0.80974
Week 3,29 Sep 2015,0.80489,0.80654
Week 4,06 Oct 2015,0.78324,0.78483

Week 1,13 Oct 2015,0.77587,0.77798
Week 2,20 Oct 2015,0.77188,0.77350
Week 3,27 Oct 2015,0.77513,0.77648
Week 4,03 Nov 2015,0.76614,0.76716

Week 1,10 Nov 2015,0.76942,0.77053
Week 2,17 Nov 2015,0.75951,0.76144
Week 3,24 Nov 2015,0.77022,0.77231
Week 4,01 Dec 2015,0.77030,0.77286

Week 1,08 Dec 2015,0.78110,0.78315
Week 2,15 Dec 2015,0.78242,0.78468
Week 3,22 Dec 2015,0.77708,0.77920
Week 4,29 Dec 2015,0.77601,0.77755

Week 1,05 Jan 2016,0.79670,0.79866
Week 2,12 Jan 2016,0.80834,0.81039
Week 3,19 Jan 2016,0.80537,0.80712
Week 4,26 Jan 2016,0.79488,0.79714

Week 1,02 Feb 2016,0.78096,0.78274
Week 2,09 Feb 2016,0.78117,0.78316
Week 3,16 Feb 2016,0.78763,0.78932
Week 4,23 Feb 2016,0.78737,0.78898

Week 1,01 Mar 2016,0.78053,0.78179
Week 2,08 Mar 2016,0.77108,0.77242
Week 3,15 Mar 2016,0.76526,0.76705
Week 4,22 Mar 2016,0.76548,0.76716

Week 1,29 Mar 2016,0.75637,0.75768
Week 2,05 Apr 2016,0.75675,0.75819
Week 3,12 Apr 2016,0.75818,0.76037
Week 4,19 Apr 2016,0.75593,0.75746

Week 1,26 Apr 2016,0.75045,0.75198
Week 2,03 May 2016,0.76890,0.77016
Week 3,10 May 2016,0.78735,0.78888
Week 4,17 May 2016,0.79357,0.79484

Week 1,24 May 2016,0.78808,0.78934
Week 2,31 May 2016,0.78197,0.78325
Week 3,07 Jun 2016,0.77482,0.77680
Week 4,14 Jun 2016,0.77988,0.78175

Week 1,21 Jun 2016,0.77478,0.77702
Week 2,28 Jun 2016,0.77376,0.77529
Week 3,05 Jul 2016,0.77514,0.77811
Week 4,12 Jul 2016,0.77981,0.78267

Week 1,19 Jul 2016,0.80968,0.81244
Week 2,26 Jul 2016,0.80354,0.80561
Week 3,02 Aug 2016,0.79931,0.80119
Week 4,09 Aug 2016,0.78980,0.79198

Week 1,16 Aug 2016,0.78114,0.78323
Week 2,23 Aug 2016,0.78449,0.78683
Week 3,30 Aug 2016,0.78728,0.78915
Week 4,06 Sep 2016,0.78559,0.78758

Week 1,13 Sep 2016,0.79303,0.79499
Week 2,20 Sep 2016,0.78987,0.79166
Week 3,27 Sep 2016,0.79591,0.79826
Week 4,04 Oct 2016,0.81041,0.81253

Week 1,11 Oct 2016,0.82065,0.82334
Week 2,18 Oct 2016,0.82024,0.82295
Week 3,25 Oct 2016,0.82392,0.82626
Week 4,01 Nov 2016,0.83296,0.83480

Week 1,08 Nov 2016,0.85571,0.85923
Week 2,15 Nov 2016,0.88629,0.88929
Week 3,22 Nov 2016,0.90855,0.91179
Week 4,29 Nov 2016,0.92312,0.92673

Week 1,06 Dec 2016,0.92313,0.92626
Week 2,13 Dec 2016,0.93180,0.93516
Week 3,20 Dec 2016,0.93520,0.93877
Week 4,27 Dec 2016,0.93717,0.94156

Week 1,03 Jan 2017,0.95652,0.96028
Week 2,10 Jan 2017,1.00174,1.00460
Week 3,17 Jan 2017,1.00739,1.01078
Week 4,24 Jan 2017,1.01872,1.02232

Week 1,31 Jan 2017,0.99831,1.00208
Week 2,07 Feb 2017,0.98562,0.98920
Week 3,14 Feb 2017,0.97333,0.97655
Week 4,21 Feb 2017,0.96015,0.96267

Week 1,28 Feb 2017,0.97672,0.97981
Week 2,07 Mar 2017,0.99217,0.99557
Week 3,14 Mar 2017,0.97992,0.98294
Week 4,21 Mar 2017,0.96446,0.96629

Week 1,28 Mar 2017,0.96789,0.97042
Week 2,04 Apr 2017,0.98428,0.98682
Week 3,11 Apr 2017,0.98664,0.99034
Week 4,18 Apr 2017,0.97318,0.97654

Week 1,25 Apr 2017,0.95055,0.95317
Week 2,02 May 2017,0.94407,0.94638
Week 3,09 May 2017,0.95310,0.95611
Week 4,16 May 2017,0.95171,0.95454

Week 1,23 May 2017,0.95110,0.95361
Week 2,30 May 2017,0.94192,0.94433
Week 3,06 Jun 2017,0.94001,0.94259
Week 4,13 Jun 2017,0.93498,0.93737

Week 1,20 Jun 2017,0.93671,0.93906
Week 2,27 Jun 2017,0.93611,0.93831
Week 3,04 Jul 2017,0.95697,0.95950
Week 4,11 Jul 2017,0.95181,0.95404

Week 1,18 Jul 2017,0.94057,0.94269
Week 2,25 Jul 2017,0.94318,0.94568
Week 3,01 Aug 2017,0.94038,0.94251
Week 4,08 Aug 2017,0.94199,0.94392

Week 1,15 Aug 2017,0.93849,0.94074
Week 2,22 Aug 2017,0.92548,0.92789
Week 3,29 Aug 2017,0.91696,0.91922
Week 4,05 Sep 2017,0.91128,0.91348

Week 1,12 Sep 2017,0.91487,0.91691
Week 2,19 Sep 2017,0.93010,0.93250
Week 3,26 Sep 2017,0.94818,0.95008
Week 4,03 Oct 2017,0.95683,0.95906

Week 1,10 Oct 2017,0.97567,0.97803
Week 2,17 Oct 2017,0.97615,0.97827
Week 3,24 Oct 2017,1.00248,1.00473
Week 4,31 Oct 2017,1.01994,1.02221

Week 1,07 Nov 2017,1.02925,1.03180
Week 2,14 Nov 2017,1.03239,1.03499
Week 3,21 Nov 2017,1.04816,1.05137
Week 4,28 Nov 2017,1.04666,1.04915

Week 1,05 Dec 2017,1.03153,1.03355



