SAR->GBP

Week 1,01 Dec 1998,0.16079,0.16090
Week 2,08 Dec 1998,0.15929,0.15950
Week 3,15 Dec 1998,0.15837,0.15854
Week 4,22 Dec 1998,0.15910,0.15922

Week 1,29 Dec 1998,0.16073,0.16084
Week 2,05 Jan 1999,0.16187,0.16197
Week 3,12 Jan 1999,0.16158,0.16175
Week 4,19 Jan 1999,0.16095,0.16128

Week 1,26 Jan 1999,0.16165,0.16176
Week 2,02 Feb 1999,0.16317,0.16329
Week 3,09 Feb 1999,0.16341,0.16353
Week 4,16 Feb 1999,0.16364,0.16374

Week 1,23 Feb 1999,0.16613,0.16624
Week 2,02 Mar 1999,0.16571,0.16581
Week 3,09 Mar 1999,0.16399,0.16411
Week 4,16 Mar 1999,0.16378,0.16389

Week 1,23 Mar 1999,0.16384,0.16397
Week 2,30 Mar 1999,0.16582,0.16594
Week 3,06 Apr 1999,0.16620,0.16632
Week 4,13 Apr 1999,0.16515,0.16526

Week 1,20 Apr 1999,0.16526,0.16536
Week 2,27 Apr 1999,0.16534,0.16542
Week 3,04 May 1999,0.16368,0.16379
Week 4,11 May 1999,0.16462,0.16470

Week 1,18 May 1999,0.16569,0.16578
Week 2,25 May 1999,0.16652,0.16661
Week 3,01 Jun 1999,0.16577,0.16587
Week 4,08 Jun 1999,0.16568,0.16576

Week 1,15 Jun 1999,0.16719,0.16727
Week 2,22 Jun 1999,0.16821,0.16831
Week 3,29 Jun 1999,0.16893,0.16903
Week 4,06 Jul 1999,0.17133,0.17142

Week 1,13 Jul 1999,0.17065,0.17074
Week 2,20 Jul 1999,0.16878,0.16887
Week 3,27 Jul 1999,0.16566,0.16575
Week 4,03 Aug 1999,0.16519,0.16531

Week 1,10 Aug 1999,0.16572,0.16583
Week 2,17 Aug 1999,0.16560,0.16568
Week 3,24 Aug 1999,0.16771,0.16781
Week 4,31 Aug 1999,0.16599,0.16609

Week 1,07 Sep 1999,0.16475,0.16484
Week 2,14 Sep 1999,0.16487,0.16497
Week 3,21 Sep 1999,0.16271,0.16280
Week 4,28 Sep 1999,0.16151,0.16162

Week 1,05 Oct 1999,0.16126,0.16136
Week 2,12 Oct 1999,0.16034,0.16043
Week 3,19 Oct 1999,0.16023,0.16033
Week 4,26 Oct 1999,0.16271,0.16281

Week 1,02 Nov 1999,0.16328,0.16339
Week 2,09 Nov 1999,0.16463,0.16473
Week 3,16 Nov 1999,0.16446,0.16457
Week 4,23 Nov 1999,0.16545,0.16556

Week 1,30 Nov 1999,0.16643,0.16654
Week 2,07 Dec 1999,0.16417,0.16426
Week 3,14 Dec 1999,0.16563,0.16572
Week 4,21 Dec 1999,0.16518,0.16527

Week 1,28 Dec 1999,0.16488,0.16500
Week 2,04 Jan 2000,0.16255,0.16265
Week 3,11 Jan 2000,0.16248,0.16258
Week 4,18 Jan 2000,0.16202,0.16212

Week 1,25 Jan 2000,0.16321,0.16331
Week 2,01 Feb 2000,0.16645,0.16655
Week 3,08 Feb 2000,0.16636,0.16645
Week 4,15 Feb 2000,0.16651,0.16661

Week 1,22 Feb 2000,0.16658,0.16668
Week 2,29 Feb 2000,0.16859,0.16868
Week 3,07 Mar 2000,0.16891,0.16901
Week 4,14 Mar 2000,0.16916,0.16926

Week 1,21 Mar 2000,0.16823,0.16833
Week 2,28 Mar 2000,0.16746,0.16753
Week 3,04 Apr 2000,0.16814,0.16824
Week 4,11 Apr 2000,0.16795,0.16805

Week 1,18 Apr 2000,0.16873,0.16882
Week 2,25 Apr 2000,0.17017,0.17028
Week 3,02 May 2000,0.17273,0.17283
Week 4,09 May 2000,0.17541,0.17552

Week 1,16 May 2000,0.17873,0.17885
Week 2,23 May 2000,0.17949,0.17961
Week 3,30 May 2000,0.17751,0.17761
Week 4,06 Jun 2000,0.17591,0.17603

Week 1,13 Jun 2000,0.17634,0.17646
Week 2,20 Jun 2000,0.17679,0.17690
Week 3,27 Jun 2000,0.17628,0.17640
Week 4,04 Jul 2000,0.17626,0.17637

Week 1,11 Jul 2000,0.17702,0.17713
Week 2,18 Jul 2000,0.17675,0.17686
Week 3,25 Jul 2000,0.17650,0.17661
Week 4,01 Aug 2000,0.17778,0.17789

Week 1,08 Aug 2000,0.17735,0.17745
Week 2,15 Aug 2000,0.17808,0.17821
Week 3,22 Aug 2000,0.18028,0.18042
Week 4,29 Aug 2000,0.18242,0.18253

Week 1,05 Sep 2000,0.18590,0.18602
Week 2,12 Sep 2000,0.19001,0.19013
Week 3,19 Sep 2000,0.18608,0.18621
Week 4,26 Sep 2000,0.18207,0.18224

Week 1,03 Oct 2000,0.18289,0.18332
Week 2,10 Oct 2000,0.18301,0.18314
Week 3,17 Oct 2000,0.18392,0.18404
Week 4,24 Oct 2000,0.18408,0.18421

Week 1,31 Oct 2000,0.18387,0.18397
Week 2,07 Nov 2000,0.18656,0.18668
Week 3,14 Nov 2000,0.18676,0.18687
Week 4,21 Nov 2000,0.18947,0.18958

Week 1,28 Nov 2000,0.18650,0.18659
Week 2,05 Dec 2000,0.18438,0.18451
Week 3,12 Dec 2000,0.18191,0.18202
Week 4,19 Dec 2000,0.18077,0.18089

Week 1,26 Dec 2000,0.17881,0.17896
Week 2,02 Jan 2001,0.17776,0.17789
Week 3,09 Jan 2001,0.17929,0.17940
Week 4,16 Jan 2001,0.18143,0.18152

Week 1,23 Jan 2001,0.18227,0.18237
Week 2,30 Jan 2001,0.18166,0.18179
Week 3,06 Feb 2001,0.18351,0.18363
Week 4,13 Feb 2001,0.18375,0.18389

Week 1,20 Feb 2001,0.18389,0.18401
Week 2,27 Feb 2001,0.18293,0.18304
Week 3,06 Mar 2001,0.18166,0.18178
Week 4,13 Mar 2001,0.18484,0.18495

Week 1,20 Mar 2001,0.18678,0.18692
Week 2,27 Mar 2001,0.18695,0.18706
Week 3,03 Apr 2001,0.18604,0.18616
Week 4,10 Apr 2001,0.18541,0.18550

Week 1,17 Apr 2001,0.18532,0.18544
Week 2,24 Apr 2001,0.18529,0.18541
Week 3,01 May 2001,0.18564,0.18578
Week 4,08 May 2001,0.18725,0.18738

Week 1,15 May 2001,0.18615,0.18627
Week 2,22 May 2001,0.18730,0.18743
Week 3,29 May 2001,0.18762,0.18773
Week 4,05 Jun 2001,0.19134,0.19148

Week 1,12 Jun 2001,0.19138,0.19151
Week 2,19 Jun 2001,0.18928,0.18938
Week 3,26 Jun 2001,0.18847,0.18857
Week 4,03 Jul 2001,0.18912,0.18923

Week 1,10 Jul 2001,0.18945,0.18956
Week 2,17 Jul 2001,0.18782,0.18793
Week 3,24 Jul 2001,0.18716,0.18726
Week 4,31 Jul 2001,0.18649,0.18658

Week 1,07 Aug 2001,0.18747,0.18758
Week 2,14 Aug 2001,0.18525,0.18534
Week 3,21 Aug 2001,0.18438,0.18447
Week 4,28 Aug 2001,0.18357,0.18367

Week 1,04 Sep 2001,0.18304,0.18314
Week 2,11 Sep 2001,0.18127,0.18146
Week 3,18 Sep 2001,0.18226,0.18235
Week 4,25 Sep 2001,0.18103,0.18118

Week 1,02 Oct 2001,0.18025,0.18038
Week 2,09 Oct 2001,0.18321,0.18336
Week 3,16 Oct 2001,0.18494,0.18509
Week 4,23 Oct 2001,0.18625,0.18639

Week 1,30 Oct 2001,0.18279,0.18291
Week 2,06 Nov 2001,0.18286,0.18298
Week 3,13 Nov 2001,0.18564,0.18575
Week 4,20 Nov 2001,0.18871,0.18882

Week 1,27 Nov 2001,0.18751,0.18762
Week 2,04 Dec 2001,0.18677,0.18685
Week 3,11 Dec 2001,0.18437,0.18445
Week 4,18 Dec 2001,0.18416,0.18425

Week 1,25 Dec 2001,0.18391,0.18402
Week 2,01 Jan 2002,0.18415,0.18426
Week 3,08 Jan 2002,0.18475,0.18481
Week 4,15 Jan 2002,0.18523,0.18532

Week 1,22 Jan 2002,0.18775,0.18782
Week 2,29 Jan 2002,0.18852,0.18861
Week 3,05 Feb 2002,0.18830,0.18840
Week 4,12 Feb 2002,0.18644,0.18652

Week 1,19 Feb 2002,0.18642,0.18650
Week 2,26 Feb 2002,0.18780,0.18791
Week 3,05 Mar 2002,0.18726,0.18738
Week 4,12 Mar 2002,0.18762,0.18773

Week 1,19 Mar 2002,0.18696,0.18706
Week 2,26 Mar 2002,0.18698,0.18708
Week 3,02 Apr 2002,0.18577,0.18588
Week 4,09 Apr 2002,0.18546,0.18553

Week 1,16 Apr 2002,0.18453,0.18461
Week 2,23 Apr 2002,0.18334,0.18343
Week 3,30 Apr 2002,0.18202,0.18209
Week 4,07 May 2002,0.18220,0.18226

Week 1,14 May 2002,0.18297,0.18306
Week 2,21 May 2002,0.18289,0.18296
Week 3,28 May 2002,0.18271,0.18283
Week 4,04 Jun 2002,0.18253,0.18265

Week 1,11 Jun 2002,0.18099,0.18112
Week 2,18 Jun 2002,0.17853,0.17863
Week 3,25 Jun 2002,0.17501,0.17509
Week 4,02 Jul 2002,0.17457,0.17467

Week 1,09 Jul 2002,0.17189,0.17197
Week 2,16 Jul 2002,0.16929,0.16936
Week 3,23 Jul 2002,0.16975,0.16982
Week 4,30 Jul 2002,0.17009,0.17015

Week 1,06 Aug 2002,0.17372,0.17379
Week 2,13 Aug 2002,0.17348,0.17355
Week 3,20 Aug 2002,0.17486,0.17496
Week 4,27 Aug 2002,0.17298,0.17306

Week 1,03 Sep 2002,0.17091,0.17098
Week 2,10 Sep 2002,0.17148,0.17156
Week 3,17 Sep 2002,0.17196,0.17206
Week 4,24 Sep 2002,0.17107,0.17116

Week 1,01 Oct 2002,0.17009,0.17019
Week 2,08 Oct 2002,0.17066,0.17076
Week 3,15 Oct 2002,0.17193,0.17204
Week 4,22 Oct 2002,0.17217,0.17225

Week 1,29 Oct 2002,0.17068,0.17077
Week 2,05 Nov 2002,0.16907,0.16914
Week 3,12 Nov 2002,0.16840,0.16849
Week 4,19 Nov 2002,0.16876,0.16887

Week 1,26 Nov 2002,0.17139,0.17150
Week 2,03 Dec 2002,0.16965,0.16978
Week 3,10 Dec 2002,0.16843,0.16855
Week 4,17 Dec 2002,0.16658,0.16668

Week 1,24 Dec 2002,0.16668,0.16678
Week 2,31 Dec 2002,0.16592,0.16600
Week 3,07 Jan 2003,0.16576,0.16588
Week 4,14 Jan 2003,0.16572,0.16582

Week 1,21 Jan 2003,0.16411,0.16420
Week 2,28 Jan 2003,0.16199,0.16208
Week 3,04 Feb 2003,0.16270,0.16282
Week 4,11 Feb 2003,0.16485,0.16494

Week 1,18 Feb 2003,0.16788,0.16799
Week 2,25 Feb 2003,0.16893,0.16902
Week 3,04 Mar 2003,0.16701,0.16712
Week 4,11 Mar 2003,0.16697,0.16708

Week 1,18 Mar 2003,0.17024,0.17034
Week 2,25 Mar 2003,0.16951,0.16962
Week 3,01 Apr 2003,0.16988,0.17000
Week 4,08 Apr 2003,0.17025,0.17038

Week 1,15 Apr 2003,0.16953,0.16964
Week 2,22 Apr 2003,0.16816,0.16825
Week 3,29 Apr 2003,0.16655,0.16664
Week 4,06 May 2003,0.16610,0.16617

Week 1,13 May 2003,0.16478,0.16488
Week 2,20 May 2003,0.16297,0.16305
Week 3,27 May 2003,0.16257,0.16266
Week 4,03 Jun 2003,0.16173,0.16183

Week 1,10 Jun 2003,0.16018,0.16027
Week 2,17 Jun 2003,0.15936,0.15945
Week 3,24 Jun 2003,0.16063,0.16076
Week 4,01 Jul 2003,0.16009,0.16020

Week 1,08 Jul 2003,0.16293,0.16304
Week 2,15 Jul 2003,0.16700,0.16712
Week 3,22 Jul 2003,0.16544,0.16554
Week 4,29 Jul 2003,0.16501,0.16509

Week 1,05 Aug 2003,0.16564,0.16573
Week 2,12 Aug 2003,0.16644,0.16653
Week 3,19 Aug 2003,0.16845,0.16858
Week 4,26 Aug 2003,0.16930,0.16942

Week 1,02 Sep 2003,0.16873,0.16884
Week 2,09 Sep 2003,0.16706,0.16717
Week 3,16 Sep 2003,0.16474,0.16485
Week 4,23 Sep 2003,0.16090,0.16099

Week 1,30 Sep 2003,0.15986,0.15995
Week 2,07 Oct 2003,0.16009,0.16018
Week 3,14 Oct 2003,0.15930,0.15940
Week 4,21 Oct 2003,0.15790,0.15799

Week 1,28 Oct 2003,0.15712,0.15723
Week 2,04 Nov 2003,0.15920,0.15931
Week 3,11 Nov 2003,0.15870,0.15880
Week 4,18 Nov 2003,0.15668,0.15678

Week 1,25 Nov 2003,0.15570,0.15580
Week 2,02 Dec 2003,0.15439,0.15448
Week 3,09 Dec 2003,0.15288,0.15298
Week 4,16 Dec 2003,0.15121,0.15132

Week 1,23 Dec 2003,0.15057,0.15067
Week 2,30 Dec 2003,0.14929,0.14935
Week 3,06 Jan 2004,0.14551,0.14556
Week 4,13 Jan 2004,0.14620,0.14626

Week 1,20 Jan 2004,0.14632,0.14638
Week 2,27 Jan 2004,0.14661,0.14665
Week 3,03 Feb 2004,0.14511,0.14516
Week 4,10 Feb 2004,0.14175,0.14181

Week 1,17 Feb 2004,0.14187,0.14194
Week 2,24 Feb 2004,0.14252,0.14260
Week 3,02 Mar 2004,0.14471,0.14478
Week 4,09 Mar 2004,0.14697,0.14701

Week 1,16 Mar 2004,0.14622,0.14627
Week 2,23 Mar 2004,0.14612,0.14617
Week 3,30 Mar 2004,0.14547,0.14554
Week 4,06 Apr 2004,0.14542,0.14550

Week 1,13 Apr 2004,0.14775,0.14782
Week 2,20 Apr 2004,0.14982,0.14989
Week 3,27 Apr 2004,0.14976,0.14985
Week 4,04 May 2004,0.14908,0.14919

Week 1,11 May 2004,0.15112,0.15120
Week 2,18 May 2004,0.14977,0.14987
Week 3,25 May 2004,0.14627,0.14636
Week 4,01 Jun 2004,0.14505,0.14514

Week 1,08 Jun 2004,0.14576,0.14586
Week 2,15 Jun 2004,0.14549,0.14560
Week 3,22 Jun 2004,0.14613,0.14623
Week 4,29 Jun 2004,0.14604,0.14614

Week 1,06 Jul 2004,0.14401,0.14411
Week 2,13 Jul 2004,0.14301,0.14312
Week 3,20 Jul 2004,0.14463,0.14473
Week 4,27 Jul 2004,0.14616,0.14626

Week 1,03 Aug 2004,0.14547,0.14558
Week 2,10 Aug 2004,0.14524,0.14535
Week 3,17 Aug 2004,0.14600,0.14611
Week 4,24 Aug 2004,0.14852,0.14862

Week 1,31 Aug 2004,0.14919,0.14929
Week 2,07 Sep 2004,0.14906,0.14917
Week 3,14 Sep 2004,0.14883,0.14895
Week 4,21 Sep 2004,0.14824,0.14834

Week 1,28 Sep 2004,0.14777,0.14788
Week 2,05 Oct 2004,0.14919,0.14930
Week 3,12 Oct 2004,0.14819,0.14830
Week 4,19 Oct 2004,0.14657,0.14664

Week 1,26 Oct 2004,0.14520,0.14525
Week 2,02 Nov 2004,0.14429,0.14435
Week 3,09 Nov 2004,0.14384,0.14390
Week 4,16 Nov 2004,0.14373,0.14380

Week 1,23 Nov 2004,0.14162,0.14168
Week 2,30 Nov 2004,0.13833,0.13837
Week 3,07 Dec 2004,0.13839,0.13844
Week 4,14 Dec 2004,0.13768,0.13773

Week 1,21 Dec 2004,0.13843,0.13849
Week 2,28 Dec 2004,0.13861,0.13867
Week 3,04 Jan 2005,0.14188,0.14193
Week 4,11 Jan 2005,0.14205,0.14210

Week 1,18 Jan 2005,0.14239,0.14244
Week 2,25 Jan 2005,0.14161,0.14166
Week 3,01 Feb 2005,0.14180,0.14185
Week 4,08 Feb 2005,0.14307,0.14311

Week 1,15 Feb 2005,0.14087,0.14091
Week 2,22 Feb 2005,0.13943,0.13949
Week 3,01 Mar 2005,0.13892,0.13897
Week 4,08 Mar 2005,0.13861,0.13868

Week 1,15 Mar 2005,0.13887,0.13893
Week 2,22 Mar 2005,0.14211,0.14217
Week 3,29 Mar 2005,0.14190,0.14196
Week 4,05 Apr 2005,0.14177,0.14182

Week 1,12 Apr 2005,0.14100,0.14105
Week 2,19 Apr 2005,0.13931,0.13935
Week 3,26 Apr 2005,0.13977,0.13982
Week 4,03 May 2005,0.14067,0.14072

Week 1,10 May 2005,0.14296,0.14301
Week 2,17 May 2005,0.14554,0.14558
Week 3,24 May 2005,0.14602,0.14608
Week 4,31 May 2005,0.14687,0.14693

Week 1,07 Jun 2005,0.14649,0.14654
Week 2,14 Jun 2005,0.14639,0.14644
Week 3,21 Jun 2005,0.14623,0.14629
Week 4,28 Jun 2005,0.14879,0.14885

Week 1,05 Jul 2005,0.15262,0.15268
Week 2,12 Jul 2005,0.15159,0.15164
Week 3,19 Jul 2005,0.15297,0.15304
Week 4,26 Jul 2005,0.15221,0.15227

Week 1,02 Aug 2005,0.15009,0.15015
Week 2,09 Aug 2005,0.14788,0.14793
Week 3,16 Aug 2005,0.14800,0.14804
Week 4,23 Aug 2005,0.14800,0.14805

Week 1,30 Aug 2005,0.14641,0.14646
Week 2,06 Sep 2005,0.14492,0.14498
Week 3,13 Sep 2005,0.14699,0.14705
Week 4,20 Sep 2005,0.14897,0.14902

Week 1,27 Sep 2005,0.15084,0.15088
Week 2,04 Oct 2005,0.15118,0.15125
Week 3,11 Oct 2005,0.15145,0.15151
Week 4,18 Oct 2005,0.15110,0.15116

Week 1,25 Oct 2005,0.15012,0.15019
Week 2,01 Nov 2005,0.15128,0.15134
Week 3,08 Nov 2005,0.15297,0.15303
Week 4,15 Nov 2005,0.15471,0.15477

Week 1,22 Nov 2005,0.15504,0.15511
Week 2,29 Nov 2005,0.15465,0.15472
Week 3,06 Dec 2005,0.15309,0.15316
Week 4,13 Dec 2005,0.15084,0.15091

Week 1,20 Dec 2005,0.15216,0.15222
Week 2,27 Dec 2005,0.15427,0.15435
Week 3,03 Jan 2006,0.15261,0.15269
Week 4,10 Jan 2006,0.15073,0.15079

Week 1,17 Jan 2006,0.15099,0.15105
Week 2,24 Jan 2006,0.14990,0.14994
Week 3,31 Jan 2006,0.15061,0.15066
Week 4,07 Feb 2006,0.15267,0.15273

Week 1,14 Feb 2006,0.15329,0.15336
Week 2,21 Feb 2006,0.15272,0.15279
Week 3,28 Feb 2006,0.15234,0.15238
Week 4,07 Mar 2006,0.15351,0.15357

Week 1,14 Mar 2006,0.15265,0.15271
Week 2,21 Mar 2006,0.15276,0.15283
Week 3,28 Mar 2006,0.15311,0.15317
Week 4,04 Apr 2006,0.15274,0.15280

Week 1,11 Apr 2006,0.15240,0.15247
Week 2,18 Apr 2006,0.14989,0.14996
Week 3,25 Apr 2006,0.14802,0.14808
Week 4,02 May 2006,0.14454,0.14460

Week 1,09 May 2006,0.14221,0.14227
Week 2,16 May 2006,0.14156,0.14162
Week 3,23 May 2006,0.14254,0.14260
Week 4,30 May 2006,0.14235,0.14241

Week 1,06 Jun 2006,0.14376,0.14380
Week 2,13 Jun 2006,0.14444,0.14450
Week 3,20 Jun 2006,0.14549,0.14555
Week 4,27 Jun 2006,0.14565,0.14571

Week 1,04 Jul 2006,0.14454,0.14460
Week 2,11 Jul 2006,0.14484,0.14489
Week 3,18 Jul 2006,0.14471,0.14475
Week 4,25 Jul 2006,0.14369,0.14372

Week 1,01 Aug 2006,0.14139,0.14144
Week 2,08 Aug 2006,0.14038,0.14045
Week 3,15 Aug 2006,0.14118,0.14126
Week 4,22 Aug 2006,0.14110,0.14118

Week 1,29 Aug 2006,0.14020,0.14028
Week 2,05 Sep 2006,0.14161,0.14169
Week 3,12 Sep 2006,0.14205,0.14212
Week 4,19 Sep 2006,0.14091,0.14099

Week 1,26 Sep 2006,0.14145,0.14152
Week 2,03 Oct 2006,0.14192,0.14198
Week 3,10 Oct 2006,0.14339,0.14347
Week 4,17 Oct 2006,0.14239,0.14247

Week 1,24 Oct 2006,0.14152,0.14159
Week 2,31 Oct 2006,0.14005,0.14013
Week 3,07 Nov 2006,0.13982,0.13989
Week 4,14 Nov 2006,0.14063,0.14071

Week 1,21 Nov 2006,0.13923,0.13930
Week 2,28 Nov 2006,0.13604,0.13611
Week 3,05 Dec 2006,0.13558,0.13565
Week 4,12 Dec 2006,0.13609,0.13616

Week 1,19 Dec 2006,0.13599,0.13607
Week 2,26 Dec 2006,0.13606,0.13614
Week 3,02 Jan 2007,0.13683,0.13692
Week 4,09 Jan 2007,0.13704,0.13712

Week 1,16 Jan 2007,0.13535,0.13542
Week 2,23 Jan 2007,0.13537,0.13544
Week 3,30 Jan 2007,0.13573,0.13579
Week 4,06 Feb 2007,0.13605,0.13612

Week 1,13 Feb 2007,0.13662,0.13669
Week 2,20 Feb 2007,0.13625,0.13632
Week 3,27 Feb 2007,0.13632,0.13637
Week 4,06 Mar 2007,0.13815,0.13822

Week 1,13 Mar 2007,0.13770,0.13777
Week 2,20 Mar 2007,0.13614,0.13621
Week 3,27 Mar 2007,0.13567,0.13574
Week 4,03 Apr 2007,0.13523,0.13531

Week 1,10 Apr 2007,0.13481,0.13488
Week 2,17 Apr 2007,0.13324,0.13330
Week 3,24 Apr 2007,0.13335,0.13342
Week 4,01 May 2007,0.13373,0.13380

Week 1,08 May 2007,0.13413,0.13420
Week 2,15 May 2007,0.13477,0.13484
Week 3,22 May 2007,0.13461,0.13468
Week 4,29 May 2007,0.13456,0.13463

Week 1,05 Jun 2007,0.13451,0.13458
Week 2,12 Jun 2007,0.13514,0.13521
Week 3,19 Jun 2007,0.13383,0.13390
Week 4,26 Jun 2007,0.13312,0.13319

Week 1,03 Jul 2007,0.13240,0.13247
Week 2,10 Jul 2007,0.13147,0.13154
Week 3,17 Jul 2007,0.13010,0.13017
Week 4,24 Jul 2007,0.13038,0.13045

Week 1,31 Jul 2007,0.13110,0.13116
Week 2,07 Aug 2007,0.13148,0.13155
Week 3,14 Aug 2007,0.13382,0.13389
Week 4,21 Aug 2007,0.13340,0.13347

Week 1,28 Aug 2007,0.13238,0.13245
Week 2,04 Sep 2007,0.13187,0.13194
Week 3,11 Sep 2007,0.13189,0.13196
Week 4,18 Sep 2007,0.13278,0.13304

Week 1,25 Sep 2007,0.13167,0.13208
Week 2,02 Oct 2007,0.13086,0.13133
Week 3,09 Oct 2007,0.13122,0.13167
Week 4,16 Oct 2007,0.13077,0.13123

Week 1,23 Oct 2007,0.13036,0.13079
Week 2,30 Oct 2007,0.12864,0.12894
Week 3,06 Nov 2007,0.12752,0.12793
Week 4,13 Nov 2007,0.12975,0.13017

Week 1,20 Nov 2007,0.13025,0.13077
Week 2,27 Nov 2007,0.13023,0.13072
Week 3,04 Dec 2007,0.13086,0.13137
Week 4,11 Dec 2007,0.13118,0.13167

Week 1,18 Dec 2007,0.13306,0.13356
Week 2,25 Dec 2007,0.13369,0.13430
Week 3,01 Jan 2008,0.13427,0.13485
Week 4,08 Jan 2008,0.13557,0.13602

Week 1,15 Jan 2008,0.13577,0.13621
Week 2,22 Jan 2008,0.13544,0.13588
Week 3,29 Jan 2008,0.13449,0.13491
Week 4,05 Feb 2008,0.13611,0.13655

Week 1,12 Feb 2008,0.13587,0.13628
Week 2,19 Feb 2008,0.13602,0.13644
Week 3,26 Feb 2008,0.13443,0.13486
Week 4,04 Mar 2008,0.13324,0.13367

Week 1,11 Mar 2008,0.13187,0.13230
Week 2,18 Mar 2008,0.13366,0.13407
Week 3,25 Mar 2008,0.13333,0.13378
Week 4,01 Apr 2008,0.13389,0.13433

Week 1,08 Apr 2008,0.13478,0.13523
Week 2,15 Apr 2008,0.13422,0.13465
Week 3,22 Apr 2008,0.13409,0.13452
Week 4,29 Apr 2008,0.13455,0.13499

Week 1,06 May 2008,0.13576,0.13620
Week 2,13 May 2008,0.13640,0.13684
Week 3,20 May 2008,0.13507,0.13553
Week 4,27 May 2008,0.13451,0.13497

Week 1,03 Jun 2008,0.13561,0.13596
Week 2,10 Jun 2008,0.13615,0.13661
Week 3,17 Jun 2008,0.13543,0.13588
Week 4,24 Jun 2008,0.13444,0.13487

Week 1,01 Jul 2008,0.13392,0.13435
Week 2,08 Jul 2008,0.13444,0.13488
Week 3,15 Jul 2008,0.13325,0.13368
Week 4,22 Jul 2008,0.13354,0.13397

Week 1,29 Jul 2008,0.13441,0.13486
Week 2,05 Aug 2008,0.13703,0.13743
Week 3,12 Aug 2008,0.14149,0.14191
Week 4,19 Aug 2008,0.14305,0.14335

Week 1,26 Aug 2008,0.14517,0.14560
Week 2,02 Sep 2008,0.14979,0.15027
Week 3,09 Sep 2008,0.15026,0.15075
Week 4,16 Sep 2008,0.14696,0.14747

Week 1,23 Sep 2008,0.14395,0.14441
Week 2,30 Sep 2008,0.14900,0.14946
Week 3,07 Oct 2008,0.15377,0.15419
Week 4,14 Oct 2008,0.15337,0.15394

Week 1,21 Oct 2008,0.16280,0.16322
Week 2,28 Oct 2008,0.16626,0.16671
Week 3,04 Nov 2008,0.16815,0.16858
Week 4,11 Nov 2008,0.17626,0.17677

Week 1,18 Nov 2008,0.17844,0.17892
Week 2,25 Nov 2008,0.17413,0.17456
Week 3,02 Dec 2008,0.17965,0.18031
Week 4,09 Dec 2008,0.17908,0.17943

Week 1,16 Dec 2008,0.17560,0.17593
Week 2,23 Dec 2008,0.18085,0.18138
Week 3,30 Dec 2008,0.18272,0.18330
Week 4,06 Jan 2009,0.17773,0.17807

Week 1,13 Jan 2009,0.18074,0.18127
Week 2,20 Jan 2009,0.19061,0.19101
Week 3,27 Jan 2009,0.18704,0.18738
Week 4,03 Feb 2009,0.18322,0.18361

Week 1,10 Feb 2009,0.18385,0.18419
Week 2,17 Feb 2009,0.18608,0.18659
Week 3,24 Feb 2009,0.18528,0.18580
Week 4,03 Mar 2009,0.18865,0.18924

Week 1,10 Mar 2009,0.19144,0.19205
Week 2,17 Mar 2009,0.18661,0.18714
Week 3,24 Mar 2009,0.18379,0.18435
Week 4,31 Mar 2009,0.18298,0.18352

Week 1,07 Apr 2009,0.18107,0.18157
Week 2,14 Apr 2009,0.17937,0.17990
Week 3,21 Apr 2009,0.18206,0.18242
Week 4,28 Apr 2009,0.18026,0.18071

Week 1,05 May 2009,0.17644,0.17700
Week 2,12 May 2009,0.17533,0.17582
Week 3,19 May 2009,0.17003,0.17047
Week 4,26 May 2009,0.16616,0.16661

Week 1,02 Jun 2009,0.16411,0.16459
Week 2,09 Jun 2009,0.16313,0.16358
Week 3,16 Jun 2009,0.16235,0.16276
Week 4,23 Jun 2009,0.16194,0.16231

Week 1,30 Jun 2009,0.16215,0.16251
Week 2,07 Jul 2009,0.16444,0.16480
Week 3,14 Jul 2009,0.16310,0.16353
Week 4,21 Jul 2009,0.16189,0.16225

Week 1,28 Jul 2009,0.16098,0.16139
Week 2,04 Aug 2009,0.15832,0.15870
Week 3,11 Aug 2009,0.16103,0.16141
Week 4,18 Aug 2009,0.16162,0.16200

Week 1,25 Aug 2009,0.16324,0.16365
Week 2,01 Sep 2009,0.16334,0.16375
Week 3,08 Sep 2009,0.16080,0.16117
Week 4,15 Sep 2009,0.16211,0.16248

Week 1,22 Sep 2009,0.16497,0.16537
Week 2,29 Sep 2009,0.16709,0.16747
Week 3,06 Oct 2009,0.16721,0.16763
Week 4,13 Oct 2009,0.16535,0.16574

Week 1,20 Oct 2009,0.16232,0.16253
Week 2,27 Oct 2009,0.16232,0.16259
Week 3,03 Nov 2009,0.16130,0.16155
Week 4,10 Nov 2009,0.15986,0.16008

Week 1,17 Nov 2009,0.15996,0.16018
Week 2,24 Nov 2009,0.16096,0.16131
Week 3,01 Dec 2009,0.16103,0.16137
Week 4,08 Dec 2009,0.16341,0.16364

Week 1,15 Dec 2009,0.16421,0.16460
Week 2,22 Dec 2009,0.16645,0.16679
Week 3,29 Dec 2009,0.16577,0.16615
Week 4,05 Jan 2010,0.16623,0.16658

Week 1,12 Jan 2010,0.16391,0.16478
Week 2,19 Jan 2010,0.16420,0.16445
Week 3,26 Jan 2010,0.16536,0.16569
Week 4,02 Feb 2010,0.16838,0.16873

Week 1,09 Feb 2010,0.17015,0.17050
Week 2,16 Feb 2010,0.17074,0.17145
Week 3,23 Feb 2010,0.17350,0.17425
Week 4,02 Mar 2010,0.17672,0.17739

Week 1,09 Mar 2010,0.17648,0.17699
Week 2,16 Mar 2010,0.17587,0.17655
Week 3,23 Mar 2010,0.17815,0.17887
Week 4,30 Mar 2010,0.17554,0.17602

Week 1,06 Apr 2010,0.17409,0.17453
Week 2,13 Apr 2010,0.17273,0.17343
Week 3,20 Apr 2010,0.17333,0.17381
Week 4,27 Apr 2010,0.17388,0.17459

Week 1,04 May 2010,0.17766,0.17841
Week 2,11 May 2010,0.18069,0.18162
Week 3,18 May 2010,0.18455,0.18537
Week 4,25 May 2010,0.18405,0.18515

Week 1,01 Jun 2010,0.18280,0.18361
Week 2,08 Jun 2010,0.18302,0.18383
Week 3,15 Jun 2010,0.17997,0.18065
Week 4,22 Jun 2010,0.17819,0.17896

Week 1,29 Jun 2010,0.17618,0.17690
Week 2,06 Jul 2010,0.17591,0.17667
Week 3,13 Jul 2010,0.17462,0.17536
Week 4,20 Jul 2010,0.17373,0.17445

Week 1,27 Jul 2010,0.17052,0.17118
Week 2,03 Aug 2010,0.16729,0.16797
Week 3,10 Aug 2010,0.16961,0.17022
Week 4,17 Aug 2010,0.17082,0.17152

Week 1,24 Aug 2010,0.17162,0.17241
Week 2,31 Aug 2010,0.17237,0.17312
Week 3,07 Sep 2010,0.17280,0.17359
Week 4,14 Sep 2010,0.17102,0.17161

Week 1,21 Sep 2010,0.16950,0.17020
Week 2,28 Sep 2010,0.16826,0.16898
Week 3,05 Oct 2010,0.16736,0.16801
Week 4,12 Oct 2010,0.16692,0.16754

Week 1,19 Oct 2010,0.16897,0.16961
Week 2,26 Oct 2010,0.16757,0.16792
Week 3,02 Nov 2010,0.16513,0.16547
Week 4,09 Nov 2010,0.16539,0.16573

Week 1,16 Nov 2010,0.16660,0.16694
Week 2,23 Nov 2010,0.16902,0.16937
Week 3,30 Nov 2010,0.17025,0.17060
Week 4,07 Dec 2010,0.16885,0.16920

Week 1,14 Dec 2010,0.17019,0.17055
Week 2,21 Dec 2010,0.17233,0.17269
Week 3,28 Dec 2010,0.17192,0.17230
Week 4,04 Jan 2011,0.17157,0.17193

Week 1,11 Jan 2011,0.16932,0.16967
Week 2,18 Jan 2011,0.16693,0.16727
Week 3,25 Jan 2011,0.16764,0.16799
Week 4,01 Feb 2011,0.16547,0.16581

Week 1,08 Feb 2011,0.16582,0.16616
Week 2,15 Feb 2011,0.16492,0.16527
Week 3,22 Feb 2011,0.16478,0.16513
Week 4,01 Mar 2011,0.16376,0.16413

Week 1,08 Mar 2011,0.16504,0.16538
Week 2,15 Mar 2011,0.16504,0.16539
Week 3,22 Mar 2011,0.16460,0.16495
Week 4,29 Mar 2011,0.16590,0.16624

Week 1,05 Apr 2011,0.16353,0.16367
Week 2,12 Apr 2011,0.16334,0.16345
Week 3,19 Apr 2011,0.16232,0.16243
Week 4,26 Apr 2011,0.16048,0.16060

Week 1,03 May 2011,0.16176,0.16187
Week 2,10 May 2011,0.16356,0.16367
Week 3,17 May 2011,0.16441,0.16452
Week 4,24 May 2011,0.16328,0.16339

Week 1,31 May 2011,0.16233,0.16244
Week 2,07 Jun 2011,0.16317,0.16328
Week 3,14 Jun 2011,0.16418,0.16429
Week 4,21 Jun 2011,0.16589,0.16601

Week 1,28 Jun 2011,0.16630,0.16641
Week 2,05 Jul 2011,0.16620,0.16633
Week 3,12 Jul 2011,0.16604,0.16616
Week 4,19 Jul 2011,0.16451,0.16462

Week 1,26 Jul 2011,0.16284,0.16295
Week 2,02 Aug 2011,0.16301,0.16316
Week 3,09 Aug 2011,0.16381,0.16394
Week 4,16 Aug 2011,0.16208,0.16219

Week 1,23 Aug 2011,0.16250,0.16262
Week 2,30 Aug 2011,0.16386,0.16397
Week 3,06 Sep 2011,0.16682,0.16694
Week 4,13 Sep 2011,0.16871,0.16883

Week 1,20 Sep 2011,0.17145,0.17157
Week 2,27 Sep 2011,0.17100,0.17112
Week 3,04 Oct 2011,0.17208,0.17220
Week 4,11 Oct 2011,0.16952,0.16964

Week 1,18 Oct 2011,0.16842,0.16853
Week 2,25 Oct 2011,0.16613,0.16624
Week 3,01 Nov 2011,0.16648,0.16660
Week 4,08 Nov 2011,0.16638,0.16650

Week 1,15 Nov 2011,0.16842,0.16853
Week 2,22 Nov 2011,0.17148,0.17160
Week 3,29 Nov 2011,0.17076,0.17088
Week 4,06 Dec 2011,0.17031,0.17042

Week 1,13 Dec 2011,0.17155,0.17167
Week 2,20 Dec 2011,0.17072,0.17084
Week 3,27 Dec 2011,0.17143,0.17158
Week 4,03 Jan 2012,0.17182,0.17195

Week 1,10 Jan 2012,0.17339,0.17351
Week 2,17 Jan 2012,0.17258,0.17270
Week 3,24 Jan 2012,0.17031,0.17043
Week 4,31 Jan 2012,0.16887,0.16899

Week 1,07 Feb 2012,0.16867,0.16879
Week 2,14 Feb 2012,0.16905,0.16916
Week 3,21 Feb 2012,0.16864,0.16875
Week 4,28 Feb 2012,0.16787,0.16798

Week 1,06 Mar 2012,0.16922,0.16933
Week 2,13 Mar 2012,0.16943,0.16955
Week 3,20 Mar 2012,0.16807,0.16818
Week 4,27 Mar 2012,0.16705,0.16716

Week 1,03 Apr 2012,0.16755,0.16766
Week 2,10 Apr 2012,0.16780,0.16792
Week 3,17 Apr 2012,0.16644,0.16656
Week 4,24 Apr 2012,0.16469,0.16480

Week 1,01 May 2012,0.16462,0.16473
Week 2,08 May 2012,0.16537,0.16548
Week 3,15 May 2012,0.16751,0.16762
Week 4,22 May 2012,0.16960,0.16972

Week 1,29 May 2012,0.17200,0.17212
Week 2,05 Jun 2012,0.17258,0.17271
Week 3,12 Jun 2012,0.17096,0.17108
Week 4,19 Jun 2012,0.17033,0.17045

Week 1,26 Jun 2012,0.17063,0.17075
Week 2,03 Jul 2012,0.17103,0.17123
Week 3,10 Jul 2012,0.17171,0.17191
Week 4,17 Jul 2012,0.17042,0.17062

Week 1,24 Jul 2012,0.17061,0.17085
Week 2,31 Jul 2012,0.17049,0.17069
Week 3,07 Aug 2012,0.17034,0.17054
Week 4,14 Aug 2012,0.16981,0.17001

Week 1,21 Aug 2012,0.16868,0.16888
Week 2,28 Aug 2012,0.16836,0.16856
Week 3,04 Sep 2012,0.16724,0.16744
Week 4,11 Sep 2012,0.16529,0.16548

Week 1,18 Sep 2012,0.16418,0.16438
Week 2,25 Sep 2012,0.16457,0.16477
Week 3,02 Oct 2012,0.16514,0.16533
Week 4,09 Oct 2012,0.16608,0.16628

Week 1,16 Oct 2012,0.16587,0.16606
Week 2,23 Oct 2012,0.16597,0.16616
Week 3,30 Oct 2012,0.16585,0.16604
Week 4,06 Nov 2012,0.16700,0.16720

Week 1,13 Nov 2012,0.16789,0.16808
Week 2,20 Nov 2012,0.16698,0.16717
Week 3,27 Nov 2012,0.16634,0.16657
Week 4,04 Dec 2012,0.16586,0.16605

Week 1,11 Dec 2012,0.16528,0.16547
Week 2,18 Dec 2012,0.16434,0.16454
Week 3,25 Dec 2012,0.16506,0.16527
Week 4,01 Jan 2013,0.16493,0.16511

Week 1,08 Jan 2013,0.16560,0.16580
Week 2,15 Jan 2013,0.16672,0.16692
Week 3,22 Jan 2013,0.16842,0.16863
Week 4,29 Jan 2013,0.16920,0.16940

Week 1,05 Feb 2013,0.16936,0.16958
Week 2,12 Feb 2013,0.17106,0.17126
Week 3,19 Feb 2013,0.17414,0.17434
Week 4,26 Feb 2013,0.17636,0.17656

Week 1,05 Mar 2013,0.17744,0.17765
Week 2,12 Mar 2013,0.17758,0.17779
Week 3,19 Mar 2013,0.17579,0.17599
Week 4,26 Mar 2013,0.17551,0.17576

Week 1,02 Apr 2013,0.17502,0.17527
Week 2,09 Apr 2013,0.17378,0.17400
Week 3,16 Apr 2013,0.17442,0.17463
Week 4,23 Apr 2013,0.17346,0.17369

Week 1,30 Apr 2013,0.17144,0.17165
Week 2,07 May 2013,0.17232,0.17257
Week 3,14 May 2013,0.17490,0.17511
Week 4,21 May 2013,0.17607,0.17632

Week 1,28 May 2013,0.17595,0.17606
Week 2,04 Jun 2013,0.17268,0.17277
Week 3,11 Jun 2013,0.17030,0.17043
Week 4,18 Jun 2013,0.17155,0.17166

Week 1,25 Jun 2013,0.17413,0.17422
Week 2,02 Jul 2013,0.17676,0.17690
Week 3,09 Jul 2013,0.17740,0.17753
Week 4,16 Jul 2013,0.17543,0.17558

Week 1,23 Jul 2013,0.17353,0.17367
Week 2,30 Jul 2013,0.17467,0.17481
Week 3,06 Aug 2013,0.17259,0.17270
Week 4,13 Aug 2013,0.17140,0.17153

Week 1,20 Aug 2013,0.17074,0.17083
Week 2,27 Aug 2013,0.17170,0.17183
Week 3,03 Sep 2013,0.17087,0.17101
Week 4,10 Sep 2013,0.16880,0.16892

Week 1,17 Sep 2013,0.16672,0.16680
Week 2,24 Sep 2013,0.16589,0.16598
Week 3,01 Oct 2013,0.16528,0.16537
Week 4,08 Oct 2013,0.16662,0.16674

Week 1,15 Oct 2013,0.16587,0.16598
Week 2,22 Oct 2013,0.16481,0.16490
Week 3,29 Oct 2013,0.16634,0.16643
Week 4,05 Nov 2013,0.16631,0.16643

Week 1,12 Nov 2013,0.16626,0.16634
Week 2,19 Nov 2013,0.16497,0.16505
Week 3,26 Nov 2013,0.16364,0.16375
Week 4,03 Dec 2013,0.16288,0.16298

Week 1,10 Dec 2013,0.16294,0.16305
Week 2,17 Dec 2013,0.16320,0.16332
Week 3,24 Dec 2013,0.16238,0.16250
Week 4,31 Dec 2013,0.16172,0.16180

Week 1,07 Jan 2014,0.16212,0.16220
Week 2,14 Jan 2014,0.16248,0.16257
Week 3,21 Jan 2014,0.16151,0.16162
Week 4,28 Jan 2014,0.16146,0.16157

Week 1,04 Feb 2014,0.16298,0.16309
Week 2,11 Feb 2014,0.16067,0.16074
Week 3,18 Feb 2014,0.15990,0.15997
Week 4,25 Feb 2014,0.15968,0.15979

Week 1,04 Mar 2014,0.15951,0.15960
Week 2,11 Mar 2014,0.16017,0.16026
Week 3,18 Mar 2014,0.16107,0.16115
Week 4,25 Mar 2014,0.16082,0.16088

Week 1,01 Apr 2014,0.16045,0.16056
Week 2,08 Apr 2014,0.15946,0.15955
Week 3,15 Apr 2014,0.15894,0.15905
Week 4,22 Apr 2014,0.15863,0.15874

Week 1,29 Apr 2014,0.15813,0.15826
Week 2,06 May 2014,0.15767,0.15781
Week 3,13 May 2014,0.15848,0.15855
Week 4,20 May 2014,0.15823,0.15835

Week 1,27 May 2014,0.15892,0.15901
Week 2,03 Jun 2014,0.15890,0.15901
Week 3,10 Jun 2014,0.15802,0.15812
Week 4,17 Jun 2014,0.15681,0.15690

Week 1,24 Jun 2014,0.15662,0.15676
Week 2,01 Jul 2014,0.15555,0.15562
Week 3,08 Jul 2014,0.15564,0.15574
Week 4,15 Jul 2014,0.15584,0.15591

Week 1,22 Jul 2014,0.15661,0.15668
Week 2,29 Jul 2014,0.15777,0.15784
Week 3,05 Aug 2014,0.15847,0.15854
Week 4,12 Aug 2014,0.15936,0.15945

Week 1,19 Aug 2014,0.16039,0.16050
Week 2,26 Aug 2014,0.16073,0.16084
Week 3,02 Sep 2014,0.16224,0.16232
Week 4,09 Sep 2014,0.16454,0.16463

Week 1,16 Sep 2014,0.16359,0.16369
Week 2,23 Sep 2014,0.16338,0.16346
Week 3,30 Sep 2014,0.16531,0.16543
Week 4,07 Oct 2014,0.16575,0.16583

Week 1,14 Oct 2014,0.16612,0.16625
Week 2,21 Oct 2014,0.16559,0.16572
Week 3,28 Oct 2014,0.16604,0.16614
Week 4,04 Nov 2014,0.16732,0.16747

Week 1,11 Nov 2014,0.16892,0.16911
Week 2,18 Nov 2014,0.17011,0.17026
Week 3,25 Nov 2014,0.16973,0.16989
Week 4,02 Dec 2014,0.17020,0.17039

Week 1,09 Dec 2014,0.16981,0.16997
Week 2,16 Dec 2014,0.17006,0.17022
Week 3,23 Dec 2014,0.17106,0.17127
Week 4,30 Dec 2014,0.17193,0.17221

Week 1,06 Jan 2015,0.17559,0.17577
Week 2,13 Jan 2015,0.17547,0.17577
Week 3,20 Jan 2015,0.17641,0.17672
Week 4,27 Jan 2015,0.17613,0.17642

Week 1,03 Feb 2015,0.17525,0.17552
Week 2,10 Feb 2015,0.17391,0.17417
Week 3,17 Feb 2015,0.17299,0.17323
Week 4,24 Feb 2015,0.17249,0.17272

Week 1,03 Mar 2015,0.17500,0.17522
Week 2,10 Mar 2015,0.17860,0.17881
Week 3,17 Mar 2015,0.17952,0.17975
Week 4,24 Mar 2015,0.17894,0.17917

Week 1,31 Mar 2015,0.17933,0.17958
Week 2,07 Apr 2015,0.18033,0.18054
Week 3,14 Apr 2015,0.17959,0.17980
Week 4,21 Apr 2015,0.17711,0.17732

Week 1,28 Apr 2015,0.17471,0.17491
Week 2,05 May 2015,0.17428,0.17449
Week 3,12 May 2015,0.16997,0.17011
Week 4,19 May 2015,0.17118,0.17136

Week 1,26 May 2015,0.17356,0.17376
Week 2,02 Jun 2015,0.17429,0.17449
Week 3,09 Jun 2015,0.17240,0.17261
Week 4,16 Jun 2015,0.16904,0.16925

Week 1,23 Jun 2015,0.16910,0.16930
Week 2,30 Jun 2015,0.17035,0.17067
Week 3,07 Jul 2015,0.17215,0.17236
Week 4,14 Jul 2015,0.17094,0.17113

Week 1,21 Jul 2015,0.17136,0.17158
Week 2,28 Jul 2015,0.17086,0.17103
Week 3,04 Aug 2015,0.17140,0.17158
Week 4,11 Aug 2015,0.17071,0.17107

Week 1,18 Aug 2015,0.16997,0.17033
Week 2,25 Aug 2015,0.17154,0.17179
Week 3,01 Sep 2015,0.17445,0.17474
Week 4,08 Sep 2015,0.17325,0.17358

Week 1,15 Sep 2015,0.17204,0.17231
Week 2,22 Sep 2015,0.17414,0.17442
Week 3,29 Sep 2015,0.17566,0.17592
Week 4,06 Oct 2015,0.17440,0.17468

Week 1,13 Oct 2015,0.17303,0.17337
Week 2,20 Oct 2015,0.17303,0.17326
Week 3,27 Oct 2015,0.17357,0.17380
Week 4,03 Nov 2015,0.17447,0.17467

Week 1,10 Nov 2015,0.17553,0.17575
Week 2,17 Nov 2015,0.17509,0.17530
Week 3,24 Nov 2015,0.17642,0.17674
Week 4,01 Dec 2015,0.17672,0.17704

Week 1,08 Dec 2015,0.17593,0.17621
Week 2,15 Dec 2015,0.17754,0.17789
Week 3,22 Dec 2015,0.17877,0.17899
Week 4,29 Dec 2015,0.17993,0.18012

Week 1,05 Jan 2016,0.18207,0.18237
Week 2,12 Jan 2016,0.18507,0.18536
Week 3,19 Jan 2016,0.18709,0.18738
Week 4,26 Jan 2016,0.18663,0.18692

Week 1,02 Feb 2016,0.18410,0.18440
Week 2,09 Feb 2016,0.18397,0.18426
Week 3,16 Feb 2016,0.18540,0.18562
Week 4,23 Feb 2016,0.19056,0.19077

Week 1,01 Mar 2016,0.18933,0.18955
Week 2,08 Mar 2016,0.18666,0.18688
Week 3,15 Mar 2016,0.18562,0.18595
Week 4,22 Mar 2016,0.18761,0.18796

Week 1,29 Mar 2016,0.18659,0.18681
Week 2,05 Apr 2016,0.18840,0.18864
Week 3,12 Apr 2016,0.18757,0.18795
Week 4,19 Apr 2016,0.18573,0.18595

Week 1,26 Apr 2016,0.18291,0.18313
Week 2,03 May 2016,0.18359,0.18382
Week 3,10 May 2016,0.18494,0.18516
Week 4,17 May 2016,0.18374,0.18396

Week 1,24 May 2016,0.18235,0.18257
Week 2,31 May 2016,0.18361,0.18382
Week 3,07 Jun 2016,0.18491,0.18512
Week 4,14 Jun 2016,0.18713,0.18737

Week 1,21 Jun 2016,0.18654,0.18698
Week 2,28 Jun 2016,0.19995,0.20035
Week 3,05 Jul 2016,0.20447,0.20484
Week 4,12 Jul 2016,0.20212,0.20243

Week 1,19 Jul 2016,0.20238,0.20268
Week 2,26 Jul 2016,0.20226,0.20257
Week 3,02 Aug 2016,0.20210,0.20241
Week 4,09 Aug 2016,0.20525,0.20555

Week 1,16 Aug 2016,0.20440,0.20471
Week 2,23 Aug 2016,0.20243,0.20271
Week 3,30 Aug 2016,0.20190,0.20217
Week 4,06 Sep 2016,0.20003,0.20038

Week 1,13 Sep 2016,0.20236,0.20265
Week 2,20 Sep 2016,0.20485,0.20514
Week 3,27 Sep 2016,0.20506,0.20547
Week 4,04 Oct 2016,0.21092,0.21134

Week 1,11 Oct 2016,0.21752,0.21799
Week 2,18 Oct 2016,0.21761,0.21804
Week 3,25 Oct 2016,0.21839,0.21882
Week 4,01 Nov 2016,0.21540,0.21568

Week 1,08 Nov 2016,0.21313,0.21354
Week 2,15 Nov 2016,0.21442,0.21486
Week 3,22 Nov 2016,0.21403,0.21444
Week 4,29 Nov 2016,0.21180,0.21221

Week 1,06 Dec 2016,0.21085,0.21123
Week 2,13 Dec 2016,0.21219,0.21256
Week 3,20 Dec 2016,0.21587,0.21625
Week 4,27 Dec 2016,0.21664,0.21709

Week 1,03 Jan 2017,0.21637,0.21679
Week 2,10 Jan 2017,0.21867,0.21905
Week 3,17 Jan 2017,0.21698,0.21735
Week 4,24 Jan 2017,0.21246,0.21283

Week 1,31 Jan 2017,0.21250,0.21287
Week 2,07 Feb 2017,0.21333,0.21367
Week 3,14 Feb 2017,0.21383,0.21416
Week 4,21 Feb 2017,0.21363,0.21402

Week 1,28 Feb 2017,0.21601,0.21638
Week 2,07 Mar 2017,0.21858,0.21893
Week 3,14 Mar 2017,0.21686,0.21709
Week 4,21 Mar 2017,0.21393,0.21414

Week 1,28 Mar 2017,0.21305,0.21329
Week 2,04 Apr 2017,0.21421,0.21445
Week 3,11 Apr 2017,0.21330,0.21365
Week 4,18 Apr 2017,0.20896,0.20934

Week 1,25 Apr 2017,0.20687,0.20724
Week 2,02 May 2017,0.20598,0.20634
Week 3,09 May 2017,0.20627,0.20663
Week 4,16 May 2017,0.20539,0.20577

Week 1,23 May 2017,0.20633,0.20671
Week 2,30 May 2017,0.20710,0.20748
Week 3,06 Jun 2017,0.20746,0.20783
Week 4,13 Jun 2017,0.20895,0.20934

Week 1,20 Jun 2017,0.20971,0.21011
Week 2,27 Jun 2017,0.20638,0.20672
Week 3,04 Jul 2017,0.20608,0.20651
Week 4,11 Jul 2017,0.20548,0.20580

Week 1,18 Jul 2017,0.20468,0.20499
Week 2,25 Jul 2017,0.20362,0.20395
Week 3,01 Aug 2017,0.20286,0.20316
Week 4,08 Aug 2017,0.20486,0.20517

Week 1,15 Aug 2017,0.20664,0.20693
Week 2,22 Aug 2017,0.20725,0.20764
Week 3,29 Aug 2017,0.20603,0.20633
Week 4,05 Sep 2017,0.20364,0.20396

Week 1,12 Sep 2017,0.19914,0.19944
Week 2,19 Sep 2017,0.19704,0.19734
Week 3,26 Sep 2017,0.19846,0.19879
Week 4,03 Oct 2017,0.20229,0.20261

Week 1,10 Oct 2017,0.20139,0.20171
Week 2,17 Oct 2017,0.20183,0.20216
Week 3,24 Oct 2017,0.20238,0.20273
Week 4,31 Oct 2017,0.20257,0.20289

Week 1,07 Nov 2017,0.20253,0.20289
Week 2,14 Nov 2017,0.20219,0.20259
Week 3,21 Nov 2017,0.20046,0.20082
Week 4,28 Nov 2017,0.19841,0.19887

Week 1,05 Dec 2017,0.19832,0.19860




