SAR->ZAR

Week 1,01 Dec 1998,1.54101,1.54511
Week 2,08 Dec 1998,1.59367,1.59970
Week 3,15 Dec 1998,1.58051,1.58556
Week 4,22 Dec 1998,1.57341,1.57761

Week 1,29 Dec 1998,1.56685,1.57041
Week 2,05 Jan 1999,1.54794,1.55204
Week 3,12 Jan 1999,1.61131,1.61651
Week 4,19 Jan 1999,1.60852,1.61547

Week 1,26 Jan 1999,1.60896,1.61400
Week 2,02 Feb 1999,1.59444,1.59918
Week 3,09 Feb 1999,1.62156,1.62637
Week 4,16 Feb 1999,1.65311,1.65706

Week 1,23 Feb 1999,1.64792,1.65231
Week 2,02 Mar 1999,1.65565,1.65990
Week 3,09 Mar 1999,1.64567,1.65011
Week 4,16 Mar 1999,1.65485,1.65853

Week 1,23 Mar 1999,1.65783,1.66216
Week 2,30 Mar 1999,1.64547,1.64932
Week 3,06 Apr 1999,1.64777,1.65208
Week 4,13 Apr 1999,1.62325,1.62710

Week 1,20 Apr 1999,1.62002,1.62400
Week 2,27 Apr 1999,1.61683,1.62063
Week 3,04 May 1999,1.62866,1.63283
Week 4,11 May 1999,1.65306,1.65663

Week 1,18 May 1999,1.65217,1.65600
Week 2,25 May 1999,1.66460,1.66739
Week 3,01 Jun 1999,1.64433,1.64810
Week 4,08 Jun 1999,1.62424,1.62819

Week 1,15 Jun 1999,1.60724,1.61043
Week 2,22 Jun 1999,1.60867,1.61206
Week 3,29 Jun 1999,1.60483,1.60847
Week 4,06 Jul 1999,1.61826,1.62195

Week 1,13 Jul 1999,1.63777,1.64092
Week 2,20 Jul 1999,1.62984,1.63337
Week 3,27 Jul 1999,1.64132,1.64464
Week 4,03 Aug 1999,1.64492,1.64773

Week 1,10 Aug 1999,1.63237,1.63533
Week 2,17 Aug 1999,1.62625,1.62885
Week 3,24 Aug 1999,1.62358,1.62616
Week 4,31 Aug 1999,1.60959,1.61227

Week 1,07 Sep 1999,1.61580,1.61806
Week 2,14 Sep 1999,1.62482,1.62734
Week 3,21 Sep 1999,1.61119,1.61391
Week 4,28 Sep 1999,1.59855,1.60129

Week 1,05 Oct 1999,1.60910,1.61188
Week 2,12 Oct 1999,1.62972,1.63221
Week 3,19 Oct 1999,1.63365,1.63645
Week 4,26 Oct 1999,1.63782,1.64048

Week 1,02 Nov 1999,1.63248,1.63500
Week 2,09 Nov 1999,1.63218,1.63472
Week 3,16 Nov 1999,1.63693,1.63921
Week 4,23 Nov 1999,1.63546,1.63804

Week 1,30 Nov 1999,1.64149,1.64435
Week 2,07 Dec 1999,1.63500,1.63721
Week 3,14 Dec 1999,1.63539,1.63771
Week 4,21 Dec 1999,1.63835,1.64086

Week 1,28 Dec 1999,1.63886,1.64156
Week 2,04 Jan 2000,1.61845,1.62048
Week 3,11 Jan 2000,1.61897,1.62058
Week 4,18 Jan 2000,1.62927,1.63112

Week 1,25 Jan 2000,1.66414,1.66646
Week 2,01 Feb 2000,1.67060,1.67251
Week 3,08 Feb 2000,1.68406,1.68687
Week 4,15 Feb 2000,1.68552,1.68728

Week 1,22 Feb 2000,1.67936,1.68175
Week 2,29 Feb 2000,1.70531,1.70730
Week 3,07 Mar 2000,1.71558,1.71742
Week 4,14 Mar 2000,1.71990,1.72174

Week 1,21 Mar 2000,1.72646,1.72813
Week 2,28 Mar 2000,1.73742,1.73949
Week 3,04 Apr 2000,1.75015,1.75183
Week 4,11 Apr 2000,1.75407,1.75623

Week 1,18 Apr 2000,1.78055,1.78388
Week 2,25 Apr 2000,1.80810,1.81052
Week 3,02 May 2000,1.83488,1.83730
Week 4,09 May 2000,1.86853,1.87134

Week 1,16 May 2000,1.89773,1.90088
Week 2,23 May 2000,1.89731,1.90005
Week 3,30 May 2000,1.85977,1.86252
Week 4,06 Jun 2000,1.86124,1.86515

Week 1,13 Jun 2000,1.84031,1.84311
Week 2,20 Jun 2000,1.83665,1.83947
Week 3,27 Jun 2000,1.81395,1.81658
Week 4,04 Jul 2000,1.81954,1.82236

Week 1,11 Jul 2000,1.82594,1.82875
Week 2,18 Jul 2000,1.84673,1.84952
Week 3,25 Jul 2000,1.85146,1.85430
Week 4,01 Aug 2000,1.85848,1.86129

Week 1,08 Aug 2000,1.84873,1.85142
Week 2,15 Aug 2000,1.84639,1.84912
Week 3,22 Aug 2000,1.85052,1.85343
Week 4,29 Aug 2000,1.85275,1.85558

Week 1,05 Sep 2000,1.88241,1.88527
Week 2,12 Sep 2000,1.90692,1.90973
Week 3,19 Sep 2000,1.93857,1.94138
Week 4,26 Sep 2000,1.93844,1.94111

Week 1,03 Oct 2000,1.93072,1.93354
Week 2,10 Oct 2000,1.98079,1.98363
Week 3,17 Oct 2000,2.02617,2.02908
Week 4,24 Oct 2000,2.03024,2.03319

Week 1,31 Oct 2000,2.00664,2.00955
Week 2,07 Nov 2000,2.03402,2.03698
Week 3,14 Nov 2000,2.04883,2.05161
Week 4,21 Nov 2000,2.07797,2.08079

Week 1,28 Nov 2000,2.05317,2.05596
Week 2,05 Dec 2000,2.03384,2.03669
Week 3,12 Dec 2000,2.05301,2.05577
Week 4,19 Dec 2000,2.03003,2.03291

Week 1,26 Dec 2000,2.01524,2.01841
Week 2,02 Jan 2001,2.01017,2.01280
Week 3,09 Jan 2001,2.07680,2.07956
Week 4,16 Jan 2001,2.09298,2.09587

Week 1,23 Jan 2001,2.09849,2.10128
Week 2,30 Jan 2001,2.07287,2.07529
Week 3,06 Feb 2001,2.09597,2.09887
Week 4,13 Feb 2001,2.09432,2.09735

Week 1,20 Feb 2001,2.07806,2.08084
Week 2,27 Feb 2001,2.05996,2.06276
Week 3,06 Mar 2001,2.07507,2.07799
Week 4,13 Mar 2001,2.09931,2.10213

Week 1,20 Mar 2001,2.12809,2.13108
Week 2,27 Mar 2001,2.13520,2.13814
Week 3,03 Apr 2001,2.15711,2.15979
Week 4,10 Apr 2001,2.14043,2.14314

Week 1,17 Apr 2001,2.16501,2.16781
Week 2,24 Apr 2001,2.14114,2.14403
Week 3,01 May 2001,2.14023,2.14309
Week 4,08 May 2001,2.12378,2.12701

Week 1,15 May 2001,2.11942,2.12230
Week 2,22 May 2001,2.10786,2.11071
Week 3,29 May 2001,2.12925,2.13215
Week 4,05 Jun 2001,2.14694,2.14945

Week 1,12 Jun 2001,2.14455,2.14717
Week 2,19 Jun 2001,2.14585,2.14853
Week 3,26 Jun 2001,2.14206,2.14470
Week 4,03 Jul 2001,2.16768,2.17014

Week 1,10 Jul 2001,2.20082,2.20359
Week 2,17 Jul 2001,2.19822,2.20079
Week 3,24 Jul 2001,2.18454,2.18692
Week 4,31 Jul 2001,2.19912,2.20147

Week 1,07 Aug 2001,2.20162,2.20399
Week 2,14 Aug 2001,2.20561,2.20800
Week 3,21 Aug 2001,2.22988,2.23230
Week 4,28 Aug 2001,2.23899,2.24165

Week 1,04 Sep 2001,2.25764,2.26044
Week 2,11 Sep 2001,2.28889,2.29039
Week 3,18 Sep 2001,2.32234,2.32378
Week 4,25 Sep 2001,2.37586,2.37829

Week 1,02 Oct 2001,2.45946,2.46192
Week 2,09 Oct 2001,2.44747,2.45016
Week 3,16 Oct 2001,2.45435,2.45693
Week 4,23 Oct 2001,2.50376,2.50687

Week 1,30 Oct 2001,2.52292,2.52605
Week 2,06 Nov 2001,2.54794,2.55148
Week 3,13 Nov 2001,2.56333,2.56652
Week 4,20 Nov 2001,2.63511,2.63788

Week 1,27 Nov 2001,2.69214,2.69828
Week 2,04 Dec 2001,2.87747,2.88731
Week 3,11 Dec 2001,3.11709,3.12686
Week 4,18 Dec 2001,3.30007,3.32248

Week 1,25 Dec 2001,3.17453,3.21480
Week 2,01 Jan 2002,3.23076,3.25502
Week 3,08 Jan 2002,3.05266,3.06749
Week 4,15 Jan 2002,3.06036,3.07987

Week 1,22 Jan 2002,3.03088,3.04956
Week 2,29 Jan 2002,3.06397,3.07985
Week 3,05 Feb 2002,3.04697,3.06429
Week 4,12 Feb 2002,3.05333,3.06698

Week 1,19 Feb 2002,3.04306,3.05436
Week 2,26 Feb 2002,3.03066,3.04099
Week 3,05 Mar 2002,3.02145,3.03753
Week 4,12 Mar 2002,3.11383,3.13543

Week 1,19 Mar 2002,3.08362,3.10319
Week 2,26 Mar 2002,3.03355,3.04469
Week 3,02 Apr 2002,2.97504,2.98766
Week 4,09 Apr 2002,2.97820,2.99271

Week 1,16 Apr 2002,2.96555,2.97777
Week 2,23 Apr 2002,2.87417,2.88857
Week 3,30 Apr 2002,2.80332,2.81463
Week 4,07 May 2002,2.72580,2.73917

Week 1,14 May 2002,2.68535,2.69486
Week 2,21 May 2002,2.67499,2.68297
Week 3,28 May 2002,2.61053,2.62276
Week 4,04 Jun 2002,2.61557,2.62389

Week 1,11 Jun 2002,2.73481,2.74595
Week 2,18 Jun 2002,2.74805,2.75964
Week 3,25 Jun 2002,2.75137,2.76309
Week 4,02 Jul 2002,2.68710,2.70050

Week 1,09 Jul 2002,2.66640,2.67675
Week 2,16 Jul 2002,2.66071,2.67052
Week 3,23 Jul 2002,2.71002,2.71985
Week 4,30 Jul 2002,2.71505,2.72618

Week 1,06 Aug 2002,2.79023,2.79959
Week 2,13 Aug 2002,2.81186,2.82056
Week 3,20 Aug 2002,2.88164,2.89025
Week 4,27 Aug 2002,2.82031,2.82993

Week 1,03 Sep 2002,2.81859,2.82884
Week 2,10 Sep 2002,2.80345,2.81633
Week 3,17 Sep 2002,2.82412,2.83312
Week 4,24 Sep 2002,2.82089,2.82932

Week 1,01 Oct 2002,2.77685,2.78678
Week 2,08 Oct 2002,2.79280,2.80686
Week 3,15 Oct 2002,2.76419,2.77528
Week 4,22 Oct 2002,2.70225,2.71192

Week 1,29 Oct 2002,2.66934,2.68217
Week 2,05 Nov 2002,2.61250,2.62491
Week 3,12 Nov 2002,2.58553,2.59751
Week 4,19 Nov 2002,2.54103,2.55511

Week 1,26 Nov 2002,2.46390,2.47731
Week 2,03 Dec 2002,2.44592,2.45753
Week 3,10 Dec 2002,2.35950,2.37132
Week 4,17 Dec 2002,2.37234,2.38016

Week 1,24 Dec 2002,2.34212,2.35271
Week 2,31 Dec 2002,2.26531,2.27624
Week 3,07 Jan 2003,2.27436,2.28373
Week 4,14 Jan 2003,2.33990,2.35026

Week 1,21 Jan 2003,2.34955,2.36350
Week 2,28 Jan 2003,2.28472,2.29247
Week 3,04 Feb 2003,2.23582,2.24632
Week 4,11 Feb 2003,2.22599,2.23891

Week 1,18 Feb 2003,2.17761,2.18890
Week 2,25 Feb 2003,2.15118,2.16357
Week 3,04 Mar 2003,2.11508,2.12498
Week 4,11 Mar 2003,2.15084,2.15969

Week 1,18 Mar 2003,2.17990,2.19027
Week 2,25 Mar 2003,2.12572,2.13962
Week 3,01 Apr 2003,2.10609,2.11356
Week 4,08 Apr 2003,2.09166,2.10098

Week 1,15 Apr 2003,2.03667,2.04462
Week 2,22 Apr 2003,1.95624,1.96395
Week 3,29 Apr 2003,1.94872,1.95914
Week 4,06 May 2003,1.92102,1.93103

Week 1,13 May 2003,2.03526,2.04465
Week 2,20 May 2003,2.08935,2.09828
Week 3,27 May 2003,2.13776,2.14663
Week 4,03 Jun 2003,2.13937,2.14672

Week 1,10 Jun 2003,2.09486,2.10525
Week 2,17 Jun 2003,2.09145,2.10379
Week 3,24 Jun 2003,2.03119,2.04088
Week 4,01 Jul 2003,1.99025,2.00411

Week 1,08 Jul 2003,2.02022,2.02989
Week 2,15 Jul 2003,2.04406,2.05176
Week 3,22 Jul 2003,1.99335,2.00485
Week 4,29 Jul 2003,1.96790,1.97671

Week 1,05 Aug 2003,1.95748,1.96967
Week 2,12 Aug 2003,1.95711,1.97073
Week 3,19 Aug 2003,1.97158,1.98196
Week 4,26 Aug 2003,1.95752,1.97072

Week 1,02 Sep 2003,1.95991,1.97033
Week 2,09 Sep 2003,1.97447,1.98415
Week 3,16 Sep 2003,1.96543,1.97484
Week 4,23 Sep 2003,1.90749,1.91426

Week 1,30 Sep 2003,1.84636,1.85387
Week 2,07 Oct 2003,1.84302,1.85355
Week 3,14 Oct 2003,1.88562,1.89270
Week 4,21 Oct 2003,1.86369,1.87181

Week 1,28 Oct 2003,1.83647,1.84290
Week 2,04 Nov 2003,1.85034,1.85854
Week 3,11 Nov 2003,1.80708,1.81457
Week 4,18 Nov 2003,1.74852,1.75746

Week 1,25 Nov 2003,1.71402,1.72379
Week 2,02 Dec 2003,1.67636,1.68614
Week 3,09 Dec 2003,1.70130,1.71276
Week 4,16 Dec 2003,1.77234,1.78358

Week 1,23 Dec 2003,1.80155,1.81415
Week 2,30 Dec 2003,1.75728,1.76962
Week 3,06 Jan 2004,1.74204,1.75238
Week 4,13 Jan 2004,1.90700,1.91711

Week 1,20 Jan 2004,1.89982,1.90903
Week 2,27 Jan 2004,1.86992,1.88319
Week 3,03 Feb 2004,1.84944,1.85961
Week 4,10 Feb 2004,1.78518,1.79299

Week 1,17 Feb 2004,1.76917,1.77870
Week 2,24 Feb 2004,1.76210,1.77187
Week 3,02 Mar 2004,1.78395,1.79541
Week 4,09 Mar 2004,1.77198,1.78100

Week 1,16 Mar 2004,1.77718,1.78649
Week 2,23 Mar 2004,1.74101,1.75216
Week 3,30 Mar 2004,1.69484,1.70352
Week 4,06 Apr 2004,1.68454,1.69221

Week 1,13 Apr 2004,1.71836,1.72731
Week 2,20 Apr 2004,1.77674,1.78836
Week 3,27 Apr 2004,1.83078,1.84202
Week 4,04 May 2004,1.85066,1.86302

Week 1,11 May 2004,1.82872,1.83942
Week 2,18 May 2004,1.79745,1.81000
Week 3,25 May 2004,1.74326,1.75736
Week 4,01 Jun 2004,1.72196,1.72992

Week 1,08 Jun 2004,1.73629,1.74682
Week 2,15 Jun 2004,1.72254,1.73484
Week 3,22 Jun 2004,1.67306,1.68410
Week 4,29 Jun 2004,1.63800,1.65010

Week 1,06 Jul 2004,1.62512,1.63640
Week 2,13 Jul 2004,1.60052,1.61080
Week 3,20 Jul 2004,1.61647,1.62670
Week 4,27 Jul 2004,1.66693,1.67658

Week 1,03 Aug 2004,1.64808,1.65845
Week 2,10 Aug 2004,1.68221,1.68998
Week 3,17 Aug 2004,1.74326,1.75399
Week 4,24 Aug 2004,1.78259,1.79052

Week 1,31 Aug 2004,1.76356,1.77556
Week 2,07 Sep 2004,1.75538,1.76716
Week 3,14 Sep 2004,1.74022,1.75271
Week 4,21 Sep 2004,1.71303,1.72194

Week 1,28 Sep 2004,1.71279,1.72404
Week 2,05 Oct 2004,1.73818,1.74550
Week 3,12 Oct 2004,1.73050,1.73742
Week 4,19 Oct 2004,1.65934,1.66646

Week 1,26 Oct 2004,1.63609,1.64393
Week 2,02 Nov 2004,1.62080,1.62814
Week 3,09 Nov 2004,1.63738,1.65024
Week 4,16 Nov 2004,1.59980,1.60706

Week 1,23 Nov 2004,1.56905,1.57913
Week 2,30 Nov 2004,1.53410,1.54507
Week 3,07 Dec 2004,1.54345,1.55264
Week 4,14 Dec 2004,1.53089,1.54223

Week 1,21 Dec 2004,1.50226,1.51055
Week 2,28 Dec 2004,1.49873,1.51099
Week 3,04 Jan 2005,1.59006,1.59786
Week 4,11 Jan 2005,1.59754,1.60858

Week 1,18 Jan 2005,1.60252,1.61119
Week 2,25 Jan 2005,1.58085,1.58949
Week 3,01 Feb 2005,1.61989,1.62962
Week 4,08 Feb 2005,1.63698,1.64799

Week 1,15 Feb 2005,1.58342,1.59253
Week 2,22 Feb 2005,1.54811,1.55722
Week 3,01 Mar 2005,1.56091,1.57167
Week 4,08 Mar 2005,1.54771,1.55916

Week 1,15 Mar 2005,1.60832,1.61935
Week 2,22 Mar 2005,1.64635,1.65937
Week 3,29 Mar 2005,1.66504,1.67732
Week 4,05 Apr 2005,1.63977,1.64791

Week 1,12 Apr 2005,1.65367,1.66135
Week 2,19 Apr 2005,1.62431,1.63293
Week 3,26 Apr 2005,1.61863,1.62863
Week 4,03 May 2005,1.60130,1.61485

Week 1,10 May 2005,1.65996,1.67181
Week 2,17 May 2005,1.71628,1.72891
Week 3,24 May 2005,1.74475,1.75406
Week 4,31 May 2005,1.81159,1.82416

Week 1,07 Jun 2005,1.78887,1.80041
Week 2,14 Jun 2005,1.78815,1.79950
Week 3,21 Jun 2005,1.78666,1.79207
Week 4,28 Jun 2005,1.79190,1.80024

Week 1,05 Jul 2005,1.82496,1.83376
Week 2,12 Jul 2005,1.76184,1.77136
Week 3,19 Jul 2005,1.75684,1.77273
Week 4,26 Jul 2005,1.75990,1.76836

Week 1,02 Aug 2005,1.72164,1.73142
Week 2,09 Aug 2005,1.69675,1.70666
Week 3,16 Aug 2005,1.72981,1.73871
Week 4,23 Aug 2005,1.72237,1.73204

Week 1,30 Aug 2005,1.68869,1.69751
Week 2,06 Sep 2005,1.67718,1.69023
Week 3,13 Sep 2005,1.69400,1.70704
Week 4,20 Sep 2005,1.69613,1.70491

Week 1,27 Sep 2005,1.69609,1.70464
Week 2,04 Oct 2005,1.73063,1.74084
Week 3,11 Oct 2005,1.74052,1.75216
Week 4,18 Oct 2005,1.75443,1.76292

Week 1,25 Oct 2005,1.77407,1.78953
Week 2,01 Nov 2005,1.77401,1.78701
Week 3,08 Nov 2005,1.79533,1.80574
Week 4,15 Nov 2005,1.78643,1.79472

Week 1,22 Nov 2005,1.74065,1.75203
Week 2,29 Nov 2005,1.71772,1.72889
Week 3,06 Dec 2005,1.68614,1.69731
Week 4,13 Dec 2005,1.69348,1.70474

Week 1,20 Dec 2005,1.69632,1.70746
Week 2,27 Dec 2005,1.68709,1.69989
Week 3,03 Jan 2006,1.64634,1.66242
Week 4,10 Jan 2006,1.61029,1.62136

Week 1,17 Jan 2006,1.59831,1.60856
Week 2,24 Jan 2006,1.61562,1.62142
Week 3,31 Jan 2006,1.62291,1.63139
Week 4,07 Feb 2006,1.63170,1.64238

Week 1,14 Feb 2006,1.61850,1.62891
Week 2,21 Feb 2006,1.61660,1.62703
Week 3,28 Feb 2006,1.64079,1.64445
Week 4,07 Mar 2006,1.66404,1.67399

Week 1,14 Mar 2006,1.65350,1.66416
Week 2,21 Mar 2006,1.67244,1.68336
Week 3,28 Mar 2006,1.65607,1.66663
Week 4,04 Apr 2006,1.61972,1.63034

Week 1,11 Apr 2006,1.62821,1.63931
Week 2,18 Apr 2006,1.59870,1.60940
Week 3,25 Apr 2006,1.61336,1.62313
Week 4,02 May 2006,1.60688,1.61798

Week 1,09 May 2006,1.63080,1.64151
Week 2,16 May 2006,1.70872,1.71954
Week 3,23 May 2006,1.74268,1.75370
Week 4,30 May 2006,1.76397,1.77535

Week 1,06 Jun 2006,1.79513,1.79862
Week 2,13 Jun 2006,1.81929,1.83054
Week 3,20 Jun 2006,1.92083,1.93215
Week 4,27 Jun 2006,1.92765,1.93889

Week 1,04 Jul 2006,1.89561,1.90651
Week 2,11 Jul 2006,1.90622,1.91738
Week 3,18 Jul 2006,1.89176,1.89508
Week 4,25 Jul 2006,1.85004,1.85183

Week 1,01 Aug 2006,1.82954,1.84011
Week 2,08 Aug 2006,1.80478,1.81572
Week 3,15 Aug 2006,1.83160,1.84292
Week 4,22 Aug 2006,1.89601,1.90746

Week 1,29 Aug 2006,1.90688,1.91826
Week 2,05 Sep 2006,1.94006,1.95163
Week 3,12 Sep 2006,1.96049,1.97204
Week 4,19 Sep 2006,1.99207,2.00359

Week 1,26 Sep 2006,2.04598,2.05749
Week 2,03 Oct 2006,2.07937,2.08788
Week 3,10 Oct 2006,2.03211,2.04368
Week 4,17 Oct 2006,2.00706,2.01857

Week 1,24 Oct 2006,2.00907,2.02060
Week 2,31 Oct 2006,1.97183,1.98335
Week 3,07 Nov 2006,1.93826,1.94975
Week 4,14 Nov 2006,1.92874,1.94027

Week 1,21 Nov 2006,1.91339,1.92496
Week 2,28 Nov 2006,1.90613,1.91766
Week 3,05 Dec 2006,1.88695,1.89839
Week 4,12 Dec 2006,1.86058,1.87206

Week 1,19 Dec 2006,1.86480,1.87560
Week 2,26 Dec 2006,1.86741,1.87922
Week 3,02 Jan 2007,1.88215,1.89650
Week 4,09 Jan 2007,1.93015,1.94091

Week 1,16 Jan 2007,1.91049,1.92132
Week 2,23 Jan 2007,1.91381,1.92460
Week 3,30 Jan 2007,1.92432,1.93510
Week 4,06 Feb 2007,1.91053,1.92130

Week 1,13 Feb 2007,1.91504,1.92574
Week 2,20 Feb 2007,1.88597,1.89673
Week 3,27 Feb 2007,1.93187,1.93839
Week 4,06 Mar 2007,1.96707,1.97786

Week 1,13 Mar 2007,1.97726,1.98817
Week 2,20 Mar 2007,1.94151,1.95239
Week 3,27 Mar 2007,1.93218,1.94296
Week 4,03 Apr 2007,1.90637,1.91725

Week 1,10 Apr 2007,1.90319,1.91400
Week 2,17 Apr 2007,1.88057,1.89135
Week 3,24 Apr 2007,1.87006,1.88082
Week 4,01 May 2007,1.85984,1.87061

Week 1,08 May 2007,1.84453,1.85530
Week 2,15 May 2007,1.85557,1.86631
Week 3,22 May 2007,1.88017,1.89089
Week 4,29 May 2007,1.89169,1.90278

Week 1,05 Jun 2007,1.91256,1.92327
Week 2,12 Jun 2007,1.91432,1.92504
Week 3,19 Jun 2007,1.89483,1.90512
Week 4,26 Jun 2007,1.89156,1.90225

Week 1,03 Jul 2007,1.85833,1.86906
Week 2,10 Jul 2007,1.85642,1.86719
Week 3,17 Jul 2007,1.84093,1.85142
Week 4,24 Jul 2007,1.85236,1.86300

Week 1,31 Jul 2007,1.89307,1.90379
Week 2,07 Aug 2007,1.89295,1.90354
Week 3,14 Aug 2007,1.95171,1.96235
Week 4,21 Aug 2007,1.93454,1.94502

Week 1,28 Aug 2007,1.91151,1.92227
Week 2,04 Sep 2007,1.92166,1.93238
Week 3,11 Sep 2007,1.90773,1.91848
Week 4,18 Sep 2007,1.88473,1.89818

Week 1,25 Sep 2007,1.84511,1.86056
Week 2,02 Oct 2007,1.82945,1.84572
Week 3,09 Oct 2007,1.81416,1.83035
Week 4,16 Oct 2007,1.81710,1.83333

Week 1,23 Oct 2007,1.76849,1.78411
Week 2,30 Oct 2007,1.74918,1.75671
Week 3,06 Nov 2007,1.74611,1.76162
Week 4,13 Nov 2007,1.78690,1.80250

Week 1,20 Nov 2007,1.81401,1.83107
Week 2,27 Nov 2007,1.84143,1.85710
Week 3,04 Dec 2007,1.80054,1.81758
Week 4,11 Dec 2007,1.80361,1.82025

Week 1,18 Dec 2007,1.84838,1.86509
Week 2,25 Dec 2007,1.82692,1.85068
Week 3,01 Jan 2008,1.81407,1.83530
Week 4,08 Jan 2008,1.81404,1.82983

Week 1,15 Jan 2008,1.84040,1.85615
Week 2,22 Jan 2008,1.89109,1.90697
Week 3,29 Jan 2008,1.94028,1.95603
Week 4,05 Feb 2008,2.03324,2.04957

Week 1,12 Feb 2008,2.04601,2.06189
Week 2,19 Feb 2008,2.05109,2.06728
Week 3,26 Feb 2008,2.03738,2.05366
Week 4,04 Mar 2008,2.10372,2.12020

Week 1,11 Mar 2008,2.10632,2.12300
Week 2,18 Mar 2008,2.15764,2.17424
Week 3,25 Mar 2008,2.14844,2.16576
Week 4,01 Apr 2008,2.10566,2.12287

Week 1,08 Apr 2008,2.07426,2.09079
Week 2,15 Apr 2008,2.08170,2.09815
Week 3,22 Apr 2008,2.03807,2.05439
Week 4,29 Apr 2008,2.01224,2.02852

Week 1,06 May 2008,2.02467,2.04106
Week 2,13 May 2008,2.00939,2.02563
Week 3,20 May 2008,2.02902,2.04601
Week 4,27 May 2008,2.03322,2.05024

Week 1,03 Jun 2008,2.07031,2.08469
Week 2,10 Jun 2008,2.13014,2.14779
Week 3,17 Jun 2008,2.13059,2.14787
Week 4,24 Jun 2008,2.11346,2.12994

Week 1,01 Jul 2008,2.07289,2.08922
Week 2,08 Jul 2008,2.04666,2.06299
Week 3,15 Jul 2008,2.02295,2.03921
Week 4,22 Jul 2008,2.01143,2.02797

Week 1,29 Jul 2008,1.95167,1.96799
Week 2,05 Aug 2008,1.99188,2.00744
Week 3,12 Aug 2008,2.08214,2.09784
Week 4,19 Aug 2008,2.05210,2.06500

Week 1,26 Aug 2008,2.05297,2.06865
Week 2,02 Sep 2008,2.09364,2.11009
Week 3,09 Sep 2008,2.13105,2.14770
Week 4,16 Sep 2008,2.14119,2.15940

Week 1,23 Sep 2008,2.14528,2.16291
Week 2,30 Sep 2008,2.21702,2.23429
Week 3,07 Oct 2008,2.42662,2.43884
Week 4,14 Oct 2008,2.58128,2.60114

Week 1,21 Oct 2008,2.88449,2.90961
Week 2,28 Oct 2008,2.70868,2.73467
Week 3,04 Nov 2008,2.64507,2.66396
Week 4,11 Nov 2008,2.70241,2.72534

Week 1,18 Nov 2008,2.76308,2.78231
Week 2,25 Nov 2008,2.66549,2.68362
Week 3,02 Dec 2008,2.72776,2.75313
Week 4,09 Dec 2008,2.69999,2.71615

Week 1,16 Dec 2008,2.63039,2.64305
Week 2,23 Dec 2008,2.57583,2.60229
Week 3,30 Dec 2008,2.50018,2.52462
Week 4,06 Jan 2009,2.54745,2.56076

Week 1,13 Jan 2009,2.66226,2.67716
Week 2,20 Jan 2009,2.70299,2.71676
Week 3,27 Jan 2009,2.68300,2.69604
Week 4,03 Feb 2009,2.63508,2.64513

Week 1,10 Feb 2009,2.62185,2.63871
Week 2,17 Feb 2009,2.69150,2.71004
Week 3,24 Feb 2009,2.66154,2.68090
Week 4,03 Mar 2009,2.77989,2.79989

Week 1,10 Mar 2009,2.70426,2.72577
Week 2,17 Mar 2009,2.58859,2.60719
Week 3,24 Mar 2009,2.52573,2.54537
Week 4,31 Mar 2009,2.47424,2.49376

Week 1,07 Apr 2009,2.41643,2.43548
Week 2,14 Apr 2009,2.39249,2.41149
Week 3,21 Apr 2009,2.36892,2.38362
Week 4,28 Apr 2009,2.27584,2.29329

Week 1,05 May 2009,2.21786,2.23637
Week 2,12 May 2009,2.26967,2.28713
Week 3,19 May 2009,2.23216,2.24920
Week 4,26 May 2009,2.15588,2.17307

Week 1,02 Jun 2009,2.13286,2.15121
Week 2,09 Jun 2009,2.13977,2.15813
Week 3,16 Jun 2009,2.14827,2.16539
Week 4,23 Jun 2009,2.13566,2.15236

Week 1,30 Jun 2009,2.08447,2.10056
Week 2,07 Jul 2009,2.16042,2.17600
Week 3,14 Jul 2009,2.16059,2.17890
Week 4,21 Jul 2009,2.06936,2.08623

Week 1,28 Jul 2009,2.07219,2.08999
Week 2,04 Aug 2009,2.10518,2.12185
Week 3,11 Aug 2009,2.14416,2.16106
Week 4,18 Aug 2009,2.11475,2.13137

Week 1,25 Aug 2009,2.07148,2.08772
Week 2,01 Sep 2009,2.05137,2.06826
Week 3,08 Sep 2009,1.99821,2.01409
Week 4,15 Sep 2009,1.96989,1.98448

Week 1,22 Sep 2009,1.97366,1.98972
Week 2,29 Sep 2009,2.00539,2.02130
Week 3,06 Oct 2009,1.97328,1.99057
Week 4,13 Oct 2009,1.94657,1.96255

Week 1,20 Oct 2009,1.97114,1.97992
Week 2,27 Oct 2009,2.05316,2.06456
Week 3,03 Nov 2009,2.04485,2.05942
Week 4,10 Nov 2009,1.97296,1.98615

Week 1,17 Nov 2009,1.99546,2.00827
Week 2,24 Nov 2009,1.97933,1.99343
Week 3,01 Dec 2009,1.95996,1.97395
Week 4,08 Dec 2009,1.99771,2.01023

Week 1,15 Dec 2009,1.99284,2.00781
Week 2,22 Dec 2009,2.01856,2.03258
Week 3,29 Dec 2009,1.97040,1.98931
Week 4,05 Jan 2010,1.95363,1.96782

Week 1,12 Jan 2010,1.96163,1.98289
Week 2,19 Jan 2010,2.00150,2.01239
Week 3,26 Jan 2010,2.02064,2.03433
Week 4,02 Feb 2010,2.02500,2.03980

Week 1,09 Feb 2010,2.04674,2.06071
Week 2,16 Feb 2010,2.03448,2.05493
Week 3,23 Feb 2010,2.05337,2.07408
Week 4,02 Mar 2010,1.99264,2.01204

Week 1,09 Mar 2010,1.96669,1.98373
Week 2,16 Mar 2010,1.94844,1.96744
Week 3,23 Mar 2010,1.96304,1.98229
Week 4,30 Mar 2010,1.93707,1.95356

Week 1,06 Apr 2010,1.92697,1.94347
Week 2,13 Apr 2010,1.94565,1.96489
Week 3,20 Apr 2010,1.97758,1.98796
Week 4,27 Apr 2010,1.96081,1.97985

Week 1,04 May 2010,2.01826,2.03782
Week 2,11 May 2010,1.99432,2.01560
Week 3,18 May 2010,2.06318,2.08327
Week 4,25 May 2010,2.04706,2.07049

Week 1,01 Jun 2010,2.04752,2.06694
Week 2,08 Jun 2010,2.05237,2.07184
Week 3,15 Jun 2010,2.01280,2.02938
Week 4,22 Jun 2010,2.01144,2.03062

Week 1,29 Jun 2010,2.03944,2.05886
Week 2,06 Jul 2010,2.02455,2.04478
Week 3,13 Jul 2010,2.01100,2.03103
Week 4,20 Jul 2010,1.99322,2.01334

Week 1,27 Jul 2010,1.94493,1.96428
Week 2,03 Aug 2010,1.92538,1.94495
Week 3,10 Aug 2010,1.93059,1.94960
Week 4,17 Aug 2010,1.93516,1.95512

Week 1,24 Aug 2010,1.94498,1.96594
Week 2,31 Aug 2010,1.92810,1.94859
Week 3,07 Sep 2010,1.91450,1.93505
Week 4,14 Sep 2010,1.89225,1.91044

Week 1,21 Sep 2010,1.87200,1.89174
Week 2,28 Sep 2010,1.84735,1.86746
Week 3,05 Oct 2010,1.82816,1.84738
Week 4,12 Oct 2010,1.81454,1.83322

Week 1,19 Oct 2010,1.83837,1.85724
Week 2,26 Oct 2010,1.85422,1.86971
Week 3,02 Nov 2010,1.82248,1.83614
Week 4,09 Nov 2010,1.83474,1.84853

Week 1,16 Nov 2010,1.85992,1.87368
Week 2,23 Nov 2010,1.88207,1.89592
Week 3,30 Nov 2010,1.85566,1.86967
Week 4,07 Dec 2010,1.83015,1.84406

Week 1,14 Dec 2010,1.82064,1.83447
Week 2,21 Dec 2010,1.80136,1.81626
Week 3,28 Dec 2010,1.76792,1.78387
Week 4,04 Jan 2011,1.78885,1.80298

Week 1,11 Jan 2011,1.82526,1.83921
Week 2,18 Jan 2011,1.85847,1.87249
Week 3,25 Jan 2011,1.88536,1.89941
Week 4,01 Feb 2011,1.91452,1.92845

Week 1,08 Feb 2011,1.92764,1.94179
Week 2,15 Feb 2011,1.91876,1.93290
Week 3,22 Feb 2011,1.88237,1.89632
Week 4,01 Mar 2011,1.84022,1.85098

Week 1,08 Mar 2011,1.82948,1.84337
Week 2,15 Mar 2011,1.85682,1.87160
Week 3,22 Mar 2011,1.83217,1.84618
Week 4,29 Mar 2011,1.80342,1.81716

Week 1,05 Apr 2011,1.77493,1.78630
Week 2,12 Apr 2011,1.79899,1.81026
Week 3,19 Apr 2011,1.79781,1.80933
Week 4,26 Apr 2011,1.76269,1.77408

Week 1,03 May 2011,1.77216,1.78357
Week 2,10 May 2011,1.82773,1.83894
Week 3,17 May 2011,1.84389,1.85464
Week 4,24 May 2011,1.85350,1.86434

Week 1,31 May 2011,1.80517,1.81635
Week 2,07 Jun 2011,1.79717,1.80814
Week 3,14 Jun 2011,1.80591,1.81711
Week 4,21 Jun 2011,1.81451,1.82563

Week 1,28 Jun 2011,1.80739,1.81869
Week 2,05 Jul 2011,1.78620,1.79731
Week 3,12 Jul 2011,1.82226,1.83332
Week 4,19 Jul 2011,1.82170,1.83281

Week 1,26 Jul 2011,1.78337,1.79451
Week 2,02 Aug 2011,1.81532,1.82661
Week 3,09 Aug 2011,1.90796,1.91993
Week 4,16 Aug 2011,1.90236,1.91366

Week 1,23 Aug 2011,1.91268,1.92359
Week 2,30 Aug 2011,1.87411,1.88521
Week 3,06 Sep 2011,1.91126,1.92265
Week 4,13 Sep 2011,1.96919,1.98083

Week 1,20 Sep 2011,2.12368,2.13589
Week 2,27 Sep 2011,2.12893,2.14085
Week 3,04 Oct 2011,2.14373,2.15550
Week 4,11 Oct 2011,2.09056,2.10263

Week 1,18 Oct 2011,2.13544,2.14726
Week 2,25 Oct 2011,2.08346,2.09508
Week 3,01 Nov 2011,2.10906,2.12105
Week 4,08 Nov 2011,2.10938,2.12115

Week 1,15 Nov 2011,2.16485,2.17637
Week 2,22 Nov 2011,2.24764,2.26028
Week 3,29 Nov 2011,2.17731,2.18893
Week 4,06 Dec 2011,2.15015,2.16171

Week 1,13 Dec 2011,2.21877,2.23055
Week 2,20 Dec 2011,2.18754,2.19930
Week 3,27 Dec 2011,2.16213,2.17654
Week 4,03 Jan 2012,2.16179,2.17438

Week 1,10 Jan 2012,2.15942,2.17073
Week 2,17 Jan 2012,2.12811,2.13921
Week 3,24 Jan 2012,2.09066,2.10141
Week 4,31 Jan 2012,2.04134,2.05197

Week 1,07 Feb 2012,2.03085,2.04239
Week 2,14 Feb 2012,2.05721,2.06807
Week 3,21 Feb 2012,2.03727,2.04838
Week 4,28 Feb 2012,1.99852,2.00894

Week 1,06 Mar 2012,2.01342,2.02406
Week 2,13 Mar 2012,2.01746,2.02857
Week 3,20 Mar 2012,2.03286,2.04438
Week 4,27 Mar 2012,2.03668,2.04766

Week 1,03 Apr 2012,2.07184,2.08339
Week 2,10 Apr 2012,2.11080,2.12219
Week 3,17 Apr 2012,2.08805,2.09918
Week 4,24 Apr 2012,2.06924,2.08021

Week 1,01 May 2012,2.06668,2.07763
Week 2,08 May 2012,2.12470,2.13590
Week 3,15 May 2012,2.20606,2.21705
Week 4,22 May 2012,2.22152,2.23268

Week 1,29 May 2012,2.25483,2.26598
Week 2,05 Jun 2012,2.23810,2.24978
Week 3,12 Jun 2012,2.22880,2.24009
Week 4,19 Jun 2012,2.21209,2.22338

Week 1,26 Jun 2012,2.21758,2.22902
Week 2,03 Jul 2012,2.17770,2.18338
Week 3,10 Jul 2012,2.20043,2.20670
Week 4,17 Jul 2012,2.19061,2.19603

Week 1,24 Jul 2012,2.21536,2.22116
Week 2,31 Jul 2012,2.19048,2.19619
Week 3,07 Aug 2012,2.16244,2.16799
Week 4,14 Aug 2012,2.19293,2.19853

Week 1,21 Aug 2012,2.21811,2.22341
Week 2,28 Aug 2012,2.24144,2.24711
Week 3,04 Sep 2012,2.21242,2.21872
Week 4,11 Sep 2012,2.19118,2.19688

Week 1,18 Sep 2012,2.20044,2.20670
Week 2,25 Sep 2012,2.19999,2.20573
Week 3,02 Oct 2012,2.27249,2.27811
Week 4,09 Oct 2012,2.32864,2.33483

Week 1,16 Oct 2012,2.31273,2.31842
Week 2,23 Oct 2012,2.31476,2.32034
Week 3,30 Oct 2012,2.31662,2.32245
Week 4,06 Nov 2012,2.31696,2.32227

Week 1,13 Nov 2012,2.35459,2.36008
Week 2,20 Nov 2012,2.36807,2.37352
Week 3,27 Nov 2012,2.35882,2.36469
Week 4,04 Dec 2012,2.33021,2.33527

Week 1,11 Dec 2012,2.30387,2.30897
Week 2,18 Dec 2012,2.27591,2.28109
Week 3,25 Dec 2012,2.27260,2.27803
Week 4,01 Jan 2013,2.27110,2.27635

Week 1,08 Jan 2013,2.30191,2.30703
Week 2,15 Jan 2013,2.34749,2.35268
Week 3,22 Jan 2013,2.38268,2.38788
Week 4,29 Jan 2013,2.38732,2.39254

Week 1,05 Feb 2013,2.36789,2.37305
Week 2,12 Feb 2013,2.36285,2.36798
Week 3,19 Feb 2013,2.36454,2.36964
Week 4,26 Feb 2013,2.38249,2.38763

Week 1,05 Mar 2013,2.42201,2.42727
Week 2,12 Mar 2013,2.44396,2.44923
Week 3,19 Mar 2013,2.47038,2.47571
Week 4,26 Mar 2013,2.46414,2.47041

Week 1,02 Apr 2013,2.44346,2.44889
Week 2,09 Apr 2013,2.38388,2.38907
Week 3,16 Apr 2013,2.44210,2.44737
Week 4,23 Apr 2013,2.43852,2.44373

Week 1,30 Apr 2013,2.38970,2.39500
Week 2,07 May 2013,2.40855,2.41393
Week 3,14 May 2013,2.47544,2.48075
Week 4,21 May 2013,2.54058,2.54634

Week 1,28 May 2013,2.63369,2.64081
Week 2,04 Jun 2013,2.64496,2.65019
Week 3,11 Jun 2013,2.66876,2.67610
Week 4,18 Jun 2013,2.68954,2.69550

Week 1,25 Jun 2013,2.66556,2.67153
Week 2,02 Jul 2013,2.67972,2.68629
Week 3,09 Jul 2013,2.67261,2.67893
Week 4,16 Jul 2013,2.63146,2.63881

Week 1,23 Jul 2013,2.60232,2.60863
Week 2,30 Jul 2013,2.62546,2.63051
Week 3,06 Aug 2013,2.62429,2.63174
Week 4,13 Aug 2013,2.65937,2.66480

Week 1,20 Aug 2013,2.72452,2.72959
Week 2,27 Aug 2013,2.74810,2.75459
Week 3,03 Sep 2013,2.70980,2.71696
Week 4,10 Sep 2013,2.65054,2.65752

Week 1,17 Sep 2013,2.61249,2.61688
Week 2,24 Sep 2013,2.65582,2.66291
Week 3,01 Oct 2013,2.67406,2.67957
Week 4,08 Oct 2013,2.64795,2.65500

Week 1,15 Oct 2013,2.62633,2.63196
Week 2,22 Oct 2013,2.61136,2.61637
Week 3,29 Oct 2013,2.66423,2.67028
Week 4,05 Nov 2013,2.73189,2.73837

Week 1,12 Nov 2013,2.73600,2.74138
Week 2,19 Nov 2013,2.69626,2.70177
Week 3,26 Nov 2013,2.70628,2.71181
Week 4,03 Dec 2013,2.75576,2.76237

Week 1,10 Dec 2013,2.75538,2.76101
Week 2,17 Dec 2013,2.75643,2.76173
Week 3,24 Dec 2013,2.77132,2.77960
Week 4,31 Dec 2013,2.81849,2.82622

Week 1,07 Jan 2014,2.84799,2.85266
Week 2,14 Jan 2014,2.88964,2.89424
Week 3,21 Jan 2014,2.91910,2.92589
Week 4,28 Jan 2014,2.96678,2.97448

Week 1,04 Feb 2014,2.95753,2.96414
Week 2,11 Feb 2014,2.92373,2.93021
Week 3,18 Feb 2014,2.91158,2.91868
Week 4,25 Feb 2014,2.87189,2.87789

Week 1,04 Mar 2014,2.86109,2.86583
Week 2,11 Mar 2014,2.86564,2.87165
Week 3,18 Mar 2014,2.88421,2.89017
Week 4,25 Mar 2014,2.84720,2.85112

Week 1,01 Apr 2014,2.82009,2.82538
Week 2,08 Apr 2014,2.79018,2.79634
Week 3,15 Apr 2014,2.80153,2.80732
Week 4,22 Apr 2014,2.82279,2.82795

Week 1,29 Apr 2014,2.80639,2.81125
Week 2,06 May 2014,2.77667,2.78174
Week 3,13 May 2014,2.75783,2.76138
Week 4,20 May 2014,2.75899,2.76564

Week 1,27 May 2014,2.78919,2.79293
Week 2,03 Jun 2014,2.84082,2.84462
Week 3,10 Jun 2014,2.84778,2.85172
Week 4,17 Jun 2014,2.85442,2.85840

Week 1,24 Jun 2014,2.82576,2.83071
Week 2,01 Jul 2014,2.85386,2.85902
Week 3,08 Jul 2014,2.85534,2.85973
Week 4,15 Jul 2014,2.84648,2.85049

Week 1,22 Jul 2014,2.81080,2.81484
Week 2,29 Jul 2014,2.83620,2.84009
Week 3,05 Aug 2014,2.85103,2.85524
Week 4,12 Aug 2014,2.82573,2.82928

Week 1,19 Aug 2014,2.84210,2.84872
Week 2,26 Aug 2014,2.84087,2.84621
Week 3,02 Sep 2014,2.85044,2.85402
Week 4,09 Sep 2014,2.91309,2.91844

Week 1,16 Sep 2014,2.93633,2.94312
Week 2,23 Sep 2014,2.97787,2.98218
Week 3,30 Sep 2014,3.00535,3.01077
Week 4,07 Oct 2014,2.97025,2.97500

Week 1,14 Oct 2014,2.95090,2.95581
Week 2,21 Oct 2014,2.92523,2.93092
Week 3,28 Oct 2014,2.91588,2.92245
Week 4,04 Nov 2014,2.97463,2.98025

Week 1,11 Nov 2014,2.97607,2.98437
Week 2,18 Nov 2014,2.93272,2.93775
Week 3,25 Nov 2014,2.93017,2.93762
Week 4,02 Dec 2014,2.98163,2.98916

Week 1,09 Dec 2014,3.07276,3.07781
Week 2,16 Dec 2014,3.09066,3.09907
Week 3,23 Dec 2014,3.08872,3.09866
Week 4,30 Dec 2014,3.09277,3.10377

Week 1,06 Jan 2015,3.09171,3.09898
Week 2,13 Jan 2015,3.06485,3.07401
Week 3,20 Jan 2015,3.05582,3.06566
Week 4,27 Jan 2015,3.07243,3.08093

Week 1,03 Feb 2015,3.04992,3.05802
Week 2,10 Feb 2015,3.10994,3.11688
Week 3,17 Feb 2015,3.09922,3.10771
Week 4,24 Feb 2015,3.08557,3.09193

Week 1,03 Mar 2015,3.15871,3.16553
Week 2,10 Mar 2015,3.27896,3.28580
Week 3,17 Mar 2015,3.25467,3.26341
Week 4,24 Mar 2015,3.18389,3.19087

Week 1,31 Mar 2015,3.18731,3.19418
Week 2,07 Apr 2015,3.16609,3.17441
Week 3,14 Apr 2015,3.21087,3.21869
Week 4,21 Apr 2015,3.23161,3.23942

Week 1,28 Apr 2015,3.18637,3.19511
Week 2,05 May 2015,3.19448,3.20168
Week 3,12 May 2015,3.16839,3.17617
Week 4,19 May 2015,3.16166,3.16752

Week 1,26 May 2015,3.21755,3.22358
Week 2,02 Jun 2015,3.29716,3.30614
Week 3,09 Jun 2015,3.30726,3.31517
Week 4,16 Jun 2015,3.27204,3.28006

Week 1,23 Jun 2015,3.23894,3.24658
Week 2,30 Jun 2015,3.26628,3.27763
Week 3,07 Jul 2015,3.31754,3.32625
Week 4,14 Jul 2015,3.30125,3.30724

Week 1,21 Jul 2015,3.32537,3.33442
Week 2,28 Jul 2015,3.36549,3.37371
Week 3,04 Aug 2015,3.38108,3.38750
Week 4,11 Aug 2015,3.40094,3.41186

Week 1,18 Aug 2015,3.44083,3.45160
Week 2,25 Aug 2015,3.50378,3.51581
Week 3,01 Sep 2015,3.61317,3.62449
Week 4,08 Sep 2015,3.64850,3.66152

Week 1,15 Sep 2015,3.56193,3.57266
Week 2,22 Sep 2015,3.66280,3.67350
Week 3,29 Sep 2015,3.69217,3.70104
Week 4,06 Oct 2015,3.58345,3.59362

Week 1,13 Oct 2015,3.52046,3.53284
Week 2,20 Oct 2015,3.57757,3.58763
Week 3,27 Oct 2015,3.65948,3.66977
Week 4,03 Nov 2015,3.71709,3.72509

Week 1,10 Nov 2015,3.80606,3.81561
Week 2,17 Nov 2015,3.76402,3.77374
Week 3,24 Nov 2015,3.78173,3.79287
Week 4,01 Dec 2015,3.82685,3.83936

Week 1,08 Dec 2015,4.03430,4.04743
Week 2,15 Dec 2015,4.01276,4.02913
Week 3,22 Dec 2015,4.04660,4.05971
Week 4,29 Dec 2015,4.10317,4.11323

Week 1,05 Jan 2016,4.23880,4.25076
Week 2,12 Jan 2016,4.42311,4.43769
Week 3,19 Jan 2016,4.42804,4.44261
Week 4,26 Jan 2016,4.31748,4.33142

Week 1,02 Feb 2016,4.26275,4.27606
Week 2,09 Feb 2016,4.24547,4.25978
Week 3,16 Feb 2016,4.14233,4.15468
Week 4,23 Feb 2016,4.16988,4.18180

Week 1,01 Mar 2016,4.15650,4.16841
Week 2,08 Mar 2016,4.07291,4.08440
Week 3,15 Mar 2016,4.11860,4.13331
Week 4,22 Mar 2016,4.09263,4.10816

Week 1,29 Mar 2016,3.98944,4.00212
Week 2,05 Apr 2016,3.99465,4.00711
Week 3,12 Apr 2016,3.89582,3.91074
Week 4,19 Apr 2016,3.82810,3.83974

Week 1,26 Apr 2016,3.81969,3.83110
Week 2,03 May 2016,3.91930,3.93092
Week 3,10 May 2016,4.04420,4.05444
Week 4,17 May 2016,4.17539,4.18534

Week 1,24 May 2016,4.17209,4.18321
Week 2,31 May 2016,4.12502,4.13509
Week 3,07 Jun 2016,3.99436,4.00544
Week 4,14 Jun 2016,4.05524,4.06690

Week 1,21 Jun 2016,3.95637,3.97127
Week 2,28 Jun 2016,3.96000,3.97426
Week 3,05 Jul 2016,3.89652,3.91219
Week 4,12 Jul 2016,3.84377,3.85762

Week 1,19 Jul 2016,3.80642,3.82064
Week 2,26 Jul 2016,3.76764,3.78150
Week 3,02 Aug 2016,3.68081,3.69502
Week 4,09 Aug 2016,3.58439,3.59801

Week 1,16 Aug 2016,3.57196,3.58581
Week 2,23 Aug 2016,3.73881,3.75163
Week 3,30 Aug 2016,3.86417,3.87793
Week 4,06 Sep 2016,3.79290,3.80683

Week 1,13 Sep 2016,3.80084,3.81427
Week 2,20 Sep 2016,3.66559,3.67899
Week 3,27 Sep 2016,3.64281,3.65742
Week 4,04 Oct 2016,3.67051,3.68407

Week 1,11 Oct 2016,3.77824,3.79239
Week 2,18 Oct 2016,3.72655,3.73934
Week 3,25 Oct 2016,3.68832,3.70339
Week 4,01 Nov 2016,3.60699,3.61990

Week 1,08 Nov 2016,3.68118,3.69766
Week 2,15 Nov 2016,3.82051,3.83707
Week 3,22 Nov 2016,3.76778,3.78465
Week 4,29 Nov 2016,3.70463,3.71811

Week 1,06 Dec 2016,3.64968,3.66417
Week 2,13 Dec 2016,3.69192,3.70688
Week 3,20 Dec 2016,3.72958,3.74577
Week 4,27 Dec 2016,3.67405,3.69339

Week 1,03 Jan 2017,3.64525,3.66343
Week 2,10 Jan 2017,3.62268,3.63751
Week 3,17 Jan 2017,3.61256,3.62710
Week 4,24 Jan 2017,3.57090,3.58502

Week 1,31 Jan 2017,3.56627,3.57982
Week 2,07 Feb 2017,3.56145,3.57525
Week 3,14 Feb 2017,3.48805,3.50111
Week 4,21 Feb 2017,3.46235,3.47396

Week 1,28 Feb 2017,3.47250,3.48390
Week 2,07 Mar 2017,3.49403,3.50491
Week 3,14 Mar 2017,3.43749,3.44709
Week 4,21 Mar 2017,3.34249,3.34846

Week 1,28 Mar 2017,3.48859,3.49765
Week 2,04 Apr 2017,3.65437,3.66411
Week 3,11 Apr 2017,3.62007,3.63499
Week 4,18 Apr 2017,3.52162,3.53434

Week 1,25 Apr 2017,3.51903,3.53329
Week 2,02 May 2017,3.57502,3.58678
Week 3,09 May 2017,3.58285,3.59688
Week 4,16 May 2017,3.52459,3.53634

Week 1,23 May 2017,3.46013,3.47088
Week 2,30 May 2017,3.44668,3.46093
Week 3,06 Jun 2017,3.42241,3.43680
Week 4,13 Jun 2017,3.40649,3.41956

Week 1,20 Jun 2017,3.45195,3.46618
Week 2,27 Jun 2017,3.45935,3.47254
Week 3,04 Jul 2017,3.54700,3.55915
Week 4,11 Jul 2017,3.52745,3.53779

Week 1,18 Jul 2017,3.44690,3.45680
Week 2,25 Jul 2017,3.45978,3.47130
Week 3,01 Aug 2017,3.54339,3.55357
Week 4,08 Aug 2017,3.56880,3.57983

Week 1,15 Aug 2017,3.52472,3.53486
Week 2,22 Aug 2017,3.49705,3.50767
Week 3,29 Aug 2017,3.46035,3.46987
Week 4,05 Sep 2017,3.43398,3.44466

Week 1,12 Sep 2017,3.48505,3.49589
Week 2,19 Sep 2017,3.53281,3.54396
Week 3,26 Sep 2017,3.58941,3.59899
Week 4,03 Oct 2017,3.63857,3.64834

Week 1,10 Oct 2017,3.59378,3.60346
Week 2,17 Oct 2017,3.60140,3.61101
Week 3,24 Oct 2017,3.72487,3.73403
Week 4,31 Oct 2017,3.76048,3.77074

Week 1,07 Nov 2017,3.79804,3.80772
Week 2,14 Nov 2017,3.78750,3.79999
Week 3,21 Nov 2017,3.72272,3.73478
Week 4,28 Nov 2017,3.65696,3.66769

Week 1,05 Dec 2017,3.61155,3.61964


