KRW->IDR

Week 1,01 Dec 1998,6.08886,6.17725
Week 2,08 Dec 1998,6.11965,6.19940
Week 3,15 Dec 1998,6.35925,6.45485
Week 4,22 Dec 1998,6.40494,6.53034

Week 1,29 Dec 1998,6.56672,6.66585
Week 2,05 Jan 1999,6.75874,6.85891
Week 3,12 Jan 1999,7.11242,7.18968
Week 4,19 Jan 1999,7.38586,7.47181

Week 1,26 Jan 1999,7.62107,7.71963
Week 2,02 Feb 1999,7.40784,7.50496
Week 3,09 Feb 1999,7.35673,7.44183
Week 4,16 Feb 1999,7.34232,7.42576

Week 1,23 Feb 1999,7.20620,7.27698
Week 2,02 Mar 1999,7.15541,7.22501
Week 3,09 Mar 1999,7.35555,7.42343
Week 4,16 Mar 1999,7.24560,7.32789

Week 1,23 Mar 1999,7.20566,7.27356
Week 2,30 Mar 1999,7.02255,7.09941
Week 3,06 Apr 1999,7.09599,7.15412
Week 4,13 Apr 1999,7.07945,7.14122

Week 1,20 Apr 1999,7.20153,7.26495
Week 2,27 Apr 1999,6.95206,7.01570
Week 3,04 May 1999,6.60983,6.65265
Week 4,11 May 1999,6.48752,6.54156

Week 1,18 May 1999,6.73413,6.80679
Week 2,25 May 1999,6.79493,6.84548
Week 3,01 Jun 1999,6.81895,6.84444
Week 4,08 Jun 1999,6.64168,6.69153

Week 1,15 Jun 1999,6.23101,6.28559
Week 2,22 Jun 1999,5.85432,5.90306
Week 3,29 Jun 1999,5.86476,5.90892
Week 4,06 Jul 1999,5.65247,5.69121

Week 1,13 Jul 1999,5.64933,5.68922
Week 2,20 Jul 1999,5.67395,5.71600
Week 3,27 Jul 1999,5.71994,5.74566
Week 4,03 Aug 1999,5.74818,5.77139

Week 1,10 Aug 1999,6.31393,6.35530
Week 2,17 Aug 1999,6.21086,6.25841
Week 3,24 Aug 1999,6.38386,6.43478
Week 4,31 Aug 1999,6.52855,6.57596

Week 1,07 Sep 1999,6.87087,6.94151
Week 2,14 Sep 1999,6.79284,6.85232
Week 3,21 Sep 1999,7.04314,7.09656
Week 4,28 Sep 1999,6.69091,6.74759

Week 1,05 Oct 1999,6.42454,6.47144
Week 2,12 Oct 1999,6.52623,6.59092
Week 3,19 Oct 1999,5.76917,5.85275
Week 4,26 Oct 1999,5.66704,5.71253

Week 1,02 Nov 1999,5.69235,5.73579
Week 2,09 Nov 1999,5.94522,5.98550
Week 3,16 Nov 1999,5.93985,5.97704
Week 4,23 Nov 1999,6.16015,6.19571

Week 1,30 Nov 1999,6.27807,6.30670
Week 2,07 Dec 1999,6.34122,6.37137
Week 3,14 Dec 1999,6.26145,6.29890
Week 4,21 Dec 1999,6.19877,6.23435

Week 1,28 Dec 1999,6.16644,6.25716
Week 2,04 Jan 2000,6.28262,6.33373
Week 3,11 Jan 2000,6.34185,6.39104
Week 4,18 Jan 2000,6.46479,6.51873

Week 1,25 Jan 2000,6.56933,6.62554
Week 2,01 Feb 2000,6.67755,6.72780
Week 3,08 Feb 2000,6.52325,6.55809
Week 4,15 Feb 2000,6.52246,6.56087

Week 1,22 Feb 2000,6.52378,6.55566
Week 2,29 Feb 2000,6.60571,6.64584
Week 3,07 Mar 2000,6.59238,6.62435
Week 4,14 Mar 2000,6.65020,6.68836

Week 1,21 Mar 2000,6.69100,6.71676
Week 2,28 Mar 2000,6.80999,6.84088
Week 3,04 Apr 2000,6.92561,6.96128
Week 4,11 Apr 2000,6.85042,6.88835

Week 1,18 Apr 2000,7.09141,7.13367
Week 2,25 Apr 2000,7.12906,7.17194
Week 3,02 May 2000,7.16994,7.20578
Week 4,09 May 2000,7.41939,7.47448

Week 1,16 May 2000,7.56470,7.61704
Week 2,23 May 2000,7.45734,7.50423
Week 3,30 May 2000,7.48227,7.52379
Week 4,06 Jun 2000,7.68654,7.72497

Week 1,13 Jun 2000,7.67515,7.70903
Week 2,20 Jun 2000,7.72253,7.75879
Week 3,27 Jun 2000,7.80188,7.83302
Week 4,04 Jul 2000,8.22699,8.27293

Week 1,11 Jul 2000,8.44216,8.48209
Week 2,18 Jul 2000,8.10616,8.14763
Week 3,25 Jul 2000,8.02721,8.07631
Week 4,01 Aug 2000,7.80641,7.85244

Week 1,08 Aug 2000,7.55988,7.59944
Week 2,15 Aug 2000,7.44769,7.47925
Week 3,22 Aug 2000,7.44419,7.48487
Week 4,29 Aug 2000,7.49330,7.52845

Week 1,05 Sep 2000,7.53410,7.56546
Week 2,12 Sep 2000,7.77024,7.81851
Week 3,19 Sep 2000,7.72607,7.78098
Week 4,26 Sep 2000,7.89552,7.93364

Week 1,03 Oct 2000,7.84057,7.89446
Week 2,10 Oct 2000,7.88041,7.92971
Week 3,17 Oct 2000,7.84694,7.89049
Week 4,24 Oct 2000,7.92580,7.98310

Week 1,31 Oct 2000,8.09085,8.15945
Week 2,07 Nov 2000,8.10557,8.16402
Week 3,14 Nov 2000,8.22227,8.27526
Week 4,21 Nov 2000,7.97815,8.03617

Week 1,28 Nov 2000,7.86450,7.91979
Week 2,05 Dec 2000,7.93171,8.00590
Week 3,12 Dec 2000,7.80947,7.85550
Week 4,19 Dec 2000,7.57001,7.61732

Week 1,26 Dec 2000,7.55387,7.64275
Week 2,02 Jan 2001,7.50099,7.54958
Week 3,09 Jan 2001,7.49799,7.53753
Week 4,16 Jan 2001,7.34048,7.44107

Week 1,23 Jan 2001,7.34467,7.41393
Week 2,30 Jan 2001,7.52496,7.60182
Week 3,06 Feb 2001,7.56592,7.65863
Week 4,13 Feb 2001,7.65364,7.74650

Week 1,20 Feb 2001,7.72230,7.78662
Week 2,27 Feb 2001,7.78999,7.88273
Week 3,06 Mar 2001,7.84476,7.90984
Week 4,13 Mar 2001,7.88492,8.02632

Week 1,20 Mar 2001,7.94619,7.98889
Week 2,27 Mar 2001,7.86628,7.92365
Week 3,03 Apr 2001,7.89718,7.93113
Week 4,10 Apr 2001,8.00268,8.03940

Week 1,17 Apr 2001,8.55084,8.61899
Week 2,24 Apr 2001,8.98480,9.08025
Week 3,01 May 2001,8.50787,8.60439
Week 4,08 May 2001,8.54418,8.59499

Week 1,15 May 2001,8.71717,8.75015
Week 2,22 May 2001,8.84112,8.87920
Week 3,29 May 2001,8.80489,8.88251
Week 4,05 Jun 2001,8.72642,8.76489

Week 1,12 Jun 2001,8.69322,8.72939
Week 2,19 Jun 2001,8.69000,8.72092
Week 3,26 Jun 2001,8.74158,8.77911
Week 4,03 Jul 2001,8.72456,8.78151

Week 1,10 Jul 2001,8.68636,8.74581
Week 2,17 Jul 2001,8.57559,8.65040
Week 3,24 Jul 2001,7.67324,7.81624
Week 4,31 Jul 2001,7.37781,7.49094

Week 1,07 Aug 2001,7.16032,7.24775
Week 2,14 Aug 2001,6.74177,6.84010
Week 3,21 Aug 2001,6.72280,6.80310
Week 4,28 Aug 2001,6.94005,7.01258

Week 1,04 Sep 2001,7.03378,7.10811
Week 2,11 Sep 2001,7.01798,7.05476
Week 3,18 Sep 2001,7.22115,7.34736
Week 4,25 Sep 2001,7.29673,7.46341

Week 1,02 Oct 2001,7.48440,7.60003
Week 2,09 Oct 2001,7.64751,7.71126
Week 3,16 Oct 2001,7.71128,7.75201
Week 4,23 Oct 2001,7.86525,7.90403

Week 1,30 Oct 2001,8.10257,8.17359
Week 2,06 Nov 2001,8.16174,8.27021
Week 3,13 Nov 2001,8.28466,8.35240
Week 4,20 Nov 2001,8.19716,8.23313

Week 1,27 Nov 2001,8.15006,8.33202
Week 2,04 Dec 2001,8.17354,8.25030
Week 3,11 Dec 2001,7.96926,8.03264
Week 4,18 Dec 2001,7.84192,7.90952

Week 1,25 Dec 2001,7.82278,7.92130
Week 2,01 Jan 2002,7.91131,8.00155
Week 3,08 Jan 2002,7.95242,7.99686
Week 4,15 Jan 2002,7.88959,7.94849

Week 1,22 Jan 2002,7.83418,7.91291
Week 2,29 Jan 2002,7.84101,7.91118
Week 3,05 Feb 2002,7.77978,7.87340
Week 4,12 Feb 2002,7.74687,7.82695

Week 1,19 Feb 2002,7.71383,7.80618
Week 2,26 Feb 2002,7.63691,7.73242
Week 3,05 Mar 2002,7.59331,7.67036
Week 4,12 Mar 2002,7.53746,7.63120

Week 1,19 Mar 2002,7.43836,7.51042
Week 2,26 Mar 2002,7.31899,7.41460
Week 3,02 Apr 2002,7.25060,7.33697
Week 4,09 Apr 2002,7.17420,7.26357

Week 1,16 Apr 2002,7.11718,7.18670
Week 2,23 Apr 2002,7.14786,7.20679
Week 3,30 Apr 2002,7.20959,7.29424
Week 4,07 May 2002,7.17907,7.33549

Week 1,14 May 2002,7.19146,7.27226
Week 2,21 May 2002,7.21336,7.27871
Week 3,28 May 2002,7.17259,7.23443
Week 4,04 Jun 2002,7.21046,7.31466

Week 1,11 Jun 2002,7.08353,7.21189
Week 2,18 Jun 2002,7.06354,7.10272
Week 3,25 Jun 2002,7.13999,7.30999
Week 4,02 Jul 2002,7.31869,7.41834

Week 1,09 Jul 2002,7.61846,7.67756
Week 2,16 Jul 2002,7.54962,7.66442
Week 3,23 Jul 2002,7.68041,7.81633
Week 4,30 Jul 2002,7.63130,7.77808

Week 1,06 Aug 2002,7.45552,7.59387
Week 2,13 Aug 2002,7.38094,7.49684
Week 3,20 Aug 2002,7.39366,7.47776
Week 4,27 Aug 2002,7.37200,7.44767

Week 1,03 Sep 2002,7.37841,7.48526
Week 2,10 Sep 2002,7.38960,7.50668
Week 3,17 Sep 2002,7.43487,7.50367
Week 4,24 Sep 2002,7.35149,7.40076

Week 1,01 Oct 2002,7.27632,7.42586
Week 2,08 Oct 2002,7.13179,7.28871
Week 3,15 Oct 2002,7.39122,7.46204
Week 4,22 Oct 2002,7.42248,7.56528

Week 1,29 Oct 2002,7.44497,7.60365
Week 2,05 Nov 2002,7.56260,7.62663
Week 3,12 Nov 2002,7.52785,7.57236
Week 4,19 Nov 2002,7.42230,7.46461

Week 1,26 Nov 2002,7.46029,7.50130
Week 2,03 Dec 2002,7.36074,7.38109
Week 3,10 Dec 2002,7.35818,7.39011
Week 4,17 Dec 2002,7.36846,7.39046

Week 1,24 Dec 2002,7.40579,7.43245
Week 2,31 Dec 2002,7.47597,7.50317
Week 3,07 Jan 2003,7.53640,7.56838
Week 4,14 Jan 2003,7.54814,7.57220

Week 1,21 Jan 2003,7.57569,7.62139
Week 2,28 Jan 2003,7.59426,7.62543
Week 3,04 Feb 2003,7.50323,7.53332
Week 4,11 Feb 2003,7.43423,7.46188

Week 1,18 Feb 2003,7.43080,7.46805
Week 2,25 Feb 2003,7.46179,7.48765
Week 3,04 Mar 2003,7.33530,7.36213
Week 4,11 Mar 2003,7.16484,7.18566

Week 1,18 Mar 2003,7.17979,7.20921
Week 2,25 Mar 2003,7.10429,7.12895
Week 3,01 Apr 2003,7.00545,7.14525
Week 4,08 Apr 2003,7.11312,7.19376

Week 1,15 Apr 2003,7.19954,7.29646
Week 2,22 Apr 2003,7.11541,7.14621
Week 3,29 Apr 2003,7.12296,7.17316
Week 4,06 May 2003,7.10445,7.13086

Week 1,13 May 2003,7.01143,7.11729
Week 2,20 May 2003,6.93375,6.99768
Week 3,27 May 2003,6.86029,6.88443
Week 4,03 Jun 2003,6.80082,6.86666

Week 1,10 Jun 2003,6.80413,6.99215
Week 2,17 Jun 2003,6.84379,6.96558
Week 3,24 Jun 2003,6.91533,6.93821
Week 4,01 Jul 2003,6.89285,6.96132

Week 1,08 Jul 2003,6.82354,7.09986
Week 2,15 Jul 2003,6.89319,7.12197
Week 3,22 Jul 2003,7.15685,7.23072
Week 4,29 Jul 2003,7.08411,7.36560

Week 1,05 Aug 2003,7.16940,7.31673
Week 2,12 Aug 2003,7.21965,7.26447
Week 3,19 Aug 2003,7.18974,7.21236
Week 4,26 Aug 2003,7.20944,7.22866

Week 1,02 Sep 2003,7.13289,7.31569
Week 2,09 Sep 2003,7.09308,7.34929
Week 3,16 Sep 2003,7.17979,7.31875
Week 4,23 Sep 2003,7.30212,7.36578

Week 1,30 Sep 2003,7.27568,7.32147
Week 2,07 Oct 2003,7.26783,7.32884
Week 3,14 Oct 2003,7.12815,7.25374
Week 4,21 Oct 2003,7.13569,7.17455

Week 1,28 Oct 2003,7.17640,7.23612
Week 2,04 Nov 2003,7.12344,7.24850
Week 3,11 Nov 2003,7.22448,7.26022
Week 4,18 Nov 2003,7.12075,7.18720

Week 1,25 Nov 2003,7.06804,7.08638
Week 2,02 Dec 2003,7.11266,7.13265
Week 3,09 Dec 2003,7.09804,7.21364
Week 4,16 Dec 2003,7.11634,7.14917

Week 1,23 Dec 2003,7.08031,7.09611
Week 2,30 Dec 2003,7.04989,7.09079
Week 3,06 Jan 2004,7.00695,7.08363
Week 4,13 Jan 2004,7.00811,7.10044

Week 1,20 Jan 2004,7.03373,7.12909
Week 2,27 Jan 2004,7.10480,7.25867
Week 3,03 Feb 2004,7.20489,7.25749
Week 4,10 Feb 2004,7.20721,7.28216

Week 1,17 Feb 2004,7.19077,7.30471
Week 2,24 Feb 2004,7.14299,7.22127
Week 3,02 Mar 2004,7.25002,7.32760
Week 4,09 Mar 2004,7.31995,7.36008

Week 1,16 Mar 2004,7.32648,7.42548
Week 2,23 Mar 2004,7.40113,7.46144
Week 3,30 Mar 2004,7.41945,7.48063
Week 4,06 Apr 2004,7.43426,7.56227

Week 1,13 Apr 2004,7.43467,7.47459
Week 2,20 Apr 2004,7.44175,7.45989
Week 3,27 Apr 2004,7.36975,7.57595
Week 4,04 May 2004,7.41935,7.54422

Week 1,11 May 2004,7.55153,7.61553
Week 2,18 May 2004,7.67411,7.69764
Week 3,25 May 2004,7.87598,7.90360
Week 4,01 Jun 2004,8.08050,8.10569

Week 1,08 Jun 2004,8.03237,8.06273
Week 2,15 Jun 2004,8.09005,8.12062
Week 3,22 Jun 2004,8.15079,8.17892
Week 4,29 Jun 2004,8.03164,8.06100

Week 1,06 Jul 2004,7.78457,7.80729
Week 2,13 Jul 2004,7.69029,7.71789
Week 3,20 Jul 2004,7.76009,7.78335
Week 4,27 Jul 2004,7.81617,7.84828

Week 1,03 Aug 2004,7.87787,7.90792
Week 2,10 Aug 2004,7.97452,8.00319
Week 3,17 Aug 2004,7.99128,8.01664
Week 4,24 Aug 2004,8.05056,8.07801

Week 1,31 Aug 2004,8.06812,8.09740
Week 2,07 Sep 2004,8.07313,8.10112
Week 3,14 Sep 2004,7.91304,7.94222
Week 4,21 Sep 2004,7.91030,7.94181

Week 1,28 Sep 2004,7.96303,7.98642
Week 2,05 Oct 2004,7.77963,8.07726
Week 3,12 Oct 2004,7.86078,8.04302
Week 4,19 Oct 2004,7.87630,8.05749

Week 1,26 Oct 2004,7.98593,8.16904
Week 2,02 Nov 2004,8.03503,8.33979
Week 3,09 Nov 2004,8.04994,8.23448
Week 4,16 Nov 2004,8.25012,8.44558

Week 1,23 Nov 2004,8.42498,8.58480
Week 2,30 Nov 2004,8.59717,8.62447
Week 3,07 Dec 2004,8.68500,8.70953
Week 4,14 Dec 2004,8.75122,8.77487

Week 1,21 Dec 2004,8.82115,8.85112
Week 2,28 Dec 2004,8.83042,9.11172
Week 3,04 Jan 2005,8.74648,8.95212
Week 4,11 Jan 2005,8.70776,8.90766

Week 1,18 Jan 2005,8.82285,8.84695
Week 2,25 Jan 2005,8.88483,8.90765
Week 3,01 Feb 2005,8.95985,8.99039
Week 4,08 Feb 2005,8.94757,8.98093

Week 1,15 Feb 2005,8.98167,9.09023
Week 2,22 Feb 2005,9.14116,9.17200
Week 3,01 Mar 2005,9.21517,9.27467
Week 4,08 Mar 2005,9.34464,9.36505

Week 1,15 Mar 2005,9.31738,9.34088
Week 2,22 Mar 2005,9.28390,9.31393
Week 3,29 Mar 2005,9.30682,9.33652
Week 4,05 Apr 2005,9.29272,9.40831

Week 1,12 Apr 2005,9.35129,9.37921
Week 2,19 Apr 2005,9.55965,9.58704
Week 3,26 Apr 2005,9.60886,9.63766
Week 4,03 May 2005,9.48033,9.51241

Week 1,10 May 2005,9.39485,9.51151
Week 2,17 May 2005,9.37216,9.40634
Week 3,24 May 2005,9.45732,9.48787
Week 4,31 May 2005,9.45837,9.48797

Week 1,07 Jun 2005,9.51395,9.56081
Week 2,14 Jun 2005,9.46602,9.49894
Week 3,21 Jun 2005,9.52896,9.55723
Week 4,28 Jun 2005,9.46157,9.49235

Week 1,05 Jul 2005,9.32590,9.35227
Week 2,12 Jul 2005,9.38286,9.44804
Week 3,19 Jul 2005,9.47542,9.51740
Week 4,26 Jul 2005,9.56974,9.58966

Week 1,02 Aug 2005,9.56716,9.59897
Week 2,09 Aug 2005,9.63085,9.66857
Week 3,16 Aug 2005,9.73128,9.75969
Week 4,23 Aug 2005,9.96562,9.99512

Week 1,30 Aug 2005,10.03099,10.15089
Week 2,06 Sep 2005,10.02315,10.10005
Week 3,13 Sep 2005,9.78573,9.88556
Week 4,20 Sep 2005,9.90919,9.94249

Week 1,27 Sep 2005,9.85215,9.94479
Week 2,04 Oct 2005,9.69498,9.73126
Week 3,11 Oct 2005,9.65623,9.74576
Week 4,18 Oct 2005,9.54567,9.57262

Week 1,25 Oct 2005,9.56207,9.59759
Week 2,01 Nov 2005,9.60396,9.64378
Week 3,08 Nov 2005,9.57100,9.59406
Week 4,15 Nov 2005,9.59382,9.81679

Week 1,22 Nov 2005,9.52213,9.77706
Week 2,29 Nov 2005,9.54653,9.79987
Week 3,06 Dec 2005,9.38783,9.63546
Week 4,13 Dec 2005,9.49697,9.74683

Week 1,20 Dec 2005,9.57606,9.83384
Week 2,27 Dec 2005,9.58024,9.84060
Week 3,03 Jan 2006,9.46042,9.93880
Week 4,10 Jan 2006,9.39564,9.72098

Week 1,17 Jan 2006,9.42716,9.69626
Week 2,24 Jan 2006,9.48933,9.77319
Week 3,31 Jan 2006,9.43707,9.84127
Week 4,07 Feb 2006,9.38555,9.93713

Week 1,14 Feb 2006,9.28719,9.77089
Week 2,21 Feb 2006,9.40986,9.68530
Week 3,28 Feb 2006,9.38233,9.64627
Week 4,07 Mar 2006,9.30096,9.57114

Week 1,14 Mar 2006,9.24624,9.54361
Week 2,21 Mar 2006,9.19787,9.53381
Week 3,28 Mar 2006,9.15659,9.41076
Week 4,04 Apr 2006,9.26433,9.53243

Week 1,11 Apr 2006,9.18960,9.54036
Week 2,18 Apr 2006,9.22828,9.57244
Week 3,25 Apr 2006,9.17324,9.50514
Week 4,02 May 2006,9.21554,9.47791

Week 1,09 May 2006,9.21388,9.56792
Week 2,16 May 2006,9.52444,9.78123
Week 3,23 May 2006,9.63501,9.95577
Week 4,30 May 2006,9.61228,9.99359

Week 1,06 Jun 2006,9.66726,10.04118
Week 2,13 Jun 2006,9.65034,9.93330
Week 3,20 Jun 2006,9.57688,9.92906
Week 4,27 Jun 2006,9.65563,9.91710

Week 1,04 Jul 2006,9.69485,10.00934
Week 2,11 Jul 2006,9.26032,9.94268
Week 3,18 Jul 2006,9.51421,9.79842
Week 4,25 Jul 2006,9.41696,9.66880

Week 1,01 Aug 2006,9.27936,9.64767
Week 2,08 Aug 2006,9.21048,9.67540
Week 3,15 Aug 2006,9.27923,9.58794
Week 4,22 Aug 2006,9.36610,9.61514

Week 1,29 Aug 2006,9.31765,9.62599
Week 2,05 Sep 2006,9.39460,9.64604
Week 3,12 Sep 2006,9.40096,9.65355
Week 4,19 Sep 2006,9.48011,9.79044

Week 1,26 Sep 2006,9.61181,9.87303
Week 2,03 Oct 2006,9.58165,9.87308
Week 3,10 Oct 2006,9.49327,9.77397
Week 4,17 Oct 2006,9.42717,9.69552

Week 1,24 Oct 2006,9.44334,9.77723
Week 2,31 Oct 2006,9.53139,9.85341
Week 3,07 Nov 2006,9.59344,9.86822
Week 4,14 Nov 2006,9.63563,9.90372

Week 1,21 Nov 2006,9.60488,9.98549
Week 2,28 Nov 2006,9.71319,9.98150
Week 3,05 Dec 2006,9.72022,10.11256
Week 4,12 Dec 2006,9.65762,10.00922

Week 1,19 Dec 2006,9.64302,9.90026
Week 2,26 Dec 2006,9.58697,9.85406
Week 3,02 Jan 2007,9.53305,9.78626
Week 4,09 Jan 2007,9.48610,9.85110

Week 1,16 Jan 2007,9.54206,9.85705
Week 2,23 Jan 2007,9.54502,9.79713
Week 3,30 Jan 2007,9.48331,9.83748
Week 4,06 Feb 2007,9.56033,9.83224

Week 1,13 Feb 2007,9.50845,9.84067
Week 2,20 Feb 2007,9.47357,9.87518
Week 3,27 Feb 2007,9.49515,9.90513
Week 4,06 Mar 2007,9.52523,9.88324

Week 1,13 Mar 2007,9.59725,9.89383
Week 2,20 Mar 2007,9.58809,9.87374
Week 3,27 Mar 2007,9.52308,9.86424
Week 4,03 Apr 2007,9.57681,9.91693

Week 1,10 Apr 2007,9.63747,9.88496
Week 2,17 Apr 2007,9.63917,9.93675
Week 3,24 Apr 2007,9.76032,9.79251
Week 4,01 May 2007,9.63070,9.82191

Week 1,08 May 2007,9.48903,9.64045
Week 2,15 May 2007,9.39613,9.57517
Week 3,22 May 2007,9.39681,9.46682
Week 4,29 May 2007,9.46816,9.50929

Week 1,05 Jun 2007,9.56183,9.59893
Week 2,12 Jun 2007,9.72614,9.81312
Week 3,19 Jun 2007,9.63893,9.76171
Week 4,26 Jun 2007,9.74194,9.81437

Week 1,03 Jul 2007,9.76548,9.84317
Week 2,10 Jul 2007,9.80141,9.84349
Week 3,17 Jul 2007,9.84501,9.94999
Week 4,24 Jul 2007,9.85566,9.97267

Week 1,31 Jul 2007,9.96607,10.05983
Week 2,07 Aug 2007,9.97367,10.01273
Week 3,14 Aug 2007,9.97490,10.06790
Week 4,21 Aug 2007,9.94250,10.00610

Week 1,28 Aug 2007,10.01151,10.05394
Week 2,04 Sep 2007,10.01634,10.05926
Week 3,11 Sep 2007,10.05463,10.09637
Week 4,18 Sep 2007,9.97279,10.01140

Week 1,25 Sep 2007,9.92561,9.96687
Week 2,02 Oct 2007,9.90062,9.93900
Week 3,09 Oct 2007,9.86798,9.90626
Week 4,16 Oct 2007,9.86934,9.90741

Week 1,23 Oct 2007,9.97862,10.01689
Week 2,30 Oct 2007,10.00627,10.04758
Week 3,06 Nov 2007,10.03627,10.07721
Week 4,13 Nov 2007,9.93904,9.97633

Week 1,20 Nov 2007,10.08450,10.12429
Week 2,27 Nov 2007,10.12179,10.15869
Week 3,04 Dec 2007,10.05383,10.09407
Week 4,11 Dec 2007,10.01639,10.05756

Week 1,18 Dec 2007,10.00444,10.03731
Week 2,25 Dec 2007,9.98834,10.06800
Week 3,01 Jan 2008,9.97510,10.10347
Week 4,08 Jan 2008,10.03830,10.07293

Week 1,15 Jan 2008,10.01016,10.04376
Week 2,22 Jan 2008,9.89149,9.92680
Week 3,29 Jan 2008,9.77371,9.80793
Week 4,05 Feb 2008,9.79130,9.83148

Week 1,12 Feb 2008,9.73280,9.76923
Week 2,19 Feb 2008,9.65426,9.68972
Week 3,26 Feb 2008,9.62278,9.66270
Week 4,04 Mar 2008,9.50917,9.54202

Week 1,11 Mar 2008,9.30106,9.39173
Week 2,18 Mar 2008,9.08937,9.15415
Week 3,25 Mar 2008,9.20171,9.31391
Week 4,01 Apr 2008,9.35577,9.45812

Week 1,08 Apr 2008,9.40012,9.43243
Week 2,15 Apr 2008,9.18076,9.28918
Week 3,22 Apr 2008,9.21857,9.25233
Week 4,29 Apr 2008,9.21206,9.24139

Week 1,06 May 2008,8.92201,8.95051
Week 2,13 May 2008,8.83225,8.93711
Week 3,20 May 2008,8.88036,8.92127
Week 4,27 May 2008,9.00626,9.04664

Week 1,03 Jun 2008,9.06701,9.14442
Week 2,10 Jun 2008,9.02154,9.05200
Week 3,17 Jun 2008,8.99386,9.02506
Week 4,24 Jun 2008,8.87625,8.91133

Week 1,01 Jul 2008,8.74399,8.84188
Week 2,08 Jul 2008,9.02812,9.10942
Week 3,15 Jul 2008,9.03119,9.06497
Week 4,22 Jul 2008,9.04431,9.06987

Week 1,29 Jul 2008,8.99513,9.02678
Week 2,05 Aug 2008,8.88321,8.99057
Week 3,12 Aug 2008,8.85884,8.91465
Week 4,19 Aug 2008,8.73703,8.77045

Week 1,26 Aug 2008,8.45320,8.52032
Week 2,02 Sep 2008,8.28154,8.35033
Week 3,09 Sep 2008,8.50904,8.54572
Week 4,16 Sep 2008,8.21902,8.30039

Week 1,23 Sep 2008,8.09008,8.13674
Week 2,30 Sep 2008,7.77472,7.85935
Week 3,07 Oct 2008,7.24421,7.31350
Week 4,14 Oct 2008,7.55920,7.62276

Week 1,21 Oct 2008,7.19108,7.26349
Week 2,28 Oct 2008,7.95488,8.08660
Week 3,04 Nov 2008,8.38957,8.49790
Week 4,11 Nov 2008,8.18109,8.26019

Week 1,18 Nov 2008,8.11346,8.23731
Week 2,25 Nov 2008,8.41840,8.53250
Week 3,02 Dec 2008,8.27976,8.35780
Week 4,09 Dec 2008,7.90809,8.00507

Week 1,16 Dec 2008,8.37351,8.49228
Week 2,23 Dec 2008,8.32545,8.45337
Week 3,30 Dec 2008,8.55061,8.65861
Week 4,06 Jan 2009,8.23632,8.35652

Week 1,13 Jan 2009,8.11473,8.20835
Week 2,20 Jan 2009,8.13919,8.25341
Week 3,27 Jan 2009,8.12487,8.23792
Week 4,03 Feb 2009,8.40197,8.47219

Week 1,10 Feb 2009,8.42237,8.48900
Week 2,17 Feb 2009,8.04764,8.09778
Week 3,24 Feb 2009,7.87370,7.91028
Week 4,03 Mar 2009,7.73338,7.78457

Week 1,10 Mar 2009,7.96399,8.06781
Week 2,17 Mar 2009,8.38128,8.44969
Week 3,24 Mar 2009,8.53645,8.60468
Week 4,31 Mar 2009,8.44451,8.55819

Week 1,07 Apr 2009,8.58355,8.63376
Week 2,14 Apr 2009,8.33547,8.38731
Week 3,21 Apr 2009,8.01294,8.09122
Week 4,28 Apr 2009,8.11309,8.27503

Week 1,05 May 2009,8.27275,8.40361
Week 2,12 May 2009,8.25611,8.37904
Week 3,19 May 2009,8.20813,8.26856
Week 4,26 May 2009,8.17013,8.23131

Week 1,02 Jun 2009,8.04267,8.13773
Week 2,09 Jun 2009,8.00281,8.05224
Week 3,16 Jun 2009,8.11644,8.17208
Week 4,23 Jun 2009,8.00539,8.05375

Week 1,30 Jun 2009,8.01842,8.06102
Week 2,07 Jul 2009,7.98497,8.01910
Week 3,14 Jul 2009,7.89545,7.96800
Week 4,21 Jul 2009,8.00177,8.09799

Week 1,28 Jul 2009,8.01824,8.06097
Week 2,04 Aug 2009,8.03485,8.06898
Week 3,11 Aug 2009,8.02232,8.05195
Week 4,18 Aug 2009,7.98000,8.06534

Week 1,25 Aug 2009,7.99587,8.11041
Week 2,01 Sep 2009,8.12148,8.15291
Week 3,08 Sep 2009,8.09634,8.12739
Week 4,15 Sep 2009,7.98174,8.09440

Week 1,22 Sep 2009,8.06491,8.16359
Week 2,29 Sep 2009,8.15361,8.24403
Week 3,06 Oct 2009,8.07816,8.15173
Week 4,13 Oct 2009,8.02231,8.09156

Week 1,20 Oct 2009,7.93336,7.95944
Week 2,27 Oct 2009,8.02768,8.12338
Week 3,03 Nov 2009,8.08806,8.11610
Week 4,10 Nov 2009,8.08486,8.11192

Week 1,17 Nov 2009,8.13734,8.18250
Week 2,24 Nov 2009,8.08289,8.17303
Week 3,01 Dec 2009,8.15531,8.19344
Week 4,08 Dec 2009,8.21738,8.31459

Week 1,15 Dec 2009,8.18728,8.21493
Week 2,22 Dec 2009,7.98285,8.14411
Week 3,29 Dec 2009,7.98033,8.15644
Week 4,05 Jan 2010,8.16233,8.21037

Week 1,12 Jan 2010,8.12981,8.23191
Week 2,19 Jan 2010,8.08473,8.13656
Week 3,26 Jan 2010,7.95541,8.10469
Week 4,02 Feb 2010,8.07400,8.11074

Week 1,09 Feb 2010,8.06795,8.10160
Week 2,16 Feb 2010,8.09284,8.18726
Week 3,23 Feb 2010,8.02397,8.12842
Week 4,02 Mar 2010,7.94704,8.06822

Week 1,09 Mar 2010,8.06963,8.10447
Week 2,16 Mar 2010,8.05884,8.08954
Week 3,23 Mar 2010,7.99954,8.04985
Week 4,30 Mar 2010,7.97520,8.13906

Week 1,06 Apr 2010,8.05868,8.09026
Week 2,13 Apr 2010,8.05423,8.14618
Week 3,20 Apr 2010,8.11470,8.15109
Week 4,27 Apr 2010,8.10984,8.15974

Week 1,04 May 2010,8.02051,8.11430
Week 2,11 May 2010,8.02287,8.14433
Week 3,18 May 2010,7.79556,7.84651
Week 4,25 May 2010,7.59483,7.66886

Week 1,01 Jun 2010,7.65610,7.70759
Week 2,08 Jun 2010,7.41912,7.44800
Week 3,15 Jun 2010,7.49133,7.57704
Week 4,22 Jun 2010,7.55230,7.60035

Week 1,29 Jun 2010,7.36933,7.48176
Week 2,06 Jul 2010,7.46723,7.51333
Week 3,13 Jul 2010,7.46582,7.55651
Week 4,20 Jul 2010,7.44436,7.54534

Week 1,27 Jul 2010,7.53408,7.58388
Week 2,03 Aug 2010,7.59247,7.63813
Week 3,10 Aug 2010,7.60454,7.68260
Week 4,17 Aug 2010,7.53369,7.72590

Week 1,24 Aug 2010,7.53103,7.57365
Week 2,31 Aug 2010,7.62228,7.64583
Week 3,07 Sep 2010,7.70272,7.72687
Week 4,14 Sep 2010,7.63136,7.83603

Week 1,21 Sep 2010,7.67306,7.81996
Week 2,28 Sep 2010,7.76443,7.93627
Week 3,05 Oct 2010,7.83882,8.09179
Week 4,12 Oct 2010,7.94012,8.05289

Week 1,19 Oct 2010,7.90719,7.95993
Week 2,26 Oct 2010,7.93470,7.96305
Week 3,02 Nov 2010,7.98251,8.00943
Week 4,09 Nov 2010,7.88394,8.05605

Week 1,16 Nov 2010,7.79071,7.99963
Week 2,23 Nov 2010,7.71378,7.91742
Week 3,30 Nov 2010,7.74869,7.96357
Week 4,07 Dec 2010,7.80856,8.00641

Week 1,14 Dec 2010,7.72889,7.94323
Week 2,21 Dec 2010,7.72733,8.00216
Week 3,28 Dec 2010,7.81092,8.07442
Week 4,04 Jan 2011,7.90234,8.11646

Week 1,11 Jan 2011,7.95204,8.24428
Week 2,18 Jan 2011,7.95008,8.24874
Week 3,25 Jan 2011,7.98381,8.20206
Week 4,01 Feb 2011,7.98119,8.19160

Week 1,08 Feb 2011,7.93262,8.08707
Week 2,15 Feb 2011,7.84619,8.05669
Week 3,22 Feb 2011,7.80005,7.92405
Week 4,01 Mar 2011,7.82997,7.88164

Week 1,08 Mar 2011,7.79976,7.85133
Week 2,15 Mar 2011,7.73327,7.78700
Week 3,22 Mar 2011,7.77310,7.83752
Week 4,29 Mar 2011,7.88237,7.95921

Week 1,05 Apr 2011,7.94300,8.01115
Week 2,12 Apr 2011,7.92567,7.99207
Week 3,19 Apr 2011,7.95954,8.00505
Week 4,26 Apr 2011,7.96890,8.03930

Week 1,03 May 2011,7.91239,7.97697
Week 2,10 May 2011,7.87959,7.93364
Week 3,17 May 2011,7.82762,7.91915
Week 4,24 May 2011,7.79515,7.93145

Week 1,31 May 2011,7.88028,7.96314
Week 2,07 Jun 2011,7.78993,7.95307
Week 3,14 Jun 2011,7.84435,7.93569
Week 4,21 Jun 2011,7.91179,8.01500

Week 1,28 Jun 2011,7.98466,8.02059
Week 2,05 Jul 2011,7.98303,8.08182
Week 3,12 Jul 2011,8.03201,8.09683
Week 4,19 Jul 2011,8.05636,8.12688

Week 1,26 Jul 2011,8.03964,8.11644
Week 2,02 Aug 2011,7.91701,8.10499
Week 3,09 Aug 2011,7.83912,7.97348
Week 4,16 Aug 2011,7.85080,7.99600

Week 1,23 Aug 2011,7.86833,7.92962
Week 2,30 Aug 2011,7.94553,8.02056
Week 3,06 Sep 2011,7.92370,8.00586
Week 4,13 Sep 2011,7.91257,7.96397

Week 1,20 Sep 2011,7.60015,7.66283
Week 2,27 Sep 2011,7.58472,7.62717
Week 3,04 Oct 2011,7.53583,7.61599
Week 4,11 Oct 2011,7.59607,7.66970

Week 1,18 Oct 2011,7.69644,7.76270
Week 2,25 Oct 2011,7.87374,7.93042
Week 3,01 Nov 2011,7.94970,8.02612
Week 4,08 Nov 2011,7.93625,7.99550

Week 1,15 Nov 2011,7.88937,7.98881
Week 2,22 Nov 2011,7.78966,7.86854
Week 3,29 Nov 2011,7.88681,8.05945
Week 4,06 Dec 2011,7.94036,7.99632

Week 1,13 Dec 2011,7.80454,7.90985
Week 2,20 Dec 2011,7.82115,7.89271
Week 3,27 Dec 2011,7.80093,7.90131
Week 4,03 Jan 2012,7.83993,7.92345

Week 1,10 Jan 2012,7.87047,7.93530
Week 2,17 Jan 2012,7.87540,7.94255
Week 3,24 Jan 2012,7.94154,7.99909
Week 4,31 Jan 2012,7.97711,8.03855

Week 1,07 Feb 2012,7.96393,8.04604
Week 2,14 Feb 2012,7.96161,8.05202
Week 3,21 Feb 2012,8.00066,8.07498
Week 4,28 Feb 2012,8.05793,8.16338

Week 1,06 Mar 2012,8.12192,8.20134
Week 2,13 Mar 2012,8.10028,8.16247
Week 3,20 Mar 2012,8.01672,8.19234
Week 4,27 Mar 2012,8.02617,8.11455

Week 1,03 Apr 2012,8.07946,8.13117
Week 2,10 Apr 2012,7.99096,8.14726
Week 3,17 Apr 2012,8.01496,8.11104
Week 4,24 Apr 2012,8.05710,8.11105

Week 1,01 May 2012,8.03248,8.23652
Week 2,08 May 2012,8.01121,8.11026
Week 3,15 May 2012,7.91794,7.98650
Week 4,22 May 2012,7.84282,7.93355

Week 1,29 May 2012,7.87448,8.04326
Week 2,05 Jun 2012,7.88380,8.09230
Week 3,12 Jun 2012,7.97864,8.20487
Week 4,19 Jun 2012,8.09283,8.24232

Week 1,26 Jun 2012,8.12097,8.25074
Week 2,03 Jul 2012,8.14997,8.34939
Week 3,10 Jul 2012,8.15047,8.33438
Week 4,17 Jul 2012,8.22459,8.31925

Week 1,24 Jul 2012,8.22794,8.32053
Week 2,31 Jul 2012,8.29036,8.43641
Week 3,07 Aug 2012,8.34800,8.42948
Week 4,14 Aug 2012,8.35940,8.39081

Week 1,21 Aug 2012,8.32168,8.44256
Week 2,28 Aug 2012,8.35899,8.45142
Week 3,04 Sep 2012,8.39934,8.53182
Week 4,11 Sep 2012,8.42706,8.57103

Week 1,18 Sep 2012,8.46701,8.56806
Week 2,25 Sep 2012,8.49880,8.63138
Week 3,02 Oct 2012,8.55657,8.68694
Week 4,09 Oct 2012,8.56269,8.68579

Week 1,16 Oct 2012,8.60803,8.72196
Week 2,23 Oct 2012,8.67110,8.81332
Week 3,30 Oct 2012,8.73177,8.88502
Week 4,06 Nov 2012,8.75885,8.93917

Week 1,13 Nov 2012,8.78024,8.89122
Week 2,20 Nov 2012,8.76835,8.97006
Week 3,27 Nov 2012,8.77397,8.94906
Week 4,04 Dec 2012,8.82232,8.93762

Week 1,11 Dec 2012,8.89898,9.04183
Week 2,18 Dec 2012,8.94103,9.02556
Week 3,25 Dec 2012,8.98224,9.04058
Week 4,01 Jan 2013,9.00668,9.18399

Week 1,08 Jan 2013,9.05346,9.23009
Week 2,15 Jan 2013,9.04787,9.23357
Week 3,22 Jan 2013,8.95953,9.13148
Week 4,29 Jan 2013,8.85266,8.97533

Week 1,05 Feb 2013,8.78329,8.93357
Week 2,12 Feb 2013,8.83405,8.96506
Week 3,19 Feb 2013,8.88217,9.03554
Week 4,26 Feb 2013,8.85708,8.99804

Week 1,05 Mar 2013,8.82600,8.96444
Week 2,12 Mar 2013,8.74112,8.84030
Week 3,19 Mar 2013,8.64572,8.77407
Week 4,26 Mar 2013,8.66366,8.82504

Week 1,02 Apr 2013,8.57296,8.78659
Week 2,09 Apr 2013,8.51757,8.63396
Week 3,16 Apr 2013,8.60385,8.74616
Week 4,23 Apr 2013,8.66953,8.76538

Week 1,30 Apr 2013,8.77312,8.90334
Week 2,07 May 2013,8.79775,8.94379
Week 3,14 May 2013,8.65780,8.86006
Week 4,21 May 2013,8.62872,8.79468

Week 1,28 May 2013,8.61042,8.78387
Week 2,04 Jun 2013,8.68083,8.90881
Week 3,11 Jun 2013,8.67072,8.81175
Week 4,18 Jun 2013,8.62388,8.72349

Week 1,25 Jun 2013,8.57327,8.68582
Week 2,02 Jul 2013,8.66998,8.76539
Week 3,09 Jul 2013,8.76189,8.88805
Week 4,16 Jul 2013,8.93848,9.01467

Week 1,23 Jul 2013,9.06330,9.22106
Week 2,30 Jul 2013,9.10346,9.23933
Week 3,06 Aug 2013,9.19172,9.26723
Week 4,13 Aug 2013,9.23898,9.34086

Week 1,20 Aug 2013,9.55664,9.69841
Week 2,27 Aug 2013,9.74803,9.87949
Week 3,03 Sep 2013,10.07173,10.20433
Week 4,10 Sep 2013,10.35497,10.53639

Week 1,17 Sep 2013,10.50510,10.59431
Week 2,24 Sep 2013,10.64724,10.75327
Week 3,01 Oct 2013,10.56227,10.79173
Week 4,08 Oct 2013,10.53269,10.73450

Week 1,15 Oct 2013,10.58170,10.67639
Week 2,22 Oct 2013,10.38993,10.55169
Week 3,29 Oct 2013,10.47690,10.64344
Week 4,05 Nov 2013,10.63296,10.79040

Week 1,12 Nov 2013,10.78101,10.94217
Week 2,19 Nov 2013,10.95347,11.05644
Week 3,26 Nov 2013,11.02371,11.20849
Week 4,03 Dec 2013,11.04806,11.32117

Week 1,10 Dec 2013,11.31566,11.41630
Week 2,17 Dec 2013,11.40410,11.43983
Week 3,24 Dec 2013,11.46129,11.51999
Week 4,31 Dec 2013,11.48127,11.52911

Week 1,07 Jan 2014,11.25586,11.31053
Week 2,14 Jan 2014,11.14643,11.27741
Week 3,21 Jan 2014,11.19560,11.27364
Week 4,28 Jan 2014,11.23521,11.29697

Week 1,04 Feb 2014,11.12016,11.17630
Week 2,11 Feb 2014,11.10530,11.15041
Week 3,18 Feb 2014,10.91816,11.00279
Week 4,25 Feb 2014,10.83716,10.88099

Week 1,04 Mar 2014,10.74443,10.79106
Week 2,11 Mar 2014,10.61744,10.67906
Week 3,18 Mar 2014,10.55290,10.61021
Week 4,25 Mar 2014,10.56419,10.62473

Week 1,01 Apr 2014,10.66210,10.71777
Week 2,08 Apr 2014,10.83689,10.96393
Week 3,15 Apr 2014,10.98891,11.03371
Week 4,22 Apr 2014,11.08069,11.14107

Week 1,29 Apr 2014,11.16313,11.20534
Week 2,06 May 2014,11.22447,11.26894
Week 3,13 May 2014,11.10533,11.21184
Week 4,20 May 2014,11.18550,11.26756

Week 1,27 May 2014,11.35786,11.40120
Week 2,03 Jun 2014,11.54919,11.59390
Week 3,10 Jun 2014,11.57947,11.61826
Week 4,17 Jun 2014,11.66537,11.70654

Week 1,24 Jun 2014,11.81136,11.85246
Week 2,01 Jul 2014,11.74887,11.79417
Week 3,08 Jul 2014,11.46514,11.53271
Week 4,15 Jul 2014,11.31426,11.38924

Week 1,22 Jul 2014,11.23229,11.28036
Week 2,29 Jul 2014,11.30996,11.38556
Week 3,05 Aug 2014,11.35374,11.41493
Week 4,12 Aug 2014,11.37849,11.42434

Week 1,19 Aug 2014,11.43434,11.48026
Week 2,26 Aug 2014,11.46007,11.57747
Week 3,02 Sep 2014,11.41694,11.60481
Week 4,09 Sep 2014,11.36781,11.55933

Week 1,16 Sep 2014,11.39104,11.60754
Week 2,23 Sep 2014,11.42011,11.60417
Week 3,30 Sep 2014,11.46250,11.53376
Week 4,07 Oct 2014,11.33187,11.46307

Week 1,14 Oct 2014,11.41336,11.47007
Week 2,21 Oct 2014,11.38811,11.43896
Week 3,28 Oct 2014,11.31314,11.51523
Week 4,04 Nov 2014,11.10099,11.30316

Week 1,11 Nov 2014,11.07969,11.19280
Week 2,18 Nov 2014,10.93337,10.99779
Week 3,25 Nov 2014,10.89399,11.07063
Week 4,02 Dec 2014,11.00859,11.06511

Week 1,09 Dec 2014,11.20677,11.26114
Week 2,16 Dec 2014,11.42861,11.56844
Week 3,23 Dec 2014,11.24546,11.32884
Week 4,30 Dec 2014,11.29101,11.36490

Week 1,06 Jan 2015,11.45649,11.61621
Week 2,13 Jan 2015,11.53397,11.79044
Week 3,20 Jan 2015,11.46410,11.67503
Week 4,27 Jan 2015,11.51573,11.58521

Week 1,03 Feb 2015,11.50431,11.62839
Week 2,10 Feb 2015,11.52331,11.66496
Week 3,17 Feb 2015,11.50370,11.63731
Week 4,24 Feb 2015,11.66446,11.72736

Week 1,03 Mar 2015,11.75497,11.85486
Week 2,10 Mar 2015,11.63274,11.74111
Week 3,17 Mar 2015,11.64046,11.70499
Week 4,24 Mar 2015,11.73921,11.81674

Week 1,31 Mar 2015,11.83054,11.94403
Week 2,07 Apr 2015,11.82089,11.91491
Week 3,14 Apr 2015,11.80479,11.86959
Week 4,21 Apr 2015,11.94064,12.01114

Week 1,28 Apr 2015,12.04457,12.11287
Week 2,05 May 2015,11.98066,12.09111
Week 3,12 May 2015,11.99890,12.05269
Week 4,19 May 2015,11.97160,12.08917

Week 1,26 May 2015,11.89234,11.95537
Week 2,02 Jun 2015,11.85541,11.97269
Week 3,09 Jun 2015,11.89914,11.97577
Week 4,16 Jun 2015,11.98567,12.03360

Week 1,23 Jun 2015,11.92116,11.98401
Week 2,30 Jun 2015,11.85093,11.90189
Week 3,07 Jul 2015,11.74074,11.79696
Week 4,14 Jul 2015,11.62736,11.67977

Week 1,21 Jul 2015,11.51943,11.57337
Week 2,28 Jul 2015,11.49789,11.62933
Week 3,04 Aug 2015,11.54809,11.62450
Week 4,11 Aug 2015,11.55411,11.77110

Week 1,18 Aug 2015,11.53917,11.79400
Week 2,25 Aug 2015,11.69669,12.05307
Week 3,01 Sep 2015,11.73470,12.03706
Week 4,08 Sep 2015,11.89579,12.07896

Week 1,15 Sep 2015,12.20126,12.31750
Week 2,22 Sep 2015,12.24780,12.33723
Week 3,29 Sep 2015,12.34724,12.47669
Week 4,06 Oct 2015,11.93940,12.18776

Week 1,13 Oct 2015,11.77607,11.97671
Week 2,20 Oct 2015,11.96886,12.07184
Week 3,27 Oct 2015,11.95866,12.04569
Week 4,03 Nov 2015,11.83494,12.07741

Week 1,10 Nov 2015,11.68910,11.75619
Week 2,17 Nov 2015,11.63564,11.92306
Week 3,24 Nov 2015,11.68793,12.13163
Week 4,01 Dec 2015,11.81047,11.97477

Week 1,08 Dec 2015,11.72894,11.93443
Week 2,15 Dec 2015,11.74271,11.93094
Week 3,22 Dec 2015,11.51456,11.82569
Week 4,29 Dec 2015,11.56366,11.89120

Week 1,05 Jan 2016,11.47534,11.79893
Week 2,12 Jan 2016,11.28161,11.68574
Week 3,19 Jan 2016,11.43561,11.56544
Week 4,26 Jan 2016,11.36024,11.68293

Week 1,02 Feb 2016,11.27541,11.41657
Week 2,09 Feb 2016,11.11271,11.38644
Week 3,16 Feb 2016,10.85740,11.11649
Week 4,23 Feb 2016,10.74964,10.94237

Week 1,01 Mar 2016,10.71160,11.02720
Week 2,08 Mar 2016,10.71527,11.08071
Week 3,15 Mar 2016,11.08239,11.23533
Week 4,22 Mar 2016,11.30717,11.39084

Week 1,29 Mar 2016,11.43707,11.51777
Week 2,05 Apr 2016,11.36461,11.44223
Week 3,12 Apr 2016,11.43670,11.50203
Week 4,19 Apr 2016,11.51373,11.56491

Week 1,26 Apr 2016,11.45717,11.55777
Week 2,03 May 2016,11.42469,11.49837
Week 3,10 May 2016,11.32933,11.37679
Week 4,17 May 2016,11.32736,11.41523

Week 1,24 May 2016,11.45586,11.53114
Week 2,31 May 2016,11.45397,11.50443
Week 3,07 Jun 2016,11.40879,11.46506
Week 4,14 Jun 2016,11.34490,11.43186

Week 1,21 Jun 2016,11.39806,11.58034
Week 2,28 Jun 2016,11.32310,11.44730
Week 3,05 Jul 2016,11.31856,11.46266
Week 4,12 Jul 2016,11.43667,11.50699

Week 1,19 Jul 2016,11.49504,11.53983
Week 2,26 Jul 2016,11.56576,11.73933
Week 3,02 Aug 2016,11.74927,11.80730
Week 4,09 Aug 2016,11.86067,11.92423

Week 1,16 Aug 2016,11.81701,11.88349
Week 2,23 Aug 2016,11.80019,11.87439
Week 3,30 Aug 2016,11.81369,11.90583
Week 4,06 Sep 2016,11.89230,11.94683

Week 1,13 Sep 2016,11.67067,11.80873
Week 2,20 Sep 2016,11.77790,11.83854
Week 3,27 Sep 2016,11.78287,11.82039
Week 4,04 Oct 2016,11.64894,11.71034

Week 1,11 Oct 2016,11.52333,11.61287
Week 2,18 Oct 2016,11.43793,11.60027
Week 3,25 Oct 2016,11.39819,11.45500
Week 4,01 Nov 2016,11.32430,11.50239

Week 1,08 Nov 2016,11.30830,11.57429
Week 2,15 Nov 2016,11.26553,11.50471
Week 3,22 Nov 2016,11.43234,11.50837
Week 4,29 Nov 2016,11.53133,11.57630

Week 1,06 Dec 2016,11.40033,11.45380
Week 2,13 Dec 2016,11.31631,11.37677
Week 3,20 Dec 2016,11.19777,11.26431
Week 4,27 Dec 2016,11.10806,11.23253

Week 1,03 Jan 2017,11.09001,11.23484
Week 2,10 Jan 2017,11.18999,11.25774
Week 3,17 Jan 2017,11.35187,11.40933
Week 4,24 Jan 2017,11.37493,11.44766

Week 1,31 Jan 2017,11.53277,11.66240
Week 2,07 Feb 2017,11.55011,11.70174
Week 3,14 Feb 2017,11.54660,11.72693
Week 4,21 Feb 2017,11.70681,11.75956

Week 1,28 Feb 2017,11.64161,11.70663
Week 2,07 Mar 2017,11.56841,11.63035
Week 3,14 Mar 2017,11.66203,11.82958
Week 4,21 Mar 2017,11.87219,11.92444

Week 1,28 Mar 2017,11.90214,11.99121
Week 2,04 Apr 2017,11.70656,11.88980
Week 3,11 Apr 2017,11.57656,11.78718
Week 4,18 Apr 2017,11.67719,11.73320

Week 1,25 Apr 2017,11.68517,11.78911
Week 2,02 May 2017,11.71635,11.77345
Week 3,09 May 2017,11.78114,11.83772
Week 4,16 May 2017,11.86530,11.92815

Week 1,23 May 2017,11.85257,11.89296
Week 2,30 May 2017,11.85002,11.90905
Week 3,06 Jun 2017,11.77089,11.91165
Week 4,13 Jun 2017,11.74847,11.78598

Week 1,20 Jun 2017,11.61424,11.77380
Week 2,27 Jun 2017,11.58526,11.72613
Week 3,04 Jul 2017,11.49353,11.73272
Week 4,11 Jul 2017,11.63118,11.78988

Week 1,18 Jul 2017,11.76815,11.93928
Week 2,25 Jul 2017,11.79502,11.97047
Week 3,01 Aug 2017,11.77226,11.95351
Week 4,08 Aug 2017,11.60773,11.80465

Week 1,15 Aug 2017,11.60767,11.83767
Week 2,22 Aug 2017,11.72291,11.86427
Week 3,29 Aug 2017,11.84572,11.95549
Week 4,05 Sep 2017,11.67522,11.81537

Week 1,12 Sep 2017,11.61851,11.76074
Week 2,19 Sep 2017,11.67887,11.82854
Week 3,26 Sep 2017,11.68093,11.84068
Week 4,03 Oct 2017,11.70560,11.88961

Week 1,10 Oct 2017,11.83046,12.01777
Week 2,17 Oct 2017,11.87081,12.03113
Week 3,24 Oct 2017,11.98313,12.12763
Week 4,31 Oct 2017,12.06315,12.20266

Week 1,07 Nov 2017,12.02389,12.17469
Week 2,14 Nov 2017,12.13235,12.39150
Week 3,21 Nov 2017,12.31633,12.46016
Week 4,28 Nov 2017,12.39606,12.54197

Week 1,05 Dec 2017,12.40845,12.44209


