KRW->RUB

Week 1,01 Dec 1998,0.01621,0.01645
Week 2,08 Dec 1998,0.01731,0.01764
Week 3,15 Dec 1998,0.01795,0.01819
Week 4,22 Dec 1998,0.01720,0.01746

Week 1,29 Dec 1998,0.01737,0.01835
Week 2,05 Jan 1999,0.01969,0.02003
Week 3,12 Jan 1999,0.01928,0.01952
Week 4,19 Jan 1999,0.01962,0.01980

Week 1,26 Jan 1999,0.01956,0.01968
Week 2,02 Feb 1999,0.01981,0.01993
Week 3,09 Feb 1999,0.01957,0.01968
Week 4,16 Feb 1999,0.01927,0.01943

Week 1,23 Feb 1999,0.01884,0.01899
Week 2,02 Mar 1999,0.01882,0.01893
Week 3,09 Mar 1999,0.01894,0.01908
Week 4,16 Mar 1999,0.01951,0.01969

Week 1,23 Mar 1999,0.02114,0.02156
Week 2,30 Mar 1999,0.02096,0.02119
Week 3,06 Apr 1999,0.02120,0.02140
Week 4,13 Apr 1999,0.02100,0.02112

Week 1,20 Apr 1999,0.02089,0.02113
Week 2,27 Apr 1999,0.02076,0.02096
Week 3,04 May 1999,0.02012,0.02033
Week 4,11 May 1999,0.02072,0.02108

Week 1,18 May 1999,0.02069,0.02080
Week 2,25 May 1999,0.02069,0.02078
Week 3,01 Jun 1999,0.02082,0.02088
Week 4,08 Jun 1999,0.02086,0.02096

Week 1,15 Jun 1999,0.02094,0.02105
Week 2,22 Jun 1999,0.02102,0.02114
Week 3,29 Jun 1999,0.02103,0.02115
Week 4,06 Jul 1999,0.02077,0.02092

Week 1,13 Jul 1999,0.02058,0.02071
Week 2,20 Jul 1999,0.02017,0.02033
Week 3,27 Jul 1999,0.02014,0.02020
Week 4,03 Aug 1999,0.02026,0.02029

Week 1,10 Aug 1999,0.02056,0.02070
Week 2,17 Aug 1999,0.02059,0.02073
Week 3,24 Aug 1999,0.02083,0.02094
Week 4,31 Aug 1999,0.02145,0.02159

Week 1,07 Sep 1999,0.02159,0.02179
Week 2,14 Sep 1999,0.02120,0.02138
Week 3,21 Sep 1999,0.02091,0.02102
Week 4,28 Sep 1999,0.02079,0.02097

Week 1,05 Oct 1999,0.02138,0.02145
Week 2,12 Oct 1999,0.02137,0.02140
Week 3,19 Oct 1999,0.02137,0.02145
Week 4,26 Oct 1999,0.02167,0.02174

Week 1,02 Nov 1999,0.02211,0.02223
Week 2,09 Nov 1999,0.02236,0.02243
Week 3,16 Nov 1999,0.02244,0.02250
Week 4,23 Nov 1999,0.02278,0.02285

Week 1,30 Nov 1999,0.02287,0.02302
Week 2,07 Dec 1999,0.02357,0.02364
Week 3,14 Dec 1999,0.02368,0.02373
Week 4,21 Dec 1999,0.02369,0.02375

Week 1,28 Dec 1999,0.02410,0.02416
Week 2,04 Jan 2000,0.02409,0.02425
Week 3,11 Jan 2000,0.02515,0.02525
Week 4,18 Jan 2000,0.02533,0.02539

Week 1,25 Jan 2000,0.02540,0.02546
Week 2,01 Feb 2000,0.02543,0.02549
Week 3,08 Feb 2000,0.02565,0.02570
Week 4,15 Feb 2000,0.02551,0.02556

Week 1,22 Feb 2000,0.02529,0.02535
Week 2,29 Feb 2000,0.02542,0.02551
Week 3,07 Mar 2000,0.02547,0.02553
Week 4,14 Mar 2000,0.02542,0.02547

Week 1,21 Mar 2000,0.02549,0.02555
Week 2,28 Mar 2000,0.02572,0.02577
Week 3,04 Apr 2000,0.02581,0.02588
Week 4,11 Apr 2000,0.02571,0.02576

Week 1,18 Apr 2000,0.02580,0.02585
Week 2,25 Apr 2000,0.02565,0.02570
Week 3,02 May 2000,0.02556,0.02560
Week 4,09 May 2000,0.02548,0.02552

Week 1,16 May 2000,0.02531,0.02536
Week 2,23 May 2000,0.02494,0.02501
Week 3,30 May 2000,0.02504,0.02510
Week 4,06 Jun 2000,0.02537,0.02543

Week 1,13 Jun 2000,0.02539,0.02544
Week 2,20 Jun 2000,0.02517,0.02522
Week 3,27 Jun 2000,0.02514,0.02518
Week 4,04 Jul 2000,0.02507,0.02511

Week 1,11 Jul 2000,0.02501,0.02504
Week 2,18 Jul 2000,0.02487,0.02489
Week 3,25 Jul 2000,0.02485,0.02489
Week 4,01 Aug 2000,0.02489,0.02492

Week 1,08 Aug 2000,0.02481,0.02486
Week 2,15 Aug 2000,0.02487,0.02490
Week 3,22 Aug 2000,0.02487,0.02489
Week 4,29 Aug 2000,0.02505,0.02508

Week 1,05 Sep 2000,0.02513,0.02517
Week 2,12 Sep 2000,0.02491,0.02494
Week 3,19 Sep 2000,0.02457,0.02464
Week 4,26 Sep 2000,0.02485,0.02489

Week 1,03 Oct 2000,0.02488,0.02496
Week 2,10 Oct 2000,0.02476,0.02484
Week 3,17 Oct 2000,0.02461,0.02469
Week 4,24 Oct 2000,0.02448,0.02456

Week 1,31 Oct 2000,0.02448,0.02456
Week 2,07 Nov 2000,0.02447,0.02455
Week 3,14 Nov 2000,0.02433,0.02441
Week 4,21 Nov 2000,0.02358,0.02367

Week 1,28 Nov 2000,0.02314,0.02321
Week 2,05 Dec 2000,0.02329,0.02337
Week 3,12 Dec 2000,0.02330,0.02335
Week 4,19 Dec 2000,0.02285,0.02288

Week 1,26 Dec 2000,0.02257,0.02263
Week 2,02 Jan 2001,0.02245,0.02251
Week 3,09 Jan 2001,0.02226,0.02231
Week 4,16 Jan 2001,0.02215,0.02220

Week 1,23 Jan 2001,0.02220,0.02225
Week 2,30 Jan 2001,0.02263,0.02267
Week 3,06 Feb 2001,0.02259,0.02266
Week 4,13 Feb 2001,0.02292,0.02298

Week 1,20 Feb 2001,0.02309,0.02312
Week 2,27 Feb 2001,0.02277,0.02282
Week 3,06 Mar 2001,0.02256,0.02261
Week 4,13 Mar 2001,0.02225,0.02232

Week 1,20 Mar 2001,0.02198,0.02204
Week 2,27 Mar 2001,0.02178,0.02183
Week 3,03 Apr 2001,0.02137,0.02141
Week 4,10 Apr 2001,0.02172,0.02176

Week 1,17 Apr 2001,0.02196,0.02199
Week 2,24 Apr 2001,0.02191,0.02194
Week 3,01 May 2001,0.02221,0.02228
Week 4,08 May 2001,0.02227,0.02232

Week 1,15 May 2001,0.02230,0.02232
Week 2,22 May 2001,0.02251,0.02256
Week 3,29 May 2001,0.02259,0.02266
Week 4,05 Jun 2001,0.02268,0.02271

Week 1,12 Jun 2001,0.02253,0.02258
Week 2,19 Jun 2001,0.02233,0.02238
Week 3,26 Jun 2001,0.02236,0.02244
Week 4,03 Jul 2001,0.02248,0.02260

Week 1,10 Jul 2001,0.02239,0.02253
Week 2,17 Jul 2001,0.02235,0.02253
Week 3,24 Jul 2001,0.02243,0.02260
Week 4,31 Jul 2001,0.02268,0.02288

Week 1,07 Aug 2001,0.02280,0.02300
Week 2,14 Aug 2001,0.02285,0.02305
Week 3,21 Aug 2001,0.02289,0.02308
Week 4,28 Aug 2001,0.02293,0.02307

Week 1,04 Sep 2001,0.02290,0.02302
Week 2,11 Sep 2001,0.02275,0.02286
Week 3,18 Sep 2001,0.02268,0.02273
Week 4,25 Sep 2001,0.02254,0.02258

Week 1,02 Oct 2001,0.02240,0.02244
Week 2,09 Oct 2001,0.02259,0.02268
Week 3,16 Oct 2001,0.02272,0.02277
Week 4,23 Oct 2001,0.02279,0.02285

Week 1,30 Oct 2001,0.02293,0.02303
Week 2,06 Nov 2001,0.02304,0.02315
Week 3,13 Nov 2001,0.02323,0.02331
Week 4,20 Nov 2001,0.02331,0.02335

Week 1,27 Nov 2001,0.02358,0.02367
Week 2,04 Dec 2001,0.02350,0.02362
Week 3,11 Dec 2001,0.02356,0.02367
Week 4,18 Dec 2001,0.02330,0.02341

Week 1,25 Dec 2001,0.02296,0.02318
Week 2,01 Jan 2002,0.02326,0.02343
Week 3,08 Jan 2002,0.02331,0.02341
Week 4,15 Jan 2002,0.02321,0.02335

Week 1,22 Jan 2002,0.02308,0.02322
Week 2,29 Jan 2002,0.02333,0.02350
Week 3,05 Feb 2002,0.02333,0.02350
Week 4,12 Feb 2002,0.02341,0.02361

Week 1,19 Feb 2002,0.02346,0.02355
Week 2,26 Feb 2002,0.02339,0.02357
Week 3,05 Mar 2002,0.02359,0.02379
Week 4,12 Mar 2002,0.02354,0.02374

Week 1,19 Mar 2002,0.02348,0.02367
Week 2,26 Mar 2002,0.02347,0.02365
Week 3,02 Apr 2002,0.02348,0.02365
Week 4,09 Apr 2002,0.02346,0.02366

Week 1,16 Apr 2002,0.02368,0.02385
Week 2,23 Apr 2002,0.02391,0.02403
Week 3,30 Apr 2002,0.02426,0.02435
Week 4,07 May 2002,0.02438,0.02445

Week 1,14 May 2002,0.02461,0.02470
Week 2,21 May 2002,0.02513,0.02529
Week 3,28 May 2002,0.02559,0.02573
Week 4,04 Jun 2002,0.02573,0.02586

Week 1,11 Jun 2002,0.02576,0.02583
Week 2,18 Jun 2002,0.02573,0.02583
Week 3,25 Jun 2002,0.02619,0.02631
Week 4,02 Jul 2002,0.02624,0.02631

Week 1,09 Jul 2002,0.02671,0.02686
Week 2,16 Jul 2002,0.02693,0.02704
Week 3,23 Jul 2002,0.02695,0.02708
Week 4,30 Jul 2002,0.02659,0.02673

Week 1,06 Aug 2002,0.02625,0.02642
Week 2,13 Aug 2002,0.02651,0.02671
Week 3,20 Aug 2002,0.02637,0.02661
Week 4,27 Aug 2002,0.02627,0.02650

Week 1,03 Sep 2002,0.02643,0.02666
Week 2,10 Sep 2002,0.02637,0.02651
Week 3,17 Sep 2002,0.02614,0.02628
Week 4,24 Sep 2002,0.02581,0.02597

Week 1,01 Oct 2002,0.02581,0.02595
Week 2,08 Oct 2002,0.02529,0.02545
Week 3,15 Oct 2002,0.02539,0.02554
Week 4,22 Oct 2002,0.02575,0.02584

Week 1,29 Oct 2002,0.02587,0.02598
Week 2,05 Nov 2002,0.02621,0.02633
Week 3,12 Nov 2002,0.02649,0.02662
Week 4,19 Nov 2002,0.02632,0.02643

Week 1,26 Nov 2002,0.02647,0.02658
Week 2,03 Dec 2002,0.02611,0.02615
Week 3,10 Dec 2002,0.02636,0.02645
Week 4,17 Dec 2002,0.02646,0.02651

Week 1,24 Dec 2002,0.02649,0.02656
Week 2,31 Dec 2002,0.02674,0.02680
Week 3,07 Jan 2003,0.02690,0.02700
Week 4,14 Jan 2003,0.02710,0.02717

Week 1,21 Jan 2003,0.02718,0.02725
Week 2,28 Jan 2003,0.02726,0.02736
Week 3,04 Feb 2003,0.02694,0.02704
Week 4,11 Feb 2003,0.02639,0.02648

Week 1,18 Feb 2003,0.02636,0.02649
Week 2,25 Feb 2003,0.02652,0.02661
Week 3,04 Mar 2003,0.02611,0.02620
Week 4,11 Mar 2003,0.02531,0.02538

Week 1,18 Mar 2003,0.02505,0.02513
Week 2,25 Mar 2003,0.02504,0.02511
Week 3,01 Apr 2003,0.02484,0.02500
Week 4,08 Apr 2003,0.02524,0.02528

Week 1,15 Apr 2003,0.02567,0.02587
Week 2,22 Apr 2003,0.02536,0.02543
Week 3,29 Apr 2003,0.02561,0.02566
Week 4,06 May 2003,0.02590,0.02595

Week 1,13 May 2003,0.02574,0.02609
Week 2,20 May 2003,0.02573,0.02585
Week 3,27 May 2003,0.02553,0.02556
Week 4,03 Jun 2003,0.02542,0.02553

Week 1,10 Jun 2003,0.02543,0.02577
Week 2,17 Jun 2003,0.02533,0.02566
Week 3,24 Jun 2003,0.02548,0.02550
Week 4,01 Jul 2003,0.02550,0.02561

Week 1,08 Jul 2003,0.02556,0.02599
Week 2,15 Jul 2003,0.02564,0.02600
Week 3,22 Jul 2003,0.02565,0.02576
Week 4,29 Jul 2003,0.02544,0.02586

Week 1,05 Aug 2003,0.02552,0.02578
Week 2,12 Aug 2003,0.02567,0.02580
Week 3,19 Aug 2003,0.02582,0.02588
Week 4,26 Aug 2003,0.02588,0.02592

Week 1,02 Sep 2003,0.02599,0.02627
Week 2,09 Sep 2003,0.02597,0.02642
Week 3,16 Sep 2003,0.02605,0.02642
Week 4,23 Sep 2003,0.02638,0.02659

Week 1,30 Sep 2003,0.02647,0.02660
Week 2,07 Oct 2003,0.02625,0.02645
Week 3,14 Oct 2003,0.02549,0.02592
Week 4,21 Oct 2003,0.02513,0.02525

Week 1,28 Oct 2003,0.02517,0.02537
Week 2,04 Nov 2003,0.02502,0.02543
Week 3,11 Nov 2003,0.02540,0.02550
Week 4,18 Nov 2003,0.02499,0.02517

Week 1,25 Nov 2003,0.02472,0.02475
Week 2,02 Dec 2003,0.02486,0.02492
Week 3,09 Dec 2003,0.02468,0.02506
Week 4,16 Dec 2003,0.02458,0.02468

Week 1,23 Dec 2003,0.02441,0.02444
Week 2,30 Dec 2003,0.02446,0.02456
Week 3,06 Jan 2004,0.02442,0.02465
Week 4,13 Jan 2004,0.02418,0.02448

Week 1,20 Jan 2004,0.02397,0.02427
Week 2,27 Jan 2004,0.02399,0.02449
Week 3,03 Feb 2004,0.02431,0.02447
Week 4,10 Feb 2004,0.02439,0.02463

Week 1,17 Feb 2004,0.02426,0.02464
Week 2,24 Feb 2004,0.02414,0.02438
Week 3,02 Mar 2004,0.02421,0.02446
Week 4,09 Mar 2004,0.02427,0.02438

Week 1,16 Mar 2004,0.02432,0.02463
Week 2,23 Mar 2004,0.02447,0.02465
Week 3,30 Mar 2004,0.02452,0.02470
Week 4,06 Apr 2004,0.02470,0.02511

Week 1,13 Apr 2004,0.02473,0.02485
Week 2,20 Apr 2004,0.02491,0.02495
Week 3,27 Apr 2004,0.02464,0.02505
Week 4,04 May 2004,0.02457,0.02490

Week 1,11 May 2004,0.02439,0.02457
Week 2,18 May 2004,0.02461,0.02464
Week 3,25 May 2004,0.02474,0.02478
Week 4,01 Jun 2004,0.02495,0.02499

Week 1,08 Jun 2004,0.02499,0.02503
Week 2,15 Jun 2004,0.02499,0.02504
Week 3,22 Jun 2004,0.02515,0.02521
Week 4,29 Jun 2004,0.02516,0.02521

Week 1,06 Jul 2004,0.02524,0.02527
Week 2,13 Jul 2004,0.02511,0.02516
Week 3,20 Jul 2004,0.02500,0.02504
Week 4,27 Jul 2004,0.02493,0.02499

Week 1,03 Aug 2004,0.02512,0.02517
Week 2,10 Aug 2004,0.02528,0.02533
Week 3,17 Aug 2004,0.02526,0.02530
Week 4,24 Aug 2004,0.02532,0.02536

Week 1,31 Aug 2004,0.02537,0.02541
Week 2,07 Sep 2004,0.02543,0.02547
Week 3,14 Sep 2004,0.02547,0.02552
Week 4,21 Sep 2004,0.02542,0.02549

Week 1,28 Sep 2004,0.02536,0.02540
Week 2,05 Oct 2004,0.02502,0.02593
Week 3,12 Oct 2004,0.02520,0.02575
Week 4,19 Oct 2004,0.02521,0.02575

Week 1,26 Oct 2004,0.02531,0.02586
Week 2,02 Nov 2004,0.02544,0.02636
Week 3,09 Nov 2004,0.02568,0.02623
Week 4,16 Nov 2004,0.02628,0.02687

Week 1,23 Nov 2004,0.02662,0.02710
Week 2,30 Nov 2004,0.02670,0.02675
Week 3,07 Dec 2004,0.02651,0.02655
Week 4,14 Dec 2004,0.02635,0.02640

Week 1,21 Dec 2004,0.02647,0.02652
Week 2,28 Dec 2004,0.02626,0.02707
Week 3,04 Jan 2005,0.02613,0.02674
Week 4,11 Jan 2005,0.02642,0.02700

Week 1,18 Jan 2005,0.02711,0.02715
Week 2,25 Jan 2005,0.02729,0.02733
Week 3,01 Feb 2005,0.02733,0.02737
Week 4,08 Feb 2005,0.02715,0.02720

Week 1,15 Feb 2005,0.02714,0.02743
Week 2,22 Feb 2005,0.02749,0.02754
Week 3,01 Mar 2005,0.02745,0.02758
Week 4,08 Mar 2005,0.02751,0.02754

Week 1,15 Mar 2005,0.02739,0.02742
Week 2,22 Mar 2005,0.02730,0.02734
Week 3,29 Mar 2005,0.02735,0.02740
Week 4,05 Apr 2005,0.02732,0.02761

Week 1,12 Apr 2005,0.02740,0.02744
Week 2,19 Apr 2005,0.02754,0.02759
Week 3,26 Apr 2005,0.02778,0.02781
Week 4,03 May 2005,0.02775,0.02779

Week 1,10 May 2005,0.02770,0.02801
Week 2,17 May 2005,0.02781,0.02786
Week 3,24 May 2005,0.02799,0.02803
Week 4,31 May 2005,0.02804,0.02808

Week 1,07 Jun 2005,0.02823,0.02827
Week 2,14 Jun 2005,0.02816,0.02820
Week 3,21 Jun 2005,0.02826,0.02831
Week 4,28 Jun 2005,0.02782,0.02786

Week 1,05 Jul 2005,0.02738,0.02741
Week 2,12 Jul 2005,0.02753,0.02765
Week 3,19 Jul 2005,0.02776,0.02782
Week 4,26 Jul 2005,0.02793,0.02797

Week 1,02 Aug 2005,0.02797,0.02801
Week 2,09 Aug 2005,0.02793,0.02798
Week 3,16 Aug 2005,0.02795,0.02799
Week 4,23 Aug 2005,0.02769,0.02771

Week 1,30 Aug 2005,0.02756,0.02759
Week 2,06 Sep 2005,0.02750,0.02756
Week 3,13 Sep 2005,0.02752,0.02773
Week 4,20 Sep 2005,0.02757,0.02762

Week 1,27 Sep 2005,0.02732,0.02753
Week 2,04 Oct 2005,0.02743,0.02748
Week 3,11 Oct 2005,0.02734,0.02755
Week 4,18 Oct 2005,0.02709,0.02712

Week 1,25 Oct 2005,0.02718,0.02725
Week 2,01 Nov 2005,0.02730,0.02736
Week 3,08 Nov 2005,0.02757,0.02759
Week 4,15 Nov 2005,0.02763,0.02823

Week 1,22 Nov 2005,0.02729,0.02797
Week 2,29 Nov 2005,0.02751,0.02821
Week 3,06 Dec 2005,0.02764,0.02834
Week 4,13 Dec 2005,0.02782,0.02852

Week 1,20 Dec 2005,0.02794,0.02865
Week 2,27 Dec 2005,0.02805,0.02877
Week 3,03 Jan 2006,0.02819,0.02958
Week 4,10 Jan 2006,0.02856,0.02951

Week 1,17 Jan 2006,0.02832,0.02908
Week 2,24 Jan 2006,0.02832,0.02912
Week 3,31 Jan 2006,0.02849,0.02966
Week 4,07 Feb 2006,0.02865,0.02950

Week 1,14 Feb 2006,0.02842,0.02962
Week 2,21 Feb 2006,0.02867,0.02947
Week 3,28 Feb 2006,0.02853,0.02929
Week 4,07 Mar 2006,0.02822,0.02897

Week 1,14 Mar 2006,0.02815,0.02901
Week 2,21 Mar 2006,0.02806,0.02903
Week 3,28 Mar 2006,0.02822,0.02896
Week 4,04 Apr 2006,0.02846,0.02924

Week 1,11 Apr 2006,0.02835,0.02939
Week 2,18 Apr 2006,0.02850,0.02951
Week 3,25 Apr 2006,0.02855,0.02953
Week 4,02 May 2006,0.02852,0.02929

Week 1,09 May 2006,0.02849,0.02954
Week 2,16 May 2006,0.02827,0.02899
Week 3,23 May 2006,0.02804,0.02893
Week 4,30 May 2006,0.02796,0.02903

Week 1,06 Jun 2006,0.02779,0.02883
Week 2,13 Jun 2006,0.02780,0.02858
Week 3,20 Jun 2006,0.02778,0.02877
Week 4,27 Jun 2006,0.02794,0.02865

Week 1,04 Jul 2006,0.02794,0.02880
Week 2,11 Jul 2006,0.02765,0.02905
Week 3,18 Jul 2006,0.02788,0.02868
Week 4,25 Jul 2006,0.02788,0.02858

Week 1,01 Aug 2006,0.02736,0.02842
Week 2,08 Aug 2006,0.02716,0.02849
Week 3,15 Aug 2006,0.02738,0.02824
Week 4,22 Aug 2006,0.02755,0.02824

Week 1,29 Aug 2006,0.02741,0.02828
Week 2,05 Sep 2006,0.02760,0.02830
Week 3,12 Sep 2006,0.02762,0.02832
Week 4,19 Sep 2006,0.02775,0.02861

Week 1,26 Sep 2006,0.02795,0.02866
Week 2,03 Oct 2006,0.02788,0.02868
Week 3,10 Oct 2006,0.02770,0.02847
Week 4,17 Oct 2006,0.02776,0.02850

Week 1,24 Oct 2006,0.02774,0.02867
Week 2,31 Oct 2006,0.02801,0.02891
Week 3,07 Nov 2006,0.02812,0.02888
Week 4,14 Nov 2006,0.02806,0.02881

Week 1,21 Nov 2006,0.02793,0.02899
Week 2,28 Nov 2006,0.02791,0.02863
Week 3,05 Dec 2006,0.02793,0.02901
Week 4,12 Dec 2006,0.02800,0.02898

Week 1,19 Dec 2006,0.02797,0.02867
Week 2,26 Dec 2006,0.02796,0.02869
Week 3,02 Jan 2007,0.02796,0.02867
Week 4,09 Jan 2007,0.02775,0.02877

Week 1,16 Jan 2007,0.02788,0.02876
Week 2,23 Jan 2007,0.02789,0.02860
Week 3,30 Jan 2007,0.02771,0.02870
Week 4,06 Feb 2007,0.02793,0.02868

Week 1,13 Feb 2007,0.02760,0.02853
Week 2,20 Feb 2007,0.02740,0.02852
Week 3,27 Feb 2007,0.02723,0.02837
Week 4,06 Mar 2007,0.02719,0.02817

Week 1,13 Mar 2007,0.02724,0.02804
Week 2,20 Mar 2007,0.02732,0.02810
Week 3,27 Mar 2007,0.02720,0.02815
Week 4,03 Apr 2007,0.02732,0.02825

Week 1,10 Apr 2007,0.02744,0.02811
Week 2,17 Apr 2007,0.02734,0.02815
Week 3,24 Apr 2007,0.02768,0.02775
Week 4,01 May 2007,0.02745,0.02797

Week 1,08 May 2007,0.02770,0.02812
Week 2,15 May 2007,0.02757,0.02806
Week 3,22 May 2007,0.02775,0.02793
Week 4,29 May 2007,0.02784,0.02793

Week 1,05 Jun 2007,0.02786,0.02793
Week 2,12 Jun 2007,0.02788,0.02811
Week 3,19 Jun 2007,0.02780,0.02812
Week 4,26 Jun 2007,0.02779,0.02797

Week 1,03 Jul 2007,0.02785,0.02802
Week 2,10 Jul 2007,0.02775,0.02784
Week 3,17 Jul 2007,0.02763,0.02788
Week 4,24 Jul 2007,0.02761,0.02791

Week 1,31 Jul 2007,0.02761,0.02783
Week 2,07 Aug 2007,0.02744,0.02751
Week 3,14 Aug 2007,0.02719,0.02740
Week 4,21 Aug 2007,0.02725,0.02740

Week 1,28 Aug 2007,0.02727,0.02735
Week 2,04 Sep 2007,0.02727,0.02735
Week 3,11 Sep 2007,0.02723,0.02731
Week 4,18 Sep 2007,0.02722,0.02729

Week 1,25 Sep 2007,0.02714,0.02722
Week 2,02 Oct 2007,0.02719,0.02726
Week 3,09 Oct 2007,0.02717,0.02724
Week 4,16 Oct 2007,0.02712,0.02719

Week 1,23 Oct 2007,0.02715,0.02722
Week 2,30 Oct 2007,0.02721,0.02729
Week 3,06 Nov 2007,0.02698,0.02706
Week 4,13 Nov 2007,0.02672,0.02678

Week 1,20 Nov 2007,0.02624,0.02632
Week 2,27 Nov 2007,0.02629,0.02635
Week 3,04 Dec 2007,0.02651,0.02659
Week 4,11 Dec 2007,0.02643,0.02650

Week 1,18 Dec 2007,0.02631,0.02638
Week 2,25 Dec 2007,0.02618,0.02638
Week 3,01 Jan 2008,0.02588,0.02621
Week 4,08 Jan 2008,0.02598,0.02606

Week 1,15 Jan 2008,0.02593,0.02599
Week 2,22 Jan 2008,0.02591,0.02598
Week 3,29 Jan 2008,0.02585,0.02591
Week 4,05 Feb 2008,0.02614,0.02622

Week 1,12 Feb 2008,0.02603,0.02610
Week 2,19 Feb 2008,0.02586,0.02593
Week 3,26 Feb 2008,0.02565,0.02573
Week 4,04 Mar 2008,0.02512,0.02518

Week 1,11 Mar 2008,0.02405,0.02426
Week 2,18 Mar 2008,0.02351,0.02366
Week 3,25 Mar 2008,0.02365,0.02392
Week 4,01 Apr 2008,0.02398,0.02421

Week 1,08 Apr 2008,0.02405,0.02412
Week 2,15 Apr 2008,0.02345,0.02370
Week 3,22 Apr 2008,0.02359,0.02365
Week 4,29 Apr 2008,0.02356,0.02361

Week 1,06 May 2008,0.02300,0.02305
Week 2,13 May 2008,0.02270,0.02294
Week 3,20 May 2008,0.02258,0.02266
Week 4,27 May 2008,0.02281,0.02288

Week 1,03 Jun 2008,0.02308,0.02325
Week 2,10 Jun 2008,0.02285,0.02290
Week 3,17 Jun 2008,0.02290,0.02296
Week 4,24 Jun 2008,0.02261,0.02268

Week 1,01 Jul 2008,0.02231,0.02253
Week 2,08 Jul 2008,0.02307,0.02326
Week 3,15 Jul 2008,0.02293,0.02299
Week 4,22 Jul 2008,0.02305,0.02310

Week 1,29 Jul 2008,0.02312,0.02318
Week 2,05 Aug 2008,0.02313,0.02339
Week 3,12 Aug 2008,0.02346,0.02359
Week 4,19 Aug 2008,0.02310,0.02317

Week 1,26 Aug 2008,0.02257,0.02273
Week 2,02 Sep 2008,0.02230,0.02247
Week 3,09 Sep 2008,0.02322,0.02329
Week 4,16 Sep 2008,0.02236,0.02257

Week 1,23 Sep 2008,0.02169,0.02178
Week 2,30 Sep 2008,0.02111,0.02132
Week 3,07 Oct 2008,0.01965,0.01981
Week 4,14 Oct 2008,0.02027,0.02040

Week 1,21 Oct 2008,0.01937,0.01953
Week 2,28 Oct 2008,0.02010,0.02030
Week 3,04 Nov 2008,0.02071,0.02089
Week 4,11 Nov 2008,0.01988,0.01998

Week 1,18 Nov 2008,0.01864,0.01877
Week 2,25 Nov 2008,0.01851,0.01873
Week 3,02 Dec 2008,0.01904,0.01919
Week 4,09 Dec 2008,0.01986,0.02010

Week 1,16 Dec 2008,0.02097,0.02133
Week 2,23 Dec 2008,0.02140,0.02162
Week 3,30 Dec 2008,0.02259,0.02294
Week 4,06 Jan 2009,0.02179,0.02230

Week 1,13 Jan 2009,0.02334,0.02370
Week 2,20 Jan 2009,0.02381,0.02418
Week 3,27 Jan 2009,0.02480,0.02511
Week 4,03 Feb 2009,0.02609,0.02632

Week 1,10 Feb 2009,0.02497,0.02526
Week 2,17 Feb 2009,0.02421,0.02440
Week 3,24 Feb 2009,0.02346,0.02377
Week 4,03 Mar 2009,0.02296,0.02326

Week 1,10 Mar 2009,0.02320,0.02368
Week 2,17 Mar 2009,0.02395,0.02417
Week 3,24 Mar 2009,0.02461,0.02480
Week 4,31 Mar 2009,0.02457,0.02509

Week 1,07 Apr 2009,0.02531,0.02545
Week 2,14 Apr 2009,0.02483,0.02520
Week 3,21 Apr 2009,0.02484,0.02527
Week 4,28 Apr 2009,0.02511,0.02557

Week 1,05 May 2009,0.02573,0.02610
Week 2,12 May 2009,0.02563,0.02586
Week 3,19 May 2009,0.02517,0.02535
Week 4,26 May 2009,0.02460,0.02480

Week 1,02 Jun 2009,0.02452,0.02489
Week 2,09 Jun 2009,0.02467,0.02485
Week 3,16 Jun 2009,0.02451,0.02473
Week 4,23 Jun 2009,0.02424,0.02445

Week 1,30 Jun 2009,0.02441,0.02470
Week 2,07 Jul 2009,0.02498,0.02513
Week 3,14 Jul 2009,0.02496,0.02523
Week 4,21 Jul 2009,0.02472,0.02504

Week 1,28 Jul 2009,0.02531,0.02542
Week 2,04 Aug 2009,0.02558,0.02569
Week 3,11 Aug 2009,0.02570,0.02584
Week 4,18 Aug 2009,0.02528,0.02570

Week 1,25 Aug 2009,0.02509,0.02555
Week 2,01 Sep 2009,0.02553,0.02561
Week 3,08 Sep 2009,0.02526,0.02532
Week 4,15 Sep 2009,0.02499,0.02538

Week 1,22 Sep 2009,0.02505,0.02548
Week 2,29 Sep 2009,0.02529,0.02571
Week 3,06 Oct 2009,0.02534,0.02560
Week 4,13 Oct 2009,0.02514,0.02550

Week 1,20 Oct 2009,0.02459,0.02465
Week 2,27 Oct 2009,0.02438,0.02482
Week 3,03 Nov 2009,0.02475,0.02482
Week 4,10 Nov 2009,0.02485,0.02491

Week 1,17 Nov 2009,0.02488,0.02494
Week 2,24 Nov 2009,0.02493,0.02518
Week 3,01 Dec 2009,0.02532,0.02541
Week 4,08 Dec 2009,0.02582,0.02610

Week 1,15 Dec 2009,0.02605,0.02612
Week 2,22 Dec 2009,0.02517,0.02567
Week 3,29 Dec 2009,0.02548,0.02608
Week 4,05 Jan 2010,0.02637,0.02653

Week 1,12 Jan 2010,0.02612,0.02644
Week 2,19 Jan 2010,0.02603,0.02610
Week 3,26 Jan 2010,0.02595,0.02629
Week 4,02 Feb 2010,0.02600,0.02607

Week 1,09 Feb 2010,0.02612,0.02618
Week 2,16 Feb 2010,0.02592,0.02636
Week 3,23 Feb 2010,0.02570,0.02616
Week 4,02 Mar 2010,0.02571,0.02643

Week 1,09 Mar 2010,0.02605,0.02612
Week 2,16 Mar 2010,0.02583,0.02589
Week 3,23 Mar 2010,0.02592,0.02604
Week 4,30 Mar 2010,0.02571,0.02637

Week 1,06 Apr 2010,0.02604,0.02611
Week 2,13 Apr 2010,0.02587,0.02632
Week 3,20 Apr 2010,0.02621,0.02629
Week 4,27 Apr 2010,0.02620,0.02643

Week 1,04 May 2010,0.02616,0.02677
Week 2,11 May 2010,0.02652,0.02670
Week 3,18 May 2010,0.02621,0.02632
Week 4,25 May 2010,0.02527,0.02549

Week 1,01 Jun 2010,0.02562,0.02615
Week 2,08 Jun 2010,0.02541,0.02548
Week 3,15 Jun 2010,0.02547,0.02591
Week 4,22 Jun 2010,0.02587,0.02594

Week 1,29 Jun 2010,0.02515,0.02582
Week 2,06 Jul 2010,0.02556,0.02563
Week 3,13 Jul 2010,0.02510,0.02571
Week 4,20 Jul 2010,0.02500,0.02549

Week 1,27 Jul 2010,0.02538,0.02564
Week 2,03 Aug 2010,0.02554,0.02561
Week 3,10 Aug 2010,0.02571,0.02578
Week 4,17 Aug 2010,0.02562,0.02612

Week 1,24 Aug 2010,0.02562,0.02589
Week 2,31 Aug 2010,0.02590,0.02597
Week 3,07 Sep 2010,0.02630,0.02638
Week 4,14 Sep 2010,0.02630,0.02694

Week 1,21 Sep 2010,0.02670,0.02679
Week 2,28 Sep 2010,0.02676,0.02684
Week 3,05 Oct 2010,0.02652,0.02700
Week 4,12 Oct 2010,0.02687,0.02714

Week 1,19 Oct 2010,0.02706,0.02715
Week 2,26 Oct 2010,0.02723,0.02731
Week 3,02 Nov 2010,0.02759,0.02768
Week 4,09 Nov 2010,0.02742,0.02751

Week 1,16 Nov 2010,0.02740,0.02749
Week 2,23 Nov 2010,0.02719,0.02727
Week 3,30 Nov 2010,0.02727,0.02734
Week 4,07 Dec 2010,0.02720,0.02726

Week 1,14 Dec 2010,0.02657,0.02686
Week 2,21 Dec 2010,0.02639,0.02684
Week 3,28 Dec 2010,0.02663,0.02705
Week 4,04 Jan 2011,0.02724,0.02731

Week 1,11 Jan 2011,0.02695,0.02717
Week 2,18 Jan 2011,0.02659,0.02700
Week 3,25 Jan 2011,0.02663,0.02670
Week 4,01 Feb 2011,0.02631,0.02666

Week 1,08 Feb 2011,0.02623,0.02630
Week 2,15 Feb 2011,0.02614,0.02621
Week 3,22 Feb 2011,0.02578,0.02584
Week 4,01 Mar 2011,0.02532,0.02539

Week 1,08 Mar 2011,0.02533,0.02539
Week 2,15 Mar 2011,0.02528,0.02535
Week 3,22 Mar 2011,0.02525,0.02540
Week 4,29 Mar 2011,0.02579,0.02588

Week 1,05 Apr 2011,0.02594,0.02602
Week 2,12 Apr 2011,0.02581,0.02588
Week 3,19 Apr 2011,0.02590,0.02597
Week 4,26 Apr 2011,0.02567,0.02575

Week 1,03 May 2011,0.02542,0.02550
Week 2,10 May 2011,0.02567,0.02576
Week 3,17 May 2011,0.02579,0.02591
Week 4,24 May 2011,0.02587,0.02595

Week 1,31 May 2011,0.02587,0.02596
Week 2,07 Jun 2011,0.02541,0.02597
Week 3,14 Jun 2011,0.02570,0.02590
Week 4,21 Jun 2011,0.02593,0.02612

Week 1,28 Jun 2011,0.02606,0.02613
Week 2,05 Jul 2011,0.02630,0.02638
Week 3,12 Jul 2011,0.02652,0.02660
Week 4,19 Jul 2011,0.02635,0.02657

Week 1,26 Jul 2011,0.02615,0.02628
Week 2,02 Aug 2011,0.02635,0.02647
Week 3,09 Aug 2011,0.02702,0.02718
Week 4,16 Aug 2011,0.02655,0.02709

Week 1,23 Aug 2011,0.02668,0.02679
Week 2,30 Aug 2011,0.02707,0.02720
Week 3,06 Sep 2011,0.02758,0.02769
Week 4,13 Sep 2011,0.02760,0.02771

Week 1,20 Sep 2011,0.02736,0.02746
Week 2,27 Sep 2011,0.02715,0.02724
Week 3,04 Oct 2011,0.02721,0.02745
Week 4,11 Oct 2011,0.02666,0.02701

Week 1,18 Oct 2011,0.02699,0.02735
Week 2,25 Oct 2011,0.02696,0.02706
Week 3,01 Nov 2011,0.02721,0.02734
Week 4,08 Nov 2011,0.02697,0.02722

Week 1,15 Nov 2011,0.02690,0.02734
Week 2,22 Nov 2011,0.02694,0.02738
Week 3,29 Nov 2011,0.02693,0.02761
Week 4,06 Dec 2011,0.02734,0.02779

Week 1,13 Dec 2011,0.02738,0.02765
Week 2,20 Dec 2011,0.02712,0.02750
Week 3,27 Dec 2011,0.02738,0.02753
Week 4,03 Jan 2012,0.02748,0.02785

Week 1,10 Jan 2012,0.02733,0.02776
Week 2,17 Jan 2012,0.02738,0.02785
Week 3,24 Jan 2012,0.02694,0.02735
Week 4,31 Jan 2012,0.02680,0.02717

Week 1,07 Feb 2012,0.02665,0.02684
Week 2,14 Feb 2012,0.02657,0.02676
Week 3,21 Feb 2012,0.02619,0.02628
Week 4,28 Feb 2012,0.02593,0.02624

Week 1,06 Mar 2012,0.02624,0.02641
Week 2,13 Mar 2012,0.02610,0.02619
Week 3,20 Mar 2012,0.02565,0.02618
Week 4,27 Mar 2012,0.02571,0.02585

Week 1,03 Apr 2012,0.02606,0.02614
Week 2,10 Apr 2012,0.02583,0.02631
Week 3,17 Apr 2012,0.02585,0.02600
Week 4,24 Apr 2012,0.02580,0.02589

Week 1,01 May 2012,0.02573,0.02639
Week 2,08 May 2012,0.02623,0.02647
Week 3,15 May 2012,0.02652,0.02661
Week 4,22 May 2012,0.02679,0.02696

Week 1,29 May 2012,0.02768,0.02811
Week 2,05 Jun 2012,0.02770,0.02815
Week 3,12 Jun 2012,0.02760,0.02827
Week 4,19 Jun 2012,0.02816,0.02867

Week 1,26 Jun 2012,0.02836,0.02869
Week 2,03 Jul 2012,0.02824,0.02891
Week 3,10 Jul 2012,0.02823,0.02895
Week 4,17 Jul 2012,0.02799,0.02844

Week 1,24 Jul 2012,0.02817,0.02848
Week 2,31 Jul 2012,0.02828,0.02865
Week 3,07 Aug 2012,0.02802,0.02817
Week 4,14 Aug 2012,0.02816,0.02823

Week 1,21 Aug 2012,0.02792,0.02824
Week 2,28 Aug 2012,0.02816,0.02861
Week 3,04 Sep 2012,0.02819,0.02851
Week 4,11 Sep 2012,0.02761,0.02786

Week 1,18 Sep 2012,0.02754,0.02792
Week 2,25 Sep 2012,0.02772,0.02804
Week 3,02 Oct 2012,0.02777,0.02811
Week 4,09 Oct 2012,0.02783,0.02811

Week 1,16 Oct 2012,0.02773,0.02808
Week 2,23 Oct 2012,0.02831,0.02864
Week 3,30 Oct 2012,0.02861,0.02894
Week 4,06 Nov 2012,0.02876,0.02920

Week 1,13 Nov 2012,0.02894,0.02925
Week 2,20 Nov 2012,0.02858,0.02902
Week 3,27 Nov 2012,0.02835,0.02883
Week 4,04 Dec 2012,0.02831,0.02873

Week 1,11 Dec 2012,0.02837,0.02878
Week 2,18 Dec 2012,0.02859,0.02875
Week 3,25 Dec 2012,0.02843,0.02853
Week 4,01 Jan 2013,0.02841,0.02879

Week 1,08 Jan 2013,0.02830,0.02899
Week 2,15 Jan 2013,0.02838,0.02888
Week 3,22 Jan 2013,0.02802,0.02837
Week 4,29 Jan 2013,0.02741,0.02764

Week 1,05 Feb 2013,0.02738,0.02771
Week 2,12 Feb 2013,0.02759,0.02789
Week 3,19 Feb 2013,0.02778,0.02813
Week 4,26 Feb 2013,0.02804,0.02836

Week 1,05 Mar 2013,0.02806,0.02838
Week 2,12 Mar 2013,0.02769,0.02797
Week 3,19 Mar 2013,0.02748,0.02779
Week 4,26 Mar 2013,0.02768,0.02806

Week 1,02 Apr 2013,0.02773,0.02826
Week 2,09 Apr 2013,0.02729,0.02756
Week 3,16 Apr 2013,0.02798,0.02835
Week 4,23 Apr 2013,0.02795,0.02840

Week 1,30 Apr 2013,0.02812,0.02847
Week 2,07 May 2013,0.02827,0.02863
Week 3,14 May 2013,0.02802,0.02835
Week 4,21 May 2013,0.02773,0.02811

Week 1,28 May 2013,0.02785,0.02823
Week 2,04 Jun 2013,0.02843,0.02884
Week 3,11 Jun 2013,0.02832,0.02850
Week 4,18 Jun 2013,0.02827,0.02845

Week 1,25 Jun 2013,0.02841,0.02868
Week 2,02 Jul 2013,0.02899,0.02918
Week 3,09 Jul 2013,0.02891,0.02911
Week 4,16 Jul 2013,0.02887,0.02902

Week 1,23 Jul 2013,0.02902,0.02940
Week 2,30 Jul 2013,0.02930,0.02954
Week 3,06 Aug 2013,0.02948,0.02957
Week 4,13 Aug 2013,0.02951,0.02961

Week 1,20 Aug 2013,0.02948,0.02964
Week 2,27 Aug 2013,0.02968,0.02997
Week 3,03 Sep 2013,0.03031,0.03060
Week 4,10 Sep 2013,0.02999,0.03041

Week 1,17 Sep 2013,0.02960,0.02976
Week 2,24 Sep 2013,0.02980,0.03000
Week 3,01 Oct 2013,0.02983,0.03020
Week 4,08 Oct 2013,0.02989,0.03028

Week 1,15 Oct 2013,0.03003,0.03018
Week 2,22 Oct 2013,0.02987,0.03008
Week 3,29 Oct 2013,0.03011,0.03048
Week 4,05 Nov 2013,0.03041,0.03076

Week 1,12 Nov 2013,0.03050,0.03085
Week 2,19 Nov 2013,0.03082,0.03103
Week 3,26 Nov 2013,0.03116,0.03126
Week 4,03 Dec 2013,0.03114,0.03124

Week 1,10 Dec 2013,0.03107,0.03123
Week 2,17 Dec 2013,0.03112,0.03122
Week 3,24 Dec 2013,0.03079,0.03094
Week 4,31 Dec 2013,0.03120,0.03136

Week 1,07 Jan 2014,0.03107,0.03123
Week 2,14 Jan 2014,0.03135,0.03163
Week 3,21 Jan 2014,0.03171,0.03193
Week 4,28 Jan 2014,0.03232,0.03248

Week 1,04 Feb 2014,0.03231,0.03244
Week 2,11 Feb 2014,0.03274,0.03284
Week 3,18 Feb 2014,0.03315,0.03330
Week 4,25 Feb 2014,0.03351,0.03362

Week 1,04 Mar 2014,0.03394,0.03405
Week 2,11 Mar 2014,0.03407,0.03428
Week 3,18 Mar 2014,0.03368,0.03386
Week 4,25 Mar 2014,0.03317,0.03343

Week 1,01 Apr 2014,0.03327,0.03350
Week 2,08 Apr 2014,0.03399,0.03436
Week 3,15 Apr 2014,0.03436,0.03459
Week 4,22 Apr 2014,0.03436,0.03454

Week 1,29 Apr 2014,0.03459,0.03473
Week 2,06 May 2014,0.03437,0.03449
Week 3,13 May 2014,0.03383,0.03419
Week 4,20 May 2014,0.03339,0.03360

Week 1,27 May 2014,0.03377,0.03390
Week 2,03 Jun 2014,0.03396,0.03411
Week 3,10 Jun 2014,0.03372,0.03383
Week 4,17 Jun 2014,0.03377,0.03388

Week 1,24 Jun 2014,0.03322,0.03333
Week 2,01 Jul 2014,0.03384,0.03400
Week 3,08 Jul 2014,0.03364,0.03376
Week 4,15 Jul 2014,0.03377,0.03390

Week 1,22 Jul 2014,0.03410,0.03422
Week 2,29 Jul 2014,0.03453,0.03466
Week 3,05 Aug 2014,0.03484,0.03497
Week 4,12 Aug 2014,0.03511,0.03523

Week 1,19 Aug 2014,0.03536,0.03550
Week 2,26 Aug 2014,0.03576,0.03618
Week 3,02 Sep 2014,0.03605,0.03663
Week 4,09 Sep 2014,0.03598,0.03660

Week 1,16 Sep 2014,0.03655,0.03723
Week 2,23 Sep 2014,0.03681,0.03743
Week 3,30 Sep 2014,0.03742,0.03765
Week 4,07 Oct 2014,0.03723,0.03764

Week 1,14 Oct 2014,0.03815,0.03839
Week 2,21 Oct 2014,0.03918,0.03932
Week 3,28 Oct 2014,0.03996,0.04073
Week 4,04 Nov 2014,0.04133,0.04226

Week 1,11 Nov 2014,0.04235,0.04275
Week 2,18 Nov 2014,0.04182,0.04196
Week 3,25 Nov 2014,0.04269,0.04345
Week 4,02 Dec 2014,0.04716,0.04737

Week 1,09 Dec 2014,0.05001,0.05037
Week 2,16 Dec 2014,0.05827,0.05869
Week 3,23 Dec 2014,0.04894,0.04920
Week 4,30 Dec 2014,0.05281,0.05353

Week 1,06 Jan 2015,0.05595,0.05657
Week 2,13 Jan 2015,0.05970,0.05994
Week 3,20 Jan 2015,0.05956,0.05983
Week 4,27 Jan 2015,0.06273,0.06295

Week 1,03 Feb 2015,0.06121,0.06146
Week 2,10 Feb 2015,0.05895,0.05917
Week 3,17 Feb 2015,0.05585,0.05609
Week 4,24 Feb 2015,0.05599,0.05623

Week 1,03 Mar 2015,0.05538,0.05556
Week 2,10 Mar 2015,0.05451,0.05475
Week 3,17 Mar 2015,0.05381,0.05399
Week 4,24 Mar 2015,0.05223,0.05242

Week 1,31 Mar 2015,0.05218,0.05239
Week 2,07 Apr 2015,0.04919,0.04938
Week 3,14 Apr 2015,0.04701,0.04721
Week 4,21 Apr 2015,0.04787,0.04805

Week 1,28 Apr 2015,0.04778,0.04830
Week 2,05 May 2015,0.04675,0.04693
Week 3,12 May 2015,0.04574,0.04596
Week 4,19 May 2015,0.04529,0.04549

Week 1,26 May 2015,0.04655,0.04679
Week 2,02 Jun 2015,0.04906,0.04932
Week 3,09 Jun 2015,0.04926,0.04956
Week 4,16 Jun 2015,0.04864,0.04881

Week 1,23 Jun 2015,0.04885,0.04902
Week 2,30 Jun 2015,0.04950,0.04967
Week 3,07 Jul 2015,0.05003,0.05022
Week 4,14 Jul 2015,0.04955,0.04973

Week 1,21 Jul 2015,0.04952,0.04969
Week 2,28 Jul 2015,0.05157,0.05177
Week 3,04 Aug 2015,0.05435,0.05457
Week 4,11 Aug 2015,0.05467,0.05488

Week 1,18 Aug 2015,0.05645,0.05667
Week 2,25 Aug 2015,0.05698,0.05722
Week 3,01 Sep 2015,0.05627,0.05652
Week 4,08 Sep 2015,0.05710,0.05730

Week 1,15 Sep 2015,0.05645,0.05666
Week 2,22 Sep 2015,0.05536,0.05557
Week 3,29 Sep 2015,0.05553,0.05575
Week 4,06 Oct 2015,0.05410,0.05431

Week 1,13 Oct 2015,0.05431,0.05454
Week 2,20 Oct 2015,0.05485,0.05507
Week 3,27 Oct 2015,0.05611,0.05633
Week 4,03 Nov 2015,0.05580,0.05599

Week 1,10 Nov 2015,0.05634,0.05659
Week 2,17 Nov 2015,0.05530,0.05622
Week 3,24 Nov 2015,0.05696,0.05745
Week 4,01 Dec 2015,0.05770,0.05810

Week 1,08 Dec 2015,0.05806,0.05901
Week 2,15 Dec 2015,0.05950,0.05975
Week 3,22 Dec 2015,0.05988,0.06086
Week 4,29 Dec 2015,0.06151,0.06257

Week 1,05 Jan 2016,0.06006,0.06104
Week 2,12 Jan 2016,0.06228,0.06333
Week 3,19 Jan 2016,0.06596,0.06666
Week 4,26 Jan 2016,0.06333,0.06432

Week 1,02 Feb 2016,0.06405,0.06430
Week 2,09 Feb 2016,0.06496,0.06592
Week 3,16 Feb 2016,0.06247,0.06307
Week 4,23 Feb 2016,0.06106,0.06203

Week 1,01 Mar 2016,0.05983,0.06080
Week 2,08 Mar 2016,0.05857,0.05958
Week 3,15 Mar 2016,0.05875,0.05913
Week 4,22 Mar 2016,0.05837,0.05856

Week 1,29 Mar 2016,0.05878,0.05895
Week 2,05 Apr 2016,0.05871,0.05887
Week 3,12 Apr 2016,0.05772,0.05787
Week 4,19 Apr 2016,0.05798,0.05816

Week 1,26 Apr 2016,0.05697,0.05713
Week 2,03 May 2016,0.05674,0.05690
Week 3,10 May 2016,0.05587,0.05603
Week 4,17 May 2016,0.05561,0.05576

Week 1,24 May 2016,0.05576,0.05591
Week 2,31 May 2016,0.05600,0.05617
Week 3,07 Jun 2016,0.05566,0.05582
Week 4,14 Jun 2016,0.05559,0.05595

Week 1,21 Jun 2016,0.05536,0.05556
Week 2,28 Jun 2016,0.05523,0.05563
Week 3,05 Jul 2016,0.05537,0.05570
Week 4,12 Jul 2016,0.05561,0.05577

Week 1,19 Jul 2016,0.05614,0.05630
Week 2,26 Jul 2016,0.05833,0.05904
Week 3,02 Aug 2016,0.05926,0.05948
Week 4,09 Aug 2016,0.05856,0.05883

Week 1,16 Aug 2016,0.05755,0.05783
Week 2,23 Aug 2016,0.05761,0.05795
Week 3,30 Aug 2016,0.05825,0.05845
Week 4,06 Sep 2016,0.05849,0.05879

Week 1,13 Sep 2016,0.05755,0.05823
Week 2,20 Sep 2016,0.05775,0.05805
Week 3,27 Sep 2016,0.05745,0.05765
Week 4,04 Oct 2016,0.05592,0.05622

Week 1,11 Oct 2016,0.05542,0.05586
Week 2,18 Oct 2016,0.05489,0.05567
Week 3,25 Oct 2016,0.05480,0.05504
Week 4,01 Nov 2016,0.05555,0.05590

Week 1,08 Nov 2016,0.05566,0.05631
Week 2,15 Nov 2016,0.05501,0.05572
Week 3,22 Nov 2016,0.05464,0.05496
Week 4,29 Nov 2016,0.05489,0.05509

Week 1,06 Dec 2016,0.05396,0.05421
Week 2,13 Dec 2016,0.05215,0.05236
Week 3,20 Dec 2016,0.05103,0.05129
Week 4,27 Dec 2016,0.05019,0.05075

Week 1,03 Jan 2017,0.05007,0.05032
Week 2,10 Jan 2017,0.05023,0.05049
Week 3,17 Jan 2017,0.05057,0.05083
Week 4,24 Jan 2017,0.05086,0.05116

Week 1,31 Jan 2017,0.05151,0.05204
Week 2,07 Feb 2017,0.05100,0.05167
Week 3,14 Feb 2017,0.05016,0.05072
Week 4,21 Feb 2017,0.05093,0.05116

Week 1,28 Feb 2017,0.05083,0.05110
Week 2,07 Mar 2017,0.05081,0.05108
Week 3,14 Mar 2017,0.05085,0.05158
Week 4,21 Mar 2017,0.05109,0.05134

Week 1,28 Mar 2017,0.05062,0.05080
Week 2,04 Apr 2017,0.04977,0.05047
Week 3,11 Apr 2017,0.04937,0.05026
Week 4,18 Apr 2017,0.04939,0.04965

Week 1,25 Apr 2017,0.04989,0.05007
Week 2,02 May 2017,0.05065,0.05092
Week 3,09 May 2017,0.05086,0.05111
Week 4,16 May 2017,0.05065,0.05091

Week 1,23 May 2017,0.05038,0.05056
Week 2,30 May 2017,0.05038,0.05064
Week 3,06 Jun 2017,0.05057,0.05072
Week 4,13 Jun 2017,0.05074,0.05090

Week 1,20 Jun 2017,0.05206,0.05231
Week 2,27 Jun 2017,0.05170,0.05185
Week 3,04 Jul 2017,0.05164,0.05233
Week 4,11 Jul 2017,0.05248,0.05263

Week 1,18 Jul 2017,0.05262,0.05278
Week 2,25 Jul 2017,0.05321,0.05337
Week 3,01 Aug 2017,0.05336,0.05352
Week 4,08 Aug 2017,0.05260,0.05275

Week 1,15 Aug 2017,0.05208,0.05223
Week 2,22 Aug 2017,0.05214,0.05230
Week 3,29 Aug 2017,0.05170,0.05185
Week 4,05 Sep 2017,0.05065,0.05080

Week 1,12 Sep 2017,0.05079,0.05095
Week 2,19 Sep 2017,0.05102,0.05118
Week 3,26 Sep 2017,0.05042,0.05058
Week 4,03 Oct 2017,0.05053,0.05069

Week 1,10 Oct 2017,0.05086,0.05101
Week 2,17 Oct 2017,0.05067,0.05083
Week 3,24 Oct 2017,0.05119,0.05134
Week 4,31 Oct 2017,0.05230,0.05247

Week 1,07 Nov 2017,0.05284,0.05299
Week 2,14 Nov 2017,0.05359,0.05428
Week 3,21 Nov 2017,0.05384,0.05402
Week 4,28 Nov 2017,0.05395,0.05412

Week 1,05 Dec 2017,0.05401,0.05414


