KRW->JPY

Week 1,01 Dec 1998,0.09801,0.09832
Week 2,08 Dec 1998,0.09673,0.09710
Week 3,15 Dec 1998,0.09577,0.09608
Week 4,22 Dec 1998,0.09618,0.09645

Week 1,29 Dec 1998,0.09465,0.09505
Week 2,05 Jan 1999,0.09485,0.09518
Week 3,12 Jan 1999,0.09593,0.09623
Week 4,19 Jan 1999,0.09678,0.09706

Week 1,26 Jan 1999,0.09802,0.09828
Week 2,02 Feb 1999,0.09640,0.09665
Week 3,09 Feb 1999,0.09726,0.09751
Week 4,16 Feb 1999,0.10036,0.10063

Week 1,23 Feb 1999,0.09828,0.09856
Week 2,02 Mar 1999,0.09861,0.09887
Week 3,09 Mar 1999,0.09687,0.09714
Week 4,16 Mar 1999,0.09613,0.09650

Week 1,23 Mar 1999,0.09724,0.09748
Week 2,30 Mar 1999,0.09809,0.09825
Week 3,06 Apr 1999,0.09872,0.09879
Week 4,13 Apr 1999,0.09741,0.09751

Week 1,20 Apr 1999,0.10005,0.10021
Week 2,27 Apr 1999,0.10082,0.10097
Week 3,04 May 1999,0.10061,0.10073
Week 4,11 May 1999,0.10113,0.10124

Week 1,18 May 1999,0.10357,0.10372
Week 2,25 May 1999,0.10251,0.10260
Week 3,01 Jun 1999,0.10241,0.10250
Week 4,08 Jun 1999,0.10128,0.10141

Week 1,15 Jun 1999,0.10334,0.10347
Week 2,22 Jun 1999,0.10505,0.10518
Week 3,29 Jun 1999,0.10443,0.10455
Week 4,06 Jul 1999,0.10391,0.10400

Week 1,13 Jul 1999,0.10219,0.10235
Week 2,20 Jul 1999,0.09752,0.09778
Week 3,27 Jul 1999,0.09573,0.09583
Week 4,03 Aug 1999,0.09578,0.09588

Week 1,10 Aug 1999,0.09584,0.09595
Week 2,17 Aug 1999,0.09324,0.09336
Week 3,24 Aug 1999,0.09359,0.09369
Week 4,31 Aug 1999,0.09208,0.09221

Week 1,07 Sep 1999,0.09154,0.09167
Week 2,14 Sep 1999,0.08870,0.08881
Week 3,21 Sep 1999,0.08639,0.08654
Week 4,28 Sep 1999,0.08700,0.08709

Week 1,05 Oct 1999,0.08899,0.08907
Week 2,12 Oct 1999,0.08784,0.08792
Week 3,19 Oct 1999,0.08774,0.08783
Week 4,26 Oct 1999,0.08687,0.08696

Week 1,02 Nov 1999,0.08860,0.08872
Week 2,09 Nov 1999,0.08941,0.08951
Week 3,16 Nov 1999,0.09001,0.09010
Week 4,23 Nov 1999,0.08900,0.08910

Week 1,30 Nov 1999,0.08845,0.08855
Week 2,07 Dec 1999,0.09006,0.09015
Week 3,14 Dec 1999,0.09109,0.09118
Week 4,21 Dec 1999,0.09035,0.09045

Week 1,28 Dec 1999,0.08992,0.09006
Week 2,04 Jan 2000,0.09185,0.09197
Week 3,11 Jan 2000,0.09334,0.09348
Week 4,18 Jan 2000,0.09323,0.09338

Week 1,25 Jan 2000,0.09450,0.09462
Week 2,01 Feb 2000,0.09524,0.09539
Week 3,08 Feb 2000,0.09725,0.09735
Week 4,15 Feb 2000,0.09755,0.09770

Week 1,22 Feb 2000,0.09741,0.09756
Week 2,29 Feb 2000,0.09621,0.09643
Week 3,07 Mar 2000,0.09502,0.09515
Week 4,14 Mar 2000,0.09476,0.09483

Week 1,21 Mar 2000,0.09624,0.09636
Week 2,28 Mar 2000,0.09433,0.09443
Week 3,04 Apr 2000,0.09456,0.09470
Week 4,11 Apr 2000,0.09512,0.09524

Week 1,18 Apr 2000,0.09479,0.09489
Week 2,25 Apr 2000,0.09635,0.09646
Week 3,02 May 2000,0.09776,0.09787
Week 4,09 May 2000,0.09792,0.09802

Week 1,16 May 2000,0.09678,0.09693
Week 2,23 May 2000,0.09481,0.09502
Week 3,30 May 2000,0.09539,0.09552
Week 4,06 Jun 2000,0.09662,0.09678

Week 1,13 Jun 2000,0.09557,0.09566
Week 2,20 Jun 2000,0.09386,0.09397
Week 3,27 Jun 2000,0.09463,0.09473
Week 4,04 Jul 2000,0.09584,0.09598

Week 1,11 Jul 2000,0.09665,0.09678
Week 2,18 Jul 2000,0.09743,0.09752
Week 3,25 Jul 2000,0.09791,0.09804
Week 4,01 Aug 2000,0.09749,0.09762

Week 1,08 Aug 2000,0.09727,0.09741
Week 2,15 Aug 2000,0.09742,0.09752
Week 3,22 Aug 2000,0.09632,0.09641
Week 4,29 Aug 2000,0.09580,0.09592

Week 1,05 Sep 2000,0.09549,0.09561
Week 2,12 Sep 2000,0.09596,0.09607
Week 3,19 Sep 2000,0.09475,0.09501
Week 4,26 Sep 2000,0.09629,0.09643

Week 1,03 Oct 2000,0.09724,0.09754
Week 2,10 Oct 2000,0.09578,0.09609
Week 3,17 Oct 2000,0.09554,0.09587
Week 4,24 Oct 2000,0.09517,0.09548

Week 1,31 Oct 2000,0.09484,0.09517
Week 2,07 Nov 2000,0.09464,0.09494
Week 3,14 Nov 2000,0.09507,0.09539
Week 4,21 Nov 2000,0.09355,0.09392

Week 1,28 Nov 2000,0.09205,0.09235
Week 2,05 Dec 2000,0.09243,0.09274
Week 3,12 Dec 2000,0.09340,0.09358
Week 4,19 Dec 2000,0.09191,0.09208

Week 1,26 Dec 2000,0.09067,0.09090
Week 2,02 Jan 2001,0.09103,0.09127
Week 3,09 Jan 2001,0.09218,0.09241
Week 4,16 Jan 2001,0.09201,0.09227

Week 1,23 Jan 2001,0.09158,0.09178
Week 2,30 Jan 2001,0.09222,0.09240
Week 3,06 Feb 2001,0.09205,0.09232
Week 4,13 Feb 2001,0.09285,0.09307

Week 1,20 Feb 2001,0.09329,0.09345
Week 2,27 Feb 2001,0.09347,0.09371
Week 3,06 Mar 2001,0.09394,0.09417
Week 4,13 Mar 2001,0.09453,0.09481

Week 1,20 Mar 2001,0.09408,0.09432
Week 2,27 Mar 2001,0.09406,0.09425
Week 3,03 Apr 2001,0.09239,0.09255
Week 4,10 Apr 2001,0.09362,0.09383

Week 1,17 Apr 2001,0.09318,0.09331
Week 2,24 Apr 2001,0.09323,0.09336
Week 3,01 May 2001,0.09345,0.09374
Week 4,08 May 2001,0.09385,0.09404

Week 1,15 May 2001,0.09459,0.09470
Week 2,22 May 2001,0.09357,0.09382
Week 3,29 May 2001,0.09295,0.09322
Week 4,05 Jun 2001,0.09360,0.09372

Week 1,12 Jun 2001,0.09457,0.09478
Week 2,19 Jun 2001,0.09509,0.09528
Week 3,26 Jun 2001,0.09549,0.09584
Week 4,03 Jul 2001,0.09643,0.09693

Week 1,10 Jul 2001,0.09565,0.09622
Week 2,17 Jul 2001,0.09457,0.09535
Week 3,24 Jul 2001,0.09481,0.09551
Week 4,31 Jul 2001,0.09601,0.09680

Week 1,07 Aug 2001,0.09538,0.09617
Week 2,14 Aug 2001,0.09391,0.09469
Week 3,21 Aug 2001,0.09362,0.09440
Week 4,28 Aug 2001,0.09316,0.09375

Week 1,04 Sep 2001,0.09328,0.09380
Week 2,11 Sep 2001,0.09155,0.09200
Week 3,18 Sep 2001,0.09012,0.09046
Week 4,25 Sep 2001,0.09091,0.09110

Week 1,02 Oct 2001,0.09170,0.09187
Week 2,09 Oct 2001,0.09257,0.09292
Week 3,16 Oct 2001,0.09319,0.09338
Week 4,23 Oct 2001,0.09454,0.09478

Week 1,30 Oct 2001,0.09401,0.09446
Week 2,06 Nov 2001,0.09351,0.09396
Week 3,13 Nov 2001,0.09533,0.09561
Week 4,20 Nov 2001,0.09662,0.09675

Week 1,27 Nov 2001,0.09756,0.09794
Week 2,04 Dec 2001,0.09820,0.09871
Week 3,11 Dec 2001,0.09951,0.09995
Week 4,18 Dec 2001,0.09965,0.10009

Week 1,25 Dec 2001,0.09922,0.10007
Week 2,01 Jan 2002,0.10018,0.10079
Week 3,08 Jan 2002,0.10100,0.10141
Week 4,15 Jan 2002,0.10042,0.10100

Week 1,22 Jan 2002,0.10115,0.10177
Week 2,29 Jan 2002,0.10138,0.10209
Week 3,05 Feb 2002,0.10160,0.10232
Week 4,12 Feb 2002,0.10073,0.10159

Week 1,19 Feb 2002,0.10151,0.10191
Week 2,26 Feb 2002,0.10101,0.10181
Week 3,05 Mar 2002,0.09855,0.09938
Week 4,12 Mar 2002,0.09766,0.09850

Week 1,19 Mar 2002,0.09960,0.10038
Week 2,26 Mar 2002,0.09998,0.10078
Week 3,02 Apr 2002,0.09959,0.10034
Week 4,09 Apr 2002,0.09882,0.09966

Week 1,16 Apr 2002,0.09924,0.09992
Week 2,23 Apr 2002,0.09876,0.09925
Week 3,30 Apr 2002,0.09904,0.09940
Week 4,07 May 2002,0.09981,0.10009

Week 1,14 May 2002,0.10006,0.10041
Week 2,21 May 2002,0.10015,0.10080
Week 3,28 May 2002,0.10152,0.10208
Week 4,04 Jun 2002,0.10182,0.10236

Week 1,11 Jun 2002,0.10223,0.10252
Week 2,18 Jun 2002,0.10060,0.10099
Week 3,25 Jun 2002,0.09992,0.10039
Week 4,02 Jul 2002,0.09984,0.10011

Week 1,09 Jul 2002,0.09934,0.09991
Week 2,16 Jul 2002,0.09913,0.09952
Week 3,23 Jul 2002,0.10049,0.10096
Week 4,30 Jul 2002,0.10065,0.10120

Week 1,06 Aug 2002,0.09993,0.10060
Week 2,13 Aug 2002,0.09896,0.09973
Week 3,20 Aug 2002,0.09956,0.10048
Week 4,27 Aug 2002,0.09860,0.09945

Week 1,03 Sep 2002,0.09876,0.09958
Week 2,10 Sep 2002,0.10050,0.10100
Week 3,17 Sep 2002,0.10110,0.10163
Week 4,24 Sep 2002,0.10014,0.10072

Week 1,01 Oct 2002,0.09994,0.10046
Week 2,08 Oct 2002,0.09893,0.09952
Week 3,15 Oct 2002,0.10011,0.10069
Week 4,22 Oct 2002,0.10105,0.10141

Week 1,29 Oct 2002,0.09984,0.10024
Week 2,05 Nov 2002,0.09958,0.10004
Week 3,12 Nov 2002,0.09999,0.10047
Week 4,19 Nov 2002,0.10123,0.10165

Week 1,26 Nov 2002,0.10165,0.10210
Week 2,03 Dec 2002,0.10173,0.10189
Week 3,10 Dec 2002,0.10103,0.10138
Week 4,17 Dec 2002,0.10028,0.10049

Week 1,24 Dec 2002,0.10003,0.10029
Week 2,31 Dec 2002,0.09994,0.10013
Week 3,07 Jan 2003,0.10084,0.10117
Week 4,14 Jan 2003,0.10054,0.10076

Week 1,21 Jan 2003,0.10083,0.10105
Week 2,28 Jan 2003,0.10211,0.10242
Week 3,04 Feb 2003,0.10165,0.10197
Week 4,11 Feb 2003,0.10067,0.10091

Week 1,18 Feb 2003,0.09940,0.09981
Week 2,25 Feb 2003,0.09889,0.09916
Week 3,04 Mar 2003,0.09707,0.09734
Week 4,11 Mar 2003,0.09491,0.09512

Week 1,18 Mar 2003,0.09602,0.09627
Week 2,25 Mar 2003,0.09583,0.09601
Week 3,01 Apr 2003,0.09466,0.09523
Week 4,08 Apr 2003,0.09691,0.09710

Week 1,15 Apr 2003,0.09868,0.09947
Week 2,22 Apr 2003,0.09798,0.09825
Week 3,29 Apr 2003,0.09817,0.09838
Week 4,06 May 2003,0.09772,0.09792

Week 1,13 May 2003,0.09677,0.09812
Week 2,20 May 2003,0.09776,0.09825
Week 3,27 May 2003,0.09849,0.09864
Week 4,03 Jun 2003,0.09848,0.09890

Week 1,10 Jun 2003,0.09808,0.09937
Week 2,17 Jun 2003,0.09857,0.09991
Week 3,24 Jun 2003,0.09974,0.09986
Week 4,01 Jul 2003,0.09974,0.10022

Week 1,08 Jul 2003,0.09914,0.10083
Week 2,15 Jul 2003,0.09960,0.10103
Week 3,22 Jul 2003,0.10055,0.10098
Week 4,29 Jul 2003,0.10076,0.10247

Week 1,05 Aug 2003,0.10046,0.10150
Week 2,12 Aug 2003,0.10068,0.10120
Week 3,19 Aug 2003,0.10060,0.10083
Week 4,26 Aug 2003,0.09954,0.09972

Week 1,02 Sep 2003,0.09888,0.09997
Week 2,09 Sep 2003,0.09912,0.10086
Week 3,16 Sep 2003,0.09821,0.09961
Week 4,23 Sep 2003,0.09680,0.09758

Week 1,30 Sep 2003,0.09623,0.09674
Week 2,07 Oct 2003,0.09493,0.09565
Week 3,14 Oct 2003,0.09258,0.09412
Week 4,21 Oct 2003,0.09196,0.09240

Week 1,28 Oct 2003,0.09168,0.09240
Week 2,04 Nov 2003,0.09215,0.09370
Week 3,11 Nov 2003,0.09238,0.09277
Week 4,18 Nov 2003,0.09122,0.09188

Week 1,25 Nov 2003,0.09094,0.09105
Week 2,02 Dec 2003,0.09068,0.09089
Week 3,09 Dec 2003,0.09024,0.09165
Week 4,16 Dec 2003,0.09033,0.09071

Week 1,23 Dec 2003,0.08949,0.08962
Week 2,30 Dec 2003,0.08956,0.08991
Week 3,06 Jan 2004,0.08931,0.09016
Week 4,13 Jan 2004,0.08930,0.09038

Week 1,20 Jan 2004,0.08935,0.09048
Week 2,27 Jan 2004,0.08919,0.09107
Week 3,03 Feb 2004,0.08994,0.09054
Week 4,10 Feb 2004,0.09039,0.09126

Week 1,17 Feb 2004,0.09151,0.09290
Week 2,24 Feb 2004,0.09217,0.09309
Week 3,02 Mar 2004,0.09400,0.09494
Week 4,09 Mar 2004,0.09454,0.09497

Week 1,16 Mar 2004,0.09189,0.09308
Week 2,23 Mar 2004,0.09123,0.09193
Week 3,30 Mar 2004,0.09009,0.09076
Week 4,06 Apr 2004,0.09171,0.09322

Week 1,13 Apr 2004,0.09285,0.09328
Week 2,20 Apr 2004,0.09397,0.09415
Week 3,27 Apr 2004,0.09357,0.09509
Week 4,04 May 2004,0.09400,0.09526

Week 1,11 May 2004,0.09564,0.09632
Week 2,18 May 2004,0.09594,0.09608
Week 3,25 May 2004,0.09478,0.09493
Week 4,01 Jun 2004,0.09502,0.09516

Week 1,08 Jun 2004,0.09461,0.09475
Week 2,15 Jun 2004,0.09432,0.09450
Week 3,22 Jun 2004,0.09370,0.09389
Week 4,29 Jun 2004,0.09385,0.09404

Week 1,06 Jul 2004,0.09426,0.09438
Week 2,13 Jul 2004,0.09392,0.09410
Week 3,20 Jul 2004,0.09417,0.09429
Week 4,27 Jul 2004,0.09528,0.09551

Week 1,03 Aug 2004,0.09534,0.09555
Week 2,10 Aug 2004,0.09576,0.09593
Week 3,17 Aug 2004,0.09472,0.09484
Week 4,24 Aug 2004,0.09506,0.09521

Week 1,31 Aug 2004,0.09544,0.09557
Week 2,07 Sep 2004,0.09543,0.09558
Week 3,14 Sep 2004,0.09584,0.09602
Week 4,21 Sep 2004,0.09607,0.09632

Week 1,28 Sep 2004,0.09614,0.09628
Week 2,05 Oct 2004,0.09454,0.09799
Week 3,12 Oct 2004,0.09461,0.09667
Week 4,19 Oct 2004,0.09363,0.09563

Week 1,26 Oct 2004,0.09346,0.09547
Week 2,02 Nov 2004,0.09380,0.09718
Week 3,09 Nov 2004,0.09490,0.09695
Week 4,16 Nov 2004,0.09563,0.09773

Week 1,23 Nov 2004,0.09650,0.09822
Week 2,30 Nov 2004,0.09778,0.09794
Week 3,07 Dec 2004,0.09870,0.09885
Week 4,14 Dec 2004,0.09860,0.09875

Week 1,21 Dec 2004,0.09880,0.09897
Week 2,28 Dec 2004,0.09742,0.10039
Week 3,04 Jan 2005,0.09827,0.10046
Week 4,11 Jan 2005,0.09718,0.09931

Week 1,18 Jan 2005,0.09905,0.09920
Week 2,25 Jan 2005,0.10040,0.10055
Week 3,01 Feb 2005,0.10140,0.10155
Week 4,08 Feb 2005,0.10198,0.10214

Week 1,15 Feb 2005,0.10222,0.10332
Week 2,22 Feb 2005,0.10398,0.10415
Week 3,01 Mar 2005,0.10378,0.10426
Week 4,08 Mar 2005,0.10415,0.10426

Week 1,15 Mar 2005,0.10421,0.10434
Week 2,22 Mar 2005,0.10464,0.10477
Week 3,29 Mar 2005,0.10553,0.10570
Week 4,05 Apr 2005,0.10625,0.10740

Week 1,12 Apr 2005,0.10601,0.10618
Week 2,19 Apr 2005,0.10573,0.10590
Week 3,26 Apr 2005,0.10553,0.10563
Week 4,03 May 2005,0.10468,0.10483

Week 1,10 May 2005,0.10578,0.10696
Week 2,17 May 2005,0.10687,0.10705
Week 3,24 May 2005,0.10764,0.10781
Week 4,31 May 2005,0.10705,0.10720

Week 1,07 Jun 2005,0.10693,0.10710
Week 2,14 Jun 2005,0.10758,0.10774
Week 3,21 Jun 2005,0.10761,0.10777
Week 4,28 Jun 2005,0.10771,0.10787

Week 1,05 Jul 2005,0.10648,0.10661
Week 2,12 Jul 2005,0.10746,0.10797
Week 3,19 Jul 2005,0.10811,0.10834
Week 4,26 Jul 2005,0.10942,0.10956

Week 1,02 Aug 2005,0.10970,0.10987
Week 2,09 Aug 2005,0.10876,0.10896
Week 3,16 Aug 2005,0.10783,0.10798
Week 4,23 Aug 2005,0.10699,0.10708

Week 1,30 Aug 2005,0.10698,0.10709
Week 2,06 Sep 2005,0.10682,0.10704
Week 3,13 Sep 2005,0.10751,0.10834
Week 4,20 Sep 2005,0.10864,0.10881

Week 1,27 Sep 2005,0.10838,0.10921
Week 2,04 Oct 2005,0.10939,0.10958
Week 3,11 Oct 2005,0.10936,0.11019
Week 4,18 Oct 2005,0.10942,0.10954

Week 1,25 Oct 2005,0.11031,0.11057
Week 2,01 Nov 2005,0.11206,0.11230
Week 3,08 Nov 2005,0.11263,0.11274
Week 4,15 Nov 2005,0.11394,0.11643

Week 1,22 Nov 2005,0.11296,0.11580
Week 2,29 Nov 2005,0.11423,0.11713
Week 3,06 Dec 2005,0.11546,0.11838
Week 4,13 Dec 2005,0.11477,0.11767

Week 1,20 Dec 2005,0.11319,0.11608
Week 2,27 Dec 2005,0.11421,0.11715
Week 3,03 Jan 2006,0.11412,0.11977
Week 4,10 Jan 2006,0.11454,0.11834

Week 1,17 Jan 2006,0.11538,0.11850
Week 2,24 Jan 2006,0.11722,0.12056
Week 3,31 Jan 2006,0.11947,0.12436
Week 4,07 Feb 2006,0.12001,0.12359

Week 1,14 Feb 2006,0.11878,0.12382
Week 2,21 Feb 2006,0.11967,0.12300
Week 3,28 Feb 2006,0.11840,0.12153
Week 4,07 Mar 2006,0.11889,0.12207

Week 1,14 Mar 2006,0.11866,0.12232
Week 2,21 Mar 2006,0.11829,0.12240
Week 3,28 Mar 2006,0.11890,0.12202
Week 4,04 Apr 2006,0.12144,0.12476

Week 1,11 Apr 2006,0.12128,0.12574
Week 2,18 Apr 2006,0.12153,0.12585
Week 3,25 Apr 2006,0.11950,0.12365
Week 4,02 May 2006,0.11890,0.12212

Week 1,09 May 2006,0.11682,0.12114
Week 2,16 May 2006,0.11589,0.11887
Week 3,23 May 2006,0.11642,0.12012
Week 4,30 May 2006,0.11646,0.12095

Week 1,06 Jun 2006,0.11701,0.12139
Week 2,13 Jun 2006,0.11826,0.12155
Week 3,20 Jun 2006,0.11879,0.12301
Week 4,27 Jun 2006,0.11961,0.12267

Week 1,04 Jul 2006,0.11924,0.12293
Week 2,11 Jul 2006,0.11824,0.12425
Week 3,18 Jul 2006,0.12074,0.12417
Week 4,25 Jul 2006,0.12018,0.12322

Week 1,01 Aug 2006,0.11722,0.12180
Week 2,08 Aug 2006,0.11724,0.12302
Week 3,15 Aug 2006,0.11866,0.12241
Week 4,22 Aug 2006,0.12004,0.12306

Week 1,29 Aug 2006,0.11999,0.12380
Week 2,05 Sep 2006,0.12026,0.12331
Week 3,12 Sep 2006,0.12115,0.12422
Week 4,19 Sep 2006,0.12155,0.12533

Week 1,26 Sep 2006,0.12261,0.12576
Week 2,03 Oct 2006,0.12293,0.12647
Week 3,10 Oct 2006,0.12280,0.12621
Week 4,17 Oct 2006,0.12256,0.12585

Week 1,24 Oct 2006,0.12258,0.12670
Week 2,31 Oct 2006,0.12308,0.12707
Week 3,07 Nov 2006,0.12417,0.12754
Week 4,14 Nov 2006,0.12406,0.12736

Week 1,21 Nov 2006,0.12301,0.12769
Week 2,28 Nov 2006,0.12302,0.12620
Week 3,05 Dec 2006,0.12300,0.12776
Week 4,12 Dec 2006,0.12495,0.12934

Week 1,19 Dec 2006,0.12574,0.12891
Week 2,26 Dec 2006,0.12619,0.12952
Week 3,02 Jan 2007,0.12600,0.12919
Week 4,09 Jan 2007,0.12523,0.12984

Week 1,16 Jan 2007,0.12700,0.13102
Week 2,23 Jan 2007,0.12760,0.13083
Week 3,30 Jan 2007,0.12673,0.13127
Week 4,06 Feb 2007,0.12790,0.13137

Week 1,13 Feb 2007,0.12645,0.13069
Week 2,20 Feb 2007,0.12615,0.13131
Week 3,27 Feb 2007,0.12319,0.12829
Week 4,06 Mar 2007,0.12135,0.12576

Week 1,13 Mar 2007,0.12212,0.12573
Week 2,20 Mar 2007,0.12353,0.12708
Week 3,27 Mar 2007,0.12317,0.12748
Week 4,03 Apr 2007,0.12489,0.12917

Week 1,10 Apr 2007,0.12639,0.12950
Week 2,17 Apr 2007,0.12610,0.12987
Week 3,24 Apr 2007,0.12817,0.12852
Week 4,01 May 2007,0.12795,0.13039

Week 1,08 May 2007,0.12888,0.13083
Week 2,15 May 2007,0.12903,0.13132
Week 3,22 May 2007,0.13028,0.13113
Week 4,29 May 2007,0.13094,0.13138

Week 1,05 Jun 2007,0.13070,0.13106
Week 2,12 Jun 2007,0.13151,0.13261
Week 3,19 Jun 2007,0.13263,0.13419
Week 4,26 Jun 2007,0.13274,0.13360

Week 1,03 Jul 2007,0.13316,0.13402
Week 2,10 Jul 2007,0.13299,0.13346
Week 3,17 Jul 2007,0.13233,0.13352
Week 4,24 Jul 2007,0.12968,0.13109

Week 1,31 Jul 2007,0.12812,0.12916
Week 2,07 Aug 2007,0.12772,0.12809
Week 3,14 Aug 2007,0.12262,0.12360
Week 4,21 Aug 2007,0.12230,0.12297

Week 1,28 Aug 2007,0.12291,0.12328
Week 2,04 Sep 2007,0.12223,0.12263
Week 3,11 Sep 2007,0.12275,0.12311
Week 4,18 Sep 2007,0.12485,0.12519

Week 1,25 Sep 2007,0.12518,0.12556
Week 2,02 Oct 2007,0.12676,0.12710
Week 3,09 Oct 2007,0.12778,0.12812
Week 4,16 Oct 2007,0.12637,0.12671

Week 1,23 Oct 2007,0.12495,0.12529
Week 2,30 Oct 2007,0.12657,0.12693
Week 3,06 Nov 2007,0.12404,0.12441
Week 4,13 Nov 2007,0.12068,0.12100

Week 1,20 Nov 2007,0.11743,0.11777
Week 2,27 Nov 2007,0.11833,0.11863
Week 3,04 Dec 2007,0.12016,0.12051
Week 4,11 Dec 2007,0.12089,0.12124

Week 1,18 Dec 2007,0.12067,0.12099
Week 2,25 Dec 2007,0.12074,0.12168
Week 3,01 Jan 2008,0.11635,0.11782
Week 4,08 Jan 2008,0.11624,0.11658

Week 1,15 Jan 2008,0.11380,0.11409
Week 2,22 Jan 2008,0.11229,0.11258
Week 3,29 Jan 2008,0.11263,0.11291
Week 4,05 Feb 2008,0.11335,0.11371

Week 1,12 Feb 2008,0.11372,0.11404
Week 2,19 Feb 2008,0.11354,0.11386
Week 3,26 Feb 2008,0.11233,0.11268
Week 4,04 Mar 2008,0.10818,0.10845

Week 1,11 Mar 2008,0.10237,0.10328
Week 2,18 Mar 2008,0.09812,0.09879
Week 3,25 Mar 2008,0.09998,0.10112
Week 4,01 Apr 2008,0.10311,0.10414

Week 1,08 Apr 2008,0.10407,0.10438
Week 2,15 Apr 2008,0.10233,0.10344
Week 3,22 Apr 2008,0.10419,0.10446
Week 4,29 Apr 2008,0.10386,0.10410

Week 1,06 May 2008,0.10068,0.10091
Week 2,13 May 2008,0.09954,0.10060
Week 3,20 May 2008,0.09903,0.09938
Week 4,27 May 2008,0.10102,0.10135

Week 1,03 Jun 2008,0.10250,0.10327
Week 2,10 Jun 2008,0.10340,0.10364
Week 3,17 Jun 2008,0.10444,0.10472
Week 4,24 Jun 2008,0.10303,0.10335

Week 1,01 Jul 2008,0.10113,0.10213
Week 2,08 Jul 2008,0.10540,0.10628
Week 3,15 Jul 2008,0.10475,0.10507
Week 4,22 Jul 2008,0.10612,0.10637

Week 1,29 Jul 2008,0.10631,0.10661
Week 2,05 Aug 2008,0.10614,0.10735
Week 3,12 Aug 2008,0.10563,0.10621
Week 4,19 Aug 2008,0.10383,0.10415

Week 1,26 Aug 2008,0.10028,0.10101
Week 2,02 Sep 2008,0.09560,0.09630
Week 3,09 Sep 2008,0.09763,0.09794
Week 4,16 Sep 2008,0.09329,0.09416

Week 1,23 Sep 2008,0.09173,0.09216
Week 2,30 Sep 2008,0.08652,0.08737
Week 3,07 Oct 2008,0.07581,0.07648
Week 4,14 Oct 2008,0.07824,0.07879

Week 1,21 Oct 2008,0.07032,0.07092
Week 2,28 Oct 2008,0.07205,0.07283
Week 3,04 Nov 2008,0.07562,0.07628
Week 4,11 Nov 2008,0.07066,0.07101

Week 1,18 Nov 2008,0.06510,0.06557
Week 2,25 Nov 2008,0.06420,0.06461
Week 3,02 Dec 2008,0.06336,0.06356
Week 4,09 Dec 2008,0.06580,0.06619

Week 1,16 Dec 2008,0.06782,0.06838
Week 2,23 Dec 2008,0.06778,0.06845
Week 3,30 Dec 2008,0.07015,0.07065
Week 4,06 Jan 2009,0.06873,0.06931

Week 1,13 Jan 2009,0.06603,0.06639
Week 2,20 Jan 2009,0.06491,0.06541
Week 3,27 Jan 2009,0.06460,0.06511
Week 4,03 Feb 2009,0.06549,0.06565

Week 1,10 Feb 2009,0.06520,0.06534
Week 2,17 Feb 2009,0.06297,0.06310
Week 3,24 Feb 2009,0.06365,0.06377
Week 4,03 Mar 2009,0.06303,0.06316

Week 1,10 Mar 2009,0.06540,0.06595
Week 2,17 Mar 2009,0.06849,0.06870
Week 3,24 Mar 2009,0.07189,0.07204
Week 4,31 Mar 2009,0.07294,0.07361

Week 1,07 Apr 2009,0.07580,0.07599
Week 2,14 Apr 2009,0.07423,0.07442
Week 3,21 Apr 2009,0.07270,0.07306
Week 4,28 Apr 2009,0.07424,0.07535

Week 1,05 May 2009,0.07834,0.07854
Week 2,12 May 2009,0.07682,0.07699
Week 3,19 May 2009,0.07618,0.07635
Week 4,26 May 2009,0.07582,0.07598

Week 1,02 Jun 2009,0.07744,0.07799
Week 2,09 Jun 2009,0.07821,0.07840
Week 3,16 Jun 2009,0.07621,0.07650
Week 4,23 Jun 2009,0.07437,0.07457

Week 1,30 Jun 2009,0.07550,0.07568
Week 2,07 Jul 2009,0.07308,0.07324
Week 3,14 Jul 2009,0.07309,0.07373
Week 4,21 Jul 2009,0.07524,0.07595

Week 1,28 Jul 2009,0.07689,0.07708
Week 2,04 Aug 2009,0.07836,0.07853
Week 3,11 Aug 2009,0.07728,0.07744
Week 4,18 Aug 2009,0.07519,0.07584

Week 1,25 Aug 2009,0.07493,0.07587
Week 2,01 Sep 2009,0.07459,0.07479
Week 3,08 Sep 2009,0.07482,0.07498
Week 4,15 Sep 2009,0.07471,0.07563

Week 1,22 Sep 2009,0.07569,0.07649
Week 2,29 Sep 2009,0.07561,0.07635
Week 3,06 Oct 2009,0.07613,0.07673
Week 4,13 Oct 2009,0.07730,0.07790

Week 1,20 Oct 2009,0.07718,0.07734
Week 2,27 Oct 2009,0.07648,0.07731
Week 3,03 Nov 2009,0.07668,0.07689
Week 4,10 Nov 2009,0.07756,0.07773

Week 1,17 Nov 2009,0.07688,0.07705
Week 2,24 Nov 2009,0.07499,0.07574
Week 3,01 Dec 2009,0.07631,0.07657
Week 4,08 Dec 2009,0.07590,0.07673

Week 1,15 Dec 2009,0.07681,0.07702
Week 2,22 Dec 2009,0.07672,0.07823
Week 3,29 Dec 2009,0.07843,0.08003
Week 4,05 Jan 2010,0.08143,0.08176

Week 1,12 Jan 2010,0.08090,0.08180
Week 2,19 Jan 2010,0.07928,0.07949
Week 3,26 Jan 2010,0.07713,0.07807
Week 4,02 Feb 2010,0.07737,0.07759

Week 1,09 Feb 2010,0.07740,0.07758
Week 2,16 Feb 2010,0.07867,0.07948
Week 3,23 Feb 2010,0.07723,0.07809
Week 4,02 Mar 2010,0.07760,0.07867

Week 1,09 Mar 2010,0.07983,0.08007
Week 2,16 Mar 2010,0.07975,0.07995
Week 3,23 Mar 2010,0.08037,0.08074
Week 4,30 Mar 2010,0.08218,0.08367

Week 1,06 Apr 2010,0.08332,0.08353
Week 2,13 Apr 2010,0.08297,0.08381
Week 3,20 Apr 2010,0.08386,0.08411
Week 4,27 Apr 2010,0.08437,0.08479

Week 1,04 May 2010,0.08152,0.08221
Week 2,11 May 2010,0.08141,0.08195
Week 3,18 May 2010,0.07728,0.07760
Week 4,25 May 2010,0.07401,0.07452

Week 1,01 Jun 2010,0.07591,0.07633
Week 2,08 Jun 2010,0.07351,0.07373
Week 3,15 Jun 2010,0.07475,0.07537
Week 4,22 Jun 2010,0.07511,0.07531

Week 1,29 Jun 2010,0.07185,0.07271
Week 2,06 Jul 2010,0.07271,0.07293
Week 3,13 Jul 2010,0.07246,0.07315
Week 4,20 Jul 2010,0.07182,0.07271

Week 1,27 Jul 2010,0.07324,0.07346
Week 2,03 Aug 2010,0.07351,0.07369
Week 3,10 Aug 2010,0.07274,0.07292
Week 4,17 Aug 2010,0.07205,0.07288

Week 1,24 Aug 2010,0.07105,0.07127
Week 2,31 Aug 2010,0.07122,0.07140
Week 3,07 Sep 2010,0.07161,0.07182
Week 4,14 Sep 2010,0.07286,0.07359

Week 1,21 Sep 2010,0.07316,0.07335
Week 2,28 Sep 2010,0.07337,0.07355
Week 3,05 Oct 2010,0.07329,0.07408
Week 4,12 Oct 2010,0.07280,0.07341

Week 1,19 Oct 2010,0.07217,0.07235
Week 2,26 Oct 2010,0.07195,0.07213
Week 3,02 Nov 2010,0.07278,0.07296
Week 4,09 Nov 2010,0.07318,0.07336

Week 1,16 Nov 2010,0.07342,0.07360
Week 2,23 Nov 2010,0.07270,0.07287
Week 3,30 Nov 2010,0.07270,0.07288
Week 4,07 Dec 2010,0.07320,0.07338

Week 1,14 Dec 2010,0.07274,0.07299
Week 2,21 Dec 2010,0.07180,0.07304
Week 3,28 Dec 2010,0.07161,0.07269
Week 4,04 Jan 2011,0.07345,0.07363

Week 1,11 Jan 2011,0.07396,0.07454
Week 2,18 Jan 2011,0.07370,0.07427
Week 3,25 Jan 2011,0.07369,0.07386
Week 4,01 Feb 2011,0.07336,0.07353

Week 1,08 Feb 2011,0.07418,0.07436
Week 2,15 Feb 2011,0.07462,0.07481
Week 3,22 Feb 2011,0.07297,0.07315
Week 4,01 Mar 2011,0.07318,0.07334

Week 1,08 Mar 2011,0.07337,0.07354
Week 2,15 Mar 2011,0.07135,0.07152
Week 3,22 Mar 2011,0.07247,0.07264
Week 4,29 Mar 2011,0.07551,0.07569

Week 1,05 Apr 2011,0.07810,0.07830
Week 2,12 Apr 2011,0.07680,0.07698
Week 3,19 Apr 2011,0.07583,0.07601
Week 4,26 Apr 2011,0.07586,0.07604

Week 1,03 May 2011,0.07458,0.07476
Week 2,10 May 2011,0.07433,0.07451
Week 3,17 May 2011,0.07482,0.07517
Week 4,24 May 2011,0.07466,0.07484

Week 1,31 May 2011,0.07486,0.07504
Week 2,07 Jun 2011,0.07361,0.07439
Week 3,14 Jun 2011,0.07383,0.07415
Week 4,21 Jun 2011,0.07411,0.07465

Week 1,28 Jun 2011,0.07525,0.07544
Week 2,05 Jul 2011,0.07609,0.07627
Week 3,12 Jul 2011,0.07488,0.07508
Week 4,19 Jul 2011,0.07447,0.07482

Week 1,26 Jul 2011,0.07354,0.07387
Week 2,02 Aug 2011,0.07346,0.07377
Week 3,09 Aug 2011,0.07120,0.07142
Week 4,16 Aug 2011,0.07080,0.07133

Week 1,23 Aug 2011,0.07094,0.07111
Week 2,30 Aug 2011,0.07181,0.07198
Week 3,06 Sep 2011,0.07187,0.07205
Week 4,13 Sep 2011,0.06984,0.07001

Week 1,20 Sep 2011,0.06607,0.06623
Week 2,27 Sep 2011,0.06497,0.06513
Week 3,04 Oct 2011,0.06464,0.06499
Week 4,11 Oct 2011,0.06601,0.06629

Week 1,18 Oct 2011,0.06685,0.06704
Week 2,25 Oct 2011,0.06782,0.06798
Week 3,01 Nov 2011,0.06984,0.07001
Week 4,08 Nov 2011,0.06898,0.06915

Week 1,15 Nov 2011,0.06778,0.06795
Week 2,22 Nov 2011,0.06678,0.06702
Week 3,29 Nov 2011,0.06800,0.06875
Week 4,06 Dec 2011,0.06832,0.06849

Week 1,13 Dec 2011,0.06717,0.06750
Week 2,20 Dec 2011,0.06742,0.06759
Week 3,27 Dec 2011,0.06697,0.06714
Week 4,03 Jan 2012,0.06647,0.06664

Week 1,10 Jan 2012,0.06648,0.06665
Week 2,17 Jan 2012,0.06741,0.06758
Week 3,24 Jan 2012,0.06852,0.06870
Week 4,31 Jan 2012,0.06810,0.06827

Week 1,07 Feb 2012,0.06882,0.06901
Week 2,14 Feb 2012,0.06985,0.07003
Week 3,21 Feb 2012,0.07131,0.07149
Week 4,28 Feb 2012,0.07229,0.07272

Week 1,06 Mar 2012,0.07283,0.07316
Week 2,13 Mar 2012,0.07382,0.07401
Week 3,20 Mar 2012,0.07309,0.07382
Week 4,27 Mar 2012,0.07275,0.07308

Week 1,03 Apr 2012,0.07270,0.07286
Week 2,10 Apr 2012,0.07098,0.07162
Week 3,17 Apr 2012,0.07119,0.07151
Week 4,24 Apr 2012,0.07107,0.07125

Week 1,01 May 2012,0.07035,0.07113
Week 2,08 May 2012,0.06966,0.06998
Week 3,15 May 2012,0.06839,0.06857
Week 4,22 May 2012,0.06738,0.06776

Week 1,29 May 2012,0.06639,0.06697
Week 2,05 Jun 2012,0.06696,0.06772
Week 3,12 Jun 2012,0.06753,0.06843
Week 4,19 Jun 2012,0.06873,0.06930

Week 1,26 Jun 2012,0.06876,0.06949
Week 2,03 Jul 2012,0.06949,0.07036
Week 3,10 Jul 2012,0.06880,0.06975
Week 4,17 Jul 2012,0.06870,0.06909

Week 1,24 Jul 2012,0.06822,0.06861
Week 2,31 Jul 2012,0.06880,0.06963
Week 3,07 Aug 2012,0.06927,0.06958
Week 4,14 Aug 2012,0.06973,0.06984

Week 1,21 Aug 2012,0.06931,0.07002
Week 2,28 Aug 2012,0.06905,0.06941
Week 3,04 Sep 2012,0.06902,0.06973
Week 4,11 Sep 2012,0.06930,0.06972

Week 1,18 Sep 2012,0.06993,0.07024
Week 2,25 Sep 2012,0.06927,0.06999
Week 3,02 Oct 2012,0.07025,0.07078
Week 4,09 Oct 2012,0.07023,0.07072

Week 1,16 Oct 2012,0.07117,0.07170
Week 2,23 Oct 2012,0.07222,0.07299
Week 3,30 Oct 2012,0.07293,0.07368
Week 4,06 Nov 2012,0.07301,0.07379

Week 1,13 Nov 2012,0.07368,0.07407
Week 2,20 Nov 2012,0.07529,0.07612
Week 3,27 Nov 2012,0.07545,0.07642
Week 4,04 Dec 2012,0.07579,0.07633

Week 1,11 Dec 2012,0.07696,0.07777
Week 2,18 Dec 2012,0.07818,0.07853
Week 3,25 Dec 2012,0.07969,0.07986
Week 4,01 Jan 2013,0.08173,0.08270

Week 1,08 Jan 2013,0.08303,0.08410
Week 2,15 Jan 2013,0.08401,0.08506
Week 3,22 Jan 2013,0.08381,0.08439
Week 4,29 Jan 2013,0.08379,0.08445

Week 1,05 Feb 2013,0.08465,0.08559
Week 2,12 Feb 2013,0.08564,0.08651
Week 3,19 Feb 2013,0.08588,0.08685
Week 4,26 Feb 2013,0.08515,0.08603

Week 1,05 Mar 2013,0.08637,0.08726
Week 2,12 Mar 2013,0.08662,0.08709
Week 3,19 Mar 2013,0.08460,0.08546
Week 4,26 Mar 2013,0.08432,0.08537

Week 1,02 Apr 2013,0.08400,0.08557
Week 2,09 Apr 2013,0.08701,0.08772
Week 3,16 Apr 2013,0.08747,0.08845
Week 4,23 Apr 2013,0.08844,0.08895

Week 1,30 Apr 2013,0.08870,0.08963
Week 2,07 May 2013,0.09076,0.09177
Week 3,14 May 2013,0.09145,0.09240
Week 4,21 May 2013,0.09042,0.09152

Week 1,28 May 2013,0.08905,0.08996
Week 2,04 Jun 2013,0.08747,0.08857
Week 3,11 Jun 2013,0.08459,0.08504
Week 4,18 Jun 2013,0.08423,0.08464

Week 1,25 Jun 2013,0.08517,0.08584
Week 2,02 Jul 2013,0.08778,0.08826
Week 3,09 Jul 2013,0.08803,0.08848
Week 4,16 Jul 2013,0.08906,0.08947

Week 1,23 Jul 2013,0.08854,0.08952
Week 2,30 Jul 2013,0.08772,0.08834
Week 3,06 Aug 2013,0.08698,0.08720
Week 4,13 Aug 2013,0.08732,0.08755

Week 1,20 Aug 2013,0.08767,0.08808
Week 2,27 Aug 2013,0.08779,0.08851
Week 3,03 Sep 2013,0.09035,0.09113
Week 4,10 Sep 2013,0.09124,0.09242

Week 1,17 Sep 2013,0.09178,0.09216
Week 2,24 Sep 2013,0.09151,0.09201
Week 3,01 Oct 2013,0.09037,0.09137
Week 4,08 Oct 2013,0.09068,0.09166

Week 1,15 Oct 2013,0.09203,0.09232
Week 2,22 Oct 2013,0.09175,0.09231
Week 3,29 Oct 2013,0.09211,0.09304
Week 4,05 Nov 2013,0.09238,0.09332

Week 1,12 Nov 2013,0.09307,0.09403
Week 2,19 Nov 2013,0.09481,0.09519
Week 3,26 Nov 2013,0.09615,0.09639
Week 4,03 Dec 2013,0.09677,0.09700

Week 1,10 Dec 2013,0.09767,0.09813
Week 2,17 Dec 2013,0.09792,0.09816
Week 3,24 Dec 2013,0.09870,0.09910
Week 4,31 Dec 2013,0.09931,0.09967

Week 1,07 Jan 2014,0.09808,0.09848
Week 2,14 Jan 2014,0.09772,0.09852
Week 3,21 Jan 2014,0.09621,0.09683
Week 4,28 Jan 2014,0.09474,0.09510

Week 1,04 Feb 2014,0.09424,0.09458
Week 2,11 Feb 2014,0.09566,0.09589
Week 3,18 Feb 2014,0.09550,0.09588
Week 4,25 Feb 2014,0.09541,0.09563

Week 1,04 Mar 2014,0.09596,0.09620
Week 2,11 Mar 2014,0.09551,0.09588
Week 3,18 Mar 2014,0.09473,0.09509
Week 4,25 Mar 2014,0.09525,0.09561

Week 1,01 Apr 2014,0.09764,0.09801
Week 2,08 Apr 2014,0.09743,0.09837
Week 3,15 Apr 2014,0.09819,0.09844
Week 4,22 Apr 2014,0.09825,0.09863

Week 1,29 Apr 2014,0.09902,0.09928
Week 2,06 May 2014,0.09916,0.09939
Week 3,13 May 2014,0.09898,0.09979
Week 4,20 May 2014,0.09894,0.09941

Week 1,27 May 2014,0.09948,0.09974
Week 2,03 Jun 2014,0.10014,0.10038
Week 3,10 Jun 2014,0.10026,0.10051
Week 4,17 Jun 2014,0.09981,0.10005

Week 1,24 Jun 2014,0.09988,0.10015
Week 2,01 Jul 2014,0.10067,0.10092
Week 3,08 Jul 2014,0.09991,0.10018
Week 4,15 Jul 2014,0.09859,0.09883

Week 1,22 Jul 2014,0.09890,0.09914
Week 2,29 Jul 2014,0.09929,0.09952
Week 3,05 Aug 2014,0.09869,0.09892
Week 4,12 Aug 2014,0.09971,0.09995

Week 1,19 Aug 2014,0.10127,0.10152
Week 2,26 Aug 2014,0.10185,0.10278
Week 3,02 Sep 2014,0.10208,0.10359
Week 4,09 Sep 2014,0.10262,0.10421

Week 1,16 Sep 2014,0.10308,0.10484
Week 2,23 Sep 2014,0.10371,0.10523
Week 3,30 Sep 2014,0.10308,0.10354
Week 4,07 Oct 2014,0.10050,0.10147

Week 1,14 Oct 2014,0.10017,0.10051
Week 2,21 Oct 2014,0.10165,0.10190
Week 3,28 Oct 2014,0.10268,0.10435
Week 4,04 Nov 2014,0.10443,0.10619

Week 1,11 Nov 2014,0.10516,0.10598
Week 2,18 Nov 2014,0.10587,0.10615
Week 3,25 Nov 2014,0.10576,0.10733
Week 4,02 Dec 2014,0.10739,0.10775

Week 1,09 Dec 2014,0.10772,0.10799
Week 2,16 Dec 2014,0.10789,0.10816
Week 3,23 Dec 2014,0.10889,0.10917
Week 4,30 Dec 2014,0.10906,0.10936

Week 1,06 Jan 2015,0.10860,0.10887
Week 2,13 Jan 2015,0.10868,0.10899
Week 3,20 Jan 2015,0.10880,0.10910
Week 4,27 Jan 2015,0.10777,0.10807

Week 1,03 Feb 2015,0.10764,0.10793
Week 2,10 Feb 2015,0.10816,0.10847
Week 3,17 Feb 2015,0.10713,0.10742
Week 4,24 Feb 2015,0.10784,0.10815

Week 1,03 Mar 2015,0.10872,0.10902
Week 2,10 Mar 2015,0.10738,0.10768
Week 3,17 Mar 2015,0.10747,0.10778
Week 4,24 Mar 2015,0.10788,0.10817

Week 1,31 Mar 2015,0.10900,0.10933
Week 2,07 Apr 2015,0.10981,0.11014
Week 3,14 Apr 2015,0.10939,0.10970
Week 4,21 Apr 2015,0.11031,0.11062

Week 1,28 Apr 2015,0.11104,0.11137
Week 2,05 May 2015,0.11020,0.11053
Week 3,12 May 2015,0.10951,0.10982
Week 4,19 May 2015,0.11035,0.11066

Week 1,26 May 2015,0.11120,0.11150
Week 2,02 Jun 2015,0.11166,0.11198
Week 3,09 Jun 2015,0.11075,0.11107
Week 4,16 Jun 2015,0.11078,0.11111

Week 1,23 Jun 2015,0.11095,0.11126
Week 2,30 Jun 2015,0.10921,0.10950
Week 3,07 Jul 2015,0.10778,0.10809
Week 4,14 Jul 2015,0.10793,0.10823

Week 1,21 Jul 2015,0.10655,0.10684
Week 2,28 Jul 2015,0.10599,0.10628
Week 3,04 Aug 2015,0.10641,0.10669
Week 4,11 Aug 2015,0.10569,0.10596

Week 1,18 Aug 2015,0.10363,0.10391
Week 2,25 Aug 2015,0.10167,0.10195
Week 3,01 Sep 2015,0.10068,0.10094
Week 4,08 Sep 2015,0.10094,0.10119

Week 1,15 Sep 2015,0.10222,0.10249
Week 2,22 Sep 2015,0.10106,0.10133
Week 3,29 Sep 2015,0.10123,0.10150
Week 4,06 Oct 2015,0.10380,0.10409

Week 1,13 Oct 2015,0.10493,0.10520
Week 2,20 Oct 2015,0.10609,0.10636
Week 3,27 Oct 2015,0.10591,0.10618
Week 4,03 Nov 2015,0.10645,0.10671

Week 1,10 Nov 2015,0.10554,0.10579
Week 2,17 Nov 2015,0.10487,0.10655
Week 3,24 Nov 2015,0.10604,0.10685
Week 4,01 Dec 2015,0.10562,0.10632

Week 1,08 Dec 2015,0.10271,0.10425
Week 2,15 Dec 2015,0.10264,0.10300
Week 3,22 Dec 2015,0.10223,0.10387
Week 4,29 Dec 2015,0.10158,0.10329

Week 1,05 Jan 2016,0.09824,0.09980
Week 2,12 Jan 2016,0.09632,0.09783
Week 3,19 Jan 2016,0.09740,0.09803
Week 4,26 Jan 2016,0.09856,0.10008

Week 1,02 Feb 2016,0.09816,0.09849
Week 2,09 Feb 2016,0.09400,0.09536
Week 3,16 Feb 2016,0.09214,0.09299
Week 4,23 Feb 2016,0.09060,0.09202

Week 1,01 Mar 2016,0.09263,0.09411
Week 2,08 Mar 2016,0.09395,0.09544
Week 3,15 Mar 2016,0.09538,0.09597
Week 4,22 Mar 2016,0.09645,0.09671

Week 1,29 Mar 2016,0.09745,0.09771
Week 2,05 Apr 2016,0.09464,0.09490
Week 3,12 Apr 2016,0.09469,0.09493
Week 4,19 Apr 2016,0.09628,0.09653

Week 1,26 Apr 2016,0.09497,0.09522
Week 2,03 May 2016,0.09203,0.09226
Week 3,10 May 2016,0.09256,0.09281
Week 4,17 May 2016,0.09245,0.09268

Week 1,24 May 2016,0.09267,0.09291
Week 2,31 May 2016,0.09203,0.09227
Week 3,07 Jun 2016,0.09186,0.09209
Week 4,14 Jun 2016,0.08935,0.08993

Week 1,21 Jun 2016,0.08910,0.08944
Week 2,28 Jun 2016,0.08810,0.08875
Week 3,05 Jul 2016,0.08736,0.08788
Week 4,12 Jul 2016,0.09130,0.09156

Week 1,19 Jul 2016,0.09314,0.09340
Week 2,26 Jul 2016,0.09192,0.09301
Week 3,02 Aug 2016,0.09115,0.09149
Week 4,09 Aug 2016,0.09198,0.09238

Week 1,16 Aug 2016,0.09044,0.09082
Week 2,23 Aug 2016,0.08981,0.09029
Week 3,30 Aug 2016,0.09220,0.09245
Week 4,06 Sep 2016,0.09290,0.09331

Week 1,13 Sep 2016,0.09056,0.09156
Week 2,20 Sep 2016,0.09101,0.09142
Week 3,27 Sep 2016,0.09157,0.09183
Week 4,04 Oct 2016,0.09227,0.09269

Week 1,11 Oct 2016,0.09179,0.09245
Week 2,18 Oct 2016,0.09113,0.09234
Week 3,25 Oct 2016,0.09150,0.09183
Week 4,01 Nov 2016,0.09037,0.09077

Week 1,08 Nov 2016,0.09087,0.09186
Week 2,15 Nov 2016,0.09262,0.09376
Week 3,22 Nov 2016,0.09513,0.09564
Week 4,29 Nov 2016,0.09668,0.09697

Week 1,06 Dec 2016,0.09764,0.09804
Week 2,13 Dec 2016,0.09896,0.09931
Week 3,20 Dec 2016,0.09792,0.09836
Week 4,27 Dec 2016,0.09658,0.09760

Week 1,03 Jan 2017,0.09726,0.09769
Week 2,10 Jan 2017,0.09693,0.09736
Week 3,17 Jan 2017,0.09703,0.09746
Week 4,24 Jan 2017,0.09731,0.09784

Week 1,31 Jan 2017,0.09780,0.09873
Week 2,07 Feb 2017,0.09779,0.09900
Week 3,14 Feb 2017,0.09852,0.09953
Week 4,21 Feb 2017,0.09897,0.09936

Week 1,28 Feb 2017,0.09900,0.09945
Week 2,07 Mar 2017,0.09913,0.09958
Week 3,14 Mar 2017,0.09939,0.10075
Week 4,21 Mar 2017,0.09953,0.09992

Week 1,28 Mar 2017,0.09952,0.09979
Week 2,04 Apr 2017,0.09753,0.09882
Week 3,11 Apr 2017,0.09543,0.09706
Week 4,18 Apr 2017,0.09561,0.09603

Week 1,25 Apr 2017,0.09788,0.09815
Week 2,02 May 2017,0.09882,0.09927
Week 3,09 May 2017,0.10032,0.10073
Week 4,16 May 2017,0.09975,0.10018

Week 1,23 May 2017,0.09934,0.09963
Week 2,30 May 2017,0.09874,0.09917
Week 3,06 Jun 2017,0.09797,0.09819
Week 4,13 Jun 2017,0.09760,0.09782

Week 1,20 Jun 2017,0.09764,0.09803
Week 2,27 Jun 2017,0.09808,0.09830
Week 3,04 Jul 2017,0.09777,0.09900
Week 4,11 Jul 2017,0.09937,0.09957

Week 1,18 Jul 2017,0.09947,0.09967
Week 2,25 Jul 2017,0.09913,0.09934
Week 3,01 Aug 2017,0.09812,0.09832
Week 4,08 Aug 2017,0.09636,0.09655

Week 1,15 Aug 2017,0.09625,0.09645
Week 2,22 Aug 2017,0.09677,0.09697
Week 3,29 Aug 2017,0.09771,0.09792
Week 4,05 Sep 2017,0.09592,0.09612

Week 1,12 Sep 2017,0.09736,0.09756
Week 2,19 Sep 2017,0.09878,0.09899
Week 3,26 Sep 2017,0.09818,0.09841
Week 4,03 Oct 2017,0.09844,0.09865

Week 1,10 Oct 2017,0.09896,0.09918
Week 2,17 Oct 2017,0.09966,0.09986
Week 3,24 Oct 2017,0.10083,0.10103
Week 4,31 Oct 2017,0.10186,0.10207

Week 1,07 Nov 2017,0.10169,0.10191
Week 2,14 Nov 2017,0.10159,0.10280
Week 3,21 Nov 2017,0.10254,0.10278
Week 4,28 Nov 2017,0.10306,0.10328

Week 1,05 Dec 2017,0.10329,0.10346



