KRW->EUR

Week 1,15 Dec 1998,0.00070,0.00070
Week 2,22 Dec 1998,0.00071,0.00071
Week 3,29 Dec 1998,0.00071,0.00071
Week 4,05 Jan 1999,0.00073,0.00074

Week 1,12 Jan 1999,0.00073,0.00073
Week 2,19 Jan 1999,0.00073,0.00074
Week 3,26 Jan 1999,0.00074,0.00075
Week 4,02 Feb 1999,0.00076,0.00076

Week 1,09 Feb 1999,0.00075,0.00075
Week 2,16 Feb 1999,0.00075,0.00075
Week 3,23 Feb 1999,0.00074,0.00075
Week 4,02 Mar 1999,0.00074,0.00075

Week 1,09 Mar 1999,0.00074,0.00074
Week 2,16 Mar 1999,0.00075,0.00075
Week 3,23 Mar 1999,0.00075,0.00076
Week 4,30 Mar 1999,0.00076,0.00076

Week 1,06 Apr 1999,0.00076,0.00076
Week 2,13 Apr 1999,0.00077,0.00077
Week 3,20 Apr 1999,0.00079,0.00079
Week 4,27 Apr 1999,0.00080,0.00080

Week 1,04 May 1999,0.00078,0.00078
Week 2,11 May 1999,0.00078,0.00078
Week 3,18 May 1999,0.00079,0.00079
Week 4,25 May 1999,0.00080,0.00080

Week 1,01 Jun 1999,0.00081,0.00081
Week 2,08 Jun 1999,0.00081,0.00081
Week 3,15 Jun 1999,0.00083,0.00083
Week 4,22 Jun 1999,0.00083,0.00083

Week 1,29 Jun 1999,0.00084,0.00084
Week 2,06 Jul 1999,0.00083,0.00083
Week 3,13 Jul 1999,0.00083,0.00083
Week 4,20 Jul 1999,0.00079,0.00079

Week 1,27 Jul 1999,0.00078,0.00078
Week 2,03 Aug 1999,0.00078,0.00078
Week 3,10 Aug 1999,0.00078,0.00078
Week 4,17 Aug 1999,0.00078,0.00079

Week 1,24 Aug 1999,0.00080,0.00080
Week 2,31 Aug 1999,0.00079,0.00079
Week 3,07 Sep 1999,0.00080,0.00080
Week 4,14 Sep 1999,0.00080,0.00080

Week 1,21 Sep 1999,0.00079,0.00079
Week 2,28 Sep 1999,0.00077,0.00077
Week 3,05 Oct 1999,0.00078,0.00078
Week 4,12 Oct 1999,0.00077,0.00077

Week 1,19 Oct 1999,0.00077,0.00077
Week 2,26 Oct 1999,0.00079,0.00079
Week 3,02 Nov 1999,0.00081,0.00081
Week 4,09 Nov 1999,0.00082,0.00082

Week 1,16 Nov 1999,0.00082,0.00082
Week 2,23 Nov 1999,0.00084,0.00085
Week 3,30 Nov 1999,0.00086,0.00086
Week 4,07 Dec 1999,0.00086,0.00086

Week 1,14 Dec 1999,0.00087,0.00087
Week 2,21 Dec 1999,0.00087,0.00087
Week 3,28 Dec 1999,0.00087,0.00087
Week 4,04 Jan 2000,0.00086,0.00086

Week 1,11 Jan 2000,0.00086,0.00086
Week 2,18 Jan 2000,0.00088,0.00088
Week 3,25 Jan 2000,0.00090,0.00090
Week 4,01 Feb 2000,0.00090,0.00090

Week 1,08 Feb 2000,0.00090,0.00090
Week 2,15 Feb 2000,0.00090,0.00090
Week 3,22 Feb 2000,0.00089,0.00089
Week 4,29 Feb 2000,0.00092,0.00092

Week 1,07 Mar 2000,0.00093,0.00093
Week 2,14 Mar 2000,0.00092,0.00092
Week 3,21 Mar 2000,0.00093,0.00093
Week 4,28 Mar 2000,0.00094,0.00094

Week 1,04 Apr 2000,0.00094,0.00094
Week 2,11 Apr 2000,0.00094,0.00094
Week 3,18 Apr 2000,0.00096,0.00096
Week 4,25 Apr 2000,0.00098,0.00098

Week 1,02 May 2000,0.00100,0.00100
Week 2,09 May 2000,0.00099,0.00099
Week 3,16 May 2000,0.00099,0.00100
Week 4,23 May 2000,0.00096,0.00096

Week 1,30 May 2000,0.00094,0.00094
Week 2,06 Jun 2000,0.00094,0.00094
Week 3,13 Jun 2000,0.00093,0.00093
Week 4,20 Jun 2000,0.00095,0.00095

Week 1,27 Jun 2000,0.00094,0.00095
Week 2,04 Jul 2000,0.00094,0.00094
Week 3,11 Jul 2000,0.00095,0.00095
Week 4,18 Jul 2000,0.00096,0.00096

Week 1,25 Jul 2000,0.00096,0.00096
Week 2,01 Aug 2000,0.00098,0.00098
Week 3,08 Aug 2000,0.00099,0.00099
Week 4,15 Aug 2000,0.00098,0.00099

Week 1,22 Aug 2000,0.00100,0.00100
Week 2,29 Aug 2000,0.00101,0.00101
Week 3,05 Sep 2000,0.00103,0.00103
Week 4,12 Sep 2000,0.00105,0.00105

Week 1,19 Sep 2000,0.00102,0.00103
Week 2,26 Sep 2000,0.00102,0.00102
Week 3,03 Oct 2000,0.00102,0.00103
Week 4,10 Oct 2000,0.00103,0.00103

Week 1,17 Oct 2000,0.00104,0.00105
Week 2,24 Oct 2000,0.00105,0.00105
Week 3,31 Oct 2000,0.00102,0.00103
Week 4,07 Nov 2000,0.00102,0.00103

Week 1,14 Nov 2000,0.00103,0.00103
Week 2,21 Nov 2000,0.00100,0.00101
Week 3,28 Nov 2000,0.00096,0.00096
Week 4,05 Dec 2000,0.00094,0.00094

Week 1,12 Dec 2000,0.00094,0.00094
Week 2,19 Dec 2000,0.00090,0.00090
Week 3,26 Dec 2000,0.00085,0.00085
Week 4,02 Jan 2001,0.00083,0.00083

Week 1,09 Jan 2001,0.00083,0.00083
Week 2,16 Jan 2001,0.00083,0.00083
Week 3,23 Jan 2001,0.00084,0.00084
Week 4,30 Jan 2001,0.00085,0.00085

Week 1,06 Feb 2001,0.00085,0.00085
Week 2,13 Feb 2001,0.00087,0.00087
Week 3,20 Feb 2001,0.00088,0.00088
Week 4,27 Feb 2001,0.00086,0.00086

Week 1,06 Mar 2001,0.00084,0.00085
Week 2,13 Mar 2001,0.00086,0.00086
Week 3,20 Mar 2001,0.00086,0.00086
Week 4,27 Mar 2001,0.00086,0.00086

Week 1,03 Apr 2001,0.00083,0.00083
Week 2,10 Apr 2001,0.00085,0.00085
Week 3,17 Apr 2001,0.00085,0.00085
Week 4,24 Apr 2001,0.00085,0.00085

Week 1,01 May 2001,0.00086,0.00086
Week 2,08 May 2001,0.00087,0.00087
Week 3,15 May 2001,0.00087,0.00087
Week 4,22 May 2001,0.00090,0.00090

Week 1,29 May 2001,0.00091,0.00091
Week 2,05 Jun 2001,0.00091,0.00092
Week 3,12 Jun 2001,0.00090,0.00090
Week 4,19 Jun 2001,0.00090,0.00090

Week 1,26 Jun 2001,0.00090,0.00090
Week 2,03 Jul 2001,0.00091,0.00092
Week 3,10 Jul 2001,0.00090,0.00090
Week 4,17 Jul 2001,0.00088,0.00089

Week 1,24 Jul 2001,0.00087,0.00088
Week 2,31 Jul 2001,0.00088,0.00088
Week 3,07 Aug 2001,0.00088,0.00088
Week 4,14 Aug 2001,0.00085,0.00086

Week 1,21 Aug 2001,0.00085,0.00086
Week 2,28 Aug 2001,0.00086,0.00086
Week 3,04 Sep 2001,0.00086,0.00087
Week 4,11 Sep 2001,0.00085,0.00085

Week 1,18 Sep 2001,0.00084,0.00084
Week 2,25 Sep 2001,0.00084,0.00084
Week 3,02 Oct 2001,0.00083,0.00083
Week 4,09 Oct 2001,0.00084,0.00084

Week 1,16 Oct 2001,0.00085,0.00085
Week 2,23 Oct 2001,0.00086,0.00087
Week 3,30 Oct 2001,0.00085,0.00086
Week 4,06 Nov 2001,0.00086,0.00087

Week 1,13 Nov 2001,0.00088,0.00089
Week 2,20 Nov 2001,0.00089,0.00089
Week 3,27 Nov 2001,0.00089,0.00089
Week 4,04 Dec 2001,0.00088,0.00089

Week 1,11 Dec 2001,0.00088,0.00088
Week 2,18 Dec 2001,0.00087,0.00087
Week 3,25 Dec 2001,0.00086,0.00087
Week 4,01 Jan 2002,0.00085,0.00086

Week 1,08 Jan 2002,0.00086,0.00086
Week 2,15 Jan 2002,0.00086,0.00086
Week 3,22 Jan 2002,0.00086,0.00087
Week 4,29 Jan 2002,0.00088,0.00089

Week 1,05 Feb 2002,0.00087,0.00088
Week 2,12 Feb 2002,0.00087,0.00088
Week 3,19 Feb 2002,0.00087,0.00087
Week 4,26 Feb 2002,0.00087,0.00088

Week 1,05 Mar 2002,0.00087,0.00088
Week 2,12 Mar 2002,0.00086,0.00087
Week 3,19 Mar 2002,0.00086,0.00086
Week 4,26 Mar 2002,0.00086,0.00087

Week 1,02 Apr 2002,0.00086,0.00086
Week 2,09 Apr 2002,0.00085,0.00086
Week 3,16 Apr 2002,0.00085,0.00086
Week 4,23 Apr 2002,0.00085,0.00086

Week 1,30 Apr 2002,0.00085,0.00086
Week 2,07 May 2002,0.00085,0.00086
Week 3,14 May 2002,0.00086,0.00086
Week 4,21 May 2002,0.00087,0.00088

Week 1,28 May 2002,0.00088,0.00088
Week 2,04 Jun 2002,0.00087,0.00087
Week 3,11 Jun 2002,0.00087,0.00087
Week 4,18 Jun 2002,0.00085,0.00085

Week 1,25 Jun 2002,0.00084,0.00085
Week 2,02 Jul 2002,0.00085,0.00085
Week 3,09 Jul 2002,0.00085,0.00086
Week 4,16 Jul 2002,0.00085,0.00085

Week 1,23 Jul 2002,0.00086,0.00086
Week 2,30 Jul 2002,0.00086,0.00086
Week 3,06 Aug 2002,0.00086,0.00086
Week 4,13 Aug 2002,0.00085,0.00086

Week 1,20 Aug 2002,0.00086,0.00086
Week 2,27 Aug 2002,0.00085,0.00086
Week 3,03 Sep 2002,0.00085,0.00085
Week 4,10 Sep 2002,0.00085,0.00086

Week 1,17 Sep 2002,0.00084,0.00085
Week 2,24 Sep 2002,0.00083,0.00084
Week 3,01 Oct 2002,0.00083,0.00083
Week 4,08 Oct 2002,0.00081,0.00081

Week 1,15 Oct 2002,0.00082,0.00082
Week 2,22 Oct 2002,0.00083,0.00083
Week 3,29 Oct 2002,0.00082,0.00083
Week 4,05 Nov 2002,0.00082,0.00082

Week 1,12 Nov 2002,0.00082,0.00083
Week 2,19 Nov 2002,0.00083,0.00083
Week 3,26 Nov 2002,0.00084,0.00084
Week 4,03 Dec 2002,0.00082,0.00082

Week 1,10 Dec 2002,0.00081,0.00082
Week 2,17 Dec 2002,0.00081,0.00081
Week 3,24 Dec 2002,0.00080,0.00081
Week 4,31 Dec 2002,0.00080,0.00080

Week 1,07 Jan 2003,0.00080,0.00081
Week 2,14 Jan 2003,0.00080,0.00080
Week 3,21 Jan 2003,0.00079,0.00080
Week 4,28 Jan 2003,0.00079,0.00080

Week 1,04 Feb 2003,0.00078,0.00078
Week 2,11 Feb 2003,0.00077,0.00078
Week 3,18 Feb 2003,0.00078,0.00078
Week 4,25 Feb 2003,0.00078,0.00078

Week 1,04 Mar 2003,0.00075,0.00076
Week 2,11 Mar 2003,0.00074,0.00074
Week 3,18 Mar 2003,0.00075,0.00076
Week 4,25 Mar 2003,0.00074,0.00075

Week 1,01 Apr 2003,0.00074,0.00074
Week 2,08 Apr 2003,0.00075,0.00075
Week 3,15 Apr 2003,0.00076,0.00076
Week 4,22 Apr 2003,0.00074,0.00074

Week 1,29 Apr 2003,0.00074,0.00074
Week 2,06 May 2003,0.00073,0.00073
Week 3,13 May 2003,0.00072,0.00073
Week 4,20 May 2003,0.00071,0.00071

Week 1,27 May 2003,0.00070,0.00071
Week 2,03 Jun 2003,0.00071,0.00071
Week 3,10 Jun 2003,0.00071,0.00072
Week 4,17 Jun 2003,0.00071,0.00072

Week 1,24 Jun 2003,0.00073,0.00073
Week 2,01 Jul 2003,0.00073,0.00073
Week 3,08 Jul 2003,0.00074,0.00076
Week 4,15 Jul 2003,0.00075,0.00076

Week 1,22 Jul 2003,0.00074,0.00074
Week 2,29 Jul 2003,0.00074,0.00075
Week 3,05 Aug 2003,0.00074,0.00075
Week 4,12 Aug 2003,0.00075,0.00075

Week 1,19 Aug 2003,0.00078,0.00078
Week 2,26 Aug 2003,0.00078,0.00078
Week 3,02 Sep 2003,0.00077,0.00078
Week 4,09 Sep 2003,0.00075,0.00077

Week 1,16 Sep 2003,0.00075,0.00076
Week 2,23 Sep 2003,0.00075,0.00076
Week 3,30 Sep 2003,0.00075,0.00075
Week 4,07 Oct 2003,0.00074,0.00074

Week 1,14 Oct 2003,0.00073,0.00074
Week 2,21 Oct 2003,0.00072,0.00072
Week 3,28 Oct 2003,0.00072,0.00073
Week 4,04 Nov 2003,0.00073,0.00074

Week 1,11 Nov 2003,0.00073,0.00073
Week 2,18 Nov 2003,0.00071,0.00071
Week 3,25 Nov 2003,0.00070,0.00070
Week 4,02 Dec 2003,0.00069,0.00069

Week 1,09 Dec 2003,0.00068,0.00069
Week 2,16 Dec 2003,0.00068,0.00068
Week 3,23 Dec 2003,0.00067,0.00067
Week 4,30 Dec 2003,0.00067,0.00067

Week 1,06 Jan 2004,0.00066,0.00066
Week 2,13 Jan 2004,0.00067,0.00068
Week 3,20 Jan 2004,0.00067,0.00067
Week 4,27 Jan 2004,0.00067,0.00069

Week 1,03 Feb 2004,0.00068,0.00068
Week 2,10 Feb 2004,0.00067,0.00068
Week 3,17 Feb 2004,0.00067,0.00068
Week 4,24 Feb 2004,0.00068,0.00068

Week 1,02 Mar 2004,0.00069,0.00070
Week 2,09 Mar 2004,0.00069,0.00070
Week 3,16 Mar 2004,0.00069,0.00070
Week 4,23 Mar 2004,0.00070,0.00071

Week 1,30 Mar 2004,0.00071,0.00071
Week 2,06 Apr 2004,0.00072,0.00073
Week 3,13 Apr 2004,0.00072,0.00072
Week 4,20 Apr 2004,0.00073,0.00073

Week 1,27 Apr 2004,0.00071,0.00072
Week 2,04 May 2004,0.00071,0.00072
Week 3,11 May 2004,0.00071,0.00071
Week 4,18 May 2004,0.00071,0.00071

Week 1,25 May 2004,0.00070,0.00070
Week 2,01 Jun 2004,0.00070,0.00070
Week 3,08 Jun 2004,0.00071,0.00071
Week 4,15 Jun 2004,0.00071,0.00071

Week 1,22 Jun 2004,0.00071,0.00072
Week 2,29 Jun 2004,0.00071,0.00071
Week 3,06 Jul 2004,0.00070,0.00070
Week 4,13 Jul 2004,0.00070,0.00070

Week 1,20 Jul 2004,0.00070,0.00070
Week 2,27 Jul 2004,0.00071,0.00071
Week 3,03 Aug 2004,0.00071,0.00071
Week 4,10 Aug 2004,0.00070,0.00070

Week 1,17 Aug 2004,0.00070,0.00070
Week 2,24 Aug 2004,0.00072,0.00072
Week 3,31 Aug 2004,0.00072,0.00072
Week 4,07 Sep 2004,0.00071,0.00072

Week 1,14 Sep 2004,0.00071,0.00072
Week 2,21 Sep 2004,0.00071,0.00071
Week 3,28 Sep 2004,0.00070,0.00070
Week 4,05 Oct 2004,0.00069,0.00072

Week 1,12 Oct 2004,0.00070,0.00071
Week 2,19 Oct 2004,0.00069,0.00070
Week 3,26 Oct 2004,0.00069,0.00070
Week 4,02 Nov 2004,0.00069,0.00071

Week 1,09 Nov 2004,0.00069,0.00071
Week 2,16 Nov 2004,0.00071,0.00072
Week 3,23 Nov 2004,0.00071,0.00072
Week 4,30 Nov 2004,0.00071,0.00071

Week 1,07 Dec 2004,0.00071,0.00071
Week 2,14 Dec 2004,0.00071,0.00071
Week 3,21 Dec 2004,0.00071,0.00071
Week 4,28 Dec 2004,0.00070,0.00072

Week 1,04 Jan 2005,0.00071,0.00073
Week 2,11 Jan 2005,0.00072,0.00074
Week 3,18 Jan 2005,0.00074,0.00074
Week 4,25 Jan 2005,0.00075,0.00075

Week 1,01 Feb 2005,0.00075,0.00075
Week 2,08 Feb 2005,0.00075,0.00075
Week 3,15 Feb 2005,0.00074,0.00075
Week 4,22 Feb 2005,0.00075,0.00075

Week 1,01 Mar 2005,0.00075,0.00075
Week 2,08 Mar 2005,0.00075,0.00075
Week 3,15 Mar 2005,0.00075,0.00075
Week 4,22 Mar 2005,0.00076,0.00076

Week 1,29 Mar 2005,0.00076,0.00076
Week 2,05 Apr 2005,0.00076,0.00077
Week 3,12 Apr 2005,0.00076,0.00076
Week 4,19 Apr 2005,0.00076,0.00076

Week 1,26 Apr 2005,0.00077,0.00078
Week 2,03 May 2005,0.00078,0.00078
Week 3,10 May 2005,0.00078,0.00079
Week 4,17 May 2005,0.00079,0.00079

Week 1,24 May 2005,0.00079,0.00080
Week 2,31 May 2005,0.00081,0.00081
Week 3,07 Jun 2005,0.00081,0.00082
Week 4,14 Jun 2005,0.00081,0.00081

Week 1,21 Jun 2005,0.00082,0.00082
Week 2,28 Jun 2005,0.00081,0.00081
Week 3,05 Jul 2005,0.00080,0.00080
Week 4,12 Jul 2005,0.00079,0.00080

Week 1,19 Jul 2005,0.00080,0.00080
Week 2,26 Jul 2005,0.00081,0.00081
Week 3,02 Aug 2005,0.00080,0.00080
Week 4,09 Aug 2005,0.00079,0.00080

Week 1,16 Aug 2005,0.00080,0.00080
Week 2,23 Aug 2005,0.00079,0.00079
Week 3,30 Aug 2005,0.00078,0.00078
Week 4,06 Sep 2005,0.00078,0.00078

Week 1,13 Sep 2005,0.00079,0.00080
Week 2,20 Sep 2005,0.00080,0.00080
Week 3,27 Sep 2005,0.00080,0.00080
Week 4,04 Oct 2005,0.00080,0.00080

Week 1,11 Oct 2005,0.00079,0.00080
Week 2,18 Oct 2005,0.00079,0.00079
Week 3,25 Oct 2005,0.00079,0.00079
Week 4,01 Nov 2005,0.00080,0.00080

Week 1,08 Nov 2005,0.00081,0.00081
Week 2,15 Nov 2005,0.00082,0.00083
Week 3,22 Nov 2005,0.00081,0.00083
Week 4,29 Nov 2005,0.00081,0.00083

Week 1,06 Dec 2005,0.00081,0.00083
Week 2,13 Dec 2005,0.00081,0.00083
Week 3,20 Dec 2005,0.00082,0.00084
Week 4,27 Dec 2005,0.00082,0.00084

Week 1,03 Jan 2006,0.00082,0.00086
Week 2,10 Jan 2006,0.00083,0.00086
Week 3,17 Jan 2006,0.00083,0.00085
Week 4,24 Jan 2006,0.00083,0.00085

Week 1,31 Jan 2006,0.00084,0.00087
Week 2,07 Feb 2006,0.00085,0.00087
Week 3,14 Feb 2006,0.00085,0.00088
Week 4,21 Feb 2006,0.00085,0.00088

Week 1,28 Feb 2006,0.00085,0.00087
Week 2,07 Mar 2006,0.00084,0.00087
Week 3,14 Mar 2006,0.00084,0.00086
Week 4,21 Mar 2006,0.00084,0.00087

Week 1,28 Mar 2006,0.00084,0.00086
Week 2,04 Apr 2006,0.00085,0.00087
Week 3,11 Apr 2006,0.00084,0.00088
Week 4,18 Apr 2006,0.00084,0.00087

Week 1,25 Apr 2006,0.00084,0.00086
Week 2,02 May 2006,0.00083,0.00085
Week 3,09 May 2006,0.00082,0.00085
Week 4,16 May 2006,0.00082,0.00084

Week 1,23 May 2006,0.00081,0.00084
Week 2,30 May 2006,0.00081,0.00084
Week 3,06 Jun 2006,0.00081,0.00084
Week 4,13 Jun 2006,0.00082,0.00084

Week 1,20 Jun 2006,0.00082,0.00085
Week 2,27 Jun 2006,0.00082,0.00084
Week 3,04 Jul 2006,0.00081,0.00084
Week 4,11 Jul 2006,0.00081,0.00085

Week 1,18 Jul 2006,0.00082,0.00084
Week 2,25 Jul 2006,0.00082,0.00084
Week 3,01 Aug 2006,0.00080,0.00083
Week 4,08 Aug 2006,0.00079,0.00083

Week 1,15 Aug 2006,0.00080,0.00082
Week 2,22 Aug 2006,0.00080,0.00082
Week 3,29 Aug 2006,0.00080,0.00082
Week 4,05 Sep 2006,0.00081,0.00083

Week 1,12 Sep 2006,0.00081,0.00083
Week 2,19 Sep 2006,0.00082,0.00084
Week 3,26 Sep 2006,0.00082,0.00084
Week 4,03 Oct 2006,0.00082,0.00084

Week 1,10 Oct 2006,0.00082,0.00084
Week 2,17 Oct 2006,0.00082,0.00084
Week 3,24 Oct 2006,0.00082,0.00085
Week 4,31 Oct 2006,0.00082,0.00085

Week 1,07 Nov 2006,0.00082,0.00085
Week 2,14 Nov 2006,0.00082,0.00084
Week 3,21 Nov 2006,0.00081,0.00084
Week 4,28 Nov 2006,0.00080,0.00082

Week 1,05 Dec 2006,0.00080,0.00083
Week 2,12 Dec 2006,0.00081,0.00084
Week 3,19 Dec 2006,0.00081,0.00083
Week 4,26 Dec 2006,0.00081,0.00083

Week 1,02 Jan 2007,0.00081,0.00083
Week 2,09 Jan 2007,0.00081,0.00084
Week 3,16 Jan 2007,0.00081,0.00084
Week 4,23 Jan 2007,0.00081,0.00083

Week 1,30 Jan 2007,0.00081,0.00083
Week 2,06 Feb 2007,0.00081,0.00084
Week 3,13 Feb 2007,0.00080,0.00083
Week 4,20 Feb 2007,0.00080,0.00083

Week 1,27 Feb 2007,0.00079,0.00082
Week 2,06 Mar 2007,0.00079,0.00082
Week 3,13 Mar 2007,0.00079,0.00081
Week 4,20 Mar 2007,0.00079,0.00081

Week 1,27 Mar 2007,0.00078,0.00081
Week 2,03 Apr 2007,0.00079,0.00081
Week 3,10 Apr 2007,0.00079,0.00081
Week 4,17 Apr 2007,0.00078,0.00080

Week 1,24 Apr 2007,0.00079,0.00079
Week 2,01 May 2007,0.00078,0.00080
Week 3,08 May 2007,0.00079,0.00080
Week 4,15 May 2007,0.00079,0.00080

Week 1,22 May 2007,0.00080,0.00080
Week 2,29 May 2007,0.00080,0.00080
Week 3,05 Jun 2007,0.00080,0.00080
Week 4,12 Jun 2007,0.00080,0.00081

Week 1,19 Jun 2007,0.00080,0.00081
Week 2,26 Jun 2007,0.00080,0.00080
Week 3,03 Jul 2007,0.00080,0.00080
Week 4,10 Jul 2007,0.00079,0.00079

Week 1,17 Jul 2007,0.00079,0.00079
Week 2,24 Jul 2007,0.00079,0.00080
Week 3,31 Jul 2007,0.00079,0.00079
Week 4,07 Aug 2007,0.00078,0.00079

Week 1,14 Aug 2007,0.00078,0.00079
Week 2,21 Aug 2007,0.00078,0.00078
Week 3,28 Aug 2007,0.00078,0.00078
Week 4,04 Sep 2007,0.00078,0.00078

Week 1,11 Sep 2007,0.00077,0.00078
Week 2,18 Sep 2007,0.00077,0.00077
Week 3,25 Sep 2007,0.00077,0.00077
Week 4,02 Oct 2007,0.00077,0.00077

Week 1,09 Oct 2007,0.00077,0.00077
Week 2,16 Oct 2007,0.00077,0.00077
Week 3,23 Oct 2007,0.00076,0.00077
Week 4,30 Oct 2007,0.00076,0.00076

Week 1,06 Nov 2007,0.00075,0.00076
Week 2,13 Nov 2007,0.00074,0.00075
Week 3,20 Nov 2007,0.00073,0.00073
Week 4,27 Nov 2007,0.00073,0.00073

Week 1,04 Dec 2007,0.00074,0.00074
Week 2,11 Dec 2007,0.00074,0.00074
Week 3,18 Dec 2007,0.00074,0.00074
Week 4,25 Dec 2007,0.00073,0.00074

Week 1,01 Jan 2008,0.00072,0.00073
Week 2,08 Jan 2008,0.00072,0.00072
Week 3,15 Jan 2008,0.00072,0.00072
Week 4,22 Jan 2008,0.00072,0.00072

Week 1,29 Jan 2008,0.00071,0.00072
Week 2,05 Feb 2008,0.00073,0.00073
Week 3,12 Feb 2008,0.00072,0.00073
Week 4,19 Feb 2008,0.00072,0.00072

Week 1,26 Feb 2008,0.00071,0.00071
Week 2,04 Mar 2008,0.00069,0.00069
Week 3,11 Mar 2008,0.00065,0.00066
Week 4,18 Mar 2008,0.00064,0.00064

Week 1,25 Mar 2008,0.00064,0.00065
Week 2,01 Apr 2008,0.00065,0.00065
Week 3,08 Apr 2008,0.00065,0.00065
Week 4,15 Apr 2008,0.00063,0.00064

Week 1,22 Apr 2008,0.00064,0.00064
Week 2,29 Apr 2008,0.00064,0.00064
Week 3,06 May 2008,0.00063,0.00063
Week 4,13 May 2008,0.00062,0.00062

Week 1,20 May 2008,0.00061,0.00061
Week 2,27 May 2008,0.00062,0.00062
Week 3,03 Jun 2008,0.00063,0.00063
Week 4,10 Jun 2008,0.00062,0.00062

Week 1,17 Jun 2008,0.00062,0.00063
Week 2,24 Jun 2008,0.00061,0.00062
Week 3,01 Jul 2008,0.00060,0.00061
Week 4,08 Jul 2008,0.00062,0.00063

Week 1,15 Jul 2008,0.00062,0.00062
Week 2,22 Jul 2008,0.00063,0.00063
Week 3,29 Jul 2008,0.00063,0.00063
Week 4,05 Aug 2008,0.00064,0.00064

Week 1,12 Aug 2008,0.00065,0.00065
Week 2,19 Aug 2008,0.00064,0.00064
Week 3,26 Aug 2008,0.00062,0.00063
Week 4,02 Sep 2008,0.00061,0.00062

Week 1,09 Sep 2008,0.00064,0.00064
Week 2,16 Sep 2008,0.00061,0.00062
Week 3,23 Sep 2008,0.00059,0.00059
Week 4,30 Sep 2008,0.00059,0.00059

Week 1,07 Oct 2008,0.00055,0.00056
Week 2,14 Oct 2008,0.00057,0.00058
Week 3,21 Oct 2008,0.00056,0.00056
Week 4,28 Oct 2008,0.00058,0.00059

Week 1,04 Nov 2008,0.00060,0.00061
Week 2,11 Nov 2008,0.00057,0.00058
Week 3,18 Nov 2008,0.00054,0.00054
Week 4,25 Nov 2008,0.00052,0.00053

Week 1,02 Dec 2008,0.00054,0.00054
Week 2,09 Dec 2008,0.00055,0.00055
Week 3,16 Dec 2008,0.00054,0.00055
Week 4,23 Dec 2008,0.00054,0.00054

Week 1,30 Dec 2008,0.00055,0.00055
Week 2,06 Jan 2009,0.00055,0.00056
Week 3,13 Jan 2009,0.00055,0.00056
Week 4,20 Jan 2009,0.00056,0.00056

Week 1,27 Jan 2009,0.00055,0.00056
Week 2,03 Feb 2009,0.00056,0.00056
Week 3,10 Feb 2009,0.00055,0.00056
Week 4,17 Feb 2009,0.00053,0.00053

Week 1,24 Feb 2009,0.00052,0.00052
Week 2,03 Mar 2009,0.00051,0.00051
Week 3,10 Mar 2009,0.00052,0.00053
Week 4,17 Mar 2009,0.00053,0.00053

Week 1,24 Mar 2009,0.00055,0.00055
Week 2,31 Mar 2009,0.00055,0.00056
Week 3,07 Apr 2009,0.00057,0.00057
Week 4,14 Apr 2009,0.00057,0.00057

Week 1,21 Apr 2009,0.00057,0.00057
Week 2,28 Apr 2009,0.00057,0.00058
Week 3,05 May 2009,0.00059,0.00059
Week 4,12 May 2009,0.00059,0.00059

Week 1,19 May 2009,0.00058,0.00058
Week 2,26 May 2009,0.00057,0.00057
Week 3,02 Jun 2009,0.00057,0.00057
Week 4,09 Jun 2009,0.00057,0.00057

Week 1,16 Jun 2009,0.00057,0.00057
Week 2,23 Jun 2009,0.00056,0.00056
Week 3,30 Jun 2009,0.00056,0.00056
Week 4,07 Jul 2009,0.00056,0.00056

Week 1,14 Jul 2009,0.00056,0.00056
Week 2,21 Jul 2009,0.00056,0.00057
Week 3,28 Jul 2009,0.00057,0.00057
Week 4,04 Aug 2009,0.00057,0.00057

Week 1,11 Aug 2009,0.00057,0.00057
Week 2,18 Aug 2009,0.00056,0.00056
Week 3,25 Aug 2009,0.00056,0.00056
Week 4,01 Sep 2009,0.00056,0.00056

Week 1,08 Sep 2009,0.00056,0.00056
Week 2,15 Sep 2009,0.00056,0.00057
Week 3,22 Sep 2009,0.00057,0.00057
Week 4,29 Sep 2009,0.00058,0.00058

Week 1,06 Oct 2009,0.00058,0.00058
Week 2,13 Oct 2009,0.00058,0.00058
Week 3,20 Oct 2009,0.00056,0.00057
Week 4,27 Oct 2009,0.00057,0.00057

Week 1,03 Nov 2009,0.00057,0.00058
Week 2,10 Nov 2009,0.00058,0.00058
Week 3,17 Nov 2009,0.00058,0.00058
Week 4,24 Nov 2009,0.00057,0.00058

Week 1,01 Dec 2009,0.00058,0.00058
Week 2,08 Dec 2009,0.00058,0.00059
Week 3,15 Dec 2009,0.00059,0.00059
Week 4,22 Dec 2009,0.00059,0.00060

Week 1,29 Dec 2009,0.00059,0.00060
Week 2,05 Jan 2010,0.00061,0.00061
Week 3,12 Jan 2010,0.00061,0.00062
Week 4,19 Jan 2010,0.00062,0.00062

Week 1,26 Jan 2010,0.00061,0.00062
Week 2,02 Feb 2010,0.00062,0.00062
Week 3,09 Feb 2010,0.00063,0.00063
Week 4,16 Feb 2010,0.00064,0.00064

Week 1,23 Feb 2010,0.00063,0.00064
Week 2,02 Mar 2010,0.00064,0.00065
Week 3,09 Mar 2010,0.00065,0.00065
Week 4,16 Mar 2010,0.00065,0.00065

Week 1,23 Mar 2010,0.00065,0.00066
Week 2,30 Mar 2010,0.00065,0.00066
Week 3,06 Apr 2010,0.00066,0.00066
Week 4,13 Apr 2010,0.00066,0.00067

Week 1,20 Apr 2010,0.00067,0.00067
Week 2,27 Apr 2010,0.00068,0.00068
Week 3,04 May 2010,0.00068,0.00069
Week 4,11 May 2010,0.00070,0.00070

Week 1,18 May 2010,0.00068,0.00069
Week 2,25 May 2010,0.00066,0.00067
Week 3,01 Jun 2010,0.00068,0.00068
Week 4,08 Jun 2010,0.00067,0.00067

Week 1,15 Jun 2010,0.00067,0.00067
Week 2,22 Jun 2010,0.00068,0.00068
Week 3,29 Jun 2010,0.00066,0.00066
Week 4,06 Jul 2010,0.00065,0.00066

Week 1,13 Jul 2010,0.00065,0.00065
Week 2,20 Jul 2010,0.00064,0.00065
Week 3,27 Jul 2010,0.00065,0.00065
Week 4,03 Aug 2010,0.00065,0.00065

Week 1,10 Aug 2010,0.00066,0.00066
Week 2,17 Aug 2010,0.00066,0.00067
Week 3,24 Aug 2010,0.00066,0.00066
Week 4,31 Aug 2010,0.00066,0.00066

Week 1,07 Sep 2010,0.00067,0.00067
Week 2,14 Sep 2010,0.00066,0.00067
Week 3,21 Sep 2010,0.00065,0.00065
Week 4,28 Sep 2010,0.00064,0.00064

Week 1,05 Oct 2010,0.00064,0.00065
Week 2,12 Oct 2010,0.00064,0.00064
Week 3,19 Oct 2010,0.00064,0.00064
Week 4,26 Oct 2010,0.00064,0.00064

Week 1,02 Nov 2010,0.00064,0.00064
Week 2,09 Nov 2010,0.00065,0.00065
Week 3,16 Nov 2010,0.00065,0.00065
Week 4,23 Nov 2010,0.00065,0.00065

Week 1,30 Nov 2010,0.00066,0.00066
Week 2,07 Dec 2010,0.00066,0.00066
Week 3,14 Dec 2010,0.00065,0.00066
Week 4,21 Dec 2010,0.00066,0.00067

Week 1,28 Dec 2010,0.00066,0.00067
Week 2,04 Jan 2011,0.00068,0.00068
Week 3,11 Jan 2011,0.00068,0.00068
Week 4,18 Jan 2011,0.00066,0.00067

Week 1,25 Jan 2011,0.00066,0.00066
Week 2,01 Feb 2011,0.00066,0.00066
Week 3,08 Feb 2011,0.00066,0.00066
Week 4,15 Feb 2011,0.00066,0.00066

Week 1,22 Feb 2011,0.00065,0.00065
Week 2,01 Mar 2011,0.00064,0.00064
Week 3,08 Mar 2011,0.00064,0.00064
Week 4,15 Mar 2011,0.00063,0.00063

Week 1,22 Mar 2011,0.00063,0.00063
Week 2,29 Mar 2011,0.00064,0.00064
Week 3,05 Apr 2011,0.00064,0.00064
Week 4,12 Apr 2011,0.00064,0.00064

Week 1,19 Apr 2011,0.00064,0.00064
Week 2,26 Apr 2011,0.00063,0.00063
Week 3,03 May 2011,0.00063,0.00063
Week 4,10 May 2011,0.00065,0.00065

Week 1,17 May 2011,0.00065,0.00065
Week 2,24 May 2011,0.00065,0.00065
Week 3,31 May 2011,0.00064,0.00064
Week 4,07 Jun 2011,0.00063,0.00064

Week 1,14 Jun 2011,0.00064,0.00064
Week 2,21 Jun 2011,0.00065,0.00065
Week 3,28 Jun 2011,0.00065,0.00065
Week 4,05 Jul 2011,0.00066,0.00066

Week 1,12 Jul 2011,0.00067,0.00067
Week 2,19 Jul 2011,0.00066,0.00067
Week 3,26 Jul 2011,0.00066,0.00066
Week 4,02 Aug 2011,0.00066,0.00066

Week 1,09 Aug 2011,0.00065,0.00065
Week 2,16 Aug 2011,0.00064,0.00065
Week 3,23 Aug 2011,0.00064,0.00064
Week 4,30 Aug 2011,0.00065,0.00065

Week 1,06 Sep 2011,0.00067,0.00067
Week 2,13 Sep 2011,0.00066,0.00066
Week 3,20 Sep 2011,0.00064,0.00064
Week 4,27 Sep 2011,0.00063,0.00063

Week 1,04 Oct 2011,0.00063,0.00063
Week 2,11 Oct 2011,0.00062,0.00063
Week 3,18 Oct 2011,0.00063,0.00063
Week 4,25 Oct 2011,0.00064,0.00064

Week 1,01 Nov 2011,0.00065,0.00065
Week 2,08 Nov 2011,0.00065,0.00065
Week 3,15 Nov 2011,0.00065,0.00065
Week 4,22 Nov 2011,0.00065,0.00065

Week 1,29 Nov 2011,0.00065,0.00066
Week 2,06 Dec 2011,0.00066,0.00066
Week 3,13 Dec 2011,0.00066,0.00066
Week 4,20 Dec 2011,0.00066,0.00066

Week 1,27 Dec 2011,0.00066,0.00067
Week 2,03 Jan 2012,0.00067,0.00067
Week 3,10 Jan 2012,0.00068,0.00068
Week 4,17 Jan 2012,0.00068,0.00068

Week 1,24 Jan 2012,0.00068,0.00068
Week 2,31 Jan 2012,0.00068,0.00068
Week 3,07 Feb 2012,0.00068,0.00068
Week 4,14 Feb 2012,0.00068,0.00068

Week 1,21 Feb 2012,0.00067,0.00067
Week 2,28 Feb 2012,0.00067,0.00067
Week 3,06 Mar 2012,0.00068,0.00068
Week 4,13 Mar 2012,0.00068,0.00068

Week 1,20 Mar 2012,0.00067,0.00067
Week 2,27 Mar 2012,0.00066,0.00066
Week 3,03 Apr 2012,0.00067,0.00067
Week 4,10 Apr 2012,0.00067,0.00067

Week 1,17 Apr 2012,0.00067,0.00067
Week 2,24 Apr 2012,0.00067,0.00067
Week 3,01 May 2012,0.00067,0.00068
Week 4,08 May 2012,0.00067,0.00068

Week 1,15 May 2012,0.00067,0.00067
Week 2,22 May 2012,0.00067,0.00067
Week 3,29 May 2012,0.00068,0.00068
Week 4,05 Jun 2012,0.00068,0.00068

Week 1,12 Jun 2012,0.00068,0.00069
Week 2,19 Jun 2012,0.00068,0.00069
Week 3,26 Jun 2012,0.00069,0.00069
Week 4,03 Jul 2012,0.00070,0.00071

Week 1,10 Jul 2012,0.00071,0.00072
Week 2,17 Jul 2012,0.00071,0.00072
Week 3,24 Jul 2012,0.00071,0.00072
Week 4,31 Jul 2012,0.00071,0.00072

Week 1,07 Aug 2012,0.00072,0.00072
Week 2,14 Aug 2012,0.00072,0.00072
Week 3,21 Aug 2012,0.00070,0.00071
Week 4,28 Aug 2012,0.00070,0.00070

Week 1,04 Sep 2012,0.00069,0.00070
Week 2,11 Sep 2012,0.00069,0.00069
Week 3,18 Sep 2012,0.00068,0.00069
Week 4,25 Sep 2012,0.00069,0.00070

Week 1,02 Oct 2012,0.00069,0.00070
Week 2,09 Oct 2012,0.00069,0.00070
Week 3,16 Oct 2012,0.00069,0.00070
Week 4,23 Oct 2012,0.00070,0.00071

Week 1,30 Oct 2012,0.00071,0.00071
Week 2,06 Nov 2012,0.00072,0.00072
Week 3,13 Nov 2012,0.00072,0.00072
Week 4,20 Nov 2012,0.00071,0.00072

Week 1,27 Nov 2012,0.00071,0.00072
Week 2,04 Dec 2012,0.00071,0.00071
Week 3,11 Dec 2012,0.00071,0.00072
Week 4,18 Dec 2012,0.00070,0.00071

Week 1,25 Dec 2012,0.00071,0.00071
Week 2,01 Jan 2013,0.00071,0.00072
Week 3,08 Jan 2013,0.00071,0.00072
Week 4,15 Jan 2013,0.00070,0.00071

Week 1,22 Jan 2013,0.00070,0.00070
Week 2,29 Jan 2013,0.00067,0.00068
Week 3,05 Feb 2013,0.00068,0.00068
Week 4,12 Feb 2013,0.00069,0.00069

Week 1,19 Feb 2013,0.00069,0.00070
Week 2,26 Feb 2013,0.00070,0.00071
Week 3,05 Mar 2013,0.00070,0.00071
Week 4,12 Mar 2013,0.00069,0.00070

Week 1,19 Mar 2013,0.00069,0.00070
Week 2,26 Mar 2013,0.00070,0.00070
Week 3,02 Apr 2013,0.00068,0.00070
Week 4,09 Apr 2013,0.00067,0.00068

Week 1,16 Apr 2013,0.00068,0.00069
Week 2,23 Apr 2013,0.00069,0.00069
Week 3,30 Apr 2013,0.00069,0.00070
Week 4,07 May 2013,0.00069,0.00070

Week 1,14 May 2013,0.00069,0.00070
Week 2,21 May 2013,0.00069,0.00069
Week 3,28 May 2013,0.00068,0.00069
Week 4,04 Jun 2013,0.00067,0.00068

Week 1,11 Jun 2013,0.00066,0.00067
Week 2,18 Jun 2013,0.00066,0.00066
Week 3,25 Jun 2013,0.00066,0.00067
Week 4,02 Jul 2013,0.00068,0.00068

Week 1,09 Jul 2013,0.00068,0.00068
Week 2,16 Jul 2013,0.00068,0.00068
Week 3,23 Jul 2013,0.00067,0.00068
Week 4,30 Jul 2013,0.00067,0.00068

Week 1,06 Aug 2013,0.00067,0.00067
Week 2,13 Aug 2013,0.00067,0.00067
Week 3,20 Aug 2013,0.00067,0.00067
Week 4,27 Aug 2013,0.00067,0.00068

Week 1,03 Sep 2013,0.00069,0.00070
Week 2,10 Sep 2013,0.00069,0.00070
Week 3,17 Sep 2013,0.00069,0.00069
Week 4,24 Sep 2013,0.00069,0.00069

Week 1,01 Oct 2013,0.00068,0.00069
Week 2,08 Oct 2013,0.00068,0.00069
Week 3,15 Oct 2013,0.00069,0.00069
Week 4,22 Oct 2013,0.00068,0.00069

Week 1,29 Oct 2013,0.00069,0.00069
Week 2,05 Nov 2013,0.00070,0.00070
Week 3,12 Nov 2013,0.00069,0.00070
Week 4,19 Nov 2013,0.00070,0.00070

Week 1,26 Nov 2013,0.00069,0.00070
Week 2,03 Dec 2013,0.00069,0.00069
Week 3,10 Dec 2013,0.00069,0.00069
Week 4,17 Dec 2013,0.00069,0.00069

Week 1,24 Dec 2013,0.00069,0.00069
Week 2,31 Dec 2013,0.00069,0.00069
Week 3,07 Jan 2014,0.00069,0.00069
Week 4,14 Jan 2014,0.00069,0.00070

Week 1,21 Jan 2014,0.00068,0.00069
Week 2,28 Jan 2014,0.00068,0.00068
Week 3,04 Feb 2014,0.00068,0.00068
Week 4,11 Feb 2014,0.00069,0.00069

Week 1,18 Feb 2014,0.00068,0.00068
Week 2,25 Feb 2014,0.00068,0.00068
Week 3,04 Mar 2014,0.00068,0.00068
Week 4,11 Mar 2014,0.00067,0.00067

Week 1,18 Mar 2014,0.00067,0.00067
Week 2,25 Mar 2014,0.00067,0.00068
Week 3,01 Apr 2014,0.00069,0.00069
Week 4,08 Apr 2014,0.00069,0.00070

Week 1,15 Apr 2014,0.00070,0.00070
Week 2,22 Apr 2014,0.00069,0.00070
Week 3,29 Apr 2014,0.00070,0.00070
Week 4,06 May 2014,0.00070,0.00070

Week 1,13 May 2014,0.00071,0.00071
Week 2,20 May 2014,0.00071,0.00072
Week 3,27 May 2014,0.00072,0.00072
Week 4,03 Jun 2014,0.00072,0.00072

Week 1,10 Jun 2014,0.00072,0.00073
Week 2,17 Jun 2014,0.00072,0.00072
Week 3,24 Jun 2014,0.00072,0.00072
Week 4,01 Jul 2014,0.00073,0.00073

Week 1,08 Jul 2014,0.00072,0.00072
Week 2,15 Jul 2014,0.00072,0.00072
Week 3,22 Jul 2014,0.00072,0.00072
Week 4,29 Jul 2014,0.00072,0.00072

Week 1,05 Aug 2014,0.00072,0.00072
Week 2,12 Aug 2014,0.00073,0.00073
Week 3,19 Aug 2014,0.00074,0.00074
Week 4,26 Aug 2014,0.00074,0.00075

Week 1,02 Sep 2014,0.00075,0.00076
Week 2,09 Sep 2014,0.00074,0.00076
Week 3,16 Sep 2014,0.00074,0.00075
Week 4,23 Sep 2014,0.00075,0.00076

Week 1,30 Sep 2014,0.00075,0.00075
Week 2,07 Oct 2014,0.00073,0.00074
Week 3,14 Oct 2014,0.00074,0.00074
Week 4,21 Oct 2014,0.00074,0.00075

Week 1,28 Oct 2014,0.00074,0.00075
Week 2,04 Nov 2014,0.00073,0.00075
Week 3,11 Nov 2014,0.00073,0.00073
Week 4,18 Nov 2014,0.00072,0.00072

Week 1,25 Nov 2014,0.00072,0.00073
Week 2,02 Dec 2014,0.00072,0.00073
Week 3,09 Dec 2014,0.00073,0.00073
Week 4,16 Dec 2014,0.00074,0.00074

Week 1,23 Dec 2014,0.00074,0.00074
Week 2,30 Dec 2014,0.00075,0.00075
Week 3,06 Jan 2015,0.00077,0.00077
Week 4,13 Jan 2015,0.00079,0.00079

Week 1,20 Jan 2015,0.00081,0.00081
Week 2,27 Jan 2015,0.00081,0.00081
Week 3,03 Feb 2015,0.00080,0.00080
Week 4,10 Feb 2015,0.00080,0.00080

Week 1,17 Feb 2015,0.00079,0.00079
Week 2,24 Feb 2015,0.00080,0.00080
Week 3,03 Mar 2015,0.00082,0.00082
Week 4,10 Mar 2015,0.00083,0.00084

Week 1,17 Mar 2015,0.00083,0.00083
Week 2,24 Mar 2015,0.00083,0.00083
Week 3,31 Mar 2015,0.00084,0.00084
Week 4,07 Apr 2015,0.00085,0.00085

Week 1,14 Apr 2015,0.00086,0.00086
Week 2,21 Apr 2015,0.00086,0.00086
Week 3,28 Apr 2015,0.00084,0.00084
Week 4,05 May 2015,0.00082,0.00082

Week 1,12 May 2015,0.00081,0.00081
Week 2,19 May 2015,0.00082,0.00082
Week 3,26 May 2015,0.00082,0.00083
Week 4,02 Jun 2015,0.00080,0.00081

Week 1,09 Jun 2015,0.00079,0.00080
Week 2,16 Jun 2015,0.00080,0.00080
Week 3,23 Jun 2015,0.00080,0.00080
Week 4,30 Jun 2015,0.00080,0.00080

Week 1,07 Jul 2015,0.00080,0.00080
Week 2,14 Jul 2015,0.00080,0.00080
Week 3,21 Jul 2015,0.00079,0.00079
Week 4,28 Jul 2015,0.00078,0.00078

Week 1,04 Aug 2015,0.00078,0.00078
Week 2,11 Aug 2015,0.00077,0.00077
Week 3,18 Aug 2015,0.00075,0.00075
Week 4,25 Aug 2015,0.00074,0.00075

Week 1,01 Sep 2015,0.00075,0.00075
Week 2,08 Sep 2015,0.00075,0.00075
Week 3,15 Sep 2015,0.00075,0.00075
Week 4,22 Sep 2015,0.00075,0.00075

Week 1,29 Sep 2015,0.00075,0.00076
Week 2,06 Oct 2015,0.00077,0.00077
Week 3,13 Oct 2015,0.00077,0.00077
Week 4,20 Oct 2015,0.00079,0.00079

Week 1,27 Oct 2015,0.00080,0.00080
Week 2,03 Nov 2015,0.00080,0.00081
Week 3,10 Nov 2015,0.00080,0.00080
Week 4,17 Nov 2015,0.00080,0.00081

Week 1,24 Nov 2015,0.00081,0.00082
Week 2,01 Dec 2015,0.00080,0.00081
Week 3,08 Dec 2015,0.00077,0.00078
Week 4,15 Dec 2015,0.00077,0.00078

Week 1,22 Dec 2015,0.00077,0.00079
Week 2,29 Dec 2015,0.00077,0.00079
Week 3,05 Jan 2016,0.00077,0.00078
Week 4,12 Jan 2016,0.00075,0.00076

Week 1,19 Jan 2016,0.00076,0.00077
Week 2,26 Jan 2016,0.00076,0.00077
Week 3,02 Feb 2016,0.00075,0.00075
Week 4,09 Feb 2016,0.00073,0.00074

Week 1,16 Feb 2016,0.00073,0.00074
Week 2,23 Feb 2016,0.00073,0.00074
Week 3,01 Mar 2016,0.00075,0.00076
Week 4,08 Mar 2016,0.00075,0.00076

Week 1,15 Mar 2016,0.00076,0.00076
Week 2,22 Mar 2016,0.00077,0.00077
Week 3,29 Mar 2016,0.00077,0.00077
Week 4,05 Apr 2016,0.00076,0.00076

Week 1,12 Apr 2016,0.00077,0.00077
Week 2,19 Apr 2016,0.00077,0.00078
Week 3,26 Apr 2016,0.00077,0.00077
Week 4,03 May 2016,0.00075,0.00075

Week 1,10 May 2016,0.00075,0.00075
Week 2,17 May 2016,0.00075,0.00075
Week 3,24 May 2016,0.00076,0.00076
Week 4,31 May 2016,0.00075,0.00076

Week 1,07 Jun 2016,0.00076,0.00076
Week 2,14 Jun 2016,0.00076,0.00076
Week 3,21 Jun 2016,0.00076,0.00077
Week 4,28 Jun 2016,0.00077,0.00078

Week 1,05 Jul 2016,0.00078,0.00078
Week 2,12 Jul 2016,0.00079,0.00079
Week 3,19 Jul 2016,0.00080,0.00080
Week 4,26 Jul 2016,0.00080,0.00081

Week 1,02 Aug 2016,0.00080,0.00081
Week 2,09 Aug 2016,0.00081,0.00082
Week 3,16 Aug 2016,0.00080,0.00080
Week 4,23 Aug 2016,0.00079,0.00079

Week 1,30 Aug 2016,0.00080,0.00080
Week 2,06 Sep 2016,0.00081,0.00081
Week 3,13 Sep 2016,0.00079,0.00080
Week 4,20 Sep 2016,0.00080,0.00081

Week 1,27 Sep 2016,0.00081,0.00081
Week 2,04 Oct 2016,0.00080,0.00080
Week 3,11 Oct 2016,0.00080,0.00081
Week 4,18 Oct 2016,0.00080,0.00081

Week 1,25 Oct 2016,0.00080,0.00080
Week 2,01 Nov 2016,0.00079,0.00079
Week 3,08 Nov 2016,0.00079,0.00079
Week 4,15 Nov 2016,0.00079,0.00080

Week 1,22 Nov 2016,0.00080,0.00080
Week 2,29 Nov 2016,0.00080,0.00080
Week 3,06 Dec 2016,0.00080,0.00080
Week 4,13 Dec 2016,0.00081,0.00081

Week 1,20 Dec 2016,0.00080,0.00080
Week 2,27 Dec 2016,0.00079,0.00080
Week 3,03 Jan 2017,0.00079,0.00079
Week 4,10 Jan 2017,0.00079,0.00080

Week 1,17 Jan 2017,0.00080,0.00080
Week 2,24 Jan 2017,0.00080,0.00080
Week 3,31 Jan 2017,0.00080,0.00081
Week 4,07 Feb 2017,0.00081,0.00082

Week 1,14 Feb 2017,0.00082,0.00083
Week 2,21 Feb 2017,0.00083,0.00083
Week 3,28 Feb 2017,0.00082,0.00083
Week 4,07 Mar 2017,0.00082,0.00082

Week 1,14 Mar 2017,0.00082,0.00083
Week 2,21 Mar 2017,0.00083,0.00083
Week 3,28 Mar 2017,0.00083,0.00084
Week 4,04 Apr 2017,0.00083,0.00084

Week 1,11 Apr 2017,0.00082,0.00084
Week 2,18 Apr 2017,0.00082,0.00082
Week 3,25 Apr 2017,0.00081,0.00081
Week 4,02 May 2017,0.00080,0.00081

Week 1,09 May 2017,0.00081,0.00081
Week 2,16 May 2017,0.00080,0.00080
Week 3,23 May 2017,0.00080,0.00080
Week 4,30 May 2017,0.00079,0.00080

Week 1,06 Jun 2017,0.00079,0.00079
Week 2,13 Jun 2017,0.00079,0.00079
Week 3,20 Jun 2017,0.00079,0.00079
Week 4,27 Jun 2017,0.00077,0.00077

Week 1,04 Jul 2017,0.00076,0.00077
Week 2,11 Jul 2017,0.00077,0.00077
Week 3,18 Jul 2017,0.00077,0.00077
Week 4,25 Jul 2017,0.00076,0.00076

Week 1,01 Aug 2017,0.00075,0.00075
Week 2,08 Aug 2017,0.00074,0.00075
Week 3,15 Aug 2017,0.00075,0.00075
Week 4,22 Aug 2017,0.00075,0.00075

Week 1,29 Aug 2017,0.00075,0.00075
Week 2,05 Sep 2017,0.00074,0.00074
Week 3,12 Sep 2017,0.00074,0.00074
Week 4,19 Sep 2017,0.00074,0.00074

Week 1,26 Sep 2017,0.00074,0.00074
Week 2,03 Oct 2017,0.00074,0.00075
Week 3,10 Oct 2017,0.00075,0.00075
Week 4,17 Oct 2017,0.00075,0.00075

Week 1,24 Oct 2017,0.00076,0.00076
Week 2,31 Oct 2017,0.00077,0.00077
Week 3,07 Nov 2017,0.00077,0.00077
Week 4,14 Nov 2017,0.00077,0.00077

Week 1,21 Nov 2017,0.00078,0.00078
Week 2,28 Nov 2017,0.00077,0.00078
Week 3,05 Dec 2017,0.00078,0.00078


