KRW->SAR

Week 1,01 Dec 1998,0.00306,0.00307
Week 2,08 Dec 1998,0.00309,0.00310
Week 3,15 Dec 1998,0.00310,0.00311
Week 4,22 Dec 1998,0.00310,0.00311

Week 1,29 Dec 1998,0.00312,0.00313
Week 2,05 Jan 1999,0.00321,0.00322
Week 3,12 Jan 1999,0.00317,0.00318
Week 4,19 Jan 1999,0.00319,0.00320

Week 1,26 Jan 1999,0.00319,0.00319
Week 2,02 Feb 1999,0.00320,0.00321
Week 3,09 Feb 1999,0.00319,0.00319
Week 4,16 Feb 1999,0.00314,0.00315

Week 1,23 Feb 1999,0.00307,0.00308
Week 2,02 Mar 1999,0.00303,0.00304
Week 3,09 Mar 1999,0.00304,0.00304
Week 4,16 Mar 1999,0.00306,0.00307

Week 1,23 Mar 1999,0.00306,0.00307
Week 2,30 Mar 1999,0.00306,0.00306
Week 3,06 Apr 1999,0.00306,0.00307
Week 4,13 Apr 1999,0.00308,0.00308

Week 1,20 Apr 1999,0.00315,0.00315
Week 2,27 Apr 1999,0.00317,0.00317
Week 3,04 May 1999,0.00312,0.00313
Week 4,11 May 1999,0.00311,0.00311

Week 1,18 May 1999,0.00314,0.00314
Week 2,25 May 1999,0.00316,0.00316
Week 3,01 Jun 1999,0.00316,0.00316
Week 4,08 Jun 1999,0.00319,0.00319

Week 1,15 Jun 1999,0.00322,0.00322
Week 2,22 Jun 1999,0.00324,0.00324
Week 3,29 Jun 1999,0.00323,0.00323
Week 4,06 Jul 1999,0.00319,0.00319

Week 1,13 Jul 1999,0.00317,0.00318
Week 2,20 Jul 1999,0.00312,0.00312
Week 3,27 Jul 1999,0.00312,0.00312
Week 4,03 Aug 1999,0.00313,0.00313

Week 1,10 Aug 1999,0.00312,0.00312
Week 2,17 Aug 1999,0.00312,0.00312
Week 3,24 Aug 1999,0.00315,0.00315
Week 4,31 Aug 1999,0.00315,0.00315

Week 1,07 Sep 1999,0.00315,0.00315
Week 2,14 Sep 1999,0.00313,0.00313
Week 3,21 Sep 1999,0.00310,0.00310
Week 4,28 Sep 1999,0.00308,0.00308

Week 1,05 Oct 1999,0.00311,0.00311
Week 2,12 Oct 1999,0.00311,0.00311
Week 3,19 Oct 1999,0.00311,0.00311
Week 4,26 Oct 1999,0.00312,0.00313

Week 1,02 Nov 1999,0.00316,0.00316
Week 2,09 Nov 1999,0.00319,0.00319
Week 3,16 Nov 1999,0.00319,0.00319
Week 4,23 Nov 1999,0.00323,0.00323

Week 1,30 Nov 1999,0.00324,0.00324
Week 2,07 Dec 1999,0.00329,0.00329
Week 3,14 Dec 1999,0.00331,0.00331
Week 4,21 Dec 1999,0.00331,0.00331

Week 1,28 Dec 1999,0.00330,0.00330
Week 2,04 Jan 2000,0.00330,0.00331
Week 3,11 Jan 2000,0.00331,0.00331
Week 4,18 Jan 2000,0.00333,0.00333

Week 1,25 Jan 2000,0.00334,0.00334
Week 2,01 Feb 2000,0.00332,0.00333
Week 3,08 Feb 2000,0.00334,0.00335
Week 4,15 Feb 2000,0.00332,0.00333

Week 1,22 Feb 2000,0.00330,0.00330
Week 2,29 Feb 2000,0.00333,0.00334
Week 3,07 Mar 2000,0.00335,0.00335
Week 4,14 Mar 2000,0.00335,0.00335

Week 1,21 Mar 2000,0.00337,0.00337
Week 2,28 Mar 2000,0.00338,0.00339
Week 3,04 Apr 2000,0.00338,0.00338
Week 4,11 Apr 2000,0.00338,0.00338

Week 1,18 Apr 2000,0.00338,0.00338
Week 2,25 Apr 2000,0.00338,0.00338
Week 3,02 May 2000,0.00338,0.00338
Week 4,09 May 2000,0.00338,0.00338

Week 1,16 May 2000,0.00335,0.00336
Week 2,23 May 2000,0.00331,0.00331
Week 3,30 May 2000,0.00332,0.00332
Week 4,06 Jun 2000,0.00336,0.00336

Week 1,13 Jun 2000,0.00336,0.00336
Week 2,20 Jun 2000,0.00335,0.00335
Week 3,27 Jun 2000,0.00336,0.00336
Week 4,04 Jul 2000,0.00336,0.00336

Week 1,11 Jul 2000,0.00337,0.00337
Week 2,18 Jul 2000,0.00337,0.00337
Week 3,25 Jul 2000,0.00336,0.00336
Week 4,01 Aug 2000,0.00336,0.00336

Week 1,08 Aug 2000,0.00336,0.00336
Week 2,15 Aug 2000,0.00336,0.00336
Week 3,22 Aug 2000,0.00337,0.00337
Week 4,29 Aug 2000,0.00338,0.00339

Week 1,05 Sep 2000,0.00338,0.00339
Week 2,12 Sep 2000,0.00336,0.00337
Week 3,19 Sep 2000,0.00331,0.00332
Week 4,26 Sep 2000,0.00336,0.00336

Week 1,03 Oct 2000,0.00335,0.00336
Week 2,10 Oct 2000,0.00333,0.00334
Week 3,17 Oct 2000,0.00331,0.00332
Week 4,24 Oct 2000,0.00329,0.00330

Week 1,31 Oct 2000,0.00330,0.00331
Week 2,07 Nov 2000,0.00330,0.00331
Week 3,14 Nov 2000,0.00328,0.00329
Week 4,21 Nov 2000,0.00317,0.00318

Week 1,28 Nov 2000,0.00311,0.00312
Week 2,05 Dec 2000,0.00313,0.00313
Week 3,12 Dec 2000,0.00313,0.00313
Week 4,19 Dec 2000,0.00306,0.00307

Week 1,26 Dec 2000,0.00298,0.00299
Week 2,02 Jan 2001,0.00296,0.00296
Week 3,09 Jan 2001,0.00294,0.00295
Week 4,16 Jan 2001,0.00293,0.00294

Week 1,23 Jan 2001,0.00293,0.00294
Week 2,30 Jan 2001,0.00298,0.00299
Week 3,06 Feb 2001,0.00297,0.00297
Week 4,13 Feb 2001,0.00300,0.00300

Week 1,20 Feb 2001,0.00301,0.00302
Week 2,27 Feb 2001,0.00298,0.00298
Week 3,06 Mar 2001,0.00295,0.00296
Week 4,13 Mar 2001,0.00291,0.00292

Week 1,20 Mar 2001,0.00287,0.00288
Week 2,27 Mar 2001,0.00284,0.00284
Week 3,03 Apr 2001,0.00278,0.00278
Week 4,10 Apr 2001,0.00282,0.00283

Week 1,17 Apr 2001,0.00285,0.00285
Week 2,24 Apr 2001,0.00284,0.00285
Week 3,01 May 2001,0.00288,0.00289
Week 4,08 May 2001,0.00288,0.00289

Week 1,15 May 2001,0.00288,0.00288
Week 2,22 May 2001,0.00290,0.00291
Week 3,29 May 2001,0.00291,0.00292
Week 4,05 Jun 2001,0.00292,0.00292

Week 1,12 Jun 2001,0.00290,0.00291
Week 2,19 Jun 2001,0.00288,0.00288
Week 3,26 Jun 2001,0.00288,0.00289
Week 4,03 Jul 2001,0.00289,0.00290

Week 1,10 Jul 2001,0.00288,0.00289
Week 2,17 Jul 2001,0.00286,0.00289
Week 3,24 Jul 2001,0.00287,0.00289
Week 4,31 Jul 2001,0.00290,0.00292

Week 1,07 Aug 2001,0.00292,0.00294
Week 2,14 Aug 2001,0.00292,0.00294
Week 3,21 Aug 2001,0.00292,0.00295
Week 4,28 Aug 2001,0.00292,0.00294

Week 1,04 Sep 2001,0.00292,0.00293
Week 2,11 Sep 2001,0.00290,0.00291
Week 3,18 Sep 2001,0.00289,0.00290
Week 4,25 Sep 2001,0.00287,0.00288

Week 1,02 Oct 2001,0.00285,0.00286
Week 2,09 Oct 2001,0.00287,0.00289
Week 3,16 Oct 2001,0.00288,0.00289
Week 4,23 Oct 2001,0.00289,0.00290

Week 1,30 Oct 2001,0.00289,0.00291
Week 2,06 Nov 2001,0.00290,0.00292
Week 3,13 Nov 2001,0.00293,0.00294
Week 4,20 Nov 2001,0.00293,0.00293

Week 1,27 Nov 2001,0.00296,0.00297
Week 2,04 Dec 2001,0.00295,0.00296
Week 3,11 Dec 2001,0.00295,0.00296
Week 4,18 Dec 2001,0.00290,0.00292

Week 1,25 Dec 2001,0.00284,0.00287
Week 2,01 Jan 2002,0.00286,0.00288
Week 3,08 Jan 2002,0.00286,0.00288
Week 4,15 Jan 2002,0.00285,0.00287

Week 1,22 Jan 2002,0.00283,0.00284
Week 2,29 Jan 2002,0.00285,0.00287
Week 3,05 Feb 2002,0.00285,0.00286
Week 4,12 Feb 2002,0.00285,0.00287

Week 1,19 Feb 2002,0.00285,0.00286
Week 2,26 Feb 2002,0.00283,0.00285
Week 3,05 Mar 2002,0.00285,0.00287
Week 4,12 Mar 2002,0.00284,0.00286

Week 1,19 Mar 2002,0.00283,0.00285
Week 2,26 Mar 2002,0.00282,0.00285
Week 3,02 Apr 2002,0.00282,0.00284
Week 4,09 Apr 2002,0.00282,0.00284

Week 1,16 Apr 2002,0.00285,0.00287
Week 2,23 Apr 2002,0.00287,0.00289
Week 3,30 Apr 2002,0.00291,0.00292
Week 4,07 May 2002,0.00293,0.00293

Week 1,14 May 2002,0.00295,0.00296
Week 2,21 May 2002,0.00301,0.00303
Week 3,28 May 2002,0.00306,0.00308
Week 4,04 Jun 2002,0.00307,0.00309

Week 1,11 Jun 2002,0.00307,0.00308
Week 2,18 Jun 2002,0.00307,0.00308
Week 3,25 Jun 2002,0.00312,0.00313
Week 4,02 Jul 2002,0.00312,0.00313

Week 1,09 Jul 2002,0.00317,0.00319
Week 2,16 Jul 2002,0.00320,0.00321
Week 3,23 Jul 2002,0.00320,0.00322
Week 4,30 Jul 2002,0.00316,0.00318

Week 1,06 Aug 2002,0.00312,0.00314
Week 2,13 Aug 2002,0.00315,0.00317
Week 3,20 Aug 2002,0.00313,0.00316
Week 4,27 Aug 2002,0.00312,0.00314

Week 1,03 Sep 2002,0.00313,0.00316
Week 2,10 Sep 2002,0.00312,0.00314
Week 3,17 Sep 2002,0.00310,0.00311
Week 4,24 Sep 2002,0.00306,0.00307

Week 1,01 Oct 2002,0.00305,0.00307
Week 2,08 Oct 2002,0.00299,0.00301
Week 3,15 Oct 2002,0.00300,0.00302
Week 4,22 Oct 2002,0.00304,0.00305

Week 1,29 Oct 2002,0.00305,0.00307
Week 2,05 Nov 2002,0.00309,0.00310
Week 3,12 Nov 2002,0.00312,0.00313
Week 4,19 Nov 2002,0.00310,0.00311

Week 1,26 Nov 2002,0.00312,0.00313
Week 2,03 Dec 2002,0.00307,0.00308
Week 3,10 Dec 2002,0.00310,0.00311
Week 4,17 Dec 2002,0.00311,0.00312

Week 1,24 Dec 2002,0.00312,0.00313
Week 2,31 Dec 2002,0.00314,0.00315
Week 3,07 Jan 2003,0.00317,0.00318
Week 4,14 Jan 2003,0.00319,0.00320

Week 1,21 Jan 2003,0.00321,0.00321
Week 2,28 Jan 2003,0.00321,0.00322
Week 3,04 Feb 2003,0.00317,0.00318
Week 4,11 Feb 2003,0.00313,0.00313

Week 1,18 Feb 2003,0.00313,0.00315
Week 2,25 Feb 2003,0.00315,0.00316
Week 3,04 Mar 2003,0.00310,0.00311
Week 4,11 Mar 2003,0.00302,0.00303

Week 1,18 Mar 2003,0.00299,0.00300
Week 2,25 Mar 2003,0.00299,0.00300
Week 3,01 Apr 2003,0.00298,0.00299
Week 4,08 Apr 2003,0.00303,0.00303

Week 1,15 Apr 2003,0.00309,0.00311
Week 2,22 Apr 2003,0.00306,0.00307
Week 3,29 Apr 2003,0.00309,0.00309
Week 4,06 May 2003,0.00312,0.00313

Week 1,13 May 2003,0.00312,0.00316
Week 2,20 May 2003,0.00313,0.00315
Week 3,27 May 2003,0.00312,0.00312
Week 4,03 Jun 2003,0.00311,0.00313

Week 1,10 Jun 2003,0.00313,0.00317
Week 2,17 Jun 2003,0.00313,0.00317
Week 3,24 Jun 2003,0.00315,0.00315
Week 4,01 Jul 2003,0.00316,0.00317

Week 1,08 Jul 2003,0.00315,0.00321
Week 2,15 Jul 2003,0.00316,0.00320
Week 3,22 Jul 2003,0.00317,0.00319
Week 4,29 Jul 2003,0.00315,0.00320

Week 1,05 Aug 2003,0.00315,0.00318
Week 2,12 Aug 2003,0.00317,0.00319
Week 3,19 Aug 2003,0.00320,0.00320
Week 4,26 Aug 2003,0.00319,0.00319

Week 1,02 Sep 2003,0.00318,0.00322
Week 2,09 Sep 2003,0.00317,0.00323
Week 3,16 Sep 2003,0.00319,0.00324
Week 4,23 Sep 2003,0.00325,0.00327

Week 1,30 Sep 2003,0.00325,0.00327
Week 2,07 Oct 2003,0.00326,0.00328
Week 3,14 Oct 2003,0.00318,0.00323
Week 4,21 Oct 2003,0.00315,0.00316

Week 1,28 Oct 2003,0.00315,0.00318
Week 2,04 Nov 2003,0.00315,0.00320
Week 3,11 Nov 2003,0.00320,0.00321
Week 4,18 Nov 2003,0.00315,0.00317

Week 1,25 Nov 2003,0.00312,0.00312
Week 2,02 Dec 2003,0.00314,0.00315
Week 3,09 Dec 2003,0.00314,0.00319
Week 4,16 Dec 2003,0.00315,0.00316

Week 1,23 Dec 2003,0.00313,0.00313
Week 2,30 Dec 2003,0.00314,0.00315
Week 3,06 Jan 2004,0.00315,0.00318
Week 4,13 Jan 2004,0.00314,0.00318

Week 1,20 Jan 2004,0.00314,0.00318
Week 2,27 Jan 2004,0.00316,0.00322
Week 3,03 Feb 2004,0.00319,0.00321
Week 4,10 Feb 2004,0.00321,0.00324

Week 1,17 Feb 2004,0.00319,0.00324
Week 2,24 Feb 2004,0.00317,0.00320
Week 3,02 Mar 2004,0.00318,0.00321
Week 4,09 Mar 2004,0.00319,0.00320

Week 1,16 Mar 2004,0.00320,0.00324
Week 2,23 Mar 2004,0.00322,0.00324
Week 3,30 Mar 2004,0.00323,0.00325
Week 4,06 Apr 2004,0.00325,0.00330

Week 1,13 Apr 2004,0.00324,0.00325
Week 2,20 Apr 2004,0.00323,0.00324
Week 3,27 Apr 2004,0.00319,0.00324
Week 4,04 May 2004,0.00318,0.00323

Week 1,11 May 2004,0.00315,0.00317
Week 2,18 May 2004,0.00318,0.00319
Week 3,25 May 2004,0.00320,0.00320
Week 4,01 Jun 2004,0.00322,0.00323

Week 1,08 Jun 2004,0.00323,0.00323
Week 2,15 Jun 2004,0.00323,0.00324
Week 3,22 Jun 2004,0.00325,0.00326
Week 4,29 Jun 2004,0.00325,0.00326

Week 1,06 Jul 2004,0.00325,0.00326
Week 2,13 Jul 2004,0.00324,0.00324
Week 3,20 Jul 2004,0.00322,0.00323
Week 4,27 Jul 2004,0.00321,0.00322

Week 1,03 Aug 2004,0.00323,0.00323
Week 2,10 Aug 2004,0.00324,0.00325
Week 3,17 Aug 2004,0.00324,0.00325
Week 4,24 Aug 2004,0.00325,0.00325

Week 1,31 Aug 2004,0.00326,0.00326
Week 2,07 Sep 2004,0.00326,0.00327
Week 3,14 Sep 2004,0.00327,0.00328
Week 4,21 Sep 2004,0.00326,0.00327

Week 1,28 Sep 2004,0.00326,0.00326
Week 2,05 Oct 2004,0.00321,0.00333
Week 3,12 Oct 2004,0.00324,0.00331
Week 4,19 Oct 2004,0.00326,0.00332

Week 1,26 Oct 2004,0.00330,0.00337
Week 2,02 Nov 2004,0.00332,0.00344
Week 3,09 Nov 2004,0.00336,0.00343
Week 4,16 Nov 2004,0.00345,0.00352

Week 1,23 Nov 2004,0.00352,0.00358
Week 2,30 Nov 2004,0.00358,0.00358
Week 3,07 Dec 2004,0.00355,0.00355
Week 4,14 Dec 2004,0.00354,0.00354

Week 1,21 Dec 2004,0.00357,0.00357
Week 2,28 Dec 2004,0.00355,0.00366
Week 3,04 Jan 2005,0.00353,0.00361
Week 4,11 Jan 2005,0.00355,0.00363

Week 1,18 Jan 2005,0.00362,0.00362
Week 2,25 Jan 2005,0.00365,0.00365
Week 3,01 Feb 2005,0.00366,0.00366
Week 4,08 Feb 2005,0.00362,0.00363

Week 1,15 Feb 2005,0.00364,0.00368
Week 2,22 Feb 2005,0.00371,0.00372
Week 3,01 Mar 2005,0.00372,0.00373
Week 4,08 Mar 2005,0.00375,0.00375

Week 1,15 Mar 2005,0.00374,0.00374
Week 2,22 Mar 2005,0.00370,0.00371
Week 3,29 Mar 2005,0.00368,0.00369
Week 4,05 Apr 2005,0.00368,0.00372

Week 1,12 Apr 2005,0.00369,0.00369
Week 2,19 Apr 2005,0.00373,0.00373
Week 3,26 Apr 2005,0.00375,0.00376
Week 4,03 May 2005,0.00374,0.00375

Week 1,10 May 2005,0.00372,0.00376
Week 2,17 May 2005,0.00372,0.00373
Week 3,24 May 2005,0.00374,0.00375
Week 4,31 May 2005,0.00371,0.00372

Week 1,07 Jun 2005,0.00372,0.00373
Week 2,14 Jun 2005,0.00370,0.00371
Week 3,21 Jun 2005,0.00371,0.00371
Week 4,28 Jun 2005,0.00364,0.00365

Week 1,05 Jul 2005,0.00357,0.00357
Week 2,12 Jul 2005,0.00360,0.00362
Week 3,19 Jul 2005,0.00363,0.00364
Week 4,26 Jul 2005,0.00366,0.00366

Week 1,02 Aug 2005,0.00368,0.00369
Week 2,09 Aug 2005,0.00369,0.00370
Week 3,16 Aug 2005,0.00367,0.00368
Week 4,23 Aug 2005,0.00365,0.00365

Week 1,30 Aug 2005,0.00364,0.00364
Week 2,06 Sep 2005,0.00365,0.00366
Week 3,13 Sep 2005,0.00364,0.00366
Week 4,20 Sep 2005,0.00364,0.00364

Week 1,27 Sep 2005,0.00359,0.00362
Week 2,04 Oct 2005,0.00361,0.00361
Week 3,11 Oct 2005,0.00359,0.00362
Week 4,18 Oct 2005,0.00355,0.00355

Week 1,25 Oct 2005,0.00358,0.00359
Week 2,01 Nov 2005,0.00358,0.00359
Week 3,08 Nov 2005,0.00359,0.00359
Week 4,15 Nov 2005,0.00359,0.00367

Week 1,22 Nov 2005,0.00356,0.00365
Week 2,29 Nov 2005,0.00357,0.00366
Week 3,06 Dec 2005,0.00359,0.00368
Week 4,13 Dec 2005,0.00364,0.00373

Week 1,20 Dec 2005,0.00364,0.00374
Week 2,27 Dec 2005,0.00366,0.00375
Week 3,03 Jan 2006,0.00368,0.00386
Week 4,10 Jan 2006,0.00376,0.00388

Week 1,17 Jan 2006,0.00376,0.00386
Week 2,24 Jan 2006,0.00379,0.00390
Week 3,31 Jan 2006,0.00379,0.00395
Week 4,07 Feb 2006,0.00381,0.00392

Week 1,14 Feb 2006,0.00378,0.00394
Week 2,21 Feb 2006,0.00381,0.00392
Week 3,28 Feb 2006,0.00382,0.00392
Week 4,07 Mar 2006,0.00378,0.00388

Week 1,14 Mar 2006,0.00380,0.00391
Week 2,21 Mar 2006,0.00379,0.00392
Week 3,28 Mar 2006,0.00380,0.00389
Week 4,04 Apr 2006,0.00386,0.00397

Week 1,11 Apr 2006,0.00384,0.00398
Week 2,18 Apr 2006,0.00389,0.00402
Week 3,25 Apr 2006,0.00392,0.00405
Week 4,02 May 2006,0.00394,0.00404

Week 1,09 May 2006,0.00396,0.00410
Week 2,16 May 2006,0.00392,0.00402
Week 3,23 May 2006,0.00389,0.00401
Week 4,30 May 2006,0.00389,0.00404

Week 1,06 Jun 2006,0.00387,0.00402
Week 2,13 Jun 2006,0.00386,0.00397
Week 3,20 Jun 2006,0.00385,0.00399
Week 4,27 Jun 2006,0.00388,0.00398

Week 1,04 Jul 2006,0.00390,0.00402
Week 2,11 Jul 2006,0.00385,0.00404
Week 3,18 Jul 2006,0.00388,0.00399
Week 4,25 Jul 2006,0.00389,0.00399

Week 1,01 Aug 2006,0.00384,0.00398
Week 2,08 Aug 2006,0.00381,0.00399
Week 3,15 Aug 2006,0.00384,0.00396
Week 4,22 Aug 2006,0.00386,0.00396

Week 1,29 Aug 2006,0.00384,0.00396
Week 2,05 Sep 2006,0.00387,0.00397
Week 3,12 Sep 2006,0.00387,0.00396
Week 4,19 Sep 2006,0.00389,0.00401

Week 1,26 Sep 2006,0.00392,0.00402
Week 2,03 Oct 2006,0.00390,0.00401
Week 3,10 Oct 2006,0.00386,0.00396
Week 4,17 Oct 2006,0.00387,0.00397

Week 1,24 Oct 2006,0.00388,0.00400
Week 2,31 Oct 2006,0.00393,0.00406
Week 3,07 Nov 2006,0.00395,0.00406
Week 4,14 Nov 2006,0.00395,0.00405

Week 1,21 Nov 2006,0.00395,0.00410
Week 2,28 Nov 2006,0.00398,0.00409
Week 3,05 Dec 2006,0.00399,0.00415
Week 4,12 Dec 2006,0.00399,0.00413

Week 1,19 Dec 2006,0.00398,0.00408
Week 2,26 Dec 2006,0.00398,0.00408
Week 3,02 Jan 2007,0.00398,0.00408
Week 4,09 Jan 2007,0.00392,0.00407

Week 1,16 Jan 2007,0.00394,0.00406
Week 2,23 Jan 2007,0.00394,0.00404
Week 3,30 Jan 2007,0.00392,0.00406
Week 4,06 Feb 2007,0.00396,0.00407

Week 1,13 Feb 2007,0.00394,0.00407
Week 2,20 Feb 2007,0.00392,0.00408
Week 3,27 Feb 2007,0.00391,0.00407
Week 4,06 Mar 2007,0.00389,0.00403

Week 1,13 Mar 2007,0.00391,0.00403
Week 2,20 Mar 2007,0.00393,0.00405
Week 3,27 Mar 2007,0.00392,0.00406
Week 4,03 Apr 2007,0.00395,0.00408

Week 1,10 Apr 2007,0.00398,0.00408
Week 2,17 Apr 2007,0.00398,0.00410
Week 3,24 Apr 2007,0.00404,0.00405
Week 4,01 May 2007,0.00400,0.00408

Week 1,08 May 2007,0.00403,0.00409
Week 2,15 May 2007,0.00401,0.00408
Week 3,22 May 2007,0.00402,0.00405
Week 4,29 May 2007,0.00403,0.00405

Week 1,05 Jun 2007,0.00403,0.00404
Week 2,12 Jun 2007,0.00402,0.00405
Week 3,19 Jun 2007,0.00402,0.00407
Week 4,26 Jun 2007,0.00404,0.00407

Week 1,03 Jul 2007,0.00406,0.00409
Week 2,10 Jul 2007,0.00408,0.00409
Week 3,17 Jul 2007,0.00408,0.00411
Week 4,24 Jul 2007,0.00406,0.00410

Week 1,31 Jul 2007,0.00405,0.00409
Week 2,07 Aug 2007,0.00404,0.00405
Week 3,14 Aug 2007,0.00397,0.00400
Week 4,21 Aug 2007,0.00397,0.00399

Week 1,28 Aug 2007,0.00399,0.00400
Week 2,04 Sep 2007,0.00399,0.00400
Week 3,11 Sep 2007,0.00402,0.00403
Week 4,18 Sep 2007,0.00405,0.00406

Week 1,25 Sep 2007,0.00406,0.00408
Week 2,02 Oct 2007,0.00407,0.00409
Week 3,09 Oct 2007,0.00406,0.00408
Week 4,16 Oct 2007,0.00407,0.00409

Week 1,23 Oct 2007,0.00408,0.00411
Week 2,30 Oct 2007,0.00412,0.00414
Week 3,06 Nov 2007,0.00411,0.00413
Week 4,13 Nov 2007,0.00407,0.00409

Week 1,20 Nov 2007,0.00400,0.00402
Week 2,27 Nov 2007,0.00400,0.00402
Week 3,04 Dec 2007,0.00404,0.00407
Week 4,11 Dec 2007,0.00402,0.00405

Week 1,18 Dec 2007,0.00399,0.00401
Week 2,25 Dec 2007,0.00399,0.00403
Week 3,01 Jan 2008,0.00396,0.00402
Week 4,08 Jan 2008,0.00399,0.00401

Week 1,15 Jan 2008,0.00398,0.00400
Week 2,22 Jan 2008,0.00395,0.00397
Week 3,29 Jan 2008,0.00396,0.00398
Week 4,05 Feb 2008,0.00397,0.00399

Week 1,12 Feb 2008,0.00396,0.00398
Week 2,19 Feb 2008,0.00395,0.00397
Week 3,26 Feb 2008,0.00397,0.00400
Week 4,04 Mar 2008,0.00393,0.00395

Week 1,11 Mar 2008,0.00380,0.00384
Week 2,18 Mar 2008,0.00372,0.00375
Week 3,25 Mar 2008,0.00376,0.00381
Week 4,01 Apr 2008,0.00381,0.00386

Week 1,08 Apr 2008,0.00383,0.00385
Week 2,15 Apr 2008,0.00375,0.00380
Week 3,22 Apr 2008,0.00376,0.00378
Week 4,29 Apr 2008,0.00372,0.00374

Week 1,06 May 2008,0.00363,0.00364
Week 2,13 May 2008,0.00358,0.00362
Week 3,20 May 2008,0.00358,0.00360
Week 4,27 May 2008,0.00361,0.00363

Week 1,03 Jun 2008,0.00365,0.00369
Week 2,10 Jun 2008,0.00361,0.00362
Week 3,17 Jun 2008,0.00363,0.00365
Week 4,24 Jun 2008,0.00360,0.00362

Week 1,01 Jul 2008,0.00356,0.00361
Week 2,08 Jul 2008,0.00370,0.00374
Week 3,15 Jul 2008,0.00370,0.00372
Week 4,22 Jul 2008,0.00370,0.00372

Week 1,29 Jul 2008,0.00369,0.00371
Week 2,05 Aug 2008,0.00364,0.00369
Week 3,12 Aug 2008,0.00360,0.00363
Week 4,19 Aug 2008,0.00355,0.00356

Week 1,26 Aug 2008,0.00344,0.00347
Week 2,02 Sep 2008,0.00332,0.00335
Week 3,09 Sep 2008,0.00340,0.00342
Week 4,16 Sep 2008,0.00330,0.00333

Week 1,23 Sep 2008,0.00325,0.00327
Week 2,30 Sep 2008,0.00308,0.00312
Week 3,07 Oct 2008,0.00282,0.00285
Week 4,14 Oct 2008,0.00290,0.00292

Week 1,21 Oct 2008,0.00270,0.00273
Week 2,28 Oct 2008,0.00278,0.00282
Week 3,04 Nov 2008,0.00288,0.00291
Week 4,11 Nov 2008,0.00272,0.00274

Week 1,18 Nov 2008,0.00254,0.00256
Week 2,25 Nov 2008,0.00252,0.00254
Week 3,02 Dec 2008,0.00255,0.00256
Week 4,09 Dec 2008,0.00269,0.00271

Week 1,16 Dec 2008,0.00285,0.00287
Week 2,23 Dec 2008,0.00281,0.00284
Week 3,30 Dec 2008,0.00289,0.00292
Week 4,06 Jan 2009,0.00280,0.00283

Week 1,13 Jan 2009,0.00275,0.00277
Week 2,20 Jan 2009,0.00272,0.00274
Week 3,27 Jan 2009,0.00270,0.00273
Week 4,03 Feb 2009,0.00271,0.00272

Week 1,10 Feb 2009,0.00268,0.00269
Week 2,17 Feb 2009,0.00254,0.00255
Week 3,24 Feb 2009,0.00247,0.00248
Week 4,03 Mar 2009,0.00240,0.00241

Week 1,10 Mar 2009,0.00250,0.00252
Week 2,17 Mar 2009,0.00265,0.00267
Week 3,24 Mar 2009,0.00276,0.00277
Week 4,31 Mar 2009,0.00275,0.00279

Week 1,07 Apr 2009,0.00283,0.00284
Week 2,14 Apr 2009,0.00280,0.00281
Week 3,21 Apr 2009,0.00279,0.00280
Week 4,28 Apr 2009,0.00284,0.00289

Week 1,05 May 2009,0.00297,0.00298
Week 2,12 May 2009,0.00300,0.00301
Week 3,19 May 2009,0.00300,0.00301
Week 4,26 May 2009,0.00298,0.00299

Week 1,02 Jun 2009,0.00299,0.00302
Week 2,09 Jun 2009,0.00299,0.00300
Week 3,16 Jun 2009,0.00296,0.00297
Week 4,23 Jun 2009,0.00292,0.00293

Week 1,30 Jun 2009,0.00294,0.00296
Week 2,07 Jul 2009,0.00293,0.00294
Week 3,14 Jul 2009,0.00292,0.00295
Week 4,21 Jul 2009,0.00299,0.00302

Week 1,28 Jul 2009,0.00304,0.00305
Week 2,04 Aug 2009,0.00306,0.00307
Week 3,11 Aug 2009,0.00302,0.00304
Week 4,18 Aug 2009,0.00299,0.00302

Week 1,25 Aug 2009,0.00299,0.00303
Week 2,01 Sep 2009,0.00301,0.00302
Week 3,08 Sep 2009,0.00306,0.00307
Week 4,15 Sep 2009,0.00307,0.00312

Week 1,22 Sep 2009,0.00313,0.00316
Week 2,29 Sep 2009,0.00316,0.00319
Week 3,06 Oct 2009,0.00320,0.00323
Week 4,13 Oct 2009,0.00321,0.00324

Week 1,20 Oct 2009,0.00317,0.00318
Week 2,27 Oct 2009,0.00315,0.00318
Week 3,03 Nov 2009,0.00319,0.00320
Week 4,10 Nov 2009,0.00324,0.00325

Week 1,17 Nov 2009,0.00324,0.00324
Week 2,24 Nov 2009,0.00321,0.00325
Week 3,01 Dec 2009,0.00324,0.00325
Week 4,08 Dec 2009,0.00320,0.00324

Week 1,15 Dec 2009,0.00321,0.00322
Week 2,22 Dec 2009,0.00315,0.00322
Week 3,29 Dec 2009,0.00318,0.00325
Week 4,05 Jan 2010,0.00330,0.00331

Week 1,12 Jan 2010,0.00331,0.00337
Week 2,19 Jan 2010,0.00328,0.00329
Week 3,26 Jan 2010,0.00321,0.00325
Week 4,02 Feb 2010,0.00322,0.00324

Week 1,09 Feb 2010,0.00323,0.00324
Week 2,16 Feb 2010,0.00324,0.00328
Week 3,23 Feb 2010,0.00322,0.00327
Week 4,02 Mar 2010,0.00325,0.00330

Week 1,09 Mar 2010,0.00331,0.00332
Week 2,16 Mar 2010,0.00330,0.00332
Week 3,23 Mar 2010,0.00328,0.00331
Week 4,30 Mar 2010,0.00329,0.00336

Week 1,06 Apr 2010,0.00334,0.00335
Week 2,13 Apr 2010,0.00335,0.00339
Week 3,20 Apr 2010,0.00337,0.00338
Week 4,27 Apr 2010,0.00336,0.00339

Week 1,04 May 2010,0.00328,0.00332
Week 2,11 May 2010,0.00329,0.00332
Week 3,18 May 2010,0.00318,0.00320
Week 4,25 May 2010,0.00306,0.00309

Week 1,01 Jun 2010,0.00309,0.00312
Week 2,08 Jun 2010,0.00301,0.00303
Week 3,15 Jun 2010,0.00307,0.00311
Week 4,22 Jun 2010,0.00313,0.00315

Week 1,29 Jun 2010,0.00305,0.00309
Week 2,06 Jul 2010,0.00309,0.00311
Week 3,13 Jul 2010,0.00310,0.00314
Week 4,20 Jul 2010,0.00309,0.00313

Week 1,27 Jul 2010,0.00315,0.00317
Week 2,03 Aug 2010,0.00321,0.00322
Week 3,10 Aug 2010,0.00317,0.00319
Week 4,17 Aug 2010,0.00315,0.00320

Week 1,24 Aug 2010,0.00313,0.00315
Week 2,31 Aug 2010,0.00316,0.00318
Week 3,07 Sep 2010,0.00319,0.00321
Week 4,14 Sep 2010,0.00321,0.00325

Week 1,21 Sep 2010,0.00323,0.00325
Week 2,28 Sep 2010,0.00329,0.00331
Week 3,05 Oct 2010,0.00332,0.00337
Week 4,12 Oct 2010,0.00334,0.00338

Week 1,19 Oct 2010,0.00332,0.00334
Week 2,26 Oct 2010,0.00333,0.00335
Week 3,02 Nov 2010,0.00337,0.00338
Week 4,09 Nov 2010,0.00335,0.00336

Week 1,16 Nov 2010,0.00330,0.00332
Week 2,23 Nov 2010,0.00326,0.00327
Week 3,30 Nov 2010,0.00326,0.00328
Week 4,07 Dec 2010,0.00328,0.00330

Week 1,14 Dec 2010,0.00325,0.00326
Week 2,21 Dec 2010,0.00323,0.00329
Week 3,28 Dec 2010,0.00328,0.00333
Week 4,04 Jan 2011,0.00333,0.00334

Week 1,11 Jan 2011,0.00334,0.00337
Week 2,18 Jan 2011,0.00334,0.00338
Week 3,25 Jan 2011,0.00335,0.00337
Week 4,01 Feb 2011,0.00336,0.00337

Week 1,08 Feb 2011,0.00336,0.00337
Week 2,15 Feb 2011,0.00335,0.00337
Week 3,22 Feb 2011,0.00332,0.00334
Week 4,01 Mar 2011,0.00334,0.00335

Week 1,08 Mar 2011,0.00334,0.00335
Week 2,15 Mar 2011,0.00331,0.00333
Week 3,22 Mar 2011,0.00335,0.00336
Week 4,29 Mar 2011,0.00341,0.00342

Week 1,05 Apr 2011,0.00345,0.00346
Week 2,12 Apr 2011,0.00344,0.00345
Week 3,19 Apr 2011,0.00346,0.00347
Week 4,26 Apr 2011,0.00349,0.00349

Week 1,03 May 2011,0.00346,0.00347
Week 2,10 May 2011,0.00345,0.00346
Week 3,17 May 2011,0.00344,0.00346
Week 4,24 May 2011,0.00344,0.00345

Week 1,31 May 2011,0.00348,0.00348
Week 2,07 Jun 2011,0.00344,0.00348
Week 3,14 Jun 2011,0.00344,0.00346
Week 4,21 Jun 2011,0.00346,0.00348

Week 1,28 Jun 2011,0.00349,0.00350
Week 2,05 Jul 2011,0.00353,0.00354
Week 3,12 Jul 2011,0.00354,0.00354
Week 4,19 Jul 2011,0.00355,0.00356

Week 1,26 Jul 2011,0.00355,0.00357
Week 2,02 Aug 2011,0.00353,0.00355
Week 3,09 Aug 2011,0.00347,0.00348
Week 4,16 Aug 2011,0.00346,0.00349

Week 1,23 Aug 2011,0.00346,0.00347
Week 2,30 Aug 2011,0.00351,0.00352
Week 3,06 Sep 2011,0.00349,0.00349
Week 4,13 Sep 2011,0.00341,0.00341

Week 1,20 Sep 2011,0.00324,0.00325
Week 2,27 Sep 2011,0.00318,0.00318
Week 3,04 Oct 2011,0.00316,0.00318
Week 4,11 Oct 2011,0.00322,0.00323

Week 1,18 Oct 2011,0.00327,0.00328
Week 2,25 Oct 2011,0.00335,0.00336
Week 3,01 Nov 2011,0.00335,0.00336
Week 4,08 Nov 2011,0.00333,0.00334

Week 1,15 Nov 2011,0.00330,0.00331
Week 2,22 Nov 2011,0.00324,0.00325
Week 3,29 Nov 2011,0.00328,0.00331
Week 4,06 Dec 2011,0.00330,0.00331

Week 1,13 Dec 2011,0.00324,0.00325
Week 2,20 Dec 2011,0.00324,0.00325
Week 3,27 Dec 2011,0.00324,0.00325
Week 4,03 Jan 2012,0.00324,0.00325

Week 1,10 Jan 2012,0.00324,0.00325
Week 2,17 Jan 2012,0.00329,0.00329
Week 3,24 Jan 2012,0.00333,0.00334
Week 4,31 Jan 2012,0.00334,0.00335

Week 1,07 Feb 2012,0.00334,0.00335
Week 2,14 Feb 2012,0.00333,0.00334
Week 3,21 Feb 2012,0.00333,0.00334
Week 4,28 Feb 2012,0.00334,0.00336

Week 1,06 Mar 2012,0.00334,0.00336
Week 2,13 Mar 2012,0.00333,0.00334
Week 3,20 Mar 2012,0.00330,0.00334
Week 4,27 Mar 2012,0.00330,0.00331

Week 1,03 Apr 2012,0.00332,0.00333
Week 2,10 Apr 2012,0.00328,0.00331
Week 3,17 Apr 2012,0.00329,0.00330
Week 4,24 Apr 2012,0.00330,0.00330

Week 1,01 May 2012,0.00330,0.00333
Week 2,08 May 2012,0.00327,0.00329
Week 3,15 May 2012,0.00322,0.00323
Week 4,22 May 2012,0.00318,0.00319

Week 1,29 May 2012,0.00316,0.00319
Week 2,05 Jun 2012,0.00318,0.00321
Week 3,12 Jun 2012,0.00320,0.00324
Week 4,19 Jun 2012,0.00323,0.00326

Week 1,26 Jun 2012,0.00324,0.00327
Week 2,03 Jul 2012,0.00327,0.00331
Week 3,10 Jul 2012,0.00325,0.00330
Week 4,17 Jul 2012,0.00327,0.00329

Week 1,24 Jul 2012,0.00327,0.00329
Week 2,31 Jul 2012,0.00329,0.00334
Week 3,07 Aug 2012,0.00331,0.00333
Week 4,14 Aug 2012,0.00331,0.00331

Week 1,21 Aug 2012,0.00329,0.00333
Week 2,28 Aug 2012,0.00330,0.00332
Week 3,04 Sep 2012,0.00330,0.00334
Week 4,11 Sep 2012,0.00333,0.00335

Week 1,18 Sep 2012,0.00334,0.00336
Week 2,25 Sep 2012,0.00334,0.00337
Week 3,02 Oct 2012,0.00336,0.00339
Week 4,09 Oct 2012,0.00336,0.00339

Week 1,16 Oct 2012,0.00337,0.00340
Week 2,23 Oct 2012,0.00339,0.00343
Week 3,30 Oct 2012,0.00342,0.00345
Week 4,06 Nov 2012,0.00343,0.00347

Week 1,13 Nov 2012,0.00343,0.00345
Week 2,20 Nov 2012,0.00344,0.00348
Week 3,27 Nov 2012,0.00344,0.00349
Week 4,04 Dec 2012,0.00345,0.00348

Week 1,11 Dec 2012,0.00347,0.00351
Week 2,18 Dec 2012,0.00348,0.00350
Week 3,25 Dec 2012,0.00350,0.00351
Week 4,01 Jan 2013,0.00351,0.00355

Week 1,08 Jan 2013,0.00352,0.00357
Week 2,15 Jan 2013,0.00352,0.00357
Week 3,22 Jan 2013,0.00350,0.00352
Week 4,29 Jan 2013,0.00343,0.00346

Week 1,05 Feb 2013,0.00341,0.00345
Week 2,12 Feb 2013,0.00344,0.00348
Week 3,19 Feb 2013,0.00344,0.00348
Week 4,26 Feb 2013,0.00344,0.00348

Week 1,05 Mar 2013,0.00342,0.00346
Week 2,12 Mar 2013,0.00339,0.00341
Week 3,19 Mar 2013,0.00334,0.00338
Week 4,26 Mar 2013,0.00335,0.00340

Week 1,02 Apr 2013,0.00331,0.00337
Week 2,09 Apr 2013,0.00330,0.00332
Week 3,16 Apr 2013,0.00333,0.00337
Week 4,23 Apr 2013,0.00335,0.00337

Week 1,30 Apr 2013,0.00339,0.00343
Week 2,07 May 2013,0.00340,0.00344
Week 3,14 May 2013,0.00335,0.00338
Week 4,21 May 2013,0.00332,0.00336

Week 1,28 May 2013,0.00331,0.00334
Week 2,04 Jun 2013,0.00333,0.00337
Week 3,11 Jun 2013,0.00331,0.00333
Week 4,18 Jun 2013,0.00327,0.00329

Week 1,25 Jun 2013,0.00325,0.00327
Week 2,02 Jul 2013,0.00328,0.00330
Week 3,09 Jul 2013,0.00330,0.00332
Week 4,16 Jul 2013,0.00334,0.00335

Week 1,23 Jul 2013,0.00335,0.00338
Week 2,30 Jul 2013,0.00334,0.00336
Week 3,06 Aug 2013,0.00336,0.00337
Week 4,13 Aug 2013,0.00336,0.00337

Week 1,20 Aug 2013,0.00335,0.00336
Week 2,27 Aug 2013,0.00336,0.00338
Week 3,03 Sep 2013,0.00341,0.00344
Week 4,10 Sep 2013,0.00343,0.00348

Week 1,17 Sep 2013,0.00347,0.00349
Week 2,24 Sep 2013,0.00348,0.00350
Week 3,01 Oct 2013,0.00347,0.00351
Week 4,08 Oct 2013,0.00348,0.00351

Week 1,15 Oct 2013,0.00352,0.00353
Week 2,22 Oct 2013,0.00352,0.00355
Week 3,29 Oct 2013,0.00352,0.00355
Week 4,05 Nov 2013,0.00351,0.00355

Week 1,12 Nov 2013,0.00350,0.00353
Week 2,19 Nov 2013,0.00353,0.00355
Week 3,26 Nov 2013,0.00353,0.00354
Week 4,03 Dec 2013,0.00354,0.00355

Week 1,10 Dec 2013,0.00355,0.00357
Week 2,17 Dec 2013,0.00354,0.00355
Week 3,24 Dec 2013,0.00354,0.00355
Week 4,31 Dec 2013,0.00355,0.00356

Week 1,07 Jan 2014,0.00352,0.00353
Week 2,14 Jan 2014,0.00352,0.00355
Week 3,21 Jan 2014,0.00349,0.00351
Week 4,28 Jan 2014,0.00347,0.00348

Week 1,04 Feb 2014,0.00347,0.00348
Week 2,11 Feb 2014,0.00351,0.00352
Week 3,18 Feb 2014,0.00350,0.00352
Week 4,25 Feb 2014,0.00350,0.00351

Week 1,04 Mar 2014,0.00351,0.00352
Week 2,11 Mar 2014,0.00350,0.00352
Week 3,18 Mar 2014,0.00348,0.00350
Week 4,25 Mar 2014,0.00349,0.00350

Week 1,01 Apr 2014,0.00354,0.00355
Week 2,08 Apr 2014,0.00358,0.00362
Week 3,15 Apr 2014,0.00361,0.00361
Week 4,22 Apr 2014,0.00360,0.00361

Week 1,29 Apr 2014,0.00363,0.00364
Week 2,06 May 2014,0.00365,0.00366
Week 3,13 May 2014,0.00365,0.00368
Week 4,20 May 2014,0.00365,0.00367

Week 1,27 May 2014,0.00367,0.00367
Week 2,03 Jun 2014,0.00367,0.00368
Week 3,10 Jun 2014,0.00368,0.00369
Week 4,17 Jun 2014,0.00367,0.00368

Week 1,24 Jun 2014,0.00368,0.00369
Week 2,01 Jul 2014,0.00371,0.00372
Week 3,08 Jul 2014,0.00369,0.00370
Week 4,15 Jul 2014,0.00364,0.00365

Week 1,22 Jul 2014,0.00365,0.00366
Week 2,29 Jul 2014,0.00364,0.00364
Week 3,05 Aug 2014,0.00362,0.00363
Week 4,12 Aug 2014,0.00365,0.00366

Week 1,19 Aug 2014,0.00367,0.00368
Week 2,26 Aug 2014,0.00367,0.00371
Week 3,02 Sep 2014,0.00365,0.00370
Week 4,09 Sep 2014,0.00361,0.00366

Week 1,16 Sep 2014,0.00357,0.00363
Week 2,23 Sep 2014,0.00357,0.00362
Week 3,30 Sep 2014,0.00353,0.00355
Week 4,07 Oct 2014,0.00348,0.00352

Week 1,14 Oct 2014,0.00352,0.00353
Week 2,21 Oct 2014,0.00355,0.00356
Week 3,28 Oct 2014,0.00351,0.00357
Week 4,04 Nov 2014,0.00343,0.00349

Week 1,11 Nov 2014,0.00341,0.00344
Week 2,18 Nov 2014,0.00338,0.00339
Week 3,25 Nov 2014,0.00336,0.00341
Week 4,02 Dec 2014,0.00336,0.00337

Week 1,09 Dec 2014,0.00339,0.00340
Week 2,16 Dec 2014,0.00342,0.00343
Week 3,23 Dec 2014,0.00340,0.00341
Week 4,30 Dec 2014,0.00341,0.00342

Week 1,06 Jan 2015,0.00342,0.00343
Week 2,13 Jan 2015,0.00347,0.00348
Week 3,20 Jan 2015,0.00347,0.00348
Week 4,27 Jan 2015,0.00344,0.00345

Week 1,03 Feb 2015,0.00342,0.00344
Week 2,10 Feb 2015,0.00341,0.00342
Week 3,17 Feb 2015,0.00338,0.00339
Week 4,24 Feb 2015,0.00339,0.00340

Week 1,03 Mar 2015,0.00339,0.00340
Week 2,10 Mar 2015,0.00332,0.00333
Week 3,17 Mar 2015,0.00334,0.00335
Week 4,24 Mar 2015,0.00339,0.00340

Week 1,31 Mar 2015,0.00342,0.00343
Week 2,07 Apr 2015,0.00343,0.00344
Week 3,14 Apr 2015,0.00344,0.00345
Week 4,21 Apr 2015,0.00347,0.00348

Week 1,28 Apr 2015,0.00348,0.00350
Week 2,05 May 2015,0.00345,0.00346
Week 3,12 May 2015,0.00343,0.00345
Week 4,19 May 2015,0.00342,0.00343

Week 1,26 May 2015,0.00338,0.00339
Week 2,02 Jun 2015,0.00336,0.00337
Week 3,09 Jun 2015,0.00335,0.00337
Week 4,16 Jun 2015,0.00337,0.00338

Week 1,23 Jun 2015,0.00336,0.00337
Week 2,30 Jun 2015,0.00333,0.00335
Week 3,07 Jul 2015,0.00331,0.00332
Week 4,14 Jul 2015,0.00327,0.00328

Week 1,21 Jul 2015,0.00322,0.00323
Week 2,28 Jul 2015,0.00321,0.00322
Week 3,04 Aug 2015,0.00321,0.00322
Week 4,11 Aug 2015,0.00318,0.00320

Week 1,18 Aug 2015,0.00315,0.00316
Week 2,25 Aug 2015,0.00316,0.00317
Week 3,01 Sep 2015,0.00315,0.00316
Week 4,08 Sep 2015,0.00314,0.00316

Week 1,15 Sep 2015,0.00319,0.00320
Week 2,22 Sep 2015,0.00315,0.00316
Week 3,29 Sep 2015,0.00316,0.00317
Week 4,06 Oct 2015,0.00324,0.00325

Week 1,13 Oct 2015,0.00329,0.00330
Week 2,20 Oct 2015,0.00330,0.00331
Week 3,27 Oct 2015,0.00329,0.00330
Week 4,03 Nov 2015,0.00328,0.00329

Week 1,10 Nov 2015,0.00322,0.00323
Week 2,17 Nov 2015,0.00320,0.00325
Week 3,24 Nov 2015,0.00324,0.00327
Week 4,01 Dec 2015,0.00322,0.00324

Week 1,08 Dec 2015,0.00316,0.00321
Week 2,15 Dec 2015,0.00317,0.00318
Week 3,22 Dec 2015,0.00318,0.00323
Week 4,29 Dec 2015,0.00317,0.00322

Week 1,05 Jan 2016,0.00312,0.00317
Week 2,12 Jan 2016,0.00307,0.00312
Week 3,19 Jan 2016,0.00310,0.00312
Week 4,26 Jan 2016,0.00309,0.00314

Week 1,02 Feb 2016,0.00311,0.00312
Week 2,09 Feb 2016,0.00309,0.00314
Week 3,16 Feb 2016,0.00304,0.00307
Week 4,23 Feb 2016,0.00301,0.00306

Week 1,01 Mar 2016,0.00306,0.00311
Week 2,08 Mar 2016,0.00311,0.00316
Week 3,15 Mar 2016,0.00318,0.00320
Week 4,22 Mar 2016,0.00321,0.00322

Week 1,29 Mar 2016,0.00325,0.00326
Week 2,05 Apr 2016,0.00324,0.00325
Week 3,12 Apr 2016,0.00326,0.00328
Week 4,19 Apr 2016,0.00328,0.00329

Week 1,26 Apr 2016,0.00327,0.00328
Week 2,03 May 2016,0.00323,0.00324
Week 3,10 May 2016,0.00319,0.00320
Week 4,17 May 2016,0.00316,0.00317

Week 1,24 May 2016,0.00316,0.00317
Week 2,31 May 2016,0.00317,0.00318
Week 3,07 Jun 2016,0.00322,0.00323
Week 4,14 Jun 2016,0.00319,0.00321

Week 1,21 Jun 2016,0.00322,0.00323
Week 2,28 Jun 2016,0.00322,0.00325
Week 3,05 Jul 2016,0.00324,0.00326
Week 4,12 Jul 2016,0.00328,0.00329

Week 1,19 Jul 2016,0.00329,0.00330
Week 2,26 Jul 2016,0.00331,0.00335
Week 3,02 Aug 2016,0.00336,0.00338
Week 4,09 Aug 2016,0.00339,0.00341

Week 1,16 Aug 2016,0.00338,0.00339
Week 2,23 Aug 2016,0.00334,0.00336
Week 3,30 Aug 2016,0.00335,0.00336
Week 4,06 Sep 2016,0.00340,0.00341

Week 1,13 Sep 2016,0.00332,0.00336
Week 2,20 Sep 2016,0.00337,0.00339
Week 3,27 Sep 2016,0.00340,0.00341
Week 4,04 Oct 2016,0.00336,0.00338

Week 1,11 Oct 2016,0.00331,0.00334
Week 2,18 Oct 2016,0.00329,0.00334
Week 3,25 Oct 2016,0.00328,0.00330
Week 4,01 Nov 2016,0.00327,0.00329

Week 1,08 Nov 2016,0.00323,0.00327
Week 2,15 Nov 2016,0.00317,0.00321
Week 3,22 Nov 2016,0.00318,0.00320
Week 4,29 Nov 2016,0.00320,0.00321

Week 1,06 Dec 2016,0.00320,0.00322
Week 2,13 Dec 2016,0.00318,0.00319
Week 3,20 Dec 2016,0.00313,0.00314
Week 4,27 Dec 2016,0.00309,0.00313

Week 1,03 Jan 2017,0.00312,0.00313
Week 2,10 Jan 2017,0.00315,0.00317
Week 3,17 Jan 2017,0.00318,0.00320
Week 4,24 Jan 2017,0.00319,0.00321

Week 1,31 Jan 2017,0.00324,0.00328
Week 2,07 Feb 2017,0.00325,0.00330
Week 3,14 Feb 2017,0.00325,0.00329
Week 4,21 Feb 2017,0.00329,0.00330

Week 1,28 Feb 2017,0.00327,0.00329
Week 2,07 Mar 2017,0.00325,0.00326
Week 3,14 Mar 2017,0.00328,0.00332
Week 4,21 Mar 2017,0.00334,0.00336

Week 1,28 Mar 2017,0.00336,0.00337
Week 2,04 Apr 2017,0.00330,0.00334
Week 3,11 Apr 2017,0.00327,0.00333
Week 4,18 Apr 2017,0.00329,0.00331

Week 1,25 Apr 2017,0.00330,0.00332
Week 2,02 May 2017,0.00330,0.00332
Week 3,09 May 2017,0.00331,0.00333
Week 4,16 May 2017,0.00334,0.00336

Week 1,23 May 2017,0.00334,0.00335
Week 2,30 May 2017,0.00334,0.00336
Week 3,06 Jun 2017,0.00334,0.00335
Week 4,13 Jun 2017,0.00331,0.00332

Week 1,20 Jun 2017,0.00329,0.00330
Week 2,27 Jun 2017,0.00328,0.00329
Week 3,04 Jul 2017,0.00323,0.00328
Week 4,11 Jul 2017,0.00329,0.00330

Week 1,18 Jul 2017,0.00334,0.00335
Week 2,25 Jul 2017,0.00334,0.00336
Week 3,01 Aug 2017,0.00333,0.00334
Week 4,08 Aug 2017,0.00329,0.00330

Week 1,15 Aug 2017,0.00329,0.00330
Week 2,22 Aug 2017,0.00332,0.00333
Week 3,29 Aug 2017,0.00334,0.00335
Week 4,05 Sep 2017,0.00331,0.00332

Week 1,12 Sep 2017,0.00331,0.00332
Week 2,19 Sep 2017,0.00331,0.00332
Week 3,26 Sep 2017,0.00327,0.00328
Week 4,03 Oct 2017,0.00327,0.00328

Week 1,10 Oct 2017,0.00331,0.00332
Week 2,17 Oct 2017,0.00331,0.00332
Week 3,24 Oct 2017,0.00332,0.00333
Week 4,31 Oct 2017,0.00335,0.00336

Week 1,07 Nov 2017,0.00335,0.00336
Week 2,14 Nov 2017,0.00337,0.00342
Week 3,21 Nov 2017,0.00344,0.00345
Week 4,28 Nov 2017,0.00345,0.00346

Week 1,05 Dec 2017,0.00344,0.00345

