TRY->GBP

Week 1,01 Dec 1998,1.98348,1.98750
Week 2,08 Dec 1998,1.95637,1.95987
Week 3,15 Dec 1998,1.92627,1.92968
Week 4,22 Dec 1998,1.90516,1.90850

Week 1,29 Dec 1998,1.91252,1.91603
Week 2,05 Jan 1999,1.90202,1.90554
Week 3,12 Jan 1999,1.87772,1.88135
Week 4,19 Jan 1999,1.84252,1.84718

Week 1,26 Jan 1999,1.82697,1.83000
Week 2,02 Feb 1999,1.81376,1.81679
Week 3,09 Feb 1999,1.79761,1.80052
Week 4,16 Feb 1999,1.76996,1.77292

Week 1,23 Feb 1999,1.76572,1.76875
Week 2,02 Mar 1999,1.73344,1.73640
Week 3,09 Mar 1999,1.70385,1.70649
Week 4,16 Mar 1999,1.68487,1.68769

Week 1,23 Mar 1999,1.66046,1.66423
Week 2,30 Mar 1999,1.66148,1.66508
Week 3,06 Apr 1999,1.65379,1.65663
Week 4,13 Apr 1999,1.62340,1.62584

Week 1,20 Apr 1999,1.60329,1.60617
Week 2,27 Apr 1999,1.58825,1.59094
Week 3,04 May 1999,1.56990,1.57232
Week 4,11 May 1999,1.56176,1.56424

Week 1,18 May 1999,1.55545,1.55824
Week 2,25 May 1999,1.54422,1.54659
Week 3,01 Jun 1999,1.52830,1.53071
Week 4,08 Jun 1999,1.51797,1.52038

Week 1,15 Jun 1999,1.50803,1.51052
Week 2,22 Jun 1999,1.51020,1.51246
Week 3,29 Jun 1999,1.50152,1.50417
Week 4,06 Jul 1999,1.50015,1.50261

Week 1,13 Jul 1999,1.48325,1.48558
Week 2,20 Jul 1999,1.47565,1.47813
Week 3,27 Jul 1999,1.44858,1.45085
Week 4,03 Aug 1999,1.43855,1.44084

Week 1,10 Aug 1999,1.42846,1.43084
Week 2,17 Aug 1999,1.41158,1.41382
Week 3,24 Aug 1999,1.41037,1.41275
Week 4,31 Aug 1999,1.39330,1.39578

Week 1,07 Sep 1999,1.36726,1.36945
Week 2,14 Sep 1999,1.34829,1.35047
Week 3,21 Sep 1999,1.32283,1.32491
Week 4,28 Sep 1999,1.31287,1.31499

Week 1,05 Oct 1999,1.30193,1.30407
Week 2,12 Oct 1999,1.28766,1.29006
Week 3,19 Oct 1999,1.26988,1.27197
Week 4,26 Oct 1999,1.26956,1.27149

Week 1,02 Nov 1999,1.26029,1.26227
Week 2,09 Nov 1999,1.24406,1.24603
Week 3,16 Nov 1999,1.22765,1.22963
Week 4,23 Nov 1999,1.21278,1.21469

Week 1,30 Nov 1999,1.21157,1.21355
Week 2,07 Dec 1999,1.17813,1.17999
Week 3,14 Dec 1999,1.16994,1.17170
Week 4,21 Dec 1999,1.15470,1.15643

Week 1,28 Dec 1999,1.13973,1.14178
Week 2,04 Jan 2000,1.13153,1.13338
Week 3,11 Jan 2000,1.12275,1.12461
Week 4,18 Jan 2000,1.10882,1.11073

Week 1,25 Jan 2000,1.10227,1.10420
Week 2,01 Feb 2000,1.11345,1.11538
Week 3,08 Feb 2000,1.11052,1.11231
Week 4,15 Feb 2000,1.10519,1.10705

Week 1,22 Feb 2000,1.10204,1.10387
Week 2,29 Feb 2000,1.09850,1.10027
Week 3,07 Mar 2000,1.09435,1.09614
Week 4,14 Mar 2000,1.09519,1.09701

Week 1,21 Mar 2000,1.08362,1.08540
Week 2,28 Mar 2000,1.06822,1.06975
Week 3,04 Apr 2000,1.06853,1.07022
Week 4,11 Apr 2000,1.06530,1.06680

Week 1,18 Apr 2000,1.06881,1.06988
Week 2,25 Apr 2000,1.04934,1.05108
Week 3,02 May 2000,1.05155,1.05328
Week 4,09 May 2000,1.06735,1.06913

Week 1,16 May 2000,1.07871,1.08055
Week 2,23 May 2000,1.08747,1.08938
Week 3,30 May 2000,1.08278,1.08453
Week 4,06 Jun 2000,1.07701,1.07887

Week 1,13 Jun 2000,1.07853,1.08064
Week 2,20 Jun 2000,1.06923,1.07102
Week 3,27 Jun 2000,1.06381,1.06579
Week 4,04 Jul 2000,1.06156,1.06346

Week 1,11 Jul 2000,1.05983,1.06174
Week 2,18 Jul 2000,1.05015,1.05197
Week 3,25 Jul 2000,1.04516,1.04724
Week 4,01 Aug 2000,1.04114,1.04294

Week 1,08 Aug 2000,1.03121,1.03303
Week 2,15 Aug 2000,1.03539,1.03732
Week 3,22 Aug 2000,1.04091,1.04302
Week 4,29 Aug 2000,1.04775,1.04951

Week 1,05 Sep 2000,1.05506,1.05693
Week 2,12 Sep 2000,1.06799,1.07001
Week 3,19 Sep 2000,1.04418,1.04618
Week 4,26 Sep 2000,1.02636,1.02849

Week 1,03 Oct 2000,1.02434,1.02807
Week 2,10 Oct 2000,1.01824,1.02013
Week 3,17 Oct 2000,1.01272,1.01440
Week 4,24 Oct 2000,1.00681,1.00834

Week 1,31 Oct 2000,1.01441,1.01582
Week 2,07 Nov 2000,1.02728,1.02883
Week 3,14 Nov 2000,1.02296,1.02467
Week 4,21 Nov 2000,1.02867,1.03050

Week 1,28 Nov 2000,1.02187,1.02336
Week 2,05 Dec 2000,1.01809,1.02010
Week 3,12 Dec 2000,1.00248,1.00410
Week 4,19 Dec 2000,1.00433,1.00607

Week 1,26 Dec 2000,0.99934,1.00141
Week 2,02 Jan 2001,1.00101,1.00278
Week 3,09 Jan 2001,1.00722,1.00911
Week 4,16 Jan 2001,1.01208,1.01389

Week 1,23 Jan 2001,1.00991,1.01192
Week 2,30 Jan 2001,1.00705,1.00887
Week 3,06 Feb 2001,1.01242,1.01437
Week 4,13 Feb 2001,1.00552,1.00742

Week 1,20 Feb 2001,1.00331,1.00501
Week 2,27 Feb 2001,0.75307,0.78002
Week 3,06 Mar 2001,0.71525,0.78484
Week 4,13 Mar 2001,0.68550,0.72298

Week 1,20 Mar 2001,0.70416,0.72162
Week 2,27 Mar 2001,0.66935,0.70324
Week 3,03 Apr 2001,0.57841,0.58875
Week 4,10 Apr 2001,0.56538,0.58343

Week 1,17 Apr 2001,0.56110,0.57262
Week 2,24 Apr 2001,0.58288,0.59548
Week 3,01 May 2001,0.59734,0.61747
Week 4,08 May 2001,0.60471,0.61705

Week 1,15 May 2001,0.61702,0.62695
Week 2,22 May 2001,0.62479,0.63491
Week 3,29 May 2001,0.60600,0.62194
Week 4,05 Jun 2001,0.61270,0.62452

Week 1,12 Jun 2001,0.59294,0.60266
Week 2,19 Jun 2001,0.55349,0.56678
Week 3,26 Jun 2001,0.55254,0.56315
Week 4,03 Jul 2001,0.53303,0.55243

Week 1,10 Jul 2001,0.52031,0.53857
Week 2,17 Jul 2001,0.51970,0.53081
Week 3,24 Jul 2001,0.52522,0.53656
Week 4,31 Jul 2001,0.51637,0.52940

Week 1,07 Aug 2001,0.50619,0.51399
Week 2,14 Aug 2001,0.48688,0.49853
Week 3,21 Aug 2001,0.47356,0.47796
Week 4,28 Aug 2001,0.49462,0.50236

Week 1,04 Sep 2001,0.48426,0.49125
Week 2,11 Sep 2001,0.46262,0.46576
Week 3,18 Sep 2001,0.44372,0.45521
Week 4,25 Sep 2001,0.43193,0.44796

Week 1,02 Oct 2001,0.41839,0.43345
Week 2,09 Oct 2001,0.42127,0.43639
Week 3,16 Oct 2001,0.41645,0.43120
Week 4,23 Oct 2001,0.42569,0.44094

Week 1,30 Oct 2001,0.42519,0.44048
Week 2,06 Nov 2001,0.43232,0.44916
Week 3,13 Nov 2001,0.44580,0.46284
Week 4,20 Nov 2001,0.46857,0.48459

Week 1,27 Nov 2001,0.46558,0.48402
Week 2,04 Dec 2001,0.46976,0.48870
Week 3,11 Dec 2001,0.47140,0.49019
Week 4,18 Dec 2001,0.46094,0.47898

Week 1,25 Dec 2001,0.46329,0.48181
Week 2,01 Jan 2002,0.47423,0.49336
Week 3,08 Jan 2002,0.48878,0.50926
Week 4,15 Jan 2002,0.49962,0.52211

Week 1,22 Jan 2002,0.51070,0.53412
Week 2,29 Jan 2002,0.52577,0.54980
Week 3,05 Feb 2002,0.51166,0.53474
Week 4,12 Feb 2002,0.50415,0.52605

Week 1,19 Feb 2002,0.49609,0.51742
Week 2,26 Feb 2002,0.49383,0.51537
Week 3,05 Mar 2002,0.50143,0.52317
Week 4,12 Mar 2002,0.50717,0.52968

Week 1,19 Mar 2002,0.50830,0.53092
Week 2,26 Mar 2002,0.51215,0.53477
Week 3,02 Apr 2002,0.51601,0.53896
Week 4,09 Apr 2002,0.52103,0.54479

Week 1,16 Apr 2002,0.51905,0.54217
Week 2,23 Apr 2002,0.49949,0.52206
Week 3,30 Apr 2002,0.49326,0.51418
Week 4,07 May 2002,0.48547,0.50589

Week 1,14 May 2002,0.47244,0.49118
Week 2,21 May 2002,0.47372,0.49233
Week 3,28 May 2002,0.47139,0.48968
Week 4,04 Jun 2002,0.46257,0.48130

Week 1,11 Jun 2002,0.43148,0.44816
Week 2,18 Jun 2002,0.41943,0.43538
Week 3,25 Jun 2002,0.40404,0.41865
Week 4,02 Jul 2002,0.39962,0.41328

Week 1,09 Jul 2002,0.37963,0.39238
Week 2,16 Jul 2002,0.37476,0.38684
Week 3,23 Jul 2002,0.37178,0.38349
Week 4,30 Jul 2002,0.37638,0.38874

Week 1,06 Aug 2002,0.39057,0.40312
Week 2,13 Aug 2002,0.39083,0.40330
Week 3,20 Aug 2002,0.39425,0.40697
Week 4,27 Aug 2002,0.39141,0.40431

Week 1,03 Sep 2002,0.38724,0.40091
Week 2,10 Sep 2002,0.37988,0.39218
Week 3,17 Sep 2002,0.38134,0.39342
Week 4,24 Sep 2002,0.38076,0.39279

Week 1,01 Oct 2002,0.38121,0.39397
Week 2,08 Oct 2002,0.38250,0.39463
Week 3,15 Oct 2002,0.38425,0.39651
Week 4,22 Oct 2002,0.37925,0.39146

Week 1,29 Oct 2002,0.37457,0.38608
Week 2,05 Nov 2002,0.38108,0.39478
Week 3,12 Nov 2002,0.38493,0.39747
Week 4,19 Nov 2002,0.39357,0.40637

Week 1,26 Nov 2002,0.40782,0.42186
Week 2,03 Dec 2002,0.40424,0.41807
Week 3,10 Dec 2002,0.40041,0.41561
Week 4,17 Dec 2002,0.38070,0.39293

Week 1,24 Dec 2002,0.37163,0.38403
Week 2,31 Dec 2002,0.37141,0.38496
Week 3,07 Jan 2003,0.36541,0.37774
Week 4,14 Jan 2003,0.36624,0.37807

Week 1,21 Jan 2003,0.36406,0.37445
Week 2,28 Jan 2003,0.36246,0.37290
Week 3,04 Feb 2003,0.36660,0.37864
Week 4,11 Feb 2003,0.36876,0.37982

Week 1,18 Feb 2003,0.38001,0.39398
Week 2,25 Feb 2003,0.38855,0.40052
Week 3,04 Mar 2003,0.37984,0.39181
Week 4,11 Mar 2003,0.37901,0.39050

Week 1,18 Mar 2003,0.36667,0.37701
Week 2,25 Mar 2003,0.36503,0.37651
Week 3,01 Apr 2003,0.37331,0.38662
Week 4,08 Apr 2003,0.38201,0.39362

Week 1,15 Apr 2003,0.38727,0.39962
Week 2,22 Apr 2003,0.38794,0.39930
Week 3,29 Apr 2003,0.39387,0.40553
Week 4,06 May 2003,0.40344,0.41665

Week 1,13 May 2003,0.40492,0.42102
Week 2,20 May 2003,0.40722,0.42000
Week 3,27 May 2003,0.41627,0.43042
Week 4,03 Jun 2003,0.41609,0.43108

Week 1,10 Jun 2003,0.41486,0.42908
Week 2,17 Jun 2003,0.41342,0.42618
Week 3,24 Jun 2003,0.41460,0.42764
Week 4,01 Jul 2003,0.42143,0.43636

Week 1,08 Jul 2003,0.42718,0.44467
Week 2,15 Jul 2003,0.44211,0.45889
Week 3,22 Jul 2003,0.43236,0.44914
Week 4,29 Jul 2003,0.42493,0.44058

Week 1,05 Aug 2003,0.43311,0.45147
Week 2,12 Aug 2003,0.43883,0.45313
Week 3,19 Aug 2003,0.44559,0.46060
Week 4,26 Aug 2003,0.44666,0.46237

Week 1,02 Sep 2003,0.44758,0.46407
Week 2,09 Sep 2003,0.44512,0.46362
Week 3,16 Sep 2003,0.44252,0.46026
Week 4,23 Sep 2003,0.43376,0.44951

Week 1,30 Sep 2003,0.42052,0.43675
Week 2,07 Oct 2003,0.42618,0.44120
Week 3,14 Oct 2003,0.40937,0.42635
Week 4,21 Oct 2003,0.39523,0.40760

Week 1,28 Oct 2003,0.38686,0.39954
Week 2,04 Nov 2003,0.39380,0.40890
Week 3,11 Nov 2003,0.39604,0.40982
Week 4,18 Nov 2003,0.39385,0.40615

Week 1,25 Nov 2003,0.39304,0.40462
Week 2,02 Dec 2003,0.39399,0.40553
Week 3,09 Dec 2003,0.39167,0.40543
Week 4,16 Dec 2003,0.39092,0.40230

Week 1,23 Dec 2003,0.38930,0.40059
Week 2,30 Dec 2003,0.39414,0.40627
Week 3,06 Jan 2004,0.39481,0.40643
Week 4,13 Jan 2004,0.39950,0.41337

Week 1,20 Jan 2004,0.40357,0.41949
Week 2,27 Jan 2004,0.40202,0.41962
Week 3,03 Feb 2004,0.40003,0.41492
Week 4,10 Feb 2004,0.39336,0.41081

Week 1,17 Feb 2004,0.39359,0.40737
Week 2,24 Feb 2004,0.39389,0.41223
Week 3,02 Mar 2004,0.40288,0.41726
Week 4,09 Mar 2004,0.40952,0.42510

Week 1,16 Mar 2004,0.40831,0.42299
Week 2,23 Mar 2004,0.40804,0.42188
Week 3,30 Mar 2004,0.40666,0.42491
Week 4,06 Apr 2004,0.40242,0.41605

Week 1,13 Apr 2004,0.40045,0.41456
Week 2,20 Apr 2004,0.40120,0.41453
Week 3,27 Apr 2004,0.38984,0.40236
Week 4,04 May 2004,0.37132,0.38415

Week 1,11 May 2004,0.36364,0.37449
Week 2,18 May 2004,0.35755,0.36802
Week 3,25 May 2004,0.35872,0.36872
Week 4,01 Jun 2004,0.35736,0.36731

Week 1,08 Jun 2004,0.36172,0.37196
Week 2,15 Jun 2004,0.35994,0.37080
Week 3,22 Jun 2004,0.36216,0.37373
Week 4,29 Jun 2004,0.36625,0.38023

Week 1,06 Jul 2004,0.36857,0.37989
Week 2,13 Jul 2004,0.36837,0.38047
Week 3,20 Jul 2004,0.36655,0.37774
Week 4,27 Jul 2004,0.36594,0.37644

Week 1,03 Aug 2004,0.36712,0.37837
Week 2,10 Aug 2004,0.36754,0.37871
Week 3,17 Aug 2004,0.36657,0.37905
Week 4,24 Aug 2004,0.36318,0.37333

Week 1,31 Aug 2004,0.36495,0.37681
Week 2,07 Sep 2004,0.36732,0.37966
Week 3,14 Sep 2004,0.36519,0.37535
Week 4,21 Sep 2004,0.36444,0.37454

Week 1,28 Sep 2004,0.36159,0.37500
Week 2,05 Oct 2004,0.36750,0.37835
Week 3,12 Oct 2004,0.36688,0.37916
Week 4,19 Oct 2004,0.36732,0.37498

Week 1,26 Oct 2004,0.36589,0.37208
Week 2,02 Nov 2004,0.36939,0.37062
Week 3,09 Nov 2004,0.36829,0.37203
Week 4,16 Nov 2004,0.37079,0.37449

Week 1,23 Nov 2004,0.36790,0.37587
Week 2,30 Nov 2004,0.36512,0.36792
Week 3,07 Dec 2004,0.36327,0.36665
Week 4,14 Dec 2004,0.36472,0.36774

Week 1,21 Dec 2004,0.37490,0.37625
Week 2,28 Dec 2004,0.38186,0.38796
Week 3,04 Jan 2005,0.38418,0.38612
Week 4,11 Jan 2005,0.39041,0.39204

Week 1,18 Jan 2005,0.39537,0.39756
Week 2,25 Jan 2005,0.39697,0.39871
Week 3,01 Feb 2005,0.40084,0.40323
Week 4,08 Feb 2005,0.40343,0.40582

Week 1,15 Feb 2005,0.40182,0.40387
Week 2,22 Feb 2005,0.40192,0.40397
Week 3,01 Mar 2005,0.40816,0.41173
Week 4,08 Mar 2005,0.40783,0.41278

Week 1,15 Mar 2005,0.39457,0.39791
Week 2,22 Mar 2005,0.39295,0.39449
Week 3,29 Mar 2005,0.38898,0.39127
Week 4,05 Apr 2005,0.39162,0.39395

Week 1,12 Apr 2005,0.38864,0.39017
Week 2,19 Apr 2005,0.38327,0.38491
Week 3,26 Apr 2005,0.37816,0.38098
Week 4,03 May 2005,0.38713,0.39099

Week 1,10 May 2005,0.38923,0.39359
Week 2,17 May 2005,0.39461,0.39859
Week 3,24 May 2005,0.39505,0.39906
Week 4,31 May 2005,0.40261,0.40717

Week 1,07 Jun 2005,0.40028,0.40437
Week 2,14 Jun 2005,0.39957,0.40323
Week 3,21 Jun 2005,0.40204,0.40659
Week 4,28 Jun 2005,0.41428,0.41861

Week 1,05 Jul 2005,0.42341,0.42635
Week 2,12 Jul 2005,0.42411,0.42854
Week 3,19 Jul 2005,0.42765,0.43111
Week 4,26 Jul 2005,0.42513,0.43003

Week 1,02 Aug 2005,0.42644,0.42831
Week 2,09 Aug 2005,0.41420,0.41627
Week 3,16 Aug 2005,0.40493,0.40634
Week 4,23 Aug 2005,0.40675,0.40815

Week 1,30 Aug 2005,0.40695,0.40985
Week 2,06 Sep 2005,0.40644,0.40868
Week 3,13 Sep 2005,0.40976,0.41214
Week 4,20 Sep 2005,0.41425,0.41545

Week 1,27 Sep 2005,0.41908,0.42050
Week 2,04 Oct 2005,0.41933,0.42122
Week 3,11 Oct 2005,0.41581,0.41805
Week 4,18 Oct 2005,0.41412,0.41612

Week 1,25 Oct 2005,0.41495,0.41702
Week 2,01 Nov 2005,0.41808,0.42000
Week 3,08 Nov 2005,0.42021,0.42225
Week 4,15 Nov 2005,0.42549,0.42717

Week 1,22 Nov 2005,0.42717,0.42865
Week 2,29 Nov 2005,0.42631,0.42806
Week 3,06 Dec 2005,0.42216,0.42482
Week 4,13 Dec 2005,0.41819,0.42075

Week 1,20 Dec 2005,0.42127,0.42386
Week 2,27 Dec 2005,0.42803,0.42972
Week 3,03 Jan 2006,0.42692,0.42864
Week 4,10 Jan 2006,0.42084,0.42349

Week 1,17 Jan 2006,0.42260,0.42523
Week 2,24 Jan 2006,0.42292,0.42580
Week 3,31 Jan 2006,0.42434,0.42737
Week 4,07 Feb 2006,0.42909,0.43217

Week 1,14 Feb 2006,0.43156,0.43478
Week 2,21 Feb 2006,0.43224,0.43531
Week 3,28 Feb 2006,0.43467,0.43804
Week 4,07 Mar 2006,0.42801,0.43132

Week 1,14 Mar 2006,0.42800,0.43134
Week 2,21 Mar 2006,0.42544,0.42918
Week 3,28 Mar 2006,0.42314,0.42799
Week 4,04 Apr 2006,0.42589,0.43051

Week 1,11 Apr 2006,0.42161,0.42630
Week 2,18 Apr 2006,0.41917,0.42404
Week 3,25 Apr 2006,0.41731,0.42218
Week 4,02 May 2006,0.40868,0.41348

Week 1,09 May 2006,0.38795,0.39234
Week 2,16 May 2006,0.35788,0.36161
Week 3,23 May 2006,0.34693,0.35041
Week 4,30 May 2006,0.33992,0.34330

Week 1,06 Jun 2006,0.34481,0.34821
Week 2,13 Jun 2006,0.33911,0.34242
Week 3,20 Jun 2006,0.32614,0.32919
Week 4,27 Jun 2006,0.33707,0.34032

Week 1,04 Jul 2006,0.34505,0.34849
Week 2,11 Jul 2006,0.34439,0.34780
Week 3,18 Jul 2006,0.34542,0.34883
Week 4,25 Jul 2006,0.35448,0.35806

Week 1,01 Aug 2006,0.35500,0.35851
Week 2,08 Aug 2006,0.35984,0.36367
Week 3,15 Aug 2006,0.36291,0.36639
Week 4,22 Aug 2006,0.35745,0.36100

Week 1,29 Aug 2006,0.35561,0.35920
Week 2,05 Sep 2006,0.35976,0.36342
Week 3,12 Sep 2006,0.36011,0.36381
Week 4,19 Sep 2006,0.35260,0.35627

Week 1,26 Sep 2006,0.34944,0.35302
Week 2,03 Oct 2006,0.35292,0.35642
Week 3,10 Oct 2006,0.36059,0.36436
Week 4,17 Oct 2006,0.36207,0.36590

Week 1,24 Oct 2006,0.36264,0.36650
Week 2,31 Oct 2006,0.35805,0.36191
Week 3,07 Nov 2006,0.36024,0.36409
Week 4,14 Nov 2006,0.36209,0.36588

Week 1,21 Nov 2006,0.35398,0.35771
Week 2,28 Nov 2006,0.34762,0.35130
Week 3,05 Dec 2006,0.35144,0.35520
Week 4,12 Dec 2006,0.35619,0.35990

Week 1,19 Dec 2006,0.35521,0.35900
Week 2,26 Dec 2006,0.35725,0.36117
Week 3,02 Jan 2007,0.35868,0.36261
Week 4,09 Jan 2007,0.35570,0.35951

Week 1,16 Jan 2007,0.35519,0.35893
Week 2,23 Jan 2007,0.35530,0.35877
Week 3,30 Jan 2007,0.35846,0.36197
Week 4,06 Feb 2007,0.36197,0.36562

Week 1,13 Feb 2007,0.36550,0.36910
Week 2,20 Feb 2007,0.36755,0.37139
Week 3,27 Feb 2007,0.35897,0.36232
Week 4,06 Mar 2007,0.36174,0.36524

Week 1,13 Mar 2007,0.36405,0.36762
Week 2,20 Mar 2007,0.36539,0.36915
Week 3,27 Mar 2007,0.36383,0.36752
Week 4,03 Apr 2007,0.36773,0.37177

Week 1,10 Apr 2007,0.36684,0.37005
Week 2,17 Apr 2007,0.36853,0.37238
Week 3,24 Apr 2007,0.37252,0.37629
Week 4,01 May 2007,0.36856,0.37083

Week 1,08 May 2007,0.37432,0.37741
Week 2,15 May 2007,0.37948,0.38221
Week 3,22 May 2007,0.37924,0.38165
Week 4,29 May 2007,0.38090,0.38424

Week 1,05 Jun 2007,0.37744,0.38147
Week 2,12 Jun 2007,0.38083,0.38493
Week 3,19 Jun 2007,0.38256,0.38536
Week 4,26 Jun 2007,0.37770,0.38045

Week 1,03 Jul 2007,0.38246,0.38484
Week 2,10 Jul 2007,0.38408,0.38687
Week 3,17 Jul 2007,0.38173,0.38500
Week 4,24 Jul 2007,0.38179,0.38416

Week 1,31 Jul 2007,0.38166,0.38459
Week 2,07 Aug 2007,0.38306,0.38579
Week 3,14 Aug 2007,0.37178,0.37401
Week 4,21 Aug 2007,0.37300,0.37531

Week 1,28 Aug 2007,0.37683,0.37950
Week 2,04 Sep 2007,0.37808,0.38220
Week 3,11 Sep 2007,0.38697,0.39047
Week 4,18 Sep 2007,0.39961,0.40250

Week 1,25 Sep 2007,0.40316,0.40636
Week 2,02 Oct 2007,0.40795,0.41053
Week 3,09 Oct 2007,0.41082,0.41437
Week 4,16 Oct 2007,0.40394,0.40553

Week 1,23 Oct 2007,0.40445,0.40585
Week 2,30 Oct 2007,0.40603,0.40870
Week 3,06 Nov 2007,0.40098,0.40352
Week 4,13 Nov 2007,0.40675,0.40931

Week 1,20 Nov 2007,0.40425,0.40595
Week 2,27 Nov 2007,0.40512,0.40754
Week 3,04 Dec 2007,0.41567,0.41637
Week 4,11 Dec 2007,0.41711,0.41837

Week 1,18 Dec 2007,0.41891,0.42104
Week 2,25 Dec 2007,0.42597,0.42829
Week 3,01 Jan 2008,0.43043,0.43323
Week 4,08 Jan 2008,0.43888,0.44115

Week 1,15 Jan 2008,0.43326,0.43533
Week 2,22 Jan 2008,0.42355,0.42553
Week 3,29 Jan 2008,0.42885,0.43103
Week 4,05 Feb 2008,0.42686,0.42885

Week 1,12 Feb 2008,0.42212,0.42412
Week 2,19 Feb 2008,0.42389,0.42516
Week 3,26 Feb 2008,0.42086,0.42279
Week 4,04 Mar 2008,0.40562,0.40682

Week 1,11 Mar 2008,0.39944,0.40141
Week 2,18 Mar 2008,0.40330,0.40413
Week 3,25 Mar 2008,0.39274,0.39472
Week 4,01 Apr 2008,0.38580,0.38762

Week 1,08 Apr 2008,0.38945,0.39076
Week 2,15 Apr 2008,0.38192,0.38377
Week 3,22 Apr 2008,0.38822,0.39012
Week 4,29 Apr 2008,0.39661,0.39738

Week 1,06 May 2008,0.40351,0.40426
Week 2,13 May 2008,0.41109,0.41334
Week 3,20 May 2008,0.40708,0.40902
Week 4,27 May 2008,0.41044,0.41261

Week 1,03 Jun 2008,0.41125,0.41223
Week 2,10 Jun 2008,0.40712,0.40920
Week 3,17 Jun 2008,0.41327,0.41402
Week 4,24 Jun 2008,0.41070,0.41283

Week 1,01 Jul 2008,0.40612,0.40796
Week 2,08 Jul 2008,0.41126,0.41330
Week 3,15 Jul 2008,0.41495,0.41699
Week 4,22 Jul 2008,0.41634,0.41844

Week 1,29 Jul 2008,0.42927,0.43143
Week 2,05 Aug 2008,0.43931,0.44030
Week 3,12 Aug 2008,0.44737,0.44981
Week 4,19 Aug 2008,0.45088,0.45308

Week 1,26 Aug 2008,0.45919,0.46001
Week 2,02 Sep 2008,0.46089,0.46224
Week 3,09 Sep 2008,0.45475,0.45547
Week 4,16 Sep 2008,0.43623,0.43719

Week 1,23 Sep 2008,0.43690,0.43764
Week 2,30 Sep 2008,0.43539,0.43613
Week 3,07 Oct 2008,0.41222,0.41351
Week 4,14 Oct 2008,0.39621,0.39725

Week 1,21 Oct 2008,0.37199,0.37334
Week 2,28 Oct 2008,0.39940,0.40057
Week 3,04 Nov 2008,0.41218,0.41313
Week 4,11 Nov 2008,0.41021,0.41151

Week 1,18 Nov 2008,0.39895,0.40002
Week 2,25 Nov 2008,0.41422,0.41507
Week 3,02 Dec 2008,0.42553,0.42674
Week 4,09 Dec 2008,0.43025,0.43153

Week 1,16 Dec 2008,0.42944,0.43031
Week 2,23 Dec 2008,0.44740,0.44857
Week 3,30 Dec 2008,0.44782,0.44953
Week 4,06 Jan 2009,0.43179,0.43293

Week 1,13 Jan 2009,0.42216,0.42298
Week 2,20 Jan 2009,0.43014,0.43088
Week 3,27 Jan 2009,0.42906,0.42997
Week 4,03 Feb 2009,0.42034,0.42104

Week 1,10 Feb 2009,0.42102,0.42179
Week 2,17 Feb 2009,0.41231,0.41319
Week 3,24 Feb 2009,0.41064,0.41126
Week 4,03 Mar 2009,0.40311,0.40372

Week 1,10 Mar 2009,0.41330,0.41407
Week 2,17 Mar 2009,0.41229,0.41302
Week 3,24 Mar 2009,0.41432,0.41498
Week 4,31 Mar 2009,0.42169,0.42242

Week 1,07 Apr 2009,0.42997,0.43075
Week 2,14 Apr 2009,0.42103,0.42166
Week 3,21 Apr 2009,0.41841,0.41903
Week 4,28 Apr 2009,0.42169,0.42230

Week 1,05 May 2009,0.42445,0.42507
Week 2,12 May 2009,0.42047,0.42110
Week 3,19 May 2009,0.41446,0.41497
Week 4,26 May 2009,0.40047,0.40444

Week 1,02 Jun 2009,0.40023,0.40323
Week 2,09 Jun 2009,0.39668,0.39753
Week 3,16 Jun 2009,0.39197,0.39485
Week 4,23 Jun 2009,0.39036,0.39331

Week 1,30 Jun 2009,0.39540,0.39836
Week 2,07 Jul 2009,0.39737,0.39927
Week 3,14 Jul 2009,0.39775,0.40073
Week 4,21 Jul 2009,0.40522,0.40830

Week 1,28 Jul 2009,0.40786,0.41029
Week 2,04 Aug 2009,0.40393,0.40629
Week 3,11 Aug 2009,0.40492,0.40694
Week 4,18 Aug 2009,0.40221,0.41030

Week 1,25 Aug 2009,0.40557,0.41351
Week 2,01 Sep 2009,0.40760,0.40890
Week 3,08 Sep 2009,0.40346,0.40515
Week 4,15 Sep 2009,0.41052,0.41136

Week 1,22 Sep 2009,0.41686,0.41776
Week 2,29 Sep 2009,0.42010,0.42097
Week 3,06 Oct 2009,0.42704,0.42800
Week 4,13 Oct 2009,0.42602,0.42689

Week 1,20 Oct 2009,0.41536,0.41677
Week 2,27 Oct 2009,0.40614,0.40771
Week 3,03 Nov 2009,0.40516,0.40596
Week 4,10 Nov 2009,0.40571,0.40660

Week 1,17 Nov 2009,0.40303,0.40406
Week 2,24 Nov 2009,0.39968,0.40061
Week 3,01 Dec 2009,0.40292,0.40402
Week 4,08 Dec 2009,0.40741,0.40848

Week 1,15 Dec 2009,0.40633,0.40800
Week 2,22 Dec 2009,0.41091,0.41220
Week 3,29 Dec 2009,0.41296,0.41456
Week 4,05 Jan 2010,0.42387,0.42492

Week 1,12 Jan 2010,0.42215,0.42453
Week 2,19 Jan 2010,0.41710,0.41808
Week 3,26 Jan 2010,0.41509,0.41617
Week 4,02 Feb 2010,0.41901,0.41998

Week 1,09 Feb 2010,0.42049,0.42184
Week 2,16 Feb 2010,0.42288,0.42384
Week 3,23 Feb 2010,0.42227,0.42342
Week 4,02 Mar 2010,0.43042,0.43149

Week 1,09 Mar 2010,0.43197,0.43316
Week 2,16 Mar 2010,0.43181,0.43280
Week 3,23 Mar 2010,0.43407,0.43508
Week 4,30 Mar 2010,0.43334,0.43417

Week 1,06 Apr 2010,0.43623,0.43717
Week 2,13 Apr 2010,0.43737,0.43831
Week 3,20 Apr 2010,0.43746,0.43838
Week 4,27 Apr 2010,0.43913,0.44009

Week 1,04 May 2010,0.43361,0.43468
Week 2,11 May 2010,0.44347,0.44435
Week 3,18 May 2010,0.44150,0.44231
Week 4,25 May 2010,0.43992,0.44103

Week 1,01 Jun 2010,0.43291,0.43379
Week 2,08 Jun 2010,0.43190,0.43269
Week 3,15 Jun 2010,0.43205,0.43292
Week 4,22 Jun 2010,0.42589,0.42676

Week 1,29 Jun 2010,0.41979,0.42066
Week 2,06 Jul 2010,0.42467,0.42556
Week 3,13 Jul 2010,0.42446,0.42534
Week 4,20 Jul 2010,0.42695,0.42794

Week 1,27 Jul 2010,0.42360,0.42450
Week 2,03 Aug 2010,0.41973,0.42072
Week 3,10 Aug 2010,0.42161,0.42239
Week 4,17 Aug 2010,0.42492,0.42582

Week 1,24 Aug 2010,0.42314,0.42403
Week 2,31 Aug 2010,0.42790,0.42893
Week 3,07 Sep 2010,0.43052,0.43161
Week 4,14 Sep 2010,0.42915,0.43007

Week 1,21 Sep 2010,0.42869,0.42954
Week 2,28 Sep 2010,0.43420,0.43506
Week 3,05 Oct 2010,0.44064,0.44164
Week 4,12 Oct 2010,0.44414,0.44507

Week 1,19 Oct 2010,0.44507,0.44588
Week 2,26 Oct 2010,0.43935,0.44022
Week 3,02 Nov 2010,0.44063,0.44146
Week 4,09 Nov 2010,0.43513,0.43607

Week 1,16 Nov 2010,0.43122,0.43224
Week 2,23 Nov 2010,0.42949,0.43034
Week 3,30 Nov 2010,0.42892,0.42977
Week 4,07 Dec 2010,0.42333,0.42445

Week 1,14 Dec 2010,0.41794,0.41914
Week 2,21 Dec 2010,0.41664,0.41778
Week 3,28 Dec 2010,0.41557,0.41650
Week 4,04 Jan 2011,0.41272,0.41350

Week 1,11 Jan 2011,0.40646,0.40713
Week 2,18 Jan 2011,0.40139,0.40225
Week 3,25 Jan 2011,0.39617,0.39694
Week 4,01 Feb 2011,0.39058,0.39133

Week 1,08 Feb 2011,0.39182,0.39312
Week 2,15 Feb 2011,0.39061,0.39129
Week 3,22 Feb 2011,0.38695,0.38751
Week 4,01 Mar 2011,0.38281,0.38362

Week 1,08 Mar 2011,0.38987,0.39070
Week 2,15 Mar 2011,0.39121,0.39204
Week 3,22 Mar 2011,0.39559,0.39640
Week 4,29 Mar 2011,0.40258,0.40326

Week 1,05 Apr 2011,0.40365,0.40454
Week 2,12 Apr 2011,0.40375,0.40454
Week 3,19 Apr 2011,0.39963,0.40049
Week 4,26 Apr 2011,0.39525,0.39623

Week 1,03 May 2011,0.39451,0.39529
Week 2,10 May 2011,0.38868,0.38939
Week 3,17 May 2011,0.38864,0.38994
Week 4,24 May 2011,0.38175,0.38238

Week 1,31 May 2011,0.38316,0.38389
Week 2,07 Jun 2011,0.38746,0.38825
Week 3,14 Jun 2011,0.38628,0.38702
Week 4,21 Jun 2011,0.38324,0.38446

Week 1,28 Jun 2011,0.38422,0.38499
Week 2,05 Jul 2011,0.38345,0.38414
Week 3,12 Jul 2011,0.37796,0.37866
Week 4,19 Jul 2011,0.36840,0.36915

Week 1,26 Jul 2011,0.35992,0.36057
Week 2,02 Aug 2011,0.35550,0.35633
Week 3,09 Aug 2011,0.34636,0.34720
Week 4,16 Aug 2011,0.34134,0.34205

Week 1,23 Aug 2011,0.34462,0.34538
Week 2,30 Aug 2011,0.35333,0.35422
Week 3,06 Sep 2011,0.35245,0.35323
Week 4,13 Sep 2011,0.35520,0.35599

Week 1,20 Sep 2011,0.35303,0.35383
Week 2,27 Sep 2011,0.34582,0.34657
Week 3,04 Oct 2011,0.34609,0.34693
Week 4,11 Oct 2011,0.34644,0.34720

Week 1,18 Oct 2011,0.34114,0.34183
Week 2,25 Oct 2011,0.35205,0.35283
Week 3,01 Nov 2011,0.35264,0.35333
Week 4,08 Nov 2011,0.35025,0.35110

Week 1,15 Nov 2011,0.34906,0.34970
Week 2,22 Nov 2011,0.34434,0.34498
Week 3,29 Nov 2011,0.34768,0.34847
Week 4,06 Dec 2011,0.34722,0.34788

Week 1,13 Dec 2011,0.34269,0.34326
Week 2,20 Dec 2011,0.33795,0.33866
Week 3,27 Dec 2011,0.33837,0.33914
Week 4,03 Jan 2012,0.34235,0.34315

Week 1,10 Jan 2012,0.34901,0.34959
Week 2,17 Jan 2012,0.35208,0.35271
Week 3,24 Jan 2012,0.35439,0.35499
Week 4,31 Jan 2012,0.35853,0.35916

Week 1,07 Feb 2012,0.35975,0.36040
Week 2,14 Feb 2012,0.35985,0.36046
Week 3,21 Feb 2012,0.35979,0.36042
Week 4,28 Feb 2012,0.35745,0.35806

Week 1,06 Mar 2012,0.35594,0.35657
Week 2,13 Mar 2012,0.35363,0.35424
Week 3,20 Mar 2012,0.34865,0.34925
Week 4,27 Mar 2012,0.35074,0.35131

Week 1,03 Apr 2012,0.35101,0.35158
Week 2,10 Apr 2012,0.34947,0.34999
Week 3,17 Apr 2012,0.34810,0.34864
Week 4,24 Apr 2012,0.34797,0.34860

Week 1,01 May 2012,0.35083,0.35138
Week 2,08 May 2012,0.34812,0.34865
Week 3,15 May 2012,0.34431,0.34479
Week 4,22 May 2012,0.34506,0.34558

Week 1,29 May 2012,0.34859,0.34910
Week 2,05 Jun 2012,0.35248,0.35303
Week 3,12 Jun 2012,0.35251,0.35307
Week 4,19 Jun 2012,0.35341,0.35396

Week 1,26 Jun 2012,0.35207,0.35271
Week 2,03 Jul 2012,0.35422,0.35479
Week 3,10 Jul 2012,0.35459,0.35513
Week 4,17 Jul 2012,0.35361,0.35416

Week 1,24 Jul 2012,0.35193,0.35250
Week 2,31 Jul 2012,0.35648,0.35705
Week 3,07 Aug 2012,0.35831,0.35893
Week 4,14 Aug 2012,0.35381,0.35444

Week 1,21 Aug 2012,0.35190,0.35247
Week 2,28 Aug 2012,0.34796,0.34842
Week 3,04 Sep 2012,0.34646,0.34683
Week 4,11 Sep 2012,0.34429,0.34466

Week 1,18 Sep 2012,0.34280,0.34320
Week 2,25 Sep 2012,0.34396,0.34435
Week 3,02 Oct 2012,0.34422,0.34463
Week 4,09 Oct 2012,0.34388,0.34429

Week 1,16 Oct 2012,0.34538,0.34587
Week 2,23 Oct 2012,0.34578,0.34620
Week 3,30 Oct 2012,0.34648,0.34689
Week 4,06 Nov 2012,0.35077,0.35121

Week 1,13 Nov 2012,0.34949,0.34992
Week 2,20 Nov 2012,0.34842,0.34881
Week 3,27 Nov 2012,0.34851,0.34893
Week 4,04 Dec 2012,0.34793,0.34837

Week 1,11 Dec 2012,0.34783,0.34825
Week 2,18 Dec 2012,0.34462,0.34508
Week 3,25 Dec 2012,0.34523,0.34583
Week 4,01 Jan 2013,0.34685,0.34731

Week 1,08 Jan 2013,0.34992,0.35040
Week 2,15 Jan 2013,0.35446,0.35493
Week 3,22 Jan 2013,0.35737,0.35784
Week 4,29 Jan 2013,0.36046,0.36089

Week 1,05 Feb 2013,0.35961,0.36001
Week 2,12 Feb 2013,0.36264,0.36306
Week 3,19 Feb 2013,0.36565,0.36603
Week 4,26 Feb 2013,0.36723,0.36768

Week 1,05 Mar 2013,0.36972,0.37012
Week 2,12 Mar 2013,0.36869,0.36918
Week 3,19 Mar 2013,0.36293,0.36336
Week 4,26 Mar 2013,0.36295,0.36350

Week 1,02 Apr 2013,0.36384,0.36430
Week 2,09 Apr 2013,0.36450,0.36503
Week 3,16 Apr 2013,0.36426,0.36472
Week 4,23 Apr 2013,0.36113,0.36167

Week 1,30 Apr 2013,0.35829,0.35877
Week 2,07 May 2013,0.35945,0.36001
Week 3,14 May 2013,0.35940,0.35984
Week 4,21 May 2013,0.35768,0.35828

Week 1,28 May 2013,0.35380,0.35435
Week 2,04 Jun 2013,0.34376,0.34421
Week 3,11 Jun 2013,0.34034,0.34093
Week 4,18 Jun 2013,0.33670,0.33723

Week 1,25 Jun 2013,0.33775,0.33826
Week 2,02 Jul 2013,0.34033,0.34096
Week 3,09 Jul 2013,0.34096,0.34156
Week 4,16 Jul 2013,0.34191,0.34244

Week 1,23 Jul 2013,0.33906,0.33954
Week 2,30 Jul 2013,0.33922,0.33975
Week 3,06 Aug 2013,0.33618,0.33660
Week 4,13 Aug 2013,0.33218,0.33261

Week 1,20 Aug 2013,0.32446,0.32484
Week 2,27 Aug 2013,0.31719,0.31770
Week 3,03 Sep 2013,0.31268,0.31318
Week 4,10 Sep 2013,0.31254,0.31301

Week 1,17 Sep 2013,0.31510,0.31553
Week 2,24 Sep 2013,0.30904,0.30939
Week 3,01 Oct 2013,0.30922,0.30959
Week 4,08 Oct 2013,0.31471,0.31518

Week 1,15 Oct 2013,0.31481,0.31528
Week 2,22 Oct 2013,0.31225,0.31265
Week 3,29 Oct 2013,0.31191,0.31232
Week 4,05 Nov 2013,0.30699,0.30742

Week 1,12 Nov 2013,0.30563,0.30596
Week 2,19 Nov 2013,0.30714,0.30748
Week 3,26 Nov 2013,0.30443,0.30485
Week 4,03 Dec 2013,0.30008,0.30051

Week 1,10 Dec 2013,0.29994,0.30039
Week 2,17 Dec 2013,0.29659,0.29702
Week 3,24 Dec 2013,0.28783,0.28828
Week 4,31 Dec 2013,0.28076,0.28119

Week 1,07 Jan 2014,0.27964,0.27999
Week 2,14 Jan 2014,0.27633,0.27675
Week 3,21 Jan 2014,0.26514,0.26551
Week 4,28 Jan 2014,0.26727,0.26774

Week 1,04 Feb 2014,0.27325,0.27380
Week 2,11 Feb 2014,0.27449,0.27485
Week 3,18 Feb 2014,0.27412,0.27447
Week 4,25 Feb 2014,0.27093,0.27134

Week 1,04 Mar 2014,0.27098,0.27135
Week 2,11 Mar 2014,0.26997,0.27033
Week 3,18 Mar 2014,0.27082,0.27122
Week 4,25 Mar 2014,0.27335,0.27368

Week 1,01 Apr 2014,0.28207,0.28258
Week 2,08 Apr 2014,0.28321,0.28363
Week 3,15 Apr 2014,0.27991,0.28036
Week 4,22 Apr 2014,0.27830,0.27862

Week 1,29 Apr 2014,0.28048,0.28084
Week 2,06 May 2014,0.28356,0.28388
Week 3,13 May 2014,0.28493,0.28519
Week 4,20 May 2014,0.28374,0.28416

Week 1,27 May 2014,0.28447,0.28484
Week 2,03 Jun 2014,0.28400,0.28439
Week 3,10 Jun 2014,0.28144,0.28181
Week 4,17 Jun 2014,0.27475,0.27516

Week 1,24 Jun 2014,0.27564,0.27599
Week 2,01 Jul 2014,0.27395,0.27425
Week 3,08 Jul 2014,0.27485,0.27520
Week 4,15 Jul 2014,0.27489,0.27523

Week 1,22 Jul 2014,0.27954,0.27988
Week 2,29 Jul 2014,0.27851,0.27886
Week 3,05 Aug 2014,0.27643,0.27675
Week 4,12 Aug 2014,0.27673,0.27710

Week 1,19 Aug 2014,0.27667,0.27705
Week 2,26 Aug 2014,0.27829,0.27861
Week 3,02 Sep 2014,0.28140,0.28169
Week 4,09 Sep 2014,0.28050,0.28081

Week 1,16 Sep 2014,0.27594,0.27627
Week 2,23 Sep 2014,0.27227,0.27252
Week 3,30 Sep 2014,0.27158,0.27194
Week 4,07 Oct 2014,0.27275,0.27306

Week 1,14 Oct 2014,0.27551,0.27581
Week 2,21 Oct 2014,0.27737,0.27768
Week 3,28 Oct 2014,0.28043,0.28075
Week 4,04 Nov 2014,0.27949,0.27978

Week 1,11 Nov 2014,0.28226,0.28259
Week 2,18 Nov 2014,0.28671,0.28702
Week 3,25 Nov 2014,0.28664,0.28694
Week 4,02 Dec 2014,0.28509,0.28552

Week 1,09 Dec 2014,0.27966,0.28004
Week 2,16 Dec 2014,0.27374,0.27413
Week 3,23 Dec 2014,0.27678,0.27746
Week 4,30 Dec 2014,0.27668,0.27715

Week 1,06 Jan 2015,0.28501,0.28542
Week 2,13 Jan 2015,0.28579,0.28621
Week 3,20 Jan 2015,0.28264,0.28311
Week 4,27 Jan 2015,0.27584,0.27623

Week 1,03 Feb 2015,0.26890,0.26952
Week 2,10 Feb 2015,0.26349,0.26393
Week 3,17 Feb 2015,0.26436,0.26498
Week 4,24 Feb 2015,0.25969,0.26031

Week 1,03 Mar 2015,0.25473,0.25529
Week 2,10 Mar 2015,0.25546,0.25586
Week 3,17 Mar 2015,0.25907,0.25957
Week 4,24 Mar 2015,0.25949,0.25997

Week 1,31 Mar 2015,0.25960,0.26006
Week 2,07 Apr 2015,0.25967,0.26016
Week 3,14 Apr 2015,0.25138,0.25174
Week 4,21 Apr 2015,0.24533,0.24576

Week 1,28 Apr 2015,0.24382,0.24431
Week 2,05 May 2015,0.24190,0.24264
Week 3,12 May 2015,0.24268,0.24303
Week 4,19 May 2015,0.24771,0.24825

Week 1,26 May 2015,0.24605,0.24640
Week 2,02 Jun 2015,0.24427,0.24479
Week 3,09 Jun 2015,0.23650,0.23709
Week 4,16 Jun 2015,0.23343,0.23377

Week 1,23 Jun 2015,0.23744,0.23772
Week 2,30 Jun 2015,0.23744,0.23788
Week 3,07 Jul 2015,0.24096,0.24133
Week 4,14 Jul 2015,0.24179,0.24219

Week 1,21 Jul 2015,0.23683,0.23707
Week 2,28 Jul 2015,0.23144,0.23175
Week 3,04 Aug 2015,0.23119,0.23145
Week 4,11 Aug 2015,0.22848,0.22883

Week 1,18 Aug 2015,0.21954,0.21986
Week 2,25 Aug 2015,0.21972,0.22006
Week 3,01 Sep 2015,0.22095,0.22127
Week 4,08 Sep 2015,0.21425,0.21454

Week 1,15 Sep 2015,0.21371,0.21402
Week 2,22 Sep 2015,0.21529,0.21570
Week 3,29 Sep 2015,0.21803,0.21836
Week 4,06 Oct 2015,0.22248,0.22278

Week 1,13 Oct 2015,0.22278,0.22310
Week 2,20 Oct 2015,0.22392,0.22424
Week 3,27 Oct 2015,0.22377,0.22399
Week 4,03 Nov 2015,0.22762,0.22782

Week 1,10 Nov 2015,0.22799,0.22825
Week 2,17 Nov 2015,0.23016,0.23062
Week 3,24 Nov 2015,0.22879,0.22914
Week 4,01 Dec 2015,0.22901,0.22948

Week 1,08 Dec 2015,0.22498,0.22533
Week 2,15 Dec 2015,0.22667,0.22702
Week 3,22 Dec 2015,0.22966,0.23011
Week 4,29 Dec 2015,0.23161,0.23191

Week 1,05 Jan 2016,0.22828,0.22861
Week 2,12 Jan 2016,0.22866,0.22902
Week 3,19 Jan 2016,0.23209,0.23238
Week 4,26 Jan 2016,0.23442,0.23489

Week 1,02 Feb 2016,0.23551,0.23581
Week 2,09 Feb 2016,0.23521,0.23558
Week 3,16 Feb 2016,0.23509,0.23546
Week 4,23 Feb 2016,0.24172,0.24210

Week 1,01 Mar 2016,0.24238,0.24264
Week 2,08 Mar 2016,0.24187,0.24216
Week 3,15 Mar 2016,0.24235,0.24264
Week 4,22 Mar 2016,0.24492,0.24518

Week 1,29 Mar 2016,0.24648,0.24678
Week 2,05 Apr 2016,0.24872,0.24904
Week 3,12 Apr 2016,0.24711,0.24748
Week 4,19 Apr 2016,0.24542,0.24577

Week 1,26 Apr 2016,0.24345,0.24382
Week 2,03 May 2016,0.23866,0.23890
Week 3,10 May 2016,0.23464,0.23497
Week 4,17 May 2016,0.23138,0.23161

Week 1,24 May 2016,0.23123,0.23146
Week 2,31 May 2016,0.23463,0.23489
Week 3,07 Jun 2016,0.23824,0.23872
Week 4,14 Jun 2016,0.23960,0.24004

Week 1,21 Jun 2016,0.24029,0.24106
Week 2,28 Jun 2016,0.25812,0.25873
Week 3,05 Jul 2016,0.26315,0.26391
Week 4,12 Jul 2016,0.25865,0.25937

Week 1,19 Jul 2016,0.24943,0.25007
Week 2,26 Jul 2016,0.25136,0.25182
Week 3,02 Aug 2016,0.25255,0.25295
Week 4,09 Aug 2016,0.25946,0.25997

Week 1,16 Aug 2016,0.26127,0.26175
Week 2,23 Aug 2016,0.25754,0.25813
Week 3,30 Aug 2016,0.25611,0.25653
Week 4,06 Sep 2016,0.25434,0.25471

Week 1,13 Sep 2016,0.25482,0.25526
Week 2,20 Sep 2016,0.25903,0.25944
Week 3,27 Sep 2016,0.25731,0.25773
Week 4,04 Oct 2016,0.26000,0.26036

Week 1,11 Oct 2016,0.26465,0.26516
Week 2,18 Oct 2016,0.26485,0.26541
Week 3,25 Oct 2016,0.26473,0.26517
Week 4,01 Nov 2016,0.25830,0.25871

Week 1,08 Nov 2016,0.24849,0.24920
Week 2,15 Nov 2016,0.24153,0.24205
Week 3,22 Nov 2016,0.23512,0.23569
Week 4,29 Nov 2016,0.22898,0.22958

Week 1,06 Dec 2016,0.22800,0.22851
Week 2,13 Dec 2016,0.22721,0.22780
Week 3,20 Dec 2016,0.23027,0.23091
Week 4,27 Dec 2016,0.23045,0.23127

Week 1,03 Jan 2017,0.22568,0.22633
Week 2,10 Jan 2017,0.21800,0.21842
Week 3,17 Jan 2017,0.21497,0.21547
Week 4,24 Jan 2017,0.20815,0.20866

Week 1,31 Jan 2017,0.21238,0.21298
Week 2,07 Feb 2017,0.21593,0.21653
Week 3,14 Feb 2017,0.21923,0.21978
Week 4,21 Feb 2017,0.22219,0.22263

Week 1,28 Feb 2017,0.22075,0.22128
Week 2,07 Mar 2017,0.21981,0.22041
Week 3,14 Mar 2017,0.22082,0.22138
Week 4,21 Mar 2017,0.22155,0.22188

Week 1,28 Mar 2017,0.21970,0.22022
Week 2,04 Apr 2017,0.21723,0.21774
Week 3,11 Apr 2017,0.21567,0.21627
Week 4,18 Apr 2017,0.21427,0.21481

Week 1,25 Apr 2017,0.21733,0.21772
Week 2,02 May 2017,0.21793,0.21829
Week 3,09 May 2017,0.21603,0.21652
Week 4,16 May 2017,0.21548,0.21592

Week 1,23 May 2017,0.21667,0.21704
Week 2,30 May 2017,0.21962,0.21998
Week 3,06 Jun 2017,0.22039,0.22079
Week 4,13 Jun 2017,0.22323,0.22358

Week 1,20 Jun 2017,0.22364,0.22398
Week 2,27 Jun 2017,0.22022,0.22057
Week 3,04 Jul 2017,0.21514,0.21546
Week 4,11 Jul 2017,0.21567,0.21594

Week 1,18 Jul 2017,0.21741,0.21766
Week 2,25 Jul 2017,0.21560,0.21594
Week 3,01 Aug 2017,0.21550,0.21577
Week 4,08 Aug 2017,0.21731,0.21752

Week 1,15 Aug 2017,0.21992,0.22023
Week 2,22 Aug 2017,0.22369,0.22404
Week 3,29 Aug 2017,0.22440,0.22475
Week 4,05 Sep 2017,0.22320,0.22353

Week 1,12 Sep 2017,0.21748,0.21772
Week 2,19 Sep 2017,0.21158,0.21190
Week 3,26 Sep 2017,0.20916,0.20938
Week 4,03 Oct 2017,0.21120,0.21147

Week 1,10 Oct 2017,0.20620,0.20646
Week 2,17 Oct 2017,0.20659,0.20682
Week 3,24 Oct 2017,0.20173,0.20196
Week 4,31 Oct 2017,0.19846,0.19866

Week 1,07 Nov 2017,0.19660,0.19681
Week 2,14 Nov 2017,0.19568,0.19591
Week 3,21 Nov 2017,0.19095,0.19132
Week 4,28 Nov 2017,0.18940,0.18965

Week 1,05 Dec 2017,0.19213,0.19230

