TRY->ZAR

Week 1,01 Dec 1998,19.00829,19.08526
Week 2,08 Dec 1998,19.57246,19.65574
Week 3,15 Dec 1998,19.22487,19.29931
Week 4,22 Dec 1998,18.84064,18.91004

Week 1,29 Dec 1998,18.64393,18.70756
Week 2,05 Jan 1999,18.18883,18.25910
Week 3,12 Jan 1999,18.72504,18.80220
Week 4,19 Jan 1999,18.41429,18.50247

Week 1,26 Jan 1999,18.18483,18.25913
Week 2,02 Feb 1999,17.72397,17.79357
Week 3,09 Feb 1999,17.83781,17.90687
Week 4,16 Feb 1999,17.87996,17.94193

Week 1,23 Feb 1999,17.51570,17.58020
Week 2,02 Mar 1999,17.31989,17.38314
Week 3,09 Mar 1999,17.09850,17.15853
Week 4,16 Mar 1999,17.02406,17.07991

Week 1,23 Mar 1999,16.80116,16.87031
Week 2,30 Mar 1999,16.48699,16.54976
Week 3,06 Apr 1999,16.39591,16.45523
Week 4,13 Apr 1999,15.95617,16.00820

Week 1,20 Apr 1999,15.71641,15.77366
Week 2,27 Apr 1999,15.53173,15.58651
Week 3,04 May 1999,15.62129,15.67513
Week 4,11 May 1999,15.68219,15.73349

Week 1,18 May 1999,15.51033,15.56560
Week 2,25 May 1999,15.43667,15.47813
Week 3,01 Jun 1999,15.15963,15.20956
Week 4,08 Jun 1999,14.88160,14.93413

Week 1,15 Jun 1999,14.49773,14.54290
Week 2,22 Jun 1999,14.44254,14.48671
Week 3,29 Jun 1999,14.26446,14.31370
Week 4,06 Jul 1999,14.16959,14.21729

Week 1,13 Jul 1999,14.23481,14.27730
Week 2,20 Jul 1999,14.24961,14.29710
Week 3,27 Jul 1999,14.35161,14.39564
Week 4,03 Aug 1999,14.32493,14.36191

Week 1,10 Aug 1999,14.07146,14.11083
Week 2,17 Aug 1999,13.86236,13.89940
Week 3,24 Aug 1999,13.65353,13.69071
Week 4,31 Aug 1999,13.51044,13.54911

Week 1,07 Sep 1999,13.40987,13.44231
Week 2,14 Sep 1999,13.28751,13.32157
Week 3,21 Sep 1999,13.09864,13.13423
Week 4,28 Sep 1999,12.99391,13.02873

Week 1,05 Oct 1999,12.99139,13.02701
Week 2,12 Oct 1999,13.08770,13.12456
Week 3,19 Oct 1999,12.94726,12.98333
Week 4,26 Oct 1999,12.77947,12.81193

Week 1,02 Nov 1999,12.60040,12.63117
Week 2,09 Nov 1999,12.33369,12.36554
Week 3,16 Nov 1999,12.21936,12.24823
Week 4,23 Nov 1999,11.98811,12.01811

Week 1,30 Nov 1999,11.94963,11.98203
Week 2,07 Dec 1999,11.73306,11.76114
Week 3,14 Dec 1999,11.55190,11.57953
Week 4,21 Dec 1999,11.45320,11.48134

Week 1,28 Dec 1999,11.32826,11.35949
Week 2,04 Jan 2000,11.26633,11.29207
Week 3,11 Jan 2000,11.18749,11.21044
Week 4,18 Jan 2000,11.14984,11.17491

Week 1,25 Jan 2000,11.23844,11.26731
Week 2,01 Feb 2000,11.17559,11.20056
Week 3,08 Feb 2000,11.24184,11.27281
Week 4,15 Feb 2000,11.18730,11.21111

Week 1,22 Feb 2000,11.11036,11.13797
Week 2,29 Feb 2000,11.11161,11.13604
Week 3,07 Mar 2000,11.11531,11.13894
Week 4,14 Mar 2000,11.13521,11.15881

Week 1,21 Mar 2000,11.12059,11.14289
Week 2,28 Mar 2000,11.08284,11.10746
Week 3,04 Apr 2000,11.12220,11.14387
Week 4,11 Apr 2000,11.12599,11.14889

Week 1,18 Apr 2000,11.27907,11.30503
Week 2,25 Apr 2000,11.14954,11.17611
Week 3,02 May 2000,11.17054,11.19700
Week 4,09 May 2000,11.36964,11.39857

Week 1,16 May 2000,11.45371,11.48469
Week 2,23 May 2000,11.49550,11.52423
Week 3,30 May 2000,11.34433,11.37274
Week 4,06 Jun 2000,11.39567,11.43151

Week 1,13 Jun 2000,11.25533,11.28714
Week 2,20 Jun 2000,11.10844,11.13714
Week 3,27 Jun 2000,10.94679,10.97580
Week 4,04 Jul 2000,10.95853,10.98837

Week 1,11 Jul 2000,10.93177,10.96181
Week 2,18 Jul 2000,10.97214,11.00097
Week 3,25 Jul 2000,10.96377,10.99539
Week 4,01 Aug 2000,10.88404,10.91260

Week 1,08 Aug 2000,10.74987,10.77816
Week 2,15 Aug 2000,10.73526,10.76334
Week 3,22 Aug 2000,10.68441,10.71480
Week 4,29 Aug 2000,10.64184,10.66903

Week 1,05 Sep 2000,10.68381,10.71189
Week 2,12 Sep 2000,10.71840,10.74756
Week 3,19 Sep 2000,10.87869,10.90790
Week 4,26 Sep 2000,10.92740,10.95474

Week 1,03 Oct 2000,10.81373,10.84329
Week 2,10 Oct 2000,11.02063,11.04929
Week 3,17 Oct 2000,11.15686,11.18374
Week 4,24 Oct 2000,11.10417,11.12919

Week 1,31 Oct 2000,11.07081,11.09586
Week 2,07 Nov 2000,11.20031,11.22596
Week 3,14 Nov 2000,11.22241,11.24971
Week 4,21 Nov 2000,11.28180,11.31043

Week 1,28 Nov 2000,11.24983,11.27609
Week 2,05 Dec 2000,11.23046,11.26033
Week 3,12 Dec 2000,11.31389,11.34040
Week 4,19 Dec 2000,11.27806,11.30640

Week 1,26 Dec 2000,11.26281,11.29454
Week 2,02 Jan 2001,11.31961,11.34607
Week 3,09 Jan 2001,11.66703,11.69709
Week 4,16 Jan 2001,11.67523,11.70689

Week 1,23 Jan 2001,11.62746,11.65921
Week 2,30 Jan 2001,11.49083,11.51714
Week 3,06 Feb 2001,11.56343,11.59384
Week 4,13 Feb 2001,11.46061,11.49040

Week 1,20 Feb 2001,11.33807,11.36490
Week 2,27 Feb 2001,8.48264,8.79276
Week 3,06 Mar 2001,8.17045,8.97010
Week 4,13 Mar 2001,7.78569,8.21775

Week 1,20 Mar 2001,8.02293,8.22749
Week 2,27 Mar 2001,7.64525,8.03793
Week 3,03 Apr 2001,6.70617,6.83023
Week 4,10 Apr 2001,6.52688,6.74015

Week 1,17 Apr 2001,6.55439,6.69340
Week 2,24 Apr 2001,6.73321,6.88377
Week 3,01 May 2001,6.88667,7.12300
Week 4,08 May 2001,6.85876,7.00470

Week 1,15 May 2001,7.02557,7.14358
Week 2,22 May 2001,7.03134,7.14977
Week 3,29 May 2001,6.87688,7.06348
Week 4,05 Jun 2001,6.87504,7.01046

Week 1,12 Jun 2001,6.64408,6.75670
Week 2,19 Jun 2001,6.27455,6.42979
Week 3,26 Jun 2001,6.28010,6.40507
Week 4,03 Jul 2001,6.10737,6.33431

Week 1,10 Jul 2001,6.04423,6.26065
Week 2,17 Jul 2001,6.08304,6.21627
Week 3,24 Jul 2001,6.13027,6.26632
Week 4,31 Jul 2001,6.08906,6.24626

Week 1,07 Aug 2001,5.94472,6.03923
Week 2,14 Aug 2001,5.79765,5.94042
Week 3,21 Aug 2001,5.72724,5.78387
Week 4,28 Aug 2001,6.03296,6.13124

Week 1,04 Sep 2001,5.97294,6.06343
Week 2,11 Sep 2001,5.84146,5.87846
Week 3,18 Sep 2001,5.65349,5.80083
Week 4,25 Sep 2001,5.66882,5.88045

Week 1,02 Oct 2001,5.70852,5.91547
Week 2,09 Oct 2001,5.62711,5.83080
Week 3,16 Oct 2001,5.52661,5.72372
Week 4,23 Oct 2001,5.72243,5.93043

Week 1,30 Oct 2001,5.86929,6.08385
Week 2,06 Nov 2001,6.02375,6.26278
Week 3,13 Nov 2001,6.15476,6.39395
Week 4,20 Nov 2001,6.54214,6.76945

Week 1,27 Nov 2001,6.68452,6.96074
Week 2,04 Dec 2001,7.23860,7.55318
Week 3,11 Dec 2001,7.96794,8.30780
Week 4,18 Dec 2001,8.25911,8.63663

Week 1,25 Dec 2001,7.99675,8.41711
Week 2,01 Jan 2002,8.31964,8.71507
Week 3,08 Jan 2002,8.07663,8.45294
Week 4,15 Jan 2002,8.25427,8.67623

Week 1,22 Jan 2002,8.24516,8.67295
Week 2,29 Jan 2002,8.54543,8.97821
Week 3,05 Feb 2002,8.28023,8.69866
Week 4,12 Feb 2002,8.25654,8.64974

Week 1,19 Feb 2002,8.09812,8.47408
Week 2,26 Feb 2002,7.96928,8.34044
Week 3,05 Mar 2002,8.09149,8.48176
Week 4,12 Mar 2002,8.41786,8.84752

Week 1,19 Mar 2002,8.38328,8.80658
Week 2,26 Mar 2002,8.30913,8.70335
Week 3,02 Apr 2002,8.26315,8.66197
Week 4,09 Apr 2002,8.36735,8.78777

Week 1,16 Apr 2002,8.34166,8.74541
Week 2,23 Apr 2002,7.83082,8.22157
Week 3,30 Apr 2002,7.59710,7.94839
Week 4,07 May 2002,7.26268,7.60307

Week 1,14 May 2002,6.93466,7.23195
Week 2,21 May 2002,6.92880,7.21967
Week 3,28 May 2002,6.73562,7.02488
Week 4,04 Jun 2002,6.62832,6.91418

Week 1,11 Jun 2002,6.51611,6.79088
Week 2,18 Jun 2002,6.45578,6.72536
Week 3,25 Jun 2002,6.35182,6.60673
Week 4,02 Jul 2002,6.15082,6.38940

Week 1,09 Jul 2002,5.88863,6.10736
Week 2,16 Jul 2002,5.89015,6.09988
Week 3,23 Jul 2002,5.93517,6.14176
Week 4,30 Jul 2002,6.00826,6.22851

Week 1,06 Aug 2002,6.27318,6.49383
Week 2,13 Aug 2002,6.33492,6.55453
Week 3,20 Aug 2002,6.49713,6.72291
Week 4,27 Aug 2002,6.38190,6.61140

Week 1,03 Sep 2002,6.38621,6.63299
Week 2,10 Sep 2002,6.21028,6.43780
Week 3,17 Sep 2002,6.26291,6.47787
Week 4,24 Sep 2002,6.27855,6.49272

Week 1,01 Oct 2002,6.22339,6.45098
Week 2,08 Oct 2002,6.25937,6.48675
Week 3,15 Oct 2002,6.17798,6.39647
Week 4,22 Oct 2002,5.95255,6.16317

Week 1,29 Oct 2002,5.85789,6.06396
Week 2,05 Nov 2002,5.88858,6.12669
Week 3,12 Nov 2002,5.90916,6.12690
Week 4,19 Nov 2002,5.92611,6.14848

Week 1,26 Nov 2002,5.86284,6.09374
Week 2,03 Dec 2002,5.82813,6.05156
Week 3,10 Dec 2002,5.60883,5.84663
Week 4,17 Dec 2002,5.42123,5.61022

Week 1,24 Dec 2002,5.22215,5.41756
Week 2,31 Dec 2002,5.07121,5.27875
Week 3,07 Jan 2003,5.01365,5.20041
Week 4,14 Jan 2003,5.17108,5.35859

Week 1,21 Jan 2003,5.21206,5.38972
Week 2,28 Jan 2003,5.11219,5.27402
Week 3,04 Feb 2003,5.03785,5.22375
Week 4,11 Feb 2003,4.97961,5.15571

Week 1,18 Feb 2003,4.92889,5.13314
Week 2,25 Feb 2003,4.94775,5.12679
Week 3,04 Mar 2003,4.81065,4.98216
Week 4,11 Mar 2003,4.88182,5.04738

Week 1,18 Mar 2003,4.69501,4.84764
Week 2,25 Mar 2003,4.57741,4.74912
Week 3,01 Apr 2003,4.62792,4.80645
Week 4,08 Apr 2003,4.69323,4.85367

Week 1,15 Apr 2003,4.65231,4.81632
Week 2,22 Apr 2003,4.51288,4.66076
Week 3,29 Apr 2003,4.60991,4.76912
Week 4,06 May 2003,4.66588,4.84149

Week 1,13 May 2003,5.00103,5.22076
Week 2,20 May 2003,5.22078,5.40495
Week 3,27 May 2003,5.47391,5.68020
Week 4,03 Jun 2003,5.50416,5.71846

Week 1,10 Jun 2003,5.42582,5.63609
Week 2,17 Jun 2003,5.42591,5.62296
Week 3,24 Jun 2003,5.24181,5.42805
Week 4,01 Jul 2003,5.23948,5.45886

Week 1,08 Jul 2003,5.29664,5.53633
Week 2,15 Jul 2003,5.41127,5.63416
Week 3,22 Jul 2003,5.20945,5.43961
Week 4,29 Jul 2003,5.06782,5.27513

Week 1,05 Aug 2003,5.11828,5.36565
Week 2,12 Aug 2003,5.16001,5.36220
Week 3,19 Aug 2003,5.21529,5.41516
Week 4,26 Aug 2003,5.16452,5.37843

Week 1,02 Sep 2003,5.19933,5.41559
Week 2,09 Sep 2003,5.26092,5.50270
Week 3,16 Sep 2003,5.27937,5.51401
Week 4,23 Sep 2003,5.14235,5.34486

Week 1,30 Sep 2003,4.85708,5.06211
Week 2,07 Oct 2003,4.90622,5.10532
Week 3,14 Oct 2003,4.84444,5.06101
Week 4,21 Oct 2003,4.66532,4.82953

Week 1,28 Oct 2003,4.52160,4.68309
Week 2,04 Nov 2003,4.57714,4.77040
Week 3,11 Nov 2003,4.50921,4.68272
Week 4,18 Nov 2003,4.39523,4.55286

Week 1,25 Nov 2003,4.32667,4.47670
Week 2,02 Dec 2003,4.27794,4.42620
Week 3,09 Dec 2003,4.35870,4.53905
Week 4,16 Dec 2003,4.58182,4.74184

Week 1,23 Dec 2003,4.65800,4.82351
Week 2,30 Dec 2003,4.63928,4.81349
Week 3,06 Jan 2004,4.72751,4.89392
Week 4,13 Jan 2004,5.21049,5.41804

Week 1,20 Jan 2004,5.24030,5.47069
Week 2,27 Jan 2004,5.12783,5.38851
Week 3,03 Feb 2004,5.09861,5.31509
Week 4,10 Feb 2004,4.95323,5.19318

Week 1,17 Feb 2004,4.90814,5.10509
Week 2,24 Feb 2004,4.86984,5.12215
Week 3,02 Mar 2004,4.96631,5.17435
Week 4,09 Mar 2004,4.93754,5.14980

Week 1,16 Mar 2004,4.96280,5.16643
Week 2,23 Mar 2004,4.86180,5.05711
Week 3,30 Mar 2004,4.73803,4.97373
Week 4,06 Apr 2004,4.66177,4.83911

Week 1,13 Apr 2004,4.65711,4.84400
Week 2,20 Apr 2004,4.75788,4.94572
Week 3,27 Apr 2004,4.76534,4.94586
Week 4,04 May 2004,4.60872,4.79596

Week 1,11 May 2004,4.40023,4.55555
Week 2,18 May 2004,4.29124,4.44465
Week 3,25 May 2004,4.27530,4.42727
Week 4,01 Jun 2004,4.24227,4.37782

Week 1,08 Jun 2004,4.30871,4.45477
Week 2,15 Jun 2004,4.26138,4.41817
Week 3,22 Jun 2004,4.14661,4.30428
Week 4,29 Jun 2004,4.10785,4.29321

Week 1,06 Jul 2004,4.15938,4.31365
Week 2,13 Jul 2004,4.12248,4.28203
Week 3,20 Jul 2004,4.09652,4.24534
Week 4,27 Jul 2004,4.17338,4.31510

Week 1,03 Aug 2004,4.15901,4.31033
Week 2,10 Aug 2004,4.25653,4.40282
Week 3,17 Aug 2004,4.37681,4.55033
Week 4,24 Aug 2004,4.35898,4.49771

Week 1,31 Aug 2004,4.31413,4.48134
Week 2,07 Sep 2004,4.32577,4.49787
Week 3,14 Sep 2004,4.27000,4.41676
Week 4,21 Sep 2004,4.21140,4.34767

Week 1,28 Sep 2004,4.19096,4.37191
Week 2,05 Oct 2004,4.28164,4.42350
Week 3,12 Oct 2004,4.28409,4.44200
Week 4,19 Oct 2004,4.15824,4.26160

Week 1,26 Oct 2004,4.12293,4.21109
Week 2,02 Nov 2004,4.14934,4.18045
Week 3,09 Nov 2004,4.19242,4.26631
Week 4,16 Nov 2004,4.12712,4.18523

Week 1,23 Nov 2004,4.07619,4.18921
Week 2,30 Nov 2004,4.04932,4.10823
Week 3,07 Dec 2004,4.05147,4.11221
Week 4,14 Dec 2004,4.05558,4.11793

Week 1,21 Dec 2004,4.06823,4.10385
Week 2,28 Dec 2004,4.12889,4.22741
Week 3,04 Jan 2005,4.30433,4.34548
Week 4,11 Jan 2005,4.39070,4.43801

Week 1,18 Jan 2005,4.44956,4.49676
Week 2,25 Jan 2005,4.43148,4.47359
Week 3,01 Feb 2005,4.57944,4.63281
Week 4,08 Feb 2005,4.61596,4.67303

Week 1,15 Feb 2005,4.51662,4.56428
Week 2,22 Feb 2005,4.46251,4.50979
Week 3,01 Mar 2005,4.58603,4.65637
Week 4,08 Mar 2005,4.55375,4.64083

Week 1,15 Mar 2005,4.56970,4.63769
Week 2,22 Mar 2005,4.55215,4.60446
Week 3,29 Mar 2005,4.56386,4.62305
Week 4,05 Apr 2005,4.52956,4.57741

Week 1,12 Apr 2005,4.55779,4.59512
Week 2,19 Apr 2005,4.46867,4.51043
Week 3,26 Apr 2005,4.37933,4.43748
Week 4,03 May 2005,4.40660,4.48652

Week 1,10 May 2005,4.51946,4.60112
Week 2,17 May 2005,4.65343,4.73345
Week 3,24 May 2005,4.72023,4.79173
Week 4,31 May 2005,4.96611,5.05522

Week 1,07 Jun 2005,4.88813,4.96811
Week 2,14 Jun 2005,4.88055,4.95459
Week 3,21 Jun 2005,4.91197,4.98085
Week 4,28 Jun 2005,4.98909,5.06266

Week 1,05 Jul 2005,5.06287,5.12052
Week 2,12 Jul 2005,4.92910,5.00569
Week 3,19 Jul 2005,4.91148,4.99380
Week 4,26 Jul 2005,4.91540,4.99418

Week 1,02 Aug 2005,4.89141,4.93890
Week 2,09 Aug 2005,4.75238,4.80234
Week 3,16 Aug 2005,4.73272,4.77213
Week 4,23 Aug 2005,4.73357,4.77499

Week 1,30 Aug 2005,4.69362,4.74997
Week 2,06 Sep 2005,4.70383,4.76462
Week 3,13 Sep 2005,4.72223,4.78443
Week 4,20 Sep 2005,4.71658,4.75312

Week 1,27 Sep 2005,4.71236,4.75066
Week 2,04 Oct 2005,4.80019,4.84808
Week 3,11 Oct 2005,4.77829,4.83424
Week 4,18 Oct 2005,4.80828,4.85300

Week 1,25 Oct 2005,4.90367,4.96911
Week 2,01 Nov 2005,4.90281,4.95954
Week 3,08 Nov 2005,4.93183,4.98254
Week 4,15 Nov 2005,4.91312,4.95340

Week 1,22 Nov 2005,4.79572,4.84182
Week 2,29 Nov 2005,4.73503,4.78328
Week 3,06 Dec 2005,4.64945,4.70788
Week 4,13 Dec 2005,4.69485,4.75306

Week 1,20 Dec 2005,4.69652,4.75439
Week 2,27 Dec 2005,4.68081,4.73265
Week 3,03 Jan 2006,4.60535,4.66654
Week 4,10 Jan 2006,4.49600,4.55354

Week 1,17 Jan 2006,4.47364,4.52854
Week 2,24 Jan 2006,4.55835,4.60455
Week 3,31 Jan 2006,4.57261,4.62772
Week 4,07 Feb 2006,4.58597,4.64722

Week 1,14 Feb 2006,4.55641,4.61796
Week 2,21 Feb 2006,4.57531,4.63556
Week 3,28 Feb 2006,4.68176,4.72713
Week 4,07 Mar 2006,4.63974,4.70150

Week 1,14 Mar 2006,4.63610,4.70053
Week 2,21 Mar 2006,4.65766,4.72727
Week 3,28 Mar 2006,4.57649,4.65662
Week 4,04 Apr 2006,4.51642,4.59348

Week 1,11 Apr 2006,4.50432,4.58347
Week 2,18 Apr 2006,4.47055,4.55098
Week 3,25 Apr 2006,4.54841,4.62761
Week 4,02 May 2006,4.54349,4.62671

Week 1,09 May 2006,4.44688,4.52463
Week 2,16 May 2006,4.31949,4.39033
Week 3,23 May 2006,4.24137,4.30930
Week 4,30 May 2006,4.21171,4.27912

Week 1,06 Jun 2006,4.30553,4.35521
Week 2,13 Jun 2006,4.27089,4.33758
Week 3,20 Jun 2006,4.30391,4.36767
Week 4,27 Jun 2006,4.46018,4.52783

Week 1,04 Jul 2006,4.52503,4.59463
Week 2,11 Jul 2006,4.53246,4.60214
Week 3,18 Jul 2006,4.51556,4.56671
Week 4,25 Jul 2006,4.56369,4.61312

Week 1,01 Aug 2006,4.59360,4.66425
Week 2,08 Aug 2006,4.62627,4.70148
Week 3,15 Aug 2006,4.70806,4.77988
Week 4,22 Aug 2006,4.80283,4.87710

Week 1,29 Aug 2006,4.83677,4.91220
Week 2,05 Sep 2006,4.92853,5.00560
Week 3,12 Sep 2006,4.97012,5.04812
Week 4,19 Sep 2006,4.98304,5.06100

Week 1,26 Sep 2006,5.05448,5.13223
Week 2,03 Oct 2006,5.17102,5.24118
Week 3,10 Oct 2006,5.10955,5.18962
Week 4,17 Oct 2006,5.10347,5.18423

Week 1,24 Oct 2006,5.14779,5.22982
Week 2,31 Oct 2006,5.04104,5.12241
Week 3,07 Nov 2006,4.99398,5.07464
Week 4,14 Nov 2006,4.96590,5.04516

Week 1,21 Nov 2006,4.86475,4.94323
Week 2,28 Nov 2006,4.87113,4.95003
Week 3,05 Dec 2006,4.89079,4.97050
Week 4,12 Dec 2006,4.86985,4.94827

Week 1,19 Dec 2006,4.87085,4.94859
Week 2,26 Dec 2006,4.90332,4.98534
Week 3,02 Jan 2007,4.93341,5.02210
Week 4,09 Jan 2007,5.00974,5.08909

Week 1,16 Jan 2007,5.01373,5.09239
Week 2,23 Jan 2007,5.02288,5.09786
Week 3,30 Jan 2007,5.08198,5.15800
Week 4,06 Feb 2007,5.08320,5.16061

Week 1,13 Feb 2007,5.12340,5.20001
Week 2,20 Feb 2007,5.08768,5.16754
Week 3,27 Feb 2007,5.08666,5.14954
Week 4,06 Mar 2007,5.15024,5.22609

Week 1,13 Mar 2007,5.22740,5.30517
Week 2,20 Mar 2007,5.21065,5.29107
Week 3,27 Mar 2007,5.18159,5.26069
Week 4,03 Apr 2007,5.18350,5.26765

Week 1,10 Apr 2007,5.17877,5.25112
Week 2,17 Apr 2007,5.20149,5.28344
Week 3,24 Apr 2007,5.22394,5.30450
Week 4,01 May 2007,5.12545,5.18434

Week 1,08 May 2007,5.14757,5.21768
Week 2,15 May 2007,5.22490,5.29037
Week 3,22 May 2007,5.29680,5.35827
Week 4,29 May 2007,5.35450,5.43047

Week 1,05 Jun 2007,5.36668,5.45134
Week 2,12 Jun 2007,5.39416,5.48019
Week 3,19 Jun 2007,5.41636,5.48261
Week 4,26 Jun 2007,5.36671,5.43365

Week 1,03 Jul 2007,5.36805,5.43000
Week 2,10 Jul 2007,5.42319,5.49164
Week 3,17 Jul 2007,5.40149,5.47600
Week 4,24 Jul 2007,5.42302,5.48501

Week 1,31 Jul 2007,5.51123,5.58225
Week 2,07 Aug 2007,5.51457,5.58197
Week 3,14 Aug 2007,5.42131,5.48059
Week 4,21 Aug 2007,5.40890,5.46922

Week 1,28 Aug 2007,5.44100,5.50767
Week 2,04 Sep 2007,5.50929,5.59765
Week 3,11 Sep 2007,5.59673,5.67640
Week 4,18 Sep 2007,5.67158,5.74241

Week 1,25 Sep 2007,5.64913,5.72436
Week 2,02 Oct 2007,5.70285,5.76966
Week 3,09 Oct 2007,5.68022,5.76010
Week 4,16 Oct 2007,5.61292,5.66555

Week 1,23 Oct 2007,5.48562,5.53534
Week 2,30 Oct 2007,5.52099,5.56851
Week 3,06 Nov 2007,5.49024,5.55606
Week 4,13 Nov 2007,5.60124,5.66742

Week 1,20 Nov 2007,5.62972,5.68415
Week 2,27 Nov 2007,5.72747,5.78925
Week 3,04 Dec 2007,5.71899,5.76027
Week 4,11 Dec 2007,5.73492,5.78342

Week 1,18 Dec 2007,5.81932,5.87962
Week 2,25 Dec 2007,5.82063,5.90166
Week 3,01 Jan 2008,5.81560,5.89616
Week 4,08 Jan 2008,5.87226,5.93433

Week 1,15 Jan 2008,5.87156,5.93086
Week 2,22 Jan 2008,5.91382,5.97237
Week 3,29 Jan 2008,6.18708,6.24987
Week 4,05 Feb 2008,6.37518,6.43583

Week 1,12 Feb 2008,6.35624,6.41660
Week 2,19 Feb 2008,6.39203,6.44151
Week 3,26 Feb 2008,6.37737,6.43741
Week 4,04 Mar 2008,6.40285,6.45139

Week 1,11 Mar 2008,6.37995,6.44105
Week 2,18 Mar 2008,6.51008,6.55369
Week 3,25 Mar 2008,6.32860,6.38986
Week 4,01 Apr 2008,6.06660,6.12477

Week 1,08 Apr 2008,5.99378,6.04180
Week 2,15 Apr 2008,5.92349,5.98000
Week 3,22 Apr 2008,5.90026,5.95738
Week 4,29 Apr 2008,5.93113,5.97144

Week 1,06 May 2008,6.01755,6.05771
Week 2,13 May 2008,6.05588,6.11838
Week 3,20 May 2008,6.11456,6.17451
Week 4,27 May 2008,6.20349,6.26728

Week 1,03 Jun 2008,6.27802,6.32024
Week 2,10 Jun 2008,6.36928,6.43321
Week 3,17 Jun 2008,6.50161,6.54424
Week 4,24 Jun 2008,6.45638,6.51972

Week 1,01 Jul 2008,6.28617,6.34392
Week 2,08 Jul 2008,6.26056,6.32156
Week 3,15 Jul 2008,6.29923,6.36076
Week 4,22 Jul 2008,6.27099,6.33414

Week 1,29 Jul 2008,6.23078,6.29379
Week 2,05 Aug 2008,6.38481,6.43007
Week 3,12 Aug 2008,6.58330,6.64962
Week 4,19 Aug 2008,6.46810,6.52683

Week 1,26 Aug 2008,6.49344,6.53574
Week 2,02 Sep 2008,6.44148,6.49015
Week 3,09 Sep 2008,6.44893,6.48838
Week 4,16 Sep 2008,6.35511,6.40170

Week 1,23 Sep 2008,6.51116,6.55460
Week 2,30 Sep 2008,6.47795,6.51926
Week 3,07 Oct 2008,6.50219,6.53764
Week 4,14 Oct 2008,6.65782,6.70154

Week 1,21 Oct 2008,6.58827,6.65200
Week 2,28 Oct 2008,6.50201,6.56550
Week 3,04 Nov 2008,6.48334,6.52788
Week 4,11 Nov 2008,6.29052,6.34558

Week 1,18 Nov 2008,6.17632,6.21915
Week 2,25 Nov 2008,6.34032,6.38115
Week 3,02 Dec 2008,6.46071,6.51562
Week 4,09 Dec 2008,6.48688,6.53240

Week 1,16 Dec 2008,6.43103,6.46290
Week 2,23 Dec 2008,6.37212,6.43571
Week 3,30 Dec 2008,6.12786,6.19178
Week 4,06 Jan 2009,6.18693,6.22373

Week 1,13 Jan 2009,6.21832,6.24722
Week 2,20 Jan 2009,6.10018,6.12866
Week 3,27 Jan 2009,6.15409,6.18613
Week 4,03 Feb 2009,6.04497,6.06520

Week 1,10 Feb 2009,6.00430,6.04271
Week 2,17 Feb 2009,5.96329,6.00061
Week 3,24 Feb 2009,5.89879,5.93391
Week 4,03 Mar 2009,5.93983,5.97278

Week 1,10 Mar 2009,5.83581,5.87479
Week 2,17 Mar 2009,5.71929,5.75428
Week 3,24 Mar 2009,5.69383,5.72987
Week 4,31 Mar 2009,5.70075,5.73895

Week 1,07 Apr 2009,5.73777,5.77775
Week 2,14 Apr 2009,5.61587,5.65233
Week 3,21 Apr 2009,5.44377,5.47497
Week 4,28 Apr 2009,5.32351,5.35857

Week 1,05 May 2009,5.33543,5.37079
Week 2,12 May 2009,5.44284,5.47784
Week 3,19 May 2009,5.44082,5.47516
Week 4,26 May 2009,5.19566,5.27500

Week 1,02 Jun 2009,5.20182,5.27023
Week 2,09 Jun 2009,5.20333,5.24495
Week 3,16 Jun 2009,5.18652,5.25316
Week 4,23 Jun 2009,5.14785,5.21515

Week 1,30 Jun 2009,5.08293,5.14919
Week 2,07 Jul 2009,5.22049,5.27198
Week 3,14 Jul 2009,5.26898,5.33926
Week 4,21 Jul 2009,5.17946,5.24956

Week 1,28 Jul 2009,5.25004,5.31351
Week 2,04 Aug 2009,5.37072,5.43198
Week 3,11 Aug 2009,5.39148,5.44840
Week 4,18 Aug 2009,5.26231,5.39800

Week 1,25 Aug 2009,5.14673,5.27528
Week 2,01 Sep 2009,5.11886,5.16471
Week 3,08 Sep 2009,5.01377,5.06317
Week 4,15 Sep 2009,4.98818,5.02418

Week 1,22 Sep 2009,4.98707,5.02644
Week 2,29 Sep 2009,5.04196,5.08077
Week 3,06 Oct 2009,5.03940,5.08223
Week 4,13 Oct 2009,5.01518,5.05476

Week 1,20 Oct 2009,5.04380,5.07679
Week 2,27 Oct 2009,5.13682,5.17664
Week 3,03 Nov 2009,5.13591,5.17468
Week 4,10 Nov 2009,5.00723,5.04475

Week 1,17 Nov 2009,5.02749,5.06564
Week 2,24 Nov 2009,4.91509,4.95087
Week 3,01 Dec 2009,4.90411,4.94222
Week 4,08 Dec 2009,4.98076,5.01802

Week 1,15 Dec 2009,4.93122,4.97663
Week 2,22 Dec 2009,4.98275,5.02322
Week 3,29 Dec 2009,4.90867,4.96372
Week 4,05 Jan 2010,4.98156,5.01970

Week 1,12 Jan 2010,5.05203,5.10864
Week 2,19 Jan 2010,5.08394,5.11557
Week 3,26 Jan 2010,5.07235,5.10987
Week 4,02 Feb 2010,5.03882,5.07663

Week 1,09 Feb 2010,5.05814,5.09846
Week 2,16 Feb 2010,5.03887,5.08016
Week 3,23 Feb 2010,4.99757,5.04013
Week 4,02 Mar 2010,4.85321,4.89407

Week 1,09 Mar 2010,4.81403,4.85500
Week 2,16 Mar 2010,4.78411,4.82322
Week 3,23 Mar 2010,4.78290,4.82182
Week 4,30 Mar 2010,4.78167,4.81858

Week 1,06 Apr 2010,4.82851,4.86833
Week 2,13 Apr 2010,4.92681,4.96606
Week 3,20 Apr 2010,4.99125,5.01384
Week 4,27 Apr 2010,4.95199,4.99075

Week 1,04 May 2010,4.92602,4.96489
Week 2,11 May 2010,4.89472,4.93149
Week 3,18 May 2010,4.93500,4.97009
Week 4,25 May 2010,4.89266,4.93165

Week 1,01 Jun 2010,4.84875,4.88327
Week 2,08 Jun 2010,4.84309,4.87672
Week 3,15 Jun 2010,4.83199,4.86317
Week 4,22 Jun 2010,4.80726,4.84201

Week 1,29 Jun 2010,4.85968,4.89614
Week 2,06 Jul 2010,4.88735,4.92534
Week 3,13 Jul 2010,4.88841,4.92651
Week 4,20 Jul 2010,4.89836,4.93861

Week 1,27 Jul 2010,4.83152,4.87107
Week 2,03 Aug 2010,4.83057,4.87151
Week 3,10 Aug 2010,4.79904,4.83775
Week 4,17 Aug 2010,4.81368,4.85385

Week 1,24 Aug 2010,4.79535,4.83510
Week 2,31 Aug 2010,4.78619,4.82757
Week 3,07 Sep 2010,4.76966,4.81130
Week 4,14 Sep 2010,4.74841,4.78771

Week 1,21 Sep 2010,4.73451,4.77436
Week 2,28 Sep 2010,4.76700,4.80783
Week 3,05 Oct 2010,4.81299,4.85594
Week 4,12 Oct 2010,4.82809,4.86990

Week 1,19 Oct 2010,4.84235,4.88239
Week 2,26 Oct 2010,4.86125,4.90139
Week 3,02 Nov 2010,4.86271,4.89843
Week 4,09 Nov 2010,4.82697,4.86348

Week 1,16 Nov 2010,4.81415,4.85129
Week 2,23 Nov 2010,4.78259,4.81706
Week 3,30 Nov 2010,4.67469,4.70970
Week 4,07 Dec 2010,4.58833,4.62574

Week 1,14 Dec 2010,4.47135,4.50863
Week 2,21 Dec 2010,4.35505,4.39390
Week 3,28 Dec 2010,4.27339,4.31198
Week 4,04 Jan 2011,4.30292,4.33584

Week 1,11 Jan 2011,4.38211,4.41377
Week 2,18 Jan 2011,4.46844,4.50232
Week 3,25 Jan 2011,4.45533,4.48765
Week 4,01 Feb 2011,4.51919,4.55137

Week 1,08 Feb 2011,4.55497,4.59410
Week 2,15 Feb 2011,4.54435,4.57623
Week 3,22 Feb 2011,4.42023,4.45018
Week 4,01 Mar 2011,4.30172,4.32620

Week 1,08 Mar 2011,4.32175,4.35474
Week 2,15 Mar 2011,4.40119,4.43634
Week 3,22 Mar 2011,4.40293,4.43652
Week 4,29 Mar 2011,4.37595,4.40771

Week 1,05 Apr 2011,4.38099,4.41521
Week 2,12 Apr 2011,4.44688,4.48044
Week 3,19 Apr 2011,4.42623,4.46111
Week 4,26 Apr 2011,4.34134,4.37712

Week 1,03 May 2011,4.32207,4.35539
Week 2,10 May 2011,4.34295,4.37433
Week 3,17 May 2011,4.35864,4.39566
Week 4,24 May 2011,4.33356,4.36308

Week 1,31 May 2011,4.26048,4.29222
Week 2,07 Jun 2011,4.26754,4.29947
Week 3,14 Jun 2011,4.24904,4.28058
Week 4,21 Jun 2011,4.19186,4.22799

Week 1,28 Jun 2011,4.17556,4.20728
Week 2,05 Jul 2011,4.12104,4.15097
Week 3,12 Jul 2011,4.14799,4.17799
Week 4,19 Jul 2011,4.07981,4.10995

Week 1,26 Jul 2011,3.94166,3.97080
Week 2,02 Aug 2011,3.95827,3.98836
Week 3,09 Aug 2011,4.03407,4.06608
Week 4,16 Aug 2011,4.00631,4.03561

Week 1,23 Aug 2011,4.05588,4.08535
Week 2,30 Aug 2011,4.04111,4.07232
Week 3,06 Sep 2011,4.03788,4.06803
Week 4,13 Sep 2011,4.14589,4.17677

Week 1,20 Sep 2011,4.37191,4.40366
Week 2,27 Sep 2011,4.30540,4.33590
Week 3,04 Oct 2011,4.31110,4.34227
Week 4,11 Oct 2011,4.27239,4.30338

Week 1,18 Oct 2011,4.32563,4.35549
Week 2,25 Oct 2011,4.41456,4.44616
Week 3,01 Nov 2011,4.46712,4.49818
Week 4,08 Nov 2011,4.44031,4.47299

Week 1,15 Nov 2011,4.48652,4.51548
Week 2,22 Nov 2011,4.51327,4.54396
Week 3,29 Nov 2011,4.43256,4.46336
Week 4,06 Dec 2011,4.38360,4.41245

Week 1,13 Dec 2011,4.43205,4.45994
Week 2,20 Dec 2011,4.33042,4.35971
Week 3,27 Dec 2011,4.26749,4.30218
Week 4,03 Jan 2012,4.30735,4.33919

Week 1,10 Jan 2012,4.34641,4.37343
Week 2,17 Jan 2012,4.34144,4.36897
Week 3,24 Jan 2012,4.34984,4.37685
Week 4,31 Jan 2012,4.33359,4.36097

Week 1,07 Feb 2012,4.33139,4.36090
Week 2,14 Feb 2012,4.37921,4.40690
Week 3,21 Feb 2012,4.34669,4.37507
Week 4,28 Feb 2012,4.25545,4.28201

Week 1,06 Mar 2012,4.23518,4.26218
Week 2,13 Mar 2012,4.21067,4.23825
Week 3,20 Mar 2012,4.21706,4.24538
Week 4,27 Mar 2012,4.27636,4.30347

Week 1,03 Apr 2012,4.34037,4.36877
Week 2,10 Apr 2012,4.39596,4.42335
Week 3,17 Apr 2012,4.36698,4.39404
Week 4,24 Apr 2012,4.37187,4.40019

Week 1,01 May 2012,4.40448,4.43179
Week 2,08 May 2012,4.47250,4.49999
Week 3,15 May 2012,4.53442,4.56029
Week 4,22 May 2012,4.51967,4.54612

Week 1,29 May 2012,4.56967,4.59582
Week 2,05 Jun 2012,4.57097,4.59867
Week 3,12 Jun 2012,4.59557,4.62320
Week 4,19 Jun 2012,4.58973,4.61712

Week 1,26 Jun 2012,4.57556,4.60441
Week 2,03 Jul 2012,4.51014,4.52394
Week 3,10 Jul 2012,4.54408,4.55858
Week 4,17 Jul 2012,4.54525,4.55819

Week 1,24 Jul 2012,4.56964,4.58275
Week 2,31 Jul 2012,4.57993,4.59381
Week 3,07 Aug 2012,4.54864,4.56292
Week 4,14 Aug 2012,4.56893,4.58339

Week 1,21 Aug 2012,4.62731,4.64040
Week 2,28 Aug 2012,4.63245,4.64485
Week 3,04 Sep 2012,4.58293,4.59553
Week 4,11 Sep 2012,4.56415,4.57572

Week 1,18 Sep 2012,4.59435,4.60718
Week 2,25 Sep 2012,4.59799,4.60980
Week 3,02 Oct 2012,4.73660,4.74844
Week 4,09 Oct 2012,4.82144,4.83433

Week 1,16 Oct 2012,4.81548,4.82861
Week 2,23 Oct 2012,4.82247,4.83444
Week 3,30 Oct 2012,4.83982,4.85214
Week 4,06 Nov 2012,4.86652,4.87814

Week 1,13 Nov 2012,4.90149,4.91319
Week 2,20 Nov 2012,4.94102,4.95238
Week 3,27 Nov 2012,4.94214,4.95349
Week 4,04 Dec 2012,4.88816,4.89933

Week 1,11 Dec 2012,4.84850,4.85954
Week 2,18 Dec 2012,4.77256,4.78394
Week 3,25 Dec 2012,4.75331,4.76662
Week 4,01 Jan 2013,4.77623,4.78821

Week 1,08 Jan 2013,4.86429,4.87587
Week 2,15 Jan 2013,4.99104,5.00280
Week 3,22 Jan 2013,5.05571,5.06708
Week 4,29 Jan 2013,5.08559,5.09670

Week 1,05 Feb 2013,5.02801,5.03799
Week 2,12 Feb 2013,5.00896,5.01985
Week 3,19 Feb 2013,4.96519,4.97522
Week 4,26 Feb 2013,4.96115,4.97215

Week 1,05 Mar 2013,5.04673,5.05708
Week 2,12 Mar 2013,5.07400,5.08584
Week 3,19 Mar 2013,5.10034,5.11145
Week 4,26 Mar 2013,5.09591,5.10913

Week 1,02 Apr 2013,5.07960,5.09007
Week 2,09 Apr 2013,5.00010,5.01197
Week 3,16 Apr 2013,5.10017,5.11134
Week 4,23 Apr 2013,5.07683,5.08862

Week 1,30 Apr 2013,4.99423,5.00596
Week 2,07 May 2013,5.02419,5.03593
Week 3,14 May 2013,5.08655,5.09759
Week 4,21 May 2013,5.16106,5.17423

Week 1,28 May 2013,5.29499,5.31434
Week 2,04 Jun 2013,5.26520,5.28001
Week 3,11 Jun 2013,5.33313,5.35295
Week 4,18 Jun 2013,5.27869,5.29524

Week 1,25 Jun 2013,5.17009,5.18665
Week 2,02 Jul 2013,5.15955,5.17760
Week 3,09 Jul 2013,5.13655,5.15412
Week 4,16 Jul 2013,5.12868,5.14680

Week 1,23 Jul 2013,5.08456,5.10015
Week 2,30 Jul 2013,5.09870,5.11230
Week 3,06 Aug 2013,5.11176,5.12936
Week 4,13 Aug 2013,5.15358,5.16709

Week 1,20 Aug 2013,5.17737,5.19011
Week 2,27 Aug 2013,5.07674,5.09290
Week 3,03 Sep 2013,4.95868,4.97577
Week 4,10 Sep 2013,4.90747,4.92423

Week 1,17 Sep 2013,4.93758,4.95018
Week 2,24 Sep 2013,4.94692,4.96334
Week 3,01 Oct 2013,5.00247,5.01618
Week 4,08 Oct 2013,5.00146,5.01861

Week 1,15 Oct 2013,4.98457,4.99952
Week 2,22 Oct 2013,4.94767,4.96071
Week 3,29 Oct 2013,4.99538,5.01052
Week 4,05 Nov 2013,5.04264,5.05803

Week 1,12 Nov 2013,5.02956,5.04234
Week 2,19 Nov 2013,5.01984,5.03319
Week 3,26 Nov 2013,5.03442,5.04841
Week 4,03 Dec 2013,5.07684,5.09327

Week 1,10 Dec 2013,5.07222,5.08657
Week 2,17 Dec 2013,5.00920,5.02234
Week 3,24 Dec 2013,4.91166,4.93028
Week 4,31 Dec 2013,4.89311,4.91125

Week 1,07 Jan 2014,4.91261,4.92425
Week 2,14 Jan 2014,4.91415,4.92683
Week 3,21 Jan 2014,4.79121,4.80591
Week 4,28 Jan 2014,4.91099,4.92905

Week 1,04 Feb 2014,4.95830,4.97622
Week 2,11 Feb 2014,4.99475,5.01023
Week 3,18 Feb 2014,4.99124,5.00749
Week 4,25 Feb 2014,4.87280,4.88719

Week 1,04 Mar 2014,4.86022,4.87238
Week 2,11 Mar 2014,4.83009,4.84394
Week 3,18 Mar 2014,4.84930,4.86412
Week 4,25 Mar 2014,4.83936,4.84984

Week 1,01 Apr 2014,4.95747,4.97236
Week 2,08 Apr 2014,4.95563,4.97101
Week 3,15 Apr 2014,4.93376,4.94843
Week 4,22 Apr 2014,4.95228,4.96360

Week 1,29 Apr 2014,4.97771,4.98849
Week 2,06 May 2014,4.99355,5.00389
Week 3,13 May 2014,4.95828,4.96682
Week 4,20 May 2014,4.94731,4.96306

Week 1,27 May 2014,4.99275,5.00307
Week 2,03 Jun 2014,5.07703,5.08755
Week 3,10 Jun 2014,5.07172,5.08235
Week 4,17 Jun 2014,5.00111,5.01279

Week 1,24 Jun 2014,4.97307,4.98367
Week 2,01 Jul 2014,5.02587,5.03825
Week 3,08 Jul 2014,5.04239,5.05337
Week 4,15 Jul 2014,5.02105,5.03196

Week 1,22 Jul 2014,5.01695,5.02782
Week 2,29 Jul 2014,5.00655,5.01737
Week 3,05 Aug 2014,4.97332,4.98417
Week 4,12 Aug 2014,4.90691,4.91688

Week 1,19 Aug 2014,4.90263,4.91741
Week 2,26 Aug 2014,4.91866,4.93028
Week 3,02 Sep 2014,4.94397,4.95281
Week 4,09 Sep 2014,4.96553,4.97756

Week 1,16 Sep 2014,4.95261,4.96714
Week 2,23 Sep 2014,4.96257,4.97193
Week 3,30 Sep 2014,4.93737,4.94931
Week 4,07 Oct 2014,4.88768,4.89869

Week 1,14 Oct 2014,4.89401,4.90374
Week 2,21 Oct 2014,4.89984,4.91086
Week 3,28 Oct 2014,4.92467,4.93844
Week 4,04 Nov 2014,4.96873,4.97879

Week 1,11 Nov 2014,4.97255,4.98661
Week 2,18 Nov 2014,4.94297,4.95232
Week 3,25 Nov 2014,4.94847,4.96151
Week 4,02 Dec 2014,4.99411,5.00868

Week 1,09 Dec 2014,5.06048,5.07076
Week 2,16 Dec 2014,4.97468,4.99051
Week 3,23 Dec 2014,4.99773,5.01985
Week 4,30 Dec 2014,4.97726,4.99522

Week 1,06 Jan 2015,5.01795,5.03174
Week 2,13 Jan 2015,4.99166,5.00554
Week 3,20 Jan 2015,4.89622,4.91153
Week 4,27 Jan 2015,4.81153,4.82374

Week 1,03 Feb 2015,4.67954,4.69562
Week 2,10 Feb 2015,4.71193,4.72312
Week 3,17 Feb 2015,4.73617,4.75369
Week 4,24 Feb 2015,4.64528,4.65993

Week 1,03 Mar 2015,4.59757,4.61196
Week 2,10 Mar 2015,4.68984,4.70168
Week 3,17 Mar 2015,4.69663,4.71240
Week 4,24 Mar 2015,4.61699,4.62981

Week 1,31 Mar 2015,4.61371,4.62546
Week 2,07 Apr 2015,4.55903,4.57440
Week 3,14 Apr 2015,4.49434,4.50649
Week 4,21 Apr 2015,4.47633,4.48955

Week 1,28 Apr 2015,4.44676,4.46272
Week 2,05 May 2015,4.43388,4.45237
Week 3,12 May 2015,4.52334,4.53746
Week 4,19 May 2015,4.57525,4.58886

Week 1,26 May 2015,4.56139,4.57107
Week 2,02 Jun 2015,4.62104,4.63827
Week 3,09 Jun 2015,4.53684,4.55362
Week 4,16 Jun 2015,4.51838,4.53045

Week 1,23 Jun 2015,4.54781,4.55861
Week 2,30 Jun 2015,4.55268,4.56831
Week 3,07 Jul 2015,4.64375,4.65735
Week 4,14 Jul 2015,4.66940,4.68059

Week 1,21 Jul 2015,4.59558,4.60673
Week 2,28 Jul 2015,4.55865,4.57145
Week 3,04 Aug 2015,4.56061,4.56940
Week 4,11 Aug 2015,4.55179,4.56364

Week 1,18 Aug 2015,4.44429,4.45506
Week 2,25 Aug 2015,4.48789,4.50381
Week 3,01 Sep 2015,4.57563,4.58910
Week 4,08 Sep 2015,4.51195,4.52581

Week 1,15 Sep 2015,4.42451,4.43741
Week 2,22 Sep 2015,4.52806,4.54281
Week 3,29 Sep 2015,4.58249,4.59349
Week 4,06 Oct 2015,4.57130,4.58286

Week 1,13 Oct 2015,4.53226,4.54602
Week 2,20 Oct 2015,4.62994,4.64313
Week 3,27 Oct 2015,4.71780,4.72951
Week 4,03 Nov 2015,4.84942,4.85858

Week 1,10 Nov 2015,4.94381,4.95553
Week 2,17 Nov 2015,4.94734,4.96430
Week 3,24 Nov 2015,4.90393,4.91711
Week 4,01 Dec 2015,4.95923,4.97664

Week 1,08 Dec 2015,5.15680,5.17333
Week 2,15 Dec 2015,5.12276,5.14148
Week 3,22 Dec 2015,5.19844,5.21912
Week 4,29 Dec 2015,5.28156,5.29591

Week 1,05 Jan 2016,5.31399,5.32816
Week 2,12 Jan 2016,5.46475,5.48292
Week 3,19 Jan 2016,5.49298,5.50920
Week 4,26 Jan 2016,5.42245,5.44231

Week 1,02 Feb 2016,5.45322,5.46829
Week 2,09 Feb 2016,5.42792,5.44604
Week 3,16 Feb 2016,5.25273,5.27028
Week 4,23 Feb 2016,5.28888,5.30637

Week 1,01 Mar 2016,5.32094,5.33565
Week 2,08 Mar 2016,5.27761,5.29243
Week 3,15 Mar 2016,5.37693,5.39314
Week 4,22 Mar 2016,5.34272,5.35878

Week 1,29 Mar 2016,5.26940,5.28615
Week 2,05 Apr 2016,5.27356,5.29016
Week 3,12 Apr 2016,5.13243,5.14945
Week 4,19 Apr 2016,5.05839,5.07488

Week 1,26 Apr 2016,5.08388,5.10068
Week 2,03 May 2016,5.09377,5.10781
Week 3,10 May 2016,5.13086,5.14494
Week 4,17 May 2016,5.25773,5.26936

Week 1,24 May 2016,5.29050,5.30334
Week 2,31 May 2016,5.27050,5.28322
Week 3,07 Jun 2016,5.14635,5.16499
Week 4,14 Jun 2016,5.19216,5.20998

Week 1,21 Jun 2016,5.09675,5.12025
Week 2,28 Jun 2016,5.11166,5.13186
Week 3,05 Jul 2016,5.01465,5.04007
Week 4,12 Jul 2016,4.91820,4.94223

Week 1,19 Jul 2016,4.69163,4.71404
Week 2,26 Jul 2016,4.68187,4.70055
Week 3,02 Aug 2016,4.59964,4.61745
Week 4,09 Aug 2016,4.53102,4.55030

Week 1,16 Aug 2016,4.56594,4.58513
Week 2,23 Aug 2016,4.75660,4.77713
Week 3,30 Aug 2016,4.90165,4.92062
Week 4,06 Sep 2016,4.82258,4.83887

Week 1,13 Sep 2016,4.78624,4.80450
Week 2,20 Sep 2016,4.63501,4.65271
Week 3,27 Sep 2016,4.57095,4.58763
Week 4,04 Oct 2016,4.52455,4.53877

Week 1,11 Oct 2016,4.59680,4.61297
Week 2,18 Oct 2016,4.53533,4.55169
Week 3,25 Oct 2016,4.47094,4.48793
Week 4,01 Nov 2016,4.32509,4.34187

Week 1,08 Nov 2016,4.29028,4.31365
Week 2,15 Nov 2016,4.30358,4.32265
Week 3,22 Nov 2016,4.13919,4.15974
Week 4,29 Nov 2016,4.00476,4.02209

Week 1,06 Dec 2016,3.94630,3.96369
Week 2,13 Dec 2016,3.95324,3.97264
Week 3,20 Dec 2016,3.97842,3.99972
Week 4,27 Dec 2016,3.90839,3.93473

Week 1,03 Jan 2017,3.80225,3.82469
Week 2,10 Jan 2017,3.61157,3.62700
Week 3,17 Jan 2017,3.57893,3.59574
Week 4,24 Jan 2017,3.49844,3.51462

Week 1,31 Jan 2017,3.56387,3.58131
Week 2,07 Feb 2017,3.60475,3.62306
Week 3,14 Feb 2017,3.57594,3.59287
Week 4,21 Feb 2017,3.60107,3.61371

Week 1,28 Feb 2017,3.54885,3.56298
Week 2,07 Mar 2017,3.51363,3.52846
Week 3,14 Mar 2017,3.49998,3.51488
Week 4,21 Mar 2017,3.46150,3.46940

Week 1,28 Mar 2017,3.59719,3.61110
Week 2,04 Apr 2017,3.70584,3.72023
Week 3,11 Apr 2017,3.66038,3.67966
Week 4,18 Apr 2017,3.61112,3.62676

Week 1,25 Apr 2017,3.69725,3.71226
Week 2,02 May 2017,3.78243,3.79437
Week 3,09 May 2017,3.75229,3.76892
Week 4,16 May 2017,3.69753,3.71068

Week 1,23 May 2017,3.63350,3.64433
Week 2,30 May 2017,3.65492,3.66939
Week 3,06 Jun 2017,3.63582,3.65110
Week 4,13 Jun 2017,3.63930,3.65213

Week 1,20 Jun 2017,3.68121,3.69508
Week 2,27 Jun 2017,3.69115,3.70509
Week 3,04 Jul 2017,3.70282,3.71316
Week 4,11 Jul 2017,3.70211,3.71187

Week 1,18 Jul 2017,3.66138,3.67029
Week 2,25 Jul 2017,3.66351,3.67552
Week 3,01 Aug 2017,3.76428,3.77409
Week 4,08 Aug 2017,3.78570,3.79535

Week 1,15 Aug 2017,3.75124,3.76202
Week 2,22 Aug 2017,3.77432,3.78468
Week 3,29 Aug 2017,3.76898,3.77952
Week 4,05 Sep 2017,3.76402,3.77527

Week 1,12 Sep 2017,3.80584,3.81612
Week 2,19 Sep 2017,3.79341,3.80549
Week 3,26 Sep 2017,3.78284,3.79071
Week 4,03 Oct 2017,3.79900,3.80795

Week 1,10 Oct 2017,3.67929,3.68817
Week 2,17 Oct 2017,3.68632,3.69422
Week 3,24 Oct 2017,3.71239,3.71947
Week 4,31 Oct 2017,3.68417,3.69212

Week 1,07 Nov 2017,3.68675,3.69375
Week 2,14 Nov 2017,3.66546,3.67474
Week 3,21 Nov 2017,3.54610,3.55798
Week 4,28 Nov 2017,3.49095,3.49902

Week 1,05 Dec 2017,3.49864,3.50470



