AUD->USD


Week 1,01 Dec 1998,1.59802,1.59963
Week 2,08 Dec 1998,1.61410,1.61560
Week 3,15 Dec 1998,1.60803,1.60991
Week 4,22 Dec 1998,1.63582,1.63780

Week 1,29 Dec 1998,1.62903,1.63056
Week 2,05 Jan 1999,1.58321,1.58473
Week 3,12 Jan 1999,1.57677,1.57827
Week 4,19 Jan 1999,1.57181,1.57328

Week 1,26 Jan 1999,1.58577,1.58732
Week 2,02 Feb 1999,1.54535,1.54666
Week 3,09 Feb 1999,1.54646,1.54786
Week 4,16 Feb 1999,1.56623,1.56774

Week 1,23 Feb 1999,1.59858,1.60011
Week 2,02 Mar 1999,1.59810,1.59959
Week 3,09 Mar 1999,1.57467,1.57626
Week 4,16 Mar 1999,1.58818,1.58998

Week 1,23 Mar 1999,1.57097,1.57245
Week 2,30 Mar 1999,1.57953,1.58133
Week 3,06 Apr 1999,1.58655,1.58817
Week 4,13 Apr 1999,1.55452,1.55595

Week 1,20 Apr 1999,1.53662,1.53820
Week 2,27 Apr 1999,1.52071,1.52203
Week 3,04 May 1999,1.49762,1.49913
Week 4,11 May 1999,1.50023,1.50174

Week 1,18 May 1999,1.51003,1.51153
Week 2,25 May 1999,1.53330,1.53485
Week 3,01 Jun 1999,1.53275,1.53434
Week 4,08 Jun 1999,1.50879,1.51045

Week 1,15 Jun 1999,1.52478,1.52641
Week 2,22 Jun 1999,1.51720,1.51883
Week 3,29 Jun 1999,1.50208,1.50369
Week 4,06 Jul 1999,1.50171,1.50342

Week 1,13 Jul 1999,1.51418,1.51608
Week 2,20 Jul 1999,1.54169,1.54326
Week 3,27 Jul 1999,1.54057,1.54234
Week 4,03 Aug 1999,1.52867,1.53034

Week 1,10 Aug 1999,1.53403,1.53560
Week 2,17 Aug 1999,1.56109,1.56291
Week 3,24 Aug 1999,1.57976,1.58155
Week 4,31 Aug 1999,1.55497,1.55684

Week 1,07 Sep 1999,1.53521,1.53674
Week 2,14 Sep 1999,1.54167,1.54335
Week 3,21 Sep 1999,1.53744,1.53910
Week 4,28 Sep 1999,1.52567,1.52735

Week 1,05 Oct 1999,1.51997,1.52159
Week 2,12 Oct 1999,1.53960,1.54113
Week 3,19 Oct 1999,1.54033,1.54196
Week 4,26 Oct 1999,1.55611,1.55772

Week 1,02 Nov 1999,1.56299,1.56489
Week 2,09 Nov 1999,1.55390,1.55574
Week 3,16 Nov 1999,1.56167,1.56328
Week 4,23 Nov 1999,1.57188,1.57384

Week 1,30 Nov 1999,1.57691,1.57851
Week 2,07 Dec 1999,1.57068,1.57255
Week 3,14 Dec 1999,1.56048,1.56229
Week 4,21 Dec 1999,1.55204,1.55376

Week 1,28 Dec 1999,1.53373,1.53538
Week 2,04 Jan 2000,1.52406,1.52535
Week 3,11 Jan 2000,1.50879,1.51013
Week 4,18 Jan 2000,1.50469,1.50591

Week 1,25 Jan 2000,1.54696,1.54860
Week 2,01 Feb 2000,1.57028,1.57244
Week 3,08 Feb 2000,1.58266,1.58419
Week 4,15 Feb 2000,1.58782,1.58961

Week 1,22 Feb 2000,1.61340,1.61493
Week 2,29 Feb 2000,1.63962,1.64099
Week 3,07 Mar 2000,1.63698,1.63838
Week 4,14 Mar 2000,1.63638,1.63811

Week 1,21 Mar 2000,1.64541,1.64703
Week 2,28 Mar 2000,1.63726,1.63962
Week 3,04 Apr 2000,1.65691,1.65941
Week 4,11 Apr 2000,1.67326,1.67519

Week 1,18 Apr 2000,1.68424,1.68630
Week 2,25 Apr 2000,1.69922,1.70108
Week 3,02 May 2000,1.68905,1.69088
Week 4,09 May 2000,1.71927,1.72169

Week 1,16 May 2000,1.74412,1.74588
Week 2,23 May 2000,1.74652,1.74833
Week 3,30 May 2000,1.73485,1.73713
Week 4,06 Jun 2000,1.70006,1.70171

Week 1,13 Jun 2000,1.66159,1.66326
Week 2,20 Jun 2000,1.67098,1.67262
Week 3,27 Jun 2000,1.66813,1.66956
Week 4,04 Jul 2000,1.68509,1.68682

Week 1,11 Jul 2000,1.70505,1.70660
Week 2,18 Jul 2000,1.71116,1.71274
Week 3,25 Jul 2000,1.69883,1.70090
Week 4,01 Aug 2000,1.71229,1.71450

Week 1,08 Aug 2000,1.71915,1.72108
Week 2,15 Aug 2000,1.69815,1.69994
Week 3,22 Aug 2000,1.73444,1.73595
Week 4,29 Aug 2000,1.73819,1.74057

Week 1,05 Sep 2000,1.77657,1.77928
Week 2,12 Sep 2000,1.81298,1.81502
Week 3,19 Sep 2000,1.83880,1.84049
Week 4,26 Sep 2000,1.82679,1.82846

Week 1,03 Oct 2000,1.85266,1.85936
Week 2,10 Oct 2000,1.87926,1.88103
Week 3,17 Oct 2000,1.90439,1.90631
Week 4,24 Oct 2000,1.91242,1.91425

Week 1,31 Oct 2000,1.90843,1.91036
Week 2,07 Nov 2000,1.90817,1.90999
Week 3,14 Nov 2000,1.92237,1.92422
Week 4,21 Nov 2000,1.92189,1.92374

Week 1,28 Nov 2000,1.88626,1.88824
Week 2,05 Dec 2000,1.83095,1.83262
Week 3,12 Dec 2000,1.84117,1.84286
Week 4,19 Dec 2000,1.80961,1.81143

Week 1,26 Dec 2000,1.79087,1.79275
Week 2,02 Jan 2001,1.76941,1.77098
Week 3,09 Jan 2001,1.78404,1.78561
Week 4,16 Jan 2001,1.80005,1.80167

Week 1,23 Jan 2001,1.82709,1.82876
Week 2,30 Jan 2001,1.81626,1.81791
Week 3,06 Feb 2001,1.84749,1.84941
Week 4,13 Feb 2001,1.88493,1.88670

Week 1,20 Feb 2001,1.90240,1.90438
Week 2,27 Feb 2001,1.89415,1.89625
Week 3,06 Mar 2001,1.94822,1.95023
Week 4,13 Mar 2001,2.00733,2.00935

Week 1,20 Mar 2001,2.01323,2.01567
Week 2,27 Mar 2001,2.02716,2.02943
Week 3,03 Apr 2001,2.03705,2.03928
Week 4,10 Apr 2001,1.98281,1.98510

Week 1,17 Apr 2001,1.95518,1.95739
Week 2,24 Apr 2001,1.96873,1.97078
Week 3,01 May 2001,1.92831,1.93032
Week 4,08 May 2001,1.91793,1.91988

Week 1,15 May 2001,1.90132,1.90318
Week 2,22 May 2001,1.91986,1.92177
Week 3,29 May 2001,1.95509,1.95702
Week 4,05 Jun 2001,1.92748,1.92934

Week 1,12 Jun 2001,1.90279,1.90460
Week 2,19 Jun 2001,1.92789,1.92975
Week 3,26 Jun 2001,1.94529,1.94723
Week 4,03 Jul 2001,1.95032,1.95233

Week 1,10 Jul 2001,1.97011,1.97209
Week 2,17 Jul 2001,1.96251,1.96444
Week 3,24 Jul 2001,1.96627,1.96820
Week 4,31 Jul 2001,1.94147,1.94362

Week 1,07 Aug 2001,1.94098,1.94287
Week 2,14 Aug 2001,1.89064,1.89292
Week 3,21 Aug 2001,1.87140,1.87324
Week 4,28 Aug 2001,1.88653,1.88831

Week 1,04 Sep 2001,1.91631,1.91827
Week 2,11 Sep 2001,1.93377,1.93550
Week 3,18 Sep 2001,2.03238,2.03495
Week 4,25 Sep 2001,2.03323,2.03505

Week 1,02 Oct 2001,1.99477,1.99655
Week 2,09 Oct 2001,1.98174,1.98369
Week 3,16 Oct 2001,1.95787,1.95916
Week 4,23 Oct 2001,1.97825,1.97973

Week 1,30 Oct 2001,1.97255,1.97412
Week 2,06 Nov 2001,1.94497,1.94691
Week 3,13 Nov 2001,1.91861,1.92012
Week 4,20 Nov 2001,1.92884,1.93070

Week 1,27 Nov 2001,1.91939,1.92081
Week 2,04 Dec 2001,1.93761,1.93898
Week 3,11 Dec 2001,1.92903,1.93051
Week 4,18 Dec 2001,1.95829,1.95981

Week 1,25 Dec 2001,1.96186,1.96346
Week 2,01 Jan 2002,1.93701,1.93921
Week 3,08 Jan 2002,1.91634,1.91789
Week 4,15 Jan 2002,1.93831,1.93987

Week 1,22 Jan 2002,1.93142,1.93284
Week 2,29 Jan 2002,1.96090,1.96240
Week 3,05 Feb 2002,1.95989,1.96121
Week 4,12 Feb 2002,1.94374,1.94531

Week 1,19 Feb 2002,1.93800,1.93947
Week 2,26 Feb 2002,1.93412,1.93556
Week 3,05 Mar 2002,1.91285,1.91430
Week 4,12 Mar 2002,1.91011,1.91140

Week 1,19 Mar 2002,1.89094,1.89226
Week 2,26 Mar 2002,1.88083,1.88235
Week 3,02 Apr 2002,1.87998,1.88140
Week 4,09 Apr 2002,1.87829,1.87975

Week 1,16 Apr 2002,1.86002,1.86151
Week 2,23 Apr 2002,1.84249,1.84387
Week 3,30 Apr 2002,1.85524,1.85634
Week 4,07 May 2002,1.84278,1.84410

Week 1,14 May 2002,1.81715,1.81858
Week 2,21 May 2002,1.79548,1.79672
Week 3,28 May 2002,1.77253,1.77399
Week 4,04 Jun 2002,1.74599,1.74732

Week 1,11 Jun 2002,1.76705,1.76846
Week 2,18 Jun 2002,1.75589,1.75706
Week 3,25 Jun 2002,1.76848,1.76937
Week 4,02 Jul 2002,1.78764,1.78902

Week 1,09 Jul 2002,1.77969,1.78095
Week 2,16 Jul 2002,1.79792,1.79902
Week 3,23 Jul 2002,1.85204,1.85343
Week 4,30 Jul 2002,1.84860,1.84997

Week 1,06 Aug 2002,1.87400,1.87559
Week 2,13 Aug 2002,1.84403,1.84553
Week 3,20 Aug 2002,1.83920,1.84039
Week 4,27 Aug 2002,1.81634,1.81754

Week 1,03 Sep 2002,1.82698,1.82842
Week 2,10 Sep 2002,1.81841,1.81991
Week 3,17 Sep 2002,1.82599,1.82753
Week 4,24 Sep 2002,1.83729,1.83869

Week 1,01 Oct 2002,1.83333,1.83462
Week 2,08 Oct 2002,1.82297,1.82427
Week 3,15 Oct 2002,1.82039,1.82165
Week 4,22 Oct 2002,1.80244,1.80360

Week 1,29 Oct 2002,1.79388,1.79522
Week 2,05 Nov 2002,1.77338,1.77468
Week 3,12 Nov 2002,1.77805,1.77938
Week 4,19 Nov 2002,1.77835,1.77964

Week 1,26 Nov 2002,1.78583,1.78696
Week 2,03 Dec 2002,1.78312,1.78442
Week 3,10 Dec 2002,1.77376,1.77498
Week 4,17 Dec 2002,1.76971,1.77099

Week 1,24 Dec 2002,1.77833,1.77970
Week 2,31 Dec 2002,1.77030,1.77154
Week 3,07 Jan 2003,1.72665,1.72780
Week 4,14 Jan 2003,1.70005,1.70127

Week 1,21 Jan 2003,1.69282,1.69391
Week 2,28 Jan 2003,1.69900,1.70003
Week 3,04 Feb 2003,1.69470,1.69584
Week 4,11 Feb 2003,1.68936,1.69040

Week 1,18 Feb 2003,1.68008,1.68112
Week 2,25 Feb 2003,1.64704,1.64815
Week 3,04 Mar 2003,1.62798,1.62903
Week 4,11 Mar 2003,1.66477,1.66591

Week 1,18 Mar 2003,1.68865,1.68975
Week 2,25 Mar 2003,1.66877,1.67000
Week 3,01 Apr 2003,1.66071,1.66196
Week 4,08 Apr 2003,1.65549,1.65688

Week 1,15 Apr 2003,1.63402,1.63556
Week 2,22 Apr 2003,1.61900,1.62031
Week 3,29 Apr 2003,1.59352,1.59480
Week 4,06 May 2003,1.55780,1.55901

Week 1,13 May 2003,1.53837,1.53955
Week 2,20 May 2003,1.51981,1.52094
Week 3,27 May 2003,1.52884,1.53001
Week 4,03 Jun 2003,1.51368,1.51483

Week 1,10 Jun 2003,1.50570,1.50681
Week 2,17 Jun 2003,1.49355,1.49466
Week 3,24 Jun 2003,1.50153,1.50260
Week 4,01 Jul 2003,1.47351,1.47457

Week 1,08 Jul 2003,1.51021,1.51125
Week 2,15 Jul 2003,1.53406,1.53524
Week 3,22 Jul 2003,1.51533,1.51648
Week 4,29 Jul 2003,1.52765,1.52882

Week 1,05 Aug 2003,1.53811,1.53929
Week 2,12 Aug 2003,1.51806,1.51922
Week 3,19 Aug 2003,1.52636,1.52752
Week 4,26 Aug 2003,1.54868,1.54988

Week 1,02 Sep 2003,1.55142,1.55278
Week 2,09 Sep 2003,1.51584,1.51699
Week 3,16 Sep 2003,1.49615,1.49725
Week 4,23 Sep 2003,1.47773,1.47879

Week 1,30 Sep 2003,1.46777,1.46882
Week 2,07 Oct 2003,1.44950,1.45051
Week 3,14 Oct 2003,1.44766,1.44882
Week 4,21 Oct 2003,1.42958,1.43054

Week 1,28 Oct 2003,1.41590,1.41684
Week 2,04 Nov 2003,1.41563,1.41660
Week 3,11 Nov 2003,1.39137,1.39230
Week 4,18 Nov 2003,1.38522,1.38615

Week 1,25 Nov 2003,1.38443,1.38532
Week 2,02 Dec 2003,1.36137,1.36225
Week 3,09 Dec 2003,1.34977,1.35055
Week 4,16 Dec 2003,1.35091,1.35176

Week 1,23 Dec 2003,1.35135,1.35223
Week 2,30 Dec 2003,1.32803,1.32889
Week 3,06 Jan 2004,1.29383,1.29462
Week 4,13 Jan 2004,1.29703,1.29782

Week 1,20 Jan 2004,1.29857,1.29934
Week 2,27 Jan 2004,1.30395,1.30471
Week 3,03 Feb 2004,1.30632,1.30717
Week 4,10 Feb 2004,1.27193,1.27271

Week 1,17 Feb 2004,1.27748,1.27828
Week 2,24 Feb 2004,1.29241,1.29320
Week 3,02 Mar 2004,1.31627,1.31711
Week 4,09 Mar 2004,1.34468,1.34551

Week 1,16 Mar 2004,1.34127,1.34204
Week 2,23 Mar 2004,1.33851,1.33927
Week 3,30 Mar 2004,1.31867,1.31941
Week 4,06 Apr 2004,1.31203,1.31287

Week 1,13 Apr 2004,1.33773,1.33855
Week 2,20 Apr 2004,1.36083,1.36172
Week 3,27 Apr 2004,1.37815,1.37897
Week 4,04 May 2004,1.39454,1.39545

Week 1,11 May 2004,1.44096,1.44185
Week 2,18 May 2004,1.44025,1.44138
Week 3,25 May 2004,1.40672,1.40766
Week 4,01 Jun 2004,1.42916,1.43016

Week 1,08 Jun 2004,1.43541,1.43640
Week 2,15 Jun 2004,1.45054,1.45151
Week 3,22 Jun 2004,1.43798,1.43915
Week 4,29 Jun 2004,1.41804,1.41898

Week 1,06 Jul 2004,1.38958,1.39054
Week 2,13 Jul 2004,1.37340,1.37440
Week 3,20 Jul 2004,1.39483,1.39585
Week 4,27 Jul 2004,1.42375,1.42462

Week 1,03 Aug 2004,1.41112,1.41198
Week 2,10 Aug 2004,1.39727,1.39827
Week 3,17 Aug 2004,1.38653,1.38742
Week 4,24 Aug 2004,1.41833,1.41934

Week 1,31 Aug 2004,1.43415,1.43522
Week 2,07 Sep 2004,1.44020,1.44120
Week 3,14 Sep 2004,1.43300,1.43412
Week 4,21 Sep 2004,1.40864,1.40956

Week 1,28 Sep 2004,1.38617,1.38690
Week 2,05 Oct 2004,1.37045,1.37143
Week 3,12 Oct 2004,1.36893,1.36987
Week 4,19 Oct 2004,1.35941,1.36046

Week 1,26 Oct 2004,1.33756,1.33848
Week 2,02 Nov 2004,1.32136,1.32202
Week 3,09 Nov 2004,1.30783,1.30877
Week 4,16 Nov 2004,1.28242,1.28312

Week 1,23 Nov 2004,1.26775,1.26832
Week 2,30 Nov 2004,1.28343,1.28424
Week 3,07 Dec 2004,1.31741,1.31813
Week 4,14 Dec 2004,1.31393,1.31482

Week 1,21 Dec 2004,1.30393,1.30466
Week 2,28 Dec 2004,1.28264,1.28350
Week 3,04 Jan 2005,1.31104,1.31197
Week 4,11 Jan 2005,1.31260,1.31332

Week 1,18 Jan 2005,1.31041,1.31116
Week 2,25 Jan 2005,1.29378,1.29456
Week 3,01 Feb 2005,1.29336,1.29410
Week 4,08 Feb 2005,1.28548,1.28630

Week 1,15 Feb 2005,1.26912,1.26987
Week 2,22 Feb 2005,1.26836,1.26912
Week 3,01 Mar 2005,1.26833,1.26906
Week 4,08 Mar 2005,1.26000,1.26068

Week 1,15 Mar 2005,1.26134,1.26198
Week 2,22 Mar 2005,1.28978,1.29047
Week 3,29 Mar 2005,1.29740,1.29814
Week 4,05 Apr 2005,1.29971,1.30048

Week 1,12 Apr 2005,1.29487,1.29570
Week 2,19 Apr 2005,1.28720,1.28791
Week 3,26 Apr 2005,1.28277,1.28367
Week 4,03 May 2005,1.28608,1.28682

Week 1,10 May 2005,1.30267,1.30337
Week 2,17 May 2005,1.32116,1.32216
Week 3,24 May 2005,1.31244,1.31317
Week 4,31 May 2005,1.32362,1.32449

Week 1,07 Jun 2005,1.30771,1.30859
Week 2,14 Jun 2005,1.29617,1.29691
Week 3,21 Jun 2005,1.29193,1.29263
Week 4,28 Jun 2005,1.31853,1.31942

Week 1,05 Jul 2005,1.34604,1.34681
Week 2,12 Jul 2005,1.33178,1.33269
Week 3,19 Jul 2005,1.31590,1.31697
Week 4,26 Jul 2005,1.31835,1.31910

Week 1,02 Aug 2005,1.30158,1.30245
Week 2,09 Aug 2005,1.30004,1.30088
Week 3,16 Aug 2005,1.31887,1.31968
Week 4,23 Aug 2005,1.32195,1.32273

Week 1,30 Aug 2005,1.31721,1.31802
Week 2,06 Sep 2005,1.29616,1.29691
Week 3,13 Sep 2005,1.30108,1.30195
Week 4,20 Sep 2005,1.31107,1.31187

Week 1,27 Sep 2005,1.31573,1.31656
Week 2,04 Oct 2005,1.31729,1.31810
Week 3,11 Oct 2005,1.32650,1.32722
Week 4,18 Oct 2005,1.33389,1.33458

Week 1,25 Oct 2005,1.32813,1.32906
Week 2,01 Nov 2005,1.35260,1.35351
Week 3,08 Nov 2005,1.36333,1.36433
Week 4,15 Nov 2005,1.36494,1.36565

Week 1,22 Nov 2005,1.35640,1.35727
Week 2,29 Nov 2005,1.35061,1.35142
Week 3,06 Dec 2005,1.33397,1.33478
Week 4,13 Dec 2005,1.33191,1.33273

Week 1,20 Dec 2005,1.35835,1.35929
Week 2,27 Dec 2005,1.36887,1.36994
Week 3,03 Jan 2006,1.34430,1.34550
Week 4,10 Jan 2006,1.32700,1.32779

Week 1,17 Jan 2006,1.33343,1.33419
Week 2,24 Jan 2006,1.33012,1.33052
Week 3,31 Jan 2006,1.33030,1.33085
Week 4,07 Feb 2006,1.35018,1.35100

Week 1,14 Feb 2006,1.35319,1.35402
Week 2,21 Feb 2006,1.35272,1.35355
Week 3,28 Feb 2006,1.34541,1.34585
Week 4,07 Mar 2006,1.35957,1.36040

Week 1,14 Mar 2006,1.36369,1.36456
Week 2,21 Mar 2006,1.39832,1.39922
Week 3,28 Mar 2006,1.40561,1.40648
Week 4,04 Apr 2006,1.38083,1.38168

Week 1,11 Apr 2006,1.37087,1.37176
Week 2,18 Apr 2006,1.34922,1.35005
Week 3,25 Apr 2006,1.32864,1.32943
Week 4,02 May 2006,1.30280,1.30360

Week 1,09 May 2006,1.29384,1.29461
Week 2,16 May 2006,1.31140,1.31219
Week 3,23 May 2006,1.32330,1.32409
Week 4,30 May 2006,1.32539,1.32622

Week 1,06 Jun 2006,1.34012,1.34056
Week 2,13 Jun 2006,1.35006,1.35088
Week 3,20 Jun 2006,1.35962,1.36046
Week 4,27 Jun 2006,1.35810,1.35893

Week 1,04 Jul 2006,1.33921,1.34006
Week 2,11 Jul 2006,1.32883,1.32965
Week 3,18 Jul 2006,1.33279,1.33321
Week 4,25 Jul 2006,1.31488,1.31522

Week 1,01 Aug 2006,1.30780,1.30857
Week 2,08 Aug 2006,1.30657,1.30735
Week 3,15 Aug 2006,1.31148,1.31226
Week 4,22 Aug 2006,1.31461,1.31540

Week 1,29 Aug 2006,1.30932,1.31010
Week 2,05 Sep 2006,1.31144,1.31223
Week 3,12 Sep 2006,1.32823,1.32903
Week 4,19 Sep 2006,1.32759,1.32840

Week 1,26 Sep 2006,1.33445,1.33527
Week 2,03 Oct 2006,1.34275,1.34345
Week 3,10 Oct 2006,1.33738,1.33819
Week 4,17 Oct 2006,1.32243,1.32322

Week 1,24 Oct 2006,1.31028,1.31104
Week 2,31 Oct 2006,1.29610,1.29685
Week 3,07 Nov 2006,1.29956,1.30032
Week 4,14 Nov 2006,1.30425,1.30502

Week 1,21 Nov 2006,1.29105,1.29179
Week 2,28 Nov 2006,1.27328,1.27400
Week 3,05 Dec 2006,1.26993,1.27066
Week 4,12 Dec 2006,1.27545,1.27620

Week 1,19 Dec 2006,1.27554,1.27630
Week 2,26 Dec 2006,1.27045,1.27149
Week 3,02 Jan 2007,1.27099,1.27192
Week 4,09 Jan 2007,1.27933,1.28007

Week 1,16 Jan 2007,1.27042,1.27115
Week 2,23 Jan 2007,1.28066,1.28141
Week 3,30 Jan 2007,1.29204,1.29280
Week 4,06 Feb 2007,1.28655,1.28732

Week 1,13 Feb 2007,1.27890,1.27965
Week 2,20 Feb 2007,1.26671,1.26744
Week 3,27 Feb 2007,1.27011,1.27079
Week 4,06 Mar 2007,1.28591,1.28666

Week 1,13 Mar 2007,1.26713,1.26786
Week 2,20 Mar 2007,1.24466,1.24537
Week 3,27 Mar 2007,1.23768,1.23838
Week 4,03 Apr 2007,1.22538,1.22608

Week 1,10 Apr 2007,1.20897,1.20965
Week 2,17 Apr 2007,1.19658,1.19723
Week 3,24 Apr 2007,1.20400,1.20466
Week 4,01 May 2007,1.21254,1.21322

Week 1,08 May 2007,1.20585,1.20652
Week 2,15 May 2007,1.20899,1.20964
Week 3,22 May 2007,1.21864,1.21931
Week 4,29 May 2007,1.21114,1.21180

Week 1,05 Jun 2007,1.18892,1.18955
Week 2,12 Jun 2007,1.18904,1.18968
Week 3,19 Jun 2007,1.18214,1.18276
Week 4,26 Jun 2007,1.18062,1.18124

Week 1,03 Jul 2007,1.16671,1.16732
Week 2,10 Jul 2007,1.15613,1.15672
Week 3,17 Jul 2007,1.13974,1.14031
Week 4,24 Jul 2007,1.14745,1.14805

Week 1,31 Jul 2007,1.16982,1.17043
Week 2,07 Aug 2007,1.17359,1.17420
Week 3,14 Aug 2007,1.22981,1.23053
Week 4,21 Aug 2007,1.22902,1.22976

Week 1,28 Aug 2007,1.21903,1.21973
Week 2,04 Sep 2007,1.21215,1.21282
Week 3,11 Sep 2007,1.19617,1.19681
Week 4,18 Sep 2007,1.16916,1.16978

Week 1,25 Sep 2007,1.13906,1.13963
Week 2,02 Oct 2007,1.12220,1.12277
Week 3,09 Oct 2007,1.11012,1.11068
Week 4,16 Oct 2007,1.11907,1.11964

Week 1,23 Oct 2007,1.10594,1.10649
Week 2,30 Oct 2007,1.08415,1.08465
Week 3,06 Nov 2007,1.08496,1.08550
Week 4,13 Nov 2007,1.11936,1.11993

Week 1,20 Nov 2007,1.13626,1.13686
Week 2,27 Nov 2007,1.13378,1.13436
Week 3,04 Dec 2007,1.14158,1.14218
Week 4,11 Dec 2007,1.14384,1.14444

Week 1,18 Dec 2007,1.15907,1.15968
Week 2,25 Dec 2007,1.14427,1.14510
Week 3,01 Jan 2008,1.13983,1.14066
Week 4,08 Jan 2008,1.13013,1.13071

Week 1,15 Jan 2008,1.13026,1.13084
Week 2,22 Jan 2008,1.14428,1.14488
Week 3,29 Jan 2008,1.11868,1.11925
Week 4,05 Feb 2008,1.11340,1.11397

Week 1,12 Feb 2008,1.10544,1.10599
Week 2,19 Feb 2008,1.08766,1.08819
Week 3,26 Feb 2008,1.07073,1.07125
Week 4,04 Mar 2008,1.07488,1.07540

Week 1,11 Mar 2008,1.07148,1.07201
Week 2,18 Mar 2008,1.09483,1.09545
Week 3,25 Mar 2008,1.09225,1.09282
Week 4,01 Apr 2008,1.09126,1.09183

Week 1,08 Apr 2008,1.07635,1.07691
Week 2,15 Apr 2008,1.07285,1.07337
Week 3,22 Apr 2008,1.06374,1.06426
Week 4,29 Apr 2008,1.06855,1.06908

Week 1,06 May 2008,1.05974,1.06026
Week 2,13 May 2008,1.05793,1.05843
Week 3,20 May 2008,1.04269,1.04320
Week 4,27 May 2008,1.04342,1.04394

Week 1,03 Jun 2008,1.04374,1.04426
Week 2,10 Jun 2008,1.05914,1.05969
Week 3,17 Jun 2008,1.05518,1.05570
Week 4,24 Jun 2008,1.04415,1.04464

Week 1,01 Jul 2008,1.04027,1.04077
Week 2,08 Jul 2008,1.04129,1.04177
Week 3,15 Jul 2008,1.02741,1.02789
Week 4,22 Jul 2008,1.03746,1.03797

Week 1,29 Jul 2008,1.06205,1.06260
Week 2,05 Aug 2008,1.10245,1.10301
Week 3,12 Aug 2008,1.14637,1.14698
Week 4,19 Aug 2008,1.14854,1.14913

Week 1,26 Aug 2008,1.16201,1.16261
Week 2,02 Sep 2008,1.20542,1.20610
Week 3,09 Sep 2008,1.22956,1.23028
Week 4,16 Sep 2008,1.23070,1.23151

Week 1,23 Sep 2008,1.19758,1.19830
Week 2,30 Sep 2008,1.26721,1.26809
Week 3,07 Oct 2008,1.46311,1.46555
Week 4,14 Oct 2008,1.45529,1.45721

Week 1,21 Oct 2008,1.52607,1.52821
Week 2,28 Oct 2008,1.53774,1.54007
Week 3,04 Nov 2008,1.47446,1.47620
Week 4,11 Nov 2008,1.51962,1.52156

Week 1,18 Nov 2008,1.56958,1.57096
Week 2,25 Nov 2008,1.53884,1.54046
Week 3,02 Dec 2008,1.55037,1.55160
Week 4,09 Dec 2008,1.51561,1.51672

Week 1,16 Dec 2008,1.46311,1.46458
Week 2,23 Dec 2008,1.46266,1.46479
Week 3,30 Dec 2008,1.42775,1.42964
Week 4,06 Jan 2009,1.40857,1.40966

Week 1,13 Jan 2009,1.48565,1.48679
Week 2,20 Jan 2009,1.52006,1.52120
Week 3,27 Jan 2009,1.53529,1.53653
Week 4,03 Feb 2009,1.53087,1.53203

Week 1,10 Feb 2009,1.51463,1.51577
Week 2,17 Feb 2009,1.55272,1.55389
Week 3,24 Feb 2009,1.55053,1.55169
Week 4,03 Mar 2009,1.56352,1.56427

Week 1,10 Mar 2009,1.53994,1.54107
Week 2,17 Mar 2009,1.48173,1.48277
Week 3,24 Mar 2009,1.43307,1.43407
Week 4,31 Mar 2009,1.42320,1.42419

Week 1,07 Apr 2009,1.39787,1.39882
Week 2,14 Apr 2009,1.38231,1.38324
Week 3,21 Apr 2009,1.40205,1.40296
Week 4,28 Apr 2009,1.38447,1.38538

Week 1,05 May 2009,1.32824,1.32910
Week 2,12 May 2009,1.32096,1.32178
Week 3,19 May 2009,1.29125,1.29199
Week 4,26 May 2009,1.26751,1.26820

Week 1,02 Jun 2009,1.24337,1.24409
Week 2,09 Jun 2009,1.24055,1.24123
Week 3,16 Jun 2009,1.24884,1.24955
Week 4,23 Jun 2009,1.24951,1.25022

Week 1,30 Jun 2009,1.24663,1.24734
Week 2,07 Jul 2009,1.27418,1.27491
Week 3,14 Jul 2009,1.25617,1.25699
Week 4,21 Jul 2009,1.22619,1.22687

Week 1,28 Jul 2009,1.20839,1.20903
Week 2,04 Aug 2009,1.19073,1.19135
Week 3,11 Aug 2009,1.19774,1.19837
Week 4,18 Aug 2009,1.20593,1.20657

Week 1,25 Aug 2009,1.19341,1.19404
Week 2,01 Sep 2009,1.18800,1.18863
Week 3,08 Sep 2009,1.16128,1.16188
Week 4,15 Sep 2009,1.15364,1.15423

Week 1,22 Sep 2009,1.15077,1.15136
Week 2,29 Sep 2009,1.14838,1.14896
Week 3,06 Oct 2009,1.11766,1.11819
Week 4,13 Oct 2009,1.09418,1.09470

Week 1,20 Oct 2009,1.08224,1.08274
Week 2,27 Oct 2009,1.10016,1.10069
Week 3,03 Nov 2009,1.09864,1.09918
Week 4,10 Nov 2009,1.07495,1.07543

Week 1,17 Nov 2009,1.08276,1.08326
Week 2,24 Nov 2009,1.09265,1.09316
Week 3,01 Dec 2009,1.08667,1.08718
Week 4,08 Dec 2009,1.09594,1.09645

Week 1,15 Dec 2009,1.11418,1.11471
Week 2,22 Dec 2009,1.13282,1.13351
Week 3,29 Dec 2009,1.11734,1.11806
Week 4,05 Jan 2010,1.09037,1.09087

Week 1,12 Jan 2010,1.08001,1.08049
Week 2,19 Jan 2010,1.09738,1.09786
Week 3,26 Jan 2010,1.11782,1.11832
Week 4,02 Feb 2010,1.14081,1.14134

Week 1,09 Feb 2010,1.13571,1.13622
Week 2,16 Feb 2010,1.11502,1.11566
Week 3,23 Feb 2010,1.11829,1.11891
Week 4,02 Mar 2010,1.10665,1.10725

Week 1,09 Mar 2010,1.09363,1.09422
Week 2,16 Mar 2010,1.08962,1.09016
Week 3,23 Mar 2010,1.09933,1.09984
Week 4,30 Mar 2010,1.08886,1.08946

Week 1,06 Apr 2010,1.07743,1.07801
Week 2,13 Apr 2010,1.07654,1.07712
Week 3,20 Apr 2010,1.07937,1.07981
Week 4,27 Apr 2010,1.08049,1.08108

Week 1,04 May 2010,1.10892,1.10958
Week 2,11 May 2010,1.11861,1.11925
Week 3,18 May 2010,1.18295,1.18369
Week 4,25 May 2010,1.19482,1.19557

Week 1,01 Jun 2010,1.19768,1.19844
Week 2,08 Jun 2010,1.19543,1.19616
Week 3,15 Jun 2010,1.15521,1.15578
Week 4,22 Jun 2010,1.14465,1.14533

Week 1,29 Jun 2010,1.17723,1.17796
Week 2,06 Jul 2010,1.15737,1.15813
Week 3,13 Jul 2010,1.14253,1.14321
Week 4,20 Jul 2010,1.12854,1.12919

Week 1,27 Jul 2010,1.10990,1.11050
Week 2,03 Aug 2010,1.09254,1.09314
Week 3,10 Aug 2010,1.10917,1.10981
Week 4,17 Aug 2010,1.11590,1.11690

Week 1,24 Aug 2010,1.12187,1.12251
Week 2,31 Aug 2010,1.10284,1.10358
Week 3,07 Sep 2010,1.08531,1.08600
Week 4,14 Sep 2010,1.06730,1.06786

Week 1,21 Sep 2010,1.04842,1.04898
Week 2,28 Sep 2010,1.03263,1.03317
Week 3,05 Oct 2010,1.02266,1.02318
Week 4,12 Oct 2010,1.01061,1.01113

Week 1,19 Oct 2010,1.01745,1.01798
Week 2,26 Oct 2010,1.01805,1.01856
Week 3,02 Nov 2010,0.99464,0.99505
Week 4,09 Nov 2010,1.00130,1.00172

Week 1,16 Nov 2010,1.01559,1.01601
Week 2,23 Nov 2010,1.02473,1.02517
Week 3,30 Nov 2010,1.02602,1.02645
Week 4,07 Dec 2010,1.01418,1.01460

Week 1,14 Dec 2010,1.00969,1.01012
Week 2,21 Dec 2010,0.99987,1.00039
Week 3,28 Dec 2010,0.98495,0.98538
Week 4,04 Jan 2011,0.99784,0.99825

Week 1,11 Jan 2011,1.00879,1.00921
Week 2,18 Jan 2011,1.00703,1.00745
Week 3,25 Jan 2011,1.00595,1.00636
Week 4,01 Feb 2011,0.99079,0.99119

Week 1,08 Feb 2011,0.99260,0.99300
Week 2,15 Feb 2011,0.99271,0.99311
Week 3,22 Feb 2011,0.98991,0.99032
Week 4,01 Mar 2011,0.98526,0.98562

Week 1,08 Mar 2011,0.98985,0.99025
Week 2,15 Mar 2011,1.00574,1.00618
Week 3,22 Mar 2011,0.98410,0.98450
Week 4,29 Mar 2011,0.96819,0.96858

Week 1,05 Apr 2011,0.95614,0.95671
Week 2,12 Apr 2011,0.94984,0.95024
Week 3,19 Apr 2011,0.93828,0.93866
Week 4,26 Apr 2011,0.92011,0.92048

Week 1,03 May 2011,0.92762,0.92799
Week 2,10 May 2011,0.93590,0.93628
Week 3,17 May 2011,0.94064,0.94102
Week 4,24 May 2011,0.94216,0.94254

Week 1,31 May 2011,0.93510,0.93548
Week 2,07 Jun 2011,0.94097,0.94135
Week 3,14 Jun 2011,0.94284,0.94323
Week 4,21 Jun 2011,0.94856,0.94895

Week 1,28 Jun 2011,0.93951,0.93989
Week 2,05 Jul 2011,0.93133,0.93170
Week 3,12 Jul 2011,0.93695,0.93733
Week 4,19 Jul 2011,0.92925,0.92962

Week 1,26 Jul 2011,0.91159,0.91196
Week 2,02 Aug 2011,0.93768,0.93845
Week 3,09 Aug 2011,0.97083,0.97126
Week 4,16 Aug 2011,0.95783,0.95823

Week 1,23 Aug 2011,0.95249,0.95289
Week 2,30 Aug 2011,0.93754,0.93791
Week 3,06 Sep 2011,0.94843,0.94882
Week 4,13 Sep 2011,0.96835,0.96876

Week 1,20 Sep 2011,1.00044,1.00107
Week 2,27 Sep 2011,1.02349,1.02395
Week 3,04 Oct 2011,1.03402,1.03448
Week 4,11 Oct 2011,0.98611,0.98651

Week 1,18 Oct 2011,0.97220,0.97261
Week 2,25 Oct 2011,0.94705,0.94743
Week 3,01 Nov 2011,0.96147,0.96188
Week 4,08 Nov 2011,0.97402,0.97443

Week 1,15 Nov 2011,0.99058,0.99100
Week 2,22 Nov 2011,1.02330,1.02375
Week 3,29 Nov 2011,0.98801,0.98842
Week 4,06 Dec 2011,0.97764,0.97804

Week 1,13 Dec 2011,0.99909,0.99951
Week 2,20 Dec 2011,0.99131,0.99174
Week 3,27 Dec 2011,0.98361,0.98409
Week 4,03 Jan 2012,0.97359,0.97405

Week 1,10 Jan 2012,0.97087,0.97126
Week 2,17 Jan 2012,0.96041,0.96079
Week 3,24 Jan 2012,0.94478,0.94516
Week 4,31 Jan 2012,0.93518,0.93555

Week 1,07 Feb 2012,0.93127,0.93163
Week 2,14 Feb 2012,0.93257,0.93309
Week 3,21 Feb 2012,0.93440,0.93477
Week 4,28 Feb 2012,0.92983,0.93018

Week 1,06 Mar 2012,0.94261,0.94297
Week 2,13 Mar 2012,0.94880,0.94917
Week 3,20 Mar 2012,0.95406,0.95444
Week 4,27 Mar 2012,0.96041,0.96096

Week 1,03 Apr 2012,0.96826,0.96866
Week 2,10 Apr 2012,0.96658,0.96697
Week 3,17 Apr 2012,0.96458,0.96505
Week 4,24 Apr 2012,0.96309,0.96358

Week 1,01 May 2012,0.97168,0.97233
Week 2,08 May 2012,0.99133,0.99196
Week 3,15 May 2012,1.00907,1.00951
Week 4,22 May 2012,1.02103,1.02148

Week 1,29 May 2012,1.02506,1.02562
Week 2,05 Jun 2012,1.01514,1.01570
Week 3,12 Jun 2012,1.00007,1.00048
Week 4,19 Jun 2012,0.98910,0.98951

Week 1,26 Jun 2012,0.98824,0.98864
Week 2,03 Jul 2012,0.97570,0.97594
Week 3,10 Jul 2012,0.98008,0.98031
Week 4,17 Jul 2012,0.96689,0.96711

Week 1,24 Jul 2012,0.96447,0.96471
Week 2,31 Jul 2012,0.95076,0.95097
Week 3,07 Aug 2012,0.94623,0.94645
Week 4,14 Aug 2012,0.95442,0.95464

Week 1,21 Aug 2012,0.95750,0.95773
Week 2,28 Aug 2012,0.96664,0.96687
Week 3,04 Sep 2012,0.97152,0.97177
Week 4,11 Sep 2012,0.95442,0.95467

Week 1,18 Sep 2012,0.95581,0.95606
Week 2,25 Sep 2012,0.96145,0.96167
Week 3,02 Oct 2012,0.97571,0.97595
Week 4,09 Oct 2012,0.97745,0.97768

Week 1,16 Oct 2012,0.96902,0.96925
Week 2,23 Oct 2012,0.96696,0.96718
Week 3,30 Oct 2012,0.96509,0.96531
Week 4,06 Nov 2012,0.96152,0.96174

Week 1,13 Nov 2012,0.96383,0.96405
Week 2,20 Nov 2012,0.96074,0.96096
Week 3,27 Nov 2012,0.95734,0.95756
Week 4,04 Dec 2012,0.95526,0.95547

Week 1,11 Dec 2012,0.94925,0.94945
Week 2,18 Dec 2012,0.95462,0.95498
Week 3,25 Dec 2012,0.96386,0.96409
Week 4,01 Jan 2013,0.95693,0.95724

Week 1,08 Jan 2013,0.94987,0.95016
Week 2,15 Jan 2013,0.94922,0.94941
Week 3,22 Jan 2013,0.95356,0.95378
Week 4,29 Jan 2013,0.95965,0.95985

Week 1,05 Feb 2013,0.96630,0.96661
Week 2,12 Feb 2013,0.96940,0.96967
Week 3,19 Feb 2013,0.97009,0.97036
Week 4,26 Feb 2013,0.97705,0.97730

Week 1,05 Mar 2013,0.97707,0.97742
Week 2,12 Mar 2013,0.96673,0.96699
Week 3,19 Mar 2013,0.96063,0.96088
Week 4,26 Mar 2013,0.95791,0.95821

Week 1,02 Apr 2013,0.95936,0.96000
Week 2,09 Apr 2013,0.95278,0.95333
Week 3,16 Apr 2013,0.96804,0.96830
Week 4,23 Apr 2013,0.97275,0.97341

Week 1,30 Apr 2013,0.96962,0.96999
Week 2,07 May 2013,0.98661,0.98707
Week 3,14 May 2013,1.01599,1.01667
Week 4,21 May 2013,1.02903,1.02977

Week 1,28 May 2013,1.03991,1.04050
Week 2,04 Jun 2013,1.04527,1.04569
Week 3,11 Jun 2013,1.05082,1.05127
Week 4,18 Jun 2013,1.06935,1.07019

Week 1,25 Jun 2013,1.08415,1.08477
Week 2,02 Jul 2013,1.09595,1.09682
Week 3,09 Jul 2013,1.09633,1.09686
Week 4,16 Jul 2013,1.08989,1.09040

Week 1,23 Jul 2013,1.08193,1.08276
Week 2,30 Jul 2013,1.11051,1.11104
Week 3,06 Aug 2013,1.10292,1.10376
Week 4,13 Aug 2013,1.09197,1.09248

Week 1,20 Aug 2013,1.10464,1.10551
Week 2,27 Aug 2013,1.11761,1.11833
Week 3,03 Sep 2013,1.09674,1.09754
Week 4,10 Sep 2013,1.08007,1.08052

Week 1,17 Sep 2013,1.06453,1.06492
Week 2,24 Sep 2013,1.06795,1.06840
Week 3,01 Oct 2013,1.06436,1.06488
Week 4,08 Oct 2013,1.05808,1.05846

Week 1,15 Oct 2013,1.04296,1.04329
Week 2,22 Oct 2013,1.03848,1.03905
Week 3,29 Oct 2013,1.05384,1.05419
Week 4,05 Nov 2013,1.05747,1.05770

Week 1,12 Nov 2013,1.07001,1.07043
Week 2,19 Nov 2013,1.07639,1.07719
Week 3,26 Nov 2013,1.09628,1.09661
Week 4,03 Dec 2013,1.10041,1.10107

Week 1,10 Dec 2013,1.10746,1.10786
Week 2,17 Dec 2013,1.12224,1.12290
Week 3,24 Dec 2013,1.12331,1.12366
Week 4,31 Dec 2013,1.12013,1.12062

Week 1,07 Jan 2014,1.11790,1.11830
Week 2,14 Jan 2014,1.12610,1.12663
Week 3,21 Jan 2014,1.14104,1.14160
Week 4,28 Jan 2014,1.14170,1.14236

Week 1,04 Feb 2014,1.12232,1.12264
Week 2,11 Feb 2014,1.11007,1.11079
Week 3,18 Feb 2014,1.11050,1.11112
Week 4,25 Feb 2014,1.11515,1.11567

Week 1,04 Mar 2014,1.10906,1.10966
Week 2,11 Mar 2014,1.10807,1.10860
Week 3,18 Mar 2014,1.10158,1.10220
Week 4,25 Mar 2014,1.08601,1.08630

Week 1,01 Apr 2014,1.07983,1.08014
Week 2,08 Apr 2014,1.06768,1.06800
Week 3,15 Apr 2014,1.06840,1.06915
Week 4,22 Apr 2014,1.07523,1.07572

Week 1,29 Apr 2014,1.07826,1.07853
Week 2,06 May 2014,1.07043,1.07079
Week 3,13 May 2014,1.06747,1.06800
Week 4,20 May 2014,1.08011,1.08035

Week 1,27 May 2014,1.07774,1.07804
Week 2,03 Jun 2014,1.07530,1.07557
Week 3,10 Jun 2014,1.06503,1.06581
Week 4,17 Jun 2014,1.06557,1.06606

Week 1,24 Jun 2014,1.06210,1.06286
Week 2,01 Jul 2014,1.06383,1.06414
Week 3,08 Jul 2014,1.06489,1.06533
Week 4,15 Jul 2014,1.06603,1.06648

Week 1,22 Jul 2014,1.06296,1.06327
Week 2,29 Jul 2014,1.07032,1.07083
Week 3,05 Aug 2014,1.07563,1.07595
Week 4,12 Aug 2014,1.07513,1.07554

Week 1,19 Aug 2014,1.07399,1.07424
Week 2,26 Aug 2014,1.07147,1.07195
Week 3,02 Sep 2014,1.06995,1.07026
Week 4,09 Sep 2014,1.09320,1.09346

Week 1,16 Sep 2014,1.11294,1.11331
Week 2,23 Sep 2014,1.13292,1.13349
Week 3,30 Sep 2014,1.14641,1.14679
Week 4,07 Oct 2014,1.14296,1.14350

Week 1,14 Oct 2014,1.14270,1.14315
Week 2,21 Oct 2014,1.13778,1.13868
Week 3,28 Oct 2014,1.13426,1.13469
Week 4,04 Nov 2014,1.15553,1.15644

Week 1,11 Nov 2014,1.14837,1.14927
Week 2,18 Nov 2014,1.15241,1.15303
Week 3,25 Nov 2014,1.16954,1.17020
Week 4,02 Dec 2014,1.19088,1.19163

Week 1,09 Dec 2014,1.20747,1.20848
Week 2,16 Dec 2014,1.22260,1.22302
Week 3,23 Dec 2014,1.23104,1.23169
Week 4,30 Dec 2014,1.22888,1.22928

Week 1,06 Jan 2015,1.22952,1.23003
Week 2,13 Jan 2015,1.21987,1.22092
Week 3,20 Jan 2015,1.23951,1.24065
Week 4,27 Jan 2015,1.27349,1.27468

Week 1,03 Feb 2015,1.28375,1.28465
Week 2,10 Feb 2015,1.28814,1.28931
Week 3,17 Feb 2015,1.27957,1.28049
Week 4,24 Feb 2015,1.27794,1.27873

Week 1,03 Mar 2015,1.28588,1.28668
Week 2,10 Mar 2015,1.30665,1.30717
Week 3,17 Mar 2015,1.29902,1.30020
Week 4,24 Mar 2015,1.27958,1.28035

Week 1,31 Mar 2015,1.31073,1.31157
Week 2,07 Apr 2015,1.30327,1.30399
Week 3,14 Apr 2015,1.29752,1.29870
Week 4,21 Apr 2015,1.28518,1.28633

Week 1,28 Apr 2015,1.26602,1.26656
Week 2,05 May 2015,1.26292,1.26332
Week 3,12 May 2015,1.24740,1.24825
Week 4,19 May 2015,1.26554,1.26668

Week 1,26 May 2015,1.29673,1.29773
Week 2,02 Jun 2015,1.30155,1.30275
Week 3,09 Jun 2015,1.29611,1.29730
Week 4,16 Jun 2015,1.28893,1.28974

Week 1,23 Jun 2015,1.29731,1.29799
Week 2,30 Jun 2015,1.31372,1.31498
Week 3,07 Jul 2015,1.34115,1.34242
Week 4,14 Jul 2015,1.35036,1.35102

Week 1,21 Jul 2015,1.36142,1.36234
Week 2,28 Jul 2015,1.36900,1.37031
Week 3,04 Aug 2015,1.35748,1.35793
Week 4,11 Aug 2015,1.35754,1.35884

Week 1,18 Aug 2015,1.36234,1.36365
Week 2,25 Aug 2015,1.39453,1.39515
Week 3,01 Sep 2015,1.42684,1.42832
Week 4,08 Sep 2015,1.42161,1.42212

Week 1,15 Sep 2015,1.39467,1.39571
Week 2,22 Sep 2015,1.41729,1.41871
Week 3,29 Sep 2015,1.42286,1.42363
Week 4,06 Oct 2015,1.38444,1.38507

Week 1,13 Oct 2015,1.37066,1.37199
Week 2,20 Oct 2015,1.38109,1.38244
Week 3,27 Oct 2015,1.39712,1.39777
Week 4,03 Nov 2015,1.40418,1.40477

Week 1,10 Nov 2015,1.40946,1.41016
Week 2,17 Nov 2015,1.39489,1.39621
Week 3,24 Nov 2015,1.38614,1.38676
Week 4,01 Dec 2015,1.36875,1.36948

Week 1,08 Dec 2015,1.38182,1.38259
Week 2,15 Dec 2015,1.39100,1.39179
Week 3,22 Dec 2015,1.38098,1.38147
Week 4,29 Dec 2015,1.37220,1.37255

Week 1,05 Jan 2016,1.41545,1.41611
Week 2,12 Jan 2016,1.44089,1.44174
Week 3,19 Jan 2016,1.43990,1.44036
Week 4,26 Jan 2016,1.41918,1.41978

Week 1,02 Feb 2016,1.40794,1.40874
Week 2,09 Feb 2016,1.41026,1.41108
Week 3,16 Feb 2016,1.40025,1.40085
Week 4,23 Feb 2016,1.39269,1.39333

Week 1,01 Mar 2016,1.36980,1.37054
Week 2,08 Mar 2016,1.33462,1.33534
Week 3,15 Mar 2016,1.32229,1.32300
Week 4,22 Mar 2016,1.32475,1.32551

Week 1,29 Mar 2016,1.30979,1.31049
Week 2,05 Apr 2016,1.32120,1.32191
Week 3,12 Apr 2016,1.30287,1.30355
Week 4,19 Apr 2016,1.29049,1.29100

Week 1,26 Apr 2016,1.30745,1.30790
Week 2,03 May 2016,1.33857,1.33903
Week 3,10 May 2016,1.36631,1.36706
Week 4,17 May 2016,1.37828,1.37871

Week 1,24 May 2016,1.38866,1.38923
Week 2,31 May 2016,1.37512,1.37551
Week 3,07 Jun 2016,1.35004,1.35059
Week 4,14 Jun 2016,1.35389,1.35459

Week 1,21 Jun 2016,1.33624,1.33751
Week 2,28 Jun 2016,1.34299,1.34410
Week 3,05 Jul 2016,1.32960,1.33030
Week 4,12 Jul 2016,1.31630,1.31699

Week 1,19 Jul 2016,1.33325,1.33391
Week 2,26 Jul 2016,1.32737,1.32806
Week 3,02 Aug 2016,1.31462,1.31526
Week 4,09 Aug 2016,1.30376,1.30416

Week 1,16 Aug 2016,1.30599,1.30639
Week 2,23 Aug 2016,1.31476,1.31545
Week 3,30 Aug 2016,1.32409,1.32463
Week 4,06 Sep 2016,1.31386,1.31446

Week 1,13 Sep 2016,1.33334,1.33379
Week 2,20 Sep 2016,1.31603,1.31671
Week 3,27 Sep 2016,1.30619,1.30672
Week 4,04 Oct 2016,1.31342,1.31381

Week 1,11 Oct 2016,1.31764,1.31833
Week 2,18 Oct 2016,1.30908,1.30949
Week 3,25 Oct 2016,1.31273,1.31330
Week 4,01 Nov 2016,1.30584,1.30641

Week 1,08 Nov 2016,1.31042,1.31112
Week 2,15 Nov 2016,1.34261,1.34335
Week 3,22 Nov 2016,1.34957,1.35031
Week 4,29 Nov 2016,1.34247,1.34318

Week 1,06 Dec 2016,1.34099,1.34158
Week 2,13 Dec 2016,1.35132,1.35197
Week 3,20 Dec 2016,1.38424,1.38496
Week 4,27 Dec 2016,1.38884,1.38983

Week 1,03 Jan 2017,1.37491,1.37589
Week 2,10 Jan 2017,1.34486,1.34541
Week 3,17 Jan 2017,1.32683,1.32745
Week 4,24 Jan 2017,1.32324,1.32392

Week 1,31 Jan 2017,1.31138,1.31205
Week 2,07 Feb 2017,1.30640,1.30691
Week 3,14 Feb 2017,1.30270,1.30335
Week 4,21 Feb 2017,1.30121,1.30220

Week 1,28 Feb 2017,1.31065,1.31097
Week 2,07 Mar 2017,1.32360,1.32409
Week 3,14 Mar 2017,1.30803,1.30860
Week 4,21 Mar 2017,1.30518,1.30551

Week 1,28 Mar 2017,1.30905,1.30941
Week 2,04 Apr 2017,1.32444,1.32534
Week 3,11 Apr 2017,1.32570,1.32652
Week 4,18 Apr 2017,1.32511,1.32604

Week 1,25 Apr 2017,1.33240,1.33285
Week 2,02 May 2017,1.34129,1.34207
Week 3,09 May 2017,1.35513,1.35565
Week 4,16 May 2017,1.34492,1.34533

Week 1,23 May 2017,1.33974,1.34032
Week 2,30 May 2017,1.34536,1.34584
Week 3,06 Jun 2017,1.32957,1.33010
Week 4,13 Jun 2017,1.31794,1.31884

Week 1,20 Jun 2017,1.32019,1.32066
Week 2,27 Jun 2017,1.30794,1.30862
Week 3,04 Jul 2017,1.31323,1.31382
Week 4,11 Jul 2017,1.29537,1.29571

Week 1,18 Jul 2017,1.26486,1.26517
Week 2,25 Jul 2017,1.25537,1.25584
Week 3,01 Aug 2017,1.25702,1.25803
Week 4,08 Aug 2017,1.26652,1.26686

Week 1,15 Aug 2017,1.26616,1.26655
Week 2,22 Aug 2017,1.26257,1.26290
Week 3,29 Aug 2017,1.25769,1.25839
Week 4,05 Sep 2017,1.24665,1.24721

Week 1,12 Sep 2017,1.24817,1.24860
Week 2,19 Sep 2017,1.25317,1.25348
Week 3,26 Sep 2017,1.27122,1.27161
Week 4,03 Oct 2017,1.28135,1.28183

Week 1,10 Oct 2017,1.27741,1.27809
Week 2,17 Oct 2017,1.27528,1.27563
Week 3,24 Oct 2017,1.29597,1.29637
Week 4,31 Oct 2017,1.30357,1.30395

Week 1,07 Nov 2017,1.30422,1.30476
Week 2,14 Nov 2017,1.31672,1.31722
Week 3,21 Nov 2017,1.31596,1.31653
Week 4,28 Nov 2017,1.31614,1.31653

Week 1,05 Dec 2017,1.31551,1.31574


