USD->BRL

Week 1,01 Dec 1998,1.20179,1.20199
Week 2,08 Dec 1998,1.20360,1.20379
Week 3,15 Dec 1998,1.20587,1.20603
Week 4,22 Dec 1998,1.20739,1.20751

Week 1,29 Dec 1998,1.20779,1.20813
Week 2,05 Jan 1999,1.20959,1.20990
Week 3,12 Jan 1999,1.37476,1.38866
Week 4,19 Jan 1999,1.62429,1.64286

Week 1,26 Jan 1999,1.96286,1.99486
Week 2,02 Feb 1999,1.81286,1.83143
Week 3,09 Feb 1999,1.90286,1.92214
Week 4,16 Feb 1999,1.91714,1.93571

Week 1,23 Feb 1999,2.02857,2.04143
Week 2,02 Mar 1999,2.04643,2.06143
Week 3,09 Mar 1999,1.89214,1.90000
Week 4,16 Mar 1999,1.85321,1.86214

Week 1,23 Mar 1999,1.79429,1.80071
Week 2,30 Mar 1999,1.71857,1.73286
Week 3,06 Apr 1999,1.71071,1.71643
Week 4,13 Apr 1999,1.66679,1.67321

Week 1,20 Apr 1999,1.69643,1.70443
Week 2,27 Apr 1999,1.67243,1.67564
Week 3,04 May 1999,1.67064,1.67257
Week 4,11 May 1999,1.65543,1.65757

Week 1,18 May 1999,1.68657,1.68921
Week 2,25 May 1999,1.72714,1.72886
Week 3,01 Jun 1999,1.72700,1.73000
Week 4,08 Jun 1999,1.75586,1.75829

Week 1,15 Jun 1999,1.76529,1.76814
Week 2,22 Jun 1999,1.78936,1.79186
Week 3,29 Jun 1999,1.77621,1.77871
Week 4,06 Jul 1999,1.79057,1.79264

Week 1,13 Jul 1999,1.80486,1.80736
Week 2,20 Jul 1999,1.80643,1.80829
Week 3,27 Jul 1999,1.80043,1.80300
Week 4,03 Aug 1999,1.82500,1.82800

Week 1,10 Aug 1999,1.85729,1.85971
Week 2,17 Aug 1999,1.89629,1.90114
Week 3,24 Aug 1999,1.92557,1.92929
Week 4,31 Aug 1999,1.92086,1.92414

Week 1,07 Sep 1999,1.88050,1.88357
Week 2,14 Sep 1999,1.88029,1.88243
Week 3,21 Sep 1999,1.90029,1.90250
Week 4,28 Sep 1999,1.93593,1.93843

Week 1,05 Oct 1999,1.93900,1.94271
Week 2,12 Oct 1999,1.93300,1.93800
Week 3,19 Oct 1999,1.98500,1.98707
Week 4,26 Oct 1999,1.96343,1.96729

Week 1,02 Nov 1999,1.92886,1.93314
Week 2,09 Nov 1999,1.93057,1.93343
Week 3,16 Nov 1999,1.93086,1.93293
Week 4,23 Nov 1999,1.92614,1.92721

Week 1,30 Nov 1999,1.92300,1.92400
Week 2,07 Dec 1999,1.87093,1.87271
Week 3,14 Dec 1999,1.82393,1.82750
Week 4,21 Dec 1999,1.82636,1.82907

Week 1,28 Dec 1999,1.81150,1.81421
Week 2,04 Jan 2000,1.83257,1.83514
Week 3,11 Jan 2000,1.81171,1.81357
Week 4,18 Jan 2000,1.78171,1.78314

Week 1,25 Jan 2000,1.78300,1.78557
Week 2,01 Feb 2000,1.77700,1.77929
Week 3,08 Feb 2000,1.76857,1.77000
Week 4,15 Feb 2000,1.77486,1.77686

Week 1,22 Feb 2000,1.77714,1.77900
Week 2,29 Feb 2000,1.75600,1.75829
Week 3,07 Mar 2000,1.74329,1.74571
Week 4,14 Mar 2000,1.73900,1.74071

Week 1,21 Mar 2000,1.73098,1.73303
Week 2,28 Mar 2000,1.73950,1.74064
Week 3,04 Apr 2000,1.74270,1.74470
Week 4,11 Apr 2000,1.76488,1.76694

Week 1,18 Apr 2000,1.77858,1.78018
Week 2,25 Apr 2000,1.79971,1.80177
Week 3,02 May 2000,1.80403,1.80627
Week 4,09 May 2000,1.82340,1.82540

Week 1,16 May 2000,1.83414,1.83543
Week 2,23 May 2000,1.84300,1.84529
Week 3,30 May 2000,1.81529,1.81730
Week 4,06 Jun 2000,1.79906,1.80112

Week 1,13 Jun 2000,1.80578,1.80793
Week 2,20 Jun 2000,1.81390,1.81599
Week 3,27 Jun 2000,1.81265,1.81419
Week 4,04 Jul 2000,1.80340,1.80539

Week 1,11 Jul 2000,1.80131,1.80339
Week 2,18 Jul 2000,1.79662,1.79887
Week 3,25 Jul 2000,1.78554,1.78755
Week 4,01 Aug 2000,1.78989,1.79164

Week 1,08 Aug 2000,1.79732,1.79942
Week 2,15 Aug 2000,1.81029,1.81196
Week 3,22 Aug 2000,1.82032,1.82232
Week 4,29 Aug 2000,1.82432,1.82555

Week 1,05 Sep 2000,1.81871,1.82091
Week 2,12 Sep 2000,1.83547,1.83651
Week 3,19 Sep 2000,1.84924,1.85063
Week 4,26 Sep 2000,1.84429,1.84615

Week 1,03 Oct 2000,1.85206,1.85406
Week 2,10 Oct 2000,1.86214,1.86400
Week 3,17 Oct 2000,1.87689,1.87876
Week 4,24 Oct 2000,1.91529,1.91733

Week 1,31 Oct 2000,1.92472,1.92715
Week 2,07 Nov 2000,1.95425,1.95610
Week 3,14 Nov 2000,1.95586,1.95800
Week 4,21 Nov 2000,1.94143,1.94343

Week 1,28 Nov 2000,1.97014,1.97189
Week 2,05 Dec 2000,1.96893,1.97100
Week 3,12 Dec 2000,1.96327,1.96469
Week 4,19 Dec 2000,1.95629,1.95814

Week 1,26 Dec 2000,1.95300,1.95500
Week 2,02 Jan 2001,1.94653,1.94780
Week 3,09 Jan 2001,1.94779,1.94995
Week 4,16 Jan 2001,1.95400,1.95600

Week 1,23 Jan 2001,1.96766,1.96957
Week 2,30 Jan 2001,1.97957,1.98186
Week 3,06 Feb 2001,1.99129,1.99292
Week 4,13 Feb 2001,1.99271,1.99457

Week 1,20 Feb 2001,2.02821,2.02989
Week 2,27 Feb 2001,2.03330,2.03591
Week 3,06 Mar 2001,2.03855,2.04034
Week 4,13 Mar 2001,2.09722,2.09931

Week 1,20 Mar 2001,2.15007,2.15185
Week 2,27 Mar 2001,2.14105,2.14271
Week 3,03 Apr 2001,2.16528,2.16702
Week 4,10 Apr 2001,2.15106,2.15345

Week 1,17 Apr 2001,2.22227,2.22362
Week 2,24 Apr 2001,2.23606,2.23849
Week 3,01 May 2001,2.21121,2.21276
Week 4,08 May 2001,2.26020,2.26236

Week 1,15 May 2001,2.31302,2.31511
Week 2,22 May 2001,2.33681,2.33876
Week 3,29 May 2001,2.36055,2.36190
Week 4,05 Jun 2001,2.37067,2.37225

Week 1,12 Jun 2001,2.41016,2.41223
Week 2,19 Jun 2001,2.38197,2.38361
Week 3,26 Jun 2001,2.31393,2.31538
Week 4,03 Jul 2001,2.40748,2.40910

Week 1,10 Jul 2001,2.53195,2.53404
Week 2,17 Jul 2001,2.49012,2.49268
Week 3,24 Jul 2001,2.46026,2.46165
Week 4,31 Jul 2001,2.48058,2.48228

Week 1,07 Aug 2001,2.46666,2.46855
Week 2,14 Aug 2001,2.50789,2.50926
Week 3,21 Aug 2001,2.53653,2.53818
Week 4,28 Aug 2001,2.55377,2.55558

Week 1,04 Sep 2001,2.57546,2.57712
Week 2,11 Sep 2001,2.66298,2.66370
Week 3,18 Sep 2001,2.65839,2.78226
Week 4,25 Sep 2001,2.61847,2.79264

Week 1,02 Oct 2001,2.61800,2.79279
Week 2,09 Oct 2001,2.68817,2.86396
Week 3,16 Oct 2001,2.66303,2.84016
Week 4,23 Oct 2001,2.63807,2.81739

Week 1,30 Oct 2001,2.61266,2.78944
Week 2,06 Nov 2001,2.51101,2.68976
Week 3,13 Nov 2001,2.45257,2.63350
Week 4,20 Nov 2001,2.45094,2.60687

Week 1,27 Nov 2001,2.41393,2.59454
Week 2,04 Dec 2001,2.34336,2.52293
Week 3,11 Dec 2001,2.28227,2.46071
Week 4,18 Dec 2001,2.24426,2.42247

Week 1,25 Dec 2001,2.22759,2.40789
Week 2,01 Jan 2002,2.21010,2.38880
Week 3,08 Jan 2002,2.30569,2.48520
Week 4,15 Jan 2002,2.29421,2.47506

Week 1,22 Jan 2002,2.29340,2.47611
Week 2,29 Jan 2002,2.32307,2.50879
Week 3,05 Feb 2002,2.33907,2.52364
Week 4,12 Feb 2002,2.34984,2.53324

Week 1,19 Feb 2002,2.33084,2.51449
Week 2,26 Feb 2002,2.28561,2.46991
Week 3,05 Mar 2002,2.26163,2.44473
Week 4,12 Mar 2002,2.25359,2.43564

Week 1,19 Mar 2002,2.25206,2.43373
Week 2,26 Mar 2002,2.26644,2.39781
Week 3,02 Apr 2002,2.26507,2.34393
Week 4,09 Apr 2002,2.24284,2.32223

Week 1,16 Apr 2002,2.27076,2.37427
Week 2,23 Apr 2002,2.31970,2.39711
Week 3,30 Apr 2002,2.34384,2.42096
Week 4,07 May 2002,2.41664,2.49263

Week 1,14 May 2002,2.43989,2.54059
Week 2,21 May 2002,2.41871,2.59263
Week 3,28 May 2002,2.51786,2.51971
Week 4,04 Jun 2002,2.61543,2.61757

Week 1,11 Jun 2002,2.67314,2.74636
Week 2,18 Jun 2002,2.76143,2.76314
Week 3,25 Jun 2002,2.82029,2.82214
Week 4,02 Jul 2002,2.81506,2.90936

Week 1,09 Jul 2002,2.78641,2.85784
Week 2,16 Jul 2002,2.82906,2.89774
Week 3,23 Jul 2002,2.94553,2.96990
Week 4,30 Jul 2002,3.17954,3.25513

Week 1,06 Aug 2002,3.00200,3.03306
Week 2,13 Aug 2002,3.15071,3.15643
Week 3,20 Aug 2002,3.07991,3.15563
Week 4,27 Aug 2002,3.05291,3.12593

Week 1,03 Sep 2002,3.10933,3.13674
Week 2,10 Sep 2002,3.08484,3.15731
Week 3,17 Sep 2002,3.33723,3.40970
Week 4,24 Sep 2002,3.68551,3.76063

Week 1,01 Oct 2002,3.64707,3.72230
Week 2,08 Oct 2002,3.81003,3.90697
Week 3,15 Oct 2002,3.83011,3.88440
Week 4,22 Oct 2002,3.81387,3.88926

Week 1,29 Oct 2002,3.65121,3.72574
Week 2,05 Nov 2002,3.53507,3.60773
Week 3,12 Nov 2002,3.59933,3.69283
Week 4,19 Nov 2002,3.48740,3.58107

Week 1,26 Nov 2002,3.56564,3.63773
Week 2,03 Dec 2002,3.70459,3.77964
Week 3,10 Dec 2002,3.72796,3.80509
Week 4,17 Dec 2002,3.46527,3.53770

Week 1,24 Dec 2002,3.50071,3.56823
Week 2,31 Dec 2002,3.47947,3.55256
Week 3,07 Jan 2003,3.27250,3.36277
Week 4,14 Jan 2003,3.27833,3.34589

Week 1,21 Jan 2003,3.49069,3.55833
Week 2,28 Jan 2003,3.52997,3.59707
Week 3,04 Feb 2003,3.53406,3.62177
Week 4,11 Feb 2003,3.58963,3.65806

Week 1,18 Feb 2003,3.55057,3.65939
Week 2,25 Feb 2003,3.55803,3.58406
Week 3,04 Mar 2003,3.48176,3.56869
Week 4,11 Mar 2003,3.39104,3.49829

Week 1,18 Mar 2003,3.42299,3.49773
Week 2,25 Mar 2003,3.35333,3.44100
Week 3,01 Apr 2003,3.24039,3.32859
Week 4,08 Apr 2003,3.15593,3.25089

Week 1,15 Apr 2003,3.05563,3.20611
Week 2,22 Apr 2003,2.97013,3.11260
Week 3,29 Apr 2003,2.86600,3.01416
Week 4,06 May 2003,2.88193,3.02237

Week 1,13 May 2003,2.85200,2.99136
Week 2,20 May 2003,2.91591,3.05223
Week 3,27 May 2003,2.90499,3.04043
Week 4,03 Jun 2003,2.83639,2.97254

Week 1,10 Jun 2003,2.79066,2.92667
Week 2,17 Jun 2003,2.81059,2.94699
Week 3,24 Jun 2003,2.81416,2.95353
Week 4,01 Jul 2003,2.76089,2.90021

Week 1,08 Jul 2003,2.80381,2.94506
Week 2,15 Jul 2003,2.79621,2.93876
Week 3,22 Jul 2003,2.81686,2.95690
Week 4,29 Jul 2003,2.87179,3.01324

Week 1,05 Aug 2003,2.93727,3.07859
Week 2,12 Aug 2003,2.93827,3.08019
Week 3,19 Aug 2003,2.92439,3.06960
Week 4,26 Aug 2003,2.89471,3.04176

Week 1,02 Sep 2003,2.90629,2.97047
Week 2,09 Sep 2003,2.90986,2.91186
Week 3,16 Sep 2003,2.90084,2.90284
Week 4,23 Sep 2003,2.92543,2.92743

Week 1,30 Sep 2003,2.89543,2.89757
Week 2,07 Oct 2003,2.84043,2.84300
Week 3,14 Oct 2003,2.84986,2.85200
Week 4,21 Oct 2003,2.86643,2.86843

Week 1,28 Oct 2003,2.85900,2.86100
Week 2,04 Nov 2003,2.86329,2.86529
Week 3,11 Nov 2003,2.92486,2.92700
Week 4,18 Nov 2003,2.93086,2.93286

Week 1,25 Nov 2003,2.94000,2.94200
Week 2,02 Dec 2003,2.93286,2.93486
Week 3,09 Dec 2003,2.93657,2.93857
Week 4,16 Dec 2003,2.92657,2.92843

Week 1,23 Dec 2003,2.90614,2.90814
Week 2,30 Dec 2003,2.88443,2.88643
Week 3,06 Jan 2004,2.84586,2.84786
Week 4,13 Jan 2004,2.81529,2.81729

Week 1,20 Jan 2004,2.83943,2.84143
Week 2,27 Jan 2004,2.90371,2.90629
Week 3,03 Feb 2004,2.92871,2.93071
Week 4,10 Feb 2004,2.90771,2.90971

Week 1,17 Feb 2004,2.94143,2.94343
Week 2,24 Feb 2004,2.92829,2.93043
Week 3,02 Mar 2004,2.87943,2.88157
Week 4,09 Mar 2004,2.89086,2.89286

Week 1,16 Mar 2004,2.90229,2.90429
Week 2,23 Mar 2004,2.92829,2.93029
Week 3,30 Mar 2004,2.90114,2.90314
Week 4,06 Apr 2004,2.87919,2.88129

Week 1,13 Apr 2004,2.89986,2.90186
Week 2,20 Apr 2004,2.91600,2.91800
Week 3,27 Apr 2004,2.93229,2.93429
Week 4,04 May 2004,3.01114,3.01314

Week 1,11 May 2004,3.10729,3.10929
Week 2,18 May 2004,3.16786,3.16986
Week 3,25 May 2004,3.12243,3.12457
Week 4,01 Jun 2004,3.14286,3.14486

Week 1,08 Jun 2004,3.12571,3.12857
Week 2,15 Jun 2004,3.13871,3.14114
Week 3,22 Jun 2004,3.11457,3.11657
Week 4,29 Jun 2004,3.07271,3.07471

Week 1,06 Jul 2004,3.04000,3.04200
Week 2,13 Jul 2004,3.01557,3.01743
Week 3,20 Jul 2004,3.03157,3.03429
Week 4,27 Jul 2004,3.04614,3.04843

Week 1,03 Aug 2004,3.04429,3.04643
Week 2,10 Aug 2004,3.02743,3.02943
Week 3,17 Aug 2004,2.98000,2.98200
Week 4,24 Aug 2004,2.95414,2.95614

Week 1,31 Aug 2004,2.93129,2.93329
Week 2,07 Sep 2004,2.90229,2.90429
Week 3,14 Sep 2004,2.88743,2.88943
Week 4,21 Sep 2004,2.87243,2.87443

Week 1,28 Sep 2004,2.85029,2.85229
Week 2,05 Oct 2004,2.83114,2.83314
Week 3,12 Oct 2004,2.84386,2.84586
Week 4,19 Oct 2004,2.86671,2.86871

Week 1,26 Oct 2004,2.86300,2.86500
Week 2,02 Nov 2004,2.82894,2.83094
Week 3,09 Nov 2004,2.80986,2.81186
Week 4,16 Nov 2004,2.78014,2.78214

Week 1,23 Nov 2004,2.74257,2.74457
Week 2,30 Nov 2004,2.71786,2.72129
Week 3,07 Dec 2004,2.75929,2.76330
Week 4,14 Dec 2004,2.73343,2.73600

Week 1,21 Dec 2004,2.69670,2.69934
Week 2,28 Dec 2004,2.66737,2.67166
Week 3,04 Jan 2005,2.70890,2.71104
Week 4,11 Jan 2005,2.70277,2.70556

Week 1,18 Jan 2005,2.70079,2.70333
Week 2,25 Jan 2005,2.66121,2.66354
Week 3,01 Feb 2005,2.61447,2.61604
Week 4,08 Feb 2005,2.60814,2.61099

Week 1,15 Feb 2005,2.58029,2.58314
Week 2,22 Feb 2005,2.61244,2.61476
Week 3,01 Mar 2005,2.64043,2.64407
Week 4,08 Mar 2005,2.65000,2.65500

Week 1,15 Mar 2005,2.68736,2.69064
Week 2,22 Mar 2005,2.73653,2.73896
Week 3,29 Mar 2005,2.67711,2.67897
Week 4,05 Apr 2005,2.60203,2.60416

Week 1,12 Apr 2005,2.59083,2.59297
Week 2,19 Apr 2005,2.55643,2.55860
Week 3,26 Apr 2005,2.52574,2.52816
Week 4,03 May 2005,2.47437,2.47737

Week 1,10 May 2005,2.46304,2.46661
Week 2,17 May 2005,2.45466,2.45737
Week 3,24 May 2005,2.40153,2.40467
Week 4,31 May 2005,2.41524,2.41801

Week 1,07 Jun 2005,2.46729,2.47059
Week 2,14 Jun 2005,2.40500,2.40757
Week 3,21 Jun 2005,2.38086,2.38367
Week 4,28 Jun 2005,2.35503,2.35804

Week 1,05 Jul 2005,2.37106,2.37334
Week 2,12 Jul 2005,2.33921,2.34207
Week 3,19 Jul 2005,2.36689,2.36946
Week 4,26 Jul 2005,2.41179,2.41367

Week 1,02 Aug 2005,2.32451,2.32709
Week 2,09 Aug 2005,2.33789,2.34103
Week 3,16 Aug 2005,2.39194,2.39493
Week 4,23 Aug 2005,2.40314,2.40597

Week 1,30 Aug 2005,2.35216,2.35516
Week 2,06 Sep 2005,2.31836,2.32136
Week 3,13 Sep 2005,2.30789,2.31110
Week 4,20 Sep 2005,2.27397,2.27697

Week 1,27 Sep 2005,2.23164,2.23464
Week 2,04 Oct 2005,2.25651,2.25930
Week 3,11 Oct 2005,2.24124,2.24441
Week 4,18 Oct 2005,2.24960,2.25260

Week 1,25 Oct 2005,2.26980,2.27176
Week 2,01 Nov 2005,2.22934,2.23230
Week 3,08 Nov 2005,2.17170,2.17470
Week 4,15 Nov 2005,2.21110,2.21424

Week 1,22 Nov 2005,2.23414,2.23714
Week 2,29 Nov 2005,2.20743,2.21035
Week 3,06 Dec 2005,2.21229,2.21522
Week 4,13 Dec 2005,2.28707,2.28980

Week 1,20 Dec 2005,2.32956,2.33240
Week 2,27 Dec 2005,2.34080,2.34374
Week 3,03 Jan 2006,2.30232,2.30537
Week 4,10 Jan 2006,2.26822,2.27114

Week 1,17 Jan 2006,2.29038,2.29343
Week 2,24 Jan 2006,2.23547,2.23841
Week 3,31 Jan 2006,2.21362,2.21663
Week 4,07 Feb 2006,2.17530,2.17832

Week 1,14 Feb 2006,2.13031,2.13304
Week 2,21 Feb 2006,2.13483,2.13778
Week 3,28 Feb 2006,2.12050,2.12366
Week 4,07 Mar 2006,2.15205,2.15491

Week 1,14 Mar 2006,2.12217,2.12485
Week 2,21 Mar 2006,2.14894,2.15374
Week 3,28 Mar 2006,2.18466,2.19174
Week 4,04 Apr 2006,2.13548,2.14258

Week 1,11 Apr 2006,2.13731,2.14419
Week 2,18 Apr 2006,2.12065,2.12742
Week 3,25 Apr 2006,2.10700,2.11370
Week 4,02 May 2006,2.06523,2.07245

Week 1,09 May 2006,2.09006,2.09673
Week 2,16 May 2006,2.17661,2.18345
Week 3,23 May 2006,2.28306,2.28972
Week 4,30 May 2006,2.27759,2.28622

Week 1,06 Jun 2006,2.26305,2.26991
Week 2,13 Jun 2006,2.26615,2.27378
Week 3,20 Jun 2006,2.23979,2.24685
Week 4,27 Jun 2006,2.19755,2.20454

Week 1,04 Jul 2006,2.17094,2.17813
Week 2,11 Jul 2006,2.15113,2.24440
Week 3,18 Jul 2006,2.19135,2.19854
Week 4,25 Jul 2006,2.18670,2.19388

Week 1,01 Aug 2006,2.17465,2.18191
Week 2,08 Aug 2006,2.16608,2.17369
Week 3,15 Aug 2006,2.14435,2.15124
Week 4,22 Aug 2006,2.14560,2.15258

Week 1,29 Aug 2006,2.13833,2.15465
Week 2,05 Sep 2006,2.14264,2.14956
Week 3,12 Sep 2006,2.15851,2.16624
Week 4,19 Sep 2006,2.17941,2.18657

Week 1,26 Sep 2006,2.18257,2.18960
Week 2,03 Oct 2006,2.16065,2.16782
Week 3,10 Oct 2006,2.14634,2.15359
Week 4,17 Oct 2006,2.13254,2.14007

Week 1,24 Oct 2006,2.13624,2.14339
Week 2,31 Oct 2006,2.13847,2.14564
Week 3,07 Nov 2006,2.14049,2.14731
Week 4,14 Nov 2006,2.15431,2.16119

Week 1,21 Nov 2006,2.16096,2.16857
Week 2,28 Nov 2006,2.16814,2.17484
Week 3,05 Dec 2006,2.14549,2.15320
Week 4,12 Dec 2006,2.14110,2.14819

Week 1,19 Dec 2006,2.15005,2.15726
Week 2,26 Dec 2006,2.13875,2.14557
Week 3,02 Jan 2007,2.13885,2.14617
Week 4,09 Jan 2007,2.14298,2.15009

Week 1,16 Jan 2007,2.13152,2.13865
Week 2,23 Jan 2007,2.13010,2.13700
Week 3,30 Jan 2007,2.11112,2.11760
Week 4,06 Feb 2007,2.09194,2.09861

Week 1,13 Feb 2007,2.09570,2.10213
Week 2,20 Feb 2007,2.08387,2.09007
Week 3,27 Feb 2007,2.11124,2.11751
Week 4,06 Mar 2007,2.10972,2.11598

Week 1,13 Mar 2007,2.09101,2.09735
Week 2,20 Mar 2007,2.06645,2.07309
Week 3,27 Mar 2007,2.05822,2.06493
Week 4,03 Apr 2007,2.03411,2.04044

Week 1,10 Apr 2007,2.02456,2.03102
Week 2,17 Apr 2007,2.02632,2.03271
Week 3,24 Apr 2007,2.02640,2.03258
Week 4,01 May 2007,2.02550,2.03207

Week 1,08 May 2007,2.01845,2.02538
Week 2,15 May 2007,1.97390,1.97994
Week 3,22 May 2007,1.94592,1.95257
Week 4,29 May 2007,1.92484,1.93126

Week 1,05 Jun 2007,1.95064,1.95625
Week 2,12 Jun 2007,1.92693,1.93347
Week 3,19 Jun 2007,1.91352,1.92034
Week 4,26 Jun 2007,1.93451,1.94122

Week 1,03 Jul 2007,1.90717,1.91383
Week 2,10 Jul 2007,1.88144,1.88780
Week 3,17 Jul 2007,1.85868,1.86462
Week 4,24 Jul 2007,1.88143,1.88854

Week 1,31 Jul 2007,1.87678,1.88381
Week 2,07 Aug 2007,1.91601,1.92265
Week 3,14 Aug 2007,2.00699,2.01299
Week 4,21 Aug 2007,2.00034,2.00660

Week 1,28 Aug 2007,1.96578,1.97231
Week 2,04 Sep 2007,1.94793,1.96435
Week 3,11 Sep 2007,1.91221,1.91792
Week 4,18 Sep 2007,1.87404,1.87963

Week 1,25 Sep 2007,1.84682,1.85225
Week 2,02 Oct 2007,1.81690,1.82263
Week 3,09 Oct 2007,1.79993,1.80564
Week 4,16 Oct 2007,1.78860,1.81258

Week 1,23 Oct 2007,1.78883,1.79450
Week 2,30 Oct 2007,1.74931,1.75489
Week 3,06 Nov 2007,1.74313,1.74876
Week 4,13 Nov 2007,1.74971,1.75517

Week 1,20 Nov 2007,1.77768,1.78273
Week 2,27 Nov 2007,1.79850,1.80352
Week 3,04 Dec 2007,1.78162,1.78681
Week 4,11 Dec 2007,1.77486,1.78024

Week 1,18 Dec 2007,1.79755,1.80300
Week 2,25 Dec 2007,1.77418,1.77948
Week 3,01 Jan 2008,1.75587,1.77900
Week 4,08 Jan 2008,1.75513,1.76336

Week 1,15 Jan 2008,1.76892,1.77445
Week 2,22 Jan 2008,1.79496,1.80069
Week 3,29 Jan 2008,1.76186,1.76717
Week 4,05 Feb 2008,1.75481,1.76149

Week 1,12 Feb 2008,1.74493,1.75933
Week 2,19 Feb 2008,1.72000,1.72480
Week 3,26 Feb 2008,1.68222,1.68833
Week 4,04 Mar 2008,1.67803,1.68323

Week 1,11 Mar 2008,1.69660,1.70226
Week 2,18 Mar 2008,1.72369,1.73004
Week 3,25 Mar 2008,1.73611,1.74086
Week 4,01 Apr 2008,1.72421,1.72951

Week 1,08 Apr 2008,1.69099,1.69582
Week 2,15 Apr 2008,1.66769,1.67463
Week 3,22 Apr 2008,1.66398,1.66848
Week 4,29 Apr 2008,1.66428,1.66947

Week 1,06 May 2008,1.67412,1.67877
Week 2,13 May 2008,1.65606,1.66060
Week 3,20 May 2008,1.64967,1.65492
Week 4,27 May 2008,1.64433,1.64930

Week 1,03 Jun 2008,1.62529,1.63035
Week 2,10 Jun 2008,1.63261,1.63768
Week 3,17 Jun 2008,1.60815,1.61296
Week 4,24 Jun 2008,1.60120,1.60648

Week 1,01 Jul 2008,1.60172,1.60738
Week 2,08 Jul 2008,1.60404,1.60902
Week 3,15 Jul 2008,1.59134,1.59627
Week 4,22 Jul 2008,1.57687,1.58190

Week 1,29 Jul 2008,1.56228,1.56729
Week 2,05 Aug 2008,1.58517,1.59402
Week 3,12 Aug 2008,1.62234,1.62848
Week 4,19 Aug 2008,1.62071,1.62615

Week 1,26 Aug 2008,1.62628,1.63170
Week 2,02 Sep 2008,1.68776,1.69338
Week 3,09 Sep 2008,1.76989,1.77563
Week 4,16 Sep 2008,1.83388,1.84271

Week 1,23 Sep 2008,1.83150,1.83960
Week 2,30 Sep 2008,1.95236,1.96590
Week 3,07 Oct 2008,2.24563,2.26447
Week 4,14 Oct 2008,2.13189,2.16818

Week 1,21 Oct 2008,2.25260,2.26487
Week 2,28 Oct 2008,2.14629,2.18349
Week 3,04 Nov 2008,2.14612,2.15816
Week 4,11 Nov 2008,2.24058,2.26734

Week 1,18 Nov 2008,2.37227,2.39090
Week 2,25 Nov 2008,2.30340,2.31931
Week 3,02 Dec 2008,2.46592,2.49630
Week 4,09 Dec 2008,2.40745,2.43116

Week 1,16 Dec 2008,2.36508,2.37627
Week 2,23 Dec 2008,2.34040,2.41478
Week 3,30 Dec 2008,2.33825,2.35206
Week 4,06 Jan 2009,2.25923,2.27533

Week 1,13 Jan 2009,2.31911,2.34649
Week 2,20 Jan 2009,2.32954,2.36463
Week 3,27 Jan 2009,2.30039,2.31276
Week 4,03 Feb 2009,2.27944,2.30255

Week 1,10 Feb 2009,2.26031,2.28359
Week 2,17 Feb 2009,2.32537,2.35983
Week 3,24 Feb 2009,2.36001,2.38352
Week 4,03 Mar 2009,2.38020,2.40837

Week 1,10 Mar 2009,2.32151,2.33829
Week 2,17 Mar 2009,2.24872,2.27733
Week 3,24 Mar 2009,2.25541,2.26293
Week 4,31 Mar 2009,2.25064,2.27612

Week 1,07 Apr 2009,2.19603,2.20304
Week 2,14 Apr 2009,2.18140,2.18883
Week 3,21 Apr 2009,2.19899,2.22462
Week 4,28 Apr 2009,2.17830,2.18966

Week 1,05 May 2009,2.10009,2.12751
Week 2,12 May 2009,2.07597,2.08506
Week 3,19 May 2009,2.03893,2.04550
Week 4,26 May 2009,2.00522,2.01141

Week 1,02 Jun 2009,1.94261,1.97087
Week 2,09 Jun 2009,1.94343,1.95024
Week 3,16 Jun 2009,1.94148,1.97413
Week 4,23 Jun 2009,1.96428,1.97133

Week 1,30 Jun 2009,1.93891,1.95963
Week 2,07 Jul 2009,1.97677,1.99919
Week 3,14 Jul 2009,1.94595,1.95238
Week 4,21 Jul 2009,1.89798,1.90442

Week 1,28 Jul 2009,1.87519,1.88023
Week 2,04 Aug 2009,1.81859,1.83816
Week 3,11 Aug 2009,1.83739,1.84324
Week 4,18 Aug 2009,1.83556,1.85939

Week 1,25 Aug 2009,1.84504,1.87363
Week 2,01 Sep 2009,1.86633,1.87365
Week 3,08 Sep 2009,1.82462,1.82935
Week 4,15 Sep 2009,1.80571,1.81183

Week 1,22 Sep 2009,1.79290,1.81340
Week 2,29 Sep 2009,1.77288,1.79254
Week 3,06 Oct 2009,1.73626,1.76415
Week 4,13 Oct 2009,1.70288,1.73091

Week 1,20 Oct 2009,1.72263,1.72762
Week 2,27 Oct 2009,1.73300,1.75048
Week 3,03 Nov 2009,1.72966,1.73577
Week 4,10 Nov 2009,1.71722,1.72192

Week 1,17 Nov 2009,1.72106,1.72679
Week 2,24 Nov 2009,1.73378,1.73826
Week 3,01 Dec 2009,1.72428,1.72885
Week 4,08 Dec 2009,1.75155,1.75735

Week 1,15 Dec 2009,1.76698,1.77152
Week 2,22 Dec 2009,1.75235,1.78631
Week 3,29 Dec 2009,1.73880,1.74719
Week 4,05 Jan 2010,1.72937,1.73386

Week 1,12 Jan 2010,1.74758,1.76174
Week 2,19 Jan 2010,1.79181,1.79954
Week 3,26 Jan 2010,1.84612,1.86063
Week 4,02 Feb 2010,1.86204,1.87084

Week 1,09 Feb 2010,1.85018,1.86927
Week 2,16 Feb 2010,1.82248,1.83736
Week 3,23 Feb 2010,1.80959,1.82537
Week 4,02 Mar 2010,1.77196,1.80300

Week 1,09 Mar 2010,1.76883,1.77536
Week 2,16 Mar 2010,1.77650,1.78436
Week 3,23 Mar 2010,1.78771,1.82246
Week 4,30 Mar 2010,1.77738,1.78715

Week 1,06 Apr 2010,1.75979,1.77414
Week 2,13 Apr 2010,1.74935,1.76067
Week 3,20 Apr 2010,1.75586,1.76116
Week 4,27 Apr 2010,1.72896,1.75389

Week 1,04 May 2010,1.78646,1.81709
Week 2,11 May 2010,1.78481,1.79346
Week 3,18 May 2010,1.83786,1.84645
Week 4,25 May 2010,1.83136,1.84833

Week 1,01 Jun 2010,1.81539,1.84673
Week 2,08 Jun 2010,1.83027,1.83615
Week 3,15 Jun 2010,1.77255,1.80140
Week 4,22 Jun 2010,1.77632,1.78487

Week 1,29 Jun 2010,1.77243,1.80471
Week 2,06 Jul 2010,1.76362,1.77012
Week 3,13 Jul 2010,1.75211,1.78263
Week 4,20 Jul 2010,1.76586,1.78170

Week 1,27 Jul 2010,1.76009,1.76544
Week 2,03 Aug 2010,1.75265,1.75882
Week 3,10 Aug 2010,1.76258,1.76829
Week 4,17 Aug 2010,1.74339,1.77360

Week 1,24 Aug 2010,1.74769,1.77031
Week 2,31 Aug 2010,1.73099,1.74770
Week 3,07 Sep 2010,1.72145,1.72726
Week 4,14 Sep 2010,1.70277,1.72889

Week 1,21 Sep 2010,1.71465,1.72267
Week 2,28 Sep 2010,1.68805,1.70700
Week 3,05 Oct 2010,1.67139,1.68571
Week 4,12 Oct 2010,1.65167,1.67127

Week 1,19 Oct 2010,1.68236,1.68894
Week 2,26 Oct 2010,1.70219,1.70728
Week 3,02 Nov 2010,1.68523,1.69222
Week 4,09 Nov 2010,1.70754,1.71206

Week 1,16 Nov 2010,1.71902,1.72422
Week 2,23 Nov 2010,1.72324,1.72818
Week 3,30 Nov 2010,1.70288,1.70765
Week 4,07 Dec 2010,1.69364,1.69879

Week 1,14 Dec 2010,1.69599,1.71464
Week 2,21 Dec 2010,1.69269,1.70330
Week 3,28 Dec 2010,1.66701,1.67985
Week 4,04 Jan 2011,1.67088,1.67684

Week 1,11 Jan 2011,1.67866,1.68513
Week 2,18 Jan 2011,1.66373,1.68160
Week 3,25 Jan 2011,1.67250,1.67884
Week 4,01 Feb 2011,1.66119,1.68063

Week 1,08 Feb 2011,1.66603,1.67199
Week 2,15 Feb 2011,1.66486,1.67060
Week 3,22 Feb 2011,1.66352,1.66836
Week 4,01 Mar 2011,1.65266,1.65652

Week 1,08 Mar 2011,1.65614,1.65963
Week 2,15 Mar 2011,1.66755,1.67190
Week 3,22 Mar 2011,1.65903,1.66357
Week 4,29 Mar 2011,1.63494,1.63792

Week 1,05 Apr 2011,1.59459,1.59896
Week 2,12 Apr 2011,1.57832,1.58198
Week 3,19 Apr 2011,1.56947,1.57405
Week 4,26 Apr 2011,1.56858,1.57220

Week 1,03 May 2011,1.59685,1.60082
Week 2,10 May 2011,1.62247,1.62536
Week 3,17 May 2011,1.61893,1.62316
Week 4,24 May 2011,1.61610,1.61979

Week 1,31 May 2011,1.58112,1.58498
Week 2,07 Jun 2011,1.58420,1.58866
Week 3,14 Jun 2011,1.59280,1.59753
Week 4,21 Jun 2011,1.59419,1.59737

Week 1,28 Jun 2011,1.56763,1.57313
Week 2,05 Jul 2011,1.55982,1.56364
Week 3,12 Jul 2011,1.57226,1.57681
Week 4,19 Jul 2011,1.56106,1.56375

Week 1,26 Jul 2011,1.54927,1.55219
Week 2,02 Aug 2011,1.57410,1.57986
Week 3,09 Aug 2011,1.61232,1.61847
Week 4,16 Aug 2011,1.59374,1.60070

Week 1,23 Aug 2011,1.60337,1.60776
Week 2,30 Aug 2011,1.60764,1.61139
Week 3,06 Sep 2011,1.65970,1.66368
Week 4,13 Sep 2011,1.70636,1.70964

Week 1,20 Sep 2011,1.82587,1.83122
Week 2,27 Sep 2011,1.83252,1.83710
Week 3,04 Oct 2011,1.82024,1.82591
Week 4,11 Oct 2011,1.74963,1.75497

Week 1,18 Oct 2011,1.76489,1.76926
Week 2,25 Oct 2011,1.72847,1.73210
Week 3,01 Nov 2011,1.72826,1.73369
Week 4,08 Nov 2011,1.74847,1.75307

Week 1,15 Nov 2011,1.76864,1.77563
Week 2,22 Nov 2011,1.84733,1.85396
Week 3,29 Nov 2011,1.81593,1.82785
Week 4,06 Dec 2011,1.79821,1.80332

Week 1,13 Dec 2011,1.84876,1.85466
Week 2,20 Dec 2011,1.85470,1.85971
Week 3,27 Dec 2011,1.86251,1.86740
Week 4,03 Jan 2012,1.84513,1.85016

Week 1,10 Jan 2012,1.80343,1.80779
Week 2,17 Jan 2012,1.76943,1.77498
Week 3,24 Jan 2012,1.74694,1.75219
Week 4,31 Jan 2012,1.72938,1.73299

Week 1,07 Feb 2012,1.71975,1.72446
Week 2,14 Feb 2012,1.71664,1.72127
Week 3,21 Feb 2012,1.71023,1.71432
Week 4,28 Feb 2012,1.71459,1.71906

Week 1,06 Mar 2012,1.76430,1.76801
Week 2,13 Mar 2012,1.79848,1.80313
Week 3,20 Mar 2012,1.81192,1.82053
Week 4,27 Mar 2012,1.82028,1.82471

Week 1,03 Apr 2012,1.82557,1.82896
Week 2,10 Apr 2012,1.82908,1.83484
Week 3,17 Apr 2012,1.86361,1.86756
Week 4,24 Apr 2012,1.88071,1.88461

Week 1,01 May 2012,1.90595,1.91722
Week 2,08 May 2012,1.94768,1.95223
Week 3,15 May 2012,2.00242,2.00627
Week 4,22 May 2012,2.02349,2.02924

Week 1,29 May 2012,2.01139,2.01581
Week 2,05 Jun 2012,2.02571,2.03770
Week 3,12 Jun 2012,2.05043,2.05763
Week 4,19 Jun 2012,2.05000,2.05405

Week 1,26 Jun 2012,2.05328,2.05912
Week 2,03 Jul 2012,2.01253,2.02398
Week 3,10 Jul 2012,2.03345,2.03833
Week 4,17 Jul 2012,2.02327,2.02898

Week 1,24 Jul 2012,2.02836,2.03238
Week 2,31 Jul 2012,2.03599,2.03984
Week 3,07 Aug 2012,2.01954,2.02335
Week 4,14 Aug 2012,2.01840,2.02066

Week 1,21 Aug 2012,2.01826,2.02486
Week 2,28 Aug 2012,2.03453,2.04155
Week 3,04 Sep 2012,2.02954,2.03613
Week 4,11 Sep 2012,2.01597,2.02254

Week 1,18 Sep 2012,2.02020,2.02672
Week 2,25 Sep 2012,2.02506,2.03143
Week 3,02 Oct 2012,2.02088,2.02989
Week 4,09 Oct 2012,2.03354,2.04270

Week 1,16 Oct 2012,2.02971,2.03410
Week 2,23 Oct 2012,2.02449,2.02853
Week 3,30 Oct 2012,2.02940,2.03324
Week 4,06 Nov 2012,2.03646,2.04195

Week 1,13 Nov 2012,2.06479,2.06989
Week 2,20 Nov 2012,2.08475,2.09032
Week 3,27 Nov 2012,2.10173,2.10595
Week 4,04 Dec 2012,2.09377,2.09776

Week 1,11 Dec 2012,2.07899,2.08291
Week 2,18 Dec 2012,2.07359,2.08708
Week 3,25 Dec 2012,2.05769,2.06159
Week 4,01 Jan 2013,2.04143,2.04574

Week 1,08 Jan 2013,2.03222,2.03648
Week 2,15 Jan 2013,2.03544,2.04256
Week 3,22 Jan 2013,2.03336,2.03819
Week 4,29 Jan 2013,1.98986,1.99820

Week 1,05 Feb 2013,1.97831,1.98243
Week 2,12 Feb 2013,1.96491,1.96906
Week 3,19 Feb 2013,1.96311,1.97013
Week 4,26 Feb 2013,1.97519,1.98247

Week 1,05 Mar 2013,1.95929,1.96342
Week 2,12 Mar 2013,1.96791,1.97291
Week 3,19 Mar 2013,1.99409,2.00016
Week 4,26 Mar 2013,2.01365,2.02006

Week 1,02 Apr 2013,2.00849,2.01477
Week 2,09 Apr 2013,1.97289,1.98383
Week 3,16 Apr 2013,1.99664,2.00408
Week 4,23 Apr 2013,2.00522,2.01223

Week 1,30 Apr 2013,2.00339,2.00985
Week 2,07 May 2013,2.00919,2.01494
Week 3,14 May 2013,2.01904,2.02802
Week 4,21 May 2013,2.03918,2.04918

Week 1,28 May 2013,2.09300,2.10254
Week 2,04 Jun 2013,2.12598,2.13708
Week 3,11 Jun 2013,2.13594,2.14543
Week 4,18 Jun 2013,2.20717,2.21585

Week 1,25 Jun 2013,2.21028,2.22341
Week 2,02 Jul 2013,2.24503,2.25259
Week 3,09 Jul 2013,2.25925,2.26695
Week 4,16 Jul 2013,2.23459,2.24076

Week 1,23 Jul 2013,2.23786,2.24654
Week 2,30 Jul 2013,2.27732,2.28623
Week 3,06 Aug 2013,2.28623,2.29218
Week 4,13 Aug 2013,2.33211,2.33910

Week 1,20 Aug 2013,2.40246,2.41353
Week 2,27 Aug 2013,2.36812,2.37520
Week 3,03 Sep 2013,2.34293,2.35085
Week 4,10 Sep 2013,2.27693,2.28832

Week 1,17 Sep 2013,2.22740,2.23508
Week 2,24 Sep 2013,2.22375,2.23298
Week 3,01 Oct 2013,2.20919,2.21966
Week 4,08 Oct 2013,2.18809,2.20080

Week 1,15 Oct 2013,2.16966,2.17733
Week 2,22 Oct 2013,2.17989,2.18793
Week 3,29 Oct 2013,2.21170,2.21868
Week 4,05 Nov 2013,2.28215,2.29337

Week 1,12 Nov 2013,2.32043,2.32722
Week 2,19 Nov 2013,2.27965,2.28532
Week 3,26 Nov 2013,2.31094,2.31826
Week 4,03 Dec 2013,2.34884,2.35571

Week 1,10 Dec 2013,2.32237,2.33335
Week 2,17 Dec 2013,2.34816,2.35557
Week 3,24 Dec 2013,2.34909,2.35860
Week 4,31 Dec 2013,2.36444,2.37727

Week 1,07 Jan 2014,2.37095,2.37853
Week 2,14 Jan 2014,2.35027,2.35916
Week 3,21 Jan 2014,2.37356,2.38324
Week 4,28 Jan 2014,2.41509,2.42405

Week 1,04 Feb 2014,2.39375,2.40360
Week 2,11 Feb 2014,2.39413,2.40483
Week 3,18 Feb 2014,2.36913,2.37767
Week 4,25 Feb 2014,2.33524,2.34274

Week 1,04 Mar 2014,2.33192,2.33904
Week 2,11 Mar 2014,2.34717,2.35577
Week 3,18 Mar 2014,2.33016,2.34186
Week 4,25 Mar 2014,2.28483,2.29325

Week 1,01 Apr 2014,2.25825,2.26924
Week 2,08 Apr 2014,2.20687,2.21520
Week 3,15 Apr 2014,2.22714,2.23485
Week 4,22 Apr 2014,2.23041,2.23766

Week 1,29 Apr 2014,2.22442,2.23245
Week 2,06 May 2014,2.21752,2.22498
Week 3,13 May 2014,2.21003,2.21777
Week 4,20 May 2014,2.21157,2.21852

Week 1,27 May 2014,2.22997,2.23665
Week 2,03 Jun 2014,2.25810,2.26586
Week 3,10 Jun 2014,2.22573,2.23356
Week 4,17 Jun 2014,2.23097,2.23762

Week 1,24 Jun 2014,2.20667,2.21238
Week 2,01 Jul 2014,2.20735,2.21493
Week 3,08 Jul 2014,2.21449,2.22294
Week 4,15 Jul 2014,2.22355,2.23257

Week 1,22 Jul 2014,2.21805,2.22588
Week 2,29 Jul 2014,2.24190,2.24971
Week 3,05 Aug 2014,2.27323,2.28209
Week 4,12 Aug 2014,2.26747,2.27522

Week 1,19 Aug 2014,2.26106,2.26993
Week 2,26 Aug 2014,2.24981,2.26312
Week 3,02 Sep 2014,2.23330,2.24938
Week 4,09 Sep 2014,2.27989,2.29463

Week 1,16 Sep 2014,2.35109,2.35932
Week 2,23 Sep 2014,2.40447,2.41898
Week 3,30 Sep 2014,2.45711,2.46512
Week 4,07 Oct 2014,2.40634,2.41976

Week 1,14 Oct 2014,2.42676,2.43447
Week 2,21 Oct 2014,2.46596,2.47249
Week 3,28 Oct 2014,2.45996,2.46834
Week 4,04 Nov 2014,2.52167,2.53946

Week 1,11 Nov 2014,2.57020,2.58154
Week 2,18 Nov 2014,2.56090,2.56701
Week 3,25 Nov 2014,2.52657,2.54304
Week 4,02 Dec 2014,2.57448,2.58053

Week 1,09 Dec 2014,2.62235,2.62968
Week 2,16 Dec 2014,2.67860,2.68508
Week 3,23 Dec 2014,2.67948,2.68585
Week 4,30 Dec 2014,2.67623,2.68416

Week 1,06 Jan 2015,2.67032,2.67782
Week 2,13 Jan 2015,2.63770,2.64553
Week 3,20 Jan 2015,2.59718,2.60477
Week 4,27 Jan 2015,2.61564,2.62353

Week 1,03 Feb 2015,2.73707,2.74428
Week 2,10 Feb 2015,2.82091,2.82956
Week 3,17 Feb 2015,2.84749,2.85419
Week 4,24 Feb 2015,2.86078,2.86872

Week 1,03 Mar 2015,2.97363,2.98190
Week 2,10 Mar 2015,3.16065,3.16848
Week 3,17 Mar 2015,3.24310,3.25016
Week 4,24 Mar 2015,3.19269,3.20093

Week 1,31 Mar 2015,3.16556,3.17394
Week 2,07 Apr 2015,3.08384,3.09264
Week 3,14 Apr 2015,3.05302,3.06148
Week 4,21 Apr 2015,2.99408,3.00123

Week 1,28 Apr 2015,2.97075,2.97889
Week 2,05 May 2015,3.02259,3.02944
Week 3,12 May 2015,3.00829,3.01514
Week 4,19 May 2015,3.04090,3.04772

Week 1,26 May 2015,3.14560,3.15507
Week 2,02 Jun 2015,3.14587,3.15321
Week 3,09 Jun 2015,3.11016,3.11654
Week 4,16 Jun 2015,3.08942,3.09580

Week 1,23 Jun 2015,3.10410,3.11186
Week 2,30 Jun 2015,3.12318,3.13287
Week 3,07 Jul 2015,3.17670,3.18487
Week 4,14 Jul 2015,3.15672,3.16330

Week 1,21 Jul 2015,3.26065,3.26643
Week 2,28 Jul 2015,3.37546,3.38294
Week 3,04 Aug 2015,3.48541,3.49120
Week 4,11 Aug 2015,3.48064,3.48861

Week 1,18 Aug 2015,3.48155,3.48879
Week 2,25 Aug 2015,3.56815,3.57539
Week 3,01 Sep 2015,3.73575,3.74471
Week 4,08 Sep 2015,3.83741,3.84554

Week 1,15 Sep 2015,3.88032,3.88819
Week 2,22 Sep 2015,4.03871,4.04825
Week 3,29 Sep 2015,3.98873,3.99687
Week 4,06 Oct 2015,3.82929,3.83679

Week 1,13 Oct 2015,3.83965,3.84643
Week 2,20 Oct 2015,3.89818,3.90627
Week 3,27 Oct 2015,3.87924,3.88707
Week 4,03 Nov 2015,3.79221,3.79940

Week 1,10 Nov 2015,3.80296,3.80913
Week 2,17 Nov 2015,3.75936,3.76623
Week 3,24 Nov 2015,3.76253,3.77093
Week 4,01 Dec 2015,3.79884,3.80788

Week 1,08 Dec 2015,3.80631,3.81184
Week 2,15 Dec 2015,3.91320,3.92011
Week 3,22 Dec 2015,3.96281,3.96914
Week 4,29 Dec 2015,3.92843,3.93521

Week 1,05 Jan 2016,4.02268,4.02989
Week 2,12 Jan 2016,4.03017,4.03690
Week 3,19 Jan 2016,4.08509,4.09269
Week 4,26 Jan 2016,4.05224,4.05878

Week 1,02 Feb 2016,3.92795,3.93549
Week 2,09 Feb 2016,3.94436,3.95245
Week 3,16 Feb 2016,4.01568,4.02304
Week 4,23 Feb 2016,3.97017,3.97663

Week 1,01 Mar 2016,3.86135,3.86899
Week 2,08 Mar 2016,3.67604,3.68259
Week 3,15 Mar 2016,3.65941,3.66687
Week 4,22 Mar 2016,3.65129,3.66016

Week 1,29 Mar 2016,3.60231,3.60929
Week 2,05 Apr 2016,3.62247,3.62959
Week 3,12 Apr 2016,3.51509,3.52100
Week 4,19 Apr 2016,3.55161,3.55940

Week 1,26 Apr 2016,3.49482,3.50260
Week 2,03 May 2016,3.51317,3.52011
Week 3,10 May 2016,3.49570,3.50324
Week 4,17 May 2016,3.53700,3.54515

Week 1,24 May 2016,3.58233,3.58995
Week 2,31 May 2016,3.56665,3.57414
Week 3,07 Jun 2016,3.43035,3.43704
Week 4,14 Jun 2016,3.44726,3.45512

Week 1,21 Jun 2016,3.37680,3.38390
Week 2,28 Jun 2016,3.27288,3.27928
Week 3,05 Jul 2016,3.29764,3.30456
Week 4,12 Jul 2016,3.27661,3.28474

Week 1,19 Jul 2016,3.25808,3.26589
Week 2,26 Jul 2016,3.26383,3.27121
Week 3,02 Aug 2016,3.21415,3.22116
Week 4,09 Aug 2016,3.15977,3.16594

Week 1,16 Aug 2016,3.20376,3.20946
Week 2,23 Aug 2016,3.23116,3.23604
Week 3,30 Aug 2016,3.24523,3.24913
Week 4,06 Sep 2016,3.23919,3.24234

Week 1,13 Sep 2016,3.28763,3.29196
Week 2,20 Sep 2016,3.24171,3.24537
Week 3,27 Sep 2016,3.24428,3.24759
Week 4,04 Oct 2016,3.22703,3.23169

Week 1,11 Oct 2016,3.20055,3.20416
Week 2,18 Oct 2016,3.16830,3.17190
Week 3,25 Oct 2016,3.15673,3.16041
Week 4,01 Nov 2016,3.23230,3.23599

Week 1,08 Nov 2016,3.29556,3.30074
Week 2,15 Nov 2016,3.41256,3.41641
Week 3,22 Nov 2016,3.39902,3.40262
Week 4,29 Nov 2016,3.44608,3.45091

Week 1,06 Dec 2016,3.39869,3.40239
Week 2,13 Dec 2016,3.36647,3.36980
Week 3,20 Dec 2016,3.31685,3.32104
Week 4,27 Dec 2016,3.26374,3.26760

Week 1,03 Jan 2017,3.23350,3.23743
Week 2,10 Jan 2017,3.20338,3.20723
Week 3,17 Jan 2017,3.20122,3.20539
Week 4,24 Jan 2017,3.15844,3.16332

Week 1,31 Jan 2017,3.12597,3.13037
Week 2,07 Feb 2017,3.11700,3.12102
Week 3,14 Feb 2017,3.09292,3.09669
Week 4,21 Feb 2017,3.08980,3.09307

Week 1,28 Feb 2017,3.11421,3.11802
Week 2,07 Mar 2017,3.14252,3.14583
Week 3,14 Mar 2017,3.12178,3.12540
Week 4,21 Mar 2017,3.09881,3.10221

Week 1,28 Mar 2017,3.12665,3.13002
Week 2,04 Apr 2017,3.12535,3.12866
Week 3,11 Apr 2017,3.13898,3.14208
Week 4,18 Apr 2017,3.13270,3.13685

Week 1,25 Apr 2017,3.16261,3.16626
Week 2,02 May 2017,3.17124,3.17542
Week 3,09 May 2017,3.15614,3.15993
Week 4,16 May 2017,3.19530,3.19876

Week 1,23 May 2017,3.26494,3.26828
Week 2,30 May 2017,3.24772,3.25101
Week 3,06 Jun 2017,3.27647,3.27969
Week 4,13 Jun 2017,3.28994,3.29294

Week 1,20 Jun 2017,3.32221,3.32877
Week 2,27 Jun 2017,3.30102,3.30481
Week 3,04 Jul 2017,3.29255,3.29676
Week 4,11 Jul 2017,3.21685,3.22009

Week 1,18 Jul 2017,3.15080,3.15435
Week 2,25 Jul 2017,3.14532,3.14852
Week 3,01 Aug 2017,3.12456,3.12816
Week 4,08 Aug 2017,3.15745,3.16085

Week 1,15 Aug 2017,3.16512,3.16807
Week 2,22 Aug 2017,3.15286,3.15627
Week 3,29 Aug 2017,3.15134,3.15467
Week 4,05 Sep 2017,3.10828,3.11167

Week 1,12 Sep 2017,3.11445,3.11869
Week 2,19 Sep 2017,3.12803,3.13144
Week 3,26 Sep 2017,3.16615,3.16951
Week 4,03 Oct 2017,3.14935,3.15323

Week 1,10 Oct 2017,3.16248,3.16570
Week 2,17 Oct 2017,3.17338,3.17705
Week 3,24 Oct 2017,3.24099,3.24437
Week 4,31 Oct 2017,3.28181,3.28569

Week 1,07 Nov 2017,3.26715,3.27159
Week 2,14 Nov 2017,3.27908,3.28272
Week 3,21 Nov 2017,3.23836,3.24161
Week 4,28 Nov 2017,3.24198,3.24591

Week 1,05 Dec 2017,3.24248,3.24523


