USD->SAR

Week 1,01 Dec 1998,3.75072,3.75125
Week 2,08 Dec 1998,3.74959,3.75260
Week 3,15 Dec 1998,3.75149,3.75345
Week 4,22 Dec 1998,3.75049,3.75131

Week 1,29 Dec 1998,3.75049,3.75133
Week 2,05 Jan 1999,3.75014,3.75066
Week 3,12 Jan 1999,3.75147,3.75340
Week 4,19 Jan 1999,3.75100,3.75682

Week 1,26 Jan 1999,3.75019,3.75114
Week 2,02 Feb 1999,3.75034,3.75124
Week 3,09 Feb 1999,3.75001,3.75109
Week 4,16 Feb 1999,3.75084,3.75143

Week 1,23 Feb 1999,3.75104,3.75187
Week 2,02 Mar 1999,3.75023,3.75084
Week 3,09 Mar 1999,3.74958,3.75057
Week 4,16 Mar 1999,3.75009,3.75064

Week 1,23 Mar 1999,3.74985,3.75091
Week 2,30 Mar 1999,3.75017,3.75071
Week 3,06 Apr 1999,3.74988,3.75076
Week 4,13 Apr 1999,3.74996,3.75062

Week 1,20 Apr 1999,3.75003,3.75046
Week 2,27 Apr 1999,3.75019,3.75061
Week 3,04 May 1999,3.75011,3.75077
Week 4,11 May 1999,3.75034,3.75067

Week 1,18 May 1999,3.75031,3.75069
Week 2,25 May 1999,3.75034,3.75069
Week 3,01 Jun 1999,3.75030,3.75070
Week 4,08 Jun 1999,3.75041,3.75077

Week 1,15 Jun 1999,3.75034,3.75076
Week 2,22 Jun 1999,3.75041,3.75077
Week 3,29 Jun 1999,3.75040,3.75074
Week 4,06 Jul 1999,3.75026,3.75069

Week 1,13 Jul 1999,3.75036,3.75062
Week 2,20 Jul 1999,3.75031,3.75060
Week 3,27 Jul 1999,3.75025,3.75061
Week 4,03 Aug 1999,3.74987,3.75070

Week 1,10 Aug 1999,3.75011,3.75064
Week 2,17 Aug 1999,3.75013,3.75049
Week 3,24 Aug 1999,3.75017,3.75053
Week 4,31 Aug 1999,3.75041,3.75076

Week 1,07 Sep 1999,3.75040,3.75070
Week 2,14 Sep 1999,3.75017,3.75052
Week 3,21 Sep 1999,3.75009,3.75049
Week 4,28 Sep 1999,3.75000,3.75054

Week 1,05 Oct 1999,3.75007,3.75056
Week 2,12 Oct 1999,3.75023,3.75053
Week 3,19 Oct 1999,3.75028,3.75057
Week 4,26 Oct 1999,3.75014,3.75055

Week 1,02 Nov 1999,3.75019,3.75082
Week 2,09 Nov 1999,3.75036,3.75069
Week 3,16 Nov 1999,3.75010,3.75051
Week 4,23 Nov 1999,3.75009,3.75067

Week 1,30 Nov 1999,3.75000,3.75060
Week 2,07 Dec 1999,3.75034,3.75067
Week 3,14 Dec 1999,3.75034,3.75065
Week 4,21 Dec 1999,3.75011,3.75055

Week 1,28 Dec 1999,3.75000,3.75063
Week 2,04 Jan 2000,3.75016,3.75067
Week 3,11 Jan 2000,3.75015,3.75035
Week 4,18 Jan 2000,3.75029,3.75051

Week 1,25 Jan 2000,3.75044,3.75061
Week 2,01 Feb 2000,3.75019,3.75051
Week 3,08 Feb 2000,3.75011,3.75038
Week 4,15 Feb 2000,3.75021,3.75048

Week 1,22 Feb 2000,3.75043,3.75067
Week 2,29 Feb 2000,3.75029,3.75054
Week 3,07 Mar 2000,3.75012,3.75039
Week 4,14 Mar 2000,3.75007,3.75037

Week 1,21 Mar 2000,3.75009,3.75039
Week 2,28 Mar 2000,3.75016,3.75044
Week 3,04 Apr 2000,3.75037,3.75067
Week 4,11 Apr 2000,3.75036,3.75066

Week 1,18 Apr 2000,3.75042,3.75072
Week 2,25 Apr 2000,3.75053,3.75083
Week 3,02 May 2000,3.75034,3.75064
Week 4,09 May 2000,3.75017,3.75047

Week 1,16 May 2000,3.75032,3.75062
Week 2,23 May 2000,3.75028,3.75058
Week 3,30 May 2000,3.75038,3.75068
Week 4,06 Jun 2000,3.75041,3.75071

Week 1,13 Jun 2000,3.75034,3.75064
Week 2,20 Jun 2000,3.75031,3.75061
Week 3,27 Jun 2000,3.75038,3.75068
Week 4,04 Jul 2000,3.75045,3.75075

Week 1,11 Jul 2000,3.75046,3.75076
Week 2,18 Jul 2000,3.75059,3.75085
Week 3,25 Jul 2000,3.75055,3.75090
Week 4,01 Aug 2000,3.75052,3.75082

Week 1,08 Aug 2000,3.75053,3.75087
Week 2,15 Aug 2000,3.75031,3.75084
Week 3,22 Aug 2000,3.75038,3.75088
Week 4,29 Aug 2000,3.75053,3.75084

Week 1,05 Sep 2000,3.75049,3.75088
Week 2,12 Sep 2000,3.75053,3.75082
Week 3,19 Sep 2000,3.75054,3.75082
Week 4,26 Sep 2000,3.75056,3.75086

Week 1,03 Oct 2000,3.75059,3.75089
Week 2,10 Oct 2000,3.75052,3.75085
Week 3,17 Oct 2000,3.75067,3.75113
Week 4,24 Oct 2000,3.75068,3.75122

Week 1,31 Oct 2000,3.75081,3.75127
Week 2,07 Nov 2000,3.75061,3.75115
Week 3,14 Nov 2000,3.75071,3.75092
Week 4,21 Nov 2000,3.75067,3.75102

Week 1,28 Nov 2000,3.75071,3.75094
Week 2,05 Dec 2000,3.75051,3.75085
Week 3,12 Dec 2000,3.75025,3.75076
Week 4,19 Dec 2000,3.75015,3.75089

Week 1,26 Dec 2000,3.75009,3.75103
Week 2,02 Jan 2001,3.75016,3.75081
Week 3,09 Jan 2001,3.75039,3.75090
Week 4,16 Jan 2001,3.75041,3.75082

Week 1,23 Jan 2001,3.75048,3.75070
Week 2,30 Jan 2001,3.75005,3.75062
Week 3,06 Feb 2001,3.75016,3.75058
Week 4,13 Feb 2001,3.74992,3.75058

Week 1,20 Feb 2001,3.75038,3.75059
Week 2,27 Feb 2001,3.75036,3.75056
Week 3,06 Mar 2001,3.75027,3.75061
Week 4,13 Mar 2001,3.75028,3.75057

Week 1,20 Mar 2001,3.75004,3.75060
Week 2,27 Mar 2001,3.75010,3.75058
Week 3,03 Apr 2001,3.75012,3.75055
Week 4,10 Apr 2001,3.75024,3.75054

Week 1,17 Apr 2001,3.75033,3.75056
Week 2,24 Apr 2001,3.75024,3.75063
Week 3,01 May 2001,3.75023,3.75057
Week 4,08 May 2001,3.75021,3.75059

Week 1,15 May 2001,3.75021,3.75058
Week 2,22 May 2001,3.75026,3.75059
Week 3,29 May 2001,3.75024,3.75066
Week 4,05 Jun 2001,3.75012,3.75067

Week 1,12 Jun 2001,3.75019,3.75062
Week 2,19 Jun 2001,3.75028,3.75057
Week 3,26 Jun 2001,3.75033,3.75061
Week 4,03 Jul 2001,3.75027,3.75061

Week 1,10 Jul 2001,3.75024,3.75063
Week 2,17 Jul 2001,3.74991,3.75018
Week 3,24 Jul 2001,3.74940,3.74977
Week 4,31 Jul 2001,3.75021,3.75058

Week 1,07 Aug 2001,3.75018,3.75057
Week 2,14 Aug 2001,3.75020,3.75058
Week 3,21 Aug 2001,3.74968,3.74997
Week 4,28 Aug 2001,3.74923,3.74954

Week 1,04 Sep 2001,3.74999,3.75039
Week 2,11 Sep 2001,3.75004,3.75013
Week 3,18 Sep 2001,3.75024,3.75096
Week 4,25 Sep 2001,3.75030,3.75130

Week 1,02 Oct 2001,3.74989,3.75089
Week 2,09 Oct 2001,3.75013,3.75113
Week 3,16 Oct 2001,3.75011,3.75111
Week 4,23 Oct 2001,3.75006,3.75106

Week 1,30 Oct 2001,3.74989,3.75089
Week 2,06 Nov 2001,3.74987,3.75087
Week 3,13 Nov 2001,3.74980,3.75080
Week 4,20 Nov 2001,3.74970,3.75056

Week 1,27 Nov 2001,3.75017,3.75049
Week 2,04 Dec 2001,3.75006,3.75031
Week 3,11 Dec 2001,3.75017,3.75039
Week 4,18 Dec 2001,3.75013,3.75040

Week 1,25 Dec 2001,3.74993,3.75053
Week 2,01 Jan 2002,3.74999,3.75064
Week 3,08 Jan 2002,3.75020,3.75040
Week 4,15 Jan 2002,3.74993,3.75059

Week 1,22 Jan 2002,3.75010,3.75030
Week 2,29 Jan 2002,3.75000,3.75031
Week 3,05 Feb 2002,3.74997,3.75029
Week 4,12 Feb 2002,3.75009,3.75029

Week 1,19 Feb 2002,3.75029,3.75046
Week 2,26 Feb 2002,3.74986,3.75039
Week 3,05 Mar 2002,3.75004,3.75047
Week 4,12 Mar 2002,3.75013,3.75031

Week 1,19 Mar 2002,3.75010,3.75041
Week 2,26 Mar 2002,3.75014,3.75034
Week 3,02 Apr 2002,3.74980,3.75034
Week 4,09 Apr 2002,3.75011,3.75030

Week 1,16 Apr 2002,3.75017,3.75030
Week 2,23 Apr 2002,3.75020,3.75030
Week 3,30 Apr 2002,3.75020,3.75030
Week 4,07 May 2002,3.75020,3.75030

Week 1,14 May 2002,3.75010,3.75030
Week 2,21 May 2002,3.75016,3.75030
Week 3,28 May 2002,3.74970,3.75070
Week 4,04 Jun 2002,3.74973,3.75073

Week 1,11 Jun 2002,3.74980,3.75080
Week 2,18 Jun 2002,3.74997,3.75071
Week 3,25 Jun 2002,3.75030,3.75044
Week 4,02 Jul 2002,3.74984,3.75059

Week 1,09 Jul 2002,3.75020,3.75039
Week 2,16 Jul 2002,3.74999,3.75064
Week 3,23 Jul 2002,3.75020,3.75040
Week 4,30 Jul 2002,3.75014,3.75037

Week 1,06 Aug 2002,3.75009,3.75053
Week 2,13 Aug 2002,3.75027,3.75054
Week 3,20 Aug 2002,3.75000,3.75054
Week 4,27 Aug 2002,3.75017,3.75060

Week 1,03 Sep 2002,3.75014,3.75046
Week 2,10 Sep 2002,3.75017,3.75049
Week 3,17 Sep 2002,3.75023,3.75054
Week 4,24 Sep 2002,3.74997,3.75079

Week 1,01 Oct 2002,3.75000,3.75044
Week 2,08 Oct 2002,3.74989,3.75051
Week 3,15 Oct 2002,3.74994,3.75083
Week 4,22 Oct 2002,3.75011,3.75047

Week 1,29 Oct 2002,3.74994,3.75071
Week 2,05 Nov 2002,3.75017,3.75064
Week 3,12 Nov 2002,3.75021,3.75046
Week 4,19 Nov 2002,3.74980,3.75069

Week 1,26 Nov 2002,3.74989,3.75054
Week 2,03 Dec 2002,3.74973,3.75073
Week 3,10 Dec 2002,3.74976,3.75076
Week 4,17 Dec 2002,3.74979,3.75079

Week 1,24 Dec 2002,3.74989,3.75059
Week 2,31 Dec 2002,3.75001,3.75061
Week 3,07 Jan 2003,3.74980,3.75069
Week 4,14 Jan 2003,3.74971,3.75067

Week 1,21 Jan 2003,3.74967,3.75067
Week 2,28 Jan 2003,3.74966,3.75066
Week 3,04 Feb 2003,3.74973,3.75073
Week 4,11 Feb 2003,3.74961,3.75061

Week 1,18 Feb 2003,3.74979,3.75067
Week 2,25 Feb 2003,3.74974,3.75074
Week 3,04 Mar 2003,3.74967,3.75067
Week 4,11 Mar 2003,3.74969,3.75069

Week 1,18 Mar 2003,3.74974,3.75074
Week 2,25 Mar 2003,3.74971,3.75071
Week 3,01 Apr 2003,3.74973,3.75073
Week 4,08 Apr 2003,3.74969,3.75069

Week 1,15 Apr 2003,3.74999,3.75041
Week 2,22 Apr 2003,3.75010,3.75030
Week 3,29 Apr 2003,3.75003,3.75034
Week 4,06 May 2003,3.75010,3.75030

Week 1,13 May 2003,3.75013,3.75044
Week 2,20 May 2003,3.75014,3.75046
Week 3,27 May 2003,3.75009,3.75051
Week 4,03 Jun 2003,3.74996,3.75063

Week 1,10 Jun 2003,3.74987,3.75074
Week 2,17 Jun 2003,3.74986,3.75064
Week 3,24 Jun 2003,3.74976,3.75076
Week 4,01 Jul 2003,3.74974,3.75074

Week 1,08 Jul 2003,3.75034,3.75087
Week 2,15 Jul 2003,3.74994,3.75076
Week 3,22 Jul 2003,3.75000,3.75043
Week 4,29 Jul 2003,3.75006,3.75037

Week 1,05 Aug 2003,3.75006,3.75037
Week 2,12 Aug 2003,3.75004,3.75060
Week 3,19 Aug 2003,3.74986,3.75076
Week 4,26 Aug 2003,3.74971,3.75071

Week 1,02 Sep 2003,3.74979,3.75079
Week 2,09 Sep 2003,3.74976,3.75076
Week 3,16 Sep 2003,3.74987,3.75077
Week 4,23 Sep 2003,3.74979,3.75079

Week 1,30 Sep 2003,3.74981,3.75081
Week 2,07 Oct 2003,3.74993,3.75061
Week 3,14 Oct 2003,3.74976,3.75076
Week 4,21 Oct 2003,3.74979,3.75079

Week 1,28 Oct 2003,3.74971,3.75071
Week 2,04 Nov 2003,3.74977,3.75077
Week 3,11 Nov 2003,3.74976,3.75076
Week 4,18 Nov 2003,3.74979,3.75079

Week 1,25 Nov 2003,3.74980,3.75080
Week 2,02 Dec 2003,3.74973,3.75073
Week 3,09 Dec 2003,3.74979,3.75079
Week 4,16 Dec 2003,3.74976,3.75076

Week 1,23 Dec 2003,3.74999,3.75081
Week 2,30 Dec 2003,3.75000,3.75061
Week 3,06 Jan 2004,3.75016,3.75030
Week 4,13 Jan 2004,3.75001,3.75041

Week 1,20 Jan 2004,3.74986,3.75051
Week 2,27 Jan 2004,3.75013,3.75039
Week 3,03 Feb 2004,3.75017,3.75039
Week 4,10 Feb 2004,3.74997,3.75051

Week 1,17 Feb 2004,3.74987,3.75041
Week 2,24 Feb 2004,3.74964,3.75053
Week 3,02 Mar 2004,3.74883,3.74971
Week 4,09 Mar 2004,3.75000,3.75020

Week 1,16 Mar 2004,3.74997,3.75023
Week 2,23 Mar 2004,3.75003,3.75034
Week 3,30 Mar 2004,3.74941,3.75030
Week 4,06 Apr 2004,3.74934,3.75034

Week 1,13 Apr 2004,3.74940,3.75040
Week 2,20 Apr 2004,3.74960,3.75049
Week 3,27 Apr 2004,3.74976,3.75076
Week 4,04 May 2004,3.74934,3.75109

Week 1,11 May 2004,3.74981,3.75077
Week 2,18 May 2004,3.74957,3.75100
Week 3,25 May 2004,3.74957,3.75103
Week 4,01 Jun 2004,3.74964,3.75097

Week 1,08 Jun 2004,3.74951,3.75097
Week 2,15 Jun 2004,3.74943,3.75114
Week 3,22 Jun 2004,3.74941,3.75113
Week 4,29 Jun 2004,3.74946,3.75117

Week 1,06 Jul 2004,3.74943,3.75114
Week 2,13 Jul 2004,3.74933,3.75119
Week 3,20 Jul 2004,3.74944,3.75116
Week 4,27 Jul 2004,3.74936,3.75107

Week 1,03 Aug 2004,3.74941,3.75113
Week 2,10 Aug 2004,3.74927,3.75127
Week 3,17 Aug 2004,3.74941,3.75113
Week 4,24 Aug 2004,3.74939,3.75110

Week 1,31 Aug 2004,3.74937,3.75109
Week 2,07 Sep 2004,3.74930,3.75116
Week 3,14 Sep 2004,3.74927,3.75127
Week 4,21 Sep 2004,3.74940,3.75111

Week 1,28 Sep 2004,3.74941,3.75113
Week 2,05 Oct 2004,3.74941,3.75113
Week 3,12 Oct 2004,3.74929,3.75114
Week 4,19 Oct 2004,3.74973,3.75067

Week 1,26 Oct 2004,3.74993,3.75039
Week 2,02 Nov 2004,3.74993,3.75041
Week 3,09 Nov 2004,3.75006,3.75060
Week 4,16 Nov 2004,3.74977,3.75069

Week 1,23 Nov 2004,3.74976,3.75059
Week 2,30 Nov 2004,3.75000,3.75031
Week 3,07 Dec 2004,3.75000,3.75031
Week 4,14 Dec 2004,3.74969,3.75037

Week 1,21 Dec 2004,3.74983,3.75037
Week 2,28 Dec 2004,3.74989,3.75059
Week 3,04 Jan 2005,3.74993,3.75039
Week 4,11 Jan 2005,3.74993,3.75036

Week 1,18 Jan 2005,3.75016,3.75063
Week 2,25 Jan 2005,3.75006,3.75056
Week 3,01 Feb 2005,3.75001,3.75070
Week 4,08 Feb 2005,3.75009,3.75054

Week 1,15 Feb 2005,3.75003,3.75059
Week 2,22 Feb 2005,3.74990,3.75059
Week 3,01 Mar 2005,3.74999,3.75054
Week 4,08 Mar 2005,3.74971,3.75071

Week 1,15 Mar 2005,3.74980,3.75063
Week 2,22 Mar 2005,3.74996,3.75050
Week 3,29 Mar 2005,3.74993,3.75050
Week 4,05 Apr 2005,3.74990,3.75044

Week 1,12 Apr 2005,3.74991,3.75049
Week 2,19 Apr 2005,3.75013,3.75050
Week 3,26 Apr 2005,3.74994,3.75049
Week 4,03 May 2005,3.75000,3.75050

Week 1,10 May 2005,3.74990,3.75047
Week 2,17 May 2005,3.74991,3.75040
Week 3,24 May 2005,3.74994,3.75044
Week 4,31 May 2005,3.75000,3.75057

Week 1,07 Jun 2005,3.74996,3.75049
Week 2,14 Jun 2005,3.75000,3.75056
Week 3,21 Jun 2005,3.74996,3.75053
Week 4,28 Jun 2005,3.74994,3.75049

Week 1,05 Jul 2005,3.74991,3.75049
Week 2,12 Jul 2005,3.74997,3.75054
Week 3,19 Jul 2005,3.75027,3.75083
Week 4,26 Jul 2005,3.75009,3.75057

Week 1,02 Aug 2005,3.75001,3.75056
Week 2,09 Aug 2005,3.75004,3.75060
Week 3,16 Aug 2005,3.75023,3.75053
Week 4,23 Aug 2005,3.75016,3.75047

Week 1,30 Aug 2005,3.75013,3.75063
Week 2,06 Sep 2005,3.74996,3.75053
Week 3,13 Sep 2005,3.75029,3.75070
Week 4,20 Sep 2005,3.75009,3.75046

Week 1,27 Sep 2005,3.75137,3.75177
Week 2,04 Oct 2005,3.75143,3.75217
Week 3,11 Oct 2005,3.75094,3.75151
Week 4,18 Oct 2005,3.75046,3.75097

Week 1,25 Oct 2005,3.75007,3.75074
Week 2,01 Nov 2005,3.75017,3.75056
Week 3,08 Nov 2005,3.75020,3.75071
Week 4,15 Nov 2005,3.75007,3.75056

Week 1,22 Nov 2005,3.75016,3.75051
Week 2,29 Nov 2005,3.74985,3.75025
Week 3,06 Dec 2005,3.75002,3.75042
Week 4,13 Dec 2005,3.75001,3.75041

Week 1,20 Dec 2005,3.74982,3.75022
Week 2,27 Dec 2005,3.74985,3.75025
Week 3,03 Jan 2006,3.74995,3.75035
Week 4,10 Jan 2006,3.74990,3.75030

Week 1,17 Jan 2006,3.74991,3.75031
Week 2,24 Jan 2006,3.74983,3.75023
Week 3,31 Jan 2006,3.74990,3.75030
Week 4,07 Feb 2006,3.75001,3.75041

Week 1,14 Feb 2006,3.75010,3.75050
Week 2,21 Feb 2006,3.74992,3.75032
Week 3,28 Feb 2006,3.74972,3.75012
Week 4,07 Mar 2006,3.74975,3.75015

Week 1,14 Mar 2006,3.74961,3.75001
Week 2,21 Mar 2006,3.74970,3.75010
Week 3,28 Mar 2006,3.74989,3.75029
Week 4,04 Apr 2006,3.74992,3.75032

Week 1,11 Apr 2006,3.74991,3.75031
Week 2,18 Apr 2006,3.75013,3.75053
Week 3,25 Apr 2006,3.75003,3.75043
Week 4,02 May 2006,3.74983,3.75023

Week 1,09 May 2006,3.74859,3.74907
Week 2,16 May 2006,3.74794,3.74834
Week 3,23 May 2006,3.74961,3.75001
Week 4,30 May 2006,3.74960,3.75000

Week 1,06 Jun 2006,3.74960,3.75000
Week 2,13 Jun 2006,3.74960,3.75000
Week 3,20 Jun 2006,3.74979,3.75019
Week 4,27 Jun 2006,3.75011,3.75051

Week 1,04 Jul 2006,3.75020,3.75060
Week 2,11 Jul 2006,3.74988,3.75028
Week 3,18 Jul 2006,3.74978,3.75018
Week 4,25 Jul 2006,3.75010,3.75050

Week 1,01 Aug 2006,3.75010,3.75050
Week 2,08 Aug 2006,3.74987,3.75073
Week 3,15 Aug 2006,3.74978,3.75075
Week 4,22 Aug 2006,3.74978,3.75075

Week 1,29 Aug 2006,3.74978,3.75075
Week 2,05 Sep 2006,3.74981,3.75075
Week 3,12 Sep 2006,3.74980,3.75075
Week 4,19 Sep 2006,3.75000,3.75094

Week 1,26 Sep 2006,3.75017,3.75112
Week 2,03 Oct 2006,3.75016,3.75095
Week 3,10 Oct 2006,3.75009,3.75105
Week 4,17 Oct 2006,3.74799,3.74894

Week 1,24 Oct 2006,3.74675,3.74769
Week 2,31 Oct 2006,3.74951,3.75045
Week 3,07 Nov 2006,3.74988,3.75081
Week 4,14 Nov 2006,3.74993,3.75087

Week 1,21 Nov 2006,3.75007,3.75102
Week 2,28 Nov 2006,3.75000,3.75095
Week 3,05 Dec 2006,3.74997,3.75091
Week 4,12 Dec 2006,3.74986,3.75081

Week 1,19 Dec 2006,3.74995,3.75090
Week 2,26 Dec 2006,3.75004,3.75107
Week 3,02 Jan 2007,3.75002,3.75118
Week 4,09 Jan 2007,3.75017,3.75110

Week 1,16 Jan 2007,3.75038,3.75146
Week 2,23 Jan 2007,3.75057,3.75149
Week 3,30 Jan 2007,3.75049,3.75142
Week 4,06 Feb 2007,3.75018,3.75112

Week 1,13 Feb 2007,3.74996,3.75088
Week 2,20 Feb 2007,3.74993,3.75085
Week 3,27 Feb 2007,3.74971,3.75035
Week 4,06 Mar 2007,3.74891,3.74984

Week 1,13 Mar 2007,3.74862,3.74955
Week 2,20 Mar 2007,3.74900,3.74993
Week 3,27 Mar 2007,3.74934,3.75026
Week 4,03 Apr 2007,3.74982,3.75083

Week 1,10 Apr 2007,3.75016,3.75111
Week 2,17 Apr 2007,3.74996,3.75088
Week 3,24 Apr 2007,3.74989,3.75081
Week 4,01 May 2007,3.74989,3.75081

Week 1,08 May 2007,3.74994,3.75087
Week 2,15 May 2007,3.75008,3.75101
Week 3,22 May 2007,3.74979,3.75071
Week 4,29 May 2007,3.74985,3.75078

Week 1,05 Jun 2007,3.75009,3.75102
Week 2,12 Jun 2007,3.75000,3.75093
Week 3,19 Jun 2007,3.74996,3.75104
Week 4,26 Jun 2007,3.75018,3.75111

Week 1,03 Jul 2007,3.75020,3.75112
Week 2,10 Jul 2007,3.75022,3.75115
Week 3,17 Jul 2007,3.75004,3.75096
Week 4,24 Jul 2007,3.74976,3.75073

Week 1,31 Jul 2007,3.74994,3.75090
Week 2,07 Aug 2007,3.75002,3.75094
Week 3,14 Aug 2007,3.75038,3.75129
Week 4,21 Aug 2007,3.75047,3.75142

Week 1,28 Aug 2007,3.75038,3.75132
Week 2,04 Sep 2007,3.75027,3.75120
Week 3,11 Sep 2007,3.74994,3.75086
Week 4,18 Sep 2007,3.74195,3.74823

Week 1,25 Sep 2007,3.73261,3.74309
Week 2,02 Oct 2007,3.73275,3.74494
Week 3,09 Oct 2007,3.72979,3.74189
Week 4,16 Oct 2007,3.73012,3.74223

Week 1,23 Oct 2007,3.73357,3.74482
Week 2,30 Oct 2007,3.73602,3.74395
Week 3,06 Nov 2007,3.73428,3.74537
Week 4,13 Nov 2007,3.73038,3.74147

Week 1,20 Nov 2007,3.71170,3.72534
Week 2,27 Nov 2007,3.70672,3.71962
Week 3,04 Dec 2007,3.73091,3.74470
Week 4,11 Dec 2007,3.73478,3.74789

Week 1,18 Dec 2007,3.74747,3.76058
Week 2,25 Dec 2007,3.74610,3.76182
Week 3,01 Jan 2008,3.74427,3.75940
Week 4,08 Jan 2008,3.74532,3.75669

Week 1,15 Jan 2008,3.74509,3.75619
Week 2,22 Jan 2008,3.74477,3.75587
Week 3,29 Jan 2008,3.74398,3.75448
Week 4,05 Feb 2008,3.74425,3.75514

Week 1,12 Feb 2008,3.74550,3.75577
Week 2,19 Feb 2008,3.74526,3.75599
Week 3,26 Feb 2008,3.74169,3.75259
Week 4,04 Mar 2008,3.74351,3.75442

Week 1,11 Mar 2008,3.74251,3.75372
Week 2,18 Mar 2008,3.74362,3.75385
Week 3,25 Mar 2008,3.74483,3.75648
Week 4,01 Apr 2008,3.74375,3.75515

Week 1,08 Apr 2008,3.74488,3.75626
Week 2,15 Apr 2008,3.74612,3.75725
Week 3,22 Apr 2008,3.74627,3.75739
Week 4,29 Apr 2008,3.74609,3.75726

Week 1,06 May 2008,3.74595,3.75706
Week 2,13 May 2008,3.74596,3.75710
Week 3,20 May 2008,3.74450,3.75611
Week 4,27 May 2008,3.74425,3.75593

Week 1,03 Jun 2008,3.74553,3.75432
Week 2,10 Jun 2008,3.74407,3.75567
Week 3,17 Jun 2008,3.74352,3.75513
Week 4,24 Jun 2008,3.74461,3.75550

Week 1,01 Jul 2008,3.74482,3.75577
Week 2,08 Jul 2008,3.74542,3.75643
Week 3,15 Jul 2008,3.74403,3.75512
Week 4,22 Jul 2008,3.74458,3.75556

Week 1,29 Jul 2008,3.74426,3.75560
Week 2,05 Aug 2008,3.74604,3.75594
Week 3,12 Aug 2008,3.74577,3.75562
Week 4,19 Aug 2008,3.74751,3.75440

Week 1,26 Aug 2008,3.74606,3.75593
Week 2,02 Sep 2008,3.74529,3.75609
Week 3,09 Sep 2008,3.74495,3.75608
Week 4,16 Sep 2008,3.74614,3.75767

Week 1,23 Sep 2008,3.74937,3.76034
Week 2,30 Sep 2008,3.75572,3.76591
Week 3,07 Oct 2008,3.75917,3.76635
Week 4,14 Oct 2008,3.75075,3.76261

Week 1,21 Oct 2008,3.74746,3.75547
Week 2,28 Oct 2008,3.74693,3.75469
Week 3,04 Nov 2008,3.75082,3.75819
Week 4,11 Nov 2008,3.74663,3.75492

Week 1,18 Nov 2008,3.74780,3.75636
Week 2,25 Nov 2008,3.74779,3.75527
Week 3,02 Dec 2008,3.74717,3.75881
Week 4,09 Dec 2008,3.74962,3.75558

Week 1,16 Dec 2008,3.74876,3.75377
Week 2,23 Dec 2008,3.74728,3.75512
Week 3,30 Dec 2008,3.74892,3.75739
Week 4,06 Jan 2009,3.75007,3.75563

Week 1,13 Jan 2009,3.74660,3.75591
Week 2,20 Jan 2009,3.74683,3.75312
Week 3,27 Jan 2009,3.74882,3.75383
Week 4,03 Feb 2009,3.74769,3.75412

Week 1,10 Feb 2009,3.74819,3.75350
Week 2,17 Feb 2009,3.74632,3.75509
Week 3,24 Feb 2009,3.74633,3.75537
Week 4,03 Mar 2009,3.74460,3.75471

Week 1,10 Mar 2009,3.74446,3.75469
Week 2,17 Mar 2009,3.74602,3.75513
Week 3,24 Mar 2009,3.74543,3.75504
Week 4,31 Mar 2009,3.74512,3.75476

Week 1,07 Apr 2009,3.74621,3.75484
Week 2,14 Apr 2009,3.74546,3.75504
Week 3,21 Apr 2009,3.74737,3.75351
Week 4,28 Apr 2009,3.74614,3.75423

Week 1,05 May 2009,3.74369,3.75415
Week 2,12 May 2009,3.74579,3.75470
Week 3,19 May 2009,3.74546,3.75385
Week 4,26 May 2009,3.74519,3.75426

Week 1,02 Jun 2009,3.74460,3.75419
Week 2,09 Jun 2009,3.74561,3.75465
Week 3,16 Jun 2009,3.74626,3.75452
Week 4,23 Jun 2009,3.74676,3.75417

Week 1,30 Jun 2009,3.74689,3.75398
Week 2,07 Jul 2009,3.74695,3.75397
Week 3,14 Jul 2009,3.74612,3.75470
Week 4,21 Jul 2009,3.74675,3.75406

Week 1,28 Jul 2009,3.74637,3.75463
Week 2,04 Aug 2009,3.74671,3.75444
Week 3,11 Aug 2009,3.74671,3.75429
Week 4,18 Aug 2009,3.74640,3.75397

Week 1,25 Aug 2009,3.74603,3.75435
Week 2,01 Sep 2009,3.74612,3.75439
Week 3,08 Sep 2009,3.74671,3.75416
Week 4,15 Sep 2009,3.74683,3.75414

Week 1,22 Sep 2009,3.74657,3.75440
Week 2,29 Sep 2009,3.74682,3.75425
Week 3,06 Oct 2009,3.74589,3.75417
Week 4,13 Oct 2009,3.74626,3.75400

Week 1,20 Oct 2009,3.74789,3.75189
Week 2,27 Oct 2009,3.74768,3.75291
Week 3,03 Nov 2009,3.74797,3.75270
Week 4,10 Nov 2009,3.74832,3.75247

Week 1,17 Nov 2009,3.74836,3.75245
Week 2,24 Nov 2009,3.74686,3.75391
Week 3,01 Dec 2009,3.74715,3.75401
Week 4,08 Dec 2009,3.74870,3.75293

Week 1,15 Dec 2009,3.74689,3.75482
Week 2,22 Dec 2009,3.74805,3.75378
Week 3,29 Dec 2009,3.74704,3.75441
Week 4,05 Jan 2010,3.74679,3.75364

Week 1,12 Jan 2010,3.74060,3.75929
Week 2,19 Jan 2010,3.74690,3.75174
Week 3,26 Jan 2010,3.74713,3.75354
Week 4,02 Feb 2010,3.74722,3.75387

Week 1,09 Feb 2010,3.74713,3.75382
Week 2,16 Feb 2010,3.74314,3.75722
Week 3,23 Feb 2010,3.74284,3.75756
Week 4,02 Mar 2010,3.74380,3.75665

Week 1,09 Mar 2010,3.74545,3.75497
Week 2,16 Mar 2010,3.74415,3.75713
Week 3,23 Mar 2010,3.74367,3.75724
Week 4,30 Mar 2010,3.74887,3.75777

Week 1,06 Apr 2010,3.74837,3.75651
Week 2,13 Apr 2010,3.74329,3.75713
Week 3,20 Apr 2010,3.74553,3.75504
Week 4,27 Apr 2010,3.74343,3.75730

Week 1,04 May 2010,3.74318,3.75748
Week 2,11 May 2010,3.74079,3.75857
Week 3,18 May 2010,3.74264,3.75778
Week 4,25 May 2010,3.74034,3.76118

Week 1,01 Jun 2010,3.74280,3.75777
Week 2,08 Jun 2010,3.74286,3.75788
Week 3,15 Jun 2010,3.74388,3.75694
Week 4,22 Jun 2010,3.74197,3.75679

Week 1,29 Jun 2010,3.74331,3.75727
Week 2,06 Jul 2010,3.74286,3.75766
Week 3,13 Jul 2010,3.74300,3.75752
Week 4,20 Jul 2010,3.74323,3.75754

Week 1,27 Jul 2010,3.74374,3.75691
Week 2,03 Aug 2010,3.74326,3.75711
Week 3,10 Aug 2010,3.74419,3.75642
Week 4,17 Aug 2010,3.74318,3.75708

Week 1,24 Aug 2010,3.74217,3.75803
Week 2,31 Aug 2010,3.74259,3.75770
Week 3,07 Sep 2010,3.74262,3.75779
Week 4,14 Sep 2010,3.74390,3.75565

Week 1,21 Sep 2010,3.74322,3.75726
Week 2,28 Sep 2010,3.74283,3.75765
Week 3,05 Oct 2010,3.74344,3.75665
Week 4,12 Oct 2010,3.74375,3.75642

Week 1,19 Oct 2010,3.74373,3.75665
Week 2,26 Oct 2010,3.74680,3.75337
Week 3,02 Nov 2010,3.74639,3.75308
Week 4,09 Nov 2010,3.74654,3.75323

Week 1,16 Nov 2010,3.74668,3.75337
Week 2,23 Nov 2010,3.74690,3.75358
Week 3,30 Nov 2010,3.74691,3.75360
Week 4,07 Dec 2010,3.74701,3.75369

Week 1,14 Dec 2010,3.74691,3.75360
Week 2,21 Dec 2010,3.74692,3.75361
Week 3,28 Dec 2010,3.74655,3.75365
Week 4,04 Jan 2011,3.74666,3.75336

Week 1,11 Jan 2011,3.74669,3.75337
Week 2,18 Jan 2011,3.74680,3.75349
Week 3,25 Jan 2011,3.74697,3.75366
Week 4,01 Feb 2011,3.74724,3.75393

Week 1,08 Feb 2011,3.74723,3.75392
Week 2,15 Feb 2011,3.74720,3.75404
Week 3,22 Feb 2011,3.74756,3.75435
Week 4,01 Mar 2011,3.74714,3.75470

Week 1,08 Mar 2011,3.74737,3.75406
Week 2,15 Mar 2011,3.74709,3.75387
Week 3,22 Mar 2011,3.74728,3.75397
Week 4,29 Mar 2011,3.74704,3.75372

Week 1,05 Apr 2011,3.74978,3.75134
Week 2,12 Apr 2011,3.74971,3.75117
Week 3,19 Apr 2011,3.74981,3.75126
Week 4,26 Apr 2011,3.74971,3.75130

Week 1,03 May 2011,3.74965,3.75110
Week 2,10 May 2011,3.74935,3.75080
Week 3,17 May 2011,3.74931,3.75076
Week 4,24 May 2011,3.74946,3.75092

Week 1,31 May 2011,3.74940,3.75085
Week 2,07 Jun 2011,3.74950,3.75095
Week 3,14 Jun 2011,3.74935,3.75081
Week 4,21 Jun 2011,3.74943,3.75088

Week 1,28 Jun 2011,3.74939,3.75084
Week 2,05 Jul 2011,3.74924,3.75100
Week 3,12 Jul 2011,3.74952,3.75097
Week 4,19 Jul 2011,3.74949,3.75095

Week 1,26 Jul 2011,3.74944,3.75090
Week 2,02 Aug 2011,3.74933,3.75080
Week 3,09 Aug 2011,3.74901,3.75077
Week 4,16 Aug 2011,3.74923,3.75068

Week 1,23 Aug 2011,3.74935,3.75083
Week 2,30 Aug 2011,3.74953,3.75098
Week 3,06 Sep 2011,3.74962,3.75107
Week 4,13 Sep 2011,3.74939,3.75085

Week 1,20 Sep 2011,3.74950,3.75097
Week 2,27 Sep 2011,3.74958,3.75103
Week 3,04 Oct 2011,3.74967,3.75112
Week 4,11 Oct 2011,3.74959,3.75104

Week 1,18 Oct 2011,3.74942,3.75087
Week 2,25 Oct 2011,3.74929,3.75075
Week 3,01 Nov 2011,3.74947,3.75093
Week 4,08 Nov 2011,3.74960,3.75105

Week 1,15 Nov 2011,3.74962,3.75107
Week 2,22 Nov 2011,3.74960,3.75106
Week 3,29 Nov 2011,3.74957,3.75102
Week 4,06 Dec 2011,3.74961,3.75106

Week 1,13 Dec 2011,3.74954,3.75100
Week 2,20 Dec 2011,3.74948,3.75093
Week 3,27 Dec 2011,3.74922,3.75110
Week 4,03 Jan 2012,3.74943,3.75089

Week 1,10 Jan 2012,3.74946,3.75091
Week 2,17 Jan 2012,3.74949,3.75095
Week 3,24 Jan 2012,3.74947,3.75093
Week 4,31 Jan 2012,3.74941,3.75086

Week 1,07 Feb 2012,3.74944,3.75089
Week 2,14 Feb 2012,3.74942,3.75087
Week 3,21 Feb 2012,3.74951,3.75096
Week 4,28 Feb 2012,3.74954,3.75099

Week 1,06 Mar 2012,3.74955,3.75100
Week 2,13 Mar 2012,3.74959,3.75108
Week 3,20 Mar 2012,3.74967,3.75112
Week 4,27 Mar 2012,3.74957,3.75103

Week 1,03 Apr 2012,3.74945,3.75090
Week 2,10 Apr 2012,3.74947,3.75092
Week 3,17 Apr 2012,3.74949,3.75093
Week 4,24 Apr 2012,3.74944,3.75090

Week 1,01 May 2012,3.74950,3.75096
Week 2,08 May 2012,3.74953,3.75098
Week 3,15 May 2012,3.74953,3.75099
Week 4,22 May 2012,3.74945,3.75090

Week 1,29 May 2012,3.74955,3.75101
Week 2,05 Jun 2012,3.74954,3.75120
Week 3,12 Jun 2012,3.74970,3.75115
Week 4,19 Jun 2012,3.74962,3.75115

Week 1,26 Jun 2012,3.74956,3.75101
Week 2,03 Jul 2012,3.74846,3.75202
Week 3,10 Jul 2012,3.74850,3.75213
Week 4,17 Jul 2012,3.74839,3.75206

Week 1,24 Jul 2012,3.74797,3.75237
Week 2,31 Jul 2012,3.74839,3.75203
Week 3,07 Aug 2012,3.74844,3.75202
Week 4,14 Aug 2012,3.74836,3.75201

Week 1,21 Aug 2012,3.74837,3.75206
Week 2,28 Aug 2012,3.74833,3.75203
Week 3,04 Sep 2012,3.74836,3.75204
Week 4,11 Sep 2012,3.74841,3.75204

Week 1,18 Sep 2012,3.74834,3.75199
Week 2,25 Sep 2012,3.74829,3.75198
Week 3,02 Oct 2012,3.74821,3.75189
Week 4,09 Oct 2012,3.74827,3.75195

Week 1,16 Oct 2012,3.74827,3.75192
Week 2,23 Oct 2012,3.74835,3.75199
Week 3,30 Oct 2012,3.74832,3.75200
Week 4,06 Nov 2012,3.74834,3.75202

Week 1,13 Nov 2012,3.74831,3.75195
Week 2,20 Nov 2012,3.74839,3.75193
Week 3,27 Nov 2012,3.74790,3.75242
Week 4,04 Dec 2012,3.74835,3.75197

Week 1,11 Dec 2012,3.74845,3.75204
Week 2,18 Dec 2012,3.74843,3.75197
Week 3,25 Dec 2012,3.74852,3.75206
Week 4,01 Jan 2013,3.74849,3.75203

Week 1,08 Jan 2013,3.74845,3.75199
Week 2,15 Jan 2013,3.74845,3.75199
Week 3,22 Jan 2013,3.74848,3.75201
Week 4,29 Jan 2013,3.74847,3.75205

Week 1,05 Feb 2013,3.74841,3.75204
Week 2,12 Feb 2013,3.74836,3.75199
Week 3,19 Feb 2013,3.74839,3.75201
Week 4,26 Feb 2013,3.74847,3.75209

Week 1,05 Mar 2013,3.74849,3.75212
Week 2,12 Mar 2013,3.74843,3.75205
Week 3,19 Mar 2013,3.74840,3.75203
Week 4,26 Mar 2013,3.74842,3.75205

Week 1,02 Apr 2013,3.74840,3.75203
Week 2,09 Apr 2013,3.74838,3.75200
Week 3,16 Apr 2013,3.74839,3.75201
Week 4,23 Apr 2013,3.74839,3.75201

Week 1,30 Apr 2013,3.74833,3.75196
Week 2,07 May 2013,3.74846,3.75208
Week 3,14 May 2013,3.74841,3.75203
Week 4,21 May 2013,3.74836,3.75199

Week 1,28 May 2013,3.74972,3.75081
Week 2,04 Jun 2013,3.74979,3.75075
Week 3,11 Jun 2013,3.74973,3.75085
Week 4,18 Jun 2013,3.74975,3.75088

Week 1,25 Jun 2013,3.74979,3.75088
Week 2,02 Jul 2013,3.74987,3.75098
Week 3,09 Jul 2013,3.74989,3.75103
Week 4,16 Jul 2013,3.74986,3.75111

Week 1,23 Jul 2013,3.74981,3.75114
Week 2,30 Jul 2013,3.74972,3.75097
Week 3,06 Aug 2013,3.74960,3.75111
Week 4,13 Aug 2013,3.74960,3.75089

Week 1,20 Aug 2013,3.74964,3.75071
Week 2,27 Aug 2013,3.74987,3.75103
Week 3,03 Sep 2013,3.74996,3.75113
Week 4,10 Sep 2013,3.74984,3.75088

Week 1,17 Sep 2013,3.74970,3.75079
Week 2,24 Sep 2013,3.74960,3.75066
Week 3,01 Oct 2013,3.74953,3.75060
Week 4,08 Oct 2013,3.74973,3.75078

Week 1,15 Oct 2013,3.74964,3.75109
Week 2,22 Oct 2013,3.74985,3.75091
Week 3,29 Oct 2013,3.74976,3.75082
Week 4,05 Nov 2013,3.74964,3.75090

Week 1,12 Nov 2013,3.74977,3.75080
Week 2,19 Nov 2013,3.74978,3.75085
Week 3,26 Nov 2013,3.74982,3.75095
Week 4,03 Dec 2013,3.74994,3.75111

Week 1,10 Dec 2013,3.74993,3.75098
Week 2,17 Dec 2013,3.74983,3.75089
Week 3,24 Dec 2013,3.74988,3.75098
Week 4,31 Dec 2013,3.75004,3.75115

Week 1,07 Jan 2014,3.74992,3.75094
Week 2,14 Jan 2014,3.74984,3.75090
Week 3,21 Jan 2014,3.74985,3.75089
Week 4,28 Jan 2014,3.74993,3.75105

Week 1,04 Feb 2014,3.74978,3.75110
Week 2,11 Feb 2014,3.74984,3.75086
Week 3,18 Feb 2014,3.74983,3.75085
Week 4,25 Feb 2014,3.74985,3.75078

Week 1,04 Mar 2014,3.74986,3.75075
Week 2,11 Mar 2014,3.74979,3.75088
Week 3,18 Mar 2014,3.74986,3.75080
Week 4,25 Mar 2014,3.74989,3.75081

Week 1,01 Apr 2014,3.74996,3.75085
Week 2,08 Apr 2014,3.74993,3.75084
Week 3,15 Apr 2014,3.74996,3.75086
Week 4,22 Apr 2014,3.74982,3.75100

Week 1,29 Apr 2014,3.74958,3.75128
Week 2,06 May 2014,3.74930,3.75163
Week 3,13 May 2014,3.74988,3.75103
Week 4,20 May 2014,3.74987,3.75103

Week 1,27 May 2014,3.75009,3.75100
Week 2,03 Jun 2014,3.75013,3.75103
Week 3,10 Jun 2014,3.75009,3.75103
Week 4,17 Jun 2014,3.74999,3.75133

Week 1,24 Jun 2014,3.74964,3.75150
Week 2,01 Jul 2014,3.74991,3.75103
Week 3,08 Jul 2014,3.74996,3.75091
Week 4,15 Jul 2014,3.74986,3.75095

Week 1,22 Jul 2014,3.74997,3.75093
Week 2,29 Jul 2014,3.75003,3.75091
Week 3,05 Aug 2014,3.75002,3.75088
Week 4,12 Aug 2014,3.75002,3.75090

Week 1,19 Aug 2014,3.74958,3.75133
Week 2,26 Aug 2014,3.74955,3.75135
Week 3,02 Sep 2014,3.75000,3.75092
Week 4,09 Sep 2014,3.74997,3.75114

Week 1,16 Sep 2014,3.74989,3.75126
Week 2,23 Sep 2014,3.75015,3.75126
Week 3,30 Sep 2014,3.75089,3.75189
Week 4,07 Oct 2014,3.75070,3.75170

Week 1,14 Oct 2014,3.75015,3.75213
Week 2,21 Oct 2014,3.75085,3.75318
Week 3,28 Oct 2014,3.75108,3.75244
Week 4,04 Nov 2014,3.75053,3.75307

Week 1,11 Nov 2014,3.75056,3.75366
Week 2,18 Nov 2014,3.75086,3.75293
Week 3,25 Nov 2014,3.75140,3.75330
Week 4,02 Dec 2014,3.75208,3.75453

Week 1,09 Dec 2014,3.75196,3.75393
Week 2,16 Dec 2014,3.75267,3.75463
Week 3,23 Dec 2014,3.75234,3.75522
Week 4,30 Dec 2014,3.75140,3.75673

Week 1,06 Jan 2015,3.75309,3.75549
Week 2,13 Jan 2015,3.75154,3.75598
Week 3,20 Jan 2015,3.75538,3.76007
Week 4,27 Jan 2015,3.75687,3.76123

Week 1,03 Feb 2015,3.75161,3.75580
Week 2,10 Feb 2015,3.74967,3.75362
Week 3,17 Feb 2015,3.74982,3.75326
Week 4,24 Feb 2015,3.74894,3.75211

Week 1,03 Mar 2015,3.74895,3.75179
Week 2,10 Mar 2015,3.74907,3.75205
Week 3,17 Mar 2015,3.74924,3.75210
Week 4,24 Mar 2015,3.74951,3.75245

Week 1,31 Mar 2015,3.74946,3.75281
Week 2,07 Apr 2015,3.74946,3.75273
Week 3,14 Apr 2015,3.74919,3.75178
Week 4,21 Apr 2015,3.74822,3.75187

Week 1,28 Apr 2015,3.74888,3.75140
Week 2,05 May 2015,3.74888,3.75148
Week 3,12 May 2015,3.74916,3.75117
Week 4,19 May 2015,3.74916,3.75129

Week 1,26 May 2015,3.74898,3.75156
Week 2,02 Jun 2015,3.74868,3.75176
Week 3,09 Jun 2015,3.74885,3.75170
Week 4,16 Jun 2015,3.74901,3.75179

Week 1,23 Jun 2015,3.74900,3.75167
Week 2,30 Jun 2015,3.74786,3.75304
Week 3,07 Jul 2015,3.74908,3.75184
Week 4,14 Jul 2015,3.74908,3.75164

Week 1,21 Jul 2015,3.74877,3.75183
Week 2,28 Jul 2015,3.74905,3.75138
Week 3,04 Aug 2015,3.74895,3.75146
Week 4,11 Aug 2015,3.74793,3.75408

Week 1,18 Aug 2015,3.74770,3.75399
Week 2,25 Aug 2015,3.74873,3.75311
Week 3,01 Sep 2015,3.74857,3.75287
Week 4,08 Sep 2015,3.74694,3.75313

Week 1,15 Sep 2015,3.74809,3.75235
Week 2,22 Sep 2015,3.74851,3.75254
Week 3,29 Sep 2015,3.74857,3.75243
Week 4,06 Oct 2015,3.74794,3.75233

Week 1,13 Oct 2015,3.74662,3.75266
Week 2,20 Oct 2015,3.74833,3.75218
Week 3,27 Oct 2015,3.74854,3.75242
Week 4,03 Nov 2015,3.74882,3.75182

Week 1,10 Nov 2015,3.74891,3.75189
Week 2,17 Nov 2015,3.74893,3.75213
Week 3,24 Nov 2015,3.75077,3.75632
Week 4,01 Dec 2015,3.74969,3.75547

Week 1,08 Dec 2015,3.74913,3.75415
Week 2,15 Dec 2015,3.74915,3.75541
Week 3,22 Dec 2015,3.75045,3.75418
Week 4,29 Dec 2015,3.75117,3.75441

Week 1,05 Jan 2016,3.75252,3.75742
Week 2,12 Jan 2016,3.74888,3.75357
Week 3,19 Jan 2016,3.74975,3.75445
Week 4,26 Jan 2016,3.74813,3.75263

Week 1,02 Feb 2016,3.74755,3.75250
Week 2,09 Feb 2016,3.74800,3.75284
Week 3,16 Feb 2016,3.74881,3.75215
Week 4,23 Feb 2016,3.74871,3.75170

Week 1,01 Mar 2016,3.74843,3.75166
Week 2,08 Mar 2016,3.74841,3.75169
Week 3,15 Mar 2016,3.74743,3.75287
Week 4,22 Mar 2016,3.74742,3.75300

Week 1,29 Mar 2016,3.74883,3.75206
Week 2,05 Apr 2016,3.74825,3.75175
Week 3,12 Apr 2016,3.74689,3.75324
Week 4,19 Apr 2016,3.74859,3.75195

Week 1,26 Apr 2016,3.74869,3.75195
Week 2,03 May 2016,3.74847,3.75191
Week 3,10 May 2016,3.74866,3.75193
Week 4,17 May 2016,3.74927,3.75259

Week 1,24 May 2016,3.74889,3.75232
Week 2,31 May 2016,3.74874,3.75186
Week 3,07 Jun 2016,3.74864,3.75184
Week 4,14 Jun 2016,3.74856,3.75200

Week 1,21 Jun 2016,3.74837,3.75218
Week 2,28 Jun 2016,3.74928,3.75230
Week 3,05 Jul 2016,3.74886,3.75412
Week 4,12 Jul 2016,3.74841,3.75263

Week 1,19 Jul 2016,3.74800,3.75236
Week 2,26 Jul 2016,3.74811,3.75239
Week 3,02 Aug 2016,3.74815,3.75254
Week 4,09 Aug 2016,3.74809,3.75240

Week 1,16 Aug 2016,3.74798,3.75238
Week 2,23 Aug 2016,3.74817,3.75214
Week 3,30 Aug 2016,3.74843,3.75230
Week 4,06 Sep 2016,3.74815,3.75339

Week 1,13 Sep 2016,3.74905,3.75316
Week 2,20 Sep 2016,3.74894,3.75287
Week 3,27 Sep 2016,3.74916,3.75535
Week 4,04 Oct 2016,3.74795,3.75388

Week 1,11 Oct 2016,3.74762,3.75418
Week 2,18 Oct 2016,3.74789,3.75376
Week 3,25 Oct 2016,3.74749,3.75331
Week 4,01 Nov 2016,3.74871,3.75227

Week 1,08 Nov 2016,3.74757,3.75345
Week 2,15 Nov 2016,3.74754,3.75366
Week 3,22 Nov 2016,3.74799,3.75369
Week 4,29 Nov 2016,3.74776,3.75368

Week 1,06 Dec 2016,3.74801,3.75354
Week 2,13 Dec 2016,3.74823,3.75340
Week 3,20 Dec 2016,3.74859,3.75385
Week 4,27 Dec 2016,3.74864,3.75464

Week 1,03 Jan 2017,3.74816,3.75384
Week 2,10 Jan 2017,3.74810,3.75317
Week 3,17 Jan 2017,3.74799,3.75308
Week 4,24 Jan 2017,3.74771,3.75299

Week 1,31 Jan 2017,3.74790,3.75301
Week 2,07 Feb 2017,3.74819,3.75276
Week 3,14 Feb 2017,3.74818,3.75257
Week 4,21 Feb 2017,3.74794,3.75255

Week 1,28 Feb 2017,3.74788,3.75246
Week 2,07 Mar 2017,3.74809,3.75244
Week 3,14 Mar 2017,3.74859,3.75167
Week 4,21 Mar 2017,3.74882,3.75145

Week 1,28 Mar 2017,3.74892,3.75147
Week 2,04 Apr 2017,3.74911,3.75164
Week 3,11 Apr 2017,3.74791,3.75270
Week 4,18 Apr 2017,3.74772,3.75285

Week 1,25 Apr 2017,3.74780,3.75295
Week 2,02 May 2017,3.74804,3.75289
Week 3,09 May 2017,3.74789,3.75285
Week 4,16 May 2017,3.74768,3.75284

Week 1,23 May 2017,3.74766,3.75283
Week 2,30 May 2017,3.74767,3.75282
Week 3,06 Jun 2017,3.74784,3.75298
Week 4,13 Jun 2017,3.74743,3.75279

Week 1,20 Jun 2017,3.74784,3.75320
Week 2,27 Jun 2017,3.74829,3.75277
Week 3,04 Jul 2017,3.74711,3.75323
Week 4,11 Jul 2017,3.74777,3.75273

Week 1,18 Jul 2017,3.74760,3.75263
Week 2,25 Jul 2017,3.74761,3.75269
Week 3,01 Aug 2017,3.74783,3.75257
Week 4,08 Aug 2017,3.74773,3.75258

Week 1,15 Aug 2017,3.74798,3.75247
Week 2,22 Aug 2017,3.74747,3.75291
Week 3,29 Aug 2017,3.74794,3.75247
Week 4,05 Sep 2017,3.74781,3.75258

Week 1,12 Sep 2017,3.74777,3.75271
Week 2,19 Sep 2017,3.74782,3.75258
Week 3,26 Sep 2017,3.74781,3.75265
Week 4,03 Oct 2017,3.74772,3.75268

Week 1,10 Oct 2017,3.74767,3.75275
Week 2,17 Oct 2017,3.74784,3.75287
Week 3,24 Oct 2017,3.74772,3.75294
Week 4,31 Oct 2017,3.74729,3.75250

Week 1,07 Nov 2017,3.74741,3.75326
Week 2,14 Nov 2017,3.74713,3.75328
Week 3,21 Nov 2017,3.74742,3.75294
Week 4,28 Nov 2017,3.74743,3.75306

Week 1,05 Dec 2017,3.74791,3.75253

