USD->JPY

Week 1,01 Dec 1998,120.11143,120.18500
Week 2,08 Dec 1998,117.27929,117.35500
Week 3,15 Dec 1998,115.83000,115.91429
Week 4,22 Dec 1998,116.23714,116.30571

Week 1,29 Dec 1998,113.92571,114.00143
Week 2,05 Jan 1999,110.94429,111.02429
Week 3,12 Jan 1999,113.39286,113.45714
Week 4,19 Jan 1999,113.90714,113.96571

Week 1,26 Jan 1999,115.32786,115.40000
Week 2,02 Feb 1999,113.02857,113.09143
Week 3,09 Feb 1999,114.49714,114.56286
Week 4,16 Feb 1999,119.94857,120.01286

Week 1,23 Feb 1999,119.95714,120.03000
Week 2,02 Mar 1999,122.10857,122.17286
Week 3,09 Mar 1999,119.62000,119.68643
Week 4,16 Mar 1999,117.74571,117.81000

Week 1,23 Mar 1999,119.11857,119.19286
Week 2,30 Mar 1999,120.23571,120.31286
Week 3,06 Apr 1999,120.79714,120.86286
Week 4,13 Apr 1999,118.59857,118.66571

Week 1,20 Apr 1999,119.10714,119.17571
Week 2,27 Apr 1999,119.41714,119.48143
Week 3,04 May 1999,120.76429,120.82643
Week 4,11 May 1999,122.03000,122.09357

Week 1,18 May 1999,123.88500,123.94429
Week 2,25 May 1999,121.75143,121.81857
Week 3,01 Jun 1999,121.50000,121.57000
Week 4,08 Jun 1999,119.14429,119.21000

Week 1,15 Jun 1999,120.49857,120.55714
Week 2,22 Jun 1999,121.61143,121.67500
Week 3,29 Jun 1999,121.15143,121.22143
Week 4,06 Jul 1999,122.27571,122.34143

Week 1,13 Jul 1999,120.78143,120.84571
Week 2,20 Jul 1999,117.33714,117.41143
Week 3,27 Jul 1999,115.19000,115.25286
Week 4,03 Aug 1999,114.83714,114.90571

Week 1,10 Aug 1999,115.24286,115.31143
Week 2,17 Aug 1999,112.01143,112.06714
Week 3,24 Aug 1999,111.34714,111.40571
Week 4,31 Aug 1999,109.58214,109.64571

Week 1,07 Sep 1999,109.15857,109.22714
Week 2,14 Sep 1999,106.36143,106.41571
Week 3,21 Sep 1999,104.54000,104.60143
Week 4,28 Sep 1999,105.82000,105.88357

Week 1,05 Oct 1999,107.22857,107.28714
Week 2,12 Oct 1999,105.94500,106.00786
Week 3,19 Oct 1999,105.77429,105.84286
Week 4,26 Oct 1999,104.29571,104.35286

Week 1,02 Nov 1999,105.17000,105.23000
Week 2,09 Nov 1999,105.03143,105.08714
Week 3,16 Nov 1999,105.89286,105.95000
Week 4,23 Nov 1999,103.38571,103.45143

Week 1,30 Nov 1999,102.42500,102.49357
Week 2,07 Dec 1999,102.57000,102.63500
Week 3,14 Dec 1999,103.13571,103.20000
Week 4,21 Dec 1999,102.33143,102.39429

Week 1,28 Dec 1999,102.21557,102.30257
Week 2,04 Jan 2000,104.27529,104.32543
Week 3,11 Jan 2000,105.80714,105.88014
Week 4,18 Jan 2000,105.11029,105.19000

Week 1,25 Jan 2000,106.22586,106.28229
Week 2,01 Feb 2000,107.51543,107.58971
Week 3,08 Feb 2000,109.04029,109.11043
Week 4,15 Feb 2000,110.10786,110.16914

Week 1,22 Feb 2000,110.75414,110.82971
Week 2,29 Feb 2000,108.28400,108.34886
Week 3,07 Mar 2000,106.43543,106.50843
Week 4,14 Mar 2000,105.96229,106.00486

Week 1,21 Mar 2000,107.03186,107.09657
Week 2,28 Mar 2000,104.54714,104.61629
Week 3,04 Apr 2000,105.06200,105.13129
Week 4,11 Apr 2000,105.58000,105.66114

Week 1,18 Apr 2000,105.20029,105.28057
Week 2,25 Apr 2000,106.89943,106.97443
Week 3,02 May 2000,108.60414,108.67857
Week 4,09 May 2000,108.80300,108.87943

Week 1,16 May 2000,108.25529,108.33514
Week 2,23 May 2000,107.51786,107.61471
Week 3,30 May 2000,107.83000,107.93000
Week 4,06 Jun 2000,107.83000,107.93000

Week 1,13 Jun 2000,106.57986,106.65229
Week 2,20 Jun 2000,105.10771,105.19343
Week 3,27 Jun 2000,105.62957,105.70871
Week 4,04 Jul 2000,107.09814,107.18086

Week 1,11 Jul 2000,107.71657,107.79686
Week 2,18 Jul 2000,108.41757,108.49357
Week 3,25 Jul 2000,109.28129,109.35086
Week 4,01 Aug 2000,108.79343,108.88157

Week 1,08 Aug 2000,108.55700,108.62743
Week 2,15 Aug 2000,108.67871,108.75071
Week 3,22 Aug 2000,107.33086,107.40429
Week 4,29 Aug 2000,106.17057,106.25657

Week 1,05 Sep 2000,105.81043,105.88114
Week 2,12 Sep 2000,106.98400,107.05686
Week 3,19 Sep 2000,107.26243,107.34114
Week 4,26 Sep 2000,107.61329,107.71043

Week 1,03 Oct 2000,108.86400,108.95186
Week 2,10 Oct 2000,107.85957,107.93657
Week 3,17 Oct 2000,108.35357,108.44171
Week 4,24 Oct 2000,108.33857,108.41257

Week 1,31 Oct 2000,107.89114,107.97871
Week 2,07 Nov 2000,107.52714,107.60257
Week 3,14 Nov 2000,108.56671,108.64429
Week 4,21 Nov 2000,110.58686,110.67443

Week 1,28 Nov 2000,110.87029,110.95657
Week 2,05 Dec 2000,110.90129,110.99300
Week 3,12 Dec 2000,112.00414,112.08071
Week 4,19 Dec 2000,112.56829,112.66057

Week 1,26 Dec 2000,114.02529,114.10914
Week 2,02 Jan 2001,115.37771,115.46800
Week 3,09 Jan 2001,117.43429,117.52700
Week 4,16 Jan 2001,117.78829,117.88614

Week 1,23 Jan 2001,117.07529,117.16586
Week 2,30 Jan 2001,115.88614,115.97914
Week 3,06 Feb 2001,116.39543,116.48600
Week 4,13 Feb 2001,116.14029,116.22814

Week 1,20 Feb 2001,116.07457,116.15671
Week 2,27 Feb 2001,117.77829,117.86871
Week 3,06 Mar 2001,119.39286,119.47786
Week 4,13 Mar 2001,121.76700,121.85543

Week 1,20 Mar 2001,122.91414,122.99071
Week 2,27 Mar 2001,124.21129,124.30129
Week 3,03 Apr 2001,124.70086,124.78643
Week 4,10 Apr 2001,124.29271,124.39014

Week 1,17 Apr 2001,122.58957,122.68314
Week 2,24 Apr 2001,122.94257,123.03429
Week 3,01 May 2001,121.77429,121.86957
Week 4,08 May 2001,122.06086,122.15071

Week 1,15 May 2001,123.31143,123.40143
Week 2,22 May 2001,120.96300,121.06300
Week 3,29 May 2001,119.73757,119.82900
Week 4,05 Jun 2001,120.37086,120.42814

Week 1,12 Jun 2001,122.19529,122.27514
Week 2,19 Jun 2001,123.96886,124.03014
Week 3,26 Jun 2001,124.37271,124.45043
Week 4,03 Jul 2001,125.18243,125.24229

Week 1,10 Jul 2001,124.76957,124.83814
Week 2,17 Jul 2001,123.79086,123.86314
Week 3,24 Jul 2001,123.69043,123.77029
Week 4,31 Jul 2001,124.19114,124.25114

Week 1,07 Aug 2001,122.67129,122.73071
Week 2,14 Aug 2001,120.57586,120.63857
Week 3,21 Aug 2001,120.09857,120.16371
Week 4,28 Aug 2001,119.42543,119.48429

Week 1,04 Sep 2001,119.93129,120.00757
Week 2,11 Sep 2001,118.56443,118.61771
Week 3,18 Sep 2001,117.02000,117.20400
Week 4,25 Sep 2001,118.72857,118.76143

Week 1,02 Oct 2001,120.49143,120.54286
Week 2,09 Oct 2001,120.75000,120.80286
Week 3,16 Oct 2001,121.15857,121.19286
Week 4,23 Oct 2001,122.73143,122.75857

Week 1,30 Oct 2001,121.88000,121.94429
Week 2,06 Nov 2001,120.71429,120.75429
Week 3,13 Nov 2001,122.07429,122.11429
Week 4,20 Nov 2001,123.62857,123.67471

Week 1,27 Nov 2001,123.54571,123.60000
Week 2,04 Dec 2001,124.82857,124.86143
Week 3,11 Dec 2001,126.61143,126.65714
Week 4,18 Dec 2001,128.64714,128.69000

Week 1,25 Dec 2001,130.91286,130.95000
Week 2,01 Jan 2002,131.38429,131.43714
Week 3,08 Jan 2002,132.22429,132.25857
Week 4,15 Jan 2002,132.18429,132.21714

Week 1,22 Jan 2002,134.12857,134.16429
Week 2,29 Jan 2002,133.37429,133.41286
Week 3,05 Feb 2002,133.91429,133.95286
Week 4,12 Feb 2002,132.76571,132.80857

Week 1,19 Feb 2002,133.76714,133.79571
Week 2,26 Feb 2002,133.79714,133.84571
Week 3,05 Mar 2002,129.66571,129.71429
Week 4,12 Mar 2002,129.02000,129.06714

Week 1,19 Mar 2002,132.18429,132.22143
Week 2,26 Mar 2002,132.80286,132.85286
Week 3,02 Apr 2002,132.39143,132.43571
Week 4,09 Apr 2002,131.51143,131.55571

Week 1,16 Apr 2002,130.67429,130.71143
Week 2,23 Apr 2002,128.85286,128.88429
Week 3,30 Apr 2002,127.53143,127.56857
Week 4,07 May 2002,127.89143,127.91429

Week 1,14 May 2002,127.10429,127.13857
Week 2,21 May 2002,124.69714,124.73143
Week 3,28 May 2002,124.26714,124.30571
Week 4,04 Jun 2002,124.19143,124.22429

Week 1,11 Jun 2002,124.73143,124.75714
Week 2,18 Jun 2002,122.87714,122.91857
Week 3,25 Jun 2002,120.19000,120.22571
Week 4,02 Jul 2002,119.98000,120.02286

Week 1,09 Jul 2002,117.36000,117.40000
Week 2,16 Jul 2002,116.10714,116.13143
Week 3,23 Jul 2002,117.61714,117.64000
Week 4,30 Jul 2002,119.38571,119.42714

Week 1,06 Aug 2002,120.26571,120.32571
Week 2,13 Aug 2002,117.88143,117.93286
Week 3,20 Aug 2002,119.24857,119.28857
Week 4,27 Aug 2002,118.59143,118.62571

Week 1,03 Sep 2002,118.18143,118.21571
Week 2,10 Sep 2002,120.62857,120.66000
Week 3,17 Sep 2002,122.43571,122.47000
Week 4,24 Sep 2002,122.86286,122.89000

Week 1,01 Oct 2002,122.76429,122.80286
Week 2,08 Oct 2002,123.93714,123.97857
Week 3,15 Oct 2002,124.96857,125.01429
Week 4,22 Oct 2002,124.54286,124.58571

Week 1,29 Oct 2002,122.63143,122.67000
Week 2,05 Nov 2002,120.91143,120.95571
Week 3,12 Nov 2002,120.16143,120.20143
Week 4,19 Nov 2002,122.43429,122.48143

Week 1,26 Nov 2002,122.25714,122.30714
Week 2,03 Dec 2002,124.10857,124.14429
Week 3,10 Dec 2002,122.12143,122.16429
Week 4,17 Dec 2002,120.73857,120.78571

Week 1,24 Dec 2002,120.07571,120.12000
Week 2,31 Dec 2002,119.28429,119.32571
Week 3,07 Jan 2003,119.36286,119.41143
Week 4,14 Jan 2003,118.05429,118.08000

Week 1,21 Jan 2003,117.96571,118.01857
Week 2,28 Jan 2003,119.14714,119.19000
Week 3,04 Feb 2003,120.07429,120.11286
Week 4,11 Feb 2003,120.75571,120.79000

Week 1,18 Feb 2003,118.91143,118.94571
Week 2,25 Feb 2003,117.72714,117.76857
Week 3,04 Mar 2003,117.32857,117.36143
Week 4,11 Mar 2003,117.79143,117.83000

Week 1,18 Mar 2003,120.29857,120.33286
Week 2,25 Mar 2003,120.04571,120.07143
Week 3,01 Apr 2003,119.21286,119.26571
Week 4,08 Apr 2003,120.08857,120.14571

Week 1,15 Apr 2003,119.88286,119.94000
Week 2,22 Apr 2003,120.15143,120.20714
Week 3,29 Apr 2003,119.24143,119.30143
Week 4,06 May 2003,117.33857,117.39286

Week 1,13 May 2003,116.35429,116.41857
Week 2,20 May 2003,116.98429,117.06286
Week 3,27 May 2003,118.39571,118.45571
Week 4,03 Jun 2003,118.61429,118.67714

Week 1,10 Jun 2003,117.65571,117.71429
Week 2,17 Jun 2003,118.14714,118.21714
Week 3,24 Jun 2003,118.82429,118.87714
Week 4,01 Jul 2003,118.51000,118.58286

Week 1,08 Jul 2003,117.89286,117.96429
Week 2,15 Jul 2003,118.31000,118.37143
Week 3,22 Jul 2003,118.80429,118.88571
Week 4,29 Jul 2003,120.06286,120.12857

Week 1,05 Aug 2003,119.49571,119.56571
Week 2,12 Aug 2003,119.00143,119.06143
Week 3,19 Aug 2003,118.03143,118.11143
Week 4,26 Aug 2003,117.12714,117.20714

Week 1,02 Sep 2003,116.52286,116.57714
Week 2,09 Sep 2003,117.09000,117.16143
Week 3,16 Sep 2003,115.33143,115.38714
Week 4,23 Sep 2003,111.84429,111.89429

Week 1,30 Sep 2003,110.88571,110.95286
Week 2,07 Oct 2003,109.31429,109.38857
Week 3,14 Oct 2003,109.31000,109.36571
Week 4,21 Oct 2003,109.46143,109.52429

Week 1,28 Oct 2003,109.05857,109.12857
Week 2,04 Nov 2003,109.81286,109.88286
Week 3,11 Nov 2003,108.41857,108.48571
Week 4,18 Nov 2003,108.74286,108.79714

Week 1,25 Nov 2003,109.39429,109.44571
Week 2,02 Dec 2003,108.18000,108.23571
Week 3,09 Dec 2003,107.69429,107.75429
Week 4,16 Dec 2003,107.61143,107.65857

Week 1,23 Dec 2003,107.37857,107.43286
Week 2,30 Dec 2003,107.10286,107.15571
Week 3,06 Jan 2004,106.39571,106.45000
Week 4,13 Jan 2004,106.47857,106.52000

Week 1,20 Jan 2004,106.75143,106.80571
Week 2,27 Jan 2004,105.94571,105.98714
Week 3,03 Feb 2004,105.58714,105.63143
Week 4,10 Feb 2004,105.45714,105.50429

Week 1,17 Feb 2004,107.44143,107.48857
Week 2,24 Feb 2004,108.89714,108.94571
Week 3,02 Mar 2004,110.89143,110.93857
Week 4,09 Mar 2004,111.15857,111.20000

Week 1,16 Mar 2004,107.76571,107.80571
Week 2,23 Mar 2004,106.22143,106.27286
Week 3,30 Mar 2004,104.68571,104.72000
Week 4,06 Apr 2004,105.91000,105.94857

Week 1,13 Apr 2004,107.47857,107.51714
Week 2,20 Apr 2004,108.97000,109.01571
Week 3,27 Apr 2004,109.89714,109.93857
Week 4,04 May 2004,110.73571,110.78571

Week 1,11 May 2004,113.84286,113.87857
Week 2,18 May 2004,113.00429,113.04286
Week 3,25 May 2004,111.12429,111.16429
Week 4,01 Jun 2004,110.55714,110.60000

Week 1,08 Jun 2004,109.87000,109.91286
Week 2,15 Jun 2004,109.50143,109.54429
Week 3,22 Jun 2004,108.10143,108.14571
Week 4,29 Jun 2004,108.30286,108.35000

Week 1,06 Jul 2004,108.60000,108.64000
Week 2,13 Jul 2004,108.84429,108.88429
Week 3,20 Jul 2004,109.54143,109.58000
Week 4,27 Jul 2004,111.18571,111.22571

Week 1,03 Aug 2004,110.77286,110.80714
Week 2,10 Aug 2004,110.79286,110.82143
Week 3,17 Aug 2004,109.53714,109.57143
Week 4,24 Aug 2004,109.70429,109.74571

Week 1,31 Aug 2004,109.91429,109.95143
Week 2,07 Sep 2004,109.60857,109.64857
Week 3,14 Sep 2004,109.90857,109.94571
Week 4,21 Sep 2004,110.39000,110.42429

Week 1,28 Sep 2004,110.73857,110.77143
Week 2,05 Oct 2004,110.40714,110.44857
Week 3,12 Oct 2004,109.44714,109.49000
Week 4,19 Oct 2004,107.86286,107.89143

Week 1,26 Oct 2004,106.19857,106.24143
Week 2,02 Nov 2004,105.89000,105.92571
Week 3,09 Nov 2004,105.95143,105.98714
Week 4,16 Nov 2004,104.01571,104.04857

Week 1,23 Nov 2004,102.85000,102.88143
Week 2,30 Nov 2004,102.51714,102.56000
Week 3,07 Dec 2004,104.28000,104.32000
Week 4,14 Dec 2004,104.52429,104.55857

Week 1,21 Dec 2004,103.88286,103.91571
Week 2,28 Dec 2004,102.94571,102.98857
Week 3,04 Jan 2005,104.40857,104.45143
Week 4,11 Jan 2005,102.61714,102.65571

Week 1,18 Jan 2005,102.66000,102.69571
Week 2,25 Jan 2005,103.27000,103.30714
Week 3,01 Feb 2005,103.96714,104.00286
Week 4,08 Feb 2005,105.58857,105.62857

Week 1,15 Feb 2005,105.34429,105.37571
Week 2,22 Feb 2005,105.07857,105.10857
Week 3,01 Mar 2005,104.70571,104.74714
Week 4,08 Mar 2005,104.23857,104.27714

Week 1,15 Mar 2005,104.59857,104.63857
Week 2,22 Mar 2005,106.00286,106.04143
Week 3,29 Mar 2005,107.40857,107.44714
Week 4,05 Apr 2005,108.36857,108.40143

Week 1,12 Apr 2005,107.74286,107.77286
Week 2,19 Apr 2005,106.44857,106.48429
Week 3,26 Apr 2005,105.45714,105.49286
Week 4,03 May 2005,104.84857,104.88286

Week 1,10 May 2005,106.52286,106.55714
Week 2,17 May 2005,107.60429,107.64714
Week 3,24 May 2005,107.80143,107.84000
Week 4,31 May 2005,108.10714,108.14429

Week 1,07 Jun 2005,107.72857,107.76143
Week 2,14 Jun 2005,109.01429,109.05000
Week 3,21 Jun 2005,108.91000,108.94143
Week 4,28 Jun 2005,110.82429,110.86857

Week 1,05 Jul 2005,111.99143,112.03286
Week 2,12 Jul 2005,111.92286,111.95286
Week 3,19 Jul 2005,111.63000,111.66286
Week 4,26 Jul 2005,112.24429,112.28571

Week 1,02 Aug 2005,111.69429,111.72857
Week 2,09 Aug 2005,110.39429,110.43143
Week 3,16 Aug 2005,110.04857,110.09143
Week 4,23 Aug 2005,110.03000,110.07286

Week 1,30 Aug 2005,110.21000,110.25143
Week 2,06 Sep 2005,109.66857,109.70286
Week 3,13 Sep 2005,110.83657,110.87900
Week 4,20 Sep 2005,111.97286,112.01000

Week 1,27 Sep 2005,113.12286,113.16286
Week 2,04 Oct 2005,113.83571,113.87429
Week 3,11 Oct 2005,114.20286,114.24286
Week 4,18 Oct 2005,115.55571,115.58429

Week 1,25 Oct 2005,115.56000,115.59143
Week 2,01 Nov 2005,117.29000,117.32857
Week 3,08 Nov 2005,117.76857,117.81000
Week 4,15 Nov 2005,118.95857,118.99857

Week 1,22 Nov 2005,119.11100,119.15371
Week 2,29 Nov 2005,119.87400,119.92014
Week 3,06 Dec 2005,120.75100,120.79643
Week 4,13 Dec 2005,118.33571,118.38086

Week 1,20 Dec 2005,116.47543,116.52271
Week 2,27 Dec 2005,117.13514,117.18829
Week 3,03 Jan 2006,116.18986,116.25614
Week 4,10 Jan 2006,114.26500,114.31071

Week 1,17 Jan 2006,115.20129,115.24471
Week 2,24 Jan 2006,115.89214,115.91486
Week 3,31 Jan 2006,118.13914,118.17029
Week 4,07 Feb 2006,118.22900,118.27500

Week 1,14 Feb 2006,117.85114,117.89729
Week 2,21 Feb 2006,117.65029,117.69643
Week 3,28 Feb 2006,116.21757,116.24186
Week 4,07 Mar 2006,118.06100,118.10614

Week 1,14 Mar 2006,117.18943,117.23486
Week 2,21 Mar 2006,117.09914,117.14529
Week 3,28 Mar 2006,117.44243,117.48957
Week 4,04 Apr 2006,117.84871,117.89329

Week 1,11 Apr 2006,118.48257,118.52971
Week 2,18 Apr 2006,117.28014,117.32629
Week 3,25 Apr 2006,114.44443,114.48957
Week 4,02 May 2006,113.17771,113.22471

Week 1,09 May 2006,110.69171,110.73143
Week 2,16 May 2006,110.74843,110.79457
Week 3,23 May 2006,112.20529,112.25157
Week 4,30 May 2006,112.15629,112.20271

Week 1,06 Jun 2006,113.32100,113.34600
Week 2,13 Jun 2006,114.85371,114.90000
Week 3,20 Jun 2006,115.69171,115.73800
Week 4,27 Jun 2006,115.51857,115.56486

Week 1,04 Jul 2006,114.62543,114.67229
Week 2,11 Jul 2006,115.16429,115.21071
Week 3,18 Jul 2006,116.66143,116.68557
Week 4,25 Jul 2006,115.84100,115.86100

Week 1,01 Aug 2006,114.60357,114.64871
Week 2,08 Aug 2006,115.49471,115.54086
Week 3,15 Aug 2006,115.96871,116.01429
Week 4,22 Aug 2006,116.59114,116.63671

Week 1,29 Aug 2006,117.06786,117.11414
Week 2,05 Sep 2006,116.49643,116.54300
Week 3,12 Sep 2006,117.51814,117.56543
Week 4,19 Sep 2006,117.04529,117.09129

Week 1,26 Sep 2006,117.43357,117.47986
Week 2,03 Oct 2006,118.23386,118.26743
Week 3,10 Oct 2006,119.44571,119.49100
Week 4,17 Oct 2006,118.77714,118.82214

Week 1,24 Oct 2006,118.51757,118.56214
Week 2,31 Oct 2006,117.46500,117.50943
Week 3,07 Nov 2006,117.76086,117.80429
Week 4,14 Nov 2006,117.82614,117.87043

Week 1,21 Nov 2006,116.79014,116.83414
Week 2,28 Nov 2006,115.81500,115.85829
Week 3,05 Dec 2006,115.51514,115.54371
Week 4,12 Dec 2006,117.48614,117.53114

Week 1,19 Dec 2006,118.36929,118.41486
Week 2,26 Dec 2006,118.88943,118.94900
Week 3,02 Jan 2007,118.84143,118.89714
Week 4,09 Jan 2007,119.70214,119.74657

Week 1,16 Jan 2007,120.87071,120.91514
Week 2,23 Jan 2007,121.37086,121.41457
Week 3,30 Jan 2007,121.23171,121.27557
Week 4,06 Feb 2007,121.02671,121.07071

Week 1,13 Feb 2007,120.36571,120.41000
Week 2,20 Feb 2007,120.63514,120.67957
Week 3,27 Feb 2007,118.27143,118.29657
Week 4,06 Mar 2007,117.04214,117.08571

Week 1,13 Mar 2007,116.99886,117.04357
Week 2,20 Mar 2007,117.70786,117.75186
Week 3,27 Mar 2007,117.74571,117.78957
Week 4,03 Apr 2007,118.69829,118.74286

Week 1,10 Apr 2007,119.15871,119.20400
Week 2,17 Apr 2007,118.78800,118.83271
Week 3,24 Apr 2007,119.05343,119.09800
Week 4,01 May 2007,119.96586,120.01029

Week 1,08 May 2007,120.01086,120.05543
Week 2,15 May 2007,120.76457,120.80800
Week 3,22 May 2007,121.54143,121.58471
Week 4,29 May 2007,121.77529,121.81886

Week 1,05 Jun 2007,121.51886,121.56186
Week 2,12 Jun 2007,122.62471,122.66814
Week 3,19 Jun 2007,123.68900,123.73300
Week 4,26 Jun 2007,123.18586,123.22886

Week 1,03 Jul 2007,122.86071,122.90443
Week 2,10 Jul 2007,122.35257,122.39557
Week 3,17 Jul 2007,121.74114,121.78357
Week 4,24 Jul 2007,119.73386,119.77700

Week 1,31 Jul 2007,118.54229,118.58557
Week 2,07 Aug 2007,118.49357,118.53657
Week 3,14 Aug 2007,115.83300,115.87943
Week 4,21 Aug 2007,115.54671,115.59157

Week 1,28 Aug 2007,115.63700,115.68000
Week 2,04 Sep 2007,114.87500,114.91900
Week 3,11 Sep 2007,114.48786,114.53129
Week 4,18 Sep 2007,115.39057,115.43486

Week 1,25 Sep 2007,115.01643,115.05929
Week 2,02 Oct 2007,116.30243,116.34600
Week 3,09 Oct 2007,117.35657,117.40000
Week 4,16 Oct 2007,115.92429,115.96900

Week 1,23 Oct 2007,114.22129,114.26471
Week 2,30 Oct 2007,114.76586,114.79071
Week 3,06 Nov 2007,112.68514,112.72957
Week 4,13 Nov 2007,110.69129,110.73400

Week 1,20 Nov 2007,108.97086,109.01400
Week 2,27 Nov 2007,109.77257,109.80471
Week 3,04 Dec 2007,110.94400,110.98714
Week 4,11 Dec 2007,112.25257,112.29586

Week 1,18 Dec 2007,113.44357,113.48714
Week 2,25 Dec 2007,113.48329,113.54543
Week 3,01 Jan 2008,110.05329,110.11657
Week 4,08 Jan 2008,109.15186,109.19514

Week 1,15 Jan 2008,107.19000,107.23329
Week 2,22 Jan 2008,106.56571,106.60929
Week 3,29 Jan 2008,106.59171,106.63543
Week 4,05 Feb 2008,106.97086,107.01400

Week 1,12 Feb 2008,107.59571,107.63914
Week 2,19 Feb 2008,107.59371,107.63700
Week 3,26 Feb 2008,105.75643,105.79971
Week 4,04 Mar 2008,103.03586,103.07900

Week 1,11 Mar 2008,100.91050,100.95407
Week 2,18 Mar 2008,98.83247,98.88133
Week 3,25 Mar 2008,99.63626,99.68056
Week 4,01 Apr 2008,101.34823,101.39381

Week 1,08 Apr 2008,101.68371,101.72814
Week 2,15 Apr 2008,102.31371,102.35714
Week 3,22 Apr 2008,103.81229,103.85557
Week 4,29 Apr 2008,104.59271,104.63643

Week 1,06 May 2008,104.01757,104.06171
Week 2,13 May 2008,104.26943,104.31314
Week 3,20 May 2008,103.58443,103.62971
Week 4,27 May 2008,104.70443,104.74943

Week 1,03 Jun 2008,105.11214,105.15057
Week 2,10 Jun 2008,107.33557,107.38129
Week 3,17 Jun 2008,107.73414,107.77843
Week 4,24 Jun 2008,107.10400,107.14743

Week 1,01 Jul 2008,106.34300,106.38714
Week 2,08 Jul 2008,106.82757,106.87100
Week 3,15 Jul 2008,106.00257,106.04600
Week 4,22 Jul 2008,107.38257,107.42757

Week 1,29 Jul 2008,107.77700,107.82171
Week 2,05 Aug 2008,109.15714,109.20029
Week 3,12 Aug 2008,109.93900,109.98243
Week 4,19 Aug 2008,109.74971,109.78543

Week 1,26 Aug 2008,109.22414,109.26686
Week 2,02 Sep 2008,107.91829,107.96257
Week 3,09 Sep 2008,107.65500,107.70100
Week 4,16 Sep 2008,106.05729,106.10686

Week 1,23 Sep 2008,105.92729,105.97429
Week 2,30 Sep 2008,105.44586,105.49600
Week 3,07 Oct 2008,100.95387,101.03617
Week 4,14 Oct 2008,101.30600,101.37314

Week 1,21 Oct 2008,97.44393,97.52357
Week 2,28 Oct 2008,96.90234,96.97464
Week 3,04 Nov 2008,98.48997,98.54157
Week 4,11 Nov 2008,97.21901,97.26667

Week 1,18 Nov 2008,95.99201,96.03750
Week 2,25 Nov 2008,95.54191,95.58984
Week 3,02 Dec 2008,93.10989,93.15483
Week 4,09 Dec 2008,91.86791,91.89674

Week 1,16 Dec 2008,89.36741,89.41546
Week 2,23 Dec 2008,90.41296,90.47353
Week 3,30 Dec 2008,90.92939,90.99781
Week 4,06 Jan 2009,91.86629,91.91043

Week 1,13 Jan 2009,89.90187,89.94733
Week 2,20 Jan 2009,89.39230,89.43521
Week 3,27 Jan 2009,89.57481,89.61863
Week 4,03 Feb 2009,90.46897,90.51170

Week 1,10 Feb 2009,91.15677,91.19770
Week 2,17 Feb 2009,92.99111,93.02967
Week 3,24 Feb 2009,96.69181,96.72993
Week 4,03 Mar 2009,98.16096,98.20186

Week 1,10 Mar 2009,98.05600,98.09851
Week 2,17 Mar 2009,96.74841,96.78959
Week 3,24 Mar 2009,97.69257,97.73447
Week 4,31 Mar 2009,99.15187,99.19433

Week 1,07 Apr 2009,100.31614,100.35900
Week 2,14 Apr 2009,99.37396,99.41529
Week 3,21 Apr 2009,97.80854,97.84871
Week 4,28 Apr 2009,97.87917,97.92061

Week 1,05 May 2009,98.78614,98.83096
Week 2,12 May 2009,96.06364,96.10379
Week 3,19 May 2009,95.09784,95.13809
Week 4,26 May 2009,95.39679,95.43683

Week 1,02 Jun 2009,96.89197,96.93417
Week 2,09 Jun 2009,98.13419,98.17317
Week 3,16 Jun 2009,96.59874,96.63813
Week 4,23 Jun 2009,95.53266,95.57196

Week 1,30 Jun 2009,96.07363,96.11254
Week 2,07 Jul 2009,93.60426,93.64340
Week 3,14 Jul 2009,93.63101,93.67757
Week 4,21 Jul 2009,94.37971,94.41900

Week 1,28 Jul 2009,94.89343,94.93277
Week 2,04 Aug 2009,95.93176,95.97134
Week 3,11 Aug 2009,95.75347,95.79303
Week 4,18 Aug 2009,94.36037,94.40063

Week 1,25 Aug 2009,93.91837,93.98739
Week 2,01 Sep 2009,92.81604,92.85629
Week 3,08 Sep 2009,91.73217,91.77239
Week 4,15 Sep 2009,91.03964,91.07881

Week 1,22 Sep 2009,90.72820,90.76761
Week 2,29 Sep 2009,89.69070,89.72889
Week 3,06 Oct 2009,89.20464,89.24301
Week 4,13 Oct 2009,90.23126,90.27120

Week 1,20 Oct 2009,91.30216,91.33404
Week 2,27 Oct 2009,91.13259,91.15910
Week 3,03 Nov 2009,90.21046,90.24989
Week 4,10 Nov 2009,89.82619,89.86399

Week 1,17 Nov 2009,89.06743,89.10564
Week 2,24 Nov 2009,87.41081,87.44887
Week 3,01 Dec 2009,88.27847,88.31601
Week 4,08 Dec 2009,88.82804,88.86510

Week 1,15 Dec 2009,89.76770,89.80510
Week 2,22 Dec 2009,91.28889,91.33846
Week 3,29 Dec 2009,92.43530,92.48203
Week 4,05 Jan 2010,92.55957,92.59600

Week 1,12 Jan 2010,91.30207,91.33906
Week 2,19 Jan 2010,90.54317,90.57097
Week 3,26 Jan 2010,90.03160,90.06697
Week 4,02 Feb 2010,89.98660,90.02294

Week 1,09 Feb 2010,89.72817,89.76424
Week 2,16 Feb 2010,90.93174,90.97937
Week 3,23 Feb 2010,89.73557,89.78313
Week 4,02 Mar 2010,89.39473,89.44214

Week 1,09 Mar 2010,90.38234,90.43014
Week 2,16 Mar 2010,90.44951,90.49767
Week 3,23 Mar 2010,91.70556,91.75310
Week 4,30 Mar 2010,93.56744,93.60183

Week 1,06 Apr 2010,93.55179,93.60010
Week 2,13 Apr 2010,92.78287,92.82921
Week 3,20 Apr 2010,93.29584,93.32624
Week 4,27 Apr 2010,93.88263,93.93011

Week 1,04 May 2010,93.01706,93.06556
Week 2,11 May 2010,92.70387,92.75101
Week 3,18 May 2010,90.98853,91.03530
Week 4,25 May 2010,90.55551,90.60280

Week 1,01 Jun 2010,91.83983,91.88700
Week 2,08 Jun 2010,91.49821,91.54514
Week 3,15 Jun 2010,91.09410,91.13154
Week 4,22 Jun 2010,89.89276,89.94143

Week 1,29 Jun 2010,88.22787,88.27507
Week 2,06 Jul 2010,88.10070,88.14859
Week 3,13 Jul 2010,87.62347,87.67127
Week 4,20 Jul 2010,87.10969,87.15731

Week 1,27 Jul 2010,86.93670,86.98413
Week 2,03 Aug 2010,85.84561,85.89361
Week 3,10 Aug 2010,85.78833,85.83491
Week 4,17 Aug 2010,85.48223,85.52881

Week 1,24 Aug 2010,84.85541,84.90150
Week 2,31 Aug 2010,84.34791,84.39476
Week 3,07 Sep 2010,83.95067,84.02109
Week 4,14 Sep 2010,85.06689,85.11201

Week 1,21 Sep 2010,84.70073,84.74796
Week 2,28 Sep 2010,83.56476,83.61133
Week 3,05 Oct 2010,82.58447,82.63049
Week 4,12 Oct 2010,81.58199,81.62834

Week 1,19 Oct 2010,81.27976,81.32587
Week 2,26 Oct 2010,80.86884,80.91357
Week 3,02 Nov 2010,80.90243,80.94061
Week 4,09 Nov 2010,81.95729,81.99486

Week 1,16 Nov 2010,83.28839,83.32686
Week 2,23 Nov 2010,83.62159,83.65967
Week 3,30 Nov 2010,83.47290,83.51190
Week 4,07 Dec 2010,83.54637,83.58587

Week 1,14 Dec 2010,83.88476,83.92326
Week 2,21 Dec 2010,83.28060,83.32221
Week 3,28 Dec 2010,81.78741,81.82944
Week 4,04 Jan 2011,82.64844,82.68676

Week 1,11 Jan 2011,82.94376,82.98080
Week 2,18 Jan 2011,82.54930,82.58761
Week 3,25 Jan 2011,82.35621,82.39386
Week 4,01 Feb 2011,81.85764,81.89447

Week 1,08 Feb 2011,82.83759,82.87384
Week 2,15 Feb 2011,83.37404,83.41144
Week 3,22 Feb 2011,82.28181,82.31919
Week 4,01 Mar 2011,82.08417,82.10887

Week 1,08 Mar 2011,82.34296,82.38024
Week 2,15 Mar 2011,80.69163,80.73361
Week 3,22 Mar 2011,81.08883,81.12596
Week 4,29 Mar 2011,83.02966,83.06714

Week 1,05 Apr 2011,84.76840,84.82621
Week 2,12 Apr 2011,83.66139,83.69923
Week 3,19 Apr 2011,82.22963,82.26860
Week 4,26 Apr 2011,81.58599,81.62483

Week 1,03 May 2011,80.71789,80.75691
Week 2,10 May 2011,80.75881,80.79700
Week 3,17 May 2011,81.44877,81.48609
Week 4,24 May 2011,81.41670,81.45360

Week 1,31 May 2011,80.75499,80.79273
Week 2,07 Jun 2011,80.16216,80.19950
Week 3,14 Jun 2011,80.35707,80.39469
Week 4,21 Jun 2011,80.32903,80.36637

Week 1,28 Jun 2011,80.77709,80.81389
Week 2,05 Jul 2011,80.85387,80.89177
Week 3,12 Jul 2011,79.40593,79.44574
Week 4,19 Jul 2011,78.74264,78.78003

Week 1,26 Jul 2011,77.56856,77.60801
Week 2,02 Aug 2011,77.94864,78.01946
Week 3,09 Aug 2011,76.95020,76.99109
Week 4,16 Aug 2011,76.61560,76.65334

Week 1,23 Aug 2011,76.80169,76.83894
Week 2,30 Aug 2011,76.76346,76.80033
Week 3,06 Sep 2011,77.32311,77.36157
Week 4,13 Sep 2011,76.85987,76.89759

Week 1,20 Sep 2011,76.49780,76.53710
Week 2,27 Sep 2011,76.69437,76.73234
Week 3,04 Oct 2011,76.74774,76.78527
Week 4,11 Oct 2011,76.94137,76.97803

Week 1,18 Oct 2011,76.62959,76.66659
Week 2,25 Oct 2011,75.93411,75.97079
Week 3,01 Nov 2011,78.10431,78.14199
Week 4,08 Nov 2011,77.57224,77.60891

Week 1,15 Nov 2011,76.95316,76.98973
Week 2,22 Nov 2011,77.27141,77.30766
Week 3,29 Nov 2011,77.84394,77.88007
Week 4,06 Dec 2011,77.67504,77.71063

Week 1,13 Dec 2011,77.84373,77.87916
Week 2,20 Dec 2011,77.99077,78.02790
Week 3,27 Dec 2011,77.50651,77.54563
Week 4,03 Jan 2012,76.89094,76.93024

Week 1,10 Jan 2012,76.87157,76.90711
Week 2,17 Jan 2012,76.89349,76.92839
Week 3,24 Jan 2012,77.16650,77.20141
Week 4,31 Jan 2012,76.37549,76.41053

Week 1,07 Feb 2012,77.18677,77.22300
Week 2,14 Feb 2012,78.69119,78.73054
Week 3,21 Feb 2012,80.31969,80.35493
Week 4,28 Feb 2012,81.14294,81.17844

Week 1,06 Mar 2012,81.66283,81.69809
Week 2,13 Mar 2012,83.15630,83.19271
Week 3,20 Mar 2012,82.97029,83.00661
Week 4,27 Mar 2012,82.71666,82.75441

Week 1,03 Apr 2012,82.12520,82.16313
Week 2,10 Apr 2012,81.01444,81.05159
Week 3,17 Apr 2012,81.22849,81.27400
Week 4,24 Apr 2012,80.84957,80.89890

Week 1,01 May 2012,80.02426,80.06227
Week 2,08 May 2012,79.83487,79.87883
Week 3,15 May 2012,79.63904,79.68639
Week 4,22 May 2012,79.54817,79.58520

Week 1,29 May 2012,78.73067,78.76831
Week 2,05 Jun 2012,79.04369,79.08770
Week 3,12 Jun 2012,79.16233,79.19924
Week 4,19 Jun 2012,79.73016,79.76737

Week 1,26 Jun 2012,79.65036,79.68746
Week 2,03 Jul 2012,79.72936,79.74651
Week 3,10 Jul 2012,79.35464,79.37127
Week 4,17 Jul 2012,78.72810,78.74471

Week 1,24 Jul 2012,78.28547,78.30386
Week 2,31 Jul 2012,78.31461,78.33151
Week 3,07 Aug 2012,78.38361,78.40026
Week 4,14 Aug 2012,79.05937,79.07567

Week 1,21 Aug 2012,78.92161,78.93811
Week 2,28 Aug 2012,78.52997,78.54637
Week 3,04 Sep 2012,78.39741,78.41426
Week 4,11 Sep 2012,78.06091,78.07760

Week 1,18 Sep 2012,78.36867,78.39076
Week 2,25 Sep 2012,77.81856,77.83516
Week 3,02 Oct 2012,78.38797,78.40481
Week 4,09 Oct 2012,78.34481,78.36151

Week 1,16 Oct 2012,79.04287,79.05923
Week 2,23 Oct 2012,79.79636,79.81260
Week 3,30 Oct 2012,80.03209,80.04807
Week 4,06 Nov 2012,79.83586,79.85201

Week 1,13 Nov 2012,80.46210,80.47839
Week 2,20 Nov 2012,82.05324,82.07214
Week 3,27 Nov 2012,82.24579,82.26329
Week 4,04 Dec 2012,82.32013,82.33601

Week 1,11 Dec 2012,83.10210,83.11801
Week 2,18 Dec 2012,84.14453,84.15950
Week 3,25 Dec 2012,85.43777,85.45690
Week 4,01 Jan 2013,87.30061,87.31963

Week 1,08 Jan 2013,88.33056,88.34289
Week 2,15 Jan 2013,89.39151,89.40623
Week 3,22 Jan 2013,89.87061,89.88394
Week 4,29 Jan 2013,91.61574,91.64154

Week 1,05 Feb 2013,92.98543,93.02269
Week 2,12 Feb 2013,93.35201,93.38179
Week 3,19 Feb 2013,93.49360,93.51723
Week 4,26 Feb 2013,92.85209,92.87407

Week 1,05 Mar 2013,94.55176,94.57606
Week 2,12 Mar 2013,95.82301,95.84166
Week 3,19 Mar 2013,94.94454,94.99226
Week 4,26 Mar 2013,94.28230,94.31986

Week 1,02 Apr 2013,95.23550,95.28350
Week 2,09 Apr 2013,98.95793,99.01204
Week 3,16 Apr 2013,98.47876,98.51211
Week 4,23 Apr 2013,98.86541,98.90967

Week 1,30 Apr 2013,98.09986,98.13706
Week 2,07 May 2013,100.11233,100.14641
Week 3,14 May 2013,102.43929,102.46957
Week 4,21 May 2013,102.02386,102.06771

Week 1,28 May 2013,101.02243,101.07657
Week 2,04 Jun 2013,98.61440,98.63789
Week 3,11 Jun 2013,95.71551,95.75803
Week 4,18 Jun 2013,96.54520,96.56771

Week 1,25 Jun 2013,98.36010,98.39139
Week 2,02 Jul 2013,100.33717,100.36111
Week 3,09 Jul 2013,99.90704,99.94179
Week 4,16 Jul 2013,100.02069,100.07567

Week 1,23 Jul 2013,99.19530,99.25066
Week 2,30 Jul 2013,98.53859,98.58574
Week 3,06 Aug 2013,96.98871,97.03236
Week 4,13 Aug 2013,97.52920,97.56643

Week 1,20 Aug 2013,98.15771,98.20409
Week 2,27 Aug 2013,98.02647,98.08170
Week 3,03 Sep 2013,99.37723,99.40583
Week 4,10 Sep 2013,99.64787,99.66836

Week 1,17 Sep 2013,99.10574,99.15944
Week 2,24 Sep 2013,98.60069,98.62994
Week 3,01 Oct 2013,97.60396,97.62013
Week 4,08 Oct 2013,97.78569,97.81213

Week 1,15 Oct 2013,98.10373,98.15664
Week 2,22 Oct 2013,97.60341,97.62879
Week 3,29 Oct 2013,98.22214,98.26651
Week 4,05 Nov 2013,98.67996,98.71199

Week 1,12 Nov 2013,99.76969,99.79156
Week 2,19 Nov 2013,100.62050,100.65039
Week 3,26 Nov 2013,102.01686,102.04914
Week 4,03 Dec 2013,102.57300,102.60043

Week 1,10 Dec 2013,103.05900,103.10129
Week 2,17 Dec 2013,103.61814,103.66357
Week 3,24 Dec 2013,104.61800,104.64814
Week 4,31 Dec 2013,104.97314,104.99457

Week 1,07 Jan 2014,104.51000,104.53414
Week 2,14 Jan 2014,104.11771,104.15800
Week 3,21 Jan 2014,103.50657,103.55914
Week 4,28 Jan 2014,102.41014,102.46314

Week 1,04 Feb 2014,101.83357,101.88629
Week 2,11 Feb 2014,102.10300,102.13329
Week 3,18 Feb 2014,102.25571,102.28443
Week 4,25 Feb 2014,102.10200,102.13243

Week 1,04 Mar 2014,102.52186,102.57400
Week 2,11 Mar 2014,102.27414,102.29714
Week 3,18 Mar 2014,101.98800,102.01814
Week 4,25 Mar 2014,102.42357,102.44000

Week 1,01 Apr 2014,103.47729,103.50300
Week 2,08 Apr 2014,102.01886,102.03514
Week 3,15 Apr 2014,102.13529,102.17929
Week 4,22 Apr 2014,102.36171,102.38414

Week 1,29 Apr 2014,102.31471,102.35686
Week 2,06 May 2014,101.80843,101.83457
Week 3,13 May 2014,101.78014,101.80314
Week 4,20 May 2014,101.61200,101.64314

Week 1,27 May 2014,101.77500,101.82771
Week 2,03 Jun 2014,102.42514,102.44614
Week 3,10 Jun 2014,102.12571,102.15557
Week 4,17 Jun 2014,102.00343,102.02471

Week 1,24 Jun 2014,101.67343,101.72529
Week 2,01 Jul 2014,101.80000,101.83371
Week 3,08 Jul 2014,101.50729,101.55929
Week 4,15 Jul 2014,101.44971,101.48114

Week 1,22 Jul 2014,101.61029,101.63200
Week 2,29 Jul 2014,102.42300,102.43871
Week 3,05 Aug 2014,102.24157,102.26214
Week 4,12 Aug 2014,102.33571,102.35571

Week 1,19 Aug 2014,103.40557,103.42671
Week 2,26 Aug 2014,103.96143,103.98700
Week 3,02 Sep 2014,104.90629,104.92814
Week 4,09 Sep 2014,106.69186,106.71000

Week 1,16 Sep 2014,108.19329,108.22129
Week 2,23 Sep 2014,108.99743,109.01757
Week 3,30 Sep 2014,109.40386,109.42386
Week 4,07 Oct 2014,108.17071,108.19300

Week 1,14 Oct 2014,106.75771,106.79329
Week 2,21 Oct 2014,107.53543,107.55571
Week 3,28 Oct 2014,109.80986,109.83014
Week 4,04 Nov 2014,114.27057,114.29271

Week 1,11 Nov 2014,115.64729,115.67100
Week 2,18 Nov 2014,117.41414,117.46786
Week 3,25 Nov 2014,118.11214,118.16700
Week 4,02 Dec 2014,119.98943,120.03086

Week 1,09 Dec 2014,119.26457,119.31029
Week 2,16 Dec 2014,118.51271,118.54986
Week 3,23 Dec 2014,120.26643,120.30714
Week 4,30 Dec 2014,120.14029,120.19600

Week 1,06 Jan 2015,119.15743,119.18357
Week 2,13 Jan 2015,117.55343,117.60886
Week 3,20 Jan 2015,117.89329,117.93686
Week 4,27 Jan 2015,117.79871,117.84900

Week 1,03 Feb 2015,117.97557,118.00100
Week 2,10 Feb 2015,119.05929,119.11343
Week 3,17 Feb 2015,118.84886,118.88971
Week 4,24 Feb 2015,119.20486,119.25886

Week 1,03 Mar 2015,120.16314,120.19414
Week 2,10 Mar 2015,121.29929,121.33857
Week 3,17 Mar 2015,120.71014,120.75314
Week 4,24 Mar 2015,119.36929,119.39529

Week 1,31 Mar 2015,119.48329,119.53929
Week 2,07 Apr 2015,119.97629,120.03129
Week 3,14 Apr 2015,119.30929,119.36400
Week 4,21 Apr 2015,119.30886,119.33929

Week 1,28 Apr 2015,119.46186,119.51643
Week 2,05 May 2015,119.81586,119.87129
Week 3,12 May 2015,119.52486,119.57957
Week 4,19 May 2015,120.85700,120.89786

Week 1,26 May 2015,123.33814,123.37100
Week 2,02 Jun 2015,124.75229,124.80314
Week 3,09 Jun 2015,123.77086,123.82629
Week 4,16 Jun 2015,123.11243,123.16371

Week 1,23 Jun 2015,123.64543,123.69043
Week 2,30 Jun 2015,122.77957,122.83600
Week 3,07 Jul 2015,122.21214,122.26786
Week 4,14 Jul 2015,123.71443,123.76971

Week 1,21 Jul 2015,123.93843,123.97714
Week 2,28 Jul 2015,123.76471,123.81214
Week 3,04 Aug 2015,124.32814,124.36014
Week 4,11 Aug 2015,124.45300,124.49571

Week 1,18 Aug 2015,123.35643,123.41114
Week 2,25 Aug 2015,120.54200,120.59943
Week 3,01 Sep 2015,119.87843,119.90914
Week 4,08 Sep 2015,120.26843,120.29371

Week 1,15 Sep 2015,120.14814,120.19529
Week 2,22 Sep 2015,120.28700,120.32971
Week 3,29 Sep 2015,119.91471,119.95843
Week 4,06 Oct 2015,120.12200,120.17643

Week 1,13 Oct 2015,119.42586,119.46457
Week 2,20 Oct 2015,120.38500,120.41814
Week 3,27 Oct 2015,120.70543,120.72957
Week 4,03 Nov 2015,121.81386,121.84743

Week 1,10 Nov 2015,122.88286,122.92800
Week 2,17 Nov 2015,122.99586,123.05014
Week 3,24 Nov 2015,122.69271,122.74771
Week 4,01 Dec 2015,123.03200,123.06857

Week 1,08 Dec 2015,121.97557,122.01571
Week 2,15 Dec 2015,121.50271,121.54000
Week 3,22 Dec 2015,120.65743,120.67986
Week 4,29 Dec 2015,120.31771,120.33400

Week 1,05 Jan 2016,118.24571,118.28614
Week 2,12 Jan 2016,117.46957,117.51029
Week 3,19 Jan 2016,117.78343,117.81357
Week 4,26 Jan 2016,119.49543,119.52200

Week 1,02 Feb 2016,118.42757,118.46800
Week 2,09 Feb 2016,113.96000,114.00271
Week 3,16 Feb 2016,113.43086,113.47200
Week 4,23 Feb 2016,112.92000,112.94614

Week 1,01 Mar 2016,113.59400,113.63443
Week 2,08 Mar 2016,113.41300,113.44529
Week 3,15 Mar 2016,112.38571,112.42014
Week 4,22 Mar 2016,112.53643,112.57786

Week 1,29 Mar 2016,112.45414,112.49471
Week 2,05 Apr 2016,109.37400,109.41471
Week 3,12 Apr 2016,108.73657,108.77686
Week 4,19 Apr 2016,110.05671,110.08114

Week 1,26 Apr 2016,108.94086,108.98014
Week 2,03 May 2016,106.83729,106.86357
Week 3,10 May 2016,108.62386,108.66386
Week 4,17 May 2016,109.67614,109.71571

Week 1,24 May 2016,109.92571,109.96514
Week 2,31 May 2016,108.87043,108.90514
Week 3,07 Jun 2016,107.01057,107.03014
Week 4,14 Jun 2016,105.05214,105.09243

Week 1,21 Jun 2016,103.66900,103.74200
Week 2,28 Jun 2016,102.44986,102.50686
Week 3,05 Jul 2016,101.14886,101.18957
Week 4,12 Jul 2016,104.33400,104.37500

Week 1,19 Jul 2016,106.12057,106.16157
Week 2,26 Jul 2016,104.09671,104.13871
Week 3,02 Aug 2016,101.62357,101.66414
Week 4,09 Aug 2016,101.64129,101.67500

Week 1,16 Aug 2016,100.39643,100.42929
Week 2,23 Aug 2016,100.82829,100.86814
Week 3,30 Aug 2016,103.21343,103.25343
Week 4,06 Sep 2016,102.54086,102.58129

Week 1,13 Sep 2016,102.25686,102.29271
Week 2,20 Sep 2016,101.21929,101.26014
Week 3,27 Sep 2016,100.96571,101.00586
Week 4,04 Oct 2016,102.83614,102.87486

Week 1,11 Oct 2016,103.84057,103.87700
Week 2,18 Oct 2016,103.82143,103.84643
Week 3,25 Oct 2016,104.57257,104.60300
Week 4,01 Nov 2016,103.63014,103.66357

Week 1,08 Nov 2016,105.54071,105.58200
Week 2,15 Nov 2016,109.52700,109.56743
Week 3,22 Nov 2016,112.26186,112.30500
Week 4,29 Nov 2016,113.26086,113.30186

Week 1,06 Dec 2016,114.37671,114.41700
Week 2,13 Dec 2016,116.77643,116.81643
Week 3,20 Dec 2016,117.44857,117.48914
Week 4,27 Dec 2016,117.07314,117.12629

Week 1,03 Jan 2017,116.94129,116.99400
Week 2,10 Jan 2017,115.26686,115.30729
Week 3,17 Jan 2017,114.22371,114.26471
Week 4,24 Jan 2017,114.18086,114.22129

Week 1,31 Jan 2017,113.09757,113.13786
Week 2,07 Feb 2017,112.69800,112.73757
Week 3,14 Feb 2017,113.45057,113.49014
Week 4,21 Feb 2017,112.79000,112.85757

Week 1,28 Feb 2017,113.49434,113.53429
Week 2,07 Mar 2017,114.45243,114.49116
Week 3,14 Mar 2017,113.69890,113.73725
Week 4,21 Mar 2017,111.60754,111.63732

Week 1,28 Mar 2017,111.12615,111.14711
Week 2,04 Apr 2017,110.89002,110.91812
Week 3,11 Apr 2017,109.46868,109.50980
Week 4,18 Apr 2017,108.90053,108.94038

Week 1,25 Apr 2017,111.04017,111.06879
Week 2,02 May 2017,112.33829,112.37867
Week 3,09 May 2017,113.52241,113.55055
Week 4,16 May 2017,111.96203,111.99865

Week 1,23 May 2017,111.42852,111.46796
Week 2,30 May 2017,110.86480,110.90004
Week 3,06 Jun 2017,110.07016,110.10835
Week 4,13 Jun 2017,110.37879,110.41637

Week 1,20 Jun 2017,111.29196,111.33102
Week 2,27 Jun 2017,112.10010,112.13925
Week 3,04 Jul 2017,113.41084,113.45023
Week 4,11 Jul 2017,113.24820,113.26574

Week 1,18 Jul 2017,111.75689,111.77825
Week 2,25 Jul 2017,111.07569,111.10591
Week 3,01 Aug 2017,110.51029,110.53538
Week 4,08 Aug 2017,109.73783,109.75747

Week 1,15 Aug 2017,109.72983,109.75450
Week 2,22 Aug 2017,109.29971,109.32306
Week 3,29 Aug 2017,109.79917,109.81898
Week 4,05 Sep 2017,108.62287,108.64202

Week 1,12 Sep 2017,110.27444,110.29600
Week 2,19 Sep 2017,111.89384,111.90880
Week 3,26 Sep 2017,112.39229,112.44173
Week 4,03 Oct 2017,112.73782,112.76115

Week 1,10 Oct 2017,112.18722,112.21639
Week 2,17 Oct 2017,112.83396,112.84843
Week 3,24 Oct 2017,113.80510,113.82044
Week 4,31 Oct 2017,113.84792,113.86813

Week 1,07 Nov 2017,113.69154,113.71155
Week 2,14 Nov 2017,112.79971,112.82081
Week 3,21 Nov 2017,111.74521,111.77402
Week 4,28 Nov 2017,111.86968,111.88962

Week 1,05 Dec 2017,112.53080,112.54346


