
USD-> EUR

Week 1,11 Dec 1998,0.84865,0.84896
Week 2,18 Dec 1998,0.85193,0.85223
Week 3,25 Dec 1998,0.85727,0.85762
Week 4,01 Jan 1999,0.85265,0.85307

Week 1,08 Jan 1999,0.86171,0.86211
Week 2,15 Jan 1999,0.86252,0.86288
Week 3,22 Jan 1999,0.86544,0.86584
Week 4,29 Jan 1999,0.88058,0.88101

Week 1,05 Feb 1999,0.88517,0.88555
Week 2,12 Feb 1999,0.88866,0.88903
Week 3,19 Feb 1999,0.90555,0.90596
Week 4,26 Feb 1999,0.91230,0.91268

Week 1,05 Mar 1999,0.91946,0.91988
Week 2,12 Mar 1999,0.91420,0.91471
Week 3,19 Mar 1999,0.91719,0.91763
Week 4,26 Mar 1999,0.92901,0.92958

Week 1,02 Apr 1999,0.92707,0.92753
Week 2,09 Apr 1999,0.92495,0.92543
Week 3,16 Apr 1999,0.93827,0.93870
Week 4,23 Apr 1999,0.94072,0.94117

Week 1,30 Apr 1999,0.94094,0.94137
Week 2,07 May 1999,0.93178,0.93227
Week 3,14 May 1999,0.93761,0.93805
Week 4,21 May 1999,0.94628,0.94673

Week 1,28 May 1999,0.95911,0.95962
Week 2,04 Jun 1999,0.96283,0.96333
Week 3,11 Jun 1999,0.95804,0.95842
Week 4,18 Jun 1999,0.96561,0.96606

Week 1,25 Jun 1999,0.96238,0.96283
Week 2,02 Jul 1999,0.97732,0.97786
Week 3,09 Jul 1999,0.98170,0.98216
Week 4,16 Jul 1999,0.97075,0.97120

Week 1,23 Jul 1999,0.94374,0.94416
Week 2,30 Jul 1999,0.93306,0.93349
Week 3,06 Aug 1999,0.93413,0.93454
Week 4,13 Aug 1999,0.94616,0.94655

Week 1,20 Aug 1999,0.94526,0.94565
Week 2,27 Aug 1999,0.94899,0.94942
Week 3,03 Sep 1999,0.94277,0.94322
Week 4,10 Sep 1999,0.96221,0.96272

Week 1,17 Sep 1999,0.95844,0.95891
Week 2,24 Sep 1999,0.95252,0.95299
Week 3,01 Oct 1999,0.93295,0.93338
Week 4,08 Oct 1999,0.93593,0.93637

Week 1,15 Oct 1999,0.92209,0.92248
Week 2,22 Oct 1999,0.93759,0.93803
Week 3,29 Oct 1999,0.94926,0.94969
Week 4,05 Nov 1999,0.96045,0.96091

Week 1,12 Nov 1999,0.96579,0.96624
Week 2,19 Nov 1999,0.97252,0.97301
Week 3,26 Nov 1999,0.98816,0.98862
Week 4,03 Dec 1999,0.98695,0.98748

Week 1,10 Dec 1999,0.98852,0.98904
Week 2,17 Dec 1999,0.98934,0.98983
Week 3,24 Dec 1999,0.98873,0.98931
Week 4,31 Dec 1999,0.98414,0.98467

Week 1,07 Jan 2000,0.97067,0.97119
Week 2,14 Jan 2000,0.98495,0.98544
Week 3,21 Jan 2000,0.99204,0.99252
Week 4,28 Jan 2000,1.02346,1.02400

Week 1,04 Feb 2000,1.01410,1.01459
Week 2,11 Feb 2000,1.01499,1.01550
Week 3,18 Feb 2000,1.00870,1.00925
Week 4,25 Feb 2000,1.02521,1.02566

Week 1,03 Mar 2000,1.04108,1.04154
Week 2,10 Mar 2000,1.03570,1.03623
Week 3,17 Mar 2000,1.03118,1.03176
Week 4,24 Mar 2000,1.03204,1.03269

Week 1,31 Mar 2000,1.04263,1.04332
Week 2,07 Apr 2000,1.04416,1.04464
Week 3,14 Apr 2000,1.04791,1.04847
Week 4,21 Apr 2000,1.07023,1.07070

Week 1,28 Apr 2000,1.09974,1.10030
Week 2,05 May 2000,1.11164,1.11219
Week 3,12 May 2000,1.09920,1.09978
Week 4,19 May 2000,1.11057,1.11121

Week 1,26 May 2000,1.07509,1.07566
Week 2,02 Jun 2000,1.05520,1.05576
Week 3,09 Jun 2000,1.04629,1.04697
Week 4,16 Jun 2000,1.04322,1.04372

Week 1,23 Jun 2000,1.06495,1.06548
Week 2,30 Jun 2000,1.04989,1.05040
Week 3,07 Jul 2000,1.05318,1.05364
Week 4,14 Jul 2000,1.07054,1.07102

Week 1,21 Jul 2000,1.06741,1.06794
Week 2,28 Jul 2000,1.08355,1.08419
Week 3,04 Aug 2000,1.10410,1.10465
Week 4,11 Aug 2000,1.10193,1.10249

Week 1,18 Aug 2000,1.10460,1.10510
Week 2,25 Aug 2000,1.11135,1.11200
Week 3,01 Sep 2000,1.11978,1.12038
Week 4,08 Sep 2000,1.15555,1.15623

Week 1,15 Sep 2000,1.17052,1.17121
Week 2,22 Sep 2000,1.14175,1.14247
Week 3,29 Sep 2000,1.13725,1.13798
Week 4,06 Oct 2000,1.14722,1.15000

Week 1,13 Oct 2000,1.17122,1.17217
Week 2,20 Oct 2000,1.19195,1.19299
Week 3,27 Oct 2000,1.18613,1.18701
Week 4,03 Nov 2000,1.15848,1.15936

Week 1,10 Nov 2000,1.16163,1.16255
Week 2,17 Nov 2000,1.17927,1.18010
Week 3,24 Nov 2000,1.18214,1.18291
Week 4,01 Dec 2000,1.13412,1.13479

Week 1,08 Dec 2000,1.13298,1.13360
Week 2,15 Dec 2000,1.11469,1.11536
Week 3,22 Dec 2000,1.08082,1.08141
Week 4,29 Dec 2000,1.06417,1.06474

Week 1,05 Jan 2001,1.05200,1.05270
Week 2,12 Jan 2001,1.05615,1.05673
Week 3,19 Jan 2001,1.06871,1.06938
Week 4,26 Jan 2001,1.08053,1.08121

Week 1,02 Feb 2001,1.06906,1.06968
Week 2,09 Feb 2001,1.08234,1.08294
Week 3,16 Feb 2001,1.09493,1.09560
Week 4,23 Feb 2001,1.09055,1.09129

Week 1,02 Mar 2001,1.07178,1.07238
Week 2,09 Mar 2001,1.07899,1.07955
Week 3,16 Mar 2001,1.11200,1.11272
Week 4,23 Mar 2001,1.12232,1.12305

Week 1,30 Mar 2001,1.13100,1.13167
Week 2,06 Apr 2001,1.11519,1.11584
Week 3,13 Apr 2001,1.12658,1.12731
Week 4,20 Apr 2001,1.11234,1.11303

Week 1,27 Apr 2001,1.12023,1.12091
Week 2,04 May 2001,1.12338,1.12409
Week 3,11 May 2001,1.13867,1.13935
Week 4,18 May 2001,1.14257,1.14346

Week 1,25 May 2001,1.16467,1.16542
Week 2,01 Jun 2001,1.17821,1.17892
Week 3,08 Jun 2001,1.17591,1.17653
Week 4,15 Jun 2001,1.16244,1.16309

Week 1,22 Jun 2001,1.16455,1.16510
Week 2,29 Jun 2001,1.17874,1.17946
Week 3,06 Jul 2001,1.17787,1.17855
Week 4,13 Jul 2001,1.16561,1.16620

Week 1,20 Jul 2001,1.14514,1.14568
Week 2,27 Jul 2001,1.13983,1.14038
Week 3,03 Aug 2001,1.13325,1.13388
Week 4,10 Aug 2001,1.11309,1.11368

Week 1,17 Aug 2001,1.09190,1.09248
Week 2,24 Aug 2001,1.09527,1.09580
Week 3,31 Aug 2001,1.10511,1.10569
Week 4,07 Sep 2001,1.10424,1.10475

Week 1,14 Sep 2001,1.08507,1.08576
Week 2,21 Sep 2001,1.08844,1.08881
Week 3,28 Sep 2001,1.09409,1.09449
Week 4,05 Oct 2001,1.09073,1.09118

Week 1,12 Oct 2001,1.10155,1.10195
Week 2,19 Oct 2001,1.11496,1.11546
Week 3,26 Oct 2001,1.11443,1.11489
Week 4,02 Nov 2001,1.11046,1.11105

Week 1,09 Nov 2001,1.12251,1.12306
Week 2,16 Nov 2001,1.13308,1.13372
Week 3,23 Nov 2001,1.13543,1.13591
Week 4,30 Nov 2001,1.12019,1.12077

Week 1,07 Dec 2001,1.12034,1.12086
Week 2,14 Dec 2001,1.10945,1.10987
Week 3,21 Dec 2001,1.12907,1.12951
Week 4,28 Dec 2001,1.12420,1.12476

Week 1,04 Jan 2002,1.11745,1.11790
Week 2,11 Jan 2002,1.12345,1.12394
Week 3,18 Jan 2002,1.13230,1.13272
Week 4,25 Jan 2002,1.15472,1.15520

Week 1,01 Feb 2002,1.15696,1.15753
Week 2,08 Feb 2002,1.14497,1.14536
Week 3,15 Feb 2002,1.14532,1.14575
Week 4,22 Feb 2002,1.14813,1.14864

Week 1,01 Mar 2002,1.15053,1.15102
Week 2,08 Mar 2002,1.14129,1.14170
Week 3,15 Mar 2002,1.13257,1.13309
Week 4,22 Mar 2002,1.13959,1.14004

Week 1,29 Mar 2002,1.14258,1.14315
Week 2,05 Apr 2002,1.13790,1.13828
Week 3,12 Apr 2002,1.13348,1.13407
Week 4,19 Apr 2002,1.12219,1.12263

Week 1,26 Apr 2002,1.10857,1.10898
Week 2,03 May 2002,1.09474,1.09508
Week 3,10 May 2002,1.09742,1.09784
Week 4,17 May 2002,1.08662,1.08708

Week 1,24 May 2002,1.08209,1.08261
Week 2,31 May 2002,1.06741,1.06799
Week 3,07 Jun 2002,1.05793,1.05837
Week 4,14 Jun 2002,1.05490,1.05546

Week 1,21 Jun 2002,1.02803,1.02863
Week 2,28 Jun 2002,1.01103,1.01157
Week 3,05 Jul 2002,1.01810,1.01861
Week 4,12 Jul 2002,1.00193,1.00232

Week 1,19 Jul 2002,0.99417,0.99444
Week 2,26 Jul 2002,1.01333,1.01400
Week 3,02 Aug 2002,1.01931,1.01974
Week 4,09 Aug 2002,1.02612,1.02667

Week 1,16 Aug 2002,1.01863,1.01902
Week 2,23 Aug 2002,1.02588,1.02626
Week 3,30 Aug 2002,1.01384,1.01427
Week 4,06 Sep 2002,1.01914,1.01942

Week 1,13 Sep 2002,1.02721,1.02768
Week 2,20 Sep 2002,1.01902,1.01942
Week 3,27 Sep 2002,1.01882,1.01923
Week 4,04 Oct 2002,1.01751,1.01798

Week 1,11 Oct 2002,1.01451,1.01496
Week 2,18 Oct 2002,1.02680,1.02714
Week 3,25 Oct 2002,1.02027,1.02079
Week 4,01 Nov 2002,1.00260,1.00292

Week 1,08 Nov 2002,0.98839,0.98881
Week 2,15 Nov 2002,0.99330,0.99375
Week 3,22 Nov 2002,1.00456,1.00490
Week 4,29 Nov 2002,1.00400,1.00434

Week 1,06 Dec 2002,0.99154,0.99200
Week 2,13 Dec 2002,0.97668,0.97699
Week 3,20 Dec 2002,0.97246,0.97279
Week 4,27 Dec 2002,0.95676,0.95706

Week 1,03 Jan 2003,0.95854,0.95888
Week 2,10 Jan 2003,0.94768,0.94807
Week 3,17 Jan 2003,0.93637,0.93659
Week 4,24 Jan 2003,0.92359,0.92389

Week 1,31 Jan 2003,0.92583,0.92612
Week 2,07 Feb 2003,0.92718,0.92755
Week 3,14 Feb 2003,0.92882,0.92907
Week 4,21 Feb 2003,0.92797,0.92819

Week 1,28 Feb 2003,0.92236,0.92262
Week 2,07 Mar 2003,0.90800,0.90823
Week 3,14 Mar 2003,0.93457,0.93489
Week 4,21 Mar 2003,0.94292,0.94317

Week 1,28 Mar 2003,0.92515,0.92548
Week 2,04 Apr 2003,0.93134,0.93182
Week 3,11 Apr 2003,0.92701,0.92739
Week 4,18 Apr 2003,0.91683,0.91725

Week 1,25 Apr 2003,0.90442,0.90478
Week 2,02 May 2003,0.88584,0.88624
Week 3,09 May 2003,0.86835,0.86871
Week 4,16 May 2003,0.86257,0.86295

Week 1,23 May 2003,0.84669,0.84702
Week 2,30 May 2003,0.85035,0.85069
Week 3,06 Jun 2003,0.85272,0.85305
Week 4,13 Jun 2003,0.84646,0.84682

Week 1,20 Jun 2003,0.86268,0.86303
Week 2,27 Jun 2003,0.87123,0.87161
Week 3,04 Jul 2003,0.87553,0.87597
Week 4,11 Jul 2003,0.88692,0.88734

Week 1,18 Jul 2003,0.88385,0.88429
Week 2,25 Jul 2003,0.87176,0.87210
Week 3,01 Aug 2003,0.88412,0.88462
Week 4,08 Aug 2003,0.88310,0.88344

Week 1,15 Aug 2003,0.89237,0.89279
Week 2,22 Aug 2003,0.91867,0.91905
Week 3,29 Aug 2003,0.91538,0.91575
Week 4,05 Sep 2003,0.90002,0.90034

Week 1,12 Sep 2003,0.88784,0.88819
Week 2,19 Sep 2003,0.87679,0.87709
Week 3,26 Sep 2003,0.86531,0.86560
Week 4,03 Oct 2003,0.85650,0.85688

Week 1,10 Oct 2003,0.85161,0.85187
Week 2,17 Oct 2003,0.85647,0.85680
Week 3,24 Oct 2003,0.85168,0.85199
Week 4,31 Oct 2003,0.86637,0.86672

Week 1,07 Nov 2003,0.86829,0.86858
Week 2,14 Nov 2003,0.84666,0.84693
Week 3,21 Nov 2003,0.84228,0.84255
Week 4,28 Nov 2003,0.83286,0.83316

Week 1,05 Dec 2003,0.82091,0.82122
Week 2,12 Dec 2003,0.81308,0.81336
Week 3,19 Dec 2003,0.80608,0.80639
Week 4,26 Dec 2003,0.80110,0.80139

Week 1,02 Jan 2004,0.79229,0.79258
Week 2,09 Jan 2004,0.78273,0.78301
Week 3,16 Jan 2004,0.80218,0.80242
Week 4,23 Jan 2004,0.79467,0.79494

Week 1,30 Jan 2004,0.80162,0.80206
Week 2,06 Feb 2004,0.78835,0.78864
Week 3,13 Feb 2004,0.78383,0.78407
Week 4,20 Feb 2004,0.79522,0.79547

Week 1,27 Feb 2004,0.80668,0.80693
Week 2,05 Mar 2004,0.81121,0.81149
Week 3,12 Mar 2004,0.81579,0.81605
Week 4,19 Mar 2004,0.81362,0.81390

Week 1,26 Mar 2004,0.82215,0.82245
Week 2,02 Apr 2004,0.82336,0.82360
Week 3,09 Apr 2004,0.82992,0.83014
Week 4,16 Apr 2004,0.83622,0.83652

Week 1,23 Apr 2004,0.84267,0.84294
Week 2,30 Apr 2004,0.83174,0.83202
Week 3,07 May 2004,0.83980,0.84008
Week 4,14 May 2004,0.83869,0.83896

Week 1,21 May 2004,0.83203,0.83228
Week 2,28 May 2004,0.81773,0.81800
Week 3,04 Jun 2004,0.81676,0.81701
Week 4,11 Jun 2004,0.82900,0.82923

Week 1,18 Jun 2004,0.82554,0.82582
Week 2,25 Jun 2004,0.82218,0.82247
Week 3,02 Jul 2004,0.81341,0.81373
Week 4,09 Jul 2004,0.80680,0.80703

Week 1,16 Jul 2004,0.80723,0.80745
Week 2,23 Jul 2004,0.82537,0.82565
Week 3,30 Jul 2004,0.83044,0.83072
Week 4,06 Aug 2004,0.81674,0.81701

Week 1,13 Aug 2004,0.80987,0.81008
Week 2,20 Aug 2004,0.81747,0.81770
Week 3,27 Aug 2004,0.82760,0.82781
Week 4,03 Sep 2004,0.82634,0.82659

Week 1,10 Sep 2004,0.81713,0.81739
Week 2,17 Sep 2004,0.81902,0.81927
Week 3,24 Sep 2004,0.81360,0.81385
Week 4,01 Oct 2004,0.80893,0.80923

Week 1,08 Oct 2004,0.80845,0.80872
Week 2,15 Oct 2004,0.80061,0.80085
Week 3,22 Oct 2004,0.78698,0.78721
Week 4,29 Oct 2004,0.78252,0.78274

Week 1,05 Nov 2004,0.77373,0.77397
Week 2,12 Nov 2004,0.77096,0.77116
Week 3,19 Nov 2004,0.76596,0.76621
Week 4,26 Nov 2004,0.75246,0.75266

Week 1,03 Dec 2004,0.74622,0.74639
Week 2,10 Dec 2004,0.75271,0.75289
Week 3,17 Dec 2004,0.74997,0.75015
Week 4,24 Dec 2004,0.73721,0.73746

Week 1,31 Dec 2004,0.74216,0.74241
Week 2,07 Jan 2005,0.76245,0.76267
Week 3,14 Jan 2005,0.76390,0.76412
Week 4,21 Jan 2005,0.76770,0.76795

Week 1,28 Jan 2005,0.76683,0.76705
Week 2,04 Feb 2005,0.77870,0.77892
Week 3,11 Feb 2005,0.77368,0.77397
Week 4,18 Feb 2005,0.76235,0.76259

Week 1,25 Feb 2005,0.75671,0.75691
Week 2,04 Mar 2005,0.75437,0.75459
Week 3,11 Mar 2005,0.74524,0.74546
Week 4,18 Mar 2005,0.75623,0.75643

Week 1,25 Mar 2005,0.77301,0.77322
Week 2,01 Apr 2005,0.77559,0.77582
Week 3,08 Apr 2005,0.77381,0.77399
Week 4,15 Apr 2005,0.77184,0.77205

Week 1,22 Apr 2005,0.76774,0.76790
Week 2,29 Apr 2005,0.77604,0.77625
Week 3,06 May 2005,0.77812,0.77837
Week 4,13 May 2005,0.79115,0.79139

Week 1,20 May 2005,0.79469,0.79493
Week 2,27 May 2005,0.80268,0.80291
Week 3,03 Jun 2005,0.81651,0.81677
Week 4,10 Jun 2005,0.82514,0.82539

Week 1,17 Jun 2005,0.81940,0.81960
Week 2,24 Jun 2005,0.82723,0.82747
Week 3,01 Jul 2005,0.83624,0.83645
Week 4,08 Jul 2005,0.83090,0.83110

Week 1,15 Jul 2005,0.82879,0.82907
Week 2,22 Jul 2005,0.82793,0.82820
Week 3,29 Jul 2005,0.82122,0.82142
Week 4,05 Aug 2005,0.80888,0.80909

Week 1,12 Aug 2005,0.80649,0.80672
Week 2,19 Aug 2005,0.81956,0.81983
Week 3,26 Aug 2005,0.81440,0.81463
Week 4,02 Sep 2005,0.79963,0.79985

Week 1,09 Sep 2005,0.80941,0.80965
Week 2,16 Sep 2005,0.81934,0.81965
Week 3,23 Sep 2005,0.82916,0.82940
Week 4,30 Sep 2005,0.83397,0.83425

Week 1,07 Oct 2005,0.82711,0.82740
Week 2,14 Oct 2005,0.83060,0.83083
Week 3,21 Oct 2005,0.83320,0.83344
Week 4,28 Oct 2005,0.82844,0.82873

Week 1,04 Nov 2005,0.84584,0.84606
Week 2,11 Nov 2005,0.85395,0.85415
Week 3,18 Nov 2005,0.84907,0.84929
Week 4,25 Nov 2005,0.85078,0.85112

Week 1,02 Dec 2005,0.85130,0.85160
Week 2,09 Dec 2005,0.84583,0.84613
Week 3,16 Dec 2005,0.83344,0.83373
Week 4,23 Dec 2005,0.84307,0.84342

Week 1,30 Dec 2005,0.84352,0.84388
Week 2,06 Jan 2006,0.82550,0.82579
Week 3,13 Jan 2006,0.82539,0.82566
Week 4,20 Jan 2006,0.82097,0.82126

Week 1,27 Jan 2006,0.82383,0.82393
Week 2,03 Feb 2006,0.83197,0.83217
Week 3,10 Feb 2006,0.83855,0.83884
Week 4,17 Feb 2006,0.83912,0.83941

Week 1,24 Feb 2006,0.84075,0.84105
Week 2,03 Mar 2006,0.83368,0.83381
Week 3,10 Mar 2006,0.83735,0.83764
Week 4,17 Mar 2006,0.82301,0.82329

Week 1,24 Mar 2006,0.83139,0.83168
Week 2,31 Mar 2006,0.82353,0.82381
Week 3,07 Apr 2006,0.82345,0.82372
Week 4,14 Apr 2006,0.82099,0.82128

Week 1,21 Apr 2006,0.80875,0.80903
Week 2,28 Apr 2006,0.79403,0.79429
Week 3,05 May 2006,0.78623,0.78649
Week 4,12 May 2006,0.77759,0.77779

Week 1,19 May 2006,0.78150,0.78176
Week 2,26 May 2006,0.78241,0.78267
Week 3,02 Jun 2006,0.77679,0.77704
Week 4,09 Jun 2006,0.79155,0.79168

Week 1,16 Jun 2006,0.79228,0.79254
Week 2,23 Jun 2006,0.79632,0.79659
Week 3,30 Jun 2006,0.78457,0.78483
Week 4,07 Jul 2006,0.78276,0.78302

Week 1,14 Jul 2006,0.79270,0.79296
Week 2,21 Jul 2006,0.79059,0.79069
Week 3,28 Jul 2006,0.78399,0.78408
Week 4,04 Aug 2006,0.77855,0.77881

Week 1,11 Aug 2006,0.78342,0.78368
Week 2,18 Aug 2006,0.77889,0.77915
Week 3,25 Aug 2006,0.78218,0.78244
Week 4,01 Sep 2006,0.77927,0.77952

Week 1,08 Sep 2006,0.78712,0.78737
Week 2,15 Sep 2006,0.78847,0.78873
Week 3,22 Sep 2006,0.78386,0.78411
Week 4,29 Sep 2006,0.78734,0.78760

Week 1,06 Oct 2006,0.79292,0.79312
Week 2,13 Oct 2006,0.79812,0.79839
Week 3,20 Oct 2006,0.79418,0.79444
Week 4,27 Oct 2006,0.78604,0.78629

Week 1,03 Nov 2006,0.78465,0.78490
Week 2,10 Nov 2006,0.77945,0.77970
Week 3,17 Nov 2006,0.77946,0.77971
Week 4,24 Nov 2006,0.76406,0.76429

Week 1,01 Dec 2006,0.75189,0.75212
Week 2,08 Dec 2006,0.75521,0.75545
Week 3,15 Dec 2006,0.76137,0.76161
Week 4,22 Dec 2006,0.76060,0.76093

Week 1,29 Dec 2006,0.75746,0.75777
Week 2,05 Jan 2007,0.76732,0.76756
Week 3,12 Jan 2007,0.77337,0.77362
Week 4,19 Jan 2007,0.77102,0.77126

Week 1,26 Jan 2007,0.77277,0.77300
Week 2,02 Feb 2007,0.77056,0.77080
Week 3,09 Feb 2007,0.76826,0.76849
Week 4,16 Feb 2007,0.76088,0.76111

Week 1,23 Feb 2007,0.75924,0.75947
Week 2,02 Mar 2007,0.75964,0.75978
Week 3,09 Mar 2007,0.76026,0.76048
Week 4,16 Mar 2007,0.75200,0.75222

Week 1,23 Mar 2007,0.75076,0.75098
Week 2,30 Mar 2007,0.74903,0.74925
Week 3,06 Apr 2007,0.74653,0.74676
Week 4,13 Apr 2007,0.73892,0.73914

Week 1,20 Apr 2007,0.73524,0.73545
Week 2,27 Apr 2007,0.73358,0.73379
Week 3,04 May 2007,0.73621,0.73643
Week 4,11 May 2007,0.73877,0.73899

Week 1,18 May 2007,0.74117,0.74138
Week 2,25 May 2007,0.74366,0.74388
Week 3,01 Jun 2007,0.74243,0.74265
Week 4,08 Jun 2007,0.74767,0.74789

Week 1,15 Jun 2007,0.74730,0.74752
Week 2,22 Jun 2007,0.74375,0.74396
Week 3,29 Jun 2007,0.73814,0.73836
Week 4,06 Jul 2007,0.73287,0.73308

Week 1,13 Jul 2007,0.72543,0.72563
Week 2,20 Jul 2007,0.72392,0.72413
Week 3,27 Jul 2007,0.73123,0.73144
Week 4,03 Aug 2007,0.72674,0.72695

Week 1,10 Aug 2007,0.73232,0.73253
Week 2,17 Aug 2007,0.74247,0.74269
Week 3,24 Aug 2007,0.73349,0.73370
Week 4,31 Aug 2007,0.73357,0.73378

Week 1,07 Sep 2007,0.72630,0.72651
Week 2,14 Sep 2007,0.71986,0.72006
Week 3,21 Sep 2007,0.70979,0.70997
Week 4,28 Sep 2007,0.70368,0.70386

Week 1,05 Oct 2007,0.70850,0.70869
Week 2,12 Oct 2007,0.70496,0.70515
Week 3,19 Oct 2007,0.70092,0.70110
Week 4,26 Oct 2007,0.69509,0.69527

Week 1,02 Nov 2007,0.68915,0.68925
Week 2,09 Nov 2007,0.68252,0.68269
Week 3,16 Nov 2007,0.68081,0.68098
Week 4,23 Nov 2007,0.67386,0.67403

Week 1,30 Nov 2007,0.68015,0.68029
Week 2,07 Dec 2007,0.68209,0.68227
Week 3,14 Dec 2007,0.69094,0.69112
Week 4,21 Dec 2007,0.69497,0.69524

Week 1,28 Dec 2007,0.68232,0.68259
Week 2,04 Jan 2008,0.67901,0.67919
Week 3,11 Jan 2008,0.67598,0.67615
Week 4,18 Jan 2008,0.68517,0.68535

Week 1,25 Jan 2008,0.67941,0.67959
Week 2,01 Feb 2008,0.67612,0.67630
Week 3,08 Feb 2008,0.68801,0.68820
Week 4,15 Feb 2008,0.68165,0.68183

Week 1,22 Feb 2008,0.67351,0.67368
Week 2,29 Feb 2008,0.65852,0.65868
Week 3,07 Mar 2008,0.65083,0.65099
Week 4,14 Mar 2008,0.63781,0.63797

Week 1,21 Mar 2008,0.64538,0.64555
Week 2,28 Mar 2008,0.63463,0.63478
Week 3,04 Apr 2008,0.63628,0.63645
Week 4,11 Apr 2008,0.63236,0.63251

Week 1,18 Apr 2008,0.62970,0.62985
Week 2,25 Apr 2008,0.63919,0.63934
Week 3,02 May 2008,0.64626,0.64642
Week 4,09 May 2008,0.64694,0.64710

Week 1,16 May 2008,0.64216,0.64232
Week 2,23 May 2008,0.63493,0.63510
Week 3,30 May 2008,0.64366,0.64383
Week 4,06 Jun 2008,0.63958,0.63970

Week 1,13 Jun 2008,0.64785,0.64802
Week 2,20 Jun 2008,0.64199,0.64216
Week 3,27 Jun 2008,0.63396,0.63411
Week 4,04 Jul 2008,0.63625,0.63641

Week 1,11 Jul 2008,0.62964,0.62979
Week 2,18 Jul 2008,0.63116,0.63131
Week 3,25 Jul 2008,0.63740,0.63756
Week 4,01 Aug 2008,0.64316,0.64333

Week 1,08 Aug 2008,0.66425,0.66442
Week 2,15 Aug 2008,0.67846,0.67864
Week 3,22 Aug 2008,0.67716,0.67729
Week 4,29 Aug 2008,0.68311,0.68329

Week 1,05 Sep 2008,0.70143,0.70163
Week 2,12 Sep 2008,0.70581,0.70602
Week 3,19 Sep 2008,0.68871,0.68892
Week 4,26 Sep 2008,0.69075,0.69097

Week 1,03 Oct 2008,0.72851,0.72877
Week 2,10 Oct 2008,0.73791,0.73826
Week 3,17 Oct 2008,0.75018,0.75050
Week 4,24 Oct 2008,0.79011,0.79041

Week 1,31 Oct 2008,0.78028,0.78065
Week 2,07 Nov 2008,0.78528,0.78555
Week 3,14 Nov 2008,0.79254,0.79280
Week 4,21 Nov 2008,0.78847,0.78873

Week 1,28 Nov 2008,0.78541,0.78566
Week 2,05 Dec 2008,0.78168,0.78193
Week 3,12 Dec 2008,0.74012,0.74028
Week 4,19 Dec 2008,0.71202,0.71225

Week 1,26 Dec 2008,0.71088,0.71119
Week 2,02 Jan 2009,0.72489,0.72519
Week 3,09 Jan 2009,0.74386,0.74409
Week 4,16 Jan 2009,0.76014,0.76038

Week 1,23 Jan 2009,0.76649,0.76673
Week 2,30 Jan 2009,0.77616,0.77641
Week 3,06 Feb 2009,0.77463,0.77488
Week 4,13 Feb 2009,0.78223,0.78247

Week 1,20 Feb 2009,0.78353,0.78378
Week 2,27 Feb 2009,0.79075,0.79100
Week 3,06 Mar 2009,0.79016,0.79041
Week 4,13 Mar 2009,0.77256,0.77280

Week 1,20 Mar 2009,0.73632,0.73655
Week 2,27 Mar 2009,0.75011,0.75035
Week 3,03 Apr 2009,0.74621,0.74643
Week 4,10 Apr 2009,0.75645,0.75670

Week 1,17 Apr 2009,0.76698,0.76721
Week 2,24 Apr 2009,0.75979,0.75999
Week 3,01 May 2009,0.75198,0.75221
Week 4,08 May 2009,0.73719,0.73742

Week 1,15 May 2009,0.73745,0.73767
Week 2,22 May 2009,0.71661,0.71681
Week 3,29 May 2009,0.70821,0.70842
Week 4,05 Jun 2009,0.71310,0.71330

Week 1,12 Jun 2009,0.71625,0.71645
Week 2,19 Jun 2009,0.71696,0.71716
Week 3,26 Jun 2009,0.71176,0.71196
Week 4,03 Jul 2009,0.71543,0.71563

Week 1,10 Jul 2009,0.71602,0.71626
Week 2,17 Jul 2009,0.70680,0.70700
Week 3,24 Jul 2009,0.70408,0.70428
Week 4,31 Jul 2009,0.70110,0.70129

Week 1,07 Aug 2009,0.70308,0.70327
Week 2,14 Aug 2009,0.70485,0.70505
Week 3,21 Aug 2009,0.69937,0.69955
Week 4,28 Aug 2009,0.69950,0.69969

Week 1,04 Sep 2009,0.69715,0.69734
Week 2,11 Sep 2009,0.68498,0.68516
Week 3,18 Sep 2009,0.67900,0.67917
Week 4,25 Sep 2009,0.68203,0.68221

Week 1,02 Oct 2009,0.68396,0.68414
Week 2,09 Oct 2009,0.67698,0.67715
Week 3,16 Oct 2009,0.66987,0.67004
Week 4,23 Oct 2009,0.66871,0.66885

Week 1,30 Oct 2009,0.67786,0.67804
Week 2,06 Nov 2009,0.67070,0.67086
Week 3,13 Nov 2009,0.67023,0.67039
Week 4,20 Nov 2009,0.67018,0.67034

Week 1,27 Nov 2009,0.66562,0.66579
Week 2,04 Dec 2009,0.67189,0.67206
Week 3,11 Dec 2009,0.68320,0.68337
Week 4,18 Dec 2009,0.69767,0.69786

Week 1,25 Dec 2009,0.69546,0.69565
Week 2,01 Jan 2010,0.69631,0.69650
Week 3,08 Jan 2010,0.69283,0.69300
Week 4,15 Jan 2010,0.69574,0.69592

Week 1,22 Jan 2010,0.70831,0.70845
Week 2,29 Jan 2010,0.71823,0.71842
Week 3,05 Feb 2010,0.72880,0.72899
Week 4,12 Feb 2010,0.73197,0.73219

Week 1,19 Feb 2010,0.73621,0.73645
Week 2,26 Feb 2010,0.73563,0.73587
Week 3,05 Mar 2010,0.73413,0.73438
Week 4,12 Mar 2010,0.72806,0.72830

Week 1,19 Mar 2010,0.73924,0.73946
Week 2,26 Mar 2010,0.74522,0.74543
Week 3,02 Apr 2010,0.74206,0.74231
Week 4,09 Apr 2010,0.74004,0.74023

Week 1,16 Apr 2010,0.74122,0.74148
Week 2,23 Apr 2010,0.75061,0.75073
Week 3,30 Apr 2010,0.75806,0.75832
Week 4,07 May 2010,0.78412,0.78440

Week 1,14 May 2010,0.80711,0.80740
Week 2,21 May 2010,0.80412,0.80441
Week 3,28 May 2010,0.81440,0.81469
Week 4,04 Jun 2010,0.83186,0.83218

Week 1,11 Jun 2010,0.82145,0.82176
Week 2,18 Jun 2010,0.80971,0.80996
Week 3,25 Jun 2010,0.81220,0.81250
Week 4,02 Jul 2010,0.79749,0.79778

Week 1,09 Jul 2010,0.79047,0.79075
Week 2,16 Jul 2010,0.77482,0.77509
Week 3,23 Jul 2010,0.77331,0.77359
Week 4,30 Jul 2010,0.76299,0.76325

Week 1,06 Aug 2010,0.75792,0.75818
Week 2,13 Aug 2010,0.77999,0.78027
Week 3,20 Aug 2010,0.78661,0.78689
Week 4,27 Aug 2010,0.78528,0.78556

Week 1,03 Sep 2010,0.77933,0.77961
Week 2,10 Sep 2010,0.78175,0.78203
Week 3,17 Sep 2010,0.76230,0.76255
Week 4,24 Sep 2010,0.74195,0.74220

Week 1,01 Oct 2010,0.72679,0.72702
Week 2,08 Oct 2010,0.71802,0.71824
Week 3,15 Oct 2010,0.71626,0.71648
Week 4,22 Oct 2010,0.71765,0.71787

Week 1,29 Oct 2010,0.71706,0.71725
Week 2,05 Nov 2010,0.71428,0.71447
Week 3,12 Nov 2010,0.73275,0.73295
Week 4,19 Nov 2010,0.73518,0.73538

Week 1,26 Nov 2010,0.75735,0.75757
Week 2,03 Dec 2010,0.75139,0.75160
Week 3,10 Dec 2010,0.75304,0.75326
Week 4,17 Dec 2010,0.75862,0.75884

Week 1,24 Dec 2010,0.76122,0.76147
Week 2,31 Dec 2010,0.75043,0.75066
Week 3,07 Jan 2011,0.77099,0.77121
Week 4,14 Jan 2011,0.74902,0.74923

Week 1,21 Jan 2011,0.73556,0.73577
Week 2,28 Jan 2011,0.73038,0.73058
Week 3,04 Feb 2011,0.73379,0.73399
Week 4,11 Feb 2011,0.73793,0.73813

Week 1,18 Feb 2011,0.73203,0.73224
Week 2,25 Feb 2011,0.72548,0.72567
Week 3,04 Mar 2011,0.71675,0.71689
Week 4,11 Mar 2011,0.71905,0.71924

Week 1,18 Mar 2011,0.70710,0.70730
Week 2,25 Mar 2011,0.70919,0.70938
Week 3,01 Apr 2011,0.70327,0.70345
Week 4,08 Apr 2011,0.69282,0.69310

Week 1,15 Apr 2011,0.69427,0.69446
Week 2,22 Apr 2011,0.68546,0.68565
Week 3,29 Apr 2011,0.67453,0.67471
Week 4,06 May 2011,0.69331,0.69349

Week 1,13 May 2011,0.70544,0.70563
Week 2,20 May 2011,0.70665,0.70684
Week 3,27 May 2011,0.69940,0.69958
Week 4,03 Jun 2011,0.68553,0.68571

Week 1,10 Jun 2011,0.69398,0.69417
Week 2,17 Jun 2011,0.69983,0.70002
Week 3,24 Jun 2011,0.70164,0.70183
Week 4,01 Jul 2011,0.69002,0.69020

Week 1,08 Jul 2011,0.70481,0.70506
Week 2,15 Jul 2011,0.70651,0.70671
Week 3,22 Jul 2011,0.69513,0.69531
Week 4,29 Jul 2011,0.69794,0.69813

Week 1,05 Aug 2011,0.70110,0.70152
Week 2,12 Aug 2011,0.69920,0.69939
Week 3,19 Aug 2011,0.69480,0.69499
Week 4,26 Aug 2011,0.69140,0.69159

Week 1,02 Sep 2011,0.70545,0.70564
Week 2,09 Sep 2011,0.72842,0.72864
Week 3,16 Sep 2011,0.72738,0.72760
Week 4,23 Sep 2011,0.73953,0.73984

Week 1,30 Sep 2011,0.74682,0.74704
Week 2,07 Oct 2011,0.74124,0.74146
Week 3,14 Oct 2011,0.72401,0.72421
Week 4,21 Oct 2011,0.72124,0.72145

Week 1,28 Oct 2011,0.71417,0.71437
Week 2,04 Nov 2011,0.72621,0.72642
Week 3,11 Nov 2011,0.73282,0.73302
Week 4,18 Nov 2011,0.74089,0.74110

Week 1,25 Nov 2011,0.75134,0.75156
Week 2,02 Dec 2011,0.74513,0.74535
Week 3,09 Dec 2011,0.75286,0.75308
Week 4,16 Dec 2011,0.76683,0.76706

Week 1,23 Dec 2011,0.76603,0.76629
Week 2,30 Dec 2011,0.77134,0.77159
Week 3,06 Jan 2012,0.78363,0.78386
Week 4,13 Jan 2012,0.78582,0.78606

Week 1,20 Jan 2012,0.77201,0.77224
Week 2,27 Jan 2012,0.75984,0.76006
Week 3,03 Feb 2012,0.75985,0.76009
Week 4,10 Feb 2012,0.75726,0.75749

Week 1,17 Feb 2012,0.75922,0.75948
Week 2,24 Feb 2012,0.74546,0.74567
Week 3,02 Mar 2012,0.75673,0.75694
Week 4,09 Mar 2012,0.76112,0.76134

Week 1,16 Mar 2012,0.75944,0.75966
Week 2,23 Mar 2012,0.75319,0.75340
Week 3,30 Mar 2012,0.75129,0.75151
Week 4,06 Apr 2012,0.76360,0.76383

Week 1,13 Apr 2012,0.76296,0.76319
Week 2,20 Apr 2012,0.75859,0.75886
Week 3,27 Apr 2012,0.75567,0.75590
Week 4,04 May 2012,0.76533,0.76556

Week 1,11 May 2012,0.77665,0.77688
Week 2,18 May 2012,0.78504,0.78536
Week 3,25 May 2012,0.79810,0.79836
Week 4,01 Jun 2012,0.80431,0.80460

Week 1,08 Jun 2012,0.79770,0.79803
Week 2,15 Jun 2012,0.79123,0.79146
Week 3,22 Jun 2012,0.79691,0.79715
Week 4,29 Jun 2012,0.79403,0.79427

Week 1,06 Jul 2012,0.81170,0.81186
Week 2,13 Jul 2012,0.81660,0.81676
Week 3,20 Jul 2012,0.82214,0.82229
Week 4,27 Jul 2012,0.81395,0.81410

Week 1,03 Aug 2012,0.80991,0.81006
Week 2,10 Aug 2012,0.81232,0.81248
Week 3,17 Aug 2012,0.80886,0.80901
Week 4,24 Aug 2012,0.79810,0.79824

Week 1,31 Aug 2012,0.79574,0.79588
Week 2,07 Sep 2012,0.78283,0.78297
Week 3,14 Sep 2012,0.76515,0.76528
Week 4,21 Sep 2012,0.77195,0.77208

Week 1,28 Sep 2012,0.77609,0.77623
Week 2,05 Oct 2012,0.77044,0.77058
Week 3,12 Oct 2012,0.77089,0.77102
Week 4,19 Oct 2012,0.76718,0.76732

Week 1,26 Oct 2012,0.77251,0.77265
Week 2,02 Nov 2012,0.77835,0.77849
Week 3,09 Nov 2012,0.78597,0.78611
Week 4,16 Nov 2012,0.78327,0.78341

Week 1,23 Nov 2012,0.77279,0.77293
Week 2,30 Nov 2012,0.76805,0.76819
Week 3,07 Dec 2012,0.77136,0.77149
Week 4,14 Dec 2012,0.76002,0.76015

Week 1,21 Dec 2012,0.75760,0.75772
Week 2,28 Dec 2012,0.75641,0.75653
Week 3,04 Jan 2013,0.76461,0.76471
Week 4,11 Jan 2013,0.75183,0.75193

Week 1,18 Jan 2013,0.75041,0.75052
Week 2,25 Jan 2013,0.74380,0.74390
Week 3,01 Feb 2013,0.73564,0.73574
Week 4,08 Feb 2013,0.74555,0.74577

Week 1,15 Feb 2013,0.74819,0.74832
Week 2,22 Feb 2013,0.75945,0.75958
Week 3,01 Mar 2013,0.76680,0.76692
Week 4,08 Mar 2013,0.76797,0.76808

Week 1,15 Mar 2013,0.76982,0.76994
Week 2,22 Mar 2013,0.77360,0.77374
Week 3,29 Mar 2013,0.77998,0.78013
Week 4,05 Apr 2013,0.76976,0.77002

Week 1,12 Apr 2013,0.76316,0.76334
Week 2,19 Apr 2013,0.76657,0.76674
Week 3,26 Apr 2013,0.76506,0.76528
Week 4,03 May 2013,0.76269,0.76282

Week 1,10 May 2013,0.76935,0.76955
Week 2,17 May 2013,0.77715,0.77731
Week 3,24 May 2013,0.77412,0.77434
Week 4,31 May 2013,0.76771,0.76789

Week 1,07 Jun 2013,0.75572,0.75590
Week 2,14 Jun 2013,0.74882,0.74900
Week 3,21 Jun 2013,0.76130,0.76150
Week 4,28 Jun 2013,0.76798,0.76814

Week 1,05 Jul 2013,0.77764,0.77787
Week 2,12 Jul 2013,0.76442,0.76461
Week 3,19 Jul 2013,0.75999,0.76016
Week 4,26 Jul 2013,0.75378,0.75393

Week 1,02 Aug 2013,0.75338,0.75355
Week 2,09 Aug 2013,0.75045,0.75067
Week 3,16 Aug 2013,0.74944,0.74962
Week 4,23 Aug 2013,0.74792,0.74815

Week 1,30 Aug 2013,0.75655,0.75670
Week 2,06 Sep 2013,0.75746,0.75760
Week 3,13 Sep 2013,0.75049,0.75067
Week 4,20 Sep 2013,0.73976,0.73994

Week 1,27 Sep 2013,0.73952,0.73965
Week 2,04 Oct 2013,0.73671,0.73687
Week 3,11 Oct 2013,0.73850,0.73878
Week 4,18 Oct 2013,0.73055,0.73066

Week 1,25 Oct 2013,0.72515,0.72526
Week 2,01 Nov 2013,0.73937,0.73945
Week 3,08 Nov 2013,0.74585,0.74613
Week 4,15 Nov 2013,0.74107,0.74115

Week 1,22 Nov 2013,0.73903,0.73914
Week 2,29 Nov 2013,0.73606,0.73616
Week 3,06 Dec 2013,0.72958,0.72971
Week 4,13 Dec 2013,0.72691,0.72712

Week 1,20 Dec 2013,0.73121,0.73136
Week 2,27 Dec 2013,0.72688,0.72716
Week 3,03 Jan 2014,0.73395,0.73407
Week 4,10 Jan 2014,0.73280,0.73292

Week 1,17 Jan 2014,0.73733,0.73742
Week 2,24 Jan 2014,0.73175,0.73189
Week 3,31 Jan 2014,0.73948,0.73966
Week 4,07 Feb 2014,0.73434,0.73444

Week 1,14 Feb 2014,0.72987,0.73000
Week 2,21 Feb 2014,0.72812,0.72831
Week 3,28 Feb 2014,0.72692,0.72708
Week 4,07 Mar 2014,0.72149,0.72164

Week 1,14 Mar 2014,0.71887,0.71903
Week 2,21 Mar 2014,0.72461,0.72470
Week 3,28 Mar 2014,0.72641,0.72649
Week 4,04 Apr 2014,0.72793,0.72805

Week 1,11 Apr 2014,0.72164,0.72175
Week 2,18 Apr 2014,0.72373,0.72399
Week 3,25 Apr 2014,0.72275,0.72286
Week 4,02 May 2014,0.72017,0.72036

Week 1,09 May 2014,0.72582,0.72594
Week 2,16 May 2014,0.72989,0.72996
Week 3,23 May 2014,0.73315,0.73339
Week 4,30 May 2014,0.73421,0.73439

Week 1,06 Jun 2014,0.73472,0.73484
Week 2,13 Jun 2014,0.73798,0.73817
Week 3,20 Jun 2014,0.73503,0.73513
Week 4,27 Jun 2014,0.73250,0.73264

Week 1,04 Jul 2014,0.73490,0.73499
Week 2,11 Jul 2014,0.73515,0.73535
Week 3,18 Jul 2014,0.74000,0.74012
Week 4,25 Jul 2014,0.74435,0.74446

Week 1,01 Aug 2014,0.74586,0.74600
Week 2,08 Aug 2014,0.74694,0.74708
Week 3,15 Aug 2014,0.74803,0.74821
Week 4,22 Aug 2014,0.75596,0.75611

Week 1,29 Aug 2014,0.76061,0.76073
Week 2,05 Sep 2014,0.77179,0.77195
Week 3,12 Sep 2014,0.77236,0.77249
Week 4,19 Sep 2014,0.77813,0.77822

Week 1,26 Sep 2014,0.78820,0.78840
Week 2,03 Oct 2014,0.79429,0.79443
Week 3,10 Oct 2014,0.78899,0.78914
Week 4,17 Oct 2014,0.78337,0.78353

Week 1,24 Oct 2014,0.78833,0.78849
Week 2,31 Oct 2014,0.79765,0.79780
Week 3,07 Nov 2014,0.80325,0.80339
Week 4,14 Nov 2014,0.79983,0.80003

Week 1,21 Nov 2014,0.80327,0.80356
Week 2,28 Nov 2014,0.80360,0.80383
Week 3,05 Dec 2014,0.81112,0.81135
Week 4,12 Dec 2014,0.80295,0.80315

Week 1,19 Dec 2014,0.81685,0.81703
Week 2,26 Dec 2014,0.82116,0.82137
Week 3,02 Jan 2015,0.83451,0.83465
Week 4,09 Jan 2015,0.84605,0.84626

Week 1,16 Jan 2015,0.86192,0.86233
Week 2,23 Jan 2015,0.88475,0.88496
Week 3,30 Jan 2015,0.88208,0.88251
Week 4,06 Feb 2015,0.88143,0.88174

Week 1,13 Feb 2015,0.87809,0.87851
Week 2,20 Feb 2015,0.87992,0.88017
Week 3,27 Feb 2015,0.89236,0.89269
Week 4,06 Mar 2015,0.92146,0.92181

Week 1,13 Mar 2015,0.94701,0.94729
Week 2,20 Mar 2015,0.92284,0.92315
Week 3,27 Mar 2015,0.92093,0.92118
Week 4,03 Apr 2015,0.91611,0.91657

Week 1,10 Apr 2015,0.94094,0.94126
Week 2,17 Apr 2015,0.92899,0.92936
Week 3,24 Apr 2015,0.91920,0.91941
Week 4,01 May 2015,0.89332,0.89362

Week 1,08 May 2015,0.89052,0.89088
Week 2,15 May 2015,0.88139,0.88167
Week 3,22 May 2015,0.90852,0.90887
Week 4,29 May 2015,0.90895,0.90919

Week 1,05 Jun 2015,0.89232,0.89262
Week 2,12 Jun 2015,0.88802,0.88838
Week 3,19 Jun 2015,0.88359,0.88380
Week 4,26 Jun 2015,0.89586,0.89631

Week 1,03 Jul 2015,0.90340,0.90385
Week 2,10 Jul 2015,0.90225,0.90270
Week 3,17 Jul 2015,0.92006,0.92025
Week 4,24 Jul 2015,0.90818,0.90863

Week 1,31 Jul 2015,0.91265,0.91284
Week 2,07 Aug 2015,0.91039,0.91062
Week 3,14 Aug 2015,0.90076,0.90104
Week 4,21 Aug 2015,0.87846,0.87873

Week 1,28 Aug 2015,0.88986,0.89012
Week 2,04 Sep 2015,0.89570,0.89614
Week 3,11 Sep 2015,0.88481,0.88509
Week 4,18 Sep 2015,0.88711,0.88744

Week 1,25 Sep 2015,0.89221,0.89260
Week 2,02 Oct 2015,0.89171,0.89197
Week 3,09 Oct 2015,0.88081,0.88096
Week 4,16 Oct 2015,0.87982,0.88017

Week 1,23 Oct 2015,0.90312,0.90332
Week 2,30 Oct 2015,0.91018,0.91051
Week 3,06 Nov 2015,0.92814,0.92840
Week 4,13 Nov 2015,0.93189,0.93223

Week 1,20 Nov 2015,0.93842,0.93863
Week 2,27 Nov 2015,0.94345,0.94376
Week 3,04 Dec 2015,0.92094,0.92128
Week 4,11 Dec 2015,0.91098,0.91131

Week 1,18 Dec 2015,0.91895,0.91928
Week 2,25 Dec 2015,0.91267,0.91286
Week 3,01 Jan 2016,0.92196,0.92213
Week 4,08 Jan 2016,0.91877,0.91911

Week 1,15 Jan 2016,0.91693,0.91727
Week 2,22 Jan 2016,0.92291,0.92309
Week 3,29 Jan 2016,0.91856,0.91876
Week 4,05 Feb 2016,0.89400,0.89432

Week 1,12 Feb 2016,0.89043,0.89066
Week 2,19 Feb 2016,0.90199,0.90223
Week 3,26 Feb 2016,0.91449,0.91478
Week 4,04 Mar 2016,0.91057,0.91090

Week 1,11 Mar 2016,0.89945,0.89968
Week 2,18 Mar 2016,0.88829,0.88848
Week 3,25 Mar 2016,0.89301,0.89334
Week 4,01 Apr 2016,0.87844,0.87874

Week 1,08 Apr 2016,0.87805,0.87835
Week 2,15 Apr 2016,0.88484,0.88515
Week 3,22 Apr 2016,0.88744,0.88775
Week 4,29 Apr 2016,0.87318,0.87348

Week 1,06 May 2016,0.87662,0.87678
Week 2,13 May 2016,0.88277,0.88307
Week 3,20 May 2016,0.89253,0.89275
Week 4,27 May 2016,0.89745,0.89767

Week 1,03 Jun 2016,0.88355,0.88370
Week 2,10 Jun 2016,0.88712,0.88730
Week 3,17 Jun 2016,0.88633,0.88660
Week 4,24 Jun 2016,0.89870,0.89928

Week 1,01 Jul 2016,0.89914,0.89970
Week 2,08 Jul 2016,0.90368,0.90397
Week 3,15 Jul 2016,0.90415,0.90447
Week 4,22 Jul 2016,0.90948,0.90980

Week 1,29 Jul 2016,0.89609,0.89640
Week 2,05 Aug 2016,0.89999,0.90026
Week 3,12 Aug 2016,0.89356,0.89387
Week 4,19 Aug 2016,0.88358,0.88388

Week 1,26 Aug 2016,0.89224,0.89253
Week 2,02 Sep 2016,0.89450,0.89474
Week 3,09 Sep 2016,0.88955,0.88982
Week 4,16 Sep 2016,0.89428,0.89453

Week 1,23 Sep 2016,0.89082,0.89109
Week 2,30 Sep 2016,0.89103,0.89133
Week 3,07 Oct 2016,0.89688,0.89712
Week 4,14 Oct 2016,0.90953,0.90973

Week 1,21 Oct 2016,0.91745,0.91778
Week 2,28 Oct 2016,0.91070,0.91098
Week 3,04 Nov 2016,0.90134,0.90163
Week 4,11 Nov 2016,0.92395,0.92429

Week 1,18 Nov 2016,0.94180,0.94204
Week 2,25 Nov 2016,0.94352,0.94387
Week 3,02 Dec 2016,0.93648,0.93683
Week 4,09 Dec 2016,0.94224,0.94249

Week 1,16 Dec 2016,0.95802,0.95838
Week 2,23 Dec 2016,0.95685,0.95733
Week 3,30 Dec 2016,0.95315,0.95362
Week 4,06 Jan 2017,0.94777,0.94812

Week 1,13 Jan 2017,0.93951,0.93985
Week 2,20 Jan 2017,0.93414,0.93442
Week 3,27 Jan 2017,0.93296,0.93330
Week 4,03 Feb 2017,0.93003,0.93036

Week 1,10 Feb 2017,0.94069,0.94094
Week 2,17 Feb 2017,0.94283,0.94318
Week 3,24 Feb 2017,0.94584,0.94616
Week 4,03 Mar 2017,0.94523,0.94557

Week 1,10 Mar 2017,0.93980,0.94012
Week 2,17 Mar 2017,0.92953,0.92968
Week 3,24 Mar 2017,0.92491,0.92521
Week 4,31 Mar 2017,0.93655,0.93689

Week 1,07 Apr 2017,0.94239,0.94262
Week 2,14 Apr 2017,0.93929,0.93958
Week 3,21 Apr 2017,0.92635,0.92669
Week 4,28 Apr 2017,0.91715,0.91748

Week 1,05 May 2017,0.91321,0.91353
Week 2,12 May 2017,0.91235,0.91260
Week 3,19 May 2017,0.89355,0.89381
Week 4,26 May 2017,0.89371,0.89402

Week 1,02 Jun 2017,0.88804,0.88825
Week 2,09 Jun 2017,0.89206,0.89226
Week 3,16 Jun 2017,0.89488,0.89505
Week 4,23 Jun 2017,0.89144,0.89162

Week 1,30 Jun 2017,0.87736,0.87761
Week 2,07 Jul 2017,0.87657,0.87686
Week 3,14 Jul 2017,0.87140,0.87153
Week 4,21 Jul 2017,0.85868,0.85881

Week 1,28 Jul 2017,0.84991,0.85012
Week 2,04 Aug 2017,0.84778,0.84790
Week 3,11 Aug 2017,0.84881,0.84894
Week 4,18 Aug 2017,0.85001,0.85014

Week 1,25 Aug 2017,0.83935,0.83947
Week 2,01 Sep 2017,0.84089,0.84102
Week 3,08 Sep 2017,0.83359,0.83371
Week 4,15 Sep 2017,0.83706,0.83718

Week 1,22 Sep 2017,0.84138,0.84151
Week 2,29 Sep 2017,0.84892,0.84907
Week 3,06 Oct 2017,0.85069,0.85082
Week 4,13 Oct 2017,0.84671,0.84685

Week 1,20 Oct 2017,0.84858,0.84872
Week 2,27 Oct 2017,0.85904,0.85918
Week 3,03 Nov 2017,0.86087,0.86102
Week 4,10 Nov 2017,0.85574,0.85586

Week 1,17 Nov 2017,0.84922,0.84934
Week 2,24 Nov 2017,0.84123,0.84144
Week 3,01 Dec 2017,0.84253,0.84265



