USD->GBP

Week 1,01 Dec 1998,0.60317,0.60348
Week 2,08 Dec 1998,0.59777,0.59808
Week 3,15 Dec 1998,0.59442,0.59476
Week 4,22 Dec 1998,0.59685,0.59716

Week 1,29 Dec 1998,0.60295,0.60324
Week 2,05 Jan 1999,0.60711,0.60742
Week 3,12 Jan 1999,0.60649,0.60681
Week 4,19 Jan 1999,0.60466,0.60497

Week 1,26 Jan 1999,0.60636,0.60664
Week 2,02 Feb 1999,0.61210,0.61239
Week 3,09 Feb 1999,0.61297,0.61324
Week 4,16 Feb 1999,0.61388,0.61415

Week 1,23 Feb 1999,0.62328,0.62358
Week 2,02 Mar 1999,0.62154,0.62183
Week 3,09 Mar 1999,0.61505,0.61534
Week 4,16 Mar 1999,0.61429,0.61458

Week 1,23 Mar 1999,0.61456,0.61486
Week 2,30 Mar 1999,0.62196,0.62231
Week 3,06 Apr 1999,0.62339,0.62369
Week 4,13 Apr 1999,0.61943,0.61970

Week 1,20 Apr 1999,0.61981,0.62012
Week 2,27 Apr 1999,0.62011,0.62036
Week 3,04 May 1999,0.61392,0.61421
Week 4,11 May 1999,0.61745,0.61769

Week 1,18 May 1999,0.62145,0.62173
Week 2,25 May 1999,0.62456,0.62484
Week 3,01 Jun 1999,0.62176,0.62205
Week 4,08 Jun 1999,0.62142,0.62166

Week 1,15 Jun 1999,0.62707,0.62733
Week 2,22 Jun 1999,0.63093,0.63122
Week 3,29 Jun 1999,0.63362,0.63393
Week 4,06 Jul 1999,0.64259,0.64288

Week 1,13 Jul 1999,0.64006,0.64034
Week 2,20 Jul 1999,0.63303,0.63331
Week 3,27 Jul 1999,0.62134,0.62161
Week 4,03 Aug 1999,0.61957,0.61988

Week 1,10 Aug 1999,0.62154,0.62187
Week 2,17 Aug 1999,0.62107,0.62133
Week 3,24 Aug 1999,0.62901,0.62930
Week 4,31 Aug 1999,0.62260,0.62290

Week 1,07 Sep 1999,0.61791,0.61823
Week 2,14 Sep 1999,0.61835,0.61867
Week 3,21 Sep 1999,0.61026,0.61053
Week 4,28 Sep 1999,0.60576,0.60607

Week 1,05 Oct 1999,0.60480,0.60510
Week 2,12 Oct 1999,0.60136,0.60166
Week 3,19 Oct 1999,0.60097,0.60127
Week 4,26 Oct 1999,0.61025,0.61056

Week 1,02 Nov 1999,0.61244,0.61275
Week 2,09 Nov 1999,0.61749,0.61778
Week 3,16 Nov 1999,0.61681,0.61714
Week 4,23 Nov 1999,0.62057,0.62088

Week 1,30 Nov 1999,0.62421,0.62453
Week 2,07 Dec 1999,0.61577,0.61605
Week 3,14 Dec 1999,0.62122,0.62150
Week 4,21 Dec 1999,0.61950,0.61979

Week 1,28 Dec 1999,0.61842,0.61874
Week 2,04 Jan 2000,0.60967,0.60996
Week 3,11 Jan 2000,0.60935,0.60968
Week 4,18 Jan 2000,0.60768,0.60801

Week 1,25 Jan 2000,0.61215,0.61247
Week 2,01 Feb 2000,0.62426,0.62461
Week 3,08 Feb 2000,0.62391,0.62420
Week 4,15 Feb 2000,0.62450,0.62483

Week 1,22 Feb 2000,0.62480,0.62513
Week 2,29 Feb 2000,0.63229,0.63262
Week 3,07 Mar 2000,0.63347,0.63379
Week 4,14 Mar 2000,0.63441,0.63475

Week 1,21 Mar 2000,0.63093,0.63126
Week 2,28 Mar 2000,0.62804,0.62825
Week 3,04 Apr 2000,0.63065,0.63096
Week 4,11 Apr 2000,0.62992,0.63024

Week 1,18 Apr 2000,0.63284,0.63316
Week 2,25 Apr 2000,0.63829,0.63863
Week 3,02 May 2000,0.64783,0.64816
Week 4,09 May 2000,0.65788,0.65824

Week 1,16 May 2000,0.67033,0.67073
Week 2,23 May 2000,0.67318,0.67360
Week 3,30 May 2000,0.66578,0.66612
Week 4,06 Jun 2000,0.65978,0.66018

Week 1,13 Jun 2000,0.66141,0.66179
Week 2,20 Jun 2000,0.66306,0.66342
Week 3,27 Jun 2000,0.66117,0.66155
Week 4,04 Jul 2000,0.66110,0.66145

Week 1,11 Jul 2000,0.66397,0.66431
Week 2,18 Jul 2000,0.66296,0.66333
Week 3,25 Jul 2000,0.66203,0.66239
Week 4,01 Aug 2000,0.66681,0.66717

Week 1,08 Aug 2000,0.66520,0.66553
Week 2,15 Aug 2000,0.66795,0.66834
Week 3,22 Aug 2000,0.67623,0.67665
Week 4,29 Aug 2000,0.68421,0.68460

Week 1,05 Sep 2000,0.69729,0.69768
Week 2,12 Sep 2000,0.71268,0.71308
Week 3,19 Sep 2000,0.69796,0.69838
Week 4,26 Sep 2000,0.68292,0.68351

Week 1,03 Oct 2000,0.68600,0.68757
Week 2,10 Oct 2000,0.68644,0.68685
Week 3,17 Oct 2000,0.68989,0.69028
Week 4,24 Oct 2000,0.69053,0.69093

Week 1,31 Oct 2000,0.68973,0.69004
Week 2,07 Nov 2000,0.69981,0.70018
Week 3,14 Nov 2000,0.70051,0.70090
Week 4,21 Nov 2000,0.71070,0.71107

Week 1,28 Nov 2000,0.69954,0.69983
Week 2,05 Dec 2000,0.69157,0.69200
Week 3,12 Dec 2000,0.68231,0.68264
Week 4,19 Dec 2000,0.67805,0.67835

Week 1,26 Dec 2000,0.67072,0.67111
Week 2,02 Jan 2001,0.66675,0.66713
Week 3,09 Jan 2001,0.67249,0.67283
Week 4,16 Jan 2001,0.68052,0.68076

Week 1,23 Jan 2001,0.68363,0.68399
Week 2,30 Jan 2001,0.68136,0.68172
Week 3,06 Feb 2001,0.68826,0.68866
Week 4,13 Feb 2001,0.68917,0.68956

Week 1,20 Feb 2001,0.68968,0.69011
Week 2,27 Feb 2001,0.68608,0.68646
Week 3,06 Mar 2001,0.68135,0.68174
Week 4,13 Mar 2001,0.69326,0.69361

Week 1,20 Mar 2001,0.70055,0.70095
Week 2,27 Mar 2001,0.70119,0.70149
Week 3,03 Apr 2001,0.69775,0.69811
Week 4,10 Apr 2001,0.69537,0.69569

Week 1,17 Apr 2001,0.69506,0.69545
Week 2,24 Apr 2001,0.69496,0.69532
Week 3,01 May 2001,0.69624,0.69671
Week 4,08 May 2001,0.70230,0.70270

Week 1,15 May 2001,0.69817,0.69854
Week 2,22 May 2001,0.70248,0.70292
Week 3,29 May 2001,0.70369,0.70403
Week 4,05 Jun 2001,0.71765,0.71808

Week 1,12 Jun 2001,0.71779,0.71818
Week 2,19 Jun 2001,0.70992,0.71024
Week 3,26 Jun 2001,0.70686,0.70720
Week 4,03 Jul 2001,0.70933,0.70966

Week 1,10 Jul 2001,0.71057,0.71091
Week 2,17 Jul 2001,0.70435,0.70471
Week 3,24 Jul 2001,0.70182,0.70210
Week 4,31 Jul 2001,0.69945,0.69973

Week 1,07 Aug 2001,0.70311,0.70347
Week 2,14 Aug 2001,0.69478,0.69505
Week 3,21 Aug 2001,0.69140,0.69170
Week 4,28 Aug 2001,0.68832,0.68863

Week 1,04 Sep 2001,0.68648,0.68677
Week 2,11 Sep 2001,0.67978,0.68050
Week 3,18 Sep 2001,0.68364,0.68387
Week 4,25 Sep 2001,0.67912,0.67948

Week 1,02 Oct 2001,0.67608,0.67639
Week 2,09 Oct 2001,0.68725,0.68761
Week 3,16 Oct 2001,0.69372,0.69410
Week 4,23 Oct 2001,0.69864,0.69897

Week 1,30 Oct 2001,0.68562,0.68589
Week 2,06 Nov 2001,0.68587,0.68616
Week 3,13 Nov 2001,0.69629,0.69654
Week 4,20 Nov 2001,0.70777,0.70802

Week 1,27 Nov 2001,0.70324,0.70361
Week 2,04 Dec 2001,0.70045,0.70069
Week 3,11 Dec 2001,0.69144,0.69170
Week 4,18 Dec 2001,0.69068,0.69096

Week 1,25 Dec 2001,0.68976,0.69007
Week 2,01 Jan 2002,0.69069,0.69097
Week 3,08 Jan 2002,0.69288,0.69306
Week 4,15 Jan 2002,0.69473,0.69495

Week 1,22 Jan 2002,0.70412,0.70436
Week 2,29 Jan 2002,0.70702,0.70728
Week 3,05 Feb 2002,0.70616,0.70648
Week 4,12 Feb 2002,0.69921,0.69948

Week 1,19 Feb 2002,0.69916,0.69941
Week 2,26 Feb 2002,0.70433,0.70462
Week 3,05 Mar 2002,0.70231,0.70268
Week 4,12 Mar 2002,0.70363,0.70400

Week 1,19 Mar 2002,0.70116,0.70151
Week 2,26 Mar 2002,0.70123,0.70156
Week 3,02 Apr 2002,0.69670,0.69702
Week 4,09 Apr 2002,0.69551,0.69577

Week 1,16 Apr 2002,0.69203,0.69231
Week 2,23 Apr 2002,0.68759,0.68791
Week 3,30 Apr 2002,0.68262,0.68287
Week 4,07 May 2002,0.68332,0.68351

Week 1,14 May 2002,0.68620,0.68649
Week 2,21 May 2002,0.68589,0.68613
Week 3,28 May 2002,0.68528,0.68557
Week 4,04 Jun 2002,0.68461,0.68487

Week 1,11 Jun 2002,0.67888,0.67916
Week 2,18 Jun 2002,0.66961,0.66987
Week 3,25 Jun 2002,0.65638,0.65663
Week 4,02 Jul 2002,0.65475,0.65498

Week 1,09 Jul 2002,0.64467,0.64491
Week 2,16 Jul 2002,0.63493,0.63511
Week 3,23 Jul 2002,0.63663,0.63687
Week 4,30 Jul 2002,0.63791,0.63810

Week 1,06 Aug 2002,0.65155,0.65174
Week 2,13 Aug 2002,0.65063,0.65086
Week 3,20 Aug 2002,0.65582,0.65611
Week 4,27 Aug 2002,0.64876,0.64901

Week 1,03 Sep 2002,0.64099,0.64120
Week 2,10 Sep 2002,0.64315,0.64339
Week 3,17 Sep 2002,0.64493,0.64528
Week 4,24 Sep 2002,0.64165,0.64186

Week 1,01 Oct 2002,0.63792,0.63821
Week 2,08 Oct 2002,0.64006,0.64033
Week 3,15 Oct 2002,0.64487,0.64515
Week 4,22 Oct 2002,0.64571,0.64597

Week 1,29 Oct 2002,0.64019,0.64037
Week 2,05 Nov 2002,0.63412,0.63432
Week 3,12 Nov 2002,0.63160,0.63187
Week 4,19 Nov 2002,0.63295,0.63325

Week 1,26 Nov 2002,0.64281,0.64312
Week 2,03 Dec 2002,0.63630,0.63662
Week 3,10 Dec 2002,0.63176,0.63203
Week 4,17 Dec 2002,0.62480,0.62501

Week 1,24 Dec 2002,0.62514,0.62539
Week 2,31 Dec 2002,0.62229,0.62252
Week 3,07 Jan 2003,0.62172,0.62200
Week 4,14 Jan 2003,0.62157,0.62177

Week 1,21 Jan 2003,0.61553,0.61570
Week 2,28 Jan 2003,0.60756,0.60776
Week 3,04 Feb 2003,0.61024,0.61053
Week 4,11 Feb 2003,0.61827,0.61846

Week 1,18 Feb 2003,0.62968,0.62994
Week 2,25 Feb 2003,0.63361,0.63378
Week 3,04 Mar 2003,0.62641,0.62665
Week 4,11 Mar 2003,0.62627,0.62649

Week 1,18 Mar 2003,0.63854,0.63872
Week 2,25 Mar 2003,0.63578,0.63602
Week 3,01 Apr 2003,0.63717,0.63746
Week 4,08 Apr 2003,0.63856,0.63889

Week 1,15 Apr 2003,0.63580,0.63614
Week 2,22 Apr 2003,0.63064,0.63095
Week 3,29 Apr 2003,0.62461,0.62490
Week 4,06 May 2003,0.62292,0.62316

Week 1,13 May 2003,0.61800,0.61833
Week 2,20 May 2003,0.61120,0.61145
Week 3,27 May 2003,0.60973,0.60999
Week 4,03 Jun 2003,0.60660,0.60686

Week 1,10 Jun 2003,0.60078,0.60100
Week 2,17 Jun 2003,0.59770,0.59793
Week 3,24 Jun 2003,0.60249,0.60281
Week 4,01 Jul 2003,0.60045,0.60072

Week 1,08 Jul 2003,0.61114,0.61145
Week 2,15 Jul 2003,0.62638,0.62668
Week 3,22 Jul 2003,0.62048,0.62077
Week 4,29 Jul 2003,0.61883,0.61911

Week 1,05 Aug 2003,0.62120,0.62149
Week 2,12 Aug 2003,0.62425,0.62451
Week 3,19 Aug 2003,0.63182,0.63217
Week 4,26 Aug 2003,0.63500,0.63527

Week 1,02 Sep 2003,0.63286,0.63313
Week 2,09 Sep 2003,0.62660,0.62685
Week 3,16 Sep 2003,0.61792,0.61815
Week 4,23 Sep 2003,0.60350,0.60368

Week 1,30 Sep 2003,0.59962,0.59978
Week 2,07 Oct 2003,0.60044,0.60065
Week 3,14 Oct 2003,0.59750,0.59772
Week 4,21 Oct 2003,0.59225,0.59244

Week 1,28 Oct 2003,0.58932,0.58955
Week 2,04 Nov 2003,0.59711,0.59736
Week 3,11 Nov 2003,0.59524,0.59546
Week 4,18 Nov 2003,0.58768,0.58790

Week 1,25 Nov 2003,0.58401,0.58422
Week 2,02 Dec 2003,0.57907,0.57927
Week 3,09 Dec 2003,0.57343,0.57366
Week 4,16 Dec 2003,0.56716,0.56740

Week 1,23 Dec 2003,0.56476,0.56499
Week 2,30 Dec 2003,0.55992,0.56008
Week 3,06 Jan 2004,0.54569,0.54586
Week 4,13 Jan 2004,0.54832,0.54849

Week 1,20 Jan 2004,0.54876,0.54892
Week 2,27 Jan 2004,0.54982,0.54997
Week 3,03 Feb 2004,0.54421,0.54439
Week 4,10 Feb 2004,0.53164,0.53179

Week 1,17 Feb 2004,0.53207,0.53224
Week 2,24 Feb 2004,0.53454,0.53469
Week 3,02 Mar 2004,0.54262,0.54274
Week 4,09 Mar 2004,0.55115,0.55130

Week 1,16 Mar 2004,0.54835,0.54849
Week 2,23 Mar 2004,0.54800,0.54814
Week 3,30 Mar 2004,0.54555,0.54567
Week 4,06 Apr 2004,0.54537,0.54551

Week 1,13 Apr 2004,0.55411,0.55425
Week 2,20 Apr 2004,0.56188,0.56203
Week 3,27 Apr 2004,0.56173,0.56188
Week 4,04 May 2004,0.55921,0.55935

Week 1,11 May 2004,0.56682,0.56699
Week 2,18 May 2004,0.56178,0.56194
Week 3,25 May 2004,0.54867,0.54880
Week 4,01 Jun 2004,0.54409,0.54424

Week 1,08 Jun 2004,0.54676,0.54690
Week 2,15 Jun 2004,0.54576,0.54591
Week 3,22 Jun 2004,0.54814,0.54826
Week 4,29 Jun 2004,0.54782,0.54795

Week 1,06 Jul 2004,0.54019,0.54034
Week 2,13 Jul 2004,0.53647,0.53660
Week 3,20 Jul 2004,0.54253,0.54266
Week 4,27 Jul 2004,0.54825,0.54838

Week 1,03 Aug 2004,0.54569,0.54583
Week 2,10 Aug 2004,0.54484,0.54497
Week 3,17 Aug 2004,0.54768,0.54781
Week 4,24 Aug 2004,0.55711,0.55724

Week 1,31 Aug 2004,0.55962,0.55976
Week 2,07 Sep 2004,0.55913,0.55928
Week 3,14 Sep 2004,0.55831,0.55845
Week 4,21 Sep 2004,0.55606,0.55618

Week 1,28 Sep 2004,0.55432,0.55446
Week 2,05 Oct 2004,0.55964,0.55979
Week 3,12 Oct 2004,0.55590,0.55604
Week 4,19 Oct 2004,0.54974,0.54986

Week 1,26 Oct 2004,0.54455,0.54466
Week 2,02 Nov 2004,0.54116,0.54129
Week 3,09 Nov 2004,0.53950,0.53964
Week 4,16 Nov 2004,0.53909,0.53921

Week 1,23 Nov 2004,0.53115,0.53127
Week 2,30 Nov 2004,0.51878,0.51891
Week 3,07 Dec 2004,0.51902,0.51914
Week 4,14 Dec 2004,0.51635,0.51644

Week 1,21 Dec 2004,0.51917,0.51931
Week 2,28 Dec 2004,0.51988,0.51999
Week 3,04 Jan 2005,0.53211,0.53223
Week 4,11 Jan 2005,0.53275,0.53287

Week 1,18 Jan 2005,0.53406,0.53419
Week 2,25 Jan 2005,0.53111,0.53124
Week 3,01 Feb 2005,0.53183,0.53194
Week 4,08 Feb 2005,0.53658,0.53669

Week 1,15 Feb 2005,0.52833,0.52843
Week 2,22 Feb 2005,0.52295,0.52307
Week 3,01 Mar 2005,0.52103,0.52114
Week 4,08 Mar 2005,0.51988,0.52000

Week 1,15 Mar 2005,0.52083,0.52096
Week 2,22 Mar 2005,0.53300,0.53312
Week 3,29 Mar 2005,0.53221,0.53232
Week 4,05 Apr 2005,0.53170,0.53182

Week 1,12 Apr 2005,0.52881,0.52894
Week 2,19 Apr 2005,0.52247,0.52257
Week 3,26 Apr 2005,0.52420,0.52433
Week 4,03 May 2005,0.52757,0.52771

Week 1,10 May 2005,0.53616,0.53626
Week 2,17 May 2005,0.54582,0.54592
Week 3,24 May 2005,0.54765,0.54778
Week 4,31 May 2005,0.55085,0.55098

Week 1,07 Jun 2005,0.54941,0.54953
Week 2,14 Jun 2005,0.54904,0.54917
Week 3,21 Jun 2005,0.54846,0.54857
Week 4,28 Jun 2005,0.55804,0.55820

Week 1,05 Jul 2005,0.57241,0.57255
Week 2,12 Jul 2005,0.56854,0.56866
Week 3,19 Jul 2005,0.57378,0.57393
Week 4,26 Jul 2005,0.57088,0.57101

Week 1,02 Aug 2005,0.56293,0.56307
Week 2,09 Aug 2005,0.55463,0.55475
Week 3,16 Aug 2005,0.55507,0.55519
Week 4,23 Aug 2005,0.55507,0.55520

Week 1,30 Aug 2005,0.54912,0.54926
Week 2,06 Sep 2005,0.54353,0.54366
Week 3,13 Sep 2005,0.55133,0.55147
Week 4,20 Sep 2005,0.55870,0.55883

Week 1,27 Sep 2005,0.56590,0.56602
Week 2,04 Oct 2005,0.56726,0.56739
Week 3,11 Oct 2005,0.56818,0.56832
Week 4,18 Oct 2005,0.56678,0.56693

Week 1,25 Oct 2005,0.56308,0.56321
Week 2,01 Nov 2005,0.56738,0.56754
Week 3,08 Nov 2005,0.57374,0.57388
Week 4,15 Nov 2005,0.58026,0.58040

Week 1,22 Nov 2005,0.58148,0.58167
Week 2,29 Nov 2005,0.57999,0.58017
Week 3,06 Dec 2005,0.57417,0.57435
Week 4,13 Dec 2005,0.56573,0.56590

Week 1,20 Dec 2005,0.57062,0.57081
Week 2,27 Dec 2005,0.57857,0.57878
Week 3,03 Jan 2006,0.57236,0.57259
Week 4,10 Jan 2006,0.56528,0.56545

Week 1,17 Jan 2006,0.56624,0.56641
Week 2,24 Jan 2006,0.56214,0.56225
Week 3,31 Jan 2006,0.56482,0.56495
Week 4,07 Feb 2006,0.57258,0.57275

Week 1,14 Feb 2006,0.57493,0.57511
Week 2,21 Feb 2006,0.57276,0.57294
Week 3,28 Feb 2006,0.57128,0.57140
Week 4,07 Mar 2006,0.57569,0.57587

Week 1,14 Mar 2006,0.57244,0.57262
Week 2,21 Mar 2006,0.57288,0.57306
Week 3,28 Mar 2006,0.57421,0.57439
Week 4,04 Apr 2006,0.57281,0.57298

Week 1,11 Apr 2006,0.57156,0.57174
Week 2,18 Apr 2006,0.56218,0.56235
Week 3,25 Apr 2006,0.55515,0.55531
Week 4,02 May 2006,0.54205,0.54221

Week 1,09 May 2006,0.53317,0.53331
Week 2,16 May 2006,0.53062,0.53078
Week 3,23 May 2006,0.53453,0.53469
Week 4,30 May 2006,0.53381,0.53396

Week 1,06 Jun 2006,0.53909,0.53919
Week 2,13 Jun 2006,0.54166,0.54181
Week 3,20 Jun 2006,0.54562,0.54578
Week 4,27 Jun 2006,0.54627,0.54643

Week 1,04 Jul 2006,0.54213,0.54229
Week 2,11 Jul 2006,0.54318,0.54334
Week 3,18 Jul 2006,0.54267,0.54277
Week 4,25 Jul 2006,0.53890,0.53898

Week 1,01 Aug 2006,0.53028,0.53043
Week 2,08 Aug 2006,0.52652,0.52667
Week 3,15 Aug 2006,0.52954,0.52970
Week 4,22 Aug 2006,0.52924,0.52939

Week 1,29 Aug 2006,0.52585,0.52600
Week 2,05 Sep 2006,0.53115,0.53130
Week 3,12 Sep 2006,0.53279,0.53294
Week 4,19 Sep 2006,0.52856,0.52871

Week 1,26 Sep 2006,0.53058,0.53073
Week 2,03 Oct 2006,0.53232,0.53246
Week 3,10 Oct 2006,0.53786,0.53801
Week 4,17 Oct 2006,0.53383,0.53398

Week 1,24 Oct 2006,0.53036,0.53051
Week 2,31 Oct 2006,0.52526,0.52540
Week 3,07 Nov 2006,0.52443,0.52457
Week 4,14 Nov 2006,0.52750,0.52764

Week 1,21 Nov 2006,0.52224,0.52238
Week 2,28 Nov 2006,0.51027,0.51040
Week 3,05 Dec 2006,0.50856,0.50870
Week 4,12 Dec 2006,0.51043,0.51058

Week 1,19 Dec 2006,0.51010,0.51024
Week 2,26 Dec 2006,0.51036,0.51054
Week 3,02 Jan 2007,0.51327,0.51344
Week 4,09 Jan 2007,0.51407,0.51421

Week 1,16 Jan 2007,0.50774,0.50788
Week 2,23 Jan 2007,0.50785,0.50798
Week 3,30 Jan 2007,0.50916,0.50930
Week 4,06 Feb 2007,0.51033,0.51047

Week 1,13 Feb 2007,0.51243,0.51257
Week 2,20 Feb 2007,0.51104,0.51118
Week 3,27 Feb 2007,0.51124,0.51134
Week 4,06 Mar 2007,0.51805,0.51819

Week 1,13 Mar 2007,0.51631,0.51645
Week 2,20 Mar 2007,0.51052,0.51066
Week 3,27 Mar 2007,0.50880,0.50893
Week 4,03 Apr 2007,0.50724,0.50738

Week 1,10 Apr 2007,0.50569,0.50583
Week 2,17 Apr 2007,0.49975,0.49989
Week 3,24 Apr 2007,0.50018,0.50031
Week 4,01 May 2007,0.50158,0.50172

Week 1,08 May 2007,0.50310,0.50323
Week 2,15 May 2007,0.50552,0.50565
Week 3,22 May 2007,0.50489,0.50502
Week 4,29 May 2007,0.50472,0.50486

Week 1,05 Jun 2007,0.50456,0.50469
Week 2,12 Jun 2007,0.50690,0.50703
Week 3,19 Jun 2007,0.50201,0.50214
Week 4,26 Jun 2007,0.49934,0.49947

Week 1,03 Jul 2007,0.49665,0.49678
Week 2,10 Jul 2007,0.49318,0.49330
Week 3,17 Jul 2007,0.48800,0.48813
Week 4,24 Jul 2007,0.48903,0.48916

Week 1,31 Jul 2007,0.49173,0.49186
Week 2,07 Aug 2007,0.49319,0.49331
Week 3,14 Aug 2007,0.50201,0.50214
Week 4,21 Aug 2007,0.50043,0.50056

Week 1,28 Aug 2007,0.49660,0.49673
Week 2,04 Sep 2007,0.49468,0.49481
Week 3,11 Sep 2007,0.49470,0.49483
Week 4,18 Sep 2007,0.49770,0.49783

Week 1,25 Sep 2007,0.49287,0.49299
Week 2,02 Oct 2007,0.49008,0.49020
Week 3,09 Oct 2007,0.49099,0.49112
Week 4,16 Oct 2007,0.48937,0.48949

Week 1,23 Oct 2007,0.48817,0.48829
Week 2,30 Oct 2007,0.48162,0.48172
Week 3,06 Nov 2007,0.47762,0.47774
Week 4,13 Nov 2007,0.48546,0.48559

Week 1,20 Nov 2007,0.48524,0.48536
Week 2,27 Nov 2007,0.48442,0.48453
Week 3,04 Dec 2007,0.49002,0.49015
Week 4,11 Dec 2007,0.49163,0.49176

Week 1,18 Dec 2007,0.50038,0.50052
Week 2,25 Dec 2007,0.50293,0.50310
Week 3,01 Jan 2008,0.50476,0.50493
Week 4,08 Jan 2008,0.50930,0.50944

Week 1,15 Jan 2008,0.50998,0.51012
Week 2,22 Jan 2008,0.50870,0.50883
Week 3,29 Jan 2008,0.50496,0.50509
Week 4,05 Feb 2008,0.51113,0.51126

Week 1,12 Feb 2008,0.51031,0.51044
Week 2,19 Feb 2008,0.51087,0.51101
Week 3,26 Feb 2008,0.50447,0.50460
Week 4,04 Mar 2008,0.50025,0.50038

Week 1,11 Mar 2008,0.49500,0.49513
Week 2,18 Mar 2008,0.50174,0.50190
Week 3,25 Mar 2008,0.50084,0.50097
Week 4,01 Apr 2008,0.50277,0.50291

Week 1,08 Apr 2008,0.50627,0.50640
Week 2,15 Apr 2008,0.50429,0.50443
Week 3,22 Apr 2008,0.50383,0.50396
Week 4,29 Apr 2008,0.50555,0.50569

Week 1,06 May 2008,0.51007,0.51021
Week 2,13 May 2008,0.51245,0.51259
Week 3,20 May 2008,0.50734,0.50748
Week 4,27 May 2008,0.50523,0.50536

Week 1,03 Jun 2008,0.50913,0.50926
Week 2,10 Jun 2008,0.51135,0.51149
Week 3,17 Jun 2008,0.50855,0.50869
Week 4,24 Jun 2008,0.50489,0.50502

Week 1,01 Jul 2008,0.50298,0.50312
Week 2,08 Jul 2008,0.50503,0.50517
Week 3,15 Jul 2008,0.50038,0.50051
Week 4,22 Jul 2008,0.50152,0.50166

Week 1,29 Jul 2008,0.50481,0.50494
Week 2,05 Aug 2008,0.51469,0.51482
Week 3,12 Aug 2008,0.53140,0.53155
Week 4,19 Aug 2008,0.53707,0.53720

Week 1,26 Aug 2008,0.54526,0.54542
Week 2,02 Sep 2008,0.56262,0.56279
Week 3,09 Sep 2008,0.56437,0.56454
Week 4,16 Sep 2008,0.55224,0.55243

Week 1,23 Sep 2008,0.54129,0.54146
Week 2,30 Sep 2008,0.56114,0.56133
Week 3,07 Oct 2008,0.57915,0.57963
Week 4,14 Oct 2008,0.57707,0.57740

Week 1,21 Oct 2008,0.61136,0.61166
Week 2,28 Oct 2008,0.62424,0.62467
Week 3,04 Nov 2008,0.63193,0.63231
Week 4,11 Nov 2008,0.66184,0.66228

Week 1,18 Nov 2008,0.67027,0.67056
Week 2,25 Nov 2008,0.65392,0.65420
Week 3,02 Dec 2008,0.67528,0.67564
Week 4,09 Dec 2008,0.67255,0.67279

Week 1,16 Dec 2008,0.65916,0.65953
Week 2,23 Dec 2008,0.67911,0.67966
Week 3,30 Dec 2008,0.68656,0.68716
Week 4,06 Jan 2009,0.66749,0.66779

Week 1,13 Jan 2009,0.67885,0.67915
Week 2,20 Jan 2009,0.71537,0.71570
Week 3,27 Jan 2009,0.70213,0.70245
Week 4,03 Feb 2009,0.68783,0.68813

Week 1,10 Feb 2009,0.69007,0.69036
Week 2,17 Feb 2009,0.69875,0.69904
Week 3,24 Feb 2009,0.69580,0.69608
Week 4,03 Mar 2009,0.70834,0.70863

Week 1,10 Mar 2009,0.71880,0.71912
Week 2,17 Mar 2009,0.70073,0.70102
Week 3,24 Mar 2009,0.69015,0.69045
Week 4,31 Mar 2009,0.68702,0.68729

Week 1,07 Apr 2009,0.67989,0.68019
Week 2,14 Apr 2009,0.67354,0.67382
Week 3,21 Apr 2009,0.68337,0.68360
Week 4,28 Apr 2009,0.67672,0.67698

Week 1,05 May 2009,0.66237,0.66263
Week 2,12 May 2009,0.65833,0.65857
Week 3,19 May 2009,0.63827,0.63849
Week 4,26 May 2009,0.62380,0.62400

Week 1,02 Jun 2009,0.61611,0.61632
Week 2,09 Jun 2009,0.61250,0.61270
Week 3,16 Jun 2009,0.60956,0.60976
Week 4,23 Jun 2009,0.60793,0.60812

Week 1,30 Jun 2009,0.60870,0.60889
Week 2,07 Jul 2009,0.61730,0.61749
Week 3,14 Jul 2009,0.61239,0.61259
Week 4,21 Jul 2009,0.60774,0.60792

Week 1,28 Jul 2009,0.60443,0.60461
Week 2,04 Aug 2009,0.59442,0.59460
Week 3,11 Aug 2009,0.60456,0.60475
Week 4,18 Aug 2009,0.60672,0.60690

Week 1,25 Aug 2009,0.61285,0.61303
Week 2,01 Sep 2009,0.61322,0.61341
Week 3,08 Sep 2009,0.60366,0.60384
Week 4,15 Sep 2009,0.60859,0.60876

Week 1,22 Sep 2009,0.61938,0.61957
Week 2,29 Sep 2009,0.62730,0.62749
Week 3,06 Oct 2009,0.62772,0.62791
Week 4,13 Oct 2009,0.62072,0.62090

Week 1,20 Oct 2009,0.60900,0.60915
Week 2,27 Oct 2009,0.60917,0.60934
Week 3,03 Nov 2009,0.60531,0.60548
Week 4,10 Nov 2009,0.59987,0.60003

Week 1,17 Nov 2009,0.60026,0.60042
Week 2,24 Nov 2009,0.60423,0.60440
Week 3,01 Dec 2009,0.60451,0.60468
Week 4,08 Dec 2009,0.61325,0.61342

Week 1,15 Dec 2009,0.61657,0.61675
Week 2,22 Dec 2009,0.62483,0.62513
Week 3,29 Dec 2009,0.62236,0.62256
Week 4,05 Jan 2010,0.62396,0.62414

Week 1,12 Jan 2010,0.61619,0.61636
Week 2,19 Jan 2010,0.61604,0.61618
Week 3,26 Jan 2010,0.62067,0.62084
Week 4,02 Feb 2010,0.63208,0.63226

Week 1,09 Feb 2010,0.63870,0.63888
Week 2,16 Feb 2010,0.64152,0.64175
Week 3,23 Feb 2010,0.65194,0.65217
Week 4,02 Mar 2010,0.66388,0.66413

Week 1,09 Mar 2010,0.66267,0.66291
Week 2,16 Mar 2010,0.66077,0.66102
Week 3,23 Mar 2010,0.66937,0.66961
Week 4,30 Mar 2010,0.65964,0.65987

Week 1,06 Apr 2010,0.65398,0.65419
Week 2,13 Apr 2010,0.64896,0.64918
Week 3,20 Apr 2010,0.65084,0.65102
Week 4,27 Apr 2010,0.65332,0.65355

Week 1,04 May 2010,0.66755,0.66780
Week 2,11 May 2010,0.67914,0.67940
Week 3,18 May 2010,0.69351,0.69377
Week 4,25 May 2010,0.69224,0.69252

Week 1,01 Jun 2010,0.68694,0.68720
Week 2,08 Jun 2010,0.68778,0.68803
Week 3,15 Jun 2010,0.67613,0.67635
Week 4,22 Jun 2010,0.66941,0.66966

Week 1,29 Jun 2010,0.66194,0.66218
Week 2,06 Jul 2010,0.66101,0.66125
Week 3,13 Jul 2010,0.65613,0.65637
Week 4,20 Jul 2010,0.65279,0.65302

Week 1,27 Jul 2010,0.64063,0.64086
Week 2,03 Aug 2010,0.62854,0.62876
Week 3,10 Aug 2010,0.63713,0.63735
Week 4,17 Aug 2010,0.64180,0.64202

Week 1,24 Aug 2010,0.64496,0.64519
Week 2,31 Aug 2010,0.64770,0.64793
Week 3,07 Sep 2010,0.64936,0.64967
Week 4,14 Sep 2010,0.64227,0.64249

Week 1,21 Sep 2010,0.63686,0.63708
Week 2,28 Sep 2010,0.63226,0.63247
Week 3,05 Oct 2010,0.62873,0.62894
Week 4,12 Oct 2010,0.62702,0.62724

Week 1,19 Oct 2010,0.63475,0.63497
Week 2,26 Oct 2010,0.62896,0.62916
Week 3,02 Nov 2010,0.61975,0.61993
Week 4,09 Nov 2010,0.62073,0.62091

Week 1,16 Nov 2010,0.62530,0.62548
Week 2,23 Nov 2010,0.63443,0.63462
Week 3,30 Nov 2010,0.63903,0.63923
Week 4,07 Dec 2010,0.63382,0.63401

Week 1,14 Dec 2010,0.63882,0.63901
Week 2,21 Dec 2010,0.64685,0.64706
Week 3,28 Dec 2010,0.64534,0.64555
Week 4,04 Jan 2011,0.64397,0.64417

Week 1,11 Jan 2011,0.63551,0.63569
Week 2,18 Jan 2011,0.62656,0.62674
Week 3,25 Jan 2011,0.62926,0.62945
Week 4,01 Feb 2011,0.62115,0.62133

Week 1,08 Feb 2011,0.62246,0.62264
Week 2,15 Feb 2011,0.61912,0.61930
Week 3,22 Feb 2011,0.61865,0.61883
Week 4,01 Mar 2011,0.61487,0.61502

Week 1,08 Mar 2011,0.61956,0.61974
Week 2,15 Mar 2011,0.61955,0.61974
Week 3,22 Mar 2011,0.61791,0.61810
Week 4,29 Mar 2011,0.62274,0.62292

Week 1,05 Apr 2011,0.61347,0.61373
Week 2,12 Apr 2011,0.61270,0.61289
Week 3,19 Apr 2011,0.60889,0.60908
Week 4,26 Apr 2011,0.60200,0.60219

Week 1,03 May 2011,0.60678,0.60696
Week 2,10 May 2011,0.61347,0.61366
Week 3,17 May 2011,0.61665,0.61684
Week 4,24 May 2011,0.61244,0.61263

Week 1,31 May 2011,0.60888,0.60906
Week 2,07 Jun 2011,0.61203,0.61222
Week 3,14 Jun 2011,0.61580,0.61598
Week 4,21 Jun 2011,0.62223,0.62243

Week 1,28 Jun 2011,0.62376,0.62395
Week 2,05 Jul 2011,0.62342,0.62361
Week 3,12 Jul 2011,0.62282,0.62301
Week 4,19 Jul 2011,0.61707,0.61725

Week 1,26 Jul 2011,0.61079,0.61097
Week 2,02 Aug 2011,0.61142,0.61176
Week 3,09 Aug 2011,0.61441,0.61460
Week 4,16 Aug 2011,0.60791,0.60809

Week 1,23 Aug 2011,0.60952,0.60971
Week 2,30 Aug 2011,0.61464,0.61482
Week 3,06 Sep 2011,0.62576,0.62595
Week 4,13 Sep 2011,0.63282,0.63301

Week 1,20 Sep 2011,0.64310,0.64332
Week 2,27 Sep 2011,0.64141,0.64161
Week 3,04 Oct 2011,0.64549,0.64570
Week 4,11 Oct 2011,0.63588,0.63608

Week 1,18 Oct 2011,0.63171,0.63189
Week 2,25 Oct 2011,0.62310,0.62328
Week 3,01 Nov 2011,0.62446,0.62465
Week 4,08 Nov 2011,0.62411,0.62430

Week 1,15 Nov 2011,0.63175,0.63194
Week 2,22 Nov 2011,0.64323,0.64341
Week 3,29 Nov 2011,0.64054,0.64073
Week 4,06 Dec 2011,0.63883,0.63902

Week 1,13 Dec 2011,0.64348,0.64368
Week 2,20 Dec 2011,0.64037,0.64056
Week 3,27 Dec 2011,0.64306,0.64328
Week 4,03 Jan 2012,0.64448,0.64472

Week 1,10 Jan 2012,0.65039,0.65058
Week 2,17 Jan 2012,0.64734,0.64753
Week 3,24 Jan 2012,0.63884,0.63903
Week 4,31 Jan 2012,0.63342,0.63360

Week 1,07 Feb 2012,0.63267,0.63285
Week 2,14 Feb 2012,0.63408,0.63425
Week 3,21 Feb 2012,0.63255,0.63273
Week 4,28 Feb 2012,0.62968,0.62986

Week 1,06 Mar 2012,0.63473,0.63491
Week 2,13 Mar 2012,0.63556,0.63574
Week 3,20 Mar 2012,0.63046,0.63063
Week 4,27 Mar 2012,0.62660,0.62678

Week 1,03 Apr 2012,0.62845,0.62863
Week 2,10 Apr 2012,0.62942,0.62960
Week 3,17 Apr 2012,0.62432,0.62450
Week 4,24 Apr 2012,0.61774,0.61791

Week 1,01 May 2012,0.61748,0.61765
Week 2,08 May 2012,0.62030,0.62047
Week 3,15 May 2012,0.62833,0.62851
Week 4,22 May 2012,0.63616,0.63634

Week 1,29 May 2012,0.64518,0.64537
Week 2,05 Jun 2012,0.64739,0.64758
Week 3,12 Jun 2012,0.64131,0.64149
Week 4,19 Jun 2012,0.63892,0.63911

Week 1,26 Jun 2012,0.64004,0.64022
Week 2,03 Jul 2012,0.64172,0.64185
Week 3,10 Jul 2012,0.64428,0.64440
Week 4,17 Jul 2012,0.63944,0.63956

Week 1,24 Jul 2012,0.64020,0.64033
Week 2,31 Jul 2012,0.63969,0.63981
Week 3,07 Aug 2012,0.63913,0.63926
Week 4,14 Aug 2012,0.63714,0.63727

Week 1,21 Aug 2012,0.63291,0.63303
Week 2,28 Aug 2012,0.63169,0.63181
Week 3,04 Sep 2012,0.62751,0.62763
Week 4,11 Sep 2012,0.62016,0.62028

Week 1,18 Sep 2012,0.61601,0.61616
Week 2,25 Sep 2012,0.61747,0.61759
Week 3,02 Oct 2012,0.61958,0.61969
Week 4,09 Oct 2012,0.62314,0.62326

Week 1,16 Oct 2012,0.62233,0.62245
Week 2,23 Oct 2012,0.62272,0.62283
Week 3,30 Oct 2012,0.62225,0.62237
Week 4,06 Nov 2012,0.62659,0.62671

Week 1,13 Nov 2012,0.62992,0.63003
Week 2,20 Nov 2012,0.62651,0.62663
Week 3,27 Nov 2012,0.62418,0.62430
Week 4,04 Dec 2012,0.62231,0.62243

Week 1,11 Dec 2012,0.62014,0.62024
Week 2,18 Dec 2012,0.61660,0.61676
Week 3,25 Dec 2012,0.61931,0.61954
Week 4,01 Jan 2013,0.61881,0.61892

Week 1,08 Jan 2013,0.62132,0.62148
Week 2,15 Jan 2013,0.62552,0.62567
Week 3,22 Jan 2013,0.63193,0.63212
Week 4,29 Jan 2013,0.63485,0.63500

Week 1,05 Feb 2013,0.63543,0.63564
Week 2,12 Feb 2013,0.64183,0.64196
Week 3,19 Feb 2013,0.65338,0.65351
Week 4,26 Feb 2013,0.66170,0.66184

Week 1,05 Mar 2013,0.66577,0.66593
Week 2,12 Mar 2013,0.66630,0.66642
Week 3,19 Mar 2013,0.65956,0.65969
Week 4,26 Mar 2013,0.65851,0.65884

Week 1,02 Apr 2013,0.65667,0.65698
Week 2,09 Apr 2013,0.65203,0.65222
Week 3,16 Apr 2013,0.65441,0.65458
Week 4,23 Apr 2013,0.65082,0.65105

Week 1,30 Apr 2013,0.64323,0.64340
Week 2,07 May 2013,0.64654,0.64686
Week 3,14 May 2013,0.65624,0.65638
Week 4,21 May 2013,0.66062,0.66091

Week 1,28 May 2013,0.65997,0.66019
Week 2,04 Jun 2013,0.64770,0.64784
Week 3,11 Jun 2013,0.63878,0.63909
Week 4,18 Jun 2013,0.64345,0.64367

Week 1,25 Jun 2013,0.65314,0.65330
Week 2,02 Jul 2013,0.66301,0.66334
Week 3,09 Jul 2013,0.66545,0.66572
Week 4,16 Jul 2013,0.65806,0.65838

Week 1,23 Jul 2013,0.65095,0.65121
Week 2,30 Jul 2013,0.65519,0.65551
Week 3,06 Aug 2013,0.64740,0.64756
Week 4,13 Aug 2013,0.64292,0.64317

Week 1,20 Aug 2013,0.64040,0.64057
Week 2,27 Aug 2013,0.64405,0.64436
Week 3,03 Sep 2013,0.64097,0.64127
Week 4,10 Sep 2013,0.63316,0.63344

Week 1,17 Sep 2013,0.62533,0.62546
Week 2,24 Sep 2013,0.62221,0.62234
Week 3,01 Oct 2013,0.61992,0.62006
Week 4,08 Oct 2013,0.62495,0.62523

Week 1,15 Oct 2013,0.62220,0.62235
Week 2,22 Oct 2013,0.61817,0.61833
Week 3,29 Oct 2013,0.62392,0.62409
Week 4,05 Nov 2013,0.62380,0.62405

Week 1,12 Nov 2013,0.62359,0.62374
Week 2,19 Nov 2013,0.61878,0.61891
Week 3,26 Nov 2013,0.61382,0.61404
Week 4,03 Dec 2013,0.61099,0.61116

Week 1,10 Dec 2013,0.61117,0.61144
Week 2,17 Dec 2013,0.61215,0.61243
Week 3,24 Dec 2013,0.60908,0.60937
Week 4,31 Dec 2013,0.60662,0.60677

Week 1,07 Jan 2014,0.60809,0.60822
Week 2,14 Jan 2014,0.60946,0.60961
Week 3,21 Jan 2014,0.60581,0.60604
Week 4,28 Jan 2014,0.60565,0.60588

Week 1,04 Feb 2014,0.61136,0.61154
Week 2,11 Feb 2014,0.60266,0.60277
Week 3,18 Feb 2014,0.59977,0.59987
Week 4,25 Feb 2014,0.59893,0.59918

Week 1,04 Mar 2014,0.59830,0.59848
Week 2,11 Mar 2014,0.60076,0.60093
Week 3,18 Mar 2014,0.60415,0.60429
Week 4,25 Mar 2014,0.60319,0.60330

Week 1,01 Apr 2014,0.60184,0.60210
Week 2,08 Apr 2014,0.59810,0.59829
Week 3,15 Apr 2014,0.59616,0.59643
Week 4,22 Apr 2014,0.59503,0.59524

Week 1,29 Apr 2014,0.59318,0.59341
Week 2,06 May 2014,0.59151,0.59166
Week 3,13 May 2014,0.59446,0.59455
Week 4,20 May 2014,0.59353,0.59378

Week 1,27 May 2014,0.59611,0.59631
Week 2,03 Jun 2014,0.59605,0.59630
Week 3,10 Jun 2014,0.59274,0.59295
Week 4,17 Jun 2014,0.58825,0.58839

Week 1,24 Jun 2014,0.58757,0.58781
Week 2,01 Jul 2014,0.58348,0.58357
Week 3,08 Jul 2014,0.58378,0.58401
Week 4,15 Jul 2014,0.58453,0.58464

Week 1,22 Jul 2014,0.58743,0.58756
Week 2,29 Jul 2014,0.59179,0.59192
Week 3,05 Aug 2014,0.59439,0.59452
Week 4,12 Aug 2014,0.59776,0.59794

Week 1,19 Aug 2014,0.60166,0.60180
Week 2,26 Aug 2014,0.60296,0.60307
Week 3,02 Sep 2014,0.60855,0.60870
Week 4,09 Sep 2014,0.61722,0.61736

Week 1,16 Sep 2014,0.61369,0.61381
Week 2,23 Sep 2014,0.61287,0.61300
Week 3,30 Sep 2014,0.62023,0.62051
Week 4,07 Oct 2014,0.62185,0.62199

Week 1,14 Oct 2014,0.62331,0.62347
Week 2,21 Oct 2014,0.62148,0.62160
Week 3,28 Oct 2014,0.62305,0.62320
Week 4,04 Nov 2014,0.62796,0.62809

Week 1,11 Nov 2014,0.63408,0.63426
Week 2,18 Nov 2014,0.63841,0.63862
Week 3,25 Nov 2014,0.63705,0.63734
Week 4,02 Dec 2014,0.63901,0.63930

Week 1,09 Dec 2014,0.63745,0.63771
Week 2,16 Dec 2014,0.63852,0.63879
Week 3,23 Dec 2014,0.64235,0.64267
Week 4,30 Dec 2014,0.64588,0.64602

Week 1,06 Jan 2015,0.65943,0.65968
Week 2,13 Jan 2015,0.65907,0.65939
Week 3,20 Jan 2015,0.66331,0.66364
Week 4,27 Jan 2015,0.66246,0.66278

Week 1,03 Feb 2015,0.65821,0.65847
Week 2,10 Feb 2015,0.65278,0.65309
Week 3,17 Feb 2015,0.64928,0.64959
Week 4,24 Feb 2015,0.64722,0.64752

Week 1,03 Mar 2015,0.65658,0.65690
Week 2,10 Mar 2015,0.67014,0.67037
Week 3,17 Mar 2015,0.67358,0.67392
Week 4,24 Mar 2015,0.67146,0.67180

Week 1,31 Mar 2015,0.67299,0.67333
Week 2,07 Apr 2015,0.67674,0.67691
Week 3,14 Apr 2015,0.67378,0.67411
Week 4,21 Apr 2015,0.66448,0.66465

Week 1,28 Apr 2015,0.65541,0.65573
Week 2,05 May 2015,0.65382,0.65413
Week 3,12 May 2015,0.63761,0.63776
Week 4,19 May 2015,0.64215,0.64246

Week 1,26 May 2015,0.65111,0.65143
Week 2,02 Jun 2015,0.65388,0.65410
Week 3,09 Jun 2015,0.64681,0.64709
Week 4,16 Jun 2015,0.63422,0.63451

Week 1,23 Jun 2015,0.63441,0.63471
Week 2,30 Jun 2015,0.63933,0.63964
Week 3,07 Jul 2015,0.64587,0.64618
Week 4,14 Jul 2015,0.64131,0.64158

Week 1,21 Jul 2015,0.64292,0.64323
Week 2,28 Jul 2015,0.64098,0.64119
Week 3,04 Aug 2015,0.64299,0.64325
Week 4,11 Aug 2015,0.64084,0.64115

Week 1,18 Aug 2015,0.63805,0.63835
Week 2,25 Aug 2015,0.64381,0.64399
Week 3,01 Sep 2015,0.65469,0.65501
Week 4,08 Sep 2015,0.65022,0.65038

Week 1,15 Sep 2015,0.64555,0.64582
Week 2,22 Sep 2015,0.65348,0.65380
Week 3,29 Sep 2015,0.65914,0.65947
Week 4,06 Oct 2015,0.65439,0.65470

Week 1,13 Oct 2015,0.64933,0.64954
Week 2,20 Oct 2015,0.64923,0.64945
Week 3,27 Oct 2015,0.65132,0.65149
Week 4,03 Nov 2015,0.65458,0.65479

Week 1,10 Nov 2015,0.65857,0.65888
Week 2,17 Nov 2015,0.65697,0.65717
Week 3,24 Nov 2015,0.66270,0.66289
Week 4,01 Dec 2015,0.66365,0.66384

Week 1,08 Dec 2015,0.66046,0.66065
Week 2,15 Dec 2015,0.66674,0.66694
Week 3,22 Dec 2015,0.67115,0.67129
Week 4,29 Dec 2015,0.67555,0.67566

Week 1,05 Jan 2016,0.68413,0.68434
Week 2,12 Jan 2016,0.69469,0.69490
Week 3,19 Jan 2016,0.70242,0.70264
Week 4,26 Jan 2016,0.70036,0.70058

Week 1,02 Feb 2016,0.69085,0.69106
Week 2,09 Feb 2016,0.69039,0.69061
Week 3,16 Feb 2016,0.69563,0.69586
Week 4,23 Feb 2016,0.71491,0.71515

Week 1,01 Mar 2016,0.71030,0.71053
Week 2,08 Mar 2016,0.70030,0.70052
Week 3,15 Mar 2016,0.69662,0.69684
Week 4,22 Mar 2016,0.70411,0.70436

Week 1,29 Mar 2016,0.70009,0.70032
Week 2,05 Apr 2016,0.70684,0.70706
Week 3,12 Apr 2016,0.70401,0.70423
Week 4,19 Apr 2016,0.69684,0.69704

Week 1,26 Apr 2016,0.68627,0.68649
Week 2,03 May 2016,0.68881,0.68903
Week 3,10 May 2016,0.69389,0.69410
Week 4,17 May 2016,0.68951,0.68972

Week 1,24 May 2016,0.68425,0.68445
Week 2,31 May 2016,0.68888,0.68909
Week 3,07 Jun 2016,0.69374,0.69396
Week 4,14 Jun 2016,0.70213,0.70238

Week 1,21 Jun 2016,0.69995,0.70087
Week 2,28 Jun 2016,0.75027,0.75118
Week 3,05 Jul 2016,0.76762,0.76793
Week 4,12 Jul 2016,0.75850,0.75878

Week 1,19 Jul 2016,0.75940,0.75966
Week 2,26 Jul 2016,0.75896,0.75925
Week 3,02 Aug 2016,0.75840,0.75868
Week 4,09 Aug 2016,0.77016,0.77043

Week 1,16 Aug 2016,0.76697,0.76723
Week 2,23 Aug 2016,0.75954,0.75981
Week 3,30 Aug 2016,0.75760,0.75784
Week 4,06 Sep 2016,0.75079,0.75105

Week 1,13 Sep 2016,0.75947,0.75974
Week 2,20 Sep 2016,0.76877,0.76904
Week 3,27 Sep 2016,0.77007,0.77033
Week 4,04 Oct 2016,0.79179,0.79209

Week 1,11 Oct 2016,0.81661,0.81693
Week 2,18 Oct 2016,0.81687,0.81718
Week 3,25 Oct 2016,0.81970,0.82001
Week 4,01 Nov 2016,0.80824,0.80851

Week 1,08 Nov 2016,0.79997,0.80027
Week 2,15 Nov 2016,0.80487,0.80518
Week 3,22 Nov 2016,0.80339,0.80370
Week 4,29 Nov 2016,0.79502,0.79531

Week 1,06 Dec 2016,0.79143,0.79168
Week 2,13 Dec 2016,0.79642,0.79672
Week 3,20 Dec 2016,0.81033,0.81063
Week 4,27 Dec 2016,0.81340,0.81379

Week 1,03 Jan 2017,0.81220,0.81258
Week 2,10 Jan 2017,0.82070,0.82101
Week 3,17 Jan 2017,0.81436,0.81461
Week 4,24 Jan 2017,0.79735,0.79764

Week 1,31 Jan 2017,0.79753,0.79782
Week 2,07 Feb 2017,0.80059,0.80087
Week 3,14 Feb 2017,0.80243,0.80272
Week 4,21 Feb 2017,0.80165,0.80212

Week 1,28 Feb 2017,0.81057,0.81096
Week 2,07 Mar 2017,0.82020,0.82059
Week 3,14 Mar 2017,0.81359,0.81377
Week 4,21 Mar 2017,0.80254,0.80279

Week 1,28 Mar 2017,0.79925,0.79962
Week 2,04 Apr 2017,0.80362,0.80400
Week 3,11 Apr 2017,0.80045,0.80073
Week 4,18 Apr 2017,0.78418,0.78454

Week 1,25 Apr 2017,0.77636,0.77670
Week 2,02 May 2017,0.77303,0.77338
Week 3,09 May 2017,0.77409,0.77444
Week 4,16 May 2017,0.77081,0.77115

Week 1,23 May 2017,0.77432,0.77468
Week 2,30 May 2017,0.77721,0.77756
Week 3,06 Jun 2017,0.77858,0.77890
Week 4,13 Jun 2017,0.78413,0.78449

Week 1,20 Jun 2017,0.78709,0.78745
Week 2,27 Jun 2017,0.77451,0.77485
Week 3,04 Jul 2017,0.77346,0.77381
Week 4,11 Jul 2017,0.77112,0.77130

Week 1,18 Jul 2017,0.76807,0.76824
Week 2,25 Jul 2017,0.76411,0.76431
Week 3,01 Aug 2017,0.76123,0.76140
Week 4,08 Aug 2017,0.76874,0.76891

Week 1,15 Aug 2017,0.77539,0.77558
Week 2,22 Aug 2017,0.77779,0.77812
Week 3,29 Aug 2017,0.77310,0.77333
Week 4,05 Sep 2017,0.76416,0.76439

Week 1,12 Sep 2017,0.74731,0.74748
Week 2,19 Sep 2017,0.73942,0.73958
Week 3,26 Sep 2017,0.74475,0.74502
Week 4,03 Oct 2017,0.75912,0.75934

Week 1,10 Oct 2017,0.75578,0.75593
Week 2,17 Oct 2017,0.75743,0.75767
Week 3,24 Oct 2017,0.75952,0.75978
Week 4,31 Oct 2017,0.76014,0.76027

Week 1,07 Nov 2017,0.76016,0.76030
Week 2,14 Nov 2017,0.75888,0.75912
Week 3,21 Nov 2017,0.75231,0.75257
Week 4,28 Nov 2017,0.74464,0.74498

Week 1,05 Dec 2017,0.74422,0.74432


