USD->CAD

Week 1,01 Dec 1998,1.53184,1.53283
Week 2,08 Dec 1998,1.54061,1.54155
Week 3,15 Dec 1998,1.54250,1.54347
Week 4,22 Dec 1998,1.55074,1.55170

Week 1,29 Dec 1998,1.53654,1.53753
Week 2,05 Jan 1999,1.51187,1.51287
Week 3,12 Jan 1999,1.52379,1.52477
Week 4,19 Jan 1999,1.52004,1.52103

Week 1,26 Jan 1999,1.51493,1.51583
Week 2,02 Feb 1999,1.49620,1.49719
Week 3,09 Feb 1999,1.49152,1.49246
Week 4,16 Feb 1999,1.49129,1.49224

Week 1,23 Feb 1999,1.50569,1.50663
Week 2,02 Mar 1999,1.52028,1.52126
Week 3,09 Mar 1999,1.52189,1.52284
Week 4,16 Mar 1999,1.51848,1.51946

Week 1,23 Mar 1999,1.50920,1.51020
Week 2,30 Mar 1999,1.50187,1.50284
Week 3,06 Apr 1999,1.49956,1.50052
Week 4,13 Apr 1999,1.48514,1.48614

Week 1,20 Apr 1999,1.48033,1.48131
Week 2,27 Apr 1999,1.46451,1.46551
Week 3,04 May 1999,1.45491,1.45591
Week 4,11 May 1999,1.45976,1.46074

Week 1,18 May 1999,1.46150,1.46239
Week 2,25 May 1999,1.46985,1.47071
Week 3,01 Jun 1999,1.47433,1.47523
Week 4,08 Jun 1999,1.46423,1.46504

Week 1,15 Jun 1999,1.46236,1.46316
Week 2,22 Jun 1999,1.46800,1.46886
Week 3,29 Jun 1999,1.46756,1.46837
Week 4,06 Jul 1999,1.47069,1.47156

Week 1,13 Jul 1999,1.48257,1.48339
Week 2,20 Jul 1999,1.50277,1.50361
Week 3,27 Jul 1999,1.50796,1.50880
Week 4,03 Aug 1999,1.49861,1.49948

Week 1,10 Aug 1999,1.48466,1.48549
Week 2,17 Aug 1999,1.49014,1.49096
Week 3,24 Aug 1999,1.49301,1.49391
Week 4,31 Aug 1999,1.49111,1.49190

Week 1,07 Sep 1999,1.47943,1.48027
Week 2,14 Sep 1999,1.47306,1.47386
Week 3,21 Sep 1999,1.47191,1.47273
Week 4,28 Sep 1999,1.46764,1.46851

Week 1,05 Oct 1999,1.46979,1.47067
Week 2,12 Oct 1999,1.48374,1.48460
Week 3,19 Oct 1999,1.48184,1.48274
Week 4,26 Oct 1999,1.47088,1.47176

Week 1,02 Nov 1999,1.46498,1.46590
Week 2,09 Nov 1999,1.46570,1.46660
Week 3,16 Nov 1999,1.46381,1.46474
Week 4,23 Nov 1999,1.46731,1.46820

Week 1,30 Nov 1999,1.47774,1.47869
Week 2,07 Dec 1999,1.47644,1.47754
Week 3,14 Dec 1999,1.47831,1.47926
Week 4,21 Dec 1999,1.47087,1.47183

Week 1,28 Dec 1999,1.45036,1.45136
Week 2,04 Jan 2000,1.45344,1.45425
Week 3,11 Jan 2000,1.45180,1.45268
Week 4,18 Jan 2000,1.44540,1.44639

Week 1,25 Jan 2000,1.44125,1.44211
Week 2,01 Feb 2000,1.44188,1.44282
Week 3,08 Feb 2000,1.44707,1.44802
Week 4,15 Feb 2000,1.45188,1.45282

Week 1,22 Feb 2000,1.45356,1.45456
Week 2,29 Feb 2000,1.45074,1.45167
Week 3,07 Mar 2000,1.45592,1.45692
Week 4,14 Mar 2000,1.46748,1.46848

Week 1,21 Mar 2000,1.46624,1.46724
Week 2,28 Mar 2000,1.45309,1.45402
Week 3,04 Apr 2000,1.45317,1.45411
Week 4,11 Apr 2000,1.46916,1.46990

Week 1,18 Apr 2000,1.47636,1.47736
Week 2,25 Apr 2000,1.47626,1.47726
Week 3,02 May 2000,1.48858,1.48958
Week 4,09 May 2000,1.48843,1.48943

Week 1,16 May 2000,1.49368,1.49468
Week 2,23 May 2000,1.50373,1.50466
Week 3,30 May 2000,1.48848,1.48948
Week 4,06 Jun 2000,1.47610,1.47710

Week 1,13 Jun 2000,1.46945,1.47045
Week 2,20 Jun 2000,1.47589,1.47689
Week 3,27 Jun 2000,1.48061,1.48161
Week 4,04 Jul 2000,1.48310,1.48403

Week 1,11 Jul 2000,1.48172,1.48265
Week 2,18 Jul 2000,1.47396,1.47489
Week 3,25 Jul 2000,1.47095,1.47188
Week 4,01 Aug 2000,1.48627,1.48726

Week 1,08 Aug 2000,1.48388,1.48480
Week 2,15 Aug 2000,1.47800,1.47900
Week 3,22 Aug 2000,1.48204,1.48297
Week 4,29 Aug 2000,1.47611,1.47704

Week 1,05 Sep 2000,1.47668,1.47761
Week 2,12 Sep 2000,1.48251,1.48351
Week 3,19 Sep 2000,1.48615,1.48715
Week 4,26 Sep 2000,1.49592,1.49721

Week 1,03 Oct 2000,1.50176,1.50305
Week 2,10 Oct 2000,1.50525,1.50625
Week 3,17 Oct 2000,1.51381,1.51481
Week 4,24 Oct 2000,1.52144,1.52244

Week 1,31 Oct 2000,1.53060,1.53153
Week 2,07 Nov 2000,1.54015,1.54108
Week 3,14 Nov 2000,1.55270,1.55363
Week 4,21 Nov 2000,1.54490,1.54590

Week 1,28 Nov 2000,1.54097,1.54197
Week 2,05 Dec 2000,1.52692,1.52792
Week 3,12 Dec 2000,1.52097,1.52194
Week 4,19 Dec 2000,1.52011,1.52111

Week 1,26 Dec 2000,1.50489,1.50589
Week 2,02 Jan 2001,1.49751,1.49851
Week 3,09 Jan 2001,1.49756,1.49856
Week 4,16 Jan 2001,1.50912,1.51012

Week 1,23 Jan 2001,1.50663,1.50763
Week 2,30 Jan 2001,1.49760,1.49860
Week 3,06 Feb 2001,1.50941,1.51041
Week 4,13 Feb 2001,1.53087,1.53187

Week 1,20 Feb 2001,1.53679,1.53779
Week 2,27 Feb 2001,1.53913,1.54007
Week 3,06 Mar 2001,1.54601,1.54701
Week 4,13 Mar 2001,1.55928,1.56028

Week 1,20 Mar 2001,1.56723,1.56823
Week 2,27 Mar 2001,1.56900,1.57000
Week 3,03 Apr 2001,1.57064,1.57164
Week 4,10 Apr 2001,1.56076,1.56176

Week 1,17 Apr 2001,1.55262,1.55362
Week 2,24 Apr 2001,1.54512,1.54612
Week 3,01 May 2001,1.53367,1.53458
Week 4,08 May 2001,1.54522,1.54622

Week 1,15 May 2001,1.53803,1.53903
Week 2,22 May 2001,1.54401,1.54501
Week 3,29 May 2001,1.53885,1.53983
Week 4,05 Jun 2001,1.52435,1.52522

Week 1,12 Jun 2001,1.52112,1.52199
Week 2,19 Jun 2001,1.52783,1.52875
Week 3,26 Jun 2001,1.51686,1.51786
Week 4,03 Jul 2001,1.51604,1.51687

Week 1,10 Jul 2001,1.52809,1.52893
Week 2,17 Jul 2001,1.54002,1.54089
Week 3,24 Jul 2001,1.53511,1.53605
Week 4,31 Jul 2001,1.53146,1.53223

Week 1,07 Aug 2001,1.53607,1.53694
Week 2,14 Aug 2001,1.53772,1.53853
Week 3,21 Aug 2001,1.54227,1.54308
Week 4,28 Aug 2001,1.54581,1.54645

Week 1,04 Sep 2001,1.56023,1.56103
Week 2,11 Sep 2001,1.56394,1.56510
Week 3,18 Sep 2001,1.57037,1.57097
Week 4,25 Sep 2001,1.57453,1.57520

Week 1,02 Oct 2001,1.56629,1.56684
Week 2,09 Oct 2001,1.56384,1.56459
Week 3,16 Oct 2001,1.57061,1.57117
Week 4,23 Oct 2001,1.57526,1.57576

Week 1,30 Oct 2001,1.58693,1.58751
Week 2,06 Nov 2001,1.59864,1.59910
Week 3,13 Nov 2001,1.59204,1.59261
Week 4,20 Nov 2001,1.59730,1.59799

Week 1,27 Nov 2001,1.58193,1.58267
Week 2,04 Dec 2001,1.57414,1.57489
Week 3,11 Dec 2001,1.56677,1.56760
Week 4,18 Dec 2001,1.57797,1.57846

Week 1,25 Dec 2001,1.59439,1.59497
Week 2,01 Jan 2002,1.59491,1.59551
Week 3,08 Jan 2002,1.59666,1.59727
Week 4,15 Jan 2002,1.60440,1.60499

Week 1,22 Jan 2002,1.60793,1.60849
Week 2,29 Jan 2002,1.59186,1.59223
Week 3,05 Feb 2002,1.59859,1.59941
Week 4,12 Feb 2002,1.59053,1.59106

Week 1,19 Feb 2002,1.59267,1.59347
Week 2,26 Feb 2002,1.59959,1.60026
Week 3,05 Mar 2002,1.58584,1.58649
Week 4,12 Mar 2002,1.58673,1.58721

Week 1,19 Mar 2002,1.57957,1.58014
Week 2,26 Mar 2002,1.59276,1.59333
Week 3,02 Apr 2002,1.59170,1.59217
Week 4,09 Apr 2002,1.58961,1.59019

Week 1,16 Apr 2002,1.57621,1.57674
Week 2,23 Apr 2002,1.56583,1.56641
Week 3,30 Apr 2002,1.56351,1.56399
Week 4,07 May 2002,1.56333,1.56370

Week 1,14 May 2002,1.55156,1.55216
Week 2,21 May 2002,1.53519,1.53580
Week 3,28 May 2002,1.53196,1.53261
Week 4,04 Jun 2002,1.53147,1.53217

Week 1,11 Jun 2002,1.54096,1.54174
Week 2,18 Jun 2002,1.53170,1.53220
Week 3,25 Jun 2002,1.51704,1.51774
Week 4,02 Jul 2002,1.52440,1.52513

Week 1,09 Jul 2002,1.52573,1.52647
Week 2,16 Jul 2002,1.54141,1.54201
Week 3,23 Jul 2002,1.57654,1.57786
Week 4,30 Jul 2002,1.58193,1.58271

Week 1,06 Aug 2002,1.57877,1.57950
Week 2,13 Aug 2002,1.56226,1.56291
Week 3,20 Aug 2002,1.56106,1.56150
Week 4,27 Aug 2002,1.55741,1.55811

Week 1,03 Sep 2002,1.56066,1.56124
Week 2,10 Sep 2002,1.57740,1.57796
Week 3,17 Sep 2002,1.57604,1.57687
Week 4,24 Sep 2002,1.57981,1.58021

Week 1,01 Oct 2002,1.58924,1.58980
Week 2,08 Oct 2002,1.59119,1.59167
Week 3,15 Oct 2002,1.57801,1.57861
Week 4,22 Oct 2002,1.56610,1.56661

Week 1,29 Oct 2002,1.55960,1.56036
Week 2,05 Nov 2002,1.55921,1.55959
Week 3,12 Nov 2002,1.57829,1.57871
Week 4,19 Nov 2002,1.58140,1.58181

Week 1,26 Nov 2002,1.56937,1.57001
Week 2,03 Dec 2002,1.56059,1.56116
Week 3,10 Dec 2002,1.55933,1.55984
Week 4,17 Dec 2002,1.55207,1.55280

Week 1,24 Dec 2002,1.55847,1.55917
Week 2,31 Dec 2002,1.56933,1.56981
Week 3,07 Jan 2003,1.55300,1.55354
Week 4,14 Jan 2003,1.53661,1.53730

Week 1,21 Jan 2003,1.52550,1.52607
Week 2,28 Jan 2003,1.52340,1.52394
Week 3,04 Feb 2003,1.51867,1.51930
Week 4,11 Feb 2003,1.52454,1.52507

Week 1,18 Feb 2003,1.50991,1.51037
Week 2,25 Feb 2003,1.48926,1.48970
Week 3,04 Mar 2003,1.47096,1.47139
Week 4,11 Mar 2003,1.47336,1.47391

Week 1,18 Mar 2003,1.48521,1.48561
Week 2,25 Mar 2003,1.47180,1.47233
Week 3,01 Apr 2003,1.47137,1.47209
Week 4,08 Apr 2003,1.46026,1.46120

Week 1,15 Apr 2003,1.45046,1.45109
Week 2,22 Apr 2003,1.44944,1.45040
Week 3,29 Apr 2003,1.42790,1.42859
Week 4,06 May 2003,1.39617,1.39689

Week 1,13 May 2003,1.37667,1.37751
Week 2,20 May 2003,1.36533,1.36603
Week 3,27 May 2003,1.37133,1.37187
Week 4,03 Jun 2003,1.35916,1.35977

Week 1,10 Jun 2003,1.34553,1.34626
Week 2,17 Jun 2003,1.34839,1.34899
Week 3,24 Jun 2003,1.35163,1.35234
Week 4,01 Jul 2003,1.34137,1.34250

Week 1,08 Jul 2003,1.37067,1.37184
Week 2,15 Jul 2003,1.39561,1.39679
Week 3,22 Jul 2003,1.39319,1.39429
Week 4,29 Jul 2003,1.39580,1.39696

Week 1,05 Aug 2003,1.39591,1.39709
Week 2,12 Aug 2003,1.38481,1.38613
Week 3,19 Aug 2003,1.39993,1.40119
Week 4,26 Aug 2003,1.39251,1.39353

Week 1,02 Sep 2003,1.37554,1.37647
Week 2,09 Sep 2003,1.36643,1.36786
Week 3,16 Sep 2003,1.35826,1.35934
Week 4,23 Sep 2003,1.35121,1.35227

Week 1,30 Sep 2003,1.34576,1.34670
Week 2,07 Oct 2003,1.32851,1.32933
Week 3,14 Oct 2003,1.31836,1.31917
Week 4,21 Oct 2003,1.30981,1.31054

Week 1,28 Oct 2003,1.31463,1.31539
Week 2,04 Nov 2003,1.32826,1.32920
Week 3,11 Nov 2003,1.30476,1.30571
Week 4,18 Nov 2003,1.30336,1.30446

Week 1,25 Nov 2003,1.30494,1.30587
Week 2,02 Dec 2003,1.30366,1.30447
Week 3,09 Dec 2003,1.31100,1.31170
Week 4,16 Dec 2003,1.32857,1.32933

Week 1,23 Dec 2003,1.31286,1.31384
Week 2,30 Dec 2003,1.29463,1.29556
Week 3,06 Jan 2004,1.27906,1.27986
Week 4,13 Jan 2004,1.28924,1.29004

Week 1,20 Jan 2004,1.30433,1.30514
Week 2,27 Jan 2004,1.32316,1.32396
Week 3,03 Feb 2004,1.33166,1.33253
Week 4,10 Feb 2004,1.31967,1.32053

Week 1,17 Feb 2004,1.32676,1.32757
Week 2,24 Feb 2004,1.33510,1.33604
Week 3,02 Mar 2004,1.33090,1.33159
Week 4,09 Mar 2004,1.32659,1.32724

Week 1,16 Mar 2004,1.33304,1.33381
Week 2,23 Mar 2004,1.32733,1.32797
Week 3,30 Mar 2004,1.31067,1.31126
Week 4,06 Apr 2004,1.32214,1.32286

Week 1,13 Apr 2004,1.34213,1.34289
Week 2,20 Apr 2004,1.35681,1.35753
Week 3,27 Apr 2004,1.36514,1.36576
Week 4,04 May 2004,1.37731,1.37804

Week 1,11 May 2004,1.38907,1.38977
Week 2,18 May 2004,1.37803,1.37864
Week 3,25 May 2004,1.36520,1.36589
Week 4,01 Jun 2004,1.35754,1.35816

Week 1,08 Jun 2004,1.35806,1.35884
Week 2,15 Jun 2004,1.36810,1.36881
Week 3,22 Jun 2004,1.35857,1.35917
Week 4,29 Jun 2004,1.33237,1.33317

Week 1,06 Jul 2004,1.32064,1.32140
Week 2,13 Jul 2004,1.31557,1.31621
Week 3,20 Jul 2004,1.31736,1.31806
Week 4,27 Jul 2004,1.32974,1.33031

Week 1,03 Aug 2004,1.31729,1.31796
Week 2,10 Aug 2004,1.31870,1.31944
Week 3,17 Aug 2004,1.30160,1.30221
Week 4,24 Aug 2004,1.30936,1.31000

Week 1,31 Aug 2004,1.30509,1.30600
Week 2,07 Sep 2004,1.29060,1.29120
Week 3,14 Sep 2004,1.29716,1.29773
Week 4,21 Sep 2004,1.28104,1.28164

Week 1,28 Sep 2004,1.26520,1.26581
Week 2,05 Oct 2004,1.25847,1.25893
Week 3,12 Oct 2004,1.25477,1.25534
Week 4,19 Oct 2004,1.24340,1.24390

Week 1,26 Oct 2004,1.22131,1.22211
Week 2,02 Nov 2004,1.20726,1.20789
Week 3,09 Nov 2004,1.19451,1.19509
Week 4,16 Nov 2004,1.19594,1.19654

Week 1,23 Nov 2004,1.18003,1.18064
Week 2,30 Nov 2004,1.18884,1.18937
Week 3,07 Dec 2004,1.21660,1.21741
Week 4,14 Dec 2004,1.22880,1.22944

Week 1,21 Dec 2004,1.23164,1.23226
Week 2,28 Dec 2004,1.20767,1.20834
Week 3,04 Jan 2005,1.22646,1.22699
Week 4,11 Jan 2005,1.21276,1.21341

Week 1,18 Jan 2005,1.22236,1.22311
Week 2,25 Jan 2005,1.23559,1.23617
Week 3,01 Feb 2005,1.24310,1.24371
Week 4,08 Feb 2005,1.24313,1.24370

Week 1,15 Feb 2005,1.23171,1.23233
Week 2,22 Feb 2005,1.23587,1.23646
Week 3,01 Mar 2005,1.23527,1.23591
Week 4,08 Mar 2005,1.20967,1.21026

Week 1,15 Mar 2005,1.20321,1.20391
Week 2,22 Mar 2005,1.21490,1.21549
Week 3,29 Mar 2005,1.21423,1.21480
Week 4,05 Apr 2005,1.22419,1.22487

Week 1,12 Apr 2005,1.24124,1.24200
Week 2,19 Apr 2005,1.23759,1.23821
Week 3,26 Apr 2005,1.25119,1.25190
Week 4,03 May 2005,1.24601,1.24663

Week 1,10 May 2005,1.25260,1.25329
Week 2,17 May 2005,1.26404,1.26477
Week 3,24 May 2005,1.25854,1.25913
Week 4,31 May 2005,1.24914,1.24976

Week 1,07 Jun 2005,1.24986,1.25050
Week 2,14 Jun 2005,1.23839,1.23900
Week 3,21 Jun 2005,1.23304,1.23361
Week 4,28 Jun 2005,1.23459,1.23513

Week 1,05 Jul 2005,1.22944,1.23013
Week 2,12 Jul 2005,1.21409,1.21467
Week 3,19 Jul 2005,1.21846,1.21924
Week 4,26 Jul 2005,1.22660,1.22726

Week 1,02 Aug 2005,1.21494,1.21553
Week 2,09 Aug 2005,1.20396,1.20479
Week 3,16 Aug 2005,1.20867,1.20930
Week 4,23 Aug 2005,1.19679,1.19750

Week 1,30 Aug 2005,1.18923,1.18981
Week 2,06 Sep 2005,1.18253,1.18323
Week 3,13 Sep 2005,1.18096,1.18163
Week 4,20 Sep 2005,1.17020,1.17081

Week 1,27 Sep 2005,1.16854,1.16924
Week 2,04 Oct 2005,1.17460,1.17524
Week 3,11 Oct 2005,1.17999,1.18071
Week 4,18 Oct 2005,1.18163,1.18220

Week 1,25 Oct 2005,1.17649,1.17707
Week 2,01 Nov 2005,1.18000,1.18059
Week 3,08 Nov 2005,1.18823,1.18904
Week 4,15 Nov 2005,1.18896,1.18960

Week 1,22 Nov 2005,1.17297,1.17349
Week 2,29 Nov 2005,1.16689,1.16748
Week 3,06 Dec 2005,1.15876,1.15935
Week 4,13 Dec 2005,1.15440,1.15499

Week 1,20 Dec 2005,1.16533,1.16592
Week 2,27 Dec 2005,1.16577,1.16643
Week 3,03 Jan 2006,1.16153,1.16228
Week 4,10 Jan 2006,1.16294,1.16353

Week 1,17 Jan 2006,1.16018,1.16075
Week 2,24 Jan 2006,1.15062,1.15105
Week 3,31 Jan 2006,1.14422,1.14470
Week 4,07 Feb 2006,1.14939,1.14998

Week 1,14 Feb 2006,1.15434,1.15494
Week 2,21 Feb 2006,1.14895,1.14954
Week 3,28 Feb 2006,1.13668,1.13711
Week 4,07 Mar 2006,1.15264,1.15322

Week 1,14 Mar 2006,1.15721,1.15780
Week 2,21 Mar 2006,1.16523,1.16582
Week 3,28 Mar 2006,1.16770,1.16828
Week 4,04 Apr 2006,1.15883,1.15941

Week 1,11 Apr 2006,1.14868,1.14928
Week 2,18 Apr 2006,1.14013,1.14072
Week 3,25 Apr 2006,1.12626,1.12685
Week 4,02 May 2006,1.10851,1.10915

Week 1,09 May 2006,1.10568,1.10631
Week 2,16 May 2006,1.11484,1.11550
Week 3,23 May 2006,1.11333,1.11399
Week 4,30 May 2006,1.10168,1.10233

Week 1,06 Jun 2006,1.10968,1.11012
Week 2,13 Jun 2006,1.11321,1.11381
Week 3,20 Jun 2006,1.11880,1.11939
Week 4,27 Jun 2006,1.11829,1.11888

Week 1,04 Jul 2006,1.11189,1.11250
Week 2,11 Jul 2006,1.12811,1.12870
Week 3,18 Jul 2006,1.13478,1.13520
Week 4,25 Jul 2006,1.13581,1.13621

Week 1,01 Aug 2006,1.12789,1.12847
Week 2,08 Aug 2006,1.12286,1.12345
Week 3,15 Aug 2006,1.12332,1.12392
Week 4,22 Aug 2006,1.11251,1.11312

Week 1,29 Aug 2006,1.10655,1.10715
Week 2,05 Sep 2006,1.11206,1.11266
Week 3,12 Sep 2006,1.11912,1.11971
Week 4,19 Sep 2006,1.12019,1.12078

Week 1,26 Sep 2006,1.11509,1.11568
Week 2,03 Oct 2006,1.12312,1.12364
Week 3,10 Oct 2006,1.13313,1.13372
Week 4,17 Oct 2006,1.13209,1.13268

Week 1,24 Oct 2006,1.12367,1.12426
Week 2,31 Oct 2006,1.12816,1.12875
Week 3,07 Nov 2006,1.13020,1.13079
Week 4,14 Nov 2006,1.14068,1.14126

Week 1,21 Nov 2006,1.14036,1.14095
Week 2,28 Nov 2006,1.13825,1.13884
Week 3,05 Dec 2006,1.14616,1.14674
Week 4,12 Dec 2006,1.15394,1.15453

Week 1,19 Dec 2006,1.15484,1.15544
Week 2,26 Dec 2006,1.16135,1.16208
Week 3,02 Jan 2007,1.17024,1.17092
Week 4,09 Jan 2007,1.17366,1.17425

Week 1,16 Jan 2007,1.17185,1.17244
Week 2,23 Jan 2007,1.17931,1.17990
Week 3,30 Jan 2007,1.18119,1.18178
Week 4,06 Feb 2007,1.17968,1.18026

Week 1,13 Feb 2007,1.16670,1.16729
Week 2,20 Feb 2007,1.16247,1.16306
Week 3,27 Feb 2007,1.16959,1.17001
Week 4,06 Mar 2007,1.17610,1.17669

Week 1,13 Mar 2007,1.17387,1.17446
Week 2,20 Mar 2007,1.16344,1.16403
Week 3,27 Mar 2007,1.15707,1.15766
Week 4,03 Apr 2007,1.15382,1.15442

Week 1,10 Apr 2007,1.14208,1.14268
Week 2,17 Apr 2007,1.12807,1.12865
Week 3,24 Apr 2007,1.11885,1.11944
Week 4,01 May 2007,1.10887,1.10946

Week 1,08 May 2007,1.10752,1.10810
Week 2,15 May 2007,1.09798,1.09852
Week 3,22 May 2007,1.08329,1.08383
Week 4,29 May 2007,1.07017,1.07070

Week 1,05 Jun 2007,1.06008,1.06061
Week 2,12 Jun 2007,1.06561,1.06614
Week 3,19 Jun 2007,1.06841,1.06895
Week 4,26 Jun 2007,1.06645,1.06697

Week 1,03 Jul 2007,1.05501,1.05555
Week 2,10 Jul 2007,1.04938,1.04990
Week 3,17 Jul 2007,1.04528,1.04581
Week 4,24 Jul 2007,1.05095,1.05149

Week 1,31 Jul 2007,1.05968,1.06021
Week 2,07 Aug 2007,1.05359,1.05411
Week 3,14 Aug 2007,1.06482,1.06539
Week 4,21 Aug 2007,1.05618,1.05672

Week 1,28 Aug 2007,1.05681,1.05733
Week 2,04 Sep 2007,1.05327,1.05380
Week 3,11 Sep 2007,1.03865,1.03917
Week 4,18 Sep 2007,1.01087,1.01141

Week 1,25 Sep 2007,0.99899,0.99952
Week 2,02 Oct 2007,0.99076,0.99130
Week 3,09 Oct 2007,0.97835,0.97889
Week 4,16 Oct 2007,0.97235,0.97288

Week 1,23 Oct 2007,0.96673,0.96726
Week 2,30 Oct 2007,0.94630,0.94670
Week 3,06 Nov 2007,0.93282,0.93336
Week 4,13 Nov 2007,0.96695,0.96752

Week 1,20 Nov 2007,0.98417,0.98473
Week 2,27 Nov 2007,0.99369,0.99419
Week 3,04 Dec 2007,1.00722,1.00780
Week 4,11 Dec 2007,1.01313,1.01369

Week 1,18 Dec 2007,1.00104,1.00162
Week 2,25 Dec 2007,0.98325,0.98399
Week 3,01 Jan 2008,0.99400,0.99472
Week 4,08 Jan 2008,1.00994,1.01048

Week 1,15 Jan 2008,1.02295,1.02348
Week 2,22 Jan 2008,1.01837,1.01891
Week 3,29 Jan 2008,0.99893,0.99948
Week 4,05 Feb 2008,1.00136,1.00192

Week 1,12 Feb 2008,1.00142,1.00195
Week 2,19 Feb 2008,1.01132,1.01186
Week 3,26 Feb 2008,0.98729,0.98783
Week 4,04 Mar 2008,0.98848,0.98902

Week 1,11 Mar 2008,0.98928,0.98982
Week 2,18 Mar 2008,1.01017,1.01079
Week 3,25 Mar 2008,1.01963,1.02020
Week 4,01 Apr 2008,1.01482,1.01538

Week 1,08 Apr 2008,1.01778,1.01832
Week 2,15 Apr 2008,1.01058,1.01111
Week 3,22 Apr 2008,1.01187,1.01240
Week 4,29 Apr 2008,1.01479,1.01534

Week 1,06 May 2008,1.00883,1.00937
Week 2,13 May 2008,1.00195,1.00248
Week 3,20 May 2008,0.98934,0.98989
Week 4,27 May 2008,0.99136,0.99191

Week 1,03 Jun 2008,1.01176,1.01225
Week 2,10 Jun 2008,1.02439,1.02495
Week 3,17 Jun 2008,1.01856,1.01911
Week 4,24 Jun 2008,1.01199,1.01253

Week 1,01 Jul 2008,1.01719,1.01773
Week 2,08 Jul 2008,1.01318,1.01372
Week 3,15 Jul 2008,1.00432,1.00485
Week 4,22 Jul 2008,1.01157,1.01213

Week 1,29 Jul 2008,1.02430,1.02487
Week 2,05 Aug 2008,1.05051,1.05104
Week 3,12 Aug 2008,1.06341,1.06394
Week 4,19 Aug 2008,1.05404,1.05449

Week 1,26 Aug 2008,1.05314,1.05367
Week 2,02 Sep 2008,1.06508,1.06562
Week 3,09 Sep 2008,1.06573,1.06628
Week 4,16 Sep 2008,1.06000,1.06064

Week 1,23 Sep 2008,1.03561,1.03620
Week 2,30 Sep 2008,1.06576,1.06639
Week 3,07 Oct 2008,1.13563,1.13647
Week 4,14 Oct 2008,1.17313,1.17405

Week 1,21 Oct 2008,1.24308,1.24385
Week 2,28 Oct 2008,1.24012,1.24152
Week 3,04 Nov 2008,1.18143,1.18233
Week 4,11 Nov 2008,1.21593,1.21688

Week 1,18 Nov 2008,1.25358,1.25450
Week 2,25 Nov 2008,1.23834,1.23934
Week 3,02 Dec 2008,1.26008,1.26099
Week 4,09 Dec 2008,1.25157,1.25223

Week 1,16 Dec 2008,1.21536,1.21630
Week 2,23 Dec 2008,1.21737,1.21867
Week 3,30 Dec 2008,1.21456,1.21607
Week 4,06 Jan 2009,1.18997,1.19074

Week 1,13 Jan 2009,1.23222,1.23293
Week 2,20 Jan 2009,1.24891,1.24966
Week 3,27 Jan 2009,1.22544,1.22622
Week 4,03 Feb 2009,1.23077,1.23152

Week 1,10 Feb 2009,1.23501,1.23575
Week 2,17 Feb 2009,1.25364,1.25439
Week 3,24 Feb 2009,1.25806,1.25877
Week 4,03 Mar 2009,1.28534,1.28604

Week 1,10 Mar 2009,1.28094,1.28164
Week 2,17 Mar 2009,1.25274,1.25349
Week 3,24 Mar 2009,1.23311,1.23385
Week 4,31 Mar 2009,1.24543,1.24612

Week 1,07 Apr 2009,1.23132,1.23204
Week 2,14 Apr 2009,1.21388,1.21457
Week 3,21 Apr 2009,1.22480,1.22540
Week 4,28 Apr 2009,1.20009,1.20074

Week 1,05 May 2009,1.16561,1.16625
Week 2,12 May 2009,1.16863,1.16928
Week 3,19 May 2009,1.14137,1.14202
Week 4,26 May 2009,1.10918,1.10982

Week 1,02 Jun 2009,1.10144,1.10209
Week 2,09 Jun 2009,1.11228,1.11299
Week 3,16 Jun 2009,1.13182,1.13255
Week 4,23 Jun 2009,1.15087,1.15156

Week 1,30 Jun 2009,1.15734,1.15802
Week 2,07 Jul 2009,1.16267,1.16333
Week 3,14 Jul 2009,1.12787,1.12855
Week 4,21 Jul 2009,1.09603,1.09668

Week 1,28 Jul 2009,1.08137,1.08206
Week 2,04 Aug 2009,1.07531,1.07596
Week 3,11 Aug 2009,1.09255,1.09322
Week 4,18 Aug 2009,1.09348,1.09417

Week 1,25 Aug 2009,1.08739,1.08799
Week 2,01 Sep 2009,1.09597,1.09663
Week 3,08 Sep 2009,1.07773,1.07834
Week 4,15 Sep 2009,1.07231,1.07290

Week 1,22 Sep 2009,1.08086,1.08151
Week 2,29 Sep 2009,1.08176,1.08227
Week 3,06 Oct 2009,1.05538,1.05601
Week 4,13 Oct 2009,1.03351,1.03407

Week 1,20 Oct 2009,1.04607,1.04658
Week 2,27 Oct 2009,1.07272,1.07325
Week 3,03 Nov 2009,1.07165,1.07220
Week 4,10 Nov 2009,1.05293,1.05345

Week 1,17 Nov 2009,1.05988,1.06039
Week 2,24 Nov 2009,1.05901,1.05953
Week 3,01 Dec 2009,1.05323,1.05373
Week 4,08 Dec 2009,1.05663,1.05715

Week 1,15 Dec 2009,1.06401,1.06453
Week 2,22 Dec 2009,1.05309,1.05374
Week 3,29 Dec 2009,1.04921,1.05027
Week 4,05 Jan 2010,1.03492,1.03545

Week 1,12 Jan 2010,1.03043,1.03094
Week 2,19 Jan 2010,1.04412,1.04467
Week 3,26 Jan 2010,1.06419,1.06468
Week 4,02 Feb 2010,1.06649,1.06700

Week 1,09 Feb 2010,1.05949,1.05996
Week 2,16 Feb 2010,1.04389,1.04448
Week 3,23 Feb 2010,1.05156,1.05214
Week 4,02 Mar 2010,1.03356,1.03413

Week 1,09 Mar 2010,1.02347,1.02404
Week 2,16 Mar 2010,1.01521,1.01584
Week 3,23 Mar 2010,1.02263,1.02319
Week 4,30 Mar 2010,1.01400,1.01457

Week 1,06 Apr 2010,1.00277,1.00336
Week 2,13 Apr 2010,1.00527,1.00585
Week 3,20 Apr 2010,1.00257,1.00300
Week 4,27 Apr 2010,1.00978,1.01037

Week 1,04 May 2010,1.03301,1.03360
Week 2,11 May 2010,1.02565,1.02622
Week 3,18 May 2010,1.05092,1.05149
Week 4,25 May 2010,1.05919,1.05978

Week 1,01 Jun 2010,1.05050,1.05108
Week 2,08 Jun 2010,1.04145,1.04202
Week 3,15 Jun 2010,1.02566,1.02617
Week 4,22 Jun 2010,1.03247,1.03305

Week 1,29 Jun 2010,1.05522,1.05581
Week 2,06 Jul 2010,1.04599,1.04658
Week 3,13 Jul 2010,1.04241,1.04299
Week 4,20 Jul 2010,1.04234,1.04292

Week 1,27 Jul 2010,1.03208,1.03271
Week 2,03 Aug 2010,1.02276,1.02336
Week 3,10 Aug 2010,1.03833,1.03891
Week 4,17 Aug 2010,1.04017,1.04075

Week 1,24 Aug 2010,1.05466,1.05523
Week 2,31 Aug 2010,1.04975,1.05033
Week 3,07 Sep 2010,1.03727,1.03785
Week 4,14 Sep 2010,1.02911,1.02968

Week 1,21 Sep 2010,1.02766,1.02825
Week 2,28 Sep 2010,1.02564,1.02622
Week 3,05 Oct 2010,1.01480,1.01538
Week 4,12 Oct 2010,1.00853,1.00911

Week 1,19 Oct 2010,1.02422,1.02479
Week 2,26 Oct 2010,1.02177,1.02233
Week 3,02 Nov 2010,1.00616,1.00667
Week 4,09 Nov 2010,1.00607,1.00657

Week 1,16 Nov 2010,1.01678,1.01728
Week 2,23 Nov 2010,1.01709,1.01759
Week 3,30 Nov 2010,1.01232,1.01282
Week 4,07 Dec 2010,1.00835,1.00884

Week 1,14 Dec 2010,1.00858,1.00908
Week 2,21 Dec 2010,1.01176,1.01230
Week 3,28 Dec 2010,1.00039,1.00093
Week 4,04 Jan 2011,0.99465,0.99515

Week 1,11 Jan 2011,0.99042,0.99092
Week 2,18 Jan 2011,0.99229,0.99278
Week 3,25 Jan 2011,0.99690,0.99738
Week 4,01 Feb 2011,0.99114,0.99163

Week 1,08 Feb 2011,0.99089,0.99139
Week 2,15 Feb 2011,0.98613,0.98662
Week 3,22 Feb 2011,0.98301,0.98352
Week 4,01 Mar 2011,0.97320,0.97365

Week 1,08 Mar 2011,0.97221,0.97271
Week 2,15 Mar 2011,0.98305,0.98357
Week 3,22 Mar 2011,0.97924,0.97973
Week 4,29 Mar 2011,0.97012,0.97060

Week 1,05 Apr 2011,0.95959,0.96017
Week 2,12 Apr 2011,0.95977,0.96026
Week 3,19 Apr 2011,0.95557,0.95607
Week 4,26 Apr 2011,0.94942,0.94992

Week 1,03 May 2011,0.95889,0.95939
Week 2,10 May 2011,0.96381,0.96430
Week 3,17 May 2011,0.97178,0.97227
Week 4,24 May 2011,0.97697,0.97746

Week 1,31 May 2011,0.97550,0.97599
Week 2,07 Jun 2011,0.97797,0.97846
Week 3,14 Jun 2011,0.97763,0.97811
Week 4,21 Jun 2011,0.98045,0.98094

Week 1,28 Jun 2011,0.97073,0.97122
Week 2,05 Jul 2011,0.96159,0.96207
Week 3,12 Jul 2011,0.95993,0.96043
Week 4,19 Jul 2011,0.94987,0.95036

Week 1,26 Jul 2011,0.94967,0.95014
Week 2,02 Aug 2011,0.96878,0.96966
Week 3,09 Aug 2011,0.98777,0.98829
Week 4,16 Aug 2011,0.98622,0.98670

Week 1,23 Aug 2011,0.98567,0.98614
Week 2,30 Aug 2011,0.97992,0.98039
Week 3,06 Sep 2011,0.99086,0.99134
Week 4,13 Sep 2011,0.98663,0.98712

Week 1,20 Sep 2011,1.01074,1.01125
Week 2,27 Sep 2011,1.03584,1.03634
Week 3,04 Oct 2011,1.04465,1.04514
Week 4,11 Oct 2011,1.01983,1.02030

Week 1,18 Oct 2011,1.01309,1.01357
Week 2,25 Oct 2011,0.99960,1.00008
Week 3,01 Nov 2011,1.01224,1.01271
Week 4,08 Nov 2011,1.01492,1.01539

Week 1,15 Nov 2011,1.02346,1.02394
Week 2,22 Nov 2011,1.04292,1.04339
Week 3,29 Nov 2011,1.02376,1.02423
Week 4,06 Dec 2011,1.01566,1.01613

Week 1,13 Dec 2011,1.03325,1.03370
Week 2,20 Dec 2011,1.02616,1.02662
Week 3,27 Dec 2011,1.02072,1.02127
Week 4,03 Jan 2012,1.01969,1.02024

Week 1,10 Jan 2012,1.02122,1.02167
Week 2,17 Jan 2012,1.01413,1.01458
Week 3,24 Jan 2012,1.00535,1.00580
Week 4,31 Jan 2012,0.99824,0.99868

Week 1,07 Feb 2012,0.99754,0.99798
Week 2,14 Feb 2012,0.99807,0.99852
Week 3,21 Feb 2012,0.99712,0.99756
Week 4,28 Feb 2012,0.99147,0.99192

Week 1,06 Mar 2012,0.99366,0.99410
Week 2,13 Mar 2012,0.99148,0.99193
Week 3,20 Mar 2012,0.99436,0.99480
Week 4,27 Mar 2012,0.99659,0.99704

Week 1,03 Apr 2012,0.99460,0.99506
Week 2,10 Apr 2012,0.99898,0.99945
Week 3,17 Apr 2012,0.99338,0.99384
Week 4,24 Apr 2012,0.98523,0.98569

Week 1,01 May 2012,0.98910,0.98955
Week 2,08 May 2012,0.99948,0.99994
Week 3,15 May 2012,1.01291,1.01336
Week 4,22 May 2012,1.02453,1.02498

Week 1,29 May 2012,1.03184,1.03230
Week 2,05 Jun 2012,1.03184,1.03231
Week 3,12 Jun 2012,1.02463,1.02509
Week 4,19 Jun 2012,1.02292,1.02339

Week 1,26 Jun 2012,1.02352,1.02399
Week 2,03 Jul 2012,1.01616,1.01648
Week 3,10 Jul 2012,1.01784,1.01816
Week 4,17 Jul 2012,1.01205,1.01233

Week 1,24 Jul 2012,1.01157,1.01187
Week 2,31 Jul 2012,1.00260,1.00289
Week 3,07 Aug 2012,0.99474,0.99503
Week 4,14 Aug 2012,0.98993,0.99023

Week 1,21 Aug 2012,0.99065,0.99096
Week 2,28 Aug 2012,0.98869,0.98900
Week 3,04 Sep 2012,0.98357,0.98388
Week 4,11 Sep 2012,0.97303,0.97334

Week 1,18 Sep 2012,0.97508,0.97544
Week 2,25 Sep 2012,0.98150,0.98180
Week 3,02 Oct 2012,0.98172,0.98203
Week 4,09 Oct 2012,0.97872,0.97903

Week 1,16 Oct 2012,0.98580,0.98610
Week 2,23 Oct 2012,0.99449,0.99477
Week 3,30 Oct 2012,0.99788,0.99817
Week 4,06 Nov 2012,0.99752,0.99781

Week 1,13 Nov 2012,1.00103,1.00131
Week 2,20 Nov 2012,0.99583,0.99611
Week 3,27 Nov 2012,0.99330,0.99359
Week 4,04 Dec 2012,0.99113,0.99140

Week 1,11 Dec 2012,0.98562,0.98589
Week 2,18 Dec 2012,0.98878,0.98906
Week 3,25 Dec 2012,0.99387,0.99409
Week 4,01 Jan 2013,0.98936,0.98963

Week 1,08 Jan 2013,0.98548,0.98580
Week 2,15 Jan 2013,0.98739,0.98774
Week 3,22 Jan 2013,0.99929,0.99957
Week 4,29 Jan 2013,1.00100,1.00128

Week 1,05 Feb 2013,0.99865,0.99904
Week 2,12 Feb 2013,1.00417,1.00444
Week 3,19 Feb 2013,1.01619,1.01649
Week 4,26 Feb 2013,1.02617,1.02641

Week 1,05 Mar 2013,1.02865,1.02891
Week 2,12 Mar 2013,1.02371,1.02397
Week 3,19 Mar 2013,1.02384,1.02411
Week 4,26 Mar 2013,1.01783,1.01824

Week 1,02 Apr 2013,1.01571,1.01603
Week 2,09 Apr 2013,1.01420,1.01460
Week 3,16 Apr 2013,1.02418,1.02450
Week 4,23 Apr 2013,1.02181,1.02215

Week 1,30 Apr 2013,1.00923,1.00956
Week 2,07 May 2013,1.00711,1.00748
Week 3,14 May 2013,1.01988,1.02017
Week 4,21 May 2013,1.03058,1.03114

Week 1,28 May 2013,1.03527,1.03585
Week 2,04 Jun 2013,1.02784,1.02827
Week 3,11 Jun 2013,1.01825,1.01866
Week 4,18 Jun 2013,1.03159,1.03210

Week 1,25 Jun 2013,1.04959,1.05005
Week 2,02 Jul 2013,1.05391,1.05447
Week 3,09 Jul 2013,1.04556,1.04581
Week 4,16 Jul 2013,1.03884,1.03929

Week 1,23 Jul 2013,1.02978,1.03024
Week 2,30 Jul 2013,1.03262,1.03311
Week 3,06 Aug 2013,1.03465,1.03509
Week 4,13 Aug 2013,1.03240,1.03282

Week 1,20 Aug 2013,1.04490,1.04536
Week 2,27 Aug 2013,1.05148,1.05201
Week 3,03 Sep 2013,1.04756,1.04815
Week 4,10 Sep 2013,1.03480,1.03514

Week 1,17 Sep 2013,1.02882,1.02905
Week 2,24 Sep 2013,1.03018,1.03068
Week 3,01 Oct 2013,1.03131,1.03154
Week 4,08 Oct 2013,1.03556,1.03609

Week 1,15 Oct 2013,1.03191,1.03235
Week 2,22 Oct 2013,1.03764,1.03810
Week 3,29 Oct 2013,1.04392,1.04429
Week 4,05 Nov 2013,1.04475,1.04503

Week 1,12 Nov 2013,1.04645,1.04689
Week 2,19 Nov 2013,1.04812,1.04849
Week 3,26 Nov 2013,1.05782,1.05824
Week 4,03 Dec 2013,1.06465,1.06508

Week 1,10 Dec 2013,1.06110,1.06146
Week 2,17 Dec 2013,1.06340,1.06383
Week 3,24 Dec 2013,1.06501,1.06547
Week 4,31 Dec 2013,1.06424,1.06472

Week 1,07 Jan 2014,1.08020,1.08069
Week 2,14 Jan 2014,1.09348,1.09396
Week 3,21 Jan 2014,1.10431,1.10475
Week 4,28 Jan 2014,1.11320,1.11378

Week 1,04 Feb 2014,1.10630,1.10668
Week 2,11 Feb 2014,1.09997,1.10054
Week 3,18 Feb 2014,1.10455,1.10513
Week 4,25 Feb 2014,1.10893,1.10945

Week 1,04 Mar 2014,1.10622,1.10670
Week 2,11 Mar 2014,1.10989,1.11041
Week 3,18 Mar 2014,1.11752,1.11779
Week 4,25 Mar 2014,1.11114,1.11142

Week 1,01 Apr 2014,1.10165,1.10190
Week 2,08 Apr 2014,1.09474,1.09509
Week 3,15 Apr 2014,1.09998,1.10047
Week 4,22 Apr 2014,1.10288,1.10315

Week 1,29 Apr 2014,1.09798,1.09824
Week 2,06 May 2014,1.09001,1.09045
Week 3,13 May 2014,1.08798,1.08835
Week 4,20 May 2014,1.08828,1.08861

Week 1,27 May 2014,1.08503,1.08547
Week 2,03 Jun 2014,1.09172,1.09209
Week 3,10 Jun 2014,1.08771,1.08798
Week 4,17 Jun 2014,1.08152,1.08187

Week 1,24 Jun 2014,1.07023,1.07062
Week 2,01 Jul 2014,1.06531,1.06559
Week 3,08 Jul 2014,1.06846,1.06878
Week 4,15 Jul 2014,1.07391,1.07417

Week 1,22 Jul 2014,1.07603,1.07659
Week 2,29 Jul 2014,1.08778,1.08812
Week 3,05 Aug 2014,1.09441,1.09467
Week 4,12 Aug 2014,1.09154,1.09200

Week 1,19 Aug 2014,1.09318,1.09368
Week 2,26 Aug 2014,1.08989,1.09026
Week 3,02 Sep 2014,1.08854,1.08886
Week 4,09 Sep 2014,1.10134,1.10175

Week 1,16 Sep 2014,1.09899,1.09927
Week 2,23 Sep 2014,1.10877,1.10907
Week 3,30 Sep 2014,1.11906,1.11948
Week 4,07 Oct 2014,1.11772,1.11822

Week 1,14 Oct 2014,1.12604,1.12658
Week 2,21 Oct 2014,1.12404,1.12431
Week 3,28 Oct 2014,1.12226,1.12260
Week 4,04 Nov 2014,1.13638,1.13671

Week 1,11 Nov 2014,1.13251,1.13282
Week 2,18 Nov 2014,1.12837,1.12874
Week 3,25 Nov 2014,1.13225,1.13269
Week 4,02 Dec 2014,1.13959,1.14008

Week 1,09 Dec 2014,1.15078,1.15111
Week 2,16 Dec 2014,1.16111,1.16141
Week 3,23 Dec 2014,1.16198,1.16261
Week 4,30 Dec 2014,1.16703,1.16747

Week 1,06 Jan 2015,1.18243,1.18299
Week 2,13 Jan 2015,1.19555,1.19615
Week 3,20 Jan 2015,1.22431,1.22495
Week 4,27 Jan 2015,1.25701,1.25762

Week 1,03 Feb 2015,1.25281,1.25339
Week 2,10 Feb 2015,1.25069,1.25130
Week 3,17 Feb 2015,1.24730,1.24770
Week 4,24 Feb 2015,1.25069,1.25142

Week 1,03 Mar 2015,1.25294,1.25327
Week 2,10 Mar 2015,1.27068,1.27117
Week 3,17 Mar 2015,1.26755,1.26794
Week 4,24 Mar 2015,1.25399,1.25437

Week 1,31 Mar 2015,1.25831,1.25909
Week 2,07 Apr 2015,1.25316,1.25361
Week 3,14 Apr 2015,1.23629,1.23683
Week 4,21 Apr 2015,1.22049,1.22095

Week 1,28 Apr 2015,1.21010,1.21052
Week 2,05 May 2015,1.20836,1.20890
Week 3,12 May 2015,1.20189,1.20220
Week 4,19 May 2015,1.22073,1.22129

Week 1,26 May 2015,1.24146,1.24185
Week 2,02 Jun 2015,1.24592,1.24638
Week 3,09 Jun 2015,1.23304,1.23339
Week 4,16 Jun 2015,1.22750,1.22817

Week 1,23 Jun 2015,1.23260,1.23316
Week 2,30 Jun 2015,1.25095,1.25172
Week 3,07 Jul 2015,1.26801,1.26876
Week 4,14 Jul 2015,1.28741,1.28771

Week 1,21 Jul 2015,1.30130,1.30177
Week 2,28 Jul 2015,1.30177,1.30219
Week 3,04 Aug 2015,1.31425,1.31475
Week 4,11 Aug 2015,1.30722,1.30753

Week 1,18 Aug 2015,1.31220,1.31275
Week 2,25 Aug 2015,1.32378,1.32423
Week 3,01 Sep 2015,1.32387,1.32420
Week 4,08 Sep 2015,1.32492,1.32570

Week 1,15 Sep 2015,1.32109,1.32146
Week 2,22 Sep 2015,1.32967,1.33027
Week 3,29 Sep 2015,1.32792,1.32826
Week 4,06 Oct 2015,1.30159,1.30195

Week 1,13 Oct 2015,1.29350,1.29438
Week 2,20 Oct 2015,1.30753,1.30793
Week 3,27 Oct 2015,1.31509,1.31546
Week 4,03 Nov 2015,1.31779,1.31802

Week 1,10 Nov 2015,1.32902,1.32931
Week 2,17 Nov 2015,1.33190,1.33249
Week 3,24 Nov 2015,1.33394,1.33437
Week 4,01 Dec 2015,1.33571,1.33599

Week 1,08 Dec 2015,1.36135,1.36166
Week 2,15 Dec 2015,1.38420,1.38450
Week 3,22 Dec 2015,1.38827,1.38881
Week 4,29 Dec 2015,1.38524,1.38553

Week 1,05 Jan 2016,1.40631,1.40662
Week 2,12 Jan 2016,1.43620,1.43650
Week 3,19 Jan 2016,1.43598,1.43646
Week 4,26 Jan 2016,1.40789,1.40837

Week 1,02 Feb 2016,1.39021,1.39068
Week 2,09 Feb 2016,1.38908,1.38956
Week 3,16 Feb 2016,1.37773,1.37810
Week 4,23 Feb 2016,1.36402,1.36437

Week 1,01 Mar 2016,1.34167,1.34210
Week 2,08 Mar 2016,1.32893,1.32933
Week 3,15 Mar 2016,1.31354,1.31400
Week 4,22 Mar 2016,1.31781,1.31833

Week 1,29 Mar 2016,1.30613,1.30654
Week 2,05 Apr 2016,1.30646,1.30691
Week 3,12 Apr 2016,1.28453,1.28500
Week 4,19 Apr 2016,1.27146,1.27189

Week 1,26 Apr 2016,1.25917,1.25943
Week 2,03 May 2016,1.27757,1.27784
Week 3,10 May 2016,1.29128,1.29157
Week 4,17 May 2016,1.30231,1.30269

Week 1,24 May 2016,1.30594,1.30633
Week 2,31 May 2016,1.30272,1.30319
Week 3,07 Jun 2016,1.27761,1.27794
Week 4,14 Jun 2016,1.28784,1.28823

Week 1,21 Jun 2016,1.28766,1.28818
Week 2,28 Jun 2016,1.29702,1.29750
Week 3,05 Jul 2016,1.29765,1.29807
Week 4,12 Jul 2016,1.29921,1.29968

Week 1,19 Jul 2016,1.30596,1.30643
Week 2,26 Jul 2016,1.31317,1.31363
Week 3,02 Aug 2016,1.31047,1.31084
Week 4,09 Aug 2016,1.30403,1.30446

Week 1,16 Aug 2016,1.28654,1.28701
Week 2,23 Aug 2016,1.29426,1.29472
Week 3,30 Aug 2016,1.30423,1.30468
Week 4,06 Sep 2016,1.29489,1.29531

Week 1,13 Sep 2016,1.31615,1.31660
Week 2,20 Sep 2016,1.31478,1.31523
Week 3,27 Sep 2016,1.31539,1.31584
Week 4,04 Oct 2016,1.32122,1.32159

Week 1,11 Oct 2016,1.31964,1.32008
Week 2,18 Oct 2016,1.32067,1.32112
Week 3,25 Oct 2016,1.33707,1.33749
Week 4,01 Nov 2016,1.33963,1.34002

Week 1,08 Nov 2016,1.34494,1.34542
Week 2,15 Nov 2016,1.34974,1.35020
Week 3,22 Nov 2016,1.34795,1.34842
Week 4,29 Nov 2016,1.33675,1.33720

Week 1,06 Dec 2016,1.32295,1.32339
Week 2,13 Dec 2016,1.32452,1.32496
Week 3,20 Dec 2016,1.34515,1.34560
Week 4,27 Dec 2016,1.35012,1.35069

Week 1,03 Jan 2017,1.33182,1.33238
Week 2,10 Jan 2017,1.31681,1.31725
Week 3,17 Jan 2017,1.32264,1.32309
Week 4,24 Jan 2017,1.31606,1.31651

Week 1,31 Jan 2017,1.30511,1.30555
Week 2,07 Feb 2017,1.31097,1.31140
Week 3,14 Feb 2017,1.30780,1.30824
Week 4,21 Feb 2017,1.31142,1.31191

Week 1,28 Feb 2017,1.33052,1.33109
Week 2,07 Mar 2017,1.34510,1.34551
Week 3,14 Mar 2017,1.33831,1.33889
Week 4,21 Mar 2017,1.33552,1.33588

Week 1,28 Mar 2017,1.33409,1.33450
Week 2,04 Apr 2017,1.33976,1.34034
Week 3,11 Apr 2017,1.33208,1.33246
Week 4,18 Apr 2017,1.34300,1.34358

Week 1,25 Apr 2017,1.35937,1.35994
Week 2,02 May 2017,1.36890,1.36947
Week 3,09 May 2017,1.36998,1.37052
Week 4,16 May 2017,1.35841,1.35874

Week 1,23 May 2017,1.34669,1.34726
Week 2,30 May 2017,1.34808,1.34838
Week 3,06 Jun 2017,1.34753,1.34803
Week 4,13 Jun 2017,1.32635,1.32658

Week 1,20 Jun 2017,1.32593,1.32631
Week 2,27 Jun 2017,1.30723,1.30765
Week 3,04 Jul 2017,1.29378,1.29409
Week 4,11 Jul 2017,1.27674,1.27700

Week 1,18 Jul 2017,1.25944,1.25969
Week 2,25 Jul 2017,1.24831,1.24857
Week 3,01 Aug 2017,1.25746,1.25788
Week 4,08 Aug 2017,1.26852,1.26898

Week 1,15 Aug 2017,1.26534,1.26563
Week 2,22 Aug 2017,1.25278,1.25303
Week 3,29 Aug 2017,1.24772,1.24802
Week 4,05 Sep 2017,1.22444,1.22466

Week 1,12 Sep 2017,1.21681,1.21721
Week 2,19 Sep 2017,1.23018,1.23042
Week 3,26 Sep 2017,1.24237,1.24288
Week 4,03 Oct 2017,1.25157,1.25199

Week 1,10 Oct 2017,1.24886,1.24909
Week 2,17 Oct 2017,1.25449,1.25475
Week 3,24 Oct 2017,1.27602,1.27627
Week 4,31 Oct 2017,1.28178,1.28205

Week 1,07 Nov 2017,1.27134,1.27150
Week 2,14 Nov 2017,1.27498,1.27526
Week 3,21 Nov 2017,1.27389,1.27425
Week 4,28 Nov 2017,1.27722,1.27749

Week 1,05 Dec 2017,1.26972,1.26990


