ARG->BRL

Week 1,01 Dec 1998,1.20119,1.20199
Week 2,08 Dec 1998,1.20309,1.20382
Week 3,15 Dec 1998,1.20587,1.20627
Week 4,22 Dec 1998,1.20739,1.20775

Week 1,29 Dec 1998,1.20820,1.20904
Week 2,05 Jan 1999,1.20947,1.21002
Week 3,12 Jan 1999,1.37462,1.38879
Week 4,19 Jan 1999,1.62412,1.64302

Week 1,26 Jan 1999,1.95844,1.99124
Week 2,02 Feb 1999,1.81033,1.82945
Week 3,09 Feb 1999,1.90346,1.92297
Week 4,16 Feb 1999,1.91775,1.93654

Week 1,23 Feb 1999,2.02905,2.04209
Week 2,02 Mar 1999,2.04684,2.06201
Week 3,09 Mar 1999,1.89230,1.90033
Week 4,16 Mar 1999,1.85321,1.86233

Week 1,23 Mar 1999,1.79464,1.80123
Week 2,30 Mar 1999,1.71866,1.73311
Week 3,06 Apr 1999,1.71071,1.71660
Week 4,13 Apr 1999,1.66679,1.67338

Week 1,20 Apr 1999,1.69643,1.70460
Week 2,27 Apr 1999,1.67243,1.67581
Week 3,04 May 1999,1.67064,1.67274
Week 4,11 May 1999,1.65543,1.65776

Week 1,18 May 1999,1.68657,1.68955
Week 2,25 May 1999,1.72714,1.72920
Week 3,01 Jun 1999,1.72700,1.73035
Week 4,08 Jun 1999,1.75586,1.75864

Week 1,15 Jun 1999,1.76529,1.76849
Week 2,22 Jun 1999,1.78936,1.79222
Week 3,29 Jun 1999,1.77621,1.77907
Week 4,06 Jul 1999,1.79057,1.79300

Week 1,13 Jul 1999,1.80486,1.80772
Week 2,20 Jul 1999,1.80643,1.80865
Week 3,27 Jul 1999,1.80043,1.80336
Week 4,03 Aug 1999,1.82500,1.82837

Week 1,10 Aug 1999,1.85729,1.86009
Week 2,17 Aug 1999,1.89629,1.90152
Week 3,24 Aug 1999,1.92557,1.92964
Week 4,31 Aug 1999,1.92140,1.92499

Week 1,07 Sep 1999,1.88144,1.88489
Week 2,14 Sep 1999,1.88123,1.88375
Week 3,21 Sep 1999,1.90124,1.90383
Week 4,28 Sep 1999,1.93607,1.93895

Week 1,05 Oct 1999,1.93900,1.94310
Week 2,12 Oct 1999,1.93300,1.93839
Week 3,19 Oct 1999,1.98500,1.98747
Week 4,26 Oct 1999,1.96343,1.96768

Week 1,02 Nov 1999,1.92886,1.93353
Week 2,09 Nov 1999,1.93057,1.93382
Week 3,16 Nov 1999,1.93086,1.93332
Week 4,23 Nov 1999,1.92614,1.92760

Week 1,30 Nov 1999,1.92300,1.92438
Week 2,07 Dec 1999,1.87136,1.87336
Week 3,14 Dec 1999,1.82466,1.82834
Week 4,21 Dec 1999,1.82709,1.82991

Week 1,28 Dec 1999,1.81182,1.81461
Week 2,04 Jan 2000,1.83306,1.83566
Week 3,11 Jan 2000,1.81238,1.81429
Week 4,18 Jan 2000,1.78227,1.78373

Week 1,25 Jan 2000,1.78316,1.78583
Week 2,01 Feb 2000,1.77765,1.77997
Week 3,08 Feb 2000,1.77351,1.77511
Week 4,15 Feb 2000,1.77559,1.77762

Week 1,22 Feb 2000,1.77773,1.77962
Week 2,29 Feb 2000,1.75652,1.75884
Week 3,07 Mar 2000,1.74379,1.74624
Week 4,14 Mar 2000,1.73953,1.74128

Week 1,21 Mar 2000,1.73148,1.73357
Week 2,28 Mar 2000,1.74001,1.74118
Week 3,04 Apr 2000,1.74329,1.74531
Week 4,11 Apr 2000,1.76544,1.76754

Week 1,18 Apr 2000,1.77953,1.78116
Week 2,25 Apr 2000,1.80040,1.80250
Week 3,02 May 2000,1.80478,1.80705
Week 4,09 May 2000,1.82407,1.82610

Week 1,16 May 2000,1.83475,1.83606
Week 2,23 May 2000,1.84373,1.84604
Week 3,30 May 2000,1.81586,1.81791
Week 4,06 Jun 2000,1.79936,1.80144

Week 1,13 Jun 2000,1.80657,1.80874
Week 2,20 Jun 2000,1.81467,1.81679
Week 3,27 Jun 2000,1.81321,1.81478
Week 4,04 Jul 2000,1.80404,1.80606

Week 1,11 Jul 2000,1.80194,1.80405
Week 2,18 Jul 2000,1.79724,1.79952
Week 3,25 Jul 2000,1.78611,1.78817
Week 4,01 Aug 2000,1.79045,1.79224

Week 1,08 Aug 2000,1.79789,1.80002
Week 2,15 Aug 2000,1.81099,1.81269
Week 3,22 Aug 2000,1.82107,1.82310
Week 4,29 Aug 2000,1.82513,1.82640

Week 1,05 Sep 2000,1.81941,1.82165
Week 2,12 Sep 2000,1.83619,1.83727
Week 3,19 Sep 2000,1.84995,1.85137
Week 4,26 Sep 2000,1.84445,1.84642

Week 1,03 Oct 2000,1.85290,1.85494
Week 2,10 Oct 2000,1.86300,1.86490
Week 3,17 Oct 2000,1.87773,1.87963
Week 4,24 Oct 2000,1.91602,1.91809

Week 1,31 Oct 2000,1.92574,1.92824
Week 2,07 Nov 2000,1.95540,1.95733
Week 3,14 Nov 2000,1.95655,1.95876
Week 4,21 Nov 2000,1.94253,1.94457

Week 1,28 Nov 2000,1.97087,1.97265
Week 2,05 Dec 2000,1.96953,1.97163
Week 3,12 Dec 2000,1.96460,1.96608
Week 4,19 Dec 2000,1.95753,1.95943

Week 1,26 Dec 2000,1.95521,1.95730
Week 2,02 Jan 2001,1.94777,1.94910
Week 3,09 Jan 2001,1.94864,1.95084
Week 4,16 Jan 2001,1.95461,1.95665

Week 1,23 Jan 2001,1.96826,1.97021
Week 2,30 Jan 2001,1.98014,1.98247
Week 3,06 Feb 2001,1.99181,1.99347
Week 4,13 Feb 2001,1.99332,1.99521

Week 1,20 Feb 2001,2.02869,2.03041
Week 2,27 Feb 2001,2.03382,2.03648
Week 3,06 Mar 2001,2.03910,2.04093
Week 4,13 Mar 2001,2.09675,2.09931

Week 1,20 Mar 2001,2.15091,2.15290
Week 2,27 Mar 2001,2.14275,2.14456
Week 3,03 Apr 2001,2.16648,2.16841
Week 4,10 Apr 2001,2.15263,2.15512

Week 1,17 Apr 2001,2.22314,2.22472
Week 2,24 Apr 2001,2.23700,2.23953
Week 3,01 May 2001,2.21242,2.21407
Week 4,08 May 2001,2.26139,2.26371

Week 1,15 May 2001,2.31383,2.31600
Week 2,22 May 2001,2.33765,2.33970
Week 3,29 May 2001,2.36122,2.36266
Week 4,05 Jun 2001,2.37122,2.37288

Week 1,12 Jun 2001,2.41081,2.41296
Week 2,19 Jun 2001,2.38281,2.38455
Week 3,26 Jun 2001,2.31448,2.31602
Week 4,03 Jul 2001,2.40820,2.41009

Week 1,10 Jul 2001,2.53356,2.53639
Week 2,17 Jul 2001,2.49207,2.49496
Week 3,24 Jul 2001,2.46250,2.46448
Week 4,31 Jul 2001,2.48242,2.48441

Week 1,07 Aug 2001,2.46839,2.47048
Week 2,14 Aug 2001,2.50996,2.51167
Week 3,21 Aug 2001,2.53858,2.54065
Week 4,28 Aug 2001,2.55617,2.55834

Week 1,04 Sep 2001,2.57721,2.57913
Week 2,11 Sep 2001,2.66513,2.66607
Week 3,18 Sep 2001,2.65987,2.78379
Week 4,25 Sep 2001,2.61952,2.79376

Week 1,02 Oct 2001,2.61905,2.79390
Week 2,09 Oct 2001,2.68925,2.86510
Week 3,16 Oct 2001,2.66409,2.84129
Week 4,23 Oct 2001,2.63913,2.81851

Week 1,30 Oct 2001,2.61370,2.79056
Week 2,06 Nov 2001,2.51202,2.69083
Week 3,13 Nov 2001,2.45355,2.63456
Week 4,20 Nov 2001,2.45291,2.60896

Week 1,27 Nov 2001,2.41586,2.59662
Week 2,04 Dec 2001,2.34523,2.52495
Week 3,11 Dec 2001,2.28410,2.46269
Week 4,18 Dec 2001,2.24606,2.42441

Week 1,25 Dec 2001,2.23769,2.42230
Week 2,01 Jan 2002,2.22344,2.40807
Week 3,08 Jan 2002,1.64692,1.77514
Week 4,15 Jan 2002,1.63872,1.76790

Week 1,22 Jan 2002,1.26907,1.40159
Week 2,29 Jan 2002,1.26512,1.37056
Week 3,05 Feb 2002,1.15507,1.24827
Week 4,12 Feb 2002,1.16042,1.25408

Week 1,19 Feb 2002,1.10014,1.19112
Week 2,26 Feb 2002,1.05990,1.14841
Week 3,05 Mar 2002,1.04616,1.13316
Week 4,12 Mar 2002,0.95754,1.05384

Week 1,19 Mar 2002,0.91921,1.01406
Week 2,26 Mar 2002,0.74975,0.80418
Week 3,02 Apr 2002,0.79708,0.83580
Week 4,09 Apr 2002,0.79874,0.83315

Week 1,16 Apr 2002,0.79242,0.83509
Week 2,23 Apr 2002,0.73876,0.77199
Week 3,30 Apr 2002,0.77160,0.80332
Week 4,07 May 2002,0.75622,0.78666

Week 1,14 May 2002,0.75843,0.79322
Week 2,21 May 2002,0.75115,0.80767
Week 3,28 May 2002,0.71063,0.71551
Week 4,04 Jun 2002,0.71850,0.72306

Week 1,11 Jun 2002,0.76503,0.79047
Week 2,18 Jun 2002,0.76640,0.77025
Week 3,25 Jun 2002,0.73748,0.74184
Week 4,02 Jul 2002,0.77788,0.80664

Week 1,09 Jul 2002,0.78154,0.80602
Week 2,16 Jul 2002,0.79439,0.81662
Week 3,23 Jul 2002,0.80816,0.81884
Week 4,30 Jul 2002,0.87100,0.89648

Week 1,06 Aug 2002,0.82535,0.83658
Week 2,13 Aug 2002,0.86626,0.87023
Week 3,20 Aug 2002,0.85419,0.87907
Week 4,27 Aug 2002,0.84137,0.86421

Week 1,03 Sep 2002,0.85558,0.86723
Week 2,10 Sep 2002,0.84883,0.87148
Week 3,17 Sep 2002,0.91105,0.93479
Week 4,24 Sep 2002,1.00347,1.02668

Week 1,01 Oct 2002,0.97220,0.99528
Week 2,08 Oct 2002,1.02439,1.05412
Week 3,15 Oct 2002,1.05244,1.07100
Week 4,22 Oct 2002,1.05605,1.07992

Week 1,29 Oct 2002,1.02880,1.05286
Week 2,05 Nov 2002,0.99581,1.01915
Week 3,12 Nov 2002,1.01553,1.04485
Week 4,19 Nov 2002,0.99315,1.02110

Week 1,26 Nov 2002,1.02002,1.04361
Week 2,03 Dec 2002,1.04700,1.07451
Week 3,10 Dec 2002,1.06252,1.08800
Week 4,17 Dec 2002,0.99113,1.01489

Week 1,24 Dec 2002,1.02324,1.04742
Week 2,31 Dec 2002,1.03508,1.06635
Week 3,07 Jan 2003,0.98237,1.01420
Week 4,14 Jan 2003,1.00262,1.02685

Week 1,21 Jan 2003,1.11265,1.13678
Week 2,28 Jan 2003,1.08141,1.10544
Week 3,04 Feb 2003,1.11790,1.14933
Week 4,11 Feb 2003,1.14635,1.17136

Week 1,18 Feb 2003,1.12109,1.15907
Week 2,25 Feb 2003,1.11439,1.12863
Week 3,04 Mar 2003,1.09292,1.12423
Week 4,11 Mar 2003,1.08291,1.12071

Week 1,18 Mar 2003,1.12763,1.15617
Week 2,25 Mar 2003,1.15197,1.18613
Week 3,01 Apr 2003,1.09244,1.13750
Week 4,08 Apr 2003,1.07982,1.12068

Week 1,15 Apr 2003,1.02710,1.09560
Week 2,22 Apr 2003,1.00438,1.08466
Week 3,29 Apr 2003,0.96921,1.06399
Week 4,06 May 2003,1.01955,1.08833

Week 1,13 May 2003,0.99523,1.06978
Week 2,20 May 2003,1.01065,1.06632
Week 3,27 May 2003,0.98965,1.05681
Week 4,03 Jun 2003,0.99435,1.05104

Week 1,10 Jun 2003,0.94562,1.04248
Week 2,17 Jun 2003,0.94473,1.05323
Week 3,24 Jun 2003,0.95441,1.06302
Week 4,01 Jul 2003,0.92803,1.03821

Week 1,08 Jul 2003,0.94246,1.06385
Week 2,15 Jul 2003,0.94982,1.05588
Week 3,22 Jul 2003,0.99620,1.05735
Week 4,29 Jul 2003,0.98273,1.04124

Week 1,05 Aug 2003,0.99072,1.05298
Week 2,12 Aug 2003,1.01232,1.06573
Week 3,19 Aug 2003,0.98299,1.05425
Week 4,26 Aug 2003,0.98157,1.03826

Week 1,02 Sep 2003,0.98518,1.01381
Week 2,09 Sep 2003,0.97930,0.99794
Week 3,16 Sep 2003,0.97915,1.00625
Week 4,23 Sep 2003,0.99709,1.01730

Week 1,30 Sep 2003,0.98353,1.00805
Week 2,07 Oct 2003,0.97797,1.00454
Week 3,14 Oct 2003,0.97576,1.01252
Week 4,21 Oct 2003,0.98803,1.01375

Week 1,28 Oct 2003,0.98150,1.00918
Week 2,04 Nov 2003,0.98862,1.01149
Week 3,11 Nov 2003,0.99999,1.03080
Week 4,18 Nov 2003,1.00473,1.03363

Week 1,25 Nov 2003,0.98917,1.00432
Week 2,02 Dec 2003,0.98160,0.99326
Week 3,09 Dec 2003,0.99080,1.00026
Week 4,16 Dec 2003,0.98062,0.99558

Week 1,23 Dec 2003,0.97380,0.99174
Week 2,30 Dec 2003,0.97736,0.99206
Week 3,06 Jan 2004,0.98049,0.99226
Week 4,13 Jan 2004,0.97518,0.99075

Week 1,20 Jan 2004,0.97344,0.98420
Week 2,27 Jan 2004,0.98571,1.01126
Week 3,03 Feb 2004,0.98868,0.99964
Week 4,10 Feb 2004,0.98666,0.99881

Week 1,17 Feb 2004,0.99899,1.01067
Week 2,24 Feb 2004,0.99496,1.00728
Week 3,02 Mar 2004,0.98046,0.99249
Week 4,09 Mar 2004,0.98557,0.99845

Week 1,16 Mar 2004,0.99588,1.00895
Week 2,23 Mar 2004,1.01287,1.02589
Week 3,30 Mar 2004,1.00893,1.02415
Week 4,06 Apr 2004,1.01401,1.03057

Week 1,13 Apr 2004,1.02021,1.03707
Week 2,20 Apr 2004,1.01477,1.02844
Week 3,27 Apr 2004,1.01892,1.03961
Week 4,04 May 2004,1.04309,1.05689

Week 1,11 May 2004,1.05277,1.07077
Week 2,18 May 2004,1.08367,1.11285
Week 3,25 May 2004,1.05646,1.08435
Week 4,01 Jun 2004,1.04807,1.07515

Week 1,08 Jun 2004,1.04420,1.06509
Week 2,15 Jun 2004,1.05294,1.07065
Week 3,22 Jun 2004,1.04609,1.06680
Week 4,29 Jun 2004,1.03807,1.04200

Week 1,06 Jul 2004,1.02425,1.03780
Week 2,13 Jul 2004,1.02032,1.03071
Week 3,20 Jul 2004,1.01996,1.03070
Week 4,27 Jul 2004,1.02051,1.02765

Week 1,03 Aug 2004,0.99925,1.00608
Week 2,10 Aug 2004,1.00147,1.00546
Week 3,17 Aug 2004,0.98752,0.99294
Week 4,24 Aug 2004,0.98350,0.98558

Week 1,31 Aug 2004,0.97254,0.98152
Week 2,07 Sep 2004,0.96280,0.97192
Week 3,14 Sep 2004,0.96085,0.96935
Week 4,21 Sep 2004,0.95317,0.96198

Week 1,28 Sep 2004,0.94500,0.96588
Week 2,05 Oct 2004,0.95005,0.96188
Week 3,12 Oct 2004,0.95031,0.96504
Week 4,19 Oct 2004,0.96584,0.97189

Week 1,26 Oct 2004,0.96065,0.96433
Week 2,02 Nov 2004,0.95489,0.95663
Week 3,09 Nov 2004,0.94322,0.95145
Week 4,16 Nov 2004,0.93674,0.95085

Week 1,23 Nov 2004,0.92869,0.93666
Week 2,30 Nov 2004,0.91713,0.92049
Week 3,07 Dec 2004,0.92492,0.92809
Week 4,14 Dec 2004,0.91673,0.91931

Week 1,21 Dec 2004,0.91066,0.91314
Week 2,28 Dec 2004,0.89289,0.90356
Week 3,04 Jan 2005,0.91209,0.91546
Week 4,11 Jan 2005,0.91647,0.91862

Week 1,18 Jan 2005,0.91240,0.92540
Week 2,25 Jan 2005,0.89717,0.92064
Week 3,01 Feb 2005,0.88322,0.90625
Week 4,08 Feb 2005,0.88418,0.90810

Week 1,15 Feb 2005,0.88631,0.88926
Week 2,22 Feb 2005,0.88655,0.89928
Week 3,01 Mar 2005,0.89615,0.89936
Week 4,08 Mar 2005,0.90466,0.90858

Week 1,15 Mar 2005,0.92006,0.92277
Week 2,22 Mar 2005,0.93800,0.94062
Week 3,29 Mar 2005,0.91646,0.91797
Week 4,05 Apr 2005,0.89525,0.89837

Week 1,12 Apr 2005,0.89510,0.89741
Week 2,19 Apr 2005,0.88013,0.88314
Week 3,26 Apr 2005,0.86851,0.87135
Week 4,03 May 2005,0.85285,0.85541

Week 1,10 May 2005,0.84987,0.85278
Week 2,17 May 2005,0.84949,0.85275
Week 3,24 May 2005,0.83210,0.83392
Week 4,31 May 2005,0.83634,0.83803

Week 1,07 Jun 2005,0.85247,0.85459
Week 2,14 Jun 2005,0.83630,0.83795
Week 3,21 Jun 2005,0.82833,0.83004
Week 4,28 Jun 2005,0.81489,0.81664

Week 1,05 Jul 2005,0.82380,0.82531
Week 2,12 Jul 2005,0.80492,0.82796
Week 3,19 Jul 2005,0.81474,0.83820
Week 4,26 Jul 2005,0.84244,0.84383

Week 1,02 Aug 2005,0.81194,0.81363
Week 2,09 Aug 2005,0.81225,0.81415
Week 3,16 Aug 2005,0.82580,0.82876
Week 4,23 Aug 2005,0.82554,0.82824

Week 1,30 Aug 2005,0.80739,0.80981
Week 2,06 Sep 2005,0.79645,0.79886
Week 3,13 Sep 2005,0.79079,0.79335
Week 4,20 Sep 2005,0.78045,0.78283

Week 1,27 Sep 2005,0.76561,0.76866
Week 2,04 Oct 2005,0.77033,0.77221
Week 3,11 Oct 2005,0.75589,0.75784
Week 4,18 Oct 2005,0.75533,0.75730

Week 1,25 Oct 2005,0.75632,0.75765
Week 2,01 Nov 2005,0.74485,0.74738
Week 3,08 Nov 2005,0.73098,0.73272
Week 4,15 Nov 2005,0.74990,0.75160

Week 1,22 Nov 2005,0.75551,0.75985
Week 2,29 Nov 2005,0.74132,0.74293
Week 3,06 Dec 2005,0.72930,0.75021
Week 4,13 Dec 2005,0.75529,0.76650

Week 1,20 Dec 2005,0.76679,0.77045
Week 2,27 Dec 2005,0.77059,0.77218
Week 3,03 Jan 2006,0.75623,0.75782
Week 4,10 Jan 2006,0.73932,0.75100

Week 1,17 Jan 2006,0.74417,0.76431
Week 2,24 Jan 2006,0.72391,0.74306
Week 3,31 Jan 2006,0.71336,0.73117
Week 4,07 Feb 2006,0.69947,0.71839

Week 1,14 Feb 2006,0.68665,0.70536
Week 2,21 Feb 2006,0.68623,0.70499
Week 3,28 Feb 2006,0.68293,0.70151
Week 4,07 Mar 2006,0.69415,0.70422

Week 1,14 Mar 2006,0.68211,0.70026
Week 2,21 Mar 2006,0.68925,0.71264
Week 3,28 Mar 2006,0.69145,0.73204
Week 4,04 Apr 2006,0.67722,0.71093

Week 1,11 Apr 2006,0.66967,0.72308
Week 2,18 Apr 2006,0.67426,0.71324
Week 3,25 Apr 2006,0.68468,0.70252
Week 4,02 May 2006,0.67842,0.68193

Week 1,09 May 2006,0.68729,0.69158
Week 2,16 May 2006,0.71306,0.71704
Week 3,23 May 2006,0.74128,0.74520
Week 4,30 May 2006,0.73848,0.74303

Week 1,06 Jun 2006,0.73387,0.73768
Week 2,13 Jun 2006,0.73477,0.73929
Week 3,20 Jun 2006,0.72639,0.73046
Week 4,27 Jun 2006,0.71184,0.71588

Week 1,04 Jul 2006,0.70291,0.70701
Week 2,11 Jul 2006,0.69628,0.72887
Week 3,18 Jul 2006,0.71032,0.71439
Week 4,25 Jul 2006,0.70972,0.71380

Week 1,01 Aug 2006,0.70759,0.71164
Week 2,08 Aug 2006,0.70480,0.70905
Week 3,15 Aug 2006,0.69600,0.69989
Week 4,22 Aug 2006,0.69423,0.69814

Week 1,29 Aug 2006,0.68820,0.69883
Week 2,05 Sep 2006,0.69075,0.69469
Week 3,12 Sep 2006,0.69537,0.69954
Week 4,19 Sep 2006,0.70232,0.70639

Week 1,26 Sep 2006,0.70262,0.70673
Week 2,03 Oct 2006,0.69530,0.69916
Week 3,10 Oct 2006,0.69054,0.69467
Week 4,17 Oct 2006,0.68818,0.69211

Week 1,24 Oct 2006,0.69028,0.69440
Week 2,31 Oct 2006,0.69178,0.69566
Week 3,07 Nov 2006,0.69523,0.69912
Week 4,14 Nov 2006,0.70031,0.70430

Week 1,21 Nov 2006,0.70208,0.70626
Week 2,28 Nov 2006,0.70519,0.70916
Week 3,05 Dec 2006,0.70093,0.70514
Week 4,12 Dec 2006,0.69941,0.70348

Week 1,19 Dec 2006,0.70328,0.70727
Week 2,26 Dec 2006,0.69698,0.70082
Week 3,02 Jan 2007,0.69708,0.70100
Week 4,09 Jan 2007,0.69484,0.69869

Week 1,16 Jan 2007,0.69076,0.69460
Week 2,23 Jan 2007,0.68640,0.69028
Week 3,30 Jan 2007,0.67949,0.68322
Week 4,06 Feb 2007,0.67273,0.67654

Week 1,13 Feb 2007,0.67464,0.67829
Week 2,20 Feb 2007,0.67041,0.67411
Week 3,27 Feb 2007,0.68051,0.68421
Week 4,06 Mar 2007,0.67922,0.68282

Week 1,13 Mar 2007,0.67355,0.67719
Week 2,20 Mar 2007,0.66595,0.66960
Week 3,27 Mar 2007,0.66268,0.66652
Week 4,03 Apr 2007,0.65545,0.65887

Week 1,10 Apr 2007,0.65395,0.65747
Week 2,17 Apr 2007,0.65577,0.65950
Week 3,24 Apr 2007,0.65573,0.65924
Week 4,01 May 2007,0.65583,0.65944

Week 1,08 May 2007,0.65399,0.65880
Week 2,15 May 2007,0.64065,0.64427
Week 3,22 May 2007,0.63084,0.63457
Week 4,29 May 2007,0.62290,0.62929

Week 1,05 Jun 2007,0.63346,0.63668
Week 2,12 Jun 2007,0.62532,0.63214
Week 3,19 Jun 2007,0.61856,0.62755
Week 4,26 Jun 2007,0.62501,0.63074

Week 1,03 Jul 2007,0.61424,0.61988
Week 2,10 Jul 2007,0.60547,0.60924
Week 3,17 Jul 2007,0.59636,0.60349
Week 4,24 Jul 2007,0.59559,0.60392

Week 1,31 Jul 2007,0.59750,0.60493
Week 2,07 Aug 2007,0.60931,0.61272
Week 3,14 Aug 2007,0.63617,0.63951
Week 4,21 Aug 2007,0.63035,0.63523

Week 1,28 Aug 2007,0.61897,0.62582
Week 2,04 Sep 2007,0.61432,0.62390
Week 3,11 Sep 2007,0.60700,0.61235
Week 4,18 Sep 2007,0.59618,0.60117

Week 1,25 Sep 2007,0.58507,0.59124
Week 2,02 Oct 2007,0.57490,0.57982
Week 3,09 Oct 2007,0.56893,0.57341
Week 4,16 Oct 2007,0.56513,0.57385

Week 1,23 Oct 2007,0.56192,0.56792
Week 2,30 Oct 2007,0.55494,0.55989
Week 3,06 Nov 2007,0.55457,0.56101
Week 4,13 Nov 2007,0.55841,0.56125

Week 1,20 Nov 2007,0.56370,0.56967
Week 2,27 Nov 2007,0.57032,0.57392
Week 3,04 Dec 2007,0.56654,0.57123
Week 4,11 Dec 2007,0.56461,0.56744

Week 1,18 Dec 2007,0.57224,0.57555
Week 2,25 Dec 2007,0.56360,0.56943
Week 3,01 Jan 2008,0.55433,0.56767
Week 4,08 Jan 2008,0.55920,0.56487

Week 1,15 Jan 2008,0.56166,0.56493
Week 2,22 Jan 2008,0.56581,0.57368
Week 3,29 Jan 2008,0.55617,0.56146
Week 4,05 Feb 2008,0.55158,0.55975

Week 1,12 Feb 2008,0.55061,0.55884
Week 2,19 Feb 2008,0.54392,0.54900
Week 3,26 Feb 2008,0.53045,0.53710
Week 4,04 Mar 2008,0.53126,0.53436

Week 1,11 Mar 2008,0.53656,0.54300
Week 2,18 Mar 2008,0.54767,0.55317
Week 3,25 Mar 2008,0.54714,0.55235
Week 4,01 Apr 2008,0.54253,0.54917

Week 1,08 Apr 2008,0.53515,0.53796
Week 2,15 Apr 2008,0.52337,0.53099
Week 3,22 Apr 2008,0.52202,0.52682
Week 4,29 Apr 2008,0.52341,0.52831

Week 1,06 May 2008,0.52641,0.52884
Week 2,13 May 2008,0.52072,0.52776
Week 3,20 May 2008,0.52459,0.52823
Week 4,27 May 2008,0.52700,0.53006

Week 1,03 Jun 2008,0.52895,0.53220
Week 2,10 Jun 2008,0.53318,0.53598
Week 3,17 Jun 2008,0.52854,0.53379
Week 4,24 Jun 2008,0.52947,0.53222

Week 1,01 Jul 2008,0.52848,0.53173
Week 2,08 Jul 2008,0.53068,0.53488
Week 3,15 Jul 2008,0.52547,0.52829
Week 4,22 Jul 2008,0.52147,0.52412

Week 1,29 Jul 2008,0.51500,0.51763
Week 2,05 Aug 2008,0.51776,0.52546
Week 3,12 Aug 2008,0.53345,0.53784
Week 4,19 Aug 2008,0.53344,0.53888

Week 1,26 Aug 2008,0.53555,0.54105
Week 2,02 Sep 2008,0.55410,0.55997
Week 3,09 Sep 2008,0.57627,0.57934
Week 4,16 Sep 2008,0.59036,0.59891

Week 1,23 Sep 2008,0.58799,0.59334
Week 2,30 Sep 2008,0.61972,0.62845
Week 3,07 Oct 2008,0.69421,0.70575
Week 4,14 Oct 2008,0.66320,0.67649

Week 1,21 Oct 2008,0.69317,0.70412
Week 2,28 Oct 2008,0.63884,0.65401
Week 3,04 Nov 2008,0.64176,0.65169
Week 4,11 Nov 2008,0.67494,0.68659

Week 1,18 Nov 2008,0.71048,0.72006
Week 2,25 Nov 2008,0.68483,0.69445
Week 3,02 Dec 2008,0.71863,0.73071
Week 4,09 Dec 2008,0.69942,0.71395

Week 1,16 Dec 2008,0.69115,0.70045
Week 2,23 Dec 2008,0.68114,0.71084
Week 3,30 Dec 2008,0.67214,0.68097
Week 4,06 Jan 2009,0.64880,0.65959

Week 1,13 Jan 2009,0.67141,0.68190
Week 2,20 Jan 2009,0.67308,0.68479
Week 3,27 Jan 2009,0.65738,0.66702
Week 4,03 Feb 2009,0.65323,0.66120

Week 1,10 Feb 2009,0.64567,0.65577
Week 2,17 Feb 2009,0.66156,0.68021
Week 3,24 Feb 2009,0.66112,0.67488
Week 4,03 Mar 2009,0.65699,0.66643

Week 1,10 Mar 2009,0.63512,0.64624
Week 2,17 Mar 2009,0.61562,0.62577
Week 3,24 Mar 2009,0.61010,0.61325
Week 4,31 Mar 2009,0.60701,0.61503

Week 1,07 Apr 2009,0.59721,0.60023
Week 2,14 Apr 2009,0.58788,0.59144
Week 3,21 Apr 2009,0.59399,0.60372
Week 4,28 Apr 2009,0.58625,0.59063

Week 1,05 May 2009,0.56490,0.57327
Week 2,12 May 2009,0.55522,0.56120
Week 3,19 May 2009,0.54636,0.54939
Week 4,26 May 2009,0.53556,0.53816

Week 1,02 Jun 2009,0.51718,0.52834
Week 2,09 Jun 2009,0.51604,0.51891
Week 3,16 Jun 2009,0.51391,0.52432
Week 4,23 Jun 2009,0.51791,0.52103

Week 1,30 Jun 2009,0.50998,0.51649
Week 2,07 Jul 2009,0.51905,0.52584
Week 3,14 Jul 2009,0.50919,0.51517
Week 4,21 Jul 2009,0.49606,0.50231

Week 1,28 Jul 2009,0.49016,0.49249
Week 2,04 Aug 2009,0.47200,0.48096
Week 3,11 Aug 2009,0.47855,0.48104
Week 4,18 Aug 2009,0.47574,0.48499

Week 1,25 Aug 2009,0.47697,0.48867
Week 2,01 Sep 2009,0.48453,0.48742
Week 3,08 Sep 2009,0.47335,0.47534
Week 4,15 Sep 2009,0.46885,0.47451

Week 1,22 Sep 2009,0.46503,0.47469
Week 2,29 Sep 2009,0.46033,0.46796
Week 3,06 Oct 2009,0.45221,0.46060
Week 4,13 Oct 2009,0.44355,0.45471

Week 1,20 Oct 2009,0.45031,0.45249
Week 2,27 Oct 2009,0.45102,0.45963
Week 3,03 Nov 2009,0.45290,0.45542
Week 4,10 Nov 2009,0.45014,0.45209

Week 1,17 Nov 2009,0.44997,0.45526
Week 2,24 Nov 2009,0.45467,0.45969
Week 3,01 Dec 2009,0.45217,0.45454
Week 4,08 Dec 2009,0.45743,0.46297

Week 1,15 Dec 2009,0.46352,0.46565
Week 2,22 Dec 2009,0.45775,0.47405
Week 3,29 Dec 2009,0.45261,0.46217
Week 4,05 Jan 2010,0.45493,0.45749

Week 1,12 Jan 2010,0.45838,0.46612
Week 2,19 Jan 2010,0.47064,0.47365
Week 3,26 Jan 2010,0.48276,0.48804
Week 4,02 Feb 2010,0.48503,0.48815

Week 1,09 Feb 2010,0.48050,0.48628
Week 2,16 Feb 2010,0.47137,0.47888
Week 3,23 Feb 2010,0.46740,0.47553
Week 4,02 Mar 2010,0.45767,0.47060

Week 1,09 Mar 2010,0.45799,0.46066
Week 2,16 Mar 2010,0.45950,0.46253
Week 3,23 Mar 2010,0.46163,0.47219
Week 4,30 Mar 2010,0.45595,0.46471

Week 1,06 Apr 2010,0.45295,0.45929
Week 2,13 Apr 2010,0.44965,0.45595
Week 3,20 Apr 2010,0.45339,0.45576
Week 4,27 Apr 2010,0.44522,0.45324

Week 1,04 May 2010,0.45619,0.46849
Week 2,11 May 2010,0.45660,0.46125
Week 3,18 May 2010,0.47032,0.47394
Week 4,25 May 2010,0.46636,0.47327

Week 1,01 Jun 2010,0.45891,0.47146
Week 2,08 Jun 2010,0.46638,0.46898
Week 3,15 Jun 2010,0.45017,0.46050
Week 4,22 Jun 2010,0.45255,0.45557

Week 1,29 Jun 2010,0.44955,0.46108
Week 2,06 Jul 2010,0.44802,0.45049
Week 3,13 Jul 2010,0.44305,0.45537
Week 4,20 Jul 2010,0.44751,0.45403

Week 1,27 Jul 2010,0.44683,0.44897
Week 2,03 Aug 2010,0.44518,0.44752
Week 3,10 Aug 2010,0.44769,0.44994
Week 4,17 Aug 2010,0.44130,0.45300

Week 1,24 Aug 2010,0.44152,0.45174
Week 2,31 Aug 2010,0.43698,0.44533
Week 3,07 Sep 2010,0.43536,0.43783
Week 4,14 Sep 2010,0.42942,0.43930

Week 1,21 Sep 2010,0.43364,0.43642
Week 2,28 Sep 2010,0.42585,0.43135
Week 3,05 Oct 2010,0.42081,0.42778
Week 4,12 Oct 2010,0.41661,0.42383

Week 1,19 Oct 2010,0.42496,0.42751
Week 2,26 Oct 2010,0.43035,0.43234
Week 3,02 Nov 2010,0.42561,0.42807
Week 4,09 Nov 2010,0.43060,0.43246

Week 1,16 Nov 2010,0.43276,0.43480
Week 2,23 Nov 2010,0.43339,0.43537
Week 3,30 Nov 2010,0.42775,0.42969
Week 4,07 Dec 2010,0.42561,0.42763

Week 1,14 Dec 2010,0.42642,0.43220
Week 2,21 Dec 2010,0.42334,0.43151
Week 3,28 Dec 2010,0.41741,0.42522
Week 4,04 Jan 2011,0.41985,0.42207

Week 1,11 Jan 2011,0.42136,0.42567
Week 2,18 Jan 2011,0.41646,0.42603
Week 3,25 Jan 2011,0.41853,0.42146
Week 4,01 Feb 2011,0.41330,0.42000

Week 1,08 Feb 2011,0.41440,0.41685
Week 2,15 Feb 2011,0.41369,0.41580
Week 3,22 Feb 2011,0.41280,0.41468
Week 4,01 Mar 2011,0.40989,0.41151

Week 1,08 Mar 2011,0.41092,0.41245
Week 2,15 Mar 2011,0.41320,0.41494
Week 3,22 Mar 2011,0.40979,0.41223
Week 4,29 Mar 2011,0.40324,0.40522

Week 1,05 Apr 2011,0.39365,0.39550
Week 2,12 Apr 2011,0.38841,0.38991
Week 3,19 Apr 2011,0.38469,0.38640
Week 4,26 Apr 2011,0.38454,0.38601

Week 1,03 May 2011,0.38980,0.39136
Week 2,10 May 2011,0.39657,0.39802
Week 3,17 May 2011,0.39575,0.39812
Week 4,24 May 2011,0.39535,0.39687

Week 1,31 May 2011,0.38687,0.38841
Week 2,07 Jun 2011,0.38523,0.38917
Week 3,14 Jun 2011,0.38834,0.39063
Week 4,21 Jun 2011,0.38849,0.38981

Week 1,28 Jun 2011,0.38190,0.38378
Week 2,05 Jul 2011,0.37979,0.38130
Week 3,12 Jul 2011,0.38207,0.38379
Week 4,19 Jul 2011,0.37782,0.37905

Week 1,26 Jul 2011,0.37441,0.37568
Week 2,02 Aug 2011,0.37919,0.38231
Week 3,09 Aug 2011,0.38788,0.39012
Week 4,16 Aug 2011,0.38173,0.38510

Week 1,23 Aug 2011,0.38316,0.38478
Week 2,30 Aug 2011,0.38288,0.38435
Week 3,06 Sep 2011,0.39429,0.39584
Week 4,13 Sep 2011,0.40576,0.40717

Week 1,20 Sep 2011,0.43404,0.43600
Week 2,27 Sep 2011,0.43442,0.43619
Week 3,04 Oct 2011,0.43082,0.43385
Week 4,11 Oct 2011,0.41418,0.41886

Week 1,18 Oct 2011,0.41736,0.41963
Week 2,25 Oct 2011,0.40797,0.40945
Week 3,01 Nov 2011,0.40676,0.40866
Week 4,08 Nov 2011,0.41003,0.41174

Week 1,15 Nov 2011,0.41312,0.41737
Week 2,22 Nov 2011,0.43287,0.43570
Week 3,29 Nov 2011,0.42300,0.42828
Week 4,06 Dec 2011,0.41998,0.42183

Week 1,13 Dec 2011,0.43089,0.43375
Week 2,20 Dec 2011,0.43199,0.43385
Week 3,27 Dec 2011,0.43284,0.43468
Week 4,03 Jan 2012,0.42780,0.42966

Week 1,10 Jan 2012,0.41775,0.41945
Week 2,17 Jan 2012,0.40956,0.41151
Week 3,24 Jan 2012,0.40300,0.40490
Week 4,31 Jan 2012,0.39890,0.40037

Week 1,07 Feb 2012,0.39590,0.39766
Week 2,14 Feb 2012,0.39457,0.39626
Week 3,21 Feb 2012,0.39274,0.39429
Week 4,28 Feb 2012,0.39347,0.39611

Week 1,06 Mar 2012,0.40656,0.40806
Week 2,13 Mar 2012,0.41318,0.41491
Week 3,20 Mar 2012,0.41411,0.41891
Week 4,27 Mar 2012,0.41567,0.41791

Week 1,03 Apr 2012,0.41651,0.41793
Week 2,10 Apr 2012,0.41526,0.41910
Week 3,17 Apr 2012,0.42289,0.42504
Week 4,24 Apr 2012,0.42592,0.42747

Week 1,01 May 2012,0.42936,0.43509
Week 2,08 May 2012,0.43818,0.44049
Week 3,15 May 2012,0.44975,0.45133
Week 4,22 May 2012,0.45117,0.45599

Week 1,29 May 2012,0.44829,0.45470
Week 2,05 Jun 2012,0.45083,0.45767
Week 3,12 Jun 2012,0.45538,0.46109
Week 4,19 Jun 2012,0.45469,0.45805

Week 1,26 Jun 2012,0.45415,0.45720
Week 2,03 Jul 2012,0.44160,0.44828
Week 3,10 Jul 2012,0.44651,0.45177
Week 4,17 Jul 2012,0.44339,0.44641

Week 1,24 Jul 2012,0.44296,0.44552
Week 2,31 Jul 2012,0.44353,0.44691
Week 3,07 Aug 2012,0.43915,0.44067
Week 4,14 Aug 2012,0.43741,0.43859

Week 1,21 Aug 2012,0.43593,0.44034
Week 2,28 Aug 2012,0.43878,0.44179
Week 3,04 Sep 2012,0.43595,0.43910
Week 4,11 Sep 2012,0.43102,0.43572

Week 1,18 Sep 2012,0.43102,0.43420
Week 2,25 Sep 2012,0.43091,0.43382
Week 3,02 Oct 2012,0.42912,0.43253
Week 4,09 Oct 2012,0.43074,0.43456

Week 1,16 Oct 2012,0.42839,0.43133
Week 2,23 Oct 2012,0.42592,0.42832
Week 3,30 Oct 2012,0.42481,0.42777
Week 4,06 Nov 2012,0.42492,0.42942

Week 1,13 Nov 2012,0.43053,0.43295
Week 2,20 Nov 2012,0.43207,0.43684
Week 3,27 Nov 2012,0.43366,0.43786
Week 4,04 Dec 2012,0.43080,0.43347

Week 1,11 Dec 2012,0.42590,0.42980
Week 2,18 Dec 2012,0.42327,0.42719
Week 3,25 Dec 2012,0.41847,0.42119
Week 4,01 Jan 2013,0.41425,0.41649

Week 1,08 Jan 2013,0.41132,0.41361
Week 2,15 Jan 2013,0.41014,0.41371
Week 3,22 Jan 2013,0.40919,0.41180
Week 4,29 Jan 2013,0.39900,0.40253

Week 1,05 Feb 2013,0.39557,0.39793
Week 2,12 Feb 2013,0.39201,0.39443
Week 3,19 Feb 2013,0.38979,0.39380
Week 4,26 Feb 2013,0.39075,0.39451

Week 1,05 Mar 2013,0.38569,0.38875
Week 2,12 Mar 2013,0.38672,0.38894
Week 3,19 Mar 2013,0.39006,0.39251
Week 4,26 Mar 2013,0.39240,0.39592

Week 1,02 Apr 2013,0.38971,0.39509
Week 2,09 Apr 2013,0.38280,0.38788
Week 3,16 Apr 2013,0.38594,0.38982
Week 4,23 Apr 2013,0.38745,0.38961

Week 1,30 Apr 2013,0.38513,0.38863
Week 2,07 May 2013,0.38405,0.38755
Week 3,14 May 2013,0.38534,0.38782
Week 4,21 May 2013,0.38690,0.39100

Week 1,28 May 2013,0.39562,0.39969
Week 2,04 Jun 2013,0.39970,0.40515
Week 3,11 Jun 2013,0.40083,0.40448
Week 4,18 Jun 2013,0.41154,0.41539

Week 1,25 Jun 2013,0.40966,0.41505
Week 2,02 Jul 2013,0.41532,0.41800
Week 3,09 Jul 2013,0.41624,0.41998
Week 4,16 Jul 2013,0.40948,0.41368

Week 1,23 Jul 2013,0.40797,0.41242
Week 2,30 Jul 2013,0.41329,0.41633
Week 3,06 Aug 2013,0.41163,0.41559
Week 4,13 Aug 2013,0.41708,0.42174

Week 1,20 Aug 2013,0.42742,0.43236
Week 2,27 Aug 2013,0.41813,0.42122
Week 3,03 Sep 2013,0.41072,0.41509
Week 4,10 Sep 2013,0.39757,0.40135

Week 1,17 Sep 2013,0.38731,0.38940
Week 2,24 Sep 2013,0.38409,0.38772
Week 3,01 Oct 2013,0.37992,0.38311
Week 4,08 Oct 2013,0.37497,0.37852

Week 1,15 Oct 2013,0.37059,0.37331
Week 2,22 Oct 2013,0.37072,0.37437
Week 3,29 Oct 2013,0.37379,0.37642
Week 4,05 Nov 2013,0.38267,0.38605

Week 1,12 Nov 2013,0.38723,0.39024
Week 2,19 Nov 2013,0.37681,0.37816
Week 3,26 Nov 2013,0.37749,0.38003
Week 4,03 Dec 2013,0.37837,0.38093

Week 1,10 Dec 2013,0.36970,0.37319
Week 2,17 Dec 2013,0.36833,0.37012
Week 3,24 Dec 2013,0.36263,0.36620
Week 4,31 Dec 2013,0.36123,0.36448

Week 1,07 Jan 2014,0.35816,0.36064
Week 2,14 Jan 2014,0.34822,0.35068
Week 3,21 Jan 2014,0.32478,0.32767
Week 4,28 Jan 2014,0.30109,0.30306

Week 1,04 Feb 2014,0.30144,0.30417
Week 2,11 Feb 2014,0.30544,0.30849
Week 3,18 Feb 2014,0.30334,0.30556
Week 4,25 Feb 2014,0.29596,0.29834

Week 1,04 Mar 2014,0.29559,0.29720
Week 2,11 Mar 2014,0.29760,0.29971
Week 3,18 Mar 2014,0.29276,0.29578
Week 4,25 Mar 2014,0.28522,0.28772

Week 1,01 Apr 2014,0.28150,0.28438
Week 2,08 Apr 2014,0.27505,0.27755
Week 3,15 Apr 2014,0.27761,0.27973
Week 4,22 Apr 2014,0.27833,0.27990

Week 1,29 Apr 2014,0.27784,0.27931
Week 2,06 May 2014,0.27696,0.27828
Week 3,13 May 2014,0.27462,0.27642
Week 4,20 May 2014,0.27413,0.27545

Week 1,27 May 2014,0.27600,0.27737
Week 2,03 Jun 2014,0.27826,0.27945
Week 3,10 Jun 2014,0.27357,0.27492
Week 4,17 Jun 2014,0.27418,0.27539

Week 1,24 Jun 2014,0.27116,0.27224
Week 2,01 Jul 2014,0.27116,0.27237
Week 3,08 Jul 2014,0.27172,0.27313
Week 4,15 Jul 2014,0.27242,0.27446

Week 1,22 Jul 2014,0.27141,0.27283
Week 2,29 Jul 2014,0.27308,0.27442
Week 3,05 Aug 2014,0.27501,0.27633
Week 4,12 Aug 2014,0.27394,0.27529

Week 1,19 Aug 2014,0.27106,0.27249
Week 2,26 Aug 2014,0.26686,0.26972
Week 3,02 Sep 2014,0.26501,0.26830
Week 4,09 Sep 2014,0.27074,0.27402

Week 1,16 Sep 2014,0.27884,0.28140
Week 2,23 Sep 2014,0.28426,0.28761
Week 3,30 Sep 2014,0.28930,0.29188
Week 4,07 Oct 2014,0.28330,0.28628

Week 1,14 Oct 2014,0.28623,0.28747
Week 2,21 Oct 2014,0.29009,0.29228
Week 3,28 Oct 2014,0.28823,0.29091
Week 4,04 Nov 2014,0.29592,0.29974

Week 1,11 Nov 2014,0.30185,0.30495
Week 2,18 Nov 2014,0.30060,0.30168
Week 3,25 Nov 2014,0.29568,0.29910
Week 4,02 Dec 2014,0.30119,0.30243

Week 1,09 Dec 2014,0.30657,0.30769
Week 2,16 Dec 2014,0.31301,0.31420
Week 3,23 Dec 2014,0.31326,0.31429
Week 4,30 Dec 2014,0.31342,0.31521

Week 1,06 Jan 2015,0.31129,0.31245
Week 2,13 Jan 2015,0.30671,0.30790
Week 3,20 Jan 2015,0.30109,0.30240
Week 4,27 Jan 2015,0.30291,0.30412

Week 1,03 Feb 2015,0.31620,0.31733
Week 2,10 Feb 2015,0.32514,0.32645
Week 3,17 Feb 2015,0.32757,0.32865
Week 4,24 Feb 2015,0.32805,0.32946

Week 1,03 Mar 2015,0.33994,0.34122
Week 2,10 Mar 2015,0.35998,0.36123
Week 3,17 Mar 2015,0.36881,0.36998
Week 4,24 Mar 2015,0.36269,0.36397

Week 1,31 Mar 2015,0.35939,0.36133
Week 2,07 Apr 2015,0.34916,0.35101
Week 3,14 Apr 2015,0.34411,0.34540
Week 4,21 Apr 2015,0.33683,0.33795

Week 1,28 Apr 2015,0.33289,0.33458
Week 2,05 May 2015,0.33847,0.33955
Week 3,12 May 2015,0.33599,0.33723
Week 4,19 May 2015,0.33887,0.33997

Week 1,26 May 2015,0.34959,0.35098
Week 2,02 Jun 2015,0.34870,0.34987
Week 3,09 Jun 2015,0.34391,0.34493
Week 4,16 Jun 2015,0.34056,0.34159

Week 1,23 Jun 2015,0.34164,0.34281
Week 2,30 Jun 2015,0.34285,0.34423
Week 3,07 Jul 2015,0.34789,0.34930
Week 4,14 Jul 2015,0.34544,0.34667

Week 1,21 Jul 2015,0.35537,0.35636
Week 2,28 Jul 2015,0.36722,0.36837
Week 3,04 Aug 2015,0.37800,0.37917
Week 4,11 Aug 2015,0.37679,0.37799

Week 1,18 Aug 2015,0.37592,0.37703
Week 2,25 Aug 2015,0.38432,0.38543
Week 3,01 Sep 2015,0.40094,0.40225
Week 4,08 Sep 2015,0.41069,0.41192

Week 1,15 Sep 2015,0.41374,0.41496
Week 2,22 Sep 2015,0.42943,0.43082
Week 3,29 Sep 2015,0.42294,0.42417
Week 4,06 Oct 2015,0.40591,0.40706

Week 1,13 Oct 2015,0.40543,0.40650
Week 2,20 Oct 2015,0.41009,0.41130
Week 3,27 Oct 2015,0.40742,0.40860
Week 4,03 Nov 2015,0.39850,0.39978

Week 1,10 Nov 2015,0.39616,0.39727
Week 2,17 Nov 2015,0.38865,0.39127
Week 3,24 Nov 2015,0.38802,0.39119
Week 4,01 Dec 2015,0.39087,0.39387

Week 1,08 Dec 2015,0.39037,0.39302
Week 2,15 Dec 2015,0.35522,0.35643
Week 3,22 Dec 2015,0.30441,0.30606
Week 4,29 Dec 2015,0.30163,0.30370

Week 1,05 Jan 2016,0.29457,0.29630
Week 2,12 Jan 2016,0.29889,0.30064
Week 3,19 Jan 2016,0.30232,0.30443
Week 4,26 Jan 2016,0.29230,0.29383

Week 1,02 Feb 2016,0.27675,0.27760
Week 2,09 Feb 2016,0.27227,0.27370
Week 3,16 Feb 2016,0.26891,0.27003
Week 4,23 Feb 2016,0.25783,0.25910

Week 1,01 Mar 2016,0.24911,0.25048
Week 2,08 Mar 2016,0.23960,0.24086
Week 3,15 Mar 2016,0.24787,0.24871
Week 4,22 Mar 2016,0.25137,0.25250

Week 1,29 Mar 2016,0.24539,0.24628
Week 2,05 Apr 2016,0.24823,0.24893
Week 3,12 Apr 2016,0.24557,0.24620
Week 4,19 Apr 2016,0.24930,0.24998

Week 1,26 Apr 2016,0.24439,0.24542
Week 2,03 May 2016,0.24685,0.24760
Week 3,10 May 2016,0.24611,0.24687
Week 4,17 May 2016,0.25039,0.25121

Week 1,24 May 2016,0.25589,0.25667
Week 2,31 May 2016,0.25590,0.25658
Week 3,07 Jun 2016,0.24800,0.24863
Week 4,14 Jun 2016,0.24894,0.25032

Week 1,21 Jun 2016,0.23517,0.23592
Week 2,28 Jun 2016,0.21758,0.21883
Week 3,05 Jul 2016,0.22221,0.22349
Week 4,12 Jul 2016,0.22221,0.22317

Week 1,19 Jul 2016,0.21668,0.21766
Week 2,26 Jul 2016,0.21770,0.21859
Week 3,02 Aug 2016,0.21555,0.21669
Week 4,09 Aug 2016,0.21462,0.21577

Week 1,16 Aug 2016,0.21617,0.21720
Week 2,23 Aug 2016,0.21669,0.21770
Week 3,30 Aug 2016,0.21632,0.21731
Week 4,06 Sep 2016,0.21496,0.21590

Week 1,13 Sep 2016,0.21810,0.21909
Week 2,20 Sep 2016,0.21364,0.21458
Week 3,27 Sep 2016,0.21206,0.21296
Week 4,04 Oct 2016,0.21212,0.21311

Week 1,11 Oct 2016,0.21078,0.21169
Week 2,18 Oct 2016,0.20828,0.20921
Week 3,25 Oct 2016,0.20796,0.20891
Week 4,01 Nov 2016,0.21382,0.21473

Week 1,08 Nov 2016,0.21811,0.21871
Week 2,15 Nov 2016,0.22004,0.22058
Week 3,22 Nov 2016,0.21912,0.21973
Week 4,29 Nov 2016,0.21848,0.21893

Week 1,06 Dec 2016,0.21278,0.21319
Week 2,13 Dec 2016,0.21037,0.21127
Week 3,20 Dec 2016,0.21105,0.21145
Week 4,27 Dec 2016,0.20652,0.20752

Week 1,03 Jan 2017,0.20317,0.20358
Week 2,10 Jan 2017,0.20188,0.20277
Week 3,17 Jan 2017,0.20132,0.20223
Week 4,24 Jan 2017,0.19810,0.19889

Week 1,31 Jan 2017,0.19813,0.19894
Week 2,07 Feb 2017,0.19919,0.19976
Week 3,14 Feb 2017,0.19944,0.20024
Week 4,21 Feb 2017,0.19806,0.19884

Week 1,28 Feb 2017,0.20170,0.20226
Week 2,07 Mar 2017,0.20254,0.20288
Week 3,14 Mar 2017,0.20075,0.20146
Week 4,21 Mar 2017,0.19822,0.19908

Week 1,28 Mar 2017,0.20210,0.20247
Week 2,04 Apr 2017,0.20265,0.20341
Week 3,11 Apr 2017,0.20632,0.20667
Week 4,18 Apr 2017,0.20404,0.20458

Week 1,25 Apr 2017,0.20503,0.20554
Week 2,02 May 2017,0.20664,0.20711
Week 3,09 May 2017,0.20413,0.20508
Week 4,16 May 2017,0.20266,0.20338

Week 1,23 May 2017,0.20319,0.20355
Week 2,30 May 2017,0.20227,0.20270
Week 3,06 Jun 2017,0.20486,0.20569
Week 4,13 Jun 2017,0.20616,0.20647

Week 1,20 Jun 2017,0.20556,0.20651
Week 2,27 Jun 2017,0.20094,0.20178
Week 3,04 Jul 2017,0.19371,0.19444
Week 4,11 Jul 2017,0.18969,0.19041

Week 1,18 Jul 2017,0.18340,0.18371
Week 2,25 Jul 2017,0.17876,0.17908
Week 3,01 Aug 2017,0.17705,0.17734
Week 4,08 Aug 2017,0.17840,0.17907

Week 1,15 Aug 2017,0.18301,0.18367
Week 2,22 Aug 2017,0.18315,0.18386
Week 3,29 Aug 2017,0.18148,0.18214
Week 4,05 Sep 2017,0.18035,0.18064

Week 1,12 Sep 2017,0.18234,0.18307
Week 2,19 Sep 2017,0.18164,0.18233
Week 3,26 Sep 2017,0.18038,0.18107
Week 4,03 Oct 2017,0.18101,0.18172

Week 1,10 Oct 2017,0.18129,0.18201
Week 2,17 Oct 2017,0.18209,0.18280
Week 3,24 Oct 2017,0.18476,0.18506
Week 4,31 Oct 2017,0.18616,0.18653

Week 1,07 Nov 2017,0.18594,0.18673
Week 2,14 Nov 2017,0.18723,0.18794
Week 3,21 Nov 2017,0.18584,0.18613
Week 4,28 Nov 2017,0.18678,0.18751

Week 1,05 Dec 2017,0.18744,0.18772


