ARG->USD

Week 1,01 Dec 1998,0.99950,1.00000
Week 2,08 Dec 1998,0.99957,1.00003
Week 3,15 Dec 1998,1.00000,1.00020
Week 4,22 Dec 1998,1.00000,1.00020

Week 1,29 Dec 1998,1.00034,1.00076
Week 2,05 Jan 1999,0.99990,1.00010
Week 3,12 Jan 1999,0.99990,1.00010
Week 4,19 Jan 1999,0.99990,1.00010

Week 1,26 Jan 1999,0.99782,0.99825
Week 2,02 Feb 1999,0.99858,0.99890
Week 3,09 Feb 1999,1.00032,1.00043
Week 4,16 Feb 1999,1.00032,1.00043

Week 1,23 Feb 1999,1.00023,1.00032
Week 2,02 Mar 1999,1.00020,1.00028
Week 3,09 Mar 1999,1.00009,1.00018
Week 4,16 Mar 1999,1.00000,1.00010

Week 1,23 Mar 1999,1.00020,1.00029
Week 2,30 Mar 1999,1.00005,1.00015
Week 3,06 Apr 1999,1.00000,1.00010
Week 4,13 Apr 1999,1.00000,1.00010

Week 1,20 Apr 1999,1.00000,1.00010
Week 2,27 Apr 1999,1.00000,1.00010
Week 3,04 May 1999,1.00000,1.00010
Week 4,11 May 1999,1.00000,1.00011

Week 1,18 May 1999,1.00000,1.00020
Week 2,25 May 1999,1.00000,1.00020
Week 3,01 Jun 1999,1.00000,1.00020
Week 4,08 Jun 1999,1.00000,1.00020

Week 1,15 Jun 1999,1.00000,1.00020
Week 2,22 Jun 1999,1.00000,1.00020
Week 3,29 Jun 1999,1.00000,1.00020
Week 4,06 Jul 1999,1.00000,1.00020

Week 1,13 Jul 1999,1.00000,1.00020
Week 2,20 Jul 1999,1.00000,1.00020
Week 3,27 Jul 1999,1.00000,1.00020
Week 4,03 Aug 1999,1.00000,1.00020

Week 1,10 Aug 1999,1.00000,1.00020
Week 2,17 Aug 1999,1.00000,1.00020
Week 3,24 Aug 1999,1.00000,1.00019
Week 4,31 Aug 1999,1.00029,1.00044

Week 1,07 Sep 1999,1.00050,1.00070
Week 2,14 Sep 1999,1.00050,1.00070
Week 3,21 Sep 1999,1.00050,1.00070
Week 4,28 Sep 1999,1.00007,1.00027

Week 1,05 Oct 1999,1.00000,1.00020
Week 2,12 Oct 1999,1.00000,1.00020
Week 3,19 Oct 1999,1.00000,1.00020
Week 4,26 Oct 1999,1.00000,1.00020

Week 1,02 Nov 1999,1.00000,1.00020
Week 2,09 Nov 1999,1.00000,1.00020
Week 3,16 Nov 1999,1.00000,1.00020
Week 4,23 Nov 1999,1.00000,1.00020

Week 1,30 Nov 1999,1.00000,1.00020
Week 2,07 Dec 1999,1.00023,1.00035
Week 3,14 Dec 1999,1.00040,1.00046
Week 4,21 Dec 1999,1.00040,1.00046

Week 1,28 Dec 1999,1.00017,1.00022
Week 2,04 Jan 2000,1.00027,1.00028
Week 3,11 Jan 2000,1.00037,1.00040
Week 4,18 Jan 2000,1.00031,1.00033

Week 1,25 Jan 2000,1.00009,1.00015
Week 2,01 Feb 2000,1.00036,1.00038
Week 3,08 Feb 2000,1.00279,1.00288
Week 4,15 Feb 2000,1.00041,1.00043

Week 1,22 Feb 2000,1.00033,1.00035
Week 2,29 Feb 2000,1.00029,1.00031
Week 3,07 Mar 2000,1.00029,1.00030
Week 4,14 Mar 2000,1.00031,1.00032

Week 1,21 Mar 2000,1.00029,1.00031
Week 2,28 Mar 2000,1.00029,1.00031
Week 3,04 Apr 2000,1.00034,1.00035
Week 4,11 Apr 2000,1.00032,1.00033

Week 1,18 Apr 2000,1.00054,1.00055
Week 2,25 Apr 2000,1.00038,1.00040
Week 3,02 May 2000,1.00041,1.00043
Week 4,09 May 2000,1.00037,1.00038

Week 1,16 May 2000,1.00033,1.00035
Week 2,23 May 2000,1.00040,1.00041
Week 3,30 May 2000,1.00031,1.00034
Week 4,06 Jun 2000,1.00017,1.00018

Week 1,13 Jun 2000,1.00043,1.00045
Week 2,20 Jun 2000,1.00042,1.00044
Week 3,27 Jun 2000,1.00031,1.00032
Week 4,04 Jul 2000,1.00035,1.00037

Week 1,11 Jul 2000,1.00035,1.00036
Week 2,18 Jul 2000,1.00035,1.00036
Week 3,25 Jul 2000,1.00032,1.00034
Week 4,01 Aug 2000,1.00031,1.00033

Week 1,08 Aug 2000,1.00032,1.00033
Week 2,15 Aug 2000,1.00039,1.00040
Week 3,22 Aug 2000,1.00042,1.00043
Week 4,29 Aug 2000,1.00044,1.00047

Week 1,05 Sep 2000,1.00038,1.00040
Week 2,12 Sep 2000,1.00039,1.00041
Week 3,19 Sep 2000,1.00038,1.00040
Week 4,26 Sep 2000,1.00009,1.00015

Week 1,03 Oct 2000,1.00045,1.00047
Week 2,10 Oct 2000,1.00046,1.00048
Week 3,17 Oct 2000,1.00044,1.00046
Week 4,24 Oct 2000,1.00038,1.00040

Week 1,31 Oct 2000,1.00053,1.00056
Week 2,07 Nov 2000,1.00059,1.00063
Week 3,14 Nov 2000,1.00035,1.00039
Week 4,21 Nov 2000,1.00056,1.00058

Week 1,28 Nov 2000,1.00037,1.00039
Week 2,05 Dec 2000,1.00031,1.00032
Week 3,12 Dec 2000,1.00068,1.00071
Week 4,19 Dec 2000,1.00064,1.00066

Week 1,26 Dec 2000,1.00113,1.00118
Week 2,02 Jan 2001,1.00064,1.00066
Week 3,09 Jan 2001,1.00044,1.00046
Week 4,16 Jan 2001,1.00031,1.00033

Week 1,23 Jan 2001,1.00031,1.00032
Week 2,30 Jan 2001,1.00029,1.00031
Week 3,06 Feb 2001,1.00027,1.00028
Week 4,13 Feb 2001,1.00030,1.00032

Week 1,20 Feb 2001,1.00023,1.00026
Week 2,27 Feb 2001,1.00026,1.00028
Week 3,06 Mar 2001,1.00027,1.00029
Week 4,13 Mar 2001,0.99978,1.00001

Week 1,20 Mar 2001,1.00039,1.00049
Week 2,27 Mar 2001,1.00079,1.00086
Week 3,03 Apr 2001,1.00055,1.00064
Week 4,10 Apr 2001,1.00073,1.00077

Week 1,17 Apr 2001,1.00039,1.00049
Week 2,24 Apr 2001,1.00042,1.00047
Week 3,01 May 2001,1.00055,1.00059
Week 4,08 May 2001,1.00053,1.00059

Week 1,15 May 2001,1.00035,1.00038
Week 2,22 May 2001,1.00036,1.00040
Week 3,29 May 2001,1.00028,1.00032
Week 4,05 Jun 2001,1.00023,1.00027

Week 1,12 Jun 2001,1.00027,1.00030
Week 2,19 Jun 2001,1.00036,1.00040
Week 3,26 Jun 2001,1.00024,1.00028
Week 4,03 Jul 2001,1.00030,1.00041

Week 1,10 Jul 2001,1.00063,1.00092
Week 2,17 Jul 2001,1.00079,1.00092
Week 3,24 Jul 2001,1.00091,1.00115
Week 4,31 Jul 2001,1.00074,1.00086

Week 1,07 Aug 2001,1.00070,1.00078
Week 2,14 Aug 2001,1.00082,1.00096
Week 3,21 Aug 2001,1.00081,1.00097
Week 4,28 Aug 2001,1.00094,1.00107

Week 1,04 Sep 2001,1.00068,1.00078
Week 2,11 Sep 2001,1.00080,1.00089
Week 3,18 Sep 2001,1.00056,1.00056
Week 4,25 Sep 2001,1.00040,1.00040

Week 1,02 Oct 2001,1.00040,1.00040
Week 2,09 Oct 2001,1.00040,1.00040
Week 3,16 Oct 2001,1.00040,1.00040
Week 4,23 Oct 2001,1.00040,1.00040

Week 1,30 Oct 2001,1.00040,1.00040
Week 2,06 Nov 2001,1.00040,1.00040
Week 3,13 Nov 2001,1.00040,1.00040
Week 4,20 Nov 2001,1.00080,1.00080

Week 1,27 Nov 2001,1.00080,1.00080
Week 2,04 Dec 2001,1.00080,1.00080
Week 3,11 Dec 2001,1.00080,1.00080
Week 4,18 Dec 2001,1.00080,1.00080

Week 1,25 Dec 2001,1.00454,1.00599
Week 2,01 Jan 2002,1.00604,1.00806
Week 3,08 Jan 2002,0.71429,0.71429
Week 4,15 Jan 2002,0.71429,0.71429

Week 1,22 Jan 2002,0.55328,0.56600
Week 2,29 Jan 2002,0.54458,0.54629
Week 3,05 Feb 2002,0.49382,0.49463
Week 4,12 Feb 2002,0.49383,0.49505

Week 1,19 Feb 2002,0.47197,0.47369
Week 2,26 Feb 2002,0.46375,0.46498
Week 3,05 Mar 2002,0.46259,0.46353
Week 4,12 Mar 2002,0.42489,0.43267

Week 1,19 Mar 2002,0.40816,0.41667
Week 2,26 Mar 2002,0.33077,0.33555
Week 3,02 Apr 2002,0.35210,0.35642
Week 4,09 Apr 2002,0.35608,0.35882

Week 1,16 Apr 2002,0.34903,0.35166
Week 2,23 Apr 2002,0.31847,0.32205
Week 3,30 Apr 2002,0.32915,0.33199
Week 4,07 May 2002,0.31292,0.31560

Week 1,14 May 2002,0.31084,0.31223
Week 2,21 May 2002,0.31056,0.31153
Week 3,28 May 2002,0.28223,0.28395
Week 4,04 Jun 2002,0.27473,0.27625

Week 1,11 Jun 2002,0.28618,0.28783
Week 2,18 Jun 2002,0.27764,0.27887
Week 3,25 Jun 2002,0.26150,0.26288
Week 4,02 Jul 2002,0.27627,0.27725

Week 1,09 Jul 2002,0.28046,0.28204
Week 2,16 Jul 2002,0.28079,0.28181
Week 3,23 Jul 2002,0.27443,0.27572
Week 4,30 Jul 2002,0.27413,0.27554

Week 1,06 Aug 2002,0.27494,0.27581
Week 2,13 Aug 2002,0.27494,0.27570
Week 3,20 Aug 2002,0.27734,0.27856
Week 4,27 Aug 2002,0.27559,0.27646

Week 1,03 Sep 2002,0.27516,0.27647
Week 2,10 Sep 2002,0.27516,0.27603
Week 3,17 Sep 2002,0.27302,0.27419
Week 4,24 Sep 2002,0.27227,0.27301

Week 1,01 Oct 2002,0.26657,0.26738
Week 2,08 Oct 2002,0.26883,0.26976
Week 3,15 Oct 2002,0.27475,0.27572
Week 4,22 Oct 2002,0.27690,0.27767

Week 1,29 Oct 2002,0.28182,0.28261
Week 2,05 Nov 2002,0.28169,0.28249
Week 3,12 Nov 2002,0.28215,0.28294
Week 4,19 Nov 2002,0.28479,0.28513

Week 1,26 Nov 2002,0.28607,0.28689
Week 2,03 Dec 2002,0.28261,0.28424
Week 3,10 Dec 2002,0.28502,0.28593
Week 4,17 Dec 2002,0.28609,0.28691

Week 1,24 Dec 2002,0.29229,0.29351
Week 2,31 Dec 2002,0.29750,0.30016
Week 3,07 Jan 2003,0.30018,0.30160
Week 4,14 Jan 2003,0.30583,0.30690

Week 1,21 Jan 2003,0.31872,0.31944
Week 2,28 Jan 2003,0.30638,0.30732
Week 3,04 Feb 2003,0.31632,0.31732
Week 4,11 Feb 2003,0.31935,0.32022

Week 1,18 Feb 2003,0.31574,0.31674
Week 2,25 Feb 2003,0.31321,0.31490
Week 3,04 Mar 2003,0.31390,0.31503
Week 4,11 Mar 2003,0.31936,0.32038

Week 1,18 Mar 2003,0.32944,0.33052
Week 2,25 Mar 2003,0.34357,0.34475
Week 3,01 Apr 2003,0.33713,0.34178
Week 4,08 Apr 2003,0.34217,0.34473

Week 1,15 Apr 2003,0.33613,0.34173
Week 2,22 Apr 2003,0.33815,0.34849
Week 3,29 Apr 2003,0.33815,0.35305
Week 4,06 May 2003,0.35391,0.36012

Week 1,13 May 2003,0.34891,0.35769
Week 2,20 May 2003,0.34660,0.34936
Week 3,27 May 2003,0.34065,0.34757
Week 4,03 Jun 2003,0.35063,0.35359

Week 1,10 Jun 2003,0.33886,0.35620
Week 2,17 Jun 2003,0.33613,0.35739
Week 3,24 Jun 2003,0.33914,0.35992
Week 4,01 Jul 2003,0.33613,0.35797

Week 1,08 Jul 2003,0.33613,0.36123
Week 2,15 Jul 2003,0.33965,0.35929
Week 3,22 Jul 2003,0.35365,0.35759
Week 4,29 Jul 2003,0.34229,0.34562

Week 1,05 Aug 2003,0.33728,0.34203
Week 2,12 Aug 2003,0.34452,0.34599
Week 3,19 Aug 2003,0.33613,0.34345
Week 4,26 Aug 2003,0.33909,0.34133

Week 1,02 Sep 2003,0.33898,0.34130
Week 2,09 Sep 2003,0.33654,0.34272
Week 3,16 Sep 2003,0.33754,0.34664
Week 4,23 Sep 2003,0.34083,0.34750

Week 1,30 Sep 2003,0.33969,0.34790
Week 2,07 Oct 2003,0.34433,0.35335
Week 3,14 Oct 2003,0.34237,0.35502
Week 4,21 Oct 2003,0.34470,0.35341

Week 1,28 Oct 2003,0.34329,0.35273
Week 2,04 Nov 2003,0.34528,0.35302
Week 3,11 Nov 2003,0.34188,0.35216
Week 4,18 Nov 2003,0.34281,0.35243

Week 1,25 Nov 2003,0.33647,0.34138
Week 2,02 Dec 2003,0.33469,0.33844
Week 3,09 Dec 2003,0.33740,0.34039
Week 4,16 Dec 2003,0.33507,0.33997

Week 1,23 Dec 2003,0.33508,0.34103
Week 2,30 Dec 2003,0.33884,0.34370
Week 3,06 Jan 2004,0.34452,0.34843
Week 4,13 Jan 2004,0.34640,0.35167

Week 1,20 Jan 2004,0.34283,0.34637
Week 2,27 Jan 2004,0.33947,0.34796
Week 3,03 Feb 2004,0.33759,0.34109
Week 4,10 Feb 2004,0.33932,0.34327

Week 1,17 Feb 2004,0.33964,0.34336
Week 2,24 Feb 2004,0.33976,0.34374
Week 3,02 Mar 2004,0.34049,0.34443
Week 4,09 Mar 2004,0.34093,0.34514

Week 1,16 Mar 2004,0.34313,0.34740
Week 2,23 Mar 2004,0.34590,0.35010
Week 3,30 Mar 2004,0.34777,0.35279
Week 4,06 Apr 2004,0.35219,0.35767

Week 1,13 Apr 2004,0.35181,0.35738
Week 2,20 Apr 2004,0.34800,0.35245
Week 3,27 Apr 2004,0.34748,0.35431
Week 4,04 May 2004,0.34646,0.35075

Week 1,11 May 2004,0.33880,0.34440
Week 2,18 May 2004,0.34206,0.35105
Week 3,25 May 2004,0.33831,0.34700
Week 4,01 Jun 2004,0.33348,0.34187

Week 1,08 Jun 2004,0.33407,0.34043
Week 2,15 Jun 2004,0.33548,0.34085
Week 3,22 Jun 2004,0.33588,0.34230
Week 4,29 Jun 2004,0.33784,0.33890

Week 1,06 Jul 2004,0.33692,0.34116
Week 2,13 Jul 2004,0.33835,0.34159
Week 3,20 Jul 2004,0.33646,0.33968
Week 4,27 Jul 2004,0.33501,0.33711

Week 1,03 Aug 2004,0.32823,0.33024
Week 2,10 Aug 2004,0.33080,0.33190
Week 3,17 Aug 2004,0.33139,0.33297
Week 4,24 Aug 2004,0.33292,0.33340

Week 1,31 Aug 2004,0.33178,0.33461
Week 2,07 Sep 2004,0.33174,0.33465
Week 3,14 Sep 2004,0.33276,0.33549
Week 4,21 Sep 2004,0.33183,0.33467

Week 1,28 Sep 2004,0.33154,0.33864
Week 2,05 Oct 2004,0.33557,0.33952
Week 3,12 Oct 2004,0.33416,0.33910
Week 4,19 Oct 2004,0.33691,0.33879

Week 1,26 Oct 2004,0.33554,0.33659
Week 2,02 Nov 2004,0.33755,0.33792
Week 3,09 Nov 2004,0.33568,0.33838
Week 4,16 Nov 2004,0.33695,0.34177

Week 1,23 Nov 2004,0.33862,0.34128
Week 2,30 Nov 2004,0.33744,0.33825
Week 3,07 Dec 2004,0.33520,0.33586
Week 4,14 Dec 2004,0.33538,0.33601

Week 1,21 Dec 2004,0.33769,0.33828
Week 2,28 Dec 2004,0.33474,0.33821
Week 3,04 Jan 2005,0.33670,0.33768
Week 4,11 Jan 2005,0.33909,0.33953

Week 1,18 Jan 2005,0.33782,0.34233
Week 2,25 Jan 2005,0.33712,0.34565
Week 3,01 Feb 2005,0.33781,0.34642
Week 4,08 Feb 2005,0.33900,0.34781

Week 1,15 Feb 2005,0.34349,0.34425
Week 2,22 Feb 2005,0.33934,0.34396
Week 3,01 Mar 2005,0.33940,0.34014
Week 4,08 Mar 2005,0.34138,0.34222

Week 1,15 Mar 2005,0.34237,0.34295
Week 2,22 Mar 2005,0.34277,0.34342
Week 3,29 Mar 2005,0.34233,0.34266
Week 4,05 Apr 2005,0.34407,0.34499

Week 1,12 Apr 2005,0.34549,0.34610
Week 2,19 Apr 2005,0.34429,0.34517
Week 3,26 Apr 2005,0.34386,0.34466
Week 4,03 May 2005,0.34468,0.34529

Week 1,10 May 2005,0.34505,0.34573
Week 2,17 May 2005,0.34607,0.34702
Week 3,24 May 2005,0.34649,0.34679
Week 4,31 May 2005,0.34628,0.34658

Week 1,07 Jun 2005,0.34551,0.34591
Week 2,14 Jun 2005,0.34774,0.34805
Week 3,21 Jun 2005,0.34791,0.34822
Week 4,28 Jun 2005,0.34602,0.34632

Week 1,05 Jul 2005,0.34744,0.34774
Week 2,12 Jul 2005,0.34409,0.35352
Week 3,19 Jul 2005,0.34429,0.35370
Week 4,26 Jul 2005,0.34930,0.34961

Week 1,02 Aug 2005,0.34929,0.34963
Week 2,09 Aug 2005,0.34744,0.34778
Week 3,16 Aug 2005,0.34526,0.34608
Week 4,23 Aug 2005,0.34352,0.34424

Week 1,30 Aug 2005,0.34326,0.34385
Week 2,06 Sep 2005,0.34354,0.34413
Week 3,13 Sep 2005,0.34265,0.34328
Week 4,20 Sep 2005,0.34321,0.34380

Week 1,27 Sep 2005,0.34307,0.34397
Week 2,04 Oct 2005,0.34138,0.34179
Week 3,11 Oct 2005,0.33727,0.33766
Week 4,18 Oct 2005,0.33576,0.33619

Week 1,25 Oct 2005,0.33321,0.33351
Week 2,01 Nov 2005,0.33412,0.33481
Week 3,08 Nov 2005,0.33660,0.33693
Week 4,15 Nov 2005,0.33915,0.33944

Week 1,22 Nov 2005,0.33817,0.33965
Week 2,29 Nov 2005,0.33583,0.33611
Week 3,06 Dec 2005,0.32971,0.33859
Week 4,13 Dec 2005,0.33027,0.33472

Week 1,20 Dec 2005,0.32916,0.33032
Week 2,27 Dec 2005,0.32920,0.32947
Week 3,03 Jan 2006,0.32846,0.32871
Week 4,10 Jan 2006,0.32595,0.33067

Week 1,17 Jan 2006,0.32489,0.33329
Week 2,24 Jan 2006,0.32379,0.33198
Week 3,31 Jan 2006,0.32225,0.32986
Week 4,07 Feb 2006,0.32153,0.32981

Week 1,14 Feb 2006,0.32230,0.33072
Week 2,21 Feb 2006,0.32145,0.32977
Week 3,28 Feb 2006,0.32204,0.33035
Week 4,07 Mar 2006,0.32256,0.32680

Week 1,14 Mar 2006,0.32142,0.32956
Week 2,21 Mar 2006,0.32074,0.33088
Week 3,28 Mar 2006,0.31651,0.33400
Week 4,04 Apr 2006,0.31713,0.33181

Week 1,11 Apr 2006,0.31332,0.33723
Week 2,18 Apr 2006,0.31794,0.33527
Week 3,25 Apr 2006,0.32497,0.33235
Week 4,02 May 2006,0.32850,0.32905

Week 1,09 May 2006,0.32883,0.32983
Week 2,16 May 2006,0.32761,0.32841
Week 3,23 May 2006,0.32469,0.32545
Week 4,30 May 2006,0.32424,0.32500

Week 1,06 Jun 2006,0.32428,0.32498
Week 2,13 Jun 2006,0.32424,0.32514
Week 3,20 Jun 2006,0.32431,0.32510
Week 4,27 Jun 2006,0.32393,0.32473

Week 1,04 Jul 2006,0.32378,0.32459
Week 2,11 Jul 2006,0.32368,0.32474
Week 3,18 Jul 2006,0.32414,0.32494
Week 4,25 Jul 2006,0.32456,0.32536

Week 1,01 Aug 2006,0.32538,0.32616
Week 2,08 Aug 2006,0.32538,0.32620
Week 3,15 Aug 2006,0.32458,0.32534
Week 4,22 Aug 2006,0.32356,0.32433

Week 1,29 Aug 2006,0.32183,0.32433
Week 2,05 Sep 2006,0.32238,0.32318
Week 3,12 Sep 2006,0.32215,0.32293
Week 4,19 Sep 2006,0.32225,0.32306

Week 1,26 Sep 2006,0.32192,0.32277
Week 2,03 Oct 2006,0.32180,0.32252
Week 3,10 Oct 2006,0.32173,0.32256
Week 4,17 Oct 2006,0.32270,0.32340

Week 1,24 Oct 2006,0.32313,0.32397
Week 2,31 Oct 2006,0.32349,0.32422
Week 3,07 Nov 2006,0.32480,0.32558
Week 4,14 Nov 2006,0.32508,0.32589

Week 1,21 Nov 2006,0.32489,0.32568
Week 2,28 Nov 2006,0.32525,0.32608
Week 3,05 Dec 2006,0.32670,0.32748
Week 4,12 Dec 2006,0.32666,0.32748

Week 1,19 Dec 2006,0.32710,0.32786
Week 2,26 Dec 2006,0.32588,0.32663
Week 3,02 Jan 2007,0.32591,0.32663
Week 4,09 Jan 2007,0.32424,0.32496

Week 1,16 Jan 2007,0.32407,0.32478
Week 2,23 Jan 2007,0.32224,0.32301
Week 3,30 Jan 2007,0.32186,0.32264
Week 4,06 Feb 2007,0.32158,0.32238

Week 1,13 Feb 2007,0.32192,0.32267
Week 2,20 Feb 2007,0.32171,0.32253
Week 3,27 Feb 2007,0.32232,0.32312
Week 4,06 Mar 2007,0.32195,0.32270

Week 1,13 Mar 2007,0.32212,0.32288
Week 2,20 Mar 2007,0.32227,0.32300
Week 3,27 Mar 2007,0.32197,0.32278
Week 4,03 Apr 2007,0.32223,0.32291

Week 1,10 Apr 2007,0.32301,0.32371
Week 2,17 Apr 2007,0.32363,0.32444
Week 3,24 Apr 2007,0.32359,0.32434
Week 4,01 May 2007,0.32379,0.32451

Week 1,08 May 2007,0.32400,0.32527
Week 2,15 May 2007,0.32456,0.32540
Week 3,22 May 2007,0.32418,0.32499
Week 4,29 May 2007,0.32360,0.32586

Week 1,05 Jun 2007,0.32475,0.32546
Week 2,12 Jun 2007,0.32451,0.32696
Week 3,19 Jun 2007,0.32326,0.32679
Week 4,26 Jun 2007,0.32308,0.32492

Week 1,03 Jul 2007,0.32207,0.32390
Week 2,10 Jul 2007,0.32181,0.32272
Week 3,17 Jul 2007,0.32085,0.32365
Week 4,24 Jul 2007,0.31658,0.31977

Week 1,31 Jul 2007,0.31837,0.32112
Week 2,07 Aug 2007,0.31801,0.31869
Week 3,14 Aug 2007,0.31699,0.31770
Week 4,21 Aug 2007,0.31512,0.31657

Week 1,28 Aug 2007,0.31487,0.31730
Week 2,04 Sep 2007,0.31536,0.31761
Week 3,11 Sep 2007,0.31745,0.31929
Week 4,18 Sep 2007,0.31812,0.31984

Week 1,25 Sep 2007,0.31679,0.31921
Week 2,02 Oct 2007,0.31642,0.31812
Week 3,09 Oct 2007,0.31608,0.31756
Week 4,16 Oct 2007,0.31596,0.31659

Week 1,23 Oct 2007,0.31412,0.31648
Week 2,30 Oct 2007,0.31724,0.31905
Week 3,06 Nov 2007,0.31815,0.32080
Week 4,13 Nov 2007,0.31914,0.31977

Week 1,20 Nov 2007,0.31713,0.31955
Week 2,27 Nov 2007,0.31710,0.31822
Week 3,04 Dec 2007,0.31799,0.31970
Week 4,11 Dec 2007,0.31812,0.31875

Week 1,18 Dec 2007,0.31834,0.31922
Week 2,25 Dec 2007,0.31766,0.31999
Week 3,01 Jan 2008,0.31569,0.31909
Week 4,08 Jan 2008,0.31861,0.32034

Week 1,15 Jan 2008,0.31752,0.31838
Week 2,22 Jan 2008,0.31521,0.31859
Week 3,29 Jan 2008,0.31566,0.31772
Week 4,05 Feb 2008,0.31433,0.31777

Week 1,12 Feb 2008,0.31555,0.31765
Week 2,19 Feb 2008,0.31623,0.31830
Week 3,26 Feb 2008,0.31533,0.31812
Week 4,04 Mar 2008,0.31660,0.31746

Week 1,11 Mar 2008,0.31626,0.31898
Week 2,18 Mar 2008,0.31773,0.31973
Week 3,25 Mar 2008,0.31516,0.31729
Week 4,01 Apr 2008,0.31465,0.31754

Week 1,08 Apr 2008,0.31647,0.31723
Week 2,15 Apr 2008,0.31381,0.31708
Week 3,22 Apr 2008,0.31372,0.31575
Week 4,29 Apr 2008,0.31449,0.31645

Week 1,06 May 2008,0.31444,0.31502
Week 2,13 May 2008,0.31444,0.31781
Week 3,20 May 2008,0.31800,0.31919
Week 4,27 May 2008,0.32051,0.32140

Week 1,03 Jun 2008,0.32545,0.32644
Week 2,10 Jun 2008,0.32658,0.32728
Week 3,17 Jun 2008,0.32866,0.33094
Week 4,24 Jun 2008,0.33067,0.33130

Week 1,01 Jul 2008,0.32995,0.33081
Week 2,08 Jul 2008,0.33084,0.33243
Week 3,15 Jul 2008,0.33021,0.33095
Week 4,22 Jul 2008,0.33070,0.33133

Week 1,29 Jul 2008,0.32964,0.33027
Week 2,05 Aug 2008,0.32665,0.32964
Week 3,12 Aug 2008,0.32882,0.33026
Week 4,19 Aug 2008,0.32914,0.33138

Week 1,26 Aug 2008,0.32931,0.33159
Week 2,02 Sep 2008,0.32832,0.33066
Week 3,09 Sep 2008,0.32562,0.32630
Week 4,16 Sep 2008,0.32192,0.32504

Week 1,23 Sep 2008,0.32105,0.32255
Week 2,30 Sep 2008,0.31746,0.31968
Week 3,07 Oct 2008,0.30921,0.31172
Week 4,14 Oct 2008,0.31110,0.31201

Week 1,21 Oct 2008,0.30777,0.31091
Week 2,28 Oct 2008,0.29754,0.29946
Week 3,04 Nov 2008,0.29903,0.30196
Week 4,11 Nov 2008,0.30124,0.30283

Week 1,18 Nov 2008,0.29952,0.30116
Week 2,25 Nov 2008,0.29730,0.29941
Week 3,02 Dec 2008,0.29154,0.29284
Week 4,09 Dec 2008,0.29054,0.29370

Week 1,16 Dec 2008,0.29223,0.29477
Week 2,23 Dec 2008,0.29103,0.29436
Week 3,30 Dec 2008,0.28744,0.28952
Week 4,06 Jan 2009,0.28720,0.28989

Week 1,13 Jan 2009,0.28951,0.29060
Week 2,20 Jan 2009,0.28893,0.28959
Week 3,27 Jan 2009,0.28577,0.28840
Week 4,03 Feb 2009,0.28659,0.28716

Week 1,10 Feb 2009,0.28565,0.28716
Week 2,17 Feb 2009,0.28451,0.28818
Week 3,24 Feb 2009,0.28012,0.28314
Week 4,03 Mar 2009,0.27601,0.27671

Week 1,10 Mar 2009,0.27357,0.27639
Week 2,17 Mar 2009,0.27376,0.27478
Week 3,24 Mar 2009,0.27051,0.27100
Week 4,31 Mar 2009,0.26973,0.27022

Week 1,07 Apr 2009,0.27195,0.27246
Week 2,14 Apr 2009,0.26950,0.27021
Week 3,21 Apr 2009,0.27011,0.27138
Week 4,28 Apr 2009,0.26913,0.26973

Week 1,05 May 2009,0.26897,0.26946
Week 2,12 May 2009,0.26745,0.26915
Week 3,19 May 2009,0.26797,0.26858
Week 4,26 May 2009,0.26708,0.26755

Week 1,02 Jun 2009,0.26621,0.26807
Week 2,09 Jun 2009,0.26553,0.26607
Week 3,16 Jun 2009,0.26470,0.26560
Week 4,23 Jun 2009,0.26366,0.26430

Week 1,30 Jun 2009,0.26302,0.26357
Week 2,07 Jul 2009,0.26258,0.26303
Week 3,14 Jul 2009,0.26166,0.26388
Week 4,21 Jul 2009,0.26136,0.26376

Week 1,28 Jul 2009,0.26139,0.26193
Week 2,04 Aug 2009,0.25952,0.26165
Week 3,11 Aug 2009,0.26045,0.26097
Week 4,18 Aug 2009,0.25917,0.26083

Week 1,25 Aug 2009,0.25851,0.26080
Week 2,01 Sep 2009,0.25962,0.26015
Week 3,08 Sep 2009,0.25942,0.25984
Week 4,15 Sep 2009,0.25965,0.26190

Week 1,22 Sep 2009,0.25936,0.26176
Week 2,29 Sep 2009,0.25965,0.26106
Week 3,06 Oct 2009,0.26045,0.26109
Week 4,13 Oct 2009,0.26045,0.26269

Week 1,20 Oct 2009,0.26141,0.26191
Week 2,27 Oct 2009,0.26026,0.26257
Week 3,03 Nov 2009,0.26185,0.26237
Week 4,10 Nov 2009,0.26213,0.26255

Week 1,17 Nov 2009,0.26145,0.26364
Week 2,24 Nov 2009,0.26224,0.26445
Week 3,01 Dec 2009,0.26224,0.26292
Week 4,08 Dec 2009,0.26117,0.26344

Week 1,15 Dec 2009,0.26232,0.26285
Week 2,22 Dec 2009,0.26121,0.26538
Week 3,29 Dec 2009,0.26030,0.26452
Week 4,05 Jan 2010,0.26306,0.26386

Week 1,12 Jan 2010,0.26230,0.26457
Week 2,19 Jan 2010,0.26266,0.26321
Week 3,26 Jan 2010,0.26150,0.26231
Week 4,02 Feb 2010,0.26049,0.26093

Week 1,09 Feb 2010,0.25970,0.26015
Week 2,16 Feb 2010,0.25864,0.26064
Week 3,23 Feb 2010,0.25829,0.26051
Week 4,02 Mar 2010,0.25827,0.26099

Week 1,09 Mar 2010,0.25892,0.25947
Week 2,16 Mar 2010,0.25866,0.25922
Week 3,23 Mar 2010,0.25822,0.25909
Week 4,30 Mar 2010,0.25652,0.26004

Week 1,06 Apr 2010,0.25738,0.25888
Week 2,13 Apr 2010,0.25704,0.25896
Week 3,20 Apr 2010,0.25821,0.25878
Week 4,27 Apr 2010,0.25750,0.25842

Week 1,04 May 2010,0.25538,0.25780
Week 2,11 May 2010,0.25582,0.25719
Week 3,18 May 2010,0.25590,0.25667
Week 4,25 May 2010,0.25464,0.25603

Week 1,01 Jun 2010,0.25277,0.25529
Week 2,08 Jun 2010,0.25482,0.25542
Week 3,15 Jun 2010,0.25396,0.25563
Week 4,22 Jun 2010,0.25477,0.25524

Week 1,29 Jun 2010,0.25362,0.25548
Week 2,06 Jul 2010,0.25403,0.25450
Week 3,13 Jul 2010,0.25286,0.25543
Week 4,20 Jul 2010,0.25341,0.25483

Week 1,27 Jul 2010,0.25387,0.25431
Week 2,03 Aug 2010,0.25401,0.25444
Week 3,10 Aug 2010,0.25400,0.25445
Week 4,17 Aug 2010,0.25311,0.25539

Week 1,24 Aug 2010,0.25262,0.25517
Week 2,31 Aug 2010,0.25244,0.25481
Week 3,07 Sep 2010,0.25290,0.25348
Week 4,14 Sep 2010,0.25218,0.25408

Week 1,21 Sep 2010,0.25290,0.25334
Week 2,28 Sep 2010,0.25228,0.25270
Week 3,05 Oct 2010,0.25176,0.25377
Week 4,12 Oct 2010,0.25223,0.25360

Week 1,19 Oct 2010,0.25260,0.25312
Week 2,26 Oct 2010,0.25282,0.25324
Week 3,02 Nov 2010,0.25255,0.25297
Week 4,09 Nov 2010,0.25218,0.25259

Week 1,16 Nov 2010,0.25175,0.25217
Week 2,23 Nov 2010,0.25150,0.25193
Week 3,30 Nov 2010,0.25120,0.25163
Week 4,07 Dec 2010,0.25130,0.25173

Week 1,14 Dec 2010,0.25143,0.25206
Week 2,21 Dec 2010,0.25010,0.25334
Week 3,28 Dec 2010,0.25038,0.25313
Week 4,04 Jan 2011,0.25127,0.25171

Week 1,11 Jan 2011,0.25101,0.25261
Week 2,18 Jan 2011,0.25031,0.25334
Week 3,25 Jan 2011,0.25024,0.25105
Week 4,01 Feb 2011,0.24879,0.24991

Week 1,08 Feb 2011,0.24873,0.24932
Week 2,15 Feb 2011,0.24848,0.24889
Week 3,22 Feb 2011,0.24815,0.24856
Week 4,01 Mar 2011,0.24802,0.24842

Week 1,08 Mar 2011,0.24812,0.24852
Week 2,15 Mar 2011,0.24779,0.24818
Week 3,22 Mar 2011,0.24701,0.24780
Week 4,29 Mar 2011,0.24664,0.24740

Week 1,05 Apr 2011,0.24687,0.24735
Week 2,12 Apr 2011,0.24609,0.24647
Week 3,19 Apr 2011,0.24511,0.24548
Week 4,26 Apr 2011,0.24515,0.24552

Week 1,03 May 2011,0.24411,0.24447
Week 2,10 May 2011,0.24442,0.24488
Week 3,17 May 2011,0.24445,0.24527
Week 4,24 May 2011,0.24463,0.24501

Week 1,31 May 2011,0.24468,0.24506
Week 2,07 Jun 2011,0.24317,0.24497
Week 3,14 Jun 2011,0.24381,0.24452
Week 4,21 Jun 2011,0.24369,0.24403

Week 1,28 Jun 2011,0.24361,0.24396
Week 2,05 Jul 2011,0.24348,0.24386
Week 3,12 Jul 2011,0.24300,0.24340
Week 4,19 Jul 2011,0.24203,0.24240

Week 1,26 Jul 2011,0.24167,0.24204
Week 2,02 Aug 2011,0.24089,0.24199
Week 3,09 Aug 2011,0.24058,0.24104
Week 4,16 Aug 2011,0.23952,0.24058

Week 1,23 Aug 2011,0.23897,0.23933
Week 2,30 Aug 2011,0.23817,0.23852
Week 3,06 Sep 2011,0.23756,0.23793
Week 4,13 Sep 2011,0.23779,0.23816

Week 1,20 Sep 2011,0.23771,0.23809
Week 2,27 Sep 2011,0.23706,0.23744
Week 3,04 Oct 2011,0.23667,0.23759
Week 4,11 Oct 2011,0.23672,0.23867

Week 1,18 Oct 2011,0.23648,0.23718
Week 2,25 Oct 2011,0.23603,0.23639
Week 3,01 Nov 2011,0.23536,0.23572
Week 4,08 Nov 2011,0.23451,0.23487

Week 1,15 Nov 2011,0.23358,0.23505
Week 2,22 Nov 2011,0.23432,0.23502
Week 3,29 Nov 2011,0.23291,0.23430
Week 4,06 Dec 2011,0.23355,0.23392

Week 1,13 Dec 2011,0.23307,0.23387
Week 2,20 Dec 2011,0.23292,0.23329
Week 3,27 Dec 2011,0.23240,0.23277
Week 4,03 Jan 2012,0.23185,0.23223

Week 1,10 Jan 2012,0.23165,0.23203
Week 2,17 Jan 2012,0.23146,0.23184
Week 3,24 Jan 2012,0.23069,0.23108
Week 4,31 Jan 2012,0.23066,0.23103

Week 1,07 Feb 2012,0.23021,0.23060
Week 2,14 Feb 2012,0.22985,0.23021
Week 3,21 Feb 2012,0.22964,0.23000
Week 4,28 Feb 2012,0.22949,0.23042

Week 1,06 Mar 2012,0.23044,0.23080
Week 2,13 Mar 2012,0.22974,0.23010
Week 3,20 Mar 2012,0.22854,0.23010
Week 4,27 Mar 2012,0.22836,0.22903

Week 1,03 Apr 2012,0.22815,0.22851
Week 2,10 Apr 2012,0.22703,0.22841
Week 3,17 Apr 2012,0.22692,0.22759
Week 4,24 Apr 2012,0.22647,0.22682

Week 1,01 May 2012,0.22527,0.22694
Week 2,08 May 2012,0.22497,0.22564
Week 3,15 May 2012,0.22461,0.22496
Week 4,22 May 2012,0.22295,0.22472

Week 1,29 May 2012,0.22287,0.22556
Week 2,05 Jun 2012,0.22255,0.22460
Week 3,12 Jun 2012,0.22209,0.22409
Week 4,19 Jun 2012,0.22180,0.22300

Week 1,26 Jun 2012,0.22118,0.22204
Week 2,03 Jul 2012,0.21943,0.22148
Week 3,10 Jul 2012,0.21958,0.22164
Week 4,17 Jul 2012,0.21914,0.22001

Week 1,24 Jul 2012,0.21838,0.21921
Week 2,31 Jul 2012,0.21785,0.21909
Week 3,07 Aug 2012,0.21745,0.21779
Week 4,14 Aug 2012,0.21671,0.21705

Week 1,21 Aug 2012,0.21599,0.21746
Week 2,28 Aug 2012,0.21567,0.21640
Week 3,04 Sep 2012,0.21480,0.21565
Week 4,11 Sep 2012,0.21380,0.21543

Week 1,18 Sep 2012,0.21336,0.21424
Week 2,25 Sep 2012,0.21279,0.21355
Week 3,02 Oct 2012,0.21234,0.21308
Week 4,09 Oct 2012,0.21182,0.21274

Week 1,16 Oct 2012,0.21106,0.21205
Week 2,23 Oct 2012,0.21039,0.21115
Week 3,30 Oct 2012,0.20933,0.21039
Week 4,06 Nov 2012,0.20866,0.21029

Week 1,13 Nov 2012,0.20851,0.20917
Week 2,20 Nov 2012,0.20725,0.20899
Week 3,27 Nov 2012,0.20634,0.20791
Week 4,04 Dec 2012,0.20575,0.20663

Week 1,11 Dec 2012,0.20486,0.20635
Week 2,18 Dec 2012,0.20412,0.20468
Week 3,25 Dec 2012,0.20336,0.20430
Week 4,01 Jan 2013,0.20292,0.20359

Week 1,08 Jan 2013,0.20240,0.20310
Week 2,15 Jan 2013,0.20150,0.20255
Week 3,22 Jan 2013,0.20124,0.20204
Week 4,29 Jan 2013,0.20052,0.20145

Week 1,05 Feb 2013,0.19995,0.20073
Week 2,12 Feb 2013,0.19951,0.20031
Week 3,19 Feb 2013,0.19856,0.19989
Week 4,26 Feb 2013,0.19783,0.19900

Week 1,05 Mar 2013,0.19685,0.19799
Week 2,12 Mar 2013,0.19652,0.19714
Week 3,19 Mar 2013,0.19561,0.19624
Week 4,26 Mar 2013,0.19487,0.19599

Week 1,02 Apr 2013,0.19403,0.19610
Week 2,09 Apr 2013,0.19403,0.19552
Week 3,16 Apr 2013,0.19330,0.19451
Week 4,23 Apr 2013,0.19322,0.19362

Week 1,30 Apr 2013,0.19224,0.19336
Week 2,07 May 2013,0.19115,0.19234
Week 3,14 May 2013,0.19086,0.19123
Week 4,21 May 2013,0.18974,0.19081

Week 1,28 May 2013,0.18902,0.19010
Week 2,04 Jun 2013,0.18801,0.18958
Week 3,11 Jun 2013,0.18766,0.18853
Week 4,18 Jun 2013,0.18647,0.18747

Week 1,25 Jun 2013,0.18534,0.18667
Week 2,02 Jul 2013,0.18500,0.18557
Week 3,09 Jul 2013,0.18424,0.18526
Week 4,16 Jul 2013,0.18325,0.18461

Week 1,23 Jul 2013,0.18231,0.18358
Week 2,30 Jul 2013,0.18148,0.18211
Week 3,06 Aug 2013,0.18004,0.18131
Week 4,13 Aug 2013,0.17886,0.18030

Week 1,20 Aug 2013,0.17791,0.17914
Week 2,27 Aug 2013,0.17657,0.17734
Week 3,03 Sep 2013,0.17530,0.17658
Week 4,10 Sep 2013,0.17460,0.17539

Week 1,17 Sep 2013,0.17388,0.17422
Week 2,24 Sep 2013,0.17273,0.17363
Week 3,01 Oct 2013,0.17197,0.17260
Week 4,08 Oct 2013,0.17137,0.17199

Week 1,15 Oct 2013,0.17080,0.17145
Week 2,22 Oct 2013,0.17006,0.17111
Week 3,29 Oct 2013,0.16901,0.16966
Week 4,05 Nov 2013,0.16769,0.16833

Week 1,12 Nov 2013,0.16688,0.16768
Week 2,19 Nov 2013,0.16529,0.16547
Week 3,26 Nov 2013,0.16336,0.16393
Week 4,03 Dec 2013,0.16109,0.16170

Week 1,10 Dec 2013,0.15919,0.15994
Week 2,17 Dec 2013,0.15687,0.15714
Week 3,24 Dec 2013,0.15436,0.15526
Week 4,31 Dec 2013,0.15278,0.15332

Week 1,07 Jan 2014,0.15106,0.15162
Week 2,14 Jan 2014,0.14816,0.14865
Week 3,21 Jan 2014,0.13692,0.13758
Week 4,28 Jan 2014,0.12467,0.12502

Week 1,04 Feb 2014,0.12594,0.12656
Week 2,11 Feb 2014,0.12758,0.12828
Week 3,18 Feb 2014,0.12803,0.12851
Week 4,25 Feb 2014,0.12673,0.12734

Week 1,04 Mar 2014,0.12676,0.12706
Week 2,11 Mar 2014,0.12679,0.12723
Week 3,18 Mar 2014,0.12564,0.12630
Week 4,25 Mar 2014,0.12483,0.12546

Week 1,01 Apr 2014,0.12465,0.12532
Week 2,08 Apr 2014,0.12464,0.12529
Week 3,15 Apr 2014,0.12465,0.12517
Week 4,22 Apr 2014,0.12479,0.12509

Week 1,29 Apr 2014,0.12490,0.12511
Week 2,06 May 2014,0.12490,0.12507
Week 3,13 May 2014,0.12426,0.12464
Week 4,20 May 2014,0.12395,0.12416

Week 1,27 May 2014,0.12377,0.12401
Week 2,03 Jun 2014,0.12323,0.12333
Week 3,10 Jun 2014,0.12291,0.12309
Week 4,17 Jun 2014,0.12289,0.12307

Week 1,24 Jun 2014,0.12288,0.12305
Week 2,01 Jul 2014,0.12284,0.12297
Week 3,08 Jul 2014,0.12270,0.12287
Week 4,15 Jul 2014,0.12252,0.12293

Week 1,22 Jul 2014,0.12236,0.12257
Week 2,29 Jul 2014,0.12181,0.12198
Week 3,05 Aug 2014,0.12098,0.12109
Week 4,12 Aug 2014,0.12081,0.12099

Week 1,19 Aug 2014,0.11988,0.12004
Week 2,26 Aug 2014,0.11861,0.11918
Week 3,02 Sep 2014,0.11866,0.11928
Week 4,09 Sep 2014,0.11875,0.11942

Week 1,16 Sep 2014,0.11860,0.11927
Week 2,23 Sep 2014,0.11822,0.11890
Week 3,30 Sep 2014,0.11774,0.11840
Week 4,07 Oct 2014,0.11773,0.11831

Week 1,14 Oct 2014,0.11795,0.11808
Week 2,21 Oct 2014,0.11764,0.11822
Week 3,28 Oct 2014,0.11717,0.11786
Week 4,04 Nov 2014,0.11735,0.11803

Week 1,11 Nov 2014,0.11744,0.11813
Week 2,18 Nov 2014,0.11738,0.11752
Week 3,25 Nov 2014,0.11703,0.11761
Week 4,02 Dec 2014,0.11699,0.11720

Week 1,09 Dec 2014,0.11691,0.11701
Week 2,16 Dec 2014,0.11686,0.11702
Week 3,23 Dec 2014,0.11691,0.11702
Week 4,30 Dec 2014,0.11711,0.11744

Week 1,06 Jan 2015,0.11657,0.11668
Week 2,13 Jan 2015,0.11628,0.11638
Week 3,20 Jan 2015,0.11593,0.11609
Week 4,27 Jan 2015,0.11581,0.11592

Week 1,03 Feb 2015,0.11553,0.11564
Week 2,10 Feb 2015,0.11526,0.11537
Week 3,17 Feb 2015,0.11504,0.11515
Week 4,24 Feb 2015,0.11467,0.11485

Week 1,03 Mar 2015,0.11432,0.11443
Week 2,10 Mar 2015,0.11390,0.11401
Week 3,17 Mar 2015,0.11372,0.11383
Week 4,24 Mar 2015,0.11360,0.11371

Week 1,31 Mar 2015,0.11353,0.11385
Week 2,07 Apr 2015,0.11322,0.11350
Week 3,14 Apr 2015,0.11271,0.11282
Week 4,21 Apr 2015,0.11250,0.11260

Week 1,28 Apr 2015,0.11206,0.11232
Week 2,05 May 2015,0.11198,0.11208
Week 3,12 May 2015,0.11169,0.11185
Week 4,19 May 2015,0.11144,0.11155

Week 1,26 May 2015,0.11113,0.11124
Week 2,02 Jun 2015,0.11084,0.11096
Week 3,09 Jun 2015,0.11058,0.11068
Week 4,16 Jun 2015,0.11024,0.11034

Week 1,23 Jun 2015,0.11006,0.11016
Week 2,30 Jun 2015,0.10978,0.10988
Week 3,07 Jul 2015,0.10951,0.10967
Week 4,14 Jul 2015,0.10943,0.10959

Week 1,21 Jul 2015,0.10899,0.10910
Week 2,28 Jul 2015,0.10879,0.10889
Week 3,04 Aug 2015,0.10845,0.10861
Week 4,11 Aug 2015,0.10825,0.10835

Week 1,18 Aug 2015,0.10797,0.10807
Week 2,25 Aug 2015,0.10771,0.10780
Week 3,01 Sep 2015,0.10733,0.10742
Week 4,08 Sep 2015,0.10702,0.10712

Week 1,15 Sep 2015,0.10663,0.10672
Week 2,22 Sep 2015,0.10633,0.10642
Week 3,29 Sep 2015,0.10603,0.10612
Week 4,06 Oct 2015,0.10600,0.10609

Week 1,13 Oct 2015,0.10560,0.10569
Week 2,20 Oct 2015,0.10520,0.10529
Week 3,27 Oct 2015,0.10503,0.10512
Week 4,03 Nov 2015,0.10509,0.10522

Week 1,10 Nov 2015,0.10417,0.10430
Week 2,17 Nov 2015,0.10338,0.10389
Week 3,24 Nov 2015,0.10313,0.10374
Week 4,01 Dec 2015,0.10289,0.10344

Week 1,08 Dec 2015,0.10256,0.10310
Week 2,15 Dec 2015,0.09087,0.09102
Week 3,22 Dec 2015,0.07681,0.07711
Week 4,29 Dec 2015,0.07678,0.07717

Week 1,05 Jan 2016,0.07323,0.07353
Week 2,12 Jan 2016,0.07416,0.07447
Week 3,19 Jan 2016,0.07401,0.07439
Week 4,26 Jan 2016,0.07213,0.07239

Week 1,02 Feb 2016,0.07045,0.07053
Week 2,09 Feb 2016,0.06904,0.06925
Week 3,16 Feb 2016,0.06697,0.06712
Week 4,23 Feb 2016,0.06494,0.06516

Week 1,01 Mar 2016,0.06454,0.06477
Week 2,08 Mar 2016,0.06518,0.06541
Week 3,15 Mar 2016,0.06773,0.06782
Week 4,22 Mar 2016,0.06884,0.06899

Week 1,29 Mar 2016,0.06812,0.06823
Week 2,05 Apr 2016,0.06853,0.06858
Week 3,12 Apr 2016,0.06986,0.06992
Week 4,19 Apr 2016,0.07019,0.07023

Week 1,26 Apr 2016,0.06993,0.07007
Week 2,03 May 2016,0.07026,0.07034
Week 3,10 May 2016,0.07040,0.07047
Week 4,17 May 2016,0.07079,0.07086

Week 1,24 May 2016,0.07143,0.07149
Week 2,31 May 2016,0.07175,0.07179
Week 3,07 Jun 2016,0.07230,0.07234
Week 4,14 Jun 2016,0.07221,0.07245

Week 1,21 Jun 2016,0.06963,0.06971
Week 2,28 Jun 2016,0.06648,0.06673
Week 3,05 Jul 2016,0.06738,0.06763
Week 4,12 Jul 2016,0.06782,0.06794

Week 1,19 Jul 2016,0.06651,0.06665
Week 2,26 Jul 2016,0.06670,0.06682
Week 3,02 Aug 2016,0.06706,0.06727
Week 4,09 Aug 2016,0.06792,0.06815

Week 1,16 Aug 2016,0.06748,0.06768
Week 2,23 Aug 2016,0.06706,0.06728
Week 3,30 Aug 2016,0.06666,0.06688
Week 4,06 Sep 2016,0.06636,0.06659

Week 1,13 Sep 2016,0.06634,0.06655
Week 2,20 Sep 2016,0.06590,0.06612
Week 3,27 Sep 2016,0.06536,0.06557
Week 4,04 Oct 2016,0.06573,0.06595

Week 1,11 Oct 2016,0.06586,0.06607
Week 2,18 Oct 2016,0.06574,0.06596
Week 3,25 Oct 2016,0.06588,0.06610
Week 4,01 Nov 2016,0.06615,0.06636

Week 1,08 Nov 2016,0.06619,0.06627
Week 2,15 Nov 2016,0.06448,0.06457
Week 3,22 Nov 2016,0.06447,0.06458
Week 4,29 Nov 2016,0.06341,0.06345

Week 1,06 Dec 2016,0.06260,0.06266
Week 2,13 Dec 2016,0.06249,0.06270
Week 3,20 Dec 2016,0.06364,0.06368
Week 4,27 Dec 2016,0.06328,0.06351

Week 1,03 Jan 2017,0.06283,0.06288
Week 2,10 Jan 2017,0.06302,0.06322
Week 3,17 Jan 2017,0.06289,0.06309
Week 4,24 Jan 2017,0.06272,0.06287

Week 1,31 Jan 2017,0.06338,0.06355
Week 2,07 Feb 2017,0.06391,0.06401
Week 3,14 Feb 2017,0.06448,0.06466
Week 4,21 Feb 2017,0.06410,0.06428

Week 1,28 Feb 2017,0.06477,0.06487
Week 2,07 Mar 2017,0.06445,0.06449
Week 3,14 Mar 2017,0.06430,0.06446
Week 4,21 Mar 2017,0.06397,0.06417

Week 1,28 Mar 2017,0.06464,0.06469
Week 2,04 Apr 2017,0.06484,0.06501
Week 3,11 Apr 2017,0.06573,0.06577
Week 4,18 Apr 2017,0.06514,0.06522

Week 1,25 Apr 2017,0.06483,0.06491
Week 2,02 May 2017,0.06516,0.06522
Week 3,09 May 2017,0.06468,0.06490
Week 4,16 May 2017,0.06345,0.06360

Week 1,23 May 2017,0.06223,0.06228
Week 2,30 May 2017,0.06228,0.06235
Week 3,06 Jun 2017,0.06253,0.06272
Week 4,13 Jun 2017,0.06266,0.06270

Week 1,20 Jun 2017,0.06187,0.06204
Week 2,27 Jun 2017,0.06087,0.06105
Week 3,04 Jul 2017,0.05883,0.05898
Week 4,11 Jul 2017,0.05897,0.05913

Week 1,18 Jul 2017,0.05820,0.05824
Week 2,25 Jul 2017,0.05683,0.05688
Week 3,01 Aug 2017,0.05666,0.05669
Week 4,08 Aug 2017,0.05650,0.05665

Week 1,15 Aug 2017,0.05782,0.05798
Week 2,22 Aug 2017,0.05809,0.05825
Week 3,29 Aug 2017,0.05759,0.05774
Week 4,05 Sep 2017,0.05802,0.05805

Week 1,12 Sep 2017,0.05855,0.05870
Week 2,19 Sep 2017,0.05807,0.05823
Week 3,26 Sep 2017,0.05697,0.05713
Week 4,03 Oct 2017,0.05748,0.05763

Week 1,10 Oct 2017,0.05733,0.05749
Week 2,17 Oct 2017,0.05738,0.05754
Week 3,24 Oct 2017,0.05701,0.05704
Week 4,31 Oct 2017,0.05673,0.05677

Week 1,07 Nov 2017,0.05691,0.05708
Week 2,14 Nov 2017,0.05710,0.05725
Week 3,21 Nov 2017,0.05739,0.05742
Week 4,28 Nov 2017,0.05761,0.05777

Week 1,05 Dec 2017,0.05781,0.05785



