ARG->MXN

Week 1,01 Dec 1998,9.98387,10.00586
Week 2,08 Dec 1998,9.92989,9.94728
Week 3,15 Dec 1998,9.82514,9.83597
Week 4,22 Dec 1998,9.84843,9.86162

Week 1,29 Dec 1998,9.89226,9.90758
Week 2,05 Jan 1999,9.82930,9.84170
Week 3,12 Jan 1999,10.29054,10.35796
Week 4,19 Jan 1999,10.25614,10.27886

Week 1,26 Jan 1999,10.12906,10.14970
Week 2,02 Feb 1999,10.06516,10.07943
Week 3,09 Feb 1999,10.00319,10.01530
Week 4,16 Feb 1999,9.92518,9.94070

Week 1,23 Feb 1999,9.92118,9.93321
Week 2,02 Mar 1999,9.90084,9.91206
Week 3,09 Mar 1999,9.73469,9.74630
Week 4,16 Mar 1999,9.67414,9.68740

Week 1,23 Mar 1999,9.60870,9.62334
Week 2,30 Mar 1999,9.49969,9.52090
Week 3,06 Apr 1999,9.51493,9.53152
Week 4,13 Apr 1999,9.48643,9.50195

Week 1,20 Apr 1999,9.32400,9.33608
Week 2,27 Apr 1999,9.28500,9.29579
Week 3,04 May 1999,9.30971,9.32250
Week 4,11 May 1999,9.32043,9.33321

Week 1,18 May 1999,9.34679,9.36030
Week 2,25 May 1999,9.67129,9.69087
Week 3,01 Jun 1999,9.68500,9.69944
Week 4,08 Jun 1999,9.61829,9.63443

Week 1,15 Jun 1999,9.41457,9.42974
Week 2,22 Jun 1999,9.44229,9.45361
Week 3,29 Jun 1999,9.39529,9.40703
Week 4,06 Jul 1999,9.34800,9.36273

Week 1,13 Jul 1999,9.34129,9.36259
Week 2,20 Jul 1999,9.37186,9.38788
Week 3,27 Jul 1999,9.38729,9.40245
Week 4,03 Aug 1999,9.44000,9.45189

Week 1,10 Aug 1999,9.38071,9.39288
Week 2,17 Aug 1999,9.34557,9.35773
Week 3,24 Aug 1999,9.34800,9.36031
Week 4,31 Aug 1999,9.36389,9.37557

Week 1,07 Sep 1999,9.33195,9.34468
Week 2,14 Sep 1999,9.34174,9.35440
Week 3,21 Sep 1999,9.31751,9.32996
Week 4,28 Sep 1999,9.38724,9.39948

Week 1,05 Oct 1999,9.45814,9.47018
Week 2,12 Oct 1999,9.46000,9.47189
Week 3,19 Oct 1999,9.62614,9.63907
Week 4,26 Oct 1999,9.61893,9.62885

Week 1,02 Nov 1999,9.50686,9.51755
Week 2,09 Nov 1999,9.39364,9.40552
Week 3,16 Nov 1999,9.33657,9.34844
Week 4,23 Nov 1999,9.32529,9.34287

Week 1,30 Nov 1999,9.30000,9.35187
Week 2,07 Dec 1999,9.41607,9.42778
Week 3,14 Dec 1999,9.35388,9.36445
Week 4,21 Dec 1999,9.39190,9.40240

Week 1,28 Dec 1999,9.47774,9.49969
Week 2,04 Jan 2000,9.49353,9.50372
Week 3,11 Jan 2000,9.45911,9.47587
Week 4,18 Jan 2000,9.43466,9.44853

Week 1,25 Jan 2000,9.55126,9.56490
Week 2,01 Feb 2000,9.50416,9.51487
Week 3,08 Feb 2000,9.43980,9.45300
Week 4,15 Feb 2000,9.37689,9.39092

Week 1,22 Feb 2000,9.38867,9.40099
Week 2,29 Feb 2000,9.33629,9.34729
Week 3,07 Mar 2000,9.30067,9.31055
Week 4,14 Mar 2000,9.32188,9.33371

Week 1,21 Mar 2000,9.24129,9.25236
Week 2,28 Mar 2000,9.24737,9.25671
Week 3,04 Apr 2000,9.31609,9.32578
Week 4,11 Apr 2000,9.43995,9.45099

Week 1,18 Apr 2000,9.41426,9.42590
Week 2,25 Apr 2000,9.40587,9.41713
Week 3,02 May 2000,9.40826,9.41918
Week 4,09 May 2000,9.56319,9.57349

Week 1,16 May 2000,9.55263,9.56167
Week 2,23 May 2000,9.52952,9.54054
Week 3,30 May 2000,9.52230,9.53076
Week 4,06 Jun 2000,9.82384,9.84429

Week 1,13 Jun 2000,9.84112,9.85701
Week 2,20 Jun 2000,9.90840,9.92157
Week 3,27 Jun 2000,9.90022,9.92546
Week 4,04 Jul 2000,9.52146,9.53620

Week 1,11 Jul 2000,9.41893,9.43226
Week 2,18 Jul 2000,9.36214,9.37270
Week 3,25 Jul 2000,9.35242,9.38301
Week 4,01 Aug 2000,9.34295,9.35635

Week 1,08 Aug 2000,9.29963,9.30856
Week 2,15 Aug 2000,9.24609,9.25717
Week 3,22 Aug 2000,9.23785,9.24579
Week 4,29 Aug 2000,9.21809,9.22592

Week 1,05 Sep 2000,9.29293,9.30219
Week 2,12 Sep 2000,9.32745,9.33488
Week 3,19 Sep 2000,9.42042,9.42914
Week 4,26 Sep 2000,9.43242,9.44179

Week 1,03 Oct 2000,9.44472,9.45751
Week 2,10 Oct 2000,9.50780,9.51553
Week 3,17 Oct 2000,9.55068,9.55665
Week 4,24 Oct 2000,9.61971,9.63321

Week 1,31 Oct 2000,9.61177,9.62201
Week 2,07 Nov 2000,9.61382,9.62593
Week 3,14 Nov 2000,9.47572,9.48994
Week 4,21 Nov 2000,9.39689,9.40751

Week 1,28 Nov 2000,9.40072,9.41508
Week 2,05 Dec 2000,9.41495,9.43157
Week 3,12 Dec 2000,9.42805,9.43850
Week 4,19 Dec 2000,9.52295,9.54086

Week 1,26 Dec 2000,9.60868,9.62418
Week 2,02 Jan 2001,9.73061,9.74310
Week 3,09 Jan 2001,9.83145,9.84335
Week 4,16 Jan 2001,9.84420,9.85421

Week 1,23 Jan 2001,9.69605,9.70499
Week 2,30 Jan 2001,9.72186,9.73462
Week 3,06 Feb 2001,9.71543,9.72711
Week 4,13 Feb 2001,9.69657,9.71027

Week 1,20 Feb 2001,9.69348,9.70585
Week 2,27 Feb 2001,9.67122,9.68104
Week 3,06 Mar 2001,9.64528,9.65478
Week 4,13 Mar 2001,9.58989,9.60187

Week 1,20 Mar 2001,9.55150,9.56312
Week 2,27 Mar 2001,9.50092,9.50979
Week 3,03 Apr 2001,9.40519,9.41860
Week 4,10 Apr 2001,9.30091,9.31334

Week 1,17 Apr 2001,9.32000,9.32995
Week 2,24 Apr 2001,9.29101,9.30297
Week 3,01 May 2001,9.26252,9.27713
Week 4,08 May 2001,9.20571,9.21669

Week 1,15 May 2001,9.07707,9.09181
Week 2,22 May 2001,9.05728,9.06922
Week 3,29 May 2001,9.14360,9.15968
Week 4,05 Jun 2001,9.09228,9.10495

Week 1,12 Jun 2001,9.04834,9.06472
Week 2,19 Jun 2001,9.05518,9.06870
Week 3,26 Jun 2001,9.03755,9.05545
Week 4,03 Jul 2001,9.08584,9.09748

Week 1,10 Jul 2001,9.26891,9.28906
Week 2,17 Jul 2001,9.18453,9.20500
Week 3,24 Jul 2001,9.15639,9.17257
Week 4,31 Jul 2001,9.17408,9.18878

Week 1,07 Aug 2001,9.10174,9.11830
Week 2,14 Aug 2001,9.10753,9.12225
Week 3,21 Aug 2001,9.11130,9.12918
Week 4,28 Aug 2001,9.17755,9.19218

Week 1,04 Sep 2001,9.29001,9.30240
Week 2,11 Sep 2001,9.52486,9.53673
Week 3,18 Sep 2001,9.43814,9.44100
Week 4,25 Sep 2001,9.47476,9.49120

Week 1,02 Oct 2001,9.53863,9.57150
Week 2,09 Oct 2001,9.38161,9.42068
Week 3,16 Oct 2001,9.20364,9.24080
Week 4,23 Oct 2001,9.24265,9.27338

Week 1,30 Oct 2001,9.25903,9.28976
Week 2,06 Nov 2001,9.20278,9.24851
Week 3,13 Nov 2001,9.22004,9.24729
Week 4,20 Nov 2001,9.15488,9.18205

Week 1,27 Nov 2001,9.24330,9.27384
Week 2,04 Dec 2001,9.21955,9.25146
Week 3,11 Dec 2001,9.11348,9.15022
Week 4,18 Dec 2001,9.12124,9.14867

Week 1,25 Dec 2001,9.15785,9.20516
Week 2,01 Jan 2002,9.16641,9.22552
Week 3,08 Jan 2002,6.57087,6.59420
Week 4,15 Jan 2002,6.53018,6.55773

Week 1,22 Jan 2002,5.04545,5.18009
Week 2,29 Jan 2002,4.98037,5.00805
Week 3,05 Feb 2002,4.50234,4.52628
Week 4,12 Feb 2002,4.46873,4.49653

Week 1,19 Feb 2002,4.28276,4.31224
Week 2,26 Feb 2002,4.21136,4.23589
Week 3,05 Mar 2002,4.19013,4.21316
Week 4,12 Mar 2002,3.85655,3.94060

Week 1,19 Mar 2002,3.68978,3.78112
Week 2,26 Mar 2002,2.97675,3.03574
Week 3,02 Apr 2002,3.17289,3.22200
Week 4,09 Apr 2002,3.22038,3.26311

Week 1,16 Apr 2002,3.21655,3.26019
Week 2,23 Apr 2002,2.96016,3.00357
Week 3,30 Apr 2002,3.10396,3.14154
Week 4,07 May 2002,2.96383,3.00141

Week 1,14 May 2002,2.94440,2.96741
Week 2,21 May 2002,2.95663,2.97389
Week 3,28 May 2002,2.71765,2.74200
Week 4,04 Jun 2002,2.66959,2.69283

Week 1,11 Jun 2002,2.76237,2.78918
Week 2,18 Jun 2002,2.72100,2.74273
Week 3,25 Jun 2002,2.59233,2.61415
Week 4,02 Jul 2002,2.74042,2.75933

Week 1,09 Jul 2002,2.73943,2.76417
Week 2,16 Jul 2002,2.71681,2.73751
Week 3,23 Jul 2002,2.65715,2.67834
Week 4,30 Jul 2002,2.68133,2.70528

Week 1,06 Aug 2002,2.67780,2.69462
Week 2,13 Aug 2002,2.71176,2.72862
Week 3,20 Aug 2002,2.71705,2.73882
Week 4,27 Aug 2002,2.72819,2.74578

Week 1,03 Sep 2002,2.74194,2.76543
Week 2,10 Sep 2002,2.74016,2.75395
Week 3,17 Sep 2002,2.76058,2.78476
Week 4,24 Sep 2002,2.77609,2.79093

Week 1,01 Oct 2002,2.70691,2.72033
Week 2,08 Oct 2002,2.72534,2.74614
Week 3,15 Oct 2002,2.75205,2.77036
Week 4,22 Oct 2002,2.73779,2.75758

Week 1,29 Oct 2002,2.86243,2.87941
Week 2,05 Nov 2002,2.88675,2.90252
Week 3,12 Nov 2002,2.88946,2.90634
Week 4,19 Nov 2002,2.88064,2.89175

Week 1,26 Nov 2002,2.90219,2.91807
Week 2,03 Dec 2002,2.88091,2.90745
Week 3,10 Dec 2002,2.90054,2.92141
Week 4,17 Dec 2002,2.91326,2.93204

Week 1,24 Dec 2002,2.99137,3.01091
Week 2,31 Dec 2002,3.08500,3.12034
Week 3,07 Jan 2003,3.12893,3.15471
Week 4,14 Jan 2003,3.21882,3.24186

Week 1,21 Jan 2003,3.43958,3.46364
Week 2,28 Jan 2003,3.33947,3.36161
Week 3,04 Feb 2003,3.45584,3.48200
Week 4,11 Feb 2003,3.48426,3.50451

Week 1,18 Feb 2003,3.43503,3.45618
Week 2,25 Feb 2003,3.45104,3.47808
Week 3,04 Mar 2003,3.49369,3.51317
Week 4,11 Mar 2003,3.47154,3.49523

Week 1,18 Mar 2003,3.55247,3.57300
Week 2,25 Mar 2003,3.67381,3.69838
Week 3,01 Apr 2003,3.60062,3.66164
Week 4,08 Apr 2003,3.65477,3.69386

Week 1,15 Apr 2003,3.54785,3.61872
Week 2,22 Apr 2003,3.53234,3.65238
Week 3,29 Apr 2003,3.46170,3.62646
Week 4,06 May 2003,3.59685,3.67085

Week 1,13 May 2003,3.58219,3.68153
Week 2,20 May 2003,3.55289,3.58840
Week 3,27 May 2003,3.51451,3.59379
Week 4,03 Jun 2003,3.69418,3.73103

Week 1,10 Jun 2003,3.58455,3.77763
Week 2,17 Jun 2003,3.52888,3.76335
Week 3,24 Jun 2003,3.53897,3.76678
Week 4,01 Jul 2003,3.50410,3.74380

Week 1,08 Jul 2003,3.51035,3.78068
Week 2,15 Jul 2003,3.52279,3.73667
Week 3,22 Jul 2003,3.70482,3.75848
Week 4,29 Jul 2003,3.60230,3.64834

Week 1,05 Aug 2003,3.60250,3.66046
Week 2,12 Aug 2003,3.68882,3.72006
Week 3,19 Aug 2003,3.63779,3.72858
Week 4,26 Aug 2003,3.72453,3.76002

Week 1,02 Sep 2003,3.69975,3.73564
Week 2,09 Sep 2003,3.69188,3.77008
Week 3,16 Sep 2003,3.67480,3.78458
Week 4,23 Sep 2003,3.71288,3.79137

Week 1,30 Sep 2003,3.77569,3.87505
Week 2,07 Oct 2003,3.86018,3.97270
Week 3,14 Oct 2003,3.83909,3.99079
Week 4,21 Oct 2003,3.84320,3.94764

Week 1,28 Oct 2003,3.79066,3.90226
Week 2,04 Nov 2003,3.78731,3.88385
Week 3,11 Nov 2003,3.78830,3.90911
Week 4,18 Nov 2003,3.83329,3.95173

Week 1,25 Nov 2003,3.81255,3.88164
Week 2,02 Dec 2003,3.76251,3.81217
Week 3,09 Dec 2003,3.78241,3.82283
Week 4,16 Dec 2003,3.76498,3.82834

Week 1,23 Dec 2003,3.76802,3.83845
Week 2,30 Dec 2003,3.77798,3.83859
Week 3,06 Jan 2004,3.74201,3.79612
Week 4,13 Jan 2004,3.74930,3.81755

Week 1,20 Jan 2004,3.73946,3.78550
Week 2,27 Jan 2004,3.74180,3.85031
Week 3,03 Feb 2004,3.74587,3.79791
Week 4,10 Feb 2004,3.73168,3.78575

Week 1,17 Feb 2004,3.71168,3.76477
Week 2,24 Feb 2004,3.75406,3.80828
Week 3,02 Mar 2004,3.72649,3.78011
Week 4,09 Mar 2004,3.73131,3.78542

Week 1,16 Mar 2004,3.76423,3.82057
Week 2,23 Mar 2004,3.81894,3.87644
Week 3,30 Mar 2004,3.87932,3.95074
Week 4,06 Apr 2004,3.93579,4.00893

Week 1,13 Apr 2004,3.95753,4.03065
Week 2,20 Apr 2004,3.93258,3.99619
Week 3,27 Apr 2004,3.94641,4.03774
Week 4,04 May 2004,3.97850,4.03715

Week 1,11 May 2004,3.93069,4.00716
Week 2,18 May 2004,3.94704,4.06600
Week 3,25 May 2004,3.86288,3.97829
Week 4,01 Jun 2004,3.80863,3.91788

Week 1,08 Jun 2004,3.78979,3.87366
Week 2,15 Jun 2004,3.80724,3.88147
Week 3,22 Jun 2004,3.80154,3.88635
Week 4,29 Jun 2004,3.86999,3.89945

Week 1,06 Jul 2004,3.86592,3.92901
Week 2,13 Jul 2004,3.86504,3.92257
Week 3,20 Jul 2004,3.84029,3.89228
Week 4,27 Jul 2004,3.82799,3.86736

Week 1,03 Aug 2004,3.73936,3.77909
Week 2,10 Aug 2004,3.76424,3.79366
Week 3,17 Aug 2004,3.75152,3.78482
Week 4,24 Aug 2004,3.78185,3.80427

Week 1,31 Aug 2004,3.79890,3.84621
Week 2,07 Sep 2004,3.83443,3.88747
Week 3,14 Sep 2004,3.81938,3.87238
Week 4,21 Sep 2004,3.78156,3.83095

Week 1,28 Sep 2004,3.76701,3.86137
Week 2,05 Oct 2004,3.77018,3.83892
Week 3,12 Oct 2004,3.78538,3.85993
Week 4,19 Oct 2004,3.85930,3.89664

Week 1,26 Oct 2004,3.86397,3.89066
Week 2,02 Nov 2004,3.84134,3.86285
Week 3,09 Nov 2004,3.81589,3.86377
Week 4,16 Nov 2004,3.81974,3.89221

Week 1,23 Nov 2004,3.81255,3.86223
Week 2,30 Nov 2004,3.75749,3.78343
Week 3,07 Dec 2004,3.76993,3.79285
Week 4,14 Dec 2004,3.75819,3.78001

Week 1,21 Dec 2004,3.75377,3.77630
Week 2,28 Dec 2004,3.73365,3.78698
Week 3,04 Jan 2005,3.80206,3.82572
Week 4,11 Jan 2005,3.79778,3.81264

Week 1,18 Jan 2005,3.79062,3.85710
Week 2,25 Jan 2005,3.79154,3.89811
Week 3,01 Feb 2005,3.76187,3.87368
Week 4,08 Feb 2005,3.77781,3.89065

Week 1,15 Feb 2005,3.81598,3.83466
Week 2,22 Feb 2005,3.75741,3.82018
Week 3,01 Mar 2005,3.75195,3.77353
Week 4,08 Mar 2005,3.76210,3.78141

Week 1,15 Mar 2005,3.82647,3.84190
Week 2,22 Mar 2005,3.85692,3.87215
Week 3,29 Mar 2005,3.83475,3.84756
Week 4,05 Apr 2005,3.84199,3.85951

Week 1,12 Apr 2005,3.83086,3.84630
Week 2,19 Apr 2005,3.80710,3.82204
Week 3,26 Apr 2005,3.80368,3.81960
Week 4,03 May 2005,3.77597,3.79244

Week 1,10 May 2005,3.79258,3.81390
Week 2,17 May 2005,3.79295,3.81216
Week 3,24 May 2005,3.78169,3.79250
Week 4,31 May 2005,3.75475,3.76221

Week 1,07 Jun 2005,3.75204,3.76219
Week 2,14 Jun 2005,3.75310,3.76880
Week 3,21 Jun 2005,3.74470,3.75616
Week 4,28 Jun 2005,3.71735,3.72818

Week 1,05 Jul 2005,3.73413,3.74532
Week 2,12 Jul 2005,3.66314,3.76784
Week 3,19 Jul 2005,3.65126,3.76539
Week 4,26 Jul 2005,3.71482,3.72281

Week 1,02 Aug 2005,3.69871,3.70656
Week 2,09 Aug 2005,3.68874,3.69846
Week 3,16 Aug 2005,3.68769,3.70259
Week 4,23 Aug 2005,3.71806,3.72854

Week 1,30 Aug 2005,3.68435,3.69461
Week 2,06 Sep 2005,3.66972,3.68838
Week 3,13 Sep 2005,3.69716,3.71273
Week 4,20 Sep 2005,3.71637,3.72550

Week 1,27 Sep 2005,3.70726,3.72315
Week 2,04 Oct 2005,3.67311,3.68146
Week 3,11 Oct 2005,3.66674,3.67624
Week 4,18 Oct 2005,3.64568,3.65589

Week 1,25 Oct 2005,3.61684,3.62382
Week 2,01 Nov 2005,3.59164,3.60429
Week 3,08 Nov 2005,3.59698,3.60703
Week 4,15 Nov 2005,3.61229,3.62307

Week 1,22 Nov 2005,3.58699,3.61036
Week 2,29 Nov 2005,3.53941,3.55111
Week 3,06 Dec 2005,3.45633,3.55939
Week 4,13 Dec 2005,3.52516,3.58177

Week 1,20 Dec 2005,3.51638,3.53766
Week 2,27 Dec 2005,3.51602,3.52920
Week 3,03 Jan 2006,3.47716,3.49028
Week 4,10 Jan 2006,3.44373,3.50206

Week 1,17 Jan 2006,3.42449,3.52164
Week 2,24 Jan 2006,3.39368,3.48603
Week 3,31 Jan 2006,3.36990,3.45720
Week 4,07 Feb 2006,3.37190,3.46738

Week 1,14 Feb 2006,3.37823,3.47310
Week 2,21 Feb 2006,3.36225,3.45683
Week 3,28 Feb 2006,3.38282,3.47802
Week 4,07 Mar 2006,3.44408,3.49557

Week 1,14 Mar 2006,3.42930,3.52475
Week 2,21 Mar 2006,3.47268,3.59009
Week 3,28 Mar 2006,3.45446,3.65264
Week 4,04 Apr 2006,3.48996,3.65741

Week 1,11 Apr 2006,3.47062,3.74435
Week 2,18 Apr 2006,3.50344,3.70066
Week 3,25 Apr 2006,3.60182,3.69035
Week 4,02 May 2006,3.60859,3.62265

Week 1,09 May 2006,3.60237,3.62009
Week 2,16 May 2006,3.64842,3.66529
Week 3,23 May 2006,3.63142,3.64857
Week 4,30 May 2006,3.64686,3.66430

Week 1,06 Jun 2006,3.68086,3.69170
Week 2,13 Jun 2006,3.70165,3.72036
Week 3,20 Jun 2006,3.70405,3.72191
Week 4,27 Jun 2006,3.68329,3.70132

Week 1,04 Jul 2006,3.58918,3.60681
Week 2,11 Jul 2006,3.55809,3.57825
Week 3,18 Jul 2006,3.54337,3.55991
Week 4,25 Jul 2006,3.53323,3.55166

Week 1,01 Aug 2006,3.55596,3.57233
Week 2,08 Aug 2006,3.52693,3.54431
Week 3,15 Aug 2006,3.50185,3.51855
Week 4,22 Aug 2006,3.52158,3.53820

Week 1,29 Aug 2006,3.50152,3.53670
Week 2,05 Sep 2006,3.52625,3.54375
Week 3,12 Sep 2006,3.53527,3.55252
Week 4,19 Sep 2006,3.53768,3.55515

Week 1,26 Sep 2006,3.54362,3.56151
Week 2,03 Oct 2006,3.54521,3.56099
Week 3,10 Oct 2006,3.52300,3.54073
Week 4,17 Oct 2006,3.49304,3.50918

Week 1,24 Oct 2006,3.47871,3.49653
Week 2,31 Oct 2006,3.48765,3.50395
Week 3,07 Nov 2006,3.52393,3.54094
Week 4,14 Nov 2006,3.53856,3.55537

Week 1,21 Nov 2006,3.56527,3.58044
Week 2,28 Nov 2006,3.58262,3.59793
Week 3,05 Dec 2006,3.55112,3.56588
Week 4,12 Dec 2006,3.52786,3.54317

Week 1,19 Dec 2006,3.54293,3.55681
Week 2,26 Dec 2006,3.53333,3.54903
Week 3,02 Jan 2007,3.53481,3.54989
Week 4,09 Jan 2007,3.55549,3.56915

Week 1,16 Jan 2007,3.53836,3.55189
Week 2,23 Jan 2007,3.53507,3.54916
Week 3,30 Jan 2007,3.53884,3.55301
Week 4,06 Feb 2007,3.52133,3.53574

Week 1,13 Feb 2007,3.53226,3.54569
Week 2,20 Feb 2007,3.53954,3.55419
Week 3,27 Feb 2007,3.59490,3.60678
Week 4,06 Mar 2007,3.58965,3.60373

Week 1,13 Mar 2007,3.59404,3.60842
Week 2,20 Mar 2007,3.56263,3.57653
Week 3,27 Mar 2007,3.55214,3.56682
Week 4,03 Apr 2007,3.54006,3.55339

Week 1,10 Apr 2007,3.54938,3.56399
Week 2,17 Apr 2007,3.55438,3.56911
Week 3,24 Apr 2007,3.54001,3.55390
Week 4,01 May 2007,3.53144,3.54512

Week 1,08 May 2007,3.50483,3.52436
Week 2,15 May 2007,3.50245,3.51730
Week 3,22 May 2007,3.49680,3.51126
Week 4,29 May 2007,3.47853,3.50855

Week 1,05 Jun 2007,3.52241,3.53590
Week 2,12 Jun 2007,3.52782,3.56004
Week 3,19 Jun 2007,3.48961,3.53348
Week 4,26 Jun 2007,3.49495,3.52062

Week 1,03 Jul 2007,3.46717,3.49273
Week 2,10 Jul 2007,3.46605,3.48158
Week 3,17 Jul 2007,3.45215,3.48773
Week 4,24 Jul 2007,3.44672,3.48728

Week 1,31 Jul 2007,3.49020,3.52616
Week 2,07 Aug 2007,3.48995,3.50281
Week 3,14 Aug 2007,3.51763,3.53094
Week 4,21 Aug 2007,3.48352,3.50481

Week 1,28 Aug 2007,3.48022,3.51275
Week 2,04 Sep 2007,3.49058,3.52118
Week 3,11 Sep 2007,3.52473,3.55089
Week 4,18 Sep 2007,3.50220,3.52668

Week 1,25 Sep 2007,3.46099,3.49302
Week 2,02 Oct 2007,3.44179,3.46596
Week 3,09 Oct 2007,3.41988,3.44150
Week 4,16 Oct 2007,3.41464,3.42711

Week 1,23 Oct 2007,3.38880,3.41976
Week 2,30 Oct 2007,3.39295,3.41537
Week 3,06 Nov 2007,3.43080,3.46520
Week 4,13 Nov 2007,3.48092,3.49344

Week 1,20 Nov 2007,3.47736,3.50948
Week 2,27 Nov 2007,3.46768,3.48603
Week 3,04 Dec 2007,3.44996,3.47416
Week 4,11 Dec 2007,3.44277,3.45521

Week 1,18 Dec 2007,3.44678,3.46262
Week 2,25 Dec 2007,3.44301,3.47771
Week 3,01 Jan 2008,3.44039,3.48563
Week 4,08 Jan 2008,3.47944,3.50408

Week 1,15 Jan 2008,3.46618,3.48116
Week 2,22 Jan 2008,3.43983,3.48233
Week 3,29 Jan 2008,3.41881,3.44651
Week 4,05 Feb 2008,3.39007,3.43271

Week 1,12 Feb 2008,3.39162,3.41978
Week 2,19 Feb 2008,3.40322,3.43128
Week 3,26 Feb 2008,3.37907,3.41465
Week 4,04 Mar 2008,3.40428,3.41915

Week 1,11 Mar 2008,3.40846,3.44345
Week 2,18 Mar 2008,3.40686,3.43399
Week 3,25 Mar 2008,3.36777,3.39698
Week 4,01 Apr 2008,3.32930,3.36584

Week 1,08 Apr 2008,3.33593,3.34893
Week 2,15 Apr 2008,3.28542,3.32522
Week 3,22 Apr 2008,3.28403,3.31091
Week 4,29 Apr 2008,3.29409,3.32029

Week 1,06 May 2008,3.30900,3.32097
Week 2,13 May 2008,3.28681,3.32771
Week 3,20 May 2008,3.29953,3.31793
Week 4,27 May 2008,3.31436,3.32966

Week 1,03 Jun 2008,3.35911,3.37474
Week 2,10 Jun 2008,3.38704,3.40046
Week 3,17 Jun 2008,3.38364,3.41312
Week 4,24 Jun 2008,3.40079,3.41313

Week 1,01 Jul 2008,3.40982,3.42459
Week 2,08 Jul 2008,3.40844,3.43070
Week 3,15 Jul 2008,3.37896,3.39249
Week 4,22 Jul 2008,3.33218,3.34458

Week 1,29 Jul 2008,3.29504,3.30698
Week 2,05 Aug 2008,3.26772,3.30328
Week 3,12 Aug 2008,3.34211,3.36215
Week 4,19 Aug 2008,3.33687,3.36383

Week 1,26 Aug 2008,3.35843,3.38726
Week 2,02 Sep 2008,3.41678,3.44688
Week 3,09 Sep 2008,3.43512,3.44799
Week 4,16 Sep 2008,3.44452,3.48514

Week 1,23 Sep 2008,3.44527,3.46828
Week 2,30 Sep 2008,3.51095,3.54326
Week 3,07 Oct 2008,3.87170,3.91226
Week 4,14 Oct 2008,3.95100,3.98511

Week 1,21 Oct 2008,4.10673,4.18203
Week 2,28 Oct 2008,3.84761,3.91423
Week 3,04 Nov 2008,3.81504,3.87590
Week 4,11 Nov 2008,3.89372,3.93598

Week 1,18 Nov 2008,4.02290,4.06042
Week 2,25 Nov 2008,3.96782,4.01482
Week 3,02 Dec 2008,3.95590,3.99666
Week 4,09 Dec 2008,3.91279,3.96835

Week 1,16 Dec 2008,3.85105,3.90549
Week 2,23 Dec 2008,3.85657,3.92985
Week 3,30 Dec 2008,3.91850,3.98754
Week 4,06 Jan 2009,3.88640,3.93834

Week 1,13 Jan 2009,4.01713,4.04415
Week 2,20 Jan 2009,4.02926,4.05052
Week 3,27 Jan 2009,4.04646,4.09737
Week 4,03 Feb 2009,4.11018,4.13102

Week 1,10 Feb 2009,4.11364,4.14660
Week 2,17 Feb 2009,4.16933,4.23793
Week 3,24 Feb 2009,4.19983,4.25180
Week 4,03 Mar 2009,4.21334,4.23050

Week 1,10 Mar 2009,4.08667,4.13548
Week 2,17 Mar 2009,3.87424,3.89835
Week 3,24 Mar 2009,3.85601,3.87406
Week 4,31 Mar 2009,3.74790,3.76307

Week 1,07 Apr 2009,3.62234,3.63809
Week 2,14 Apr 2009,3.53072,3.54856
Week 3,21 Apr 2009,3.57311,3.59645
Week 4,28 Apr 2009,3.71015,3.72770

Week 1,05 May 2009,3.54715,3.56182
Week 2,12 May 2009,3.53523,3.56698
Week 3,19 May 2009,3.50622,3.52170
Week 4,26 May 2009,3.51485,3.52895

Week 1,02 Jun 2009,3.52240,3.55546
Week 2,09 Jun 2009,3.56736,3.58377
Week 3,16 Jun 2009,3.54313,3.56379
Week 4,23 Jun 2009,3.49586,3.51331

Week 1,30 Jun 2009,3.46755,3.48379
Week 2,07 Jul 2009,3.54143,3.55599
Week 3,14 Jul 2009,3.54285,3.58037
Week 4,21 Jul 2009,3.45875,3.49856

Week 1,28 Jul 2009,3.45250,3.46817
Week 2,04 Aug 2009,3.38290,3.41878
Week 3,11 Aug 2009,3.35996,3.37387
Week 4,18 Aug 2009,3.33825,3.36684

Week 1,25 Aug 2009,3.38339,3.42032
Week 2,01 Sep 2009,3.49013,3.50385
Week 3,08 Sep 2009,3.46448,3.47703
Week 4,15 Sep 2009,3.44732,3.48204

Week 1,22 Sep 2009,3.48193,3.52109
Week 2,29 Sep 2009,3.52865,3.55352
Week 3,06 Oct 2009,3.48939,3.50540
Week 4,13 Oct 2009,3.41711,3.45399

Week 1,20 Oct 2009,3.39814,3.41255
Week 2,27 Oct 2009,3.43207,3.46977
Week 3,03 Nov 2009,3.48233,3.49631
Week 4,10 Nov 2009,3.44945,3.46210

Week 1,17 Nov 2009,3.40646,3.44248
Week 2,24 Nov 2009,3.39143,3.42762
Week 3,01 Dec 2009,3.34063,3.35621
Week 4,08 Dec 2009,3.35160,3.38797

Week 1,15 Dec 2009,3.35702,3.37087
Week 2,22 Dec 2009,3.36004,3.42431
Week 3,29 Dec 2009,3.38967,3.45310
Week 4,05 Jan 2010,3.36168,3.37901

Week 1,12 Jan 2010,3.33133,3.36758
Week 2,19 Jan 2010,3.36286,3.37693
Week 3,26 Jan 2010,3.39123,3.40861
Week 4,02 Feb 2010,3.39217,3.40495

Week 1,09 Feb 2010,3.38311,3.39557
Week 2,16 Feb 2010,3.32325,3.35350
Week 3,23 Feb 2010,3.30668,3.33955
Week 4,02 Mar 2010,3.27585,3.31491

Week 1,09 Mar 2010,3.25851,3.26977
Week 2,16 Mar 2010,3.24087,3.25245
Week 3,23 Mar 2010,3.23428,3.24959
Week 4,30 Mar 2010,3.16625,3.21460

Week 1,06 Apr 2010,3.14570,3.16830
Week 2,13 Apr 2010,3.13875,3.16649
Week 3,20 Apr 2010,3.15423,3.16278
Week 4,27 Apr 2010,3.15701,3.17267

Week 1,04 May 2010,3.23627,3.27222
Week 2,11 May 2010,3.19743,3.21909
Week 3,18 May 2010,3.29264,3.30779
Week 4,25 May 2010,3.30325,3.32650

Week 1,01 Jun 2010,3.25789,3.29564
Week 2,08 Jun 2010,3.25598,3.26834
Week 3,15 Jun 2010,3.19447,3.21868
Week 4,22 Jun 2010,3.21219,3.22278

Week 1,29 Jun 2010,3.27808,3.30703
Week 2,06 Jul 2010,3.26934,3.27989
Week 3,13 Jul 2010,3.23841,3.27595
Week 4,20 Jul 2010,3.24058,3.26317

Week 1,27 Jul 2010,3.21545,3.22534
Week 2,03 Aug 2010,3.20073,3.21053
Week 3,10 Aug 2010,3.22554,3.23573
Week 4,17 Aug 2010,3.21111,3.24450

Week 1,24 Aug 2010,3.27530,3.31275
Week 2,31 Aug 2010,3.29043,3.32550
Week 3,07 Sep 2010,3.27928,3.29108
Week 4,14 Sep 2010,3.23072,3.25982

Week 1,21 Sep 2010,3.19660,3.20630
Week 2,28 Sep 2010,3.15807,3.16757
Week 3,05 Oct 2010,3.14236,3.17156
Week 4,12 Oct 2010,3.13033,3.15160

Week 1,19 Oct 2010,3.13030,3.14108
Week 2,26 Oct 2010,3.12603,3.13590
Week 3,02 Nov 2010,3.09310,3.10490
Week 4,09 Nov 2010,3.09268,3.10456

Week 1,16 Nov 2010,3.09679,3.10861
Week 2,23 Nov 2010,3.11693,3.12883
Week 3,30 Nov 2010,3.11195,3.12412
Week 4,07 Dec 2010,3.12070,3.13276

Week 1,14 Dec 2010,3.11747,3.13194
Week 2,21 Dec 2010,3.08914,3.13645
Week 3,28 Dec 2010,3.09128,3.13272
Week 4,04 Jan 2011,3.07349,3.08557

Week 1,11 Jan 2011,3.03845,3.06423
Week 2,18 Jan 2011,3.01281,3.05590
Week 3,25 Jan 2011,3.02442,3.04080
Week 4,01 Feb 2011,2.99208,3.01197

Week 1,08 Feb 2011,2.99111,3.00452
Week 2,15 Feb 2011,2.99149,3.00275
Week 3,22 Feb 2011,3.00417,3.01554
Week 4,01 Mar 2011,2.98796,2.99815

Week 1,08 Mar 2011,2.96684,2.97811
Week 2,15 Mar 2011,2.97808,2.98956
Week 3,22 Mar 2011,2.95791,2.97385
Week 4,29 Mar 2011,2.93308,2.94833

Week 1,05 Apr 2011,2.90641,2.91849
Week 2,12 Apr 2011,2.88515,2.89597
Week 3,19 Apr 2011,2.85008,2.86099
Week 4,26 Apr 2011,2.82757,2.83836

Week 1,03 May 2011,2.83074,2.84150
Week 2,10 May 2011,2.84607,2.85760
Week 3,17 May 2011,2.85408,2.86987
Week 4,24 May 2011,2.85021,2.86076

Week 1,31 May 2011,2.84353,2.85417
Week 2,07 Jun 2011,2.86831,2.89589
Week 3,14 Jun 2011,2.89654,2.91121
Week 4,21 Jun 2011,2.88777,2.89812

Week 1,28 Jun 2011,2.85831,2.86873
Week 2,05 Jul 2011,2.82351,2.83424
Week 3,12 Jul 2011,2.84832,2.85903
Week 4,19 Jul 2011,2.82008,2.83036

Week 1,26 Jul 2011,2.82035,2.83085
Week 2,02 Aug 2011,2.85884,2.87927
Week 3,09 Aug 2011,2.95454,2.96707
Week 4,16 Aug 2011,2.93532,2.95447

Week 1,23 Aug 2011,2.96206,2.97251
Week 2,30 Aug 2011,2.95163,2.96203
Week 3,06 Sep 2011,2.98079,2.99157
Week 4,13 Sep 2011,3.07304,3.08415

Week 1,20 Sep 2011,3.20457,3.21666
Week 2,27 Sep 2011,3.23372,3.24550
Week 3,04 Oct 2011,3.22645,3.24581
Week 4,11 Oct 2011,3.14564,3.17836

Week 1,18 Oct 2011,3.19493,3.21092
Week 2,25 Oct 2011,3.12650,3.13829
Week 3,01 Nov 2011,3.16001,3.17220
Week 4,08 Nov 2011,3.16093,3.17269

Week 1,15 Nov 2011,3.18129,3.20817
Week 2,22 Nov 2011,3.30163,3.31750
Week 3,29 Nov 2011,3.19954,3.22570
Week 4,06 Dec 2011,3.16291,3.17485

Week 1,13 Dec 2011,3.22197,3.23976
Week 2,20 Dec 2011,3.21793,3.22992
Week 3,27 Dec 2011,3.23616,3.24869
Week 4,03 Jan 2012,3.18859,3.20004

Week 1,10 Jan 2012,3.15292,3.16442
Week 2,17 Jan 2012,3.08406,3.09500
Week 3,24 Jan 2012,3.00347,3.01466
Week 4,31 Jan 2012,2.95880,2.96937

Week 1,07 Feb 2012,2.92695,2.93776
Week 2,14 Feb 2012,2.93356,2.94421
Week 3,21 Feb 2012,2.93903,2.94935
Week 4,28 Feb 2012,2.93718,2.95486

Week 1,06 Mar 2012,2.94170,2.95213
Week 2,13 Mar 2012,2.90560,2.91627
Week 3,20 Mar 2012,2.90470,2.93078
Week 4,27 Mar 2012,2.91033,2.92461

Week 1,03 Apr 2012,2.93089,2.94162
Week 2,10 Apr 2012,2.97273,2.99680
Week 3,17 Apr 2012,2.98114,2.99588
Week 4,24 Apr 2012,2.96410,2.97466

Week 1,01 May 2012,2.93296,2.96082
Week 2,08 May 2012,3.01936,3.03412
Week 3,15 May 2012,3.09028,3.10073
Week 4,22 May 2012,3.10295,3.13335

Week 1,29 May 2012,3.15297,3.19686
Week 2,05 Jun 2012,3.13117,3.16567
Week 3,12 Jun 2012,3.09617,3.12996
Week 4,19 Jun 2012,3.06047,3.08287

Week 1,26 Jun 2012,3.00794,3.02522
Week 2,03 Jul 2012,2.93111,2.96252
Week 3,10 Jul 2012,2.93024,2.96131
Week 4,17 Jul 2012,2.90275,2.91824

Week 1,24 Jul 2012,2.93503,2.94949
Week 2,31 Jul 2012,2.88470,2.90468
Week 3,07 Aug 2012,2.85422,2.86185
Week 4,14 Aug 2012,2.84591,2.85392

Week 1,21 Aug 2012,2.83773,2.86063
Week 2,28 Aug 2012,2.85311,2.86648
Week 3,04 Sep 2012,2.80980,2.82439
Week 4,11 Sep 2012,2.75409,2.77824

Week 1,18 Sep 2012,2.73577,2.75051
Week 2,25 Sep 2012,2.73744,2.75085
Week 3,02 Oct 2012,2.71885,2.73152
Week 4,09 Oct 2012,2.72355,2.73908

Week 1,16 Oct 2012,2.70912,2.72521
Week 2,23 Oct 2012,2.72552,2.73818
Week 3,30 Oct 2012,2.72996,2.74712
Week 4,06 Nov 2012,2.73136,2.75597

Week 1,13 Nov 2012,2.75056,2.76212
Week 2,20 Nov 2012,2.69740,2.72267
Week 3,27 Nov 2012,2.67630,2.69911
Week 4,04 Dec 2012,2.65378,2.66754

Week 1,11 Dec 2012,2.61485,2.63620
Week 2,18 Dec 2012,2.61410,2.62324
Week 3,25 Dec 2012,2.64179,2.65599
Week 4,01 Jan 2013,2.60148,2.61158

Week 1,08 Jan 2013,2.57034,2.58083
Week 2,15 Jan 2013,2.54507,2.56010
Week 3,22 Jan 2013,2.55074,2.56243
Week 4,29 Jan 2013,2.54371,2.55717

Week 1,05 Feb 2013,2.53689,2.54848
Week 2,12 Feb 2013,2.53420,2.54633
Week 3,19 Feb 2013,2.52143,2.54021
Week 4,26 Feb 2013,2.52626,2.54296

Week 1,05 Mar 2013,2.50158,2.51783
Week 2,12 Mar 2013,2.44915,2.45860
Week 3,19 Mar 2013,2.42408,2.43351
Week 4,26 Mar 2013,2.40312,2.41917

Week 1,02 Apr 2013,2.38090,2.40795
Week 2,09 Apr 2013,2.34884,2.36863
Week 3,16 Apr 2013,2.36082,2.37747
Week 4,23 Apr 2013,2.35650,2.36322

Week 1,30 Apr 2013,2.33221,2.34768
Week 2,07 May 2013,2.30381,2.32002
Week 3,14 May 2013,2.33565,2.34198
Week 4,21 May 2013,2.35635,2.37158

Week 1,28 May 2013,2.39647,2.41205
Week 2,04 Jun 2013,2.40285,2.42481
Week 3,11 Jun 2013,2.39851,2.41156
Week 4,18 Jun 2013,2.44224,2.45745

Week 1,25 Jun 2013,2.42883,2.44821
Week 2,02 Jul 2013,2.40400,2.41354
Week 3,09 Jul 2013,2.37007,2.38516
Week 4,16 Jul 2013,2.30522,2.32441

Week 1,23 Jul 2013,2.29474,2.31269
Week 2,30 Jul 2013,2.30969,2.31958
Week 3,06 Aug 2013,2.27482,2.29272
Week 4,13 Aug 2013,2.28589,2.30636

Week 1,20 Aug 2013,2.31831,2.33627
Week 2,27 Aug 2013,2.34455,2.35686
Week 3,03 Sep 2013,2.32944,2.34830
Week 4,10 Sep 2013,2.28356,2.29563

Week 1,17 Sep 2013,2.23227,2.23832
Week 2,24 Sep 2013,2.24620,2.25979
Week 3,01 Oct 2013,2.25751,2.26752
Week 4,08 Oct 2013,2.24270,2.25267

Week 1,15 Oct 2013,2.20183,2.21202
Week 2,22 Oct 2013,2.19616,2.21134
Week 3,29 Oct 2013,2.19145,2.20169
Week 4,05 Nov 2013,2.20182,2.21206

Week 1,12 Nov 2013,2.17875,2.19090
Week 2,19 Nov 2013,2.14440,2.14842
Week 3,26 Nov 2013,2.13571,2.14494
Week 4,03 Dec 2013,2.10329,2.11302

Week 1,10 Dec 2013,2.05443,2.06571
Week 2,17 Dec 2013,2.03184,2.03708
Week 3,24 Dec 2013,2.01089,2.02421
Week 4,31 Dec 2013,1.99978,2.00851

Week 1,07 Jan 2014,1.97070,1.97946
Week 2,14 Jan 2014,1.95125,1.95912
Week 3,21 Jan 2014,1.82759,1.83786
Week 4,28 Jan 2014,1.66417,1.67023

Week 1,04 Feb 2014,1.67759,1.68717
Week 2,11 Feb 2014,1.69378,1.70438
Week 3,18 Feb 2014,1.69732,1.70493
Week 4,25 Feb 2014,1.68038,1.68969

Week 1,04 Mar 2014,1.67664,1.68189
Week 2,11 Mar 2014,1.67763,1.68468
Week 3,18 Mar 2014,1.66043,1.67049
Week 4,25 Mar 2014,1.63699,1.64649

Week 1,01 Apr 2014,1.62700,1.63692
Week 2,08 Apr 2014,1.62342,1.63315
Week 3,15 Apr 2014,1.62704,1.63524
Week 4,22 Apr 2014,1.63281,1.63781

Week 1,29 Apr 2014,1.63152,1.63553
Week 2,06 May 2014,1.62082,1.62434
Week 3,13 May 2014,1.60538,1.61133
Week 4,20 May 2014,1.59722,1.60108

Week 1,27 May 2014,1.59119,1.59554
Week 2,03 Jun 2014,1.59064,1.59314
Week 3,10 Jun 2014,1.59803,1.60151
Week 4,17 Jun 2014,1.59998,1.60349

Week 1,24 Jun 2014,1.59720,1.60061
Week 2,01 Jul 2014,1.59298,1.59568
Week 3,08 Jul 2014,1.59356,1.59690
Week 4,15 Jul 2014,1.58667,1.59319

Week 1,22 Jul 2014,1.58407,1.58788
Week 2,29 Jul 2014,1.59772,1.60113
Week 3,05 Aug 2014,1.60217,1.60456
Week 4,12 Aug 2014,1.58476,1.58829

Week 1,19 Aug 2014,1.56962,1.57286
Week 2,26 Aug 2014,1.55324,1.56173
Week 3,02 Sep 2014,1.55209,1.56095
Week 4,09 Sep 2014,1.56716,1.57706

Week 1,16 Sep 2014,1.56746,1.57742
Week 2,23 Sep 2014,1.57744,1.58755
Week 3,30 Sep 2014,1.58411,1.59416
Week 4,07 Oct 2014,1.58140,1.59028

Week 1,14 Oct 2014,1.59186,1.59462
Week 2,21 Oct 2014,1.59298,1.60195
Week 3,28 Oct 2014,1.57979,1.59017
Week 4,04 Nov 2014,1.59179,1.60201

Week 1,11 Nov 2014,1.59286,1.60305
Week 2,18 Nov 2014,1.59577,1.59870
Week 3,25 Nov 2014,1.61101,1.62019
Week 4,02 Dec 2014,1.65578,1.65973

Week 1,09 Dec 2014,1.70474,1.70737
Week 2,16 Dec 2014,1.71137,1.71507
Week 3,23 Dec 2014,1.71786,1.72079
Week 4,30 Dec 2014,1.72961,1.73561

Week 1,06 Jan 2015,1.71778,1.72056
Week 2,13 Jan 2015,1.69640,1.69916
Week 3,20 Jan 2015,1.69828,1.70199
Week 4,27 Jan 2015,1.71125,1.71418

Week 1,03 Feb 2015,1.71251,1.71541
Week 2,10 Feb 2015,1.71879,1.72166
Week 3,17 Feb 2015,1.71997,1.72281
Week 4,24 Feb 2015,1.71722,1.72093

Week 1,03 Mar 2015,1.73625,1.73902
Week 2,10 Mar 2015,1.76425,1.76719
Week 3,17 Mar 2015,1.73348,1.73649
Week 4,24 Mar 2015,1.71205,1.71491

Week 1,31 Mar 2015,1.70912,1.71514
Week 2,07 Apr 2015,1.70072,1.70589
Week 3,14 Apr 2015,1.72266,1.72561
Week 4,21 Apr 2015,1.73167,1.73452

Week 1,28 Apr 2015,1.72453,1.72978
Week 2,05 May 2015,1.71309,1.71586
Week 3,12 May 2015,1.69281,1.69643
Week 4,19 May 2015,1.69242,1.69531

Week 1,26 May 2015,1.70269,1.70538
Week 2,02 Jun 2015,1.72418,1.72690
Week 3,09 Jun 2015,1.71276,1.71548
Week 4,16 Jun 2015,1.69301,1.69568

Week 1,23 Jun 2015,1.70145,1.70411
Week 2,30 Jun 2015,1.72454,1.72728
Week 3,07 Jul 2015,1.72582,1.72952
Week 4,14 Jul 2015,1.72932,1.73305

Week 1,21 Jul 2015,1.75693,1.75977
Week 2,28 Jul 2015,1.76413,1.76684
Week 3,04 Aug 2015,1.75902,1.76265
Week 4,11 Aug 2015,1.76562,1.76848

Week 1,18 Aug 2015,1.80124,1.80399
Week 2,25 Aug 2015,1.82513,1.82798
Week 3,01 Sep 2015,1.81060,1.81336
Week 4,08 Sep 2015,1.80306,1.80584

Week 1,15 Sep 2015,1.77543,1.77822
Week 2,22 Sep 2015,1.79645,1.79922
Week 3,29 Sep 2015,1.79145,1.79423
Week 4,06 Oct 2015,1.75615,1.75884

Week 1,13 Oct 2015,1.73814,1.74081
Week 2,20 Oct 2015,1.74047,1.74308
Week 3,27 Oct 2015,1.73763,1.74033
Week 4,03 Nov 2015,1.74438,1.74768

Week 1,10 Nov 2015,1.74314,1.74630
Week 2,17 Nov 2015,1.72128,1.73086
Week 3,24 Nov 2015,1.70816,1.71929
Week 4,01 Dec 2015,1.70903,1.71927

Week 1,08 Dec 2015,1.75578,1.76620
Week 2,15 Dec 2015,1.55856,1.56212
Week 3,22 Dec 2015,1.32106,1.32717
Week 4,29 Dec 2015,1.32441,1.33194

Week 1,05 Jan 2016,1.28991,1.29613
Week 2,12 Jan 2016,1.33625,1.34273
Week 3,19 Jan 2016,1.36148,1.36929
Week 4,26 Jan 2016,1.32222,1.32785

Week 1,02 Feb 2016,1.29159,1.29389
Week 2,09 Feb 2016,1.30150,1.30644
Week 3,16 Feb 2016,1.23716,1.24085
Week 4,23 Feb 2016,1.18114,1.18583

Week 1,01 Mar 2016,1.15593,1.16088
Week 2,08 Mar 2016,1.15800,1.16287
Week 3,15 Mar 2016,1.19044,1.19321
Week 4,22 Mar 2016,1.20421,1.20809

Week 1,29 Mar 2016,1.18167,1.18497
Week 2,05 Apr 2016,1.21129,1.21349
Week 3,12 Apr 2016,1.22518,1.22749
Week 4,19 Apr 2016,1.22288,1.22474

Week 1,26 Apr 2016,1.21115,1.21445
Week 2,03 May 2016,1.24050,1.24298
Week 3,10 May 2016,1.27117,1.27350
Week 4,17 May 2016,1.29791,1.30037

Week 1,24 May 2016,1.31760,1.31996
Week 2,31 May 2016,1.33010,1.33200
Week 3,07 Jun 2016,1.33502,1.33694
Week 4,14 Jun 2016,1.36162,1.36717

Week 1,21 Jun 2016,1.30190,1.30472
Week 2,28 Jun 2016,1.23614,1.24224
Week 3,05 Jul 2016,1.25370,1.26003
Week 4,12 Jul 2016,1.25053,1.25436

Week 1,19 Jul 2016,1.23301,1.23637
Week 2,26 Jul 2016,1.25161,1.25493
Week 3,02 Aug 2016,1.26262,1.26805
Week 4,09 Aug 2016,1.24813,1.25360

Week 1,16 Aug 2016,1.22479,1.22975
Week 2,23 Aug 2016,1.23643,1.24199
Week 3,30 Aug 2016,1.24467,1.25020
Week 4,06 Sep 2016,1.23509,1.24050

Week 1,13 Sep 2016,1.27931,1.28481
Week 2,20 Sep 2016,1.29852,1.30437
Week 3,27 Sep 2016,1.27404,1.27982
Week 4,04 Oct 2016,1.26729,1.27305

Week 1,11 Oct 2016,1.24829,1.25353
Week 2,18 Oct 2016,1.22633,1.23207
Week 3,25 Oct 2016,1.23461,1.24010
Week 4,01 Nov 2016,1.26279,1.26829

Week 1,08 Nov 2016,1.31722,1.32091
Week 2,15 Nov 2016,1.32216,1.32595
Week 3,22 Nov 2016,1.32826,1.33249
Week 4,29 Nov 2016,1.30731,1.30989

Week 1,06 Dec 2016,1.27809,1.28066
Week 2,13 Dec 2016,1.27189,1.27775
Week 3,20 Dec 2016,1.30745,1.30999
Week 4,27 Dec 2016,1.30852,1.31498

Week 1,03 Jan 2017,1.32704,1.32975
Week 2,10 Jan 2017,1.35938,1.36516
Week 3,17 Jan 2017,1.36287,1.36906
Week 4,24 Jan 2017,1.32802,1.33306

Week 1,31 Jan 2017,1.30504,1.31028
Week 2,07 Feb 2017,1.30579,1.30958
Week 3,14 Feb 2017,1.31183,1.31711
Week 4,21 Feb 2017,1.28348,1.28826

Week 1,28 Feb 2017,1.28157,1.28482
Week 2,07 Mar 2017,1.26413,1.26604
Week 3,14 Mar 2017,1.24292,1.24669
Week 4,21 Mar 2017,1.21180,1.21644

Week 1,28 Mar 2017,1.21366,1.21617
Week 2,04 Apr 2017,1.21422,1.21900
Week 3,11 Apr 2017,1.22289,1.22545
Week 4,18 Apr 2017,1.21803,1.22119

Week 1,25 Apr 2017,1.22307,1.22605
Week 2,02 May 2017,1.23092,1.23368
Week 3,09 May 2017,1.22525,1.23101
Week 4,16 May 2017,1.18862,1.19300

Week 1,23 May 2017,1.15379,1.15617
Week 2,30 May 2017,1.15949,1.16217
Week 3,06 Jun 2017,1.14126,1.14599
Week 4,13 Jun 2017,1.12831,1.13052

Week 1,20 Jun 2017,1.11685,1.12129
Week 2,27 Jun 2017,1.09529,1.09987
Week 3,04 Jul 2017,1.06938,1.07350
Week 4,11 Jul 2017,1.04669,1.05048

Week 1,18 Jul 2017,1.02244,1.02373
Week 2,25 Jul 2017,1.00682,1.00869
Week 3,01 Aug 2017,1.01109,1.01263
Week 4,08 Aug 2017,1.01092,1.01436

Week 1,15 Aug 2017,1.02639,1.03000
Week 2,22 Aug 2017,1.02597,1.02962
Week 3,29 Aug 2017,1.02588,1.02917
Week 4,05 Sep 2017,1.03091,1.03211

Week 1,12 Sep 2017,1.03564,1.03902
Week 2,19 Sep 2017,1.03150,1.03497
Week 3,26 Sep 2017,1.03142,1.03489
Week 4,03 Oct 2017,1.05581,1.05936

Week 1,10 Oct 2017,1.07682,1.08094
Week 2,17 Oct 2017,1.08647,1.09017
Week 3,24 Oct 2017,1.08993,1.09134
Week 4,31 Oct 2017,1.08579,1.08742

Week 1,07 Nov 2017,1.08665,1.09018
Week 2,14 Nov 2017,1.08835,1.09188
Week 3,21 Nov 2017,1.07392,1.07546
Week 4,28 Nov 2017,1.07090,1.07438

Week 1,05 Dec 2017,1.08135,1.08249


