ARG->EUR

Week 1,10 Dec 1998,0.84779,0.84827
Week 2,17 Dec 1998,0.85091,0.85137
Week 3,24 Dec 1998,0.85747,0.85802
Week 4,31 Dec 1998,0.85281,0.85355

Week 1,07 Jan 1999,0.86152,0.86210
Week 2,14 Jan 1999,0.86158,0.86212
Week 3,21 Jan 1999,0.86361,0.86416
Week 4,28 Jan 1999,0.87627,0.87719

Week 1,04 Feb 1999,0.88532,0.88586
Week 2,11 Feb 1999,0.88813,0.88858
Week 3,18 Feb 1999,0.90347,0.90398
Week 4,25 Feb 1999,0.91033,0.91079

Week 1,04 Mar 1999,0.92018,0.92066
Week 2,11 Mar 1999,0.91556,0.91617
Week 3,18 Mar 1999,0.91572,0.91624
Week 4,25 Mar 1999,0.92781,0.92845

Week 1,01 Apr 1999,0.92754,0.92809
Week 2,08 Apr 1999,0.92471,0.92528
Week 3,15 Apr 1999,0.93600,0.93653
Week 4,22 Apr 1999,0.94076,0.94129

Week 1,29 Apr 1999,0.94334,0.94387
Week 2,06 May 1999,0.92982,0.93040
Week 3,13 May 1999,0.93761,0.93818
Week 4,20 May 1999,0.94384,0.94448

Week 1,27 May 1999,0.95795,0.95865
Week 2,03 Jun 1999,0.96429,0.96499
Week 3,10 Jun 1999,0.95614,0.95673
Week 4,17 Jun 1999,0.96574,0.96637

Week 1,24 Jun 1999,0.96231,0.96297
Week 2,01 Jul 1999,0.97530,0.97602
Week 3,08 Jul 1999,0.98213,0.98278
Week 4,15 Jul 1999,0.97450,0.97515

Week 1,22 Jul 1999,0.94608,0.94669
Week 2,29 Jul 1999,0.93433,0.93494
Week 3,05 Aug 1999,0.93226,0.93286
Week 4,12 Aug 1999,0.94478,0.94538

Week 1,19 Aug 1999,0.94415,0.94470
Week 2,26 Aug 1999,0.95181,0.95239
Week 3,02 Sep 1999,0.94228,0.94290
Week 4,09 Sep 1999,0.96016,0.96087

Week 1,16 Sep 1999,0.95953,0.96018
Week 2,23 Sep 1999,0.95561,0.95627
Week 3,30 Sep 1999,0.93371,0.93432
Week 4,07 Oct 1999,0.93678,0.93740

Week 1,14 Oct 1999,0.92208,0.92265
Week 2,21 Oct 1999,0.93426,0.93488
Week 3,28 Oct 1999,0.94885,0.94948
Week 4,04 Nov 1999,0.95953,0.96018

Week 1,11 Nov 1999,0.96559,0.96623
Week 2,18 Nov 1999,0.96976,0.97043
Week 3,25 Nov 1999,0.98629,0.98697
Week 4,02 Dec 1999,0.98910,0.98982

Week 1,09 Dec 1999,0.98791,0.98851
Week 2,16 Dec 1999,0.98902,0.98956
Week 3,23 Dec 1999,0.98838,0.98900
Week 4,30 Dec 1999,0.98809,0.98867

Week 1,06 Jan 2000,0.97072,0.97128
Week 2,13 Jan 2000,0.98280,0.98333
Week 3,20 Jan 2000,0.99087,0.99136
Week 4,27 Jan 2000,1.01981,1.02042

Week 1,03 Feb 2000,1.01699,1.01750
Week 2,10 Feb 2000,1.01681,1.01739
Week 3,17 Feb 2000,1.01152,1.01212
Week 4,24 Feb 2000,1.02114,1.02160

Week 1,02 Mar 2000,1.03959,1.04006
Week 2,09 Mar 2000,1.03712,1.03762
Week 3,16 Mar 2000,1.03031,1.03094
Week 4,23 Mar 2000,1.03078,1.03145

Week 1,30 Mar 2000,1.04496,1.04568
Week 2,06 Apr 2000,1.04368,1.04416
Week 3,13 Apr 2000,1.04547,1.04606
Week 4,20 Apr 2000,1.06798,1.06848

Week 1,27 Apr 2000,1.09531,1.09588
Week 2,04 May 2000,1.11408,1.11466
Week 3,11 May 2000,1.09743,1.09801
Week 4,18 May 2000,1.11291,1.11355

Week 1,25 May 2000,1.08082,1.08146
Week 2,01 Jun 2000,1.05941,1.05999
Week 3,08 Jun 2000,1.04589,1.04653
Week 4,15 Jun 2000,1.04182,1.04240

Week 1,22 Jun 2000,1.06483,1.06535
Week 2,29 Jun 2000,1.05179,1.05236
Week 3,06 Jul 2000,1.05188,1.05236
Week 4,13 Jul 2000,1.06799,1.06848

Week 1,20 Jul 2000,1.07067,1.07122
Week 2,27 Jul 2000,1.07917,1.07982
Week 3,03 Aug 2000,1.10199,1.10257
Week 4,10 Aug 2000,1.10497,1.10555

Week 1,17 Aug 2000,1.10245,1.10297
Week 2,24 Aug 2000,1.11064,1.11127
Week 3,31 Aug 2000,1.11611,1.11676
Week 4,07 Sep 2000,1.15372,1.15441

Week 1,14 Sep 2000,1.16895,1.16967
Week 2,21 Sep 2000,1.14884,1.14955
Week 3,28 Sep 2000,1.13573,1.13653
Week 4,05 Oct 2000,1.14678,1.14960

Week 1,12 Oct 2000,1.16601,1.16703
Week 2,19 Oct 2000,1.19002,1.19107
Week 3,26 Oct 2000,1.19321,1.19410
Week 4,02 Nov 2000,1.15818,1.15910

Week 1,09 Nov 2000,1.16249,1.16349
Week 2,16 Nov 2000,1.17695,1.17776
Week 3,23 Nov 2000,1.18562,1.18641
Week 4,30 Nov 2000,1.14085,1.14158

Week 1,07 Dec 2000,1.13062,1.13128
Week 2,14 Dec 2000,1.12138,1.12207
Week 3,21 Dec 2000,1.08510,1.08573
Week 4,28 Dec 2000,1.06521,1.06580

Week 1,04 Jan 2001,1.05381,1.05453
Week 2,11 Jan 2001,1.05618,1.05678
Week 3,18 Jan 2001,1.06694,1.06763
Week 4,25 Jan 2001,1.08327,1.08402

Week 1,01 Feb 2001,1.06818,1.06878
Week 2,08 Feb 2001,1.08067,1.08131
Week 3,15 Feb 2001,1.09381,1.09449
Week 4,22 Feb 2001,1.09327,1.09401

Week 1,01 Mar 2001,1.07309,1.07372
Week 2,08 Mar 2001,1.07614,1.07672
Week 3,15 Mar 2001,1.10899,1.10999
Week 4,22 Mar 2001,1.12117,1.12199

Week 1,29 Mar 2001,1.13478,1.13559
Week 2,05 Apr 2001,1.11305,1.11375
Week 3,12 Apr 2001,1.12713,1.12783
Week 4,19 Apr 2001,1.11467,1.11555

Week 1,26 Apr 2001,1.12021,1.12096
Week 2,03 May 2001,1.12246,1.12324
Week 3,10 May 2001,1.13894,1.13968
Week 4,17 May 2001,1.13792,1.13883

Week 1,24 May 2001,1.16521,1.16600
Week 2,31 May 2001,1.17693,1.17770
Week 3,07 Jun 2001,1.17723,1.17789
Week 4,14 Jun 2001,1.16288,1.16357

Week 1,21 Jun 2001,1.16598,1.16659
Week 2,28 Jun 2001,1.17634,1.17709
Week 3,05 Jul 2001,1.18075,1.18161
Week 4,12 Jul 2001,1.16894,1.16986

Week 1,19 Jul 2001,1.14744,1.14812
Week 2,26 Jul 2001,1.14103,1.14183
Week 3,02 Aug 2001,1.13398,1.13474
Week 4,09 Aug 2001,1.11966,1.12035

Week 1,16 Aug 2001,1.09335,1.09411
Week 2,23 Aug 2001,1.09502,1.09571
Week 3,30 Aug 2001,1.10196,1.10267
Week 4,06 Sep 2001,1.10856,1.10927

Week 1,13 Sep 2001,1.08975,1.09047
Week 2,20 Sep 2001,1.08822,1.08858
Week 3,27 Sep 2001,1.09294,1.09329
Week 4,04 Oct 2001,1.09057,1.09106

Week 1,11 Oct 2001,1.10074,1.10115
Week 2,18 Oct 2001,1.11370,1.11408
Week 3,25 Oct 2001,1.11600,1.11651
Week 4,01 Nov 2001,1.11047,1.11107

Week 1,08 Nov 2001,1.12035,1.12089
Week 2,15 Nov 2001,1.13294,1.13363
Week 3,22 Nov 2001,1.13799,1.13847
Week 4,29 Nov 2001,1.12117,1.12171

Week 1,06 Dec 2001,1.12295,1.12344
Week 2,13 Dec 2001,1.11076,1.11122
Week 3,20 Dec 2001,1.12616,1.12659
Week 4,27 Dec 2001,1.13534,1.13817

Week 1,03 Jan 2002,1.02868,1.03079
Week 2,10 Jan 2002,0.80141,0.80177
Week 3,17 Jan 2002,0.74974,0.75668
Week 4,24 Jan 2002,0.64501,0.65384

Week 1,31 Jan 2002,0.60982,0.61160
Week 2,07 Feb 2002,0.56573,0.56702
Week 3,14 Feb 2002,0.56546,0.56706
Week 4,21 Feb 2002,0.53059,0.53290

Week 1,28 Feb 2002,0.53612,0.53759
Week 2,07 Mar 2002,0.51819,0.52062
Week 3,14 Mar 2002,0.47312,0.48340
Week 4,21 Mar 2002,0.43324,0.44392

Week 1,28 Mar 2002,0.38581,0.39066
Week 2,04 Apr 2002,0.40867,0.41178
Week 3,11 Apr 2002,0.39810,0.40154
Week 4,18 Apr 2002,0.38448,0.38762

Week 1,25 Apr 2002,0.36084,0.36490
Week 2,02 May 2002,0.35187,0.35496
Week 3,09 May 2002,0.34309,0.34615
Week 4,16 May 2002,0.33816,0.33934

Week 1,23 May 2002,0.33003,0.33161
Week 2,30 May 2002,0.29740,0.29923
Week 3,06 Jun 2002,0.29408,0.29583
Week 4,13 Jun 2002,0.30104,0.30293

Week 1,20 Jun 2002,0.28038,0.28184
Week 2,27 Jun 2002,0.26646,0.26791
Week 3,04 Jul 2002,0.28564,0.28679
Week 4,11 Jul 2002,0.28093,0.28265

Week 1,18 Jul 2002,0.27790,0.27876
Week 2,25 Jul 2002,0.27586,0.27742
Week 3,01 Aug 2002,0.28050,0.28206
Week 4,08 Aug 2002,0.28221,0.28314

Week 1,15 Aug 2002,0.28009,0.28099
Week 2,22 Aug 2002,0.28446,0.28582
Week 3,29 Aug 2002,0.27974,0.28085
Week 4,05 Sep 2002,0.27997,0.28138

Week 1,12 Sep 2002,0.28251,0.28340
Week 2,19 Sep 2002,0.27770,0.27902
Week 3,26 Sep 2002,0.27592,0.27688
Week 4,03 Oct 2002,0.27135,0.27230

Week 1,10 Oct 2002,0.27388,0.27495
Week 2,17 Oct 2002,0.28335,0.28433
Week 3,24 Oct 2002,0.28350,0.28445
Week 4,31 Oct 2002,0.28398,0.28488

Week 1,07 Nov 2002,0.27892,0.27982
Week 2,14 Nov 2002,0.28027,0.28119
Week 3,21 Nov 2002,0.28669,0.28714
Week 4,28 Nov 2002,0.28589,0.28680

Week 1,05 Dec 2002,0.28121,0.28318
Week 2,12 Dec 2002,0.27875,0.27953
Week 3,19 Dec 2002,0.28048,0.28161
Week 4,26 Dec 2002,0.28206,0.28334

Week 1,02 Jan 2003,0.28639,0.28880
Week 2,09 Jan 2003,0.28570,0.28730
Week 3,16 Jan 2003,0.29062,0.29146
Week 4,23 Jan 2003,0.29164,0.29252

Week 1,30 Jan 2003,0.28590,0.28687
Week 2,06 Feb 2003,0.29433,0.29537
Week 3,13 Feb 2003,0.29591,0.29682
Week 4,20 Feb 2003,0.29262,0.29388

Week 1,27 Feb 2003,0.28904,0.29054
Week 2,06 Mar 2003,0.28635,0.28733
Week 3,13 Mar 2003,0.29892,0.29998
Week 4,20 Mar 2003,0.31396,0.31510

Week 1,27 Mar 2003,0.31822,0.31942
Week 2,03 Apr 2003,0.31518,0.32054
Week 3,10 Apr 2003,0.31678,0.31951
Week 4,17 Apr 2003,0.30842,0.31392

Week 1,24 Apr 2003,0.30844,0.31807
Week 2,01 May 2003,0.29846,0.31518
Week 3,08 May 2003,0.31101,0.31516
Week 4,15 May 2003,0.30034,0.30603

Week 1,22 May 2003,0.29456,0.29603
Week 2,29 May 2003,0.28846,0.29612
Week 3,05 Jun 2003,0.29993,0.30298
Week 4,12 Jun 2003,0.28430,0.30120

Week 1,19 Jun 2003,0.29204,0.30922
Week 2,26 Jun 2003,0.29285,0.31342
Week 3,03 Jul 2003,0.29358,0.31323
Week 4,10 Jul 2003,0.30075,0.31959

Week 1,17 Jul 2003,0.30368,0.31859
Week 2,24 Jul 2003,0.30658,0.31016
Week 3,31 Jul 2003,0.29867,0.30262
Week 4,07 Aug 2003,0.29848,0.30274

Week 1,14 Aug 2003,0.30544,0.30711
Week 2,21 Aug 2003,0.30907,0.31515
Week 3,28 Aug 2003,0.30977,0.31213
Week 4,04 Sep 2003,0.30621,0.30893

Week 1,11 Sep 2003,0.29870,0.30566
Week 2,18 Sep 2003,0.29784,0.30452
Week 3,25 Sep 2003,0.29468,0.30189
Week 4,02 Oct 2003,0.29126,0.29921

Week 1,09 Oct 2003,0.29399,0.30186
Week 2,16 Oct 2003,0.29415,0.30406
Week 3,23 Oct 2003,0.29451,0.30118
Week 4,30 Oct 2003,0.29612,0.30437

Week 1,06 Nov 2003,0.29959,0.30720
Week 2,13 Nov 2003,0.28951,0.29896
Week 3,20 Nov 2003,0.28980,0.29555
Week 4,27 Nov 2003,0.27888,0.28308

Week 1,04 Dec 2003,0.27573,0.27824
Week 2,11 Dec 2003,0.27427,0.27840
Week 3,18 Dec 2003,0.27077,0.27379
Week 4,25 Dec 2003,0.26929,0.27415

Week 1,01 Jan 2004,0.27037,0.27445
Week 2,08 Jan 2004,0.27003,0.27410
Week 3,15 Jan 2004,0.27724,0.28058
Week 4,22 Jan 2004,0.27044,0.27520

Week 1,29 Jan 2004,0.27263,0.27757
Week 2,05 Feb 2004,0.26687,0.27002
Week 3,12 Feb 2004,0.26597,0.26903
Week 4,19 Feb 2004,0.26937,0.27246

Week 1,26 Feb 2004,0.27322,0.27642
Week 2,04 Mar 2004,0.27630,0.27965
Week 3,11 Mar 2004,0.27836,0.28198
Week 4,18 Mar 2004,0.28002,0.28357

Week 1,25 Mar 2004,0.28517,0.28830
Week 2,01 Apr 2004,0.28664,0.29083
Week 3,08 Apr 2004,0.29125,0.29725
Week 4,15 Apr 2004,0.29418,0.29798

Week 1,22 Apr 2004,0.29180,0.29770
Week 2,29 Apr 2004,0.29097,0.29474
Week 3,06 May 2004,0.28695,0.29164
Week 4,13 May 2004,0.28512,0.29084

Week 1,20 May 2004,0.28628,0.29392
Week 2,27 May 2004,0.27410,0.28112
Week 3,03 Jun 2004,0.27206,0.27815
Week 4,10 Jun 2004,0.27710,0.28248

Week 1,17 Jun 2004,0.27702,0.28154
Week 2,24 Jun 2004,0.27714,0.28160
Week 3,01 Jul 2004,0.27583,0.27689
Week 4,08 Jul 2004,0.27155,0.27503

Week 1,15 Jul 2004,0.27294,0.27562
Week 2,22 Jul 2004,0.27633,0.27901
Week 3,29 Jul 2004,0.27735,0.28002
Week 4,05 Aug 2004,0.26799,0.26896

Week 1,12 Aug 2004,0.26825,0.27002
Week 2,19 Aug 2004,0.27096,0.27134
Week 3,26 Aug 2004,0.27480,0.27714
Week 4,02 Sep 2004,0.27487,0.27639

Week 1,09 Sep 2004,0.27149,0.27304
Week 2,16 Sep 2004,0.27262,0.27495
Week 3,23 Sep 2004,0.26998,0.27325
Week 4,30 Sep 2004,0.26903,0.27401

Week 1,07 Oct 2004,0.27119,0.27533
Week 2,14 Oct 2004,0.26890,0.27206
Week 3,21 Oct 2004,0.26520,0.26683
Week 4,28 Oct 2004,0.26314,0.26397

Week 1,04 Nov 2004,0.26109,0.26152
Week 2,11 Nov 2004,0.25897,0.26192
Week 3,18 Nov 2004,0.25937,0.26236
Week 4,25 Nov 2004,0.25527,0.25728

Week 1,02 Dec 2004,0.25090,0.25156
Week 2,09 Dec 2004,0.25264,0.25320
Week 3,16 Dec 2004,0.25178,0.25231
Week 4,23 Dec 2004,0.24959,0.25008

Week 1,30 Dec 2004,0.24740,0.25013
Week 2,06 Jan 2005,0.25687,0.25757
Week 3,13 Jan 2005,0.25894,0.25942
Week 4,20 Jan 2005,0.25986,0.26342

Week 1,27 Jan 2005,0.25851,0.26506
Week 2,03 Feb 2005,0.26241,0.26924
Week 3,10 Feb 2005,0.26324,0.27025
Week 4,17 Feb 2005,0.26071,0.26440

Week 1,24 Feb 2005,0.25730,0.25782
Week 2,03 Mar 2005,0.25696,0.25766
Week 3,10 Mar 2005,0.25488,0.25551
Week 4,17 Mar 2005,0.25780,0.25836

Week 1,24 Mar 2005,0.26457,0.26504
Week 2,31 Mar 2005,0.26539,0.26585
Week 3,07 Apr 2005,0.26717,0.26786
Week 4,14 Apr 2005,0.26675,0.26738

Week 1,21 Apr 2005,0.26405,0.26472
Week 2,28 Apr 2005,0.26692,0.26765
Week 3,05 May 2005,0.26799,0.26843
Week 4,12 May 2005,0.27272,0.27348

Week 1,19 May 2005,0.27487,0.27557
Week 2,26 May 2005,0.27689,0.27722
Week 3,02 Jun 2005,0.28255,0.28290
Week 4,09 Jun 2005,0.28509,0.28550

Week 1,16 Jun 2005,0.28523,0.28555
Week 2,23 Jun 2005,0.28699,0.28732
Week 3,30 Jun 2005,0.28904,0.28936
Week 4,07 Jul 2005,0.28973,0.29006

Week 1,14 Jul 2005,0.28553,0.29345
Week 2,21 Jul 2005,0.28486,0.29275
Week 3,28 Jul 2005,0.28780,0.28813
Week 4,04 Aug 2005,0.28236,0.28270

Week 1,11 Aug 2005,0.27937,0.27994
Week 2,18 Aug 2005,0.28240,0.28295
Week 3,25 Aug 2005,0.27988,0.28054
Week 4,01 Sep 2005,0.27480,0.27539

Week 1,08 Sep 2005,0.27726,0.27793
Week 2,15 Sep 2005,0.28068,0.28130
Week 3,22 Sep 2005,0.28406,0.28464
Week 4,29 Sep 2005,0.28589,0.28662

Week 1,06 Oct 2005,0.28168,0.28213
Week 2,13 Oct 2005,0.27936,0.27981
Week 3,20 Oct 2005,0.27975,0.28009
Week 4,27 Oct 2005,0.27511,0.27577

Week 1,03 Nov 2005,0.28270,0.28306
Week 2,10 Nov 2005,0.28753,0.28785
Week 3,17 Nov 2005,0.28896,0.28928
Week 4,24 Nov 2005,0.28665,0.28804

Week 1,01 Dec 2005,0.28515,0.28549
Week 2,08 Dec 2005,0.27920,0.28683
Week 3,15 Dec 2005,0.27444,0.27895
Week 4,22 Dec 2005,0.27757,0.27793

Week 1,29 Dec 2005,0.27764,0.27799
Week 2,05 Jan 2006,0.27107,0.27136
Week 3,12 Jan 2006,0.26971,0.27370
Week 4,19 Jan 2006,0.26730,0.27430

Week 1,26 Jan 2006,0.26565,0.27247
Week 2,02 Feb 2006,0.26738,0.27379
Week 3,09 Feb 2006,0.26943,0.27647
Week 4,16 Feb 2006,0.27047,0.27763

Week 1,23 Feb 2006,0.27019,0.27729
Week 2,02 Mar 2006,0.26837,0.27532
Week 3,09 Mar 2006,0.27037,0.27403
Week 4,16 Mar 2006,0.26486,0.27163

Week 1,23 Mar 2006,0.26424,0.27693
Week 2,30 Mar 2006,0.26182,0.27550
Week 3,06 Apr 2006,0.26027,0.27335
Week 4,13 Apr 2006,0.25932,0.27647

Week 1,20 Apr 2006,0.25608,0.27414
Week 2,27 Apr 2006,0.26133,0.26206
Week 3,04 May 2006,0.25882,0.25933
Week 4,11 May 2006,0.25587,0.25672

Week 1,18 May 2006,0.25527,0.25598
Week 2,25 May 2006,0.25378,0.25445
Week 3,01 Jun 2006,0.25186,0.25250
Week 4,08 Jun 2006,0.25593,0.25658

Week 1,15 Jun 2006,0.25708,0.25787
Week 2,22 Jun 2006,0.25802,0.25874
Week 3,29 Jun 2006,0.25468,0.25540
Week 4,06 Jul 2006,0.25330,0.25401

Week 1,13 Jul 2006,0.25603,0.25696
Week 2,20 Jul 2006,0.25655,0.25722
Week 3,27 Jul 2006,0.25524,0.25587
Week 4,03 Aug 2006,0.25348,0.25416

Week 1,10 Aug 2006,0.25474,0.25548
Week 2,17 Aug 2006,0.25261,0.25328
Week 3,24 Aug 2006,0.25232,0.25398
Week 4,31 Aug 2006,0.25127,0.25232

Week 1,07 Sep 2006,0.25324,0.25393
Week 2,14 Sep 2006,0.25408,0.25478
Week 3,21 Sep 2006,0.25261,0.25333
Week 4,28 Sep 2006,0.25347,0.25415

Week 1,05 Oct 2006,0.25455,0.25525
Week 2,12 Oct 2006,0.25687,0.25759
Week 3,19 Oct 2006,0.25667,0.25735
Week 4,26 Oct 2006,0.25447,0.25520

Week 1,02 Nov 2006,0.25411,0.25477
Week 2,09 Nov 2006,0.25344,0.25415
Week 3,16 Nov 2006,0.25357,0.25426
Week 4,23 Nov 2006,0.24901,0.24970

Week 1,30 Nov 2006,0.24530,0.24598
Week 2,07 Dec 2006,0.24660,0.24730
Week 3,14 Dec 2006,0.24863,0.24932
Week 4,21 Dec 2006,0.24869,0.24935

Week 1,28 Dec 2006,0.24698,0.24769
Week 2,04 Jan 2007,0.24886,0.24943
Week 3,11 Jan 2007,0.25060,0.25126
Week 4,18 Jan 2007,0.24981,0.25047

Week 1,25 Jan 2007,0.24859,0.24925
Week 2,01 Feb 2007,0.24821,0.24889
Week 3,08 Feb 2007,0.24720,0.24789
Week 4,15 Feb 2007,0.24511,0.24576

Week 1,22 Feb 2007,0.24452,0.24520
Week 2,01 Mar 2007,0.24467,0.24530
Week 3,08 Mar 2007,0.24490,0.24554
Week 4,15 Mar 2007,0.24256,0.24324

Week 1,22 Mar 2007,0.24197,0.24259
Week 2,29 Mar 2007,0.24126,0.24191
Week 3,05 Apr 2007,0.24079,0.24138
Week 4,12 Apr 2007,0.23933,0.23992

Week 1,19 Apr 2007,0.23812,0.23879
Week 2,26 Apr 2007,0.23718,0.23776
Week 3,03 May 2007,0.23840,0.23907
Week 4,10 May 2007,0.23952,0.24053

Week 1,17 May 2007,0.24031,0.24101
Week 2,24 May 2007,0.24084,0.24148
Week 3,31 May 2007,0.24072,0.24247
Week 4,07 Jun 2007,0.24216,0.24277

Week 1,14 Jun 2007,0.24288,0.24478
Week 2,21 Jun 2007,0.24026,0.24295
Week 3,28 Jun 2007,0.23874,0.24017
Week 4,05 Jul 2007,0.23597,0.23755

Week 1,12 Jul 2007,0.23363,0.23440
Week 2,19 Jul 2007,0.23180,0.23369
Week 3,26 Jul 2007,0.23134,0.23374
Week 4,02 Aug 2007,0.23122,0.23328

Week 1,09 Aug 2007,0.23211,0.23266
Week 2,16 Aug 2007,0.23502,0.23576
Week 3,23 Aug 2007,0.23116,0.23229
Week 4,30 Aug 2007,0.23132,0.23304

Week 1,06 Sep 2007,0.22947,0.23150
Week 2,13 Sep 2007,0.22944,0.23051
Week 3,20 Sep 2007,0.22586,0.22730
Week 4,27 Sep 2007,0.22298,0.22457

Week 1,04 Oct 2007,0.22397,0.22524
Week 2,11 Oct 2007,0.22287,0.22397
Week 3,18 Oct 2007,0.22141,0.22208
Week 4,25 Oct 2007,0.21896,0.22048

Week 1,01 Nov 2007,0.21952,0.22097
Week 2,08 Nov 2007,0.21728,0.21898
Week 3,15 Nov 2007,0.21764,0.21813
Week 4,22 Nov 2007,0.21336,0.21504

Week 1,29 Nov 2007,0.21549,0.21644
Week 2,06 Dec 2007,0.21697,0.21805
Week 3,13 Dec 2007,0.21913,0.21962
Week 4,20 Dec 2007,0.22107,0.22282

Week 1,27 Dec 2007,0.21624,0.21839
Week 2,03 Jan 2008,0.21578,0.21663
Week 3,10 Jan 2008,0.21557,0.21680
Week 4,17 Jan 2008,0.21666,0.21743

Week 1,24 Jan 2008,0.21473,0.21697
Week 2,31 Jan 2008,0.21297,0.21441
Week 3,07 Feb 2008,0.21596,0.21839
Week 4,14 Feb 2008,0.21561,0.21709

Week 1,21 Feb 2008,0.21362,0.21508
Week 2,28 Feb 2008,0.20789,0.20995
Week 3,06 Mar 2008,0.20658,0.20702
Week 4,13 Mar 2008,0.20257,0.20436

Week 1,20 Mar 2008,0.20456,0.20604
Week 2,27 Mar 2008,0.19982,0.20109
Week 3,03 Apr 2008,0.20054,0.20243
Week 4,10 Apr 2008,0.20039,0.20101

Week 1,17 Apr 2008,0.19748,0.19949
Week 2,24 Apr 2008,0.19986,0.20121
Week 3,01 May 2008,0.20303,0.20435
Week 4,08 May 2008,0.20289,0.20421

Week 1,15 May 2008,0.20337,0.20470
Week 2,22 May 2008,0.20202,0.20283
Week 3,29 May 2008,0.20677,0.20748
Week 4,05 Jun 2008,0.20870,0.20935

Week 1,12 Jun 2008,0.21210,0.21266
Week 2,19 Jun 2008,0.21151,0.21294
Week 3,26 Jun 2008,0.21008,0.21053
Week 4,03 Jul 2008,0.20979,0.21039

Week 1,10 Jul 2008,0.20856,0.20969
Week 2,17 Jul 2008,0.20814,0.20858
Week 3,24 Jul 2008,0.21058,0.21104
Week 4,31 Jul 2008,0.21140,0.21186

Week 1,07 Aug 2008,0.21573,0.21778
Week 2,14 Aug 2008,0.22302,0.22407
Week 3,21 Aug 2008,0.22281,0.22437
Week 4,28 Aug 2008,0.22436,0.22597

Week 1,04 Sep 2008,0.22918,0.23088
Week 2,11 Sep 2008,0.22914,0.22981
Week 3,18 Sep 2008,0.22230,0.22490
Week 4,25 Sep 2008,0.22018,0.22089

Week 1,02 Oct 2008,0.22898,0.23063
Week 2,09 Oct 2008,0.22731,0.22919
Week 3,16 Oct 2008,0.23165,0.23256
Week 4,23 Oct 2008,0.24123,0.24391

Week 1,30 Oct 2008,0.23071,0.23230
Week 2,06 Nov 2008,0.23532,0.23761
Week 3,13 Nov 2008,0.23866,0.23986
Week 4,20 Nov 2008,0.23677,0.23830

Week 1,27 Nov 2008,0.23177,0.23346
Week 2,04 Dec 2008,0.22714,0.22822
Week 3,11 Dec 2008,0.21857,0.22096
Week 4,18 Dec 2008,0.20752,0.20942

Week 1,25 Dec 2008,0.20662,0.20902
Week 2,01 Jan 2009,0.20730,0.20892
Week 3,08 Jan 2009,0.21291,0.21488
Week 4,15 Jan 2009,0.21915,0.22005

Week 1,22 Jan 2009,0.22188,0.22266
Week 2,29 Jan 2009,0.22089,0.22280
Week 3,05 Feb 2009,0.22189,0.22241
Week 4,12 Feb 2009,0.22250,0.22396

Week 1,19 Feb 2009,0.22272,0.22554
Week 2,26 Feb 2009,0.21987,0.22232
Week 3,05 Mar 2009,0.21778,0.21830
Week 4,12 Mar 2009,0.21192,0.21456

Week 1,19 Mar 2009,0.20221,0.20265
Week 2,26 Mar 2009,0.20171,0.20214
Week 3,02 Apr 2009,0.20178,0.20221
Week 4,09 Apr 2009,0.20604,0.20657

Week 1,16 Apr 2009,0.20571,0.20624
Week 2,23 Apr 2009,0.20544,0.20653
Week 3,30 Apr 2009,0.20273,0.20316
Week 4,07 May 2009,0.19871,0.19913

Week 1,14 May 2009,0.19714,0.19857
Week 2,21 May 2009,0.19244,0.19284
Week 3,28 May 2009,0.18974,0.19011
Week 4,04 Jun 2009,0.18917,0.19062

Week 1,11 Jun 2009,0.18969,0.19007
Week 2,18 Jun 2009,0.18998,0.19068
Week 3,25 Jun 2009,0.18751,0.18802
Week 4,02 Jul 2009,0.18764,0.18808

Week 1,09 Jul 2009,0.18823,0.18862
Week 2,16 Jul 2009,0.18525,0.18693
Week 3,23 Jul 2009,0.18384,0.18559
Week 4,30 Jul 2009,0.18353,0.18390

Week 1,06 Aug 2009,0.18195,0.18357
Week 2,13 Aug 2009,0.18346,0.18383
Week 3,20 Aug 2009,0.18133,0.18253
Week 4,27 Aug 2009,0.18067,0.18239

Week 1,03 Sep 2009,0.18163,0.18199
Week 2,10 Sep 2009,0.17802,0.17835
Week 3,17 Sep 2009,0.17658,0.17816
Week 4,24 Sep 2009,0.17646,0.17829

Week 1,01 Oct 2009,0.17783,0.17869
Week 2,08 Oct 2009,0.17674,0.17728
Week 3,15 Oct 2009,0.17471,0.17626
Week 4,22 Oct 2009,0.17454,0.17485

Week 1,29 Oct 2009,0.17636,0.17805
Week 2,05 Nov 2009,0.17611,0.17644
Week 3,12 Nov 2009,0.17559,0.17591
Week 4,19 Nov 2009,0.17557,0.17714

Week 1,26 Nov 2009,0.17450,0.17607
Week 2,03 Dec 2009,0.17566,0.17605
Week 3,10 Dec 2009,0.17804,0.17971
Week 4,17 Dec 2009,0.18254,0.18289

Week 1,24 Dec 2009,0.18186,0.18487
Week 2,31 Dec 2009,0.18125,0.18436
Week 3,07 Jan 2010,0.18265,0.18307
Week 4,14 Jan 2010,0.18187,0.18357

Week 1,21 Jan 2010,0.18557,0.18613
Week 2,28 Jan 2010,0.18744,0.18786
Week 3,04 Feb 2010,0.18928,0.18965
Week 4,11 Feb 2010,0.18977,0.19016

Week 1,18 Feb 2010,0.19003,0.19164
Week 2,25 Feb 2010,0.19029,0.19200
Week 3,04 Mar 2010,0.18950,0.19155
Week 4,11 Mar 2010,0.18880,0.18918

Week 1,18 Mar 2010,0.19032,0.19078
Week 2,25 Mar 2010,0.19261,0.19335
Week 3,01 Apr 2010,0.18961,0.19301
Week 4,08 Apr 2010,0.19149,0.19188

Week 1,15 Apr 2010,0.19006,0.19165
Week 2,22 Apr 2010,0.19339,0.19376
Week 3,29 Apr 2010,0.19434,0.19518
Week 4,06 May 2010,0.19950,0.20148

Week 1,13 May 2010,0.20545,0.20669
Week 2,20 May 2010,0.20544,0.20662
Week 3,27 May 2010,0.20745,0.20801
Week 4,03 Jun 2010,0.20945,0.21173

Week 1,10 Jun 2010,0.21023,0.21071
Week 2,17 Jun 2010,0.20550,0.20691
Week 3,24 Jun 2010,0.20683,0.20729
Week 4,01 Jul 2010,0.20307,0.20462

Week 1,08 Jul 2010,0.20106,0.20150
Week 2,15 Jul 2010,0.19609,0.19825
Week 3,22 Jul 2010,0.19648,0.19755
Week 4,29 Jul 2010,0.19395,0.19436

Week 1,05 Aug 2010,0.19218,0.19258
Week 2,12 Aug 2010,0.19783,0.19826
Week 3,19 Aug 2010,0.19850,0.20046
Week 4,26 Aug 2010,0.19853,0.20060

Week 1,02 Sep 2010,0.19661,0.19852
Week 2,09 Sep 2010,0.19837,0.19880
Week 3,16 Sep 2010,0.19297,0.19449
Week 4,23 Sep 2010,0.18792,0.18830

Week 1,30 Sep 2010,0.18391,0.18428
Week 2,07 Oct 2010,0.18077,0.18266
Week 3,14 Oct 2010,0.18061,0.18134
Week 4,21 Oct 2010,0.18125,0.18160

Week 1,28 Oct 2010,0.18173,0.18208
Week 2,04 Nov 2010,0.17978,0.18012
Week 3,11 Nov 2010,0.18421,0.18457
Week 4,18 Nov 2010,0.18478,0.18514

Week 1,25 Nov 2010,0.18967,0.19005
Week 2,02 Dec 2010,0.18919,0.18957
Week 3,09 Dec 2010,0.18947,0.18985
Week 4,16 Dec 2010,0.19021,0.19084

Week 1,23 Dec 2010,0.19050,0.19303
Week 2,30 Dec 2010,0.18812,0.19016
Week 3,06 Jan 2011,0.19322,0.19361
Week 4,13 Jan 2011,0.18883,0.19017

Week 1,20 Jan 2011,0.18453,0.18680
Week 2,27 Jan 2011,0.18280,0.18336
Week 3,03 Feb 2011,0.18202,0.18301
Week 4,10 Feb 2011,0.18328,0.18363

Week 1,17 Feb 2011,0.18221,0.18256
Week 2,24 Feb 2011,0.18014,0.18048
Week 3,03 Mar 2011,0.17795,0.17827
Week 4,10 Mar 2011,0.17857,0.17890

Week 1,17 Mar 2011,0.17542,0.17575
Week 2,24 Mar 2011,0.17477,0.17564
Week 3,31 Mar 2011,0.17385,0.17425
Week 4,07 Apr 2011,0.17142,0.17175

Week 1,14 Apr 2011,0.17054,0.17085
Week 2,21 Apr 2011,0.16831,0.16861
Week 3,28 Apr 2011,0.16556,0.16585
Week 4,05 May 2011,0.16842,0.16877

Week 1,12 May 2011,0.17219,0.17256
Week 2,19 May 2011,0.17247,0.17304
Week 3,26 May 2011,0.17176,0.17207
Week 4,02 Jun 2011,0.16798,0.16834

Week 1,09 Jun 2011,0.16809,0.16955
Week 2,16 Jun 2011,0.17081,0.17112
Week 3,23 Jun 2011,0.17101,0.17129
Week 4,30 Jun 2011,0.16794,0.16822

Week 1,07 Jul 2011,0.17110,0.17143
Week 2,14 Jul 2011,0.17169,0.17201
Week 3,21 Jul 2011,0.16862,0.16892
Week 4,28 Jul 2011,0.16825,0.16868

Week 1,04 Aug 2011,0.16884,0.16958
Week 2,11 Aug 2011,0.16817,0.16903
Week 3,18 Aug 2011,0.16628,0.16658
Week 4,25 Aug 2011,0.16518,0.16547

Week 1,01 Sep 2011,0.16713,0.16743
Week 2,08 Sep 2011,0.17241,0.17273
Week 3,15 Sep 2011,0.17295,0.17328
Week 4,22 Sep 2011,0.17565,0.17600

Week 1,29 Sep 2011,0.17639,0.17673
Week 2,06 Oct 2011,0.17609,0.17708
Week 3,13 Oct 2011,0.17148,0.17293
Week 4,20 Oct 2011,0.17069,0.17100

Week 1,27 Oct 2011,0.16810,0.16840
Week 2,03 Nov 2011,0.17082,0.17114
Week 3,10 Nov 2011,0.17127,0.17158
Week 4,17 Nov 2011,0.17288,0.17426

Week 1,24 Nov 2011,0.17607,0.17640
Week 2,01 Dec 2011,0.17332,0.17440
Week 3,08 Dec 2011,0.17495,0.17561
Week 4,15 Dec 2011,0.17895,0.17929

Week 1,22 Dec 2011,0.17837,0.17872
Week 2,29 Dec 2011,0.17902,0.17937
Week 3,05 Jan 2012,0.18098,0.18133
Week 4,12 Jan 2012,0.18217,0.18253

Week 1,19 Jan 2012,0.17891,0.17928
Week 2,26 Jan 2012,0.17551,0.17584
Week 3,02 Feb 2012,0.17549,0.17583
Week 4,09 Feb 2012,0.17398,0.17433

Week 1,16 Feb 2012,0.17466,0.17499
Week 2,23 Feb 2012,0.17150,0.17181
Week 3,01 Mar 2012,0.17332,0.17407
Week 4,08 Mar 2012,0.17510,0.17543

Week 1,15 Mar 2012,0.17468,0.17500
Week 2,22 Mar 2012,0.17211,0.17357
Week 3,29 Mar 2012,0.17127,0.17159
Week 4,05 Apr 2012,0.17407,0.17440

Week 1,12 Apr 2012,0.17283,0.17418
Week 2,19 Apr 2012,0.17234,0.17267
Week 3,26 Apr 2012,0.17108,0.17140
Week 4,03 May 2012,0.17157,0.17314

Week 1,10 May 2012,0.17437,0.17469
Week 2,17 May 2012,0.17590,0.17641
Week 3,24 May 2012,0.17715,0.17911
Week 4,31 May 2012,0.17959,0.18144

Week 1,07 Jun 2012,0.17751,0.17921
Week 2,14 Jun 2012,0.17589,0.17752
Week 3,21 Jun 2012,0.17620,0.17696
Week 4,28 Jun 2012,0.17562,0.17637

Week 1,05 Jul 2012,0.17732,0.17930
Week 2,12 Jul 2012,0.17918,0.18086
Week 3,19 Jul 2012,0.17968,0.18016
Week 4,26 Jul 2012,0.17792,0.17888

Week 1,02 Aug 2012,0.17658,0.17738
Week 2,09 Aug 2012,0.17632,0.17663
Week 3,16 Aug 2012,0.17550,0.17582
Week 4,23 Aug 2012,0.17239,0.17382

Week 1,30 Aug 2012,0.17155,0.17193
Week 2,06 Sep 2012,0.16851,0.16921
Week 3,13 Sep 2012,0.16374,0.16523
Week 4,20 Sep 2012,0.16435,0.16484

Week 1,27 Sep 2012,0.16501,0.16564
Week 2,04 Oct 2012,0.16335,0.16417
Week 3,11 Oct 2012,0.16376,0.16429
Week 4,18 Oct 2012,0.16142,0.16220

Week 1,25 Oct 2012,0.16237,0.16299
Week 2,01 Nov 2012,0.16233,0.16340
Week 3,08 Nov 2012,0.16383,0.16515
Week 4,15 Nov 2012,0.16333,0.16365

Week 1,22 Nov 2012,0.16013,0.16171
Week 2,29 Nov 2012,0.15858,0.15981
Week 3,06 Dec 2012,0.15845,0.15896
Week 4,13 Dec 2012,0.15587,0.15722

Week 1,20 Dec 2012,0.15440,0.15465
Week 2,27 Dec 2012,0.15378,0.15451
Week 3,03 Jan 2013,0.15476,0.15531
Week 4,10 Jan 2013,0.15241,0.15294

Week 1,17 Jan 2013,0.15106,0.15205
Week 2,24 Jan 2013,0.15000,0.15043
Week 3,31 Jan 2013,0.14738,0.14816
Week 4,07 Feb 2013,0.14887,0.14940

Week 1,14 Feb 2013,0.14896,0.14969
Week 2,21 Feb 2013,0.15011,0.15122
Week 3,28 Feb 2013,0.15143,0.15236
Week 4,07 Mar 2013,0.15104,0.15174

Week 1,14 Mar 2013,0.15082,0.15132
Week 2,21 Mar 2013,0.15113,0.15165
Week 3,28 Mar 2013,0.15165,0.15323
Week 4,04 Apr 2013,0.14995,0.15092

Week 1,11 Apr 2013,0.14796,0.14932
Week 2,18 Apr 2013,0.14793,0.14872
Week 3,25 Apr 2013,0.14800,0.14835
Week 4,02 May 2013,0.14624,0.14729

Week 1,09 May 2013,0.14652,0.14732
Week 2,16 May 2013,0.14828,0.14859
Week 3,23 May 2013,0.14656,0.14761
Week 4,30 May 2013,0.14530,0.14612

Week 1,06 Jun 2013,0.14233,0.14346
Week 2,13 Jun 2013,0.14038,0.14114
Week 3,20 Jun 2013,0.14121,0.14202
Week 4,27 Jun 2013,0.14207,0.14304

Week 1,04 Jul 2013,0.14341,0.14399
Week 2,11 Jul 2013,0.14121,0.14206
Week 3,18 Jul 2013,0.13916,0.14022
Week 4,25 Jul 2013,0.13729,0.13823

Week 1,01 Aug 2013,0.13661,0.13699
Week 2,08 Aug 2013,0.13475,0.13589
Week 3,15 Aug 2013,0.13398,0.13509
Week 4,22 Aug 2013,0.13281,0.13365

Week 1,29 Aug 2013,0.13300,0.13361
Week 2,05 Sep 2013,0.13274,0.13374
Week 3,12 Sep 2013,0.13103,0.13164
Week 4,19 Sep 2013,0.12855,0.12880

Week 1,26 Sep 2013,0.12758,0.12840
Week 2,03 Oct 2013,0.12653,0.12699
Week 3,10 Oct 2013,0.12650,0.12691
Week 4,17 Oct 2013,0.12494,0.12553

Week 1,24 Oct 2013,0.12308,0.12389
Week 2,31 Oct 2013,0.12437,0.12474
Week 3,07 Nov 2013,0.12473,0.12539
Week 4,14 Nov 2013,0.12364,0.12412

Week 1,21 Nov 2013,0.12178,0.12193
Week 2,28 Nov 2013,0.11984,0.12031
Week 3,05 Dec 2013,0.11725,0.11773
Week 4,12 Dec 2013,0.11540,0.11596

Week 1,19 Dec 2013,0.11395,0.11422
Week 2,26 Dec 2013,0.11195,0.11259
Week 3,02 Jan 2014,0.11158,0.11199
Week 4,09 Jan 2014,0.11026,0.11069

Week 1,16 Jan 2014,0.10843,0.10888
Week 2,23 Jan 2014,0.09589,0.09631
Week 3,30 Jan 2014,0.09198,0.09225
Week 4,06 Feb 2014,0.09318,0.09371

Week 1,13 Feb 2014,0.09342,0.09395
Week 2,20 Feb 2014,0.09297,0.09328
Week 3,27 Feb 2014,0.09199,0.09250
Week 4,06 Mar 2014,0.09166,0.09188

Week 1,13 Mar 2014,0.09104,0.09139
Week 2,20 Mar 2014,0.09074,0.09123
Week 3,27 Mar 2014,0.09055,0.09102
Week 4,03 Apr 2014,0.09075,0.09125

Week 1,10 Apr 2014,0.08995,0.09043
Week 2,17 Apr 2014,0.09015,0.09063
Week 3,24 Apr 2014,0.09028,0.09042
Week 4,01 May 2014,0.09004,0.09022

Week 1,08 May 2014,0.09044,0.09054
Week 2,15 May 2014,0.09048,0.09083
Week 3,22 May 2014,0.09081,0.09097
Week 4,29 May 2014,0.09083,0.09099

Week 1,05 Jun 2014,0.09029,0.09042
Week 2,12 Jun 2014,0.09072,0.09088
Week 3,19 Jun 2014,0.09039,0.09052
Week 4,26 Jun 2014,0.09008,0.09017

Week 1,03 Jul 2014,0.09019,0.09034
Week 2,10 Jul 2014,0.09010,0.09025
Week 3,17 Jul 2014,0.09055,0.09089
Week 4,24 Jul 2014,0.09096,0.09111

Week 1,31 Jul 2014,0.09061,0.09071
Week 2,07 Aug 2014,0.09030,0.09045
Week 3,14 Aug 2014,0.09027,0.09043
Week 4,21 Aug 2014,0.09014,0.09024

Week 1,28 Aug 2014,0.09015,0.09062
Week 2,04 Sep 2014,0.09134,0.09188
Week 3,11 Sep 2014,0.09177,0.09230
Week 4,18 Sep 2014,0.09208,0.09261

Week 1,25 Sep 2014,0.09282,0.09337
Week 2,02 Oct 2014,0.09360,0.09410
Week 3,09 Oct 2014,0.09289,0.09337
Week 4,16 Oct 2014,0.09239,0.09250

Week 1,23 Oct 2014,0.09270,0.09326
Week 2,30 Oct 2014,0.09314,0.09370
Week 3,06 Nov 2014,0.09426,0.09483
Week 4,13 Nov 2014,0.09402,0.09453

Week 1,20 Nov 2014,0.09421,0.09433
Week 2,27 Nov 2014,0.09382,0.09438
Week 3,04 Dec 2014,0.09494,0.09506
Week 4,11 Dec 2014,0.09390,0.09405

Week 1,18 Dec 2014,0.09518,0.09529
Week 2,25 Dec 2014,0.09593,0.09610
Week 3,01 Jan 2015,0.09738,0.09761
Week 4,08 Jan 2015,0.09845,0.09856

Week 1,15 Jan 2015,0.09989,0.10008
Week 2,22 Jan 2015,0.10222,0.10234
Week 3,29 Jan 2015,0.10224,0.10239
Week 4,05 Feb 2015,0.10158,0.10171

Week 1,12 Feb 2015,0.10126,0.10140
Week 2,19 Feb 2015,0.10109,0.10122
Week 3,26 Feb 2015,0.10195,0.10214
Week 4,05 Mar 2015,0.10455,0.10469

Week 1,12 Mar 2015,0.10778,0.10792
Week 2,19 Mar 2015,0.10539,0.10552
Week 3,26 Mar 2015,0.10425,0.10438
Week 4,02 Apr 2015,0.10420,0.10469

Week 1,09 Apr 2015,0.10602,0.10616
Week 2,16 Apr 2015,0.10481,0.10495
Week 3,23 Apr 2015,0.10369,0.10382
Week 4,30 Apr 2015,0.10036,0.10062

Week 1,07 May 2015,0.09963,0.09981
Week 2,14 May 2015,0.09823,0.09836
Week 3,21 May 2015,0.10079,0.10093
Week 4,28 May 2015,0.10136,0.10149

Week 1,04 Jun 2015,0.09900,0.09912
Week 2,11 Jun 2015,0.09810,0.09822
Week 3,18 Jun 2015,0.09723,0.09734
Week 4,25 Jun 2015,0.09837,0.09851

Week 1,02 Jul 2015,0.09902,0.09921
Week 2,09 Jul 2015,0.09871,0.09891
Week 3,16 Jul 2015,0.10058,0.10070
Week 4,23 Jul 2015,0.09904,0.09918

Week 1,30 Jul 2015,0.09898,0.09915
Week 2,06 Aug 2015,0.09899,0.09911
Week 3,13 Aug 2015,0.09736,0.09748
Week 4,20 Aug 2015,0.09530,0.09541

Week 1,27 Aug 2015,0.09554,0.09565
Week 2,03 Sep 2015,0.09594,0.09607
Week 3,10 Sep 2015,0.09472,0.09483
Week 4,17 Sep 2015,0.09431,0.09443

Week 1,24 Sep 2015,0.09490,0.09503
Week 2,01 Oct 2015,0.09452,0.09463
Week 3,08 Oct 2015,0.09361,0.09370
Week 4,15 Oct 2015,0.09264,0.09275

Week 1,22 Oct 2015,0.09456,0.09466
Week 2,29 Oct 2015,0.09538,0.09555
Week 3,05 Nov 2015,0.09716,0.09731
Week 4,12 Nov 2015,0.09684,0.09694

Week 1,19 Nov 2015,0.09686,0.09745
Week 2,26 Nov 2015,0.09719,0.09774
Week 3,03 Dec 2015,0.09514,0.09569
Week 4,10 Dec 2015,0.09324,0.09380

Week 1,17 Dec 2015,0.07695,0.07703
Week 2,24 Dec 2015,0.06995,0.07025
Week 3,31 Dec 2015,0.07040,0.07079
Week 4,07 Jan 2016,0.06655,0.06684

Week 1,14 Jan 2016,0.06857,0.06895
Week 2,21 Jan 2016,0.06776,0.06803
Week 3,28 Jan 2016,0.06591,0.06619
Week 4,04 Feb 2016,0.06291,0.06297

Week 1,11 Feb 2016,0.06081,0.06105
Week 2,18 Feb 2016,0.05982,0.05996
Week 3,25 Feb 2016,0.05870,0.05892
Week 4,03 Mar 2016,0.05926,0.05949

Week 1,10 Mar 2016,0.05933,0.05953
Week 2,17 Mar 2016,0.06051,0.06061
Week 3,24 Mar 2016,0.06153,0.06173
Week 4,31 Mar 2016,0.05974,0.05981

Week 1,07 Apr 2016,0.06041,0.06049
Week 2,14 Apr 2016,0.06232,0.06238
Week 3,21 Apr 2016,0.06199,0.06205
Week 4,28 Apr 2016,0.06130,0.06148

Week 1,05 May 2016,0.06151,0.06158
Week 2,12 May 2016,0.06216,0.06222
Week 3,19 May 2016,0.06323,0.06333
Week 4,26 May 2016,0.06423,0.06428

Week 1,02 Jun 2016,0.06373,0.06377
Week 2,09 Jun 2016,0.06406,0.06411
Week 3,16 Jun 2016,0.06392,0.06418
Week 4,23 Jun 2016,0.06098,0.06107

Week 1,30 Jun 2016,0.05980,0.06008
Week 2,07 Jul 2016,0.06128,0.06153
Week 3,14 Jul 2016,0.06085,0.06097
Week 4,21 Jul 2016,0.06060,0.06073

Week 1,28 Jul 2016,0.05999,0.06013
Week 2,04 Aug 2016,0.06049,0.06070
Week 3,11 Aug 2016,0.06088,0.06109
Week 4,18 Aug 2016,0.05944,0.05963

Week 1,25 Aug 2016,0.05948,0.05970
Week 2,01 Sep 2016,0.05978,0.05999
Week 3,08 Sep 2016,0.05904,0.05926
Week 4,15 Sep 2016,0.05907,0.05928

Week 1,22 Sep 2016,0.05868,0.05889
Week 2,29 Sep 2016,0.05820,0.05841
Week 3,06 Oct 2016,0.05888,0.05908
Week 4,13 Oct 2016,0.05984,0.06006

Week 1,20 Oct 2016,0.06028,0.06051
Week 2,27 Oct 2016,0.06021,0.06042
Week 3,03 Nov 2016,0.05965,0.05985
Week 4,10 Nov 2016,0.06041,0.06050

Week 1,17 Nov 2016,0.06070,0.06080
Week 2,24 Nov 2016,0.06074,0.06087
Week 3,01 Dec 2016,0.05903,0.05908
Week 4,08 Dec 2016,0.05882,0.05889

Week 1,15 Dec 2016,0.05986,0.06007
Week 2,22 Dec 2016,0.06114,0.06125
Week 3,29 Dec 2016,0.06002,0.06025
Week 4,05 Jan 2017,0.05967,0.05974

Week 1,12 Jan 2017,0.05934,0.05955
Week 2,19 Jan 2017,0.05874,0.05894
Week 3,26 Jan 2017,0.05855,0.05872
Week 4,02 Feb 2017,0.05909,0.05927

Week 1,09 Feb 2017,0.06022,0.06034
Week 2,16 Feb 2017,0.06062,0.06079
Week 3,23 Feb 2017,0.06085,0.06104
Week 4,02 Mar 2017,0.06124,0.06135

Week 1,09 Mar 2017,0.06060,0.06066
Week 2,16 Mar 2017,0.05979,0.05995
Week 3,23 Mar 2017,0.05918,0.05938
Week 4,30 Mar 2017,0.06067,0.06073

Week 1,06 Apr 2017,0.06117,0.06135
Week 2,13 Apr 2017,0.06193,0.06203
Week 3,20 Apr 2017,0.06028,0.06034
Week 4,27 Apr 2017,0.05946,0.05958

Week 1,04 May 2017,0.05942,0.05950
Week 2,11 May 2017,0.05913,0.05934
Week 3,18 May 2017,0.05613,0.05629
Week 4,25 May 2017,0.05571,0.05576

Week 1,01 Jun 2017,0.05534,0.05541
Week 2,08 Jun 2017,0.05587,0.05605
Week 3,15 Jun 2017,0.05583,0.05587
Week 4,22 Jun 2017,0.05514,0.05530

Week 1,29 Jun 2017,0.05294,0.05312
Week 2,06 Jul 2017,0.05144,0.05158
Week 3,13 Jul 2017,0.05149,0.05165
Week 4,20 Jul 2017,0.04966,0.04970

Week 1,27 Jul 2017,0.04820,0.04824
Week 2,03 Aug 2017,0.04798,0.04801
Week 3,10 Aug 2017,0.04828,0.04841
Week 4,17 Aug 2017,0.04915,0.04930

Week 1,24 Aug 2017,0.04889,0.04902
Week 2,31 Aug 2017,0.04844,0.04857
Week 3,07 Sep 2017,0.04843,0.04847
Week 4,14 Sep 2017,0.04909,0.04923

Week 1,21 Sep 2017,0.04843,0.04857
Week 2,28 Sep 2017,0.04843,0.04857
Week 3,05 Oct 2017,0.04888,0.04903
Week 4,12 Oct 2017,0.04857,0.04871

Week 1,19 Oct 2017,0.04863,0.04877
Week 2,26 Oct 2017,0.04869,0.04874
Week 3,02 Nov 2017,0.04884,0.04888
Week 4,09 Nov 2017,0.04894,0.04908

Week 1,16 Nov 2017,0.04847,0.04861
Week 2,23 Nov 2017,0.04845,0.04849
Week 3,30 Nov 2017,0.04854,0.04868
Week 4,07 Dec 2017,0.04898,0.04901


