ARG->IDR

Week 1,01 Dec 1998,7457.05571,7549.14286
Week 2,08 Dec 1998,7416.46857,7493.07286
Week 3,15 Dec 1998,7691.07143,7789.05857
Week 4,22 Dec 1998,7741.07143,7876.57571

Week 1,29 Dec 1998,7906.41857,8001.05000
Week 2,05 Jan 1999,7904.92143,8002.15857
Week 3,12 Jan 1999,8406.73000,8478.63429
Week 4,19 Jan 1999,8691.98571,8774.09000

Week 1,26 Jan 1999,8947.18143,9048.65714
Week 2,02 Feb 1999,8673.44429,8771.69143
Week 3,09 Feb 1999,8663.48857,8747.33286
Week 4,16 Feb 1999,8777.81143,8859.16714

Week 1,23 Feb 1999,8797.77571,8865.00571
Week 2,02 Mar 1999,8862.48857,8930.00143
Week 3,09 Mar 1999,9083.42143,9148.04714
Week 4,16 Mar 1999,8875.00000,8946.60857

Week 1,23 Mar 1999,8828.90714,8896.13857
Week 2,30 Mar 1999,8608.29000,8694.49857
Week 3,06 Apr 1999,8682.85714,8753.73571
Week 4,13 Apr 1999,8619.28571,8691.58429

Week 1,20 Apr 1999,8572.85714,8640.86714
Week 2,27 Apr 1999,8233.92857,8302.40286
Week 3,04 May 1999,7933.57143,7980.79857
Week 4,11 May 1999,7828.57143,7890.19000

Week 1,18 May 1999,8054.64286,8135.55714
Week 2,25 May 1999,8070.71429,8129.12571
Week 3,01 Jun 1999,8090.00000,8119.12000
Week 4,08 Jun 1999,7814.28571,7869.07143

Week 1,15 Jun 1999,7265.35714,7325.17857
Week 2,22 Jun 1999,6776.78571,6829.93857
Week 3,29 Jun 1999,6803.57143,6852.44286
Week 4,06 Jul 1999,6651.42857,6695.98143

Week 1,13 Jul 1999,6677.50000,6718.84429
Week 2,20 Jul 1999,6827.85714,6866.01429
Week 3,27 Jul 1999,6882.92857,6911.38286
Week 4,03 Aug 1999,6891.57143,6917.80857

Week 1,10 Aug 1999,7593.14286,7640.09857
Week 2,17 Aug 1999,7461.42857,7514.00143
Week 3,24 Aug 1999,7595.50000,7653.20571
Week 4,31 Aug 1999,7772.25000,7823.50000

Week 1,07 Sep 1999,8196.95714,8276.86571
Week 2,14 Sep 1999,8149.78714,8216.46571
Week 3,21 Sep 1999,8527.11857,8584.22286
Week 4,28 Sep 1999,8139.17714,8206.18000

Week 1,05 Oct 1999,7741.42857,7796.55857
Week 2,12 Oct 1999,7871.42857,7948.73286
Week 3,19 Oct 1999,6955.00000,7054.26857
Week 4,26 Oct 1999,6803.57143,6856.37143

Week 1,02 Nov 1999,6756.71429,6804.93000
Week 2,09 Nov 1999,6983.21429,7027.83571
Week 3,16 Nov 1999,6987.78571,7029.62000
Week 4,23 Nov 1999,7155.71429,7195.00857

Week 1,30 Nov 1999,7270.00000,7301.46000
Week 2,07 Dec 1999,7223.79429,7256.38571
Week 3,14 Dec 1999,7092.12429,7132.56857
Week 4,21 Dec 1999,7023.88143,7060.89000

Week 1,28 Dec 1999,7011.22143,7109.39857
Week 2,04 Jan 2000,7133.97143,7186.20857
Week 3,11 Jan 2000,7191.61857,7241.76286
Week 4,18 Jan 2000,7290.89000,7345.31429

Week 1,25 Jan 2000,7385.37286,7443.12714
Week 2,01 Feb 2000,7541.33286,7591.50429
Week 3,08 Feb 2000,7334.82571,7371.36429
Week 4,15 Feb 2000,7365.05857,7401.10429

Week 1,22 Feb 2000,7420.00429,7449.84714
Week 2,29 Feb 2000,7436.47857,7469.49143
Week 3,07 Mar 2000,7386.40143,7417.23000
Week 4,14 Mar 2000,7438.89571,7479.04714

Week 1,21 Mar 2000,7443.59714,7467.31714
Week 2,28 Mar 2000,7549.51571,7581.02286
Week 3,04 Apr 2000,7697.58714,7730.56571
Week 4,11 Apr 2000,7605.97000,7644.68857

Week 1,18 Apr 2000,7874.53286,7918.99000
Week 2,25 Apr 2000,7912.31857,7956.78714
Week 3,02 May 2000,7968.77857,8004.65429
Week 4,09 May 2000,8247.32857,8306.05429

Week 1,16 May 2000,8464.36429,8516.46000
Week 2,23 May 2000,8459.89714,8502.40714
Week 3,30 May 2000,8461.20286,8504.25429
Week 4,06 Jun 2000,8579.78571,8616.03143

Week 1,13 Jun 2000,8563.16286,8598.69286
Week 2,20 Jun 2000,8651.53714,8688.87000
Week 3,27 Jun 2000,8711.15429,8743.65000
Week 4,04 Jul 2000,9196.82143,9242.03143

Week 1,11 Jul 2000,9411.85143,9450.58857
Week 2,18 Jul 2000,9023.84857,9067.56714
Week 3,25 Jul 2000,8962.13571,9010.94429
Week 4,01 Aug 2000,8714.12571,8761.46143

Week 1,08 Aug 2000,8439.51429,8477.53286
Week 2,15 Aug 2000,8311.42143,8343.90286
Week 3,22 Aug 2000,8298.44857,8342.17000
Week 4,29 Aug 2000,8307.83857,8343.35143

Week 1,05 Sep 2000,8351.78286,8381.96143
Week 2,12 Sep 2000,8666.55143,8716.78429
Week 3,19 Sep 2000,8749.80000,8794.27429
Week 4,26 Sep 2000,8824.67714,8863.48714

Week 1,03 Oct 2000,8781.85143,8822.04429
Week 2,10 Oct 2000,8878.37857,8911.46571
Week 3,17 Oct 2000,8903.44571,8929.36000
Week 4,24 Oct 2000,9026.29429,9067.75143

Week 1,31 Oct 2000,9208.84857,9262.77000
Week 2,07 Nov 2000,9215.09000,9258.54000
Week 3,14 Nov 2000,9392.62143,9428.64714
Week 4,21 Nov 2000,9436.34857,9474.27714

Week 1,28 Nov 2000,9476.34143,9519.40143
Week 2,05 Dec 2000,9519.29143,9584.22000
Week 3,12 Dec 2000,9370.46286,9415.04571
Week 4,19 Dec 2000,9276.61000,9326.12714

Week 1,26 Dec 2000,9511.54857,9605.64000
Week 2,02 Jan 2001,9513.15571,9557.75571
Week 3,09 Jan 2001,9556.32000,9590.09857
Week 4,16 Jan 2001,9399.51000,9510.29286

Week 1,23 Jan 2001,9392.69429,9467.92714
Week 2,30 Jan 2001,9458.42143,9544.35571
Week 3,06 Feb 2001,9569.12714,9665.73714
Week 4,13 Feb 2001,9576.19286,9676.38571

Week 1,20 Feb 2001,9610.15000,9681.39286
Week 2,27 Feb 2001,9817.37571,9917.60429
Week 3,06 Mar 2001,9972.70143,10038.62286
Week 4,13 Mar 2001,10154.18000,10315.75714

Week 1,20 Mar 2001,10385.87143,10421.90000
Week 2,27 Mar 2001,10395.32857,10458.00000
Week 3,03 Apr 2001,10663.68571,10699.65714
Week 4,10 Apr 2001,10632.87143,10666.20000

Week 1,17 Apr 2001,11252.28571,11336.42857
Week 2,24 Apr 2001,11851.94286,11971.17143
Week 3,01 May 2001,11093.17143,11193.74286
Week 4,08 May 2001,11118.01429,11170.92857

Week 1,15 May 2001,11368.24286,11406.50000
Week 2,22 May 2001,11432.67143,11462.01429
Week 3,29 May 2001,11345.37143,11421.54286
Week 4,05 Jun 2001,11224.71429,11265.91429

Week 1,12 Jun 2001,11235.84286,11265.57143
Week 2,19 Jun 2001,11333.32857,11356.68571
Week 3,26 Jun 2001,11388.02857,11403.42857
Week 4,03 Jul 2001,11329.68571,11350.90000

Week 1,10 Jul 2001,11337.72857,11357.44286
Week 2,17 Jul 2001,11234.40000,11247.28571
Week 3,24 Jul 2001,10019.78571,10140.20000
Week 4,31 Jul 2001,9550.60857,9623.23429

Week 1,07 Aug 2001,9215.73429,9256.48286
Week 2,14 Aug 2001,8663.58143,8722.66286
Week 3,21 Aug 2001,8631.24000,8667.69286
Week 4,28 Aug 2001,8905.44429,8947.39857

Week 1,04 Sep 2001,9049.73857,9101.39714
Week 2,11 Sep 2001,9096.57286,9104.49714
Week 3,18 Sep 2001,9381.64429,9524.55857
Week 4,25 Sep 2001,9533.09714,9733.17714

Week 1,02 Oct 2001,9838.46429,9976.55857
Week 2,09 Oct 2001,9979.54000,10029.75429
Week 3,16 Oct 2001,10029.59429,10064.71429
Week 4,23 Oct 2001,10214.65714,10240.81429

Week 1,30 Oct 2001,10508.65714,10556.37143
Week 2,06 Nov 2001,10541.24286,10633.25714
Week 3,13 Nov 2001,10613.41429,10671.44286
Week 4,20 Nov 2001,10497.25714,10532.14286

Week 1,27 Nov 2001,10329.82857,10523.24286
Week 2,04 Dec 2001,10398.18571,10444.21429
Week 3,11 Dec 2001,10148.27143,10187.15714
Week 4,18 Dec 2001,10131.68571,10177.58571

Week 1,25 Dec 2001,10369.10000,10428.41429
Week 2,01 Jan 2002,10438.51429,10518.57143
Week 3,08 Jan 2002,7436.63429,7449.79429
Week 4,15 Jan 2002,7417.65429,7432.14286

Week 1,22 Jan 2002,5747.94571,5904.42571
Week 2,29 Jan 2002,5617.77714,5648.00714
Week 3,05 Feb 2002,5063.66714,5098.28143
Week 4,12 Feb 2002,5042.40143,5065.56000

Week 1,19 Feb 2002,4797.21143,4854.99714
Week 2,26 Feb 2002,4691.00143,4726.90571
Week 3,05 Mar 2002,4621.52143,4640.81571
Week 4,12 Mar 2002,4230.74143,4326.21143

Week 1,19 Mar 2002,4029.29571,4121.87286
Week 2,26 Mar 2002,3215.60286,3279.64571
Week 3,02 Apr 2002,3392.39714,3450.31286
Week 4,09 Apr 2002,3399.72000,3440.39714

Week 1,16 Apr 2002,3270.93571,3305.87571
Week 2,23 Apr 2002,2969.95429,3013.80571
Week 3,30 Apr 2002,3055.58571,3107.84143
Week 4,07 May 2002,2878.53143,2958.70286

Week 1,14 May 2002,2839.71000,2875.03571
Week 2,21 May 2002,2789.22857,2805.94143
Week 3,28 May 2002,2478.16714,2501.80571
Week 4,04 Jun 2002,2415.93429,2452.29857

Week 1,11 Jun 2002,2473.44429,2526.03857
Week 2,18 Jun 2002,2395.43429,2410.97000
Week 3,25 Jun 2002,2245.72857,2301.28429
Week 4,02 Jul 2002,2430.13857,2466.25143

Week 1,09 Jul 2002,2523.93714,2544.42857
Week 2,16 Jul 2002,2482.88286,2520.38429
Week 3,23 Jul 2002,2466.76429,2510.94000
Week 4,30 Jul 2002,2481.36000,2529.28429

Week 1,06 Aug 2002,2466.93429,2505.23000
Week 2,13 Aug 2002,2417.48000,2444.17714
Week 3,20 Aug 2002,2456.04571,2473.00571
Week 4,27 Aug 2002,2443.55857,2456.03429

Week 1,03 Sep 2002,2429.55429,2456.77429
Week 2,10 Sep 2002,2440.59714,2475.34714
Week 3,17 Sep 2002,2458.17857,2479.25857
Week 4,24 Sep 2002,2455.69000,2465.33429

Week 1,01 Oct 2002,2382.48714,2427.02857
Week 2,08 Oct 2002,2401.71571,2449.50286
Week 3,15 Oct 2002,2534.99571,2554.39857
Week 4,22 Oct 2002,2533.07000,2580.57286

Week 1,29 Oct 2002,2576.94714,2629.71000
Week 2,05 Nov 2002,2586.56714,2604.67857
Week 3,12 Nov 2002,2552.42857,2563.33857
Week 4,19 Nov 2002,2556.70571,2564.59429

Week 1,26 Nov 2002,2566.92000,2577.93714
Week 2,03 Dec 2002,2537.68857,2556.34714
Week 3,10 Dec 2002,2535.01286,2546.10000
Week 4,17 Dec 2002,2538.16286,2548.76714

Week 1,24 Dec 2002,2598.50571,2612.93714
Week 2,31 Dec 2002,2654.63000,2683.84857
Week 3,07 Jan 2003,2677.87714,2694.06714
Week 4,14 Jan 2003,2710.66143,2723.35143

Week 1,21 Jan 2003,2824.73143,2843.28714
Week 2,28 Jan 2003,2714.99714,2727.12571
Week 3,04 Feb 2003,2803.65571,2815.67714
Week 4,11 Feb 2003,2847.86714,2860.23857

Week 1,18 Feb 2003,2806.61429,2819.01000
Week 2,25 Feb 2003,2782.23714,2800.20286
Week 3,04 Mar 2003,2783.19143,2796.49143
Week 4,11 Mar 2003,2839.68857,2851.82000

Week 1,18 Mar 2003,2963.43000,2978.28571
Week 2,25 Mar 2003,3057.44571,3073.60857
Week 3,01 Apr 2003,2974.51000,3058.56857
Week 4,08 Apr 2003,3016.02143,3068.33429

Week 1,15 Apr 2003,2939.96286,3006.42143
Week 2,22 Apr 2003,2950.51857,3047.04857
Week 3,29 Apr 2003,2925.57571,3071.03714
Week 4,06 May 2003,3018.88000,3078.76857

Week 1,13 May 2003,2941.55714,3020.52571
Week 2,20 May 2003,2875.84857,2913.07714
Week 3,27 May 2003,2809.07857,2873.49714
Week 4,03 Jun 2003,2872.25286,2913.48000

Week 1,10 Jun 2003,2766.04000,2950.21429
Week 2,17 Jun 2003,2757.28000,2945.48000
Week 3,24 Jun 2003,2793.80857,2972.66000
Week 4,01 Jul 2003,2752.76286,2948.70000

Week 1,08 Jul 2003,2727.32000,3000.42857
Week 2,15 Jul 2003,2781.25000,2998.04143
Week 3,22 Jul 2003,2990.26571,3043.90857
Week 4,29 Jul 2003,2889.27714,2984.55857

Week 1,05 Aug 2003,2876.30857,2947.86000
Week 2,12 Aug 2003,2940.01857,2957.16571
Week 3,19 Aug 2003,2835.57857,2901.51714
Week 4,26 Aug 2003,2876.65000,2900.03714

Week 1,02 Sep 2003,2849.15857,2911.49286
Week 2,09 Sep 2003,2819.97429,2925.87286
Week 3,16 Sep 2003,2845.83429,2938.66143
Week 4,23 Sep 2003,2875.57714,2934.93714

Week 1,30 Sep 2003,2847.86714,2921.34143
Week 2,07 Oct 2003,2881.69000,2961.56286
Week 3,14 Oct 2003,2881.44571,2992.30286
Week 4,21 Oct 2003,2927.84571,3005.52857

Week 1,28 Oct 2003,2930.64714,3014.52571
Week 2,04 Nov 2003,2931.10857,3000.56429
Week 3,11 Nov 2003,2898.74571,2989.84286
Week 4,18 Nov 2003,2909.96857,2999.39000

Week 1,25 Nov 2003,2860.87714,2907.79000
Week 2,02 Dec 2003,2839.91286,2874.61571
Week 3,09 Dec 2003,2857.96143,2886.83857
Week 4,16 Dec 2003,2840.54857,2884.62143

Week 1,23 Dec 2003,2846.83000,2900.93429
Week 2,30 Dec 2003,2856.75143,2904.66429
Week 3,06 Jan 2004,2875.97429,2914.19000
Week 4,13 Jan 2004,2894.75714,2942.88429

Week 1,20 Jan 2004,2880.90857,2914.93714
Week 2,27 Jan 2004,2865.05429,2939.45286
Week 3,03 Feb 2004,2855.46143,2888.05857
Week 4,10 Feb 2004,2853.18857,2889.77857

Week 1,17 Feb 2004,2867.39000,2901.90000
Week 2,24 Feb 2004,2867.46429,2905.16571
Week 3,02 Mar 2004,2912.19143,2949.11429
Week 4,09 Mar 2004,2934.10286,2974.47429

Week 1,16 Mar 2004,2948.26429,2987.88000
Week 2,23 Mar 2004,2980.68857,3019.89857
Week 3,30 Mar 2004,2998.58429,3045.60714
Week 4,06 Apr 2004,3023.60429,3074.19143

Week 1,13 Apr 2004,3027.70000,3078.87143
Week 2,20 Apr 2004,3003.01000,3044.51000
Week 3,27 Apr 2004,3007.53143,3103.36286
Week 4,04 May 2004,3027.73571,3077.61714

Week 1,11 May 2004,3045.26000,3101.17714
Week 2,18 May 2004,3092.05714,3179.34714
Week 3,25 May 2004,3123.67286,3211.00429
Week 4,01 Jun 2004,3135.34286,3220.75571

Week 1,08 Jun 2004,3116.10571,3184.03286
Week 2,15 Jun 2004,3150.90000,3208.61714
Week 3,22 Jun 2004,3158.46714,3224.74000
Week 4,29 Jun 2004,3131.11000,3147.58143

Week 1,06 Jul 2004,3021.91429,3065.73571
Week 2,13 Jul 2004,3015.41143,3050.81429
Week 3,20 Jul 2004,3037.18714,3072.46714
Week 4,27 Jul 2004,3055.48571,3080.93571

Week 1,03 Aug 2004,3004.22857,3028.57429
Week 2,10 Aug 2004,3052.17429,3068.57429
Week 3,17 Aug 2004,3062.53714,3084.04571
Week 4,24 Aug 2004,3093.14286,3104.31571

Week 1,31 Aug 2004,3082.82000,3117.14429
Week 2,07 Sep 2004,3076.04143,3110.12000
Week 3,14 Sep 2004,3019.81286,3050.73286
Week 4,21 Sep 2004,3016.26857,3047.09857

Week 1,28 Sep 2004,3041.08286,3111.50286
Week 2,05 Oct 2004,3048.56000,3091.20286
Week 3,12 Oct 2004,3038.78429,3089.20714
Week 4,19 Oct 2004,3056.86571,3079.73143

Week 1,26 Oct 2004,3044.78143,3059.73571
Week 2,02 Nov 2004,3061.71143,3071.83143
Week 3,09 Nov 2004,3016.75714,3046.18000
Week 4,16 Nov 2004,3023.42286,3072.65429

Week 1,23 Nov 2004,3040.54714,3068.82143
Week 2,30 Nov 2004,3041.55857,3054.89000
Week 3,07 Dec 2004,3075.71714,3087.01429
Week 4,14 Dec 2004,3111.26571,3121.89429

Week 1,21 Dec 2004,3132.12714,3143.91857
Week 2,28 Dec 2004,3123.68571,3161.30571
Week 3,04 Jan 2005,3128.71286,3142.88857
Week 4,11 Jan 2005,3117.63714,3126.32571

Week 1,18 Jan 2005,3089.11286,3135.23286
Week 2,25 Jan 2005,3080.97714,3163.54857
Week 3,01 Feb 2005,3103.43857,3189.78429
Week 4,08 Feb 2005,3140.51286,3230.30000

Week 1,15 Feb 2005,3179.40143,3191.79857
Week 2,22 Feb 2005,3134.51143,3183.88286
Week 3,01 Mar 2005,3155.64286,3169.48571
Week 4,08 Mar 2005,3192.70429,3205.43714

Week 1,15 Mar 2005,3201.69429,3212.57857
Week 2,22 Mar 2005,3223.53714,3237.49714
Week 3,29 Mar 2005,3242.72286,3252.24000
Week 4,05 Apr 2005,3260.98286,3275.96143

Week 1,12 Apr 2005,3283.52857,3294.95286
Week 2,19 Apr 2005,3313.34429,3327.18286
Week 3,26 Apr 2005,3301.86429,3317.24714
Week 4,03 May 2005,3272.94000,3286.23143

Week 1,10 May 2005,3264.22143,3276.23000
Week 2,17 May 2005,3265.61429,3282.46571
Week 3,24 May 2005,3281.76286,3291.18714
Week 4,31 May 2005,3307.62286,3317.14143

Week 1,07 Jun 2005,3311.57143,3327.57286
Week 2,14 Jun 2005,3335.69857,3346.27714
Week 3,21 Jun 2005,3355.26286,3364.15857
Week 4,28 Jun 2005,3368.42571,3378.88286

Week 1,05 Jul 2005,3407.93429,3417.56571
Week 2,12 Jul 2005,3362.48571,3463.21714
Week 3,19 Jul 2005,3368.39571,3469.30714
Week 4,26 Jul 2005,3428.89143,3436.09714

Week 1,02 Aug 2005,3402.47429,3412.98429
Week 2,09 Aug 2005,3396.44000,3407.94000
Week 3,16 Aug 2005,3428.96143,3443.64000
Week 4,23 Aug 2005,3520.77429,3536.91000

Week 1,30 Aug 2005,3547.06286,3593.36571
Week 2,06 Sep 2005,3535.21714,3562.31714
Week 3,13 Sep 2005,3456.92143,3473.03714
Week 4,20 Sep 2005,3505.44429,3518.81857

Week 1,27 Sep 2005,3527.99286,3544.58000
Week 2,04 Oct 2005,3444.28857,3456.66000
Week 3,11 Oct 2005,3400.92857,3411.80714
Week 4,18 Oct 2005,3384.94000,3395.93143

Week 1,25 Oct 2005,3337.84429,3346.10714
Week 2,01 Nov 2005,3358.69429,3373.32714
Week 3,08 Nov 2005,3368.51429,3377.79286
Week 4,15 Nov 2005,3397.16571,3405.56571

Week 1,22 Nov 2005,3395.28857,3416.88143
Week 2,29 Nov 2005,3364.27286,3372.31714
Week 3,06 Dec 2005,3237.61429,3328.27143
Week 4,13 Dec 2005,3233.42714,3281.91000

Week 1,20 Dec 2005,3243.48143,3260.58857
Week 2,27 Dec 2005,3234.74286,3243.31143
Week 3,03 Jan 2006,3163.84714,3171.12714
Week 4,10 Jan 2006,3055.17714,3104.77000

Week 1,17 Jan 2006,3058.06143,3143.01143
Week 2,24 Jan 2006,3037.62143,3119.57857
Week 3,31 Jan 2006,3007.08714,3084.78857
Week 4,07 Feb 2006,2972.89571,3139.11000

Week 1,14 Feb 2006,2969.71857,3076.89143
Week 2,21 Feb 2006,2973.55571,3056.39143
Week 3,28 Feb 2006,2966.01143,3047.83286
Week 4,07 Mar 2006,2979.25571,3026.32857

Week 1,14 Mar 2006,2935.11714,3014.34429
Week 2,21 Mar 2006,2920.56714,3018.82571
Week 3,28 Mar 2006,2862.57286,3026.50571
Week 4,04 Apr 2006,2851.16857,2988.93857

Week 1,11 Apr 2006,2812.73571,3032.93571
Week 2,18 Apr 2006,2831.63571,2991.88571
Week 3,25 Apr 2006,2854.76714,2925.04286
Week 4,02 May 2006,2881.55429,2891.44143

Week 1,09 May 2006,2870.85286,2884.60714
Week 2,16 May 2006,2981.62000,2993.95143
Week 3,23 May 2006,3015.15714,3027.88714
Week 4,30 May 2006,3001.47857,3012.95286

Week 1,06 Jun 2006,3036.08000,3047.09857
Week 2,13 Jun 2006,3038.97571,3053.12857
Week 3,20 Jun 2006,3024.94143,3037.17000
Week 4,27 Jun 2006,3020.49857,3033.65429

Week 1,04 Jul 2006,3017.53571,3030.75143
Week 2,11 Jul 2006,2919.36000,2993.91714
Week 3,18 Jul 2006,2979.88429,2991.91143
Week 4,25 Jul 2006,2946.08000,2957.91000

Week 1,01 Aug 2006,2951.90857,2961.99000
Week 2,08 Aug 2006,2952.28000,2964.27000
Week 3,15 Aug 2006,2943.42714,2956.49714
Week 4,22 Aug 2006,2943.48286,2955.79000

Week 1,29 Aug 2006,2925.75857,2953.43143
Week 2,05 Sep 2006,2933.80571,2946.40286
Week 3,12 Sep 2006,2937.82714,2950.28857
Week 4,19 Sep 2006,2941.81714,2954.96000

Week 1,26 Sep 2006,2963.51571,2976.76571
Week 2,03 Oct 2006,2965.56143,2977.64000
Week 3,10 Oct 2006,2970.77571,2984.75714
Week 4,17 Oct 2006,2948.21429,2960.44429

Week 1,24 Oct 2006,2950.18571,2964.07571
Week 2,31 Oct 2006,2942.75429,2954.36714
Week 3,07 Nov 2006,2955.00286,2967.49857
Week 4,14 Nov 2006,2974.98143,2987.07143

Week 1,21 Nov 2006,2962.84571,2975.44429
Week 2,28 Nov 2006,2974.25429,2988.00714
Week 3,05 Dec 2006,2982.42714,2995.05571
Week 4,12 Dec 2006,2966.17714,2978.62143

Week 1,19 Dec 2006,2969.39429,2981.69286
Week 2,26 Dec 2006,2943.53143,2956.05286
Week 3,02 Jan 2007,2930.49857,2941.86571
Week 4,09 Jan 2007,2940.03000,2952.28000

Week 1,16 Jan 2007,2943.02286,2954.48429
Week 2,23 Jan 2007,2925.66429,2936.87143
Week 3,30 Jan 2007,2919.96857,2932.36714
Week 4,06 Feb 2007,2909.11429,2921.22714

Week 1,13 Feb 2007,2913.67714,2925.38714
Week 2,20 Feb 2007,2914.44857,2927.18143
Week 3,27 Feb 2007,2938.68143,2950.91000
Week 4,06 Mar 2007,2957.54429,2969.49571

Week 1,13 Mar 2007,2961.81429,2973.93714
Week 2,20 Mar 2007,2944.30857,2955.19143
Week 3,27 Mar 2007,2931.20286,2942.04000
Week 4,03 Apr 2007,2932.80429,2943.94286

Week 1,10 Apr 2007,2934.91000,2945.52286
Week 2,17 Apr 2007,2938.61571,2949.86143
Week 3,24 Apr 2007,2933.75286,2943.17143
Week 4,01 May 2007,2923.51143,2933.84143

Week 1,08 May 2007,2862.77857,2877.61143
Week 2,15 May 2007,2854.17143,2866.25571
Week 3,22 May 2007,2841.96286,2852.60286
Week 4,29 May 2007,2849.50571,2873.16286

Week 1,05 Jun 2007,2886.99714,2897.59286
Week 2,12 Jun 2007,2942.91143,2968.11143
Week 3,19 Jun 2007,2905.94571,2941.43143
Week 4,26 Jun 2007,2920.83143,2941.25714

Week 1,03 Jul 2007,2901.85571,2923.63714
Week 2,10 Jul 2007,2901.83857,2913.43429
Week 3,17 Jul 2007,2906.00000,2937.16857
Week 4,24 Jul 2007,2881.02429,2913.87857

Week 1,31 Jul 2007,2935.55857,2965.93571
Week 2,07 Aug 2007,2942.81286,2953.08143
Week 3,14 Aug 2007,2987.45286,2999.02143
Week 4,21 Aug 2007,2960.05714,2977.67429

Week 1,28 Aug 2007,2965.68000,2993.49714
Week 2,04 Sep 2007,2968.60000,2993.85286
Week 3,11 Sep 2007,2977.17571,2999.06857
Week 4,18 Sep 2007,2932.34286,2952.64714

Week 1,25 Sep 2007,2889.05000,2915.50571
Week 2,02 Oct 2007,2874.23714,2894.20286
Week 3,09 Oct 2007,2864.74571,2882.64714
Week 4,16 Oct 2007,2860.56714,2870.74429

Week 1,23 Oct 2007,2865.31857,2891.20571
Week 2,30 Oct 2007,2878.34286,2899.13286
Week 3,06 Nov 2007,2900.75571,2929.28429
Week 4,13 Nov 2007,2909.26857,2919.37714

Week 1,20 Nov 2007,2967.90286,2994.95000
Week 2,27 Nov 2007,2977.52000,2992.36857
Week 3,04 Dec 2007,2951.79857,2972.03714
Week 4,11 Dec 2007,2958.77714,2969.30286

Week 1,18 Dec 2007,2994.08714,3005.51143
Week 2,25 Dec 2007,2982.14143,3006.33000
Week 3,01 Jan 2008,2978.48286,3013.18286
Week 4,08 Jan 2008,3003.20571,3022.48429

Week 1,15 Jan 2008,2993.80714,3005.44000
Week 2,22 Jan 2008,2959.13429,2994.98429
Week 3,29 Jan 2008,2919.92143,2942.90571
Week 4,05 Feb 2008,2904.58714,2940.21714

Week 1,12 Feb 2008,2905.92286,2928.86857
Week 2,19 Feb 2008,2893.01857,2915.61286
Week 3,26 Feb 2008,2856.72571,2886.09000
Week 4,04 Mar 2008,2867.36857,2879.18286

Week 1,11 Mar 2008,2900.33000,2928.73429
Week 2,18 Mar 2008,2908.69429,2929.50857
Week 3,25 Mar 2008,2890.23000,2913.22286
Week 4,01 Apr 2008,2893.55571,2924.34143

Week 1,08 Apr 2008,2906.57429,2916.20857
Week 2,15 Apr 2008,2880.19286,2914.33000
Week 3,22 Apr 2008,2881.58857,2904.49000
Week 4,29 Apr 2008,2917.41143,2939.52714

Week 1,06 May 2008,2898.84714,2908.01286
Week 2,13 May 2008,2909.25714,2945.05714
Week 3,20 May 2008,2953.98143,2969.38143
Week 4,27 May 2008,2991.87000,3005.41000

Week 1,03 Jun 2008,3025.96857,3039.20429
Week 2,10 Jun 2008,3058.49000,3069.57571
Week 3,17 Jun 2008,3049.27286,3074.08286
Week 4,24 Jun 2008,3051.05143,3060.68571

Week 1,01 Jul 2008,3033.78857,3046.92143
Week 2,08 Jul 2008,3027.39571,3045.06571
Week 3,15 Jul 2008,3017.95000,3027.96143
Week 4,22 Jul 2008,3026.43857,3034.93857

Week 1,29 Jul 2008,3006.10286,3015.21286
Week 2,05 Aug 2008,2983.92571,3014.91429
Week 3,12 Aug 2008,3031.84714,3048.84000
Week 4,19 Aug 2008,3039.54143,3063.53143

Week 1,26 Aug 2008,3032.03714,3056.19857
Week 2,02 Sep 2008,3069.55429,3095.48143
Week 3,09 Sep 2008,3055.47714,3066.35714
Week 4,16 Sep 2008,3007.92429,3040.34429

Week 1,23 Sep 2008,2999.29000,3018.11286
Week 2,30 Sep 2008,3007.97286,3033.96857
Week 3,07 Oct 2008,2982.65857,3011.60429
Week 4,14 Oct 2008,3046.30000,3061.25714

Week 1,21 Oct 2008,3070.70714,3109.12286
Week 2,28 Oct 2008,3181.62429,3222.86000
Week 3,04 Nov 2008,3268.12286,3315.76714
Week 4,11 Nov 2008,3392.25714,3427.98143

Week 1,18 Nov 2008,3584.70714,3635.02143
Week 2,25 Nov 2008,3723.78429,3778.64286
Week 3,02 Dec 2008,3547.72286,3587.34286
Week 4,09 Dec 2008,3209.12143,3264.74571

Week 1,16 Dec 2008,3223.18429,3272.05143
Week 2,23 Dec 2008,3232.18857,3289.07429
Week 3,30 Dec 2008,3185.26143,3228.26571
Week 4,06 Jan 2009,3162.64286,3213.01000

Week 1,13 Jan 2009,3198.70571,3232.11857
Week 2,20 Jan 2009,3238.84857,3268.21143
Week 3,27 Jan 2009,3219.52714,3270.35429
Week 4,03 Feb 2009,3326.50286,3354.29714

Week 1,10 Feb 2009,3363.52143,3402.54000
Week 2,17 Feb 2009,3380.39286,3439.40429
Week 3,24 Feb 2009,3350.16143,3396.94714
Week 4,03 Mar 2009,3324.36714,3349.49571

Week 1,10 Mar 2009,3266.80286,3316.88429
Week 2,17 Mar 2009,3241.14000,3270.88000
Week 3,24 Mar 2009,3138.55857,3164.17857
Week 4,31 Mar 2009,3096.79571,3117.29714

Week 1,07 Apr 2009,3089.42857,3106.74286
Week 2,14 Apr 2009,3007.21857,3027.69571
Week 3,21 Apr 2009,2911.90143,2940.90286
Week 4,28 Apr 2009,2879.51286,2902.37429

Week 1,05 May 2009,2806.07286,2849.15714
Week 2,12 May 2009,2761.29000,2815.14286
Week 3,19 May 2009,2745.66429,2767.41143
Week 4,26 May 2009,2745.77429,2766.53429

Week 1,02 Jun 2009,2678.48143,2711.23000
Week 2,09 Jun 2009,2666.38714,2682.94857
Week 3,16 Jun 2009,2723.16286,2742.10429
Week 4,23 Jun 2009,2711.45714,2728.02857

Week 1,30 Jun 2009,2683.96857,2698.15286
Week 2,07 Jul 2009,2685.68286,2696.99286
Week 3,14 Jul 2009,2646.66857,2671.78714
Week 4,21 Jul 2009,2623.39286,2655.49714

Week 1,28 Jul 2009,2586.86714,2600.53429
Week 2,04 Aug 2009,2552.70429,2580.33000
Week 3,11 Aug 2009,2588.97714,2599.34714
Week 4,18 Aug 2009,2595.40857,2618.41857

Week 1,25 Aug 2009,2591.01714,2620.34714
Week 2,01 Sep 2009,2623.53000,2633.45857
Week 3,08 Sep 2009,2575.23571,2584.89429
Week 4,15 Sep 2009,2525.42000,2553.23286

Week 1,22 Sep 2009,2507.28000,2535.40000
Week 2,29 Sep 2009,2511.52429,2529.32714
Week 3,06 Oct 2009,2465.16857,2475.58000
Week 4,13 Oct 2009,2439.02143,2463.32143

Week 1,20 Oct 2009,2453.25286,2461.95714
Week 2,27 Oct 2009,2489.53143,2514.77571
Week 3,03 Nov 2009,2491.48000,2499.54714
Week 4,10 Nov 2009,2454.42857,2462.27429

Week 1,17 Nov 2009,2464.67286,2494.83143
Week 2,24 Nov 2009,2471.02714,2495.51857
Week 3,01 Dec 2009,2474.12571,2484.54857
Week 4,08 Dec 2009,2511.70429,2537.05429

Week 1,15 Dec 2009,2509.98286,2517.82714
Week 2,22 Dec 2009,2481.21000,2523.29714
Week 3,29 Dec 2009,2448.14571,2493.45714
Week 4,05 Jan 2010,2440.66286,2453.61429

Week 1,12 Jan 2010,2406.62286,2431.70143
Week 2,19 Jan 2010,2425.51714,2440.32000
Week 3,26 Jan 2010,2428.24286,2452.54429
Week 4,02 Feb 2010,2446.08714,2455.56143

Week 1,09 Feb 2010,2429.14000,2438.84571
Week 2,16 Feb 2010,2419.19143,2442.76857
Week 3,23 Feb 2010,2408.15000,2434.70286
Week 4,02 Mar 2010,2364.57286,2394.38429

Week 1,09 Mar 2010,2365.60429,2374.97571
Week 2,16 Mar 2010,2364.05571,2373.49571
Week 3,23 Mar 2010,2356.98857,2370.14714
Week 4,30 Mar 2010,2329.25857,2367.99857

Week 1,06 Apr 2010,2328.93714,2346.77143
Week 2,13 Apr 2010,2315.09143,2336.63143
Week 3,20 Apr 2010,2331.06857,2340.42286
Week 4,27 Apr 2010,2323.69286,2335.95143

Week 1,04 May 2010,2338.04571,2368.69857
Week 2,11 May 2010,2337.22714,2370.77000
Week 3,18 May 2010,2349.34143,2363.23714
Week 4,25 May 2010,2366.65857,2387.62286

Week 1,01 Jun 2010,2341.43143,2368.86857
Week 2,08 Jun 2010,2353.26714,2361.93000
Week 3,15 Jun 2010,2318.37571,2341.82571
Week 4,22 Jun 2010,2302.95000,2317.11571

Week 1,29 Jun 2010,2295.25857,2320.45000
Week 2,06 Jul 2010,2298.65429,2311.20143
Week 3,13 Jul 2010,2283.01000,2313.14714
Week 4,20 Jul 2010,2288.02857,2304.92857

Week 1,27 Jul 2010,2270.44143,2283.75714
Week 2,03 Aug 2010,2252.15143,2265.25429
Week 3,10 Aug 2010,2278.04286,2301.02000
Week 4,17 Aug 2010,2262.55714,2315.56714

Week 1,24 Aug 2010,2272.16429,2302.06571
Week 2,31 Aug 2010,2278.79571,2302.77571
Week 3,07 Sep 2010,2283.70429,2291.45429
Week 4,14 Sep 2010,2246.69143,2302.83286

Week 1,21 Sep 2010,2246.57286,2289.03429
Week 2,28 Sep 2010,2231.01143,2279.80143
Week 3,05 Oct 2010,2223.88857,2290.31714
Week 4,12 Oct 2010,2244.18429,2270.74143

Week 1,19 Oct 2010,2249.35429,2264.73429
Week 2,26 Oct 2010,2254.63429,2261.99857
Week 3,02 Nov 2010,2240.87286,2247.77286
Week 4,09 Nov 2010,2226.47429,2274.40286

Week 1,16 Nov 2010,2224.80143,2283.87143
Week 2,23 Nov 2010,2231.60000,2289.96714
Week 3,30 Nov 2010,2234.84000,2296.16143
Week 4,07 Dec 2010,2239.47286,2295.60429

Week 1,14 Dec 2010,2240.87857,2301.92143
Week 2,21 Dec 2010,2241.58143,2312.68714
Week 3,28 Dec 2010,2233.57571,2300.91429
Week 4,04 Jan 2011,2234.40143,2294.22143

Week 1,11 Jan 2011,2238.50857,2318.36286
Week 2,18 Jan 2011,2229.07000,2323.65714
Week 3,25 Jan 2011,2232.88143,2296.86714
Week 4,01 Feb 2011,2215.74857,2279.87143

Week 1,08 Feb 2011,2203.46143,2247.00714
Week 2,15 Feb 2011,2178.35714,2235.98143
Week 3,22 Feb 2011,2182.53857,2216.50571
Week 4,01 Mar 2011,2178.32857,2192.02143

Week 1,08 Mar 2011,2172.07286,2185.75429
Week 2,15 Mar 2011,2167.29000,2181.71571
Week 3,22 Mar 2011,2148.44143,2169.09286
Week 4,29 Mar 2011,2138.08429,2161.29571

Week 1,05 Apr 2011,2128.41429,2146.73000
Week 2,12 Apr 2011,2124.61143,2141.60571
Week 3,19 Apr 2011,2115.60286,2126.97429
Week 4,26 Apr 2011,2100.98286,2118.65000

Week 1,03 May 2011,2090.49000,2106.76571
Week 2,10 May 2011,2092.40571,2106.63286
Week 3,17 May 2011,2083.03000,2105.47286
Week 4,24 May 2011,2079.48429,2115.11714

Week 1,31 May 2011,2079.89429,2100.94857
Week 2,07 Jun 2011,2062.86000,2100.33143
Week 3,14 Jun 2011,2081.59571,2103.83429
Week 4,21 Jun 2011,2089.83429,2105.66143

Week 1,28 Jun 2011,2088.15714,2096.26429
Week 2,05 Jul 2011,2065.45714,2090.13714
Week 3,12 Jul 2011,2069.63857,2085.41714
Week 4,19 Jul 2011,2061.80286,2074.31714

Week 1,26 Jul 2011,2049.29857,2063.91429
Week 2,02 Aug 2011,2023.64714,2074.20000
Week 3,09 Aug 2011,2038.32714,2071.88286
Week 4,16 Aug 2011,2035.06000,2067.11571

Week 1,23 Aug 2011,2035.78286,2050.81286
Week 2,30 Aug 2011,2023.03000,2041.16714
Week 3,06 Sep 2011,2025.31143,2045.34714
Week 4,13 Sep 2011,2071.07714,2083.59857

Week 1,20 Sep 2011,2091.78286,2108.33000
Week 2,27 Sep 2011,2122.37714,2133.62143
Week 3,04 Oct 2011,2117.45000,2137.69714
Week 4,11 Oct 2011,2095.95000,2125.61857

Week 1,18 Oct 2011,2086.43429,2105.60143
Week 2,25 Oct 2011,2080.85571,2095.12000
Week 3,01 Nov 2011,2092.39714,2111.65429
Week 4,08 Nov 2011,2093.04286,2107.82429

Week 1,15 Nov 2011,2092.27857,2127.75000
Week 2,22 Nov 2011,2112.05429,2133.18714
Week 3,29 Nov 2011,2102.87714,2139.26143
Week 4,06 Dec 2011,2108.42857,2122.40143

Week 1,13 Dec 2011,2108.11857,2134.20286
Week 2,20 Dec 2011,2107.30143,2125.80714
Week 3,27 Dec 2011,2098.27429,2124.38000
Week 4,03 Jan 2012,2102.62286,2124.18286

Week 1,10 Jan 2012,2108.09714,2124.53286
Week 2,17 Jan 2012,2079.52571,2096.35857
Week 3,24 Jan 2012,2063.13286,2077.04143
Week 4,31 Jan 2012,2063.71571,2078.67857

Week 1,07 Feb 2012,2056.22143,2076.13429
Week 2,14 Feb 2012,2061.44571,2083.91429
Week 3,21 Feb 2012,2069.39286,2087.66571
Week 4,28 Feb 2012,2075.74714,2099.88429

Week 1,06 Mar 2012,2098.72571,2113.87429
Week 2,13 Mar 2012,2096.19571,2111.33714
Week 3,20 Mar 2012,2080.01000,2119.71000
Week 4,27 Mar 2012,2083.84571,2104.53714

Week 1,03 Apr 2012,2082.44571,2095.30714
Week 2,10 Apr 2012,2070.78571,2105.87286
Week 3,17 Apr 2012,2075.30429,2097.92143
Week 4,24 Apr 2012,2075.80000,2088.85857

Week 1,01 May 2012,2058.48714,2103.89143
Week 2,08 May 2012,2065.59857,2088.72857
Week 3,15 May 2012,2070.94571,2087.98000
Week 4,22 May 2012,2064.34286,2093.99429

Week 1,29 May 2012,2081.18571,2133.95571
Week 2,05 Jun 2012,2070.97286,2122.67714
Week 3,12 Jun 2012,2077.32143,2128.01571
Week 4,19 Jun 2012,2082.13000,2115.75571

Week 1,26 Jun 2012,2080.70000,2100.97714
Week 2,03 Jul 2012,2051.87714,2095.91857
Week 3,10 Jul 2012,2064.31143,2101.99571
Week 4,17 Jul 2012,2065.43857,2086.00714

Week 1,24 Jul 2012,2061.88000,2081.77286
Week 2,31 Jul 2012,2055.69714,2079.23714
Week 3,07 Aug 2012,2054.11571,2068.71143
Week 4,14 Aug 2012,2053.97429,2062.17143

Week 1,21 Aug 2012,2046.82000,2069.84714
Week 2,28 Aug 2012,2050.33143,2069.69857
Week 3,04 Sep 2012,2049.36714,2069.03429
Week 4,11 Sep 2012,2029.51571,2067.82714

Week 1,18 Sep 2012,2024.57000,2048.72571
Week 2,25 Sep 2012,2031.53143,2050.03143
Week 3,02 Oct 2012,2027.30857,2050.29714
Week 4,09 Oct 2012,2023.38286,2047.56143

Week 1,16 Oct 2012,2017.77571,2039.19714
Week 2,23 Oct 2012,2015.73143,2034.73143
Week 3,30 Oct 2012,2005.88000,2030.79000
Week 4,06 Nov 2012,1998.38714,2034.12429

Week 1,13 Nov 2012,1999.15143,2020.71000
Week 2,20 Nov 2012,1980.49143,2021.18714
Week 3,27 Nov 2012,1973.50429,2003.04000
Week 4,04 Dec 2012,1971.57714,1992.04571

Week 1,11 Dec 2012,1968.45143,1994.22571
Week 2,18 Dec 2012,1964.33429,1979.80143
Week 3,25 Dec 2012,1958.56714,1976.60286
Week 4,01 Jan 2013,1952.24000,1974.15429

Week 1,08 Jan 2013,1949.38857,1969.38429
Week 2,15 Jan 2013,1939.88000,1965.75714
Week 3,22 Jan 2013,1933.40429,1965.02286
Week 4,29 Jan 2013,1940.85571,1962.08857

Week 1,05 Feb 2013,1929.27286,1948.84429
Week 2,12 Feb 2013,1921.07429,1938.44857
Week 3,19 Feb 2013,1920.01857,1944.68143
Week 4,26 Feb 2013,1910.58714,1933.09714

Week 1,05 Mar 2013,1901.90286,1923.59571
Week 2,12 Mar 2013,1900.28429,1918.00000
Week 3,19 Mar 2013,1898.11000,1913.77714
Week 4,26 Mar 2013,1887.75857,1911.06857

Week 1,02 Apr 2013,1885.64000,1918.50714
Week 2,09 Apr 2013,1879.60714,1905.42000
Week 3,16 Apr 2013,1872.27143,1894.78286
Week 4,23 Apr 2013,1872.56286,1887.15000

Week 1,30 Apr 2013,1865.16286,1884.97714
Week 2,07 May 2013,1854.83429,1877.05143
Week 3,14 May 2013,1850.92571,1878.89429
Week 4,21 May 2013,1847.48714,1871.46000

Week 1,28 May 2013,1846.46286,1876.07429
Week 2,04 Jun 2013,1840.10143,1880.62143
Week 3,11 Jun 2013,1841.11714,1870.67714
Week 4,18 Jun 2013,1842.82000,1865.63857

Week 1,25 Jun 2013,1835.04857,1858.47429
Week 2,02 Jul 2013,1833.38714,1849.47857
Week 3,09 Jul 2013,1831.92429,1859.72143
Week 4,16 Jul 2013,1839.55571,1861.54429

Week 1,23 Jul 2013,1851.11143,1876.49571
Week 2,30 Jul 2013,1855.78857,1877.65857
Week 3,06 Aug 2013,1845.24571,1869.70857
Week 4,13 Aug 2013,1845.52286,1876.76714

Week 1,20 Aug 2013,1903.56000,1937.11857
Week 2,27 Aug 2013,1921.93000,1941.49571
Week 3,03 Sep 2013,1941.93000,1965.53714
Week 4,10 Sep 2013,1974.61143,1992.86429

Week 1,17 Sep 2013,1972.41143,1985.89857
Week 2,24 Sep 2013,1981.47571,2001.39857
Week 3,01 Oct 2013,1961.76714,1990.16857
Week 4,08 Oct 2013,1946.02429,1970.46714

Week 1,15 Oct 2013,1926.60143,1946.12571
Week 2,22 Oct 2013,1879.77714,1909.38286
Week 3,29 Oct 2013,1888.13714,1907.13000
Week 4,05 Nov 2013,1904.58286,1921.30429

Week 1,12 Nov 2013,1928.61286,1947.24714
Week 2,19 Nov 2013,1921.37429,1934.39714
Week 3,26 Nov 2013,1910.65857,1945.37857
Week 4,03 Dec 2013,1886.28286,1936.27714

Week 1,10 Dec 2013,1900.69000,1918.39429
Week 2,17 Dec 2013,1892.98714,1898.26143
Week 3,24 Dec 2013,1875.32286,1888.77571
Week 4,31 Dec 2013,1854.15857,1862.01857

Week 1,07 Jan 2014,1811.84000,1820.44286
Week 2,14 Jan 2014,1759.48143,1772.17571
Week 3,21 Jan 2014,1648.54571,1658.35571
Week 4,28 Jan 2014,1514.02143,1521.75429

Week 1,04 Feb 2014,1513.31143,1523.70000
Week 2,11 Feb 2014,1512.25714,1523.56143
Week 3,18 Feb 2014,1496.76286,1508.36286
Week 4,25 Feb 2014,1469.76000,1479.76857

Week 1,04 Mar 2014,1455.14143,1461.97000
Week 2,11 Mar 2014,1441.53286,1449.53571
Week 3,18 Mar 2014,1427.45143,1437.68857
Week 4,25 Mar 2014,1418.07286,1428.25571

Week 1,01 Apr 2014,1408.48286,1418.43714
Week 2,08 Apr 2014,1414.17714,1424.79571
Week 3,15 Apr 2014,1424.77429,1433.52000
Week 4,22 Apr 2014,1440.55000,1446.58714

Week 1,29 Apr 2014,1440.64571,1445.46286
Week 2,06 May 2014,1439.36143,1443.99000
Week 3,13 May 2014,1419.02571,1425.63571
Week 4,20 May 2014,1423.86429,1430.47143

Week 1,27 May 2014,1438.23286,1443.45857
Week 2,03 Jun 2014,1455.58714,1459.27286
Week 3,10 Jun 2014,1449.66286,1453.45429
Week 4,17 Jun 2014,1465.06000,1469.19571

Week 1,24 Jun 2014,1477.46286,1481.48429
Week 2,01 Jul 2014,1459.46000,1463.43571
Week 3,08 Jul 2014,1429.18000,1436.46143
Week 4,15 Jul 2014,1426.46429,1437.67571

Week 1,22 Jul 2014,1412.04857,1417.44429
Week 2,29 Jul 2014,1421.17286,1429.64000
Week 3,05 Aug 2014,1423.06000,1428.91143
Week 4,12 Aug 2014,1410.87571,1415.60286

Week 1,19 Aug 2014,1399.68857,1404.08714
Week 2,26 Aug 2014,1387.52000,1396.04571
Week 3,02 Sep 2014,1392.29714,1402.06571
Week 4,09 Sep 2014,1403.43857,1413.50714

Week 1,16 Sep 2014,1417.96857,1429.14429
Week 2,23 Sep 2014,1419.02143,1429.31714
Week 3,30 Sep 2014,1432.34571,1443.20143
Week 4,07 Oct 2014,1435.97571,1446.06429

Week 1,14 Oct 2014,1434.66571,1439.07000
Week 2,21 Oct 2014,1417.17571,1427.31571
Week 3,28 Oct 2014,1417.10857,1428.30429
Week 4,04 Nov 2014,1425.39286,1435.85429

Week 1,11 Nov 2014,1430.99429,1443.06571
Week 2,18 Nov 2014,1423.28714,1430.19143
Week 3,25 Nov 2014,1423.72143,1433.57286
Week 4,02 Dec 2014,1439.01714,1444.57286

Week 1,09 Dec 2014,1450.50714,1455.62714
Week 2,16 Dec 2014,1466.89286,1483.61714
Week 3,23 Dec 2014,1452.07429,1460.90000
Week 4,30 Dec 2014,1456.66143,1466.90714

Week 1,06 Jan 2015,1465.34000,1483.68714
Week 2,13 Jan 2015,1450.63143,1480.71857
Week 3,20 Jan 2015,1440.11000,1465.16143
Week 4,27 Jan 2015,1457.85714,1464.54714

Week 1,03 Feb 2015,1456.60143,1470.13143
Week 2,10 Feb 2015,1461.98714,1477.79429
Week 3,17 Feb 2015,1468.17000,1483.04143
Week 4,24 Feb 2015,1478.55286,1485.17571

Week 1,03 Mar 2015,1485.25429,1495.61286
Week 2,10 Mar 2015,1496.72429,1508.36429
Week 3,17 Mar 2015,1486.89000,1492.85429
Week 4,24 Mar 2015,1475.64714,1483.11143

Week 1,31 Mar 2015,1472.30857,1486.85143
Week 2,07 Apr 2015,1462.29143,1473.71429
Week 3,14 Apr 2015,1451.15571,1457.14429
Week 4,21 Apr 2015,1452.90286,1459.12714

Week 1,28 Apr 2015,1452.08429,1460.04429
Week 2,05 May 2015,1458.64714,1469.81143
Week 3,12 May 2015,1462.69857,1467.82857
Week 4,19 May 2015,1461.12857,1473.35714

Week 1,26 May 2015,1465.87857,1471.46571
Week 2,02 Jun 2015,1468.12143,1480.63000
Week 3,09 Jun 2015,1470.43000,1477.69429
Week 4,16 Jun 2015,1468.36143,1471.84571

Week 1,23 Jun 2015,1462.21000,1467.72429
Week 2,30 Jun 2015,1462.58857,1466.97571
Week 3,07 Jul 2015,1457.89143,1463.49286
Week 4,14 Jul 2015,1458.50286,1463.73714

Week 1,21 Jul 2015,1460.47143,1465.27143
Week 2,28 Jul 2015,1460.60714,1475.21571
Week 3,04 Aug 2015,1463.32000,1471.66143
Week 4,11 Aug 2015,1472.85714,1498.50857

Week 1,18 Aug 2015,1483.18286,1513.92571
Week 2,25 Aug 2015,1493.63143,1536.95857
Week 3,01 Sep 2015,1499.63429,1536.22000
Week 4,08 Sep 2015,1516.86714,1538.08143

Week 1,15 Sep 2015,1529.23429,1541.64286
Week 2,22 Sep 2015,1550.01286,1559.16000
Week 3,29 Sep 2015,1550.84429,1564.93429
Week 4,06 Oct 2015,1464.88143,1493.19000

Week 1,13 Oct 2015,1415.27000,1437.37000
Week 2,20 Oct 2015,1428.86000,1439.00429
Week 3,27 Oct 2015,1431.45286,1439.69714
Week 4,03 Nov 2015,1423.21857,1451.25143

Week 1,10 Nov 2015,1417.84429,1424.81571
Week 2,17 Nov 2015,1410.83714,1430.44429
Week 3,24 Nov 2015,1394.77571,1445.66286
Week 4,01 Dec 2015,1415.57429,1433.81143

Week 1,08 Dec 2015,1428.69143,1440.08714
Week 2,15 Dec 2015,1264.18143,1282.06857
Week 3,22 Dec 2015,1043.99000,1059.39000
Week 4,29 Dec 2015,1051.75429,1069.09857

Week 1,05 Jan 2016,1011.58986,1028.15857
Week 2,12 Jan 2016,1020.45129,1045.28714
Week 3,19 Jan 2016,1023.48714,1034.00143
Week 4,26 Jan 2016,993.38886,1010.08143

Week 1,02 Feb 2016,958.37514,968.59129
Week 2,09 Feb 2016,930.13900,942.69957
Week 3,16 Feb 2016,895.12900,910.56286
Week 4,23 Feb 2016,870.01343,875.15429

Week 1,01 Mar 2016,847.67871,862.42771
Week 2,08 Mar 2016,843.15000,861.62886
Week 3,15 Mar 2016,884.34943,892.53329
Week 4,22 Mar 2016,908.24129,914.79257

Week 1,29 Mar 2016,899.03443,904.81614
Week 2,05 Apr 2016,899.95586,904.80471
Week 3,12 Apr 2016,917.47729,921.59200
Week 4,19 Apr 2016,923.74814,926.18757

Week 1,26 Apr 2016,919.00614,926.80271
Week 2,03 May 2016,931.92000,936.82300
Week 3,10 May 2016,936.05300,938.68671
Week 4,17 May 2016,951.24757,957.64057

Week 1,24 May 2016,970.69629,975.76286
Week 2,31 May 2016,972.02943,974.67600
Week 3,07 Jun 2016,960.83829,963.96143
Week 4,14 Jun 2016,963.18171,967.83886

Week 1,21 Jun 2016,923.51029,936.21914
Week 2,28 Jun 2016,875.40171,882.49829
Week 3,05 Jul 2016,883.02229,892.64186
Week 4,12 Jul 2016,886.33657,891.27686

Week 1,19 Jul 2016,870.99300,874.14329
Week 2,26 Jul 2016,873.59614,878.13286
Week 3,02 Aug 2016,878.42929,882.66129
Week 4,09 Aug 2016,890.22514,894.37886

Week 1,16 Aug 2016,885.16529,889.31629
Week 2,23 Aug 2016,888.42214,892.42357
Week 3,30 Aug 2016,881.58643,889.29714
Week 4,06 Sep 2016,871.08643,874.50200

Week 1,13 Sep 2016,874.19514,878.02629
Week 2,20 Sep 2016,863.24929,867.00586
Week 3,27 Sep 2016,849.20443,852.56614
Week 4,04 Oct 2016,853.37229,857.07271

Week 1,11 Oct 2016,858.48729,862.04400
Week 2,18 Oct 2016,856.62014,860.45214
Week 3,25 Oct 2016,858.10743,862.46957
Week 4,01 Nov 2016,859.00600,871.71171

Week 1,08 Nov 2016,869.26057,881.59386
Week 2,15 Nov 2016,858.92900,868.02071
Week 3,22 Nov 2016,869.69557,872.65271
Week 4,29 Nov 2016,856.51143,858.22014

Week 1,06 Dec 2016,836.02357,837.51971
Week 2,13 Dec 2016,834.47071,838.95257
Week 3,20 Dec 2016,854.72171,856.83657
Week 4,27 Dec 2016,851.93129,856.03529

Week 1,03 Jan 2017,837.80729,846.03643
Week 2,10 Jan 2017,838.57943,842.95686
Week 3,17 Jan 2017,840.43400,843.97014
Week 4,24 Jan 2017,837.06186,840.24486

Week 1,31 Jan 2017,845.29443,849.29057
Week 2,07 Feb 2017,850.61643,852.93000
Week 3,14 Feb 2017,857.50043,864.65400
Week 4,21 Feb 2017,855.19443,858.60043

Week 1,28 Feb 2017,864.38416,866.89020
Week 2,07 Mar 2017,860.84827,862.38516
Week 3,14 Mar 2017,857.87520,860.77945
Week 4,21 Mar 2017,851.57770,854.99720

Week 1,28 Mar 2017,859.03796,863.98383
Week 2,04 Apr 2017,863.06288,867.63894
Week 3,11 Apr 2017,872.88876,874.64755
Week 4,18 Apr 2017,866.32906,868.11610

Week 1,25 Apr 2017,859.34863,866.02848
Week 2,02 May 2017,867.92474,869.32312
Week 3,09 May 2017,862.27619,866.05912
Week 4,16 May 2017,844.98227,848.16359

Week 1,23 May 2017,827.38726,828.76213
Week 2,30 May 2017,828.65006,830.39171
Week 3,06 Jun 2017,826.87000,837.72618
Week 4,13 Jun 2017,832.55670,834.17926

Week 1,20 Jun 2017,819.14813,829.52650
Week 2,27 Jun 2017,805.98666,816.74749
Week 3,04 Jul 2017,784.35659,792.92515
Week 4,11 Jul 2017,781.67069,793.05806

Week 1,18 Jul 2017,769.60788,779.73910
Week 2,25 Jul 2017,751.20458,761.48935
Week 3,01 Aug 2017,751.29862,761.85537
Week 4,08 Aug 2017,746.95071,760.28009

Week 1,15 Aug 2017,765.21400,781.00928
Week 2,22 Aug 2017,769.12149,779.12605
Week 3,29 Aug 2017,766.53326,774.18359
Week 4,05 Sep 2017,767.12756,775.24416

Week 1,12 Sep 2017,770.42703,780.47819
Week 2,19 Sep 2017,768.19120,778.63313
Week 3,26 Sep 2017,761.80648,772.88713
Week 4,03 Oct 2017,770.52946,783.20357

Week 1,10 Oct 2017,768.80302,781.74766
Week 2,17 Oct 2017,771.24775,782.25306
Week 3,24 Oct 2017,771.09045,779.31014
Week 4,31 Oct 2017,764.83754,772.79389

Week 1,07 Nov 2017,765.05026,775.40576
Week 2,14 Nov 2017,769.17667,778.47598
Week 3,21 Nov 2017,770.20160,778.08142
Week 4,28 Nov 2017,775.23036,784.90894

Week 1,05 Dec 2017,781.47777,782.91469


