ARG->RUB

Week 1,01 Dec 1998,19.83830,20.09071
Week 2,08 Dec 1998,20.97674,21.32490
Week 3,15 Dec 1998,21.70436,21.95011
Week 4,22 Dec 1998,20.78500,21.06336

Week 1,29 Dec 1998,20.91577,22.02891
Week 2,05 Jan 1999,23.03341,23.37236
Week 3,12 Jan 1999,22.78486,23.01801
Week 4,19 Jan 1999,23.09341,23.25589

Week 1,26 Jan 1999,22.96119,23.06940
Week 2,02 Feb 1999,23.19124,23.28997
Week 3,09 Feb 1999,23.04310,23.13710
Week 4,16 Feb 1999,23.03450,23.17283

Week 1,23 Feb 1999,22.99681,23.13103
Week 2,02 Mar 1999,23.30437,23.39300
Week 3,09 Mar 1999,23.38773,23.50739
Week 4,16 Mar 1999,23.90000,24.03311

Week 1,23 Mar 1999,25.90377,26.36764
Week 2,30 Mar 1999,25.68983,25.95590
Week 3,06 Apr 1999,25.93580,26.18620
Week 4,13 Apr 1999,25.56643,25.70116

Week 1,20 Apr 1999,24.86786,25.12891
Week 2,27 Apr 1999,24.58571,24.80893
Week 3,04 May 1999,24.15429,24.38957
Week 4,11 May 1999,25.00143,25.42504

Week 1,18 May 1999,24.74717,24.86200
Week 2,25 May 1999,24.56859,24.67706
Week 3,01 Jun 1999,24.70000,24.76500
Week 4,08 Jun 1999,24.53429,24.64496

Week 1,15 Jun 1999,24.41643,24.53204
Week 2,22 Jun 1999,24.33357,24.46204
Week 3,29 Jun 1999,24.40000,24.53347
Week 4,06 Jul 1999,24.43786,24.60990

Week 1,13 Jul 1999,24.32716,24.45239
Week 2,20 Jul 1999,24.26824,24.41811
Week 3,27 Jul 1999,24.23143,24.30061
Week 4,03 Aug 1999,24.28857,24.32204

Week 1,10 Aug 1999,24.72396,24.87926
Week 2,17 Aug 1999,24.74036,24.89163
Week 3,24 Aug 1999,24.78086,24.90850
Week 4,31 Aug 1999,25.53599,25.68851

Week 1,07 Sep 1999,25.76126,25.98034
Week 2,14 Sep 1999,25.43779,25.63010
Week 3,21 Sep 1999,25.31767,25.42254
Week 4,28 Sep 1999,25.28824,25.50904

Week 1,05 Oct 1999,25.75857,25.84663
Week 2,12 Oct 1999,25.77286,25.80449
Week 3,19 Oct 1999,25.75971,25.84877
Week 4,26 Oct 1999,26.01929,26.09844

Week 1,02 Nov 1999,26.24143,26.37816
Week 2,09 Nov 1999,26.26001,26.33157
Week 3,16 Nov 1999,26.39429,26.46744
Week 4,23 Nov 1999,26.46036,26.53816

Week 1,30 Nov 1999,26.48250,26.65530
Week 2,07 Dec 1999,26.85369,26.92403
Week 3,14 Dec 1999,26.81914,26.86653
Week 4,21 Dec 1999,26.84036,26.89451

Week 1,28 Dec 1999,27.39619,27.45311
Week 2,04 Jan 2000,27.35727,27.50923
Week 3,11 Jan 2000,28.51619,28.61284
Week 4,18 Jan 2000,28.56183,28.61377

Week 1,25 Jan 2000,28.55690,28.60704
Week 2,01 Feb 2000,28.71619,28.76536
Week 3,08 Feb 2000,28.83607,28.88907
Week 4,15 Feb 2000,28.80234,28.83103

Week 1,22 Feb 2000,28.76377,28.80726
Week 2,29 Feb 2000,28.62267,28.66779
Week 3,07 Mar 2000,28.53817,28.58146
Week 4,14 Mar 2000,28.44010,28.48493

Week 1,21 Mar 2000,28.36110,28.40950
Week 2,28 Mar 2000,28.50976,28.55443
Week 3,04 Apr 2000,28.68970,28.73440
Week 4,11 Apr 2000,28.54477,28.59244

Week 1,18 Apr 2000,28.64521,28.69577
Week 2,25 Apr 2000,28.46521,28.51149
Week 3,02 May 2000,28.40606,28.44021
Week 4,09 May 2000,28.31894,28.35393

Week 1,16 May 2000,28.32403,28.35659
Week 2,23 May 2000,28.29404,28.34174
Week 3,30 May 2000,28.31727,28.36654
Week 4,06 Jun 2000,28.32117,28.36290

Week 1,13 Jun 2000,28.32516,28.37281
Week 2,20 Jun 2000,28.20043,28.24673
Week 3,27 Jun 2000,28.07117,28.10743
Week 4,04 Jul 2000,28.02236,28.04741

Week 1,11 Jul 2000,27.88687,27.90417
Week 2,18 Jul 2000,27.68546,27.70081
Week 3,25 Jul 2000,27.74421,27.76489
Week 4,01 Aug 2000,27.77971,27.80456

Week 1,08 Aug 2000,27.70223,27.72844
Week 2,15 Aug 2000,27.75321,27.77364
Week 3,22 Aug 2000,27.72467,27.74513
Week 4,29 Aug 2000,27.76870,27.78941

Week 1,05 Sep 2000,27.86117,27.88169
Week 2,12 Sep 2000,27.78736,27.80799
Week 3,19 Sep 2000,27.82629,27.84681
Week 4,26 Sep 2000,27.77811,27.80417

Week 1,03 Oct 2000,27.87154,27.89211
Week 2,10 Oct 2000,27.89594,27.91660
Week 3,17 Oct 2000,27.92180,27.94243
Week 4,24 Oct 2000,27.88179,27.90227

Week 1,31 Oct 2000,27.85821,27.87924
Week 2,07 Nov 2000,27.81769,27.83869
Week 3,14 Nov 2000,27.78837,27.80863
Week 4,21 Nov 2000,27.89084,27.91141

Week 1,28 Nov 2000,27.87996,27.90049
Week 2,05 Dec 2000,27.95573,27.97607
Week 3,12 Dec 2000,27.96353,27.98433
Week 4,19 Dec 2000,27.99611,28.01673

Week 1,26 Dec 2000,28.41570,28.43694
Week 2,02 Jan 2001,28.47749,28.49827
Week 3,09 Jan 2001,28.36506,28.38566
Week 4,16 Jan 2001,28.35701,28.37757

Week 1,23 Jan 2001,28.39267,28.41323
Week 2,30 Jan 2001,28.44257,28.46314
Week 3,06 Feb 2001,28.57546,28.59494
Week 4,13 Feb 2001,28.67999,28.70236

Week 1,20 Feb 2001,28.72996,28.75059
Week 2,27 Feb 2001,28.69117,28.71174
Week 3,06 Mar 2001,28.67520,28.69580
Week 4,13 Mar 2001,28.65480,28.68119

Week 1,20 Mar 2001,28.73096,28.75379
Week 2,27 Mar 2001,28.78530,28.80660
Week 3,03 Apr 2001,28.86001,28.88264
Week 4,10 Apr 2001,28.85177,28.87479

Week 1,17 Apr 2001,28.90291,28.92596
Week 2,24 Apr 2001,28.90930,28.92926
Week 3,01 May 2001,28.95569,28.97704
Week 4,08 May 2001,28.98474,29.00519

Week 1,15 May 2001,29.08014,29.10109
Week 2,22 May 2001,29.10410,29.12277
Week 3,29 May 2001,29.11234,29.13037
Week 4,05 Jun 2001,29.17041,29.19161

Week 1,12 Jun 2001,29.11419,29.13530
Week 2,19 Jun 2001,29.11886,29.13893
Week 3,26 Jun 2001,29.12713,29.14819
Week 4,03 Jul 2001,29.19727,29.21664

Week 1,10 Jul 2001,29.22806,29.25654
Week 2,17 Jul 2001,29.27651,29.29926
Week 3,24 Jul 2001,29.28753,29.31466
Week 4,31 Jul 2001,29.36414,29.38764

Week 1,07 Aug 2001,29.34679,29.36911
Week 2,14 Aug 2001,29.36697,29.39097
Week 3,21 Aug 2001,29.38400,29.40457
Week 4,28 Aug 2001,29.42146,29.44117

Week 1,04 Sep 2001,29.45627,29.47924
Week 2,11 Sep 2001,29.48804,29.49629
Week 3,18 Sep 2001,29.46544,29.46901
Week 4,25 Sep 2001,29.44580,29.45080

Week 1,02 Oct 2001,29.44580,29.45080
Week 2,09 Oct 2001,29.48266,29.49409
Week 3,16 Oct 2001,29.55480,29.56780
Week 4,23 Oct 2001,29.59253,29.60324

Week 1,30 Oct 2001,29.73419,29.74847
Week 2,06 Nov 2001,29.75547,29.76476
Week 3,13 Nov 2001,29.76576,29.77790
Week 4,20 Nov 2001,29.85589,29.86517

Week 1,27 Nov 2001,29.88777,29.89563
Week 2,04 Dec 2001,29.89206,29.89991
Week 3,11 Dec 2001,29.99957,30.01571
Week 4,18 Dec 2001,30.10937,30.11723

Week 1,25 Dec 2001,30.43491,30.51913
Week 2,01 Jan 2002,30.69414,30.79493
Week 3,08 Jan 2002,21.79590,21.81020
Week 4,15 Jan 2002,21.82551,21.83366

Week 1,22 Jan 2002,16.93064,17.32691
Week 2,29 Jan 2002,16.71649,16.77624
Week 3,05 Feb 2002,15.18414,15.21481
Week 4,12 Feb 2002,15.23879,15.28146

Week 1,19 Feb 2002,14.58961,14.64809
Week 2,26 Feb 2002,14.36780,14.41046
Week 3,05 Mar 2002,14.35871,14.39261
Week 4,12 Mar 2002,13.21293,13.45916

Week 1,19 Mar 2002,12.71950,12.98870
Week 2,26 Mar 2002,10.30931,10.46148
Week 3,02 Apr 2002,10.98869,11.12717
Week 4,09 Apr 2002,11.11484,11.20400

Week 1,16 Apr 2002,10.88434,10.96976
Week 2,23 Apr 2002,9.93267,10.04741
Week 3,30 Apr 2002,10.28224,10.37426
Week 4,07 May 2002,9.77474,9.86210

Week 1,14 May 2002,9.71851,9.76506
Week 2,21 May 2002,9.71651,9.74989
Week 3,28 May 2002,8.84155,8.89829
Week 4,04 Jun 2002,8.62180,8.67161

Week 1,11 Jun 2002,8.99374,9.04749
Week 2,18 Jun 2002,8.72600,8.76650
Week 3,25 Jun 2002,8.23720,8.28253
Week 4,02 Jul 2002,8.71131,8.74478

Week 1,09 Jul 2002,8.84893,8.90281
Week 2,16 Jul 2002,8.85801,8.89269
Week 3,23 Jul 2002,8.65622,8.70038
Week 4,30 Jul 2002,8.64440,8.69117

Week 1,06 Aug 2002,8.68586,8.71586
Week 2,13 Aug 2002,8.68108,8.70777
Week 3,20 Aug 2002,8.75933,8.80092
Week 4,27 Aug 2002,8.70790,8.73820

Week 1,03 Sep 2002,8.70415,8.74862
Week 2,10 Sep 2002,8.70956,8.74102
Week 3,17 Sep 2002,8.64301,8.68289
Week 4,24 Sep 2002,8.62238,8.64982

Week 1,01 Oct 2002,8.45204,8.48245
Week 2,08 Oct 2002,8.51722,8.55251
Week 3,15 Oct 2002,8.70713,8.74264
Week 4,22 Oct 2002,8.78838,8.81555

Week 1,29 Oct 2002,8.95459,8.98474
Week 2,05 Nov 2002,8.96264,8.99078
Week 3,12 Nov 2002,8.98176,9.01017
Week 4,19 Nov 2002,9.06484,9.07869

Week 1,26 Nov 2002,9.10715,9.13615
Week 2,03 Dec 2002,9.00263,9.05757
Week 3,10 Dec 2002,9.08037,9.11214
Week 4,17 Dec 2002,9.11276,9.14380

Week 1,24 Dec 2002,9.29533,9.33791
Week 2,31 Dec 2002,9.49400,9.58792
Week 3,07 Jan 2003,9.55953,9.61243
Week 4,14 Jan 2003,9.73030,9.77041

Week 1,21 Jan 2003,10.13429,10.16468
Week 2,28 Jan 2003,9.74465,9.78443
Week 3,04 Feb 2003,10.06484,10.10591
Week 4,11 Feb 2003,10.10970,10.14933

Week 1,18 Feb 2003,9.95585,9.99756
Week 2,25 Feb 2003,9.88683,9.95004
Week 3,04 Mar 2003,9.90682,9.95068
Week 4,11 Mar 2003,10.02996,10.07400

Week 1,18 Mar 2003,10.33767,10.38130
Week 2,25 Mar 2003,10.77530,10.82479
Week 3,01 Apr 2003,10.54590,10.70017
Week 4,08 Apr 2003,10.69983,10.78457

Week 1,15 Apr 2003,10.48307,10.66106
Week 2,22 Apr 2003,10.51609,10.84119
Week 3,29 Apr 2003,10.51844,10.98537
Week 4,06 May 2003,11.00486,11.20190

Week 1,13 May 2003,10.79840,11.07376
Week 2,20 May 2003,10.67239,10.76083
Week 3,27 May 2003,10.45350,10.66957
Week 4,03 Jun 2003,10.73704,10.83150

Week 1,10 Jun 2003,10.33929,10.87170
Week 2,17 Jun 2003,10.20311,10.85173
Week 3,24 Jun 2003,10.29237,10.92720
Week 4,01 Jul 2003,10.18393,10.84904

Week 1,08 Jul 2003,10.21704,10.98360
Week 2,15 Jul 2003,10.34394,10.94557
Week 3,22 Jul 2003,10.72029,10.84373
Week 4,29 Jul 2003,10.37529,10.47976

Week 1,05 Aug 2003,10.23769,10.38550
Week 2,12 Aug 2003,10.45183,10.50090
Week 3,19 Aug 2003,10.18357,10.40963
Week 4,26 Aug 2003,10.32517,10.39893

Week 1,02 Sep 2003,10.38209,10.45686
Week 2,09 Sep 2003,10.32437,10.51764
Week 3,16 Sep 2003,10.32711,10.60909
Week 4,23 Sep 2003,10.38744,10.59429

Week 1,30 Sep 2003,10.35941,10.61477
Week 2,07 Oct 2003,10.40849,10.68619
Week 3,14 Oct 2003,10.30580,10.69056
Week 4,21 Oct 2003,10.31276,10.57767

Week 1,28 Oct 2003,10.27914,10.56859
Week 2,04 Nov 2003,10.29387,10.52830
Week 3,11 Nov 2003,10.19286,10.50290
Week 4,18 Nov 2003,10.21296,10.50456

Week 1,25 Nov 2003,10.00426,10.15376
Week 2,02 Dec 2003,9.92760,10.04370
Week 3,09 Dec 2003,9.93838,10.02974
Week 4,16 Dec 2003,9.81040,9.95791

Week 1,23 Dec 2003,9.81353,9.99164
Week 2,30 Dec 2003,9.91347,10.06186
Week 3,06 Jan 2004,10.02428,10.14160
Week 4,13 Jan 2004,9.98928,10.14606

Week 1,20 Jan 2004,9.81655,9.92158
Week 2,27 Jan 2004,9.67295,9.91873
Week 3,03 Feb 2004,9.63283,9.73951
Week 4,10 Feb 2004,9.65716,9.77279

Week 1,17 Feb 2004,9.67538,9.78678
Week 2,24 Feb 2004,9.68853,9.80645
Week 3,02 Mar 2004,9.72605,9.84342
Week 4,09 Mar 2004,9.72723,9.85409

Week 1,16 Mar 2004,9.78496,9.91051
Week 2,23 Mar 2004,9.85429,9.97631
Week 3,30 Mar 2004,9.90953,10.05594
Week 4,06 Apr 2004,10.04653,10.20659

Week 1,13 Apr 2004,10.07189,10.23523
Week 2,20 Apr 2004,10.05094,10.18389
Week 3,27 Apr 2004,10.05698,10.25924
Week 4,04 May 2004,10.02903,10.15724

Week 1,11 May 2004,9.83735,10.00450
Week 2,18 May 2004,9.91393,10.17877
Week 3,25 May 2004,9.81122,10.06670
Week 4,01 Jun 2004,9.68224,9.92996

Week 1,08 Jun 2004,9.69608,9.88547
Week 2,15 Jun 2004,9.73408,9.89573
Week 3,22 Jun 2004,9.74474,9.93804
Week 4,29 Jun 2004,9.80946,9.84444

Week 1,06 Jul 2004,9.79528,9.92309
Week 2,13 Jul 2004,9.84631,9.94412
Week 3,20 Jul 2004,9.78627,9.88349
Week 4,27 Jul 2004,9.74558,9.81037

Week 1,03 Aug 2004,9.57815,9.64056
Week 2,10 Aug 2004,9.67573,9.71140
Week 3,17 Aug 2004,9.68096,9.73141
Week 4,24 Aug 2004,9.72706,9.74623

Week 1,31 Aug 2004,9.69466,9.78169
Week 2,07 Sep 2004,9.69054,9.77942
Week 3,14 Sep 2004,9.72086,9.80384
Week 4,21 Sep 2004,9.69285,9.77899

Week 1,28 Sep 2004,9.68646,9.89645
Week 2,05 Oct 2004,9.80512,9.92239
Week 3,12 Oct 2004,9.74191,9.88923
Week 4,19 Oct 2004,9.78246,9.84147

Week 1,26 Oct 2004,9.64917,9.68604
Week 2,02 Nov 2004,9.69284,9.70843
Week 3,09 Nov 2004,9.62249,9.70484
Week 4,16 Nov 2004,9.63088,9.77435

Week 1,23 Nov 2004,9.60717,9.68790
Week 2,30 Nov 2004,9.44654,9.47409
Week 3,07 Dec 2004,9.38623,9.41047
Week 4,14 Dec 2004,9.36951,9.39425

Week 1,21 Dec 2004,9.39989,9.42108
Week 2,28 Dec 2004,9.29040,9.39287
Week 3,04 Jan 2005,9.34873,9.38786
Week 4,11 Jan 2005,9.45909,9.47782

Week 1,18 Jan 2005,9.49093,9.62293
Week 2,25 Jan 2005,9.46174,9.70683
Week 3,01 Feb 2005,9.46544,9.71240
Week 4,08 Feb 2005,9.52905,9.78148

Week 1,15 Feb 2005,9.60625,9.63245
Week 2,22 Feb 2005,9.42709,9.55959
Week 3,01 Mar 2005,9.39979,9.42525
Week 4,08 Mar 2005,9.40059,9.42624

Week 1,15 Mar 2005,9.41079,9.43021
Week 2,22 Mar 2005,9.47841,9.50247
Week 3,29 Mar 2005,9.53062,9.54324
Week 4,05 Apr 2005,9.58581,9.61472

Week 1,12 Apr 2005,9.61978,9.64149
Week 2,19 Apr 2005,9.54634,9.57436
Week 3,26 Apr 2005,9.54622,9.57224
Week 4,03 May 2005,9.58138,9.60188

Week 1,10 May 2005,9.62374,9.64715
Week 2,17 May 2005,9.68913,9.72105
Week 3,24 May 2005,9.71276,9.72416
Week 4,31 May 2005,9.80584,9.81780

Week 1,07 Jun 2005,9.82483,9.83876
Week 2,14 Jun 2005,9.92147,9.93309
Week 3,21 Jun 2005,9.95220,9.96366
Week 4,28 Jun 2005,9.90500,9.91531

Week 1,05 Jul 2005,10.00537,10.01581
Week 2,12 Jul 2005,9.86407,10.13690
Week 3,19 Jul 2005,9.86711,10.14022
Week 4,26 Jul 2005,10.00923,10.02074

Week 1,02 Aug 2005,9.94559,9.95878
Week 2,09 Aug 2005,9.85036,9.86303
Week 3,16 Aug 2005,9.84828,9.87469
Week 4,23 Aug 2005,9.78198,9.80560

Week 1,30 Aug 2005,9.74741,9.76721
Week 2,06 Sep 2005,9.70078,9.72068
Week 3,13 Sep 2005,9.71993,9.74163
Week 4,20 Sep 2005,9.75390,9.77364

Week 1,27 Sep 2005,9.78358,9.81245
Week 2,04 Oct 2005,9.74452,9.75920
Week 3,11 Oct 2005,9.63082,9.64516
Week 4,18 Oct 2005,9.60646,9.62167

Week 1,25 Oct 2005,9.48798,9.49968
Week 2,01 Nov 2005,9.54737,9.56986
Week 3,08 Nov 2005,9.70216,9.71477
Week 4,15 Nov 2005,9.78267,9.79490

Week 1,22 Nov 2005,9.73087,9.77646
Week 2,29 Nov 2005,9.69524,9.70661
Week 3,06 Dec 2005,9.53120,9.79073
Week 4,13 Dec 2005,9.47137,9.60184

Week 1,20 Dec 2005,9.46406,9.50011
Week 2,27 Dec 2005,9.47057,9.48106
Week 3,03 Jan 2006,9.42675,9.43660
Week 4,10 Jan 2006,9.28833,9.42543

Week 1,17 Jan 2006,9.18635,9.42624
Week 2,24 Jan 2006,9.06435,9.29649
Week 3,31 Jan 2006,9.07874,9.29627
Week 4,07 Feb 2006,9.07546,9.31143

Week 1,14 Feb 2006,9.08924,9.32895
Week 2,21 Feb 2006,9.05932,9.29888
Week 3,28 Feb 2006,9.01944,9.25400
Week 4,07 Mar 2006,9.03925,9.15998

Week 1,14 Mar 2006,8.93634,9.16389
Week 2,21 Mar 2006,8.90846,9.19321
Week 3,28 Mar 2006,8.82137,9.31324
Week 4,04 Apr 2006,8.75918,9.16714

Week 1,11 Apr 2006,8.67810,9.34220
Week 2,18 Apr 2006,8.74353,9.22203
Week 3,25 Apr 2006,8.88365,9.08827
Week 4,02 May 2006,8.91750,8.93461

Week 1,09 May 2006,8.87569,8.90505
Week 2,16 May 2006,8.85031,8.87506
Week 3,23 May 2006,8.77548,8.79938
Week 4,30 May 2006,8.72966,8.75316

Week 1,06 Jun 2006,8.72762,8.74852
Week 2,13 Jun 2006,8.75552,8.78314
Week 3,20 Jun 2006,8.77549,8.79955
Week 4,27 Jun 2006,8.73890,8.76325

Week 1,04 Jul 2006,8.69647,8.72090
Week 2,11 Jul 2006,8.71655,8.74771
Week 3,18 Jul 2006,8.73244,8.75698
Week 4,25 Jul 2006,8.72090,8.74440

Week 1,01 Aug 2006,8.70219,8.72592
Week 2,08 Aug 2006,8.70524,8.72913
Week 3,15 Aug 2006,8.68463,8.70798
Week 4,22 Aug 2006,8.65814,8.68186

Week 1,29 Aug 2006,8.60645,8.67641
Week 2,05 Sep 2006,8.61840,8.64284
Week 3,12 Sep 2006,8.63099,8.65474
Week 4,19 Sep 2006,8.61139,8.63642

Week 1,26 Sep 2006,8.61657,8.64219
Week 2,03 Oct 2006,8.62929,8.65071
Week 3,10 Oct 2006,8.66858,8.69376
Week 4,17 Oct 2006,8.68101,8.70240

Week 1,24 Oct 2006,8.66555,8.69022
Week 2,31 Oct 2006,8.64734,8.66907
Week 3,07 Nov 2006,8.66111,8.68423
Week 4,14 Nov 2006,8.66468,8.68903

Week 1,21 Nov 2006,8.61689,8.63940
Week 2,28 Nov 2006,8.54632,8.57022
Week 3,05 Dec 2006,8.56918,8.59278
Week 4,12 Dec 2006,8.59886,8.62319

Week 1,19 Dec 2006,8.61156,8.63438
Week 2,26 Dec 2006,8.58443,8.60713
Week 3,02 Jan 2007,8.59571,8.61807
Week 4,09 Jan 2007,8.60105,8.62182

Week 1,16 Jan 2007,8.59979,8.62091
Week 2,23 Jan 2007,8.54991,8.57290
Week 3,30 Jan 2007,8.53310,8.55610
Week 4,06 Feb 2007,8.49832,8.52161

Week 1,13 Feb 2007,8.45789,8.48013
Week 2,20 Feb 2007,8.42996,8.45338
Week 3,27 Feb 2007,8.42855,8.45142
Week 4,06 Mar 2007,8.44302,8.46498

Week 1,13 Mar 2007,8.40690,8.42921
Week 2,20 Mar 2007,8.38931,8.41042
Week 3,27 Mar 2007,8.37209,8.39535
Week 4,03 Apr 2007,8.36513,8.38703

Week 1,10 Apr 2007,8.35607,8.37694
Week 2,17 Apr 2007,8.33528,8.35812
Week 3,24 Apr 2007,8.32058,8.34185
Week 4,01 May 2007,8.33387,8.35442

Week 1,08 May 2007,8.35762,8.39235
Week 2,15 May 2007,8.37507,8.39883
Week 3,22 May 2007,8.39265,8.41548
Week 4,29 May 2007,8.37834,8.43905

Week 1,05 Jun 2007,8.41049,8.43075
Week 2,12 Jun 2007,8.43691,8.50239
Week 3,19 Jun 2007,8.38023,8.47385
Week 4,26 Jun 2007,8.33329,8.38268

Week 1,03 Jul 2007,8.27453,8.32367
Week 2,10 Jul 2007,8.21519,8.24045
Week 3,17 Jul 2007,8.15665,8.22993
Week 4,24 Jul 2007,8.07218,8.15539

Week 1,31 Jul 2007,8.13292,8.20488
Week 2,07 Aug 2007,8.09556,8.11460
Week 3,14 Aug 2007,8.14305,8.16336
Week 4,21 Aug 2007,8.11340,8.15303

Week 1,28 Aug 2007,8.07954,8.14410
Week 2,04 Sep 2007,8.08106,8.14078
Week 3,11 Sep 2007,8.06242,8.11125
Week 4,18 Sep 2007,8.00426,8.04944

Week 1,25 Sep 2007,7.90016,7.96260
Week 2,02 Oct 2007,7.89330,7.93783
Week 3,09 Oct 2007,7.88818,7.92682
Week 4,16 Oct 2007,7.86026,7.87774

Week 1,23 Oct 2007,7.79519,7.85529
Week 2,30 Oct 2007,7.82690,7.87367
Week 3,06 Nov 2007,7.79858,7.86564
Week 4,13 Nov 2007,7.82105,7.83811

Week 1,20 Nov 2007,7.72350,7.78448
Week 2,27 Nov 2007,7.73324,7.76293
Week 3,04 Dec 2007,7.78404,7.82804
Week 4,11 Dec 2007,7.80681,7.82449

Week 1,18 Dec 2007,7.87436,7.89816
Week 2,25 Dec 2007,7.81768,7.87710
Week 3,01 Jan 2008,7.72878,7.81561
Week 4,08 Jan 2008,7.77346,7.81853

Week 1,15 Jan 2008,7.75549,7.77850
Week 2,22 Jan 2008,7.75123,7.83800
Week 3,29 Jan 2008,7.72233,7.77478
Week 4,05 Feb 2008,7.75376,7.84083

Week 1,12 Feb 2008,7.77074,7.82431
Week 2,19 Feb 2008,7.74944,7.80241
Week 3,26 Feb 2008,7.61598,7.68513
Week 4,04 Mar 2008,7.57405,7.59667

Week 1,11 Mar 2008,7.49852,7.56460
Week 2,18 Mar 2008,7.52225,7.57240
Week 3,25 Mar 2008,7.42974,7.48238
Week 4,01 Apr 2008,7.41579,7.48622

Week 1,08 Apr 2008,7.43710,7.45691
Week 2,15 Apr 2008,7.35556,7.43429
Week 3,22 Apr 2008,7.37423,7.42426
Week 4,29 Apr 2008,7.46097,7.50968

Week 1,06 May 2008,7.47345,7.48942
Week 2,13 May 2008,7.47721,7.55943
Week 3,20 May 2008,7.51120,7.54146
Week 4,27 May 2008,7.57709,7.60057

Week 1,03 Jun 2008,7.70333,7.72887
Week 2,10 Jun 2008,7.74572,7.76450
Week 3,17 Jun 2008,7.76308,7.81900
Week 4,24 Jun 2008,7.77342,7.79043

Week 1,01 Jul 2008,7.73986,7.76228
Week 2,08 Jul 2008,7.73574,7.77497
Week 3,15 Jul 2008,7.66103,7.68039
Week 4,22 Jul 2008,7.71415,7.73072

Week 1,29 Jul 2008,7.72544,7.74246
Week 2,05 Aug 2008,7.76994,7.84403
Week 3,12 Aug 2008,8.02974,8.06763
Week 4,19 Aug 2008,8.03701,8.09400

Week 1,26 Aug 2008,8.09565,8.15411
Week 2,02 Sep 2008,8.26627,8.32798
Week 3,09 Sep 2008,8.33620,8.35558
Week 4,16 Sep 2008,8.18478,8.26631

Week 1,23 Sep 2008,8.03906,8.07914
Week 2,30 Sep 2008,8.17003,8.22970
Week 3,07 Oct 2008,8.09099,8.15888
Week 4,14 Oct 2008,8.16678,8.19298

Week 1,21 Oct 2008,8.27465,8.36167
Week 2,28 Oct 2008,8.05055,8.10455
Week 3,04 Nov 2008,8.06775,8.14867
Week 4,11 Nov 2008,8.24331,8.28876

Week 1,18 Nov 2008,8.23258,8.27968
Week 2,25 Nov 2008,8.18714,8.29640
Week 3,02 Dec 2008,8.15822,8.23527
Week 4,09 Dec 2008,8.05736,8.19502

Week 1,16 Dec 2008,8.07327,8.21713
Week 2,23 Dec 2008,8.30714,8.41218
Week 3,30 Dec 2008,8.41370,8.55232
Week 4,06 Jan 2009,8.36556,8.57504

Week 1,13 Jan 2009,9.20209,9.33299
Week 2,20 Jan 2009,9.47376,9.57246
Week 3,27 Jan 2009,9.82457,9.96668
Week 4,03 Feb 2009,10.33086,10.41917

Week 1,10 Feb 2009,9.97180,10.12434
Week 2,17 Feb 2009,10.16884,10.36481
Week 3,24 Feb 2009,9.98287,10.20544
Week 4,03 Mar 2009,9.86923,10.00648

Week 1,10 Mar 2009,9.51974,9.73547
Week 2,17 Mar 2009,9.26414,9.35785
Week 3,24 Mar 2009,9.04479,9.11723
Week 4,31 Mar 2009,9.01084,9.13889

Week 1,07 Apr 2009,9.10898,9.15870
Week 2,14 Apr 2009,8.95974,9.09697
Week 3,21 Apr 2009,9.02634,9.18586
Week 4,28 Apr 2009,8.91189,8.96750

Week 1,05 May 2009,8.72802,8.84834
Week 2,12 May 2009,8.57228,8.68786
Week 3,19 May 2009,8.42125,8.48390
Week 4,26 May 2009,8.26638,8.33537

Week 1,02 Jun 2009,8.16765,8.29273
Week 2,09 Jun 2009,8.21943,8.28006
Week 3,16 Jun 2009,8.22225,8.29867
Week 4,23 Jun 2009,8.20987,8.28291

Week 1,30 Jun 2009,8.16963,8.26569
Week 2,07 Jul 2009,8.40417,8.45211
Week 3,14 Jul 2009,8.36646,8.46071
Week 4,21 Jul 2009,8.10518,8.21065

Week 1,28 Jul 2009,8.16378,8.19874
Week 2,04 Aug 2009,8.12721,8.21624
Week 3,11 Aug 2009,8.29455,8.34240
Week 4,18 Aug 2009,8.22296,8.34501

Week 1,25 Aug 2009,8.13066,8.25394
Week 2,01 Sep 2009,8.24822,8.27351
Week 3,08 Sep 2009,8.03534,8.05181
Week 4,15 Sep 2009,7.90672,8.00469

Week 1,22 Sep 2009,7.78816,7.91279
Week 2,29 Sep 2009,7.78994,7.88666
Week 3,06 Oct 2009,7.73181,7.77462
Week 4,13 Oct 2009,7.64259,7.76248

Week 1,20 Oct 2009,7.60415,7.62288
Week 2,27 Oct 2009,7.56104,7.68281
Week 3,03 Nov 2009,7.62420,7.64405
Week 4,10 Nov 2009,7.54477,7.56194

Week 1,17 Nov 2009,7.53431,7.60327
Week 2,24 Nov 2009,7.62047,7.68975
Week 3,01 Dec 2009,7.68194,7.70507
Week 4,08 Dec 2009,7.89214,7.96394

Week 1,15 Dec 2009,7.98474,8.00519
Week 2,22 Dec 2009,7.82335,7.95227
Week 3,29 Dec 2009,7.81547,7.97306
Week 4,05 Jan 2010,7.88551,7.92686

Week 1,12 Jan 2010,7.73109,7.81167
Week 2,19 Jan 2010,7.80895,7.82889
Week 3,26 Jan 2010,7.92132,7.95466
Week 4,02 Feb 2010,7.87703,7.89297

Week 1,09 Feb 2010,7.86531,7.88222
Week 2,16 Feb 2010,7.74750,7.86527
Week 3,23 Feb 2010,7.71373,7.83605
Week 4,02 Mar 2010,7.65041,7.84378

Week 1,09 Mar 2010,7.63611,7.65583
Week 2,16 Mar 2010,7.57641,7.59671
Week 3,23 Mar 2010,7.63691,7.66584
Week 4,30 Mar 2010,7.50942,7.67113

Week 1,06 Apr 2010,7.52614,7.57414
Week 2,13 Apr 2010,7.43500,7.54888
Week 3,20 Apr 2010,7.52828,7.54922
Week 4,27 Apr 2010,7.50578,7.56732

Week 1,04 May 2010,7.62601,7.81734
Week 2,11 May 2010,7.72640,7.77128
Week 3,18 May 2010,7.90072,7.92849
Week 4,25 May 2010,7.87640,7.93487

Week 1,01 Jun 2010,7.83552,8.03704
Week 2,08 Jun 2010,8.05849,8.08097
Week 3,15 Jun 2010,7.88170,8.00772
Week 4,22 Jun 2010,7.88906,7.90693

Week 1,29 Jun 2010,7.83205,8.00699
Week 2,06 Jul 2010,7.86682,7.88574
Week 3,13 Jul 2010,7.67689,7.87009
Week 4,20 Jul 2010,7.68525,7.78578

Week 1,27 Jul 2010,7.64709,7.71988
Week 2,03 Aug 2010,7.57740,7.59380
Week 3,10 Aug 2010,7.70087,7.72291
Week 4,17 Aug 2010,7.69375,7.82752

Week 1,24 Aug 2010,7.72951,7.87128
Week 2,31 Aug 2010,7.74198,7.82265
Week 3,07 Sep 2010,7.79759,7.82243
Week 4,14 Sep 2010,7.74170,7.91815

Week 1,21 Sep 2010,7.81867,7.84114
Week 2,28 Sep 2010,7.68932,7.71101
Week 3,05 Oct 2010,7.52425,7.64287
Week 4,12 Oct 2010,7.59343,7.65396

Week 1,19 Oct 2010,7.69894,7.72402
Week 2,26 Oct 2010,7.73697,7.75859
Week 3,02 Nov 2010,7.74608,7.76805
Week 4,09 Nov 2010,7.74331,7.76538

Week 1,16 Nov 2010,7.82492,7.84743
Week 2,23 Nov 2010,7.86744,7.88805
Week 3,30 Nov 2010,7.86630,7.88311
Week 4,07 Dec 2010,7.79970,7.81675

Week 1,14 Dec 2010,7.70417,7.78283
Week 2,21 Dec 2010,7.65463,7.75763
Week 3,28 Dec 2010,7.61409,7.70698
Week 4,04 Jan 2011,7.70177,7.72025

Week 1,11 Jan 2011,7.58723,7.64085
Week 2,18 Jan 2011,7.45461,7.60658
Week 3,25 Jan 2011,7.44746,7.47563
Week 4,01 Feb 2011,7.30501,7.41979

Week 1,08 Feb 2011,7.28656,7.30763
Week 2,15 Feb 2011,7.25823,7.27349
Week 3,22 Feb 2011,7.21233,7.22833
Week 4,01 Mar 2011,7.04561,7.06155

Week 1,08 Mar 2011,7.05369,7.06742
Week 2,15 Mar 2011,7.08571,7.10290
Week 3,22 Mar 2011,6.98025,7.03050
Week 4,29 Mar 2011,6.99658,7.02694

Week 1,05 Apr 2011,6.95181,6.97327
Week 2,12 Apr 2011,6.91810,6.93552
Week 3,19 Apr 2011,6.88471,6.90032
Week 4,26 Apr 2011,6.76927,6.78508

Week 1,03 May 2011,6.71637,6.73421
Week 2,10 May 2011,6.81776,6.83935
Week 3,17 May 2011,6.86243,6.88890
Week 4,24 May 2011,6.90240,6.92015

Week 1,31 May 2011,6.82793,6.84907
Week 2,07 Jun 2011,6.72963,6.85866
Week 3,14 Jun 2011,6.82091,6.86616
Week 4,21 Jun 2011,6.84823,6.86263

Week 1,28 Jun 2011,6.81586,6.82890
Week 2,05 Jul 2011,6.80366,6.82165
Week 3,12 Jul 2011,6.83449,6.85141
Week 4,19 Jul 2011,6.74496,6.78189

Week 1,26 Jul 2011,6.66617,6.68355
Week 2,02 Aug 2011,6.73647,6.77363
Week 3,09 Aug 2011,7.02656,7.06308
Week 4,16 Aug 2011,6.88320,7.00319

Week 1,23 Aug 2011,6.90354,6.92781
Week 2,30 Aug 2011,6.89128,6.92119
Week 3,06 Sep 2011,7.04882,7.07405
Week 4,13 Sep 2011,7.22268,7.25040

Week 1,20 Sep 2011,7.53179,7.55559
Week 2,27 Sep 2011,7.59859,7.62080
Week 3,04 Oct 2011,7.64698,7.70472
Week 4,11 Oct 2011,7.35814,7.48605

Week 1,18 Oct 2011,7.31635,7.41715
Week 2,25 Oct 2011,7.12508,7.15085
Week 3,01 Nov 2011,7.16220,7.19357
Week 4,08 Nov 2011,7.11245,7.17457

Week 1,15 Nov 2011,7.13430,7.28198
Week 2,22 Nov 2011,7.30536,7.42386
Week 3,29 Nov 2011,7.18144,7.32763
Week 4,06 Dec 2011,7.25904,7.37704

Week 1,13 Dec 2011,7.39682,7.46102
Week 2,20 Dec 2011,7.30894,7.40764
Week 3,27 Dec 2011,7.36546,7.40068
Week 4,03 Jan 2012,7.37134,7.46590

Week 1,10 Jan 2012,7.31973,7.43286
Week 2,17 Jan 2012,7.22997,7.35169
Week 3,24 Jan 2012,6.99852,7.10134
Week 4,31 Jan 2012,6.93382,7.02666

Week 1,07 Feb 2012,6.88017,6.92555
Week 2,14 Feb 2012,6.87859,6.92614
Week 3,21 Feb 2012,6.77458,6.79520
Week 4,28 Feb 2012,6.67865,6.74945

Week 1,06 Mar 2012,6.78104,6.80770
Week 2,13 Mar 2012,6.75309,6.77345
Week 3,20 Mar 2012,6.65543,6.77514
Week 4,27 Mar 2012,6.67558,6.70375

Week 1,03 Apr 2012,6.71604,6.73538
Week 2,10 Apr 2012,6.69478,6.80097
Week 3,17 Apr 2012,6.69389,6.72470
Week 4,24 Apr 2012,6.64765,6.66738

Week 1,01 May 2012,6.59313,6.74182
Week 2,08 May 2012,6.76195,6.81694
Week 3,15 May 2012,6.93727,6.95769
Week 4,22 May 2012,7.05103,7.11686

Week 1,29 May 2012,7.31549,7.45788
Week 2,05 Jun 2012,7.27579,7.38355
Week 3,12 Jun 2012,7.18519,7.33189
Week 4,19 Jun 2012,7.24502,7.35929

Week 1,26 Jun 2012,7.26712,7.30666
Week 2,03 Jul 2012,7.11063,7.25727
Week 3,10 Jul 2012,7.14938,7.30253
Week 4,17 Jul 2012,7.02942,7.13113

Week 1,24 Jul 2012,7.05873,7.12506
Week 2,31 Jul 2012,7.01145,7.06156
Week 3,07 Aug 2012,6.89417,6.91297
Week 4,14 Aug 2012,6.91918,6.93692

Week 1,21 Aug 2012,6.86647,6.92402
Week 2,28 Aug 2012,6.90735,7.00641
Week 3,04 Sep 2012,6.87776,6.91392
Week 4,11 Sep 2012,6.64946,6.72017

Week 1,18 Sep 2012,6.58532,6.67618
Week 2,25 Sep 2012,6.62537,6.65881
Week 3,02 Oct 2012,6.57907,6.63563
Week 4,09 Oct 2012,6.57730,6.62661

Week 1,16 Oct 2012,6.49978,6.56513
Week 2,23 Oct 2012,6.58118,6.61304
Week 3,30 Oct 2012,6.57231,6.61401
Week 4,06 Nov 2012,6.56116,6.64343

Week 1,13 Nov 2012,6.59031,6.64763
Week 2,20 Nov 2012,6.45623,6.54010
Week 3,27 Nov 2012,6.37618,6.45240
Week 4,04 Dec 2012,6.32753,6.40447

Week 1,11 Dec 2012,6.27623,6.34797
Week 2,18 Dec 2012,6.28231,6.30681
Week 3,25 Dec 2012,6.20022,6.23762
Week 4,01 Jan 2013,6.15783,6.18849

Week 1,08 Jan 2013,6.09438,6.18507
Week 2,15 Jan 2013,6.08524,6.14817
Week 3,22 Jan 2013,6.04650,6.10545
Week 4,29 Jan 2013,6.00876,6.04305

Week 1,05 Feb 2013,6.01355,6.04450
Week 2,12 Feb 2013,5.99979,6.03128
Week 3,19 Feb 2013,6.00572,6.05349
Week 4,26 Feb 2013,6.04904,6.09267

Week 1,05 Mar 2013,6.04588,6.09046
Week 2,12 Mar 2013,6.01899,6.06751
Week 3,19 Mar 2013,6.03267,6.06176
Week 4,26 Mar 2013,6.03180,6.07635

Week 1,02 Apr 2013,6.09986,6.17122
Week 2,09 Apr 2013,6.02217,6.08138
Week 3,16 Apr 2013,6.08775,6.14242
Week 4,23 Apr 2013,6.03825,6.11354

Week 1,30 Apr 2013,5.97785,6.02667
Week 2,07 May 2013,5.96083,6.00831
Week 3,14 May 2013,5.98979,6.01137
Week 4,21 May 2013,5.93780,5.98116

Week 1,28 May 2013,5.97302,6.02890
Week 2,04 Jun 2013,6.02693,6.08829
Week 3,11 Jun 2013,6.01383,6.05094
Week 4,18 Jun 2013,6.04094,6.08424

Week 1,25 Jun 2013,6.08038,6.13553
Week 2,02 Jul 2013,6.13010,6.15677
Week 3,09 Jul 2013,6.04592,6.09246
Week 4,16 Jul 2013,5.94119,5.99325

Week 1,23 Jul 2013,5.92661,5.98384
Week 2,30 Jul 2013,5.97265,6.00349
Week 3,06 Aug 2013,5.91892,5.96679
Week 4,13 Aug 2013,5.89425,5.94979

Week 1,20 Aug 2013,5.87143,5.91937
Week 2,27 Aug 2013,5.85262,5.89053
Week 3,03 Sep 2013,5.84438,5.89366
Week 4,10 Sep 2013,5.71977,5.75235

Week 1,17 Sep 2013,5.55849,5.57892
Week 2,24 Sep 2013,5.54521,5.58382
Week 3,01 Oct 2013,5.54010,5.56847
Week 4,08 Oct 2013,5.52399,5.55799

Week 1,15 Oct 2013,5.46811,5.50213
Week 2,22 Oct 2013,5.40341,5.44414
Week 3,29 Oct 2013,5.42711,5.46108
Week 4,05 Nov 2013,5.44625,5.47642

Week 1,12 Nov 2013,5.45622,5.48979
Week 2,19 Nov 2013,5.40712,5.42951
Week 3,26 Nov 2013,5.40037,5.42516
Week 4,03 Dec 2013,5.31729,5.34284

Week 1,10 Dec 2013,5.21877,5.24787
Week 2,17 Dec 2013,5.16611,5.18020
Week 3,24 Dec 2013,5.03726,5.07314
Week 4,31 Dec 2013,5.03909,5.06413

Week 1,07 Jan 2014,5.00138,5.02610
Week 2,14 Jan 2014,4.94922,4.96985
Week 3,21 Jan 2014,4.66889,4.69617
Week 4,28 Jan 2014,4.35572,4.37516

Week 1,04 Feb 2014,4.39632,4.42189
Week 2,11 Feb 2014,4.45769,4.48650
Week 3,18 Feb 2014,4.54482,4.56532
Week 4,25 Feb 2014,4.54511,4.57162

Week 1,04 Mar 2014,4.59594,4.61355
Week 2,11 Mar 2014,4.62561,4.65248
Week 3,18 Mar 2014,4.55604,4.58786
Week 4,25 Mar 2014,4.45322,4.49388

Week 1,01 Apr 2014,4.39501,4.43313
Week 2,08 Apr 2014,4.43590,4.46569
Week 3,15 Apr 2014,4.45529,4.49388
Week 4,22 Apr 2014,4.46730,4.48531

Week 1,29 Apr 2014,4.46346,4.48038
Week 2,06 May 2014,4.40712,4.41993
Week 3,13 May 2014,4.32262,4.34756
Week 4,20 May 2014,4.25098,4.26554

Week 1,27 May 2014,4.27626,4.29210
Week 2,03 Jun 2014,4.28056,4.29317
Week 3,10 Jun 2014,4.22181,4.23254
Week 4,17 Jun 2014,4.24116,4.25151

Week 1,24 Jun 2014,4.15551,4.16562
Week 2,01 Jul 2014,4.20349,4.21845
Week 3,08 Jul 2014,4.19334,4.20445
Week 4,15 Jul 2014,4.25816,4.27986

Week 1,22 Jul 2014,4.28656,4.29949
Week 2,29 Jul 2014,4.33944,4.35205
Week 3,05 Aug 2014,4.36681,4.37688
Week 4,12 Aug 2014,4.35373,4.36570

Week 1,19 Aug 2014,4.32863,4.34161
Week 2,26 Aug 2014,4.32931,4.36245
Week 3,02 Sep 2014,4.39572,4.42560
Week 4,09 Sep 2014,4.44149,4.47597

Week 1,16 Sep 2014,4.55007,4.58363
Week 2,23 Sep 2014,4.57359,4.61030
Week 3,30 Sep 2014,4.67611,4.71140
Week 4,07 Oct 2014,4.71761,4.74811

Week 1,14 Oct 2014,4.79606,4.81598
Week 2,21 Oct 2014,4.87533,4.90628
Week 3,28 Oct 2014,5.00535,5.05265
Week 4,04 Nov 2014,5.30796,5.36847

Week 1,11 Nov 2014,5.47026,5.51138
Week 2,18 Nov 2014,5.44377,5.45579
Week 3,25 Nov 2014,5.57970,5.62460
Week 4,02 Dec 2014,6.16465,6.18487

Week 1,09 Dec 2014,6.47207,6.51083
Week 2,16 Dec 2014,7.47786,7.52520
Week 3,23 Dec 2014,6.31920,6.34394
Week 4,30 Dec 2014,6.81266,6.90903

Week 1,06 Jan 2015,7.15608,7.22574
Week 2,13 Jan 2015,7.50822,7.52695
Week 3,20 Jan 2015,7.48241,7.50868
Week 4,27 Jan 2015,7.94202,7.95855

Week 1,03 Feb 2015,7.75012,7.77064
Week 2,10 Feb 2015,7.47891,7.49565
Week 3,17 Feb 2015,7.12809,7.14733
Week 4,24 Feb 2015,7.09751,7.12197

Week 1,03 Mar 2015,6.99650,7.00849
Week 2,10 Mar 2015,7.01380,7.03352
Week 3,17 Mar 2015,6.87392,6.88696
Week 4,24 Mar 2015,6.56524,6.57889

Week 1,31 Mar 2015,6.49439,6.52144
Week 2,07 Apr 2015,6.08440,6.10837
Week 3,14 Apr 2015,5.77938,5.79606
Week 4,21 Apr 2015,5.82541,5.83780

Week 1,28 Apr 2015,5.76011,5.82235
Week 2,05 May 2015,5.69193,5.70482
Week 3,12 May 2015,5.57573,5.59679
Week 4,19 May 2015,5.52779,5.54439

Week 1,26 May 2015,5.73782,5.75979
Week 2,02 Jun 2015,6.07582,6.09983
Week 3,09 Jun 2015,6.08810,6.11491
Week 4,16 Jun 2015,5.95846,5.97052

Week 1,23 Jun 2015,5.99151,6.00421
Week 2,30 Jun 2015,6.10920,6.12224
Week 3,07 Jul 2015,6.21277,6.23054
Week 4,14 Jul 2015,6.21519,6.23204

Week 1,21 Jul 2015,6.27797,6.29125
Week 2,28 Jul 2015,6.55057,6.56674
Week 3,04 Aug 2015,6.88750,6.90877
Week 4,11 Aug 2015,6.96924,6.98681

Week 1,18 Aug 2015,7.25654,7.27524
Week 2,25 Aug 2015,7.27712,7.29851
Week 3,01 Sep 2015,7.19114,7.21343
Week 4,08 Sep 2015,7.28075,7.29644

Week 1,15 Sep 2015,7.07588,7.09219
Week 2,22 Sep 2015,7.00616,7.02305
Week 3,29 Sep 2015,6.97531,6.99257
Week 4,06 Oct 2015,6.63704,6.65336

Week 1,13 Oct 2015,6.52779,6.54560
Week 2,20 Oct 2015,6.54846,6.56427
Week 3,27 Oct 2015,6.71664,6.73218
Week 4,03 Nov 2015,6.71064,6.72747

Week 1,10 Nov 2015,6.83454,6.85858
Week 2,17 Nov 2015,6.70552,6.74565
Week 3,24 Nov 2015,6.79680,6.84572
Week 4,01 Dec 2015,6.91560,6.95727

Week 1,08 Dec 2015,7.07209,7.11978
Week 2,15 Dec 2015,6.39339,6.40980
Week 3,22 Dec 2015,5.42892,5.45189
Week 4,29 Dec 2015,5.59455,5.62597

Week 1,05 Jan 2016,5.29173,5.31453
Week 2,12 Jan 2016,5.63526,5.66627
Week 3,19 Jan 2016,5.90384,5.95939
Week 4,26 Jan 2016,5.53808,5.56224

Week 1,02 Feb 2016,5.44402,5.45505
Week 2,09 Feb 2016,5.43678,5.45768
Week 3,16 Feb 2016,5.15003,5.16610
Week 4,23 Feb 2016,4.94164,4.96067

Week 1,01 Mar 2016,4.73538,4.75534
Week 2,08 Mar 2016,4.60851,4.63359
Week 3,15 Mar 2016,4.68868,4.69813
Week 4,22 Mar 2016,4.68866,4.70275

Week 1,29 Mar 2016,4.62018,4.63112
Week 2,05 Apr 2016,4.64879,4.65516
Week 3,12 Apr 2016,4.63006,4.63696
Week 4,19 Apr 2016,4.65220,4.65790

Week 1,26 Apr 2016,4.56937,4.58127
Week 2,03 May 2016,4.62793,4.63534
Week 3,10 May 2016,4.61604,4.62267
Week 4,17 May 2016,4.67006,4.67747

Week 1,24 May 2016,4.72515,4.73143
Week 2,31 May 2016,4.75240,4.75838
Week 3,07 Jun 2016,4.68742,4.69319
Week 4,14 Jun 2016,4.71963,4.73702

Week 1,21 Jun 2016,4.48474,4.49164
Week 2,28 Jun 2016,4.26988,4.28849
Week 3,05 Jul 2016,4.31940,4.33735
Week 4,12 Jul 2016,4.30954,4.31956

Week 1,19 Jul 2016,4.25362,4.26456
Week 2,26 Jul 2016,4.40573,4.41600
Week 3,02 Aug 2016,4.43020,4.44631
Week 4,09 Aug 2016,4.39533,4.41259

Week 1,16 Aug 2016,4.31100,4.32769
Week 2,23 Aug 2016,4.33718,4.35554
Week 3,30 Aug 2016,4.34674,4.36582
Week 4,06 Sep 2016,4.28414,4.30311

Week 1,13 Sep 2016,4.31086,4.32947
Week 2,20 Sep 2016,4.23289,4.25124
Week 3,27 Sep 2016,4.14056,4.15830
Week 4,04 Oct 2016,4.09680,4.11451

Week 1,11 Oct 2016,4.12889,4.14666
Week 2,18 Oct 2016,4.11096,4.12921
Week 3,25 Oct 2016,4.12549,4.14393
Week 4,01 Nov 2016,4.21406,4.23621

Week 1,08 Nov 2016,4.27902,4.28874
Week 2,15 Nov 2016,4.19415,4.20375
Week 3,22 Nov 2016,4.15625,4.16739
Week 4,29 Nov 2016,4.07710,4.08409

Week 1,06 Dec 2016,3.95673,3.96365
Week 2,13 Dec 2016,3.84544,3.86144
Week 3,20 Dec 2016,3.89516,3.90126
Week 4,27 Dec 2016,3.84896,3.86728

Week 1,03 Jan 2017,3.78232,3.78966
Week 2,10 Jan 2017,3.76445,3.78046
Week 3,17 Jan 2017,3.74369,3.76001
Week 4,24 Jan 2017,3.74246,3.75536

Week 1,31 Jan 2017,3.77506,3.78976
Week 2,07 Feb 2017,3.75595,3.76612
Week 3,14 Feb 2017,3.72537,3.73998
Week 4,21 Feb 2017,3.72050,3.73550

Week 1,28 Feb 2017,3.77389,3.78413
Week 2,07 Mar 2017,3.78071,3.78748
Week 3,14 Mar 2017,3.74076,3.75408
Week 4,21 Mar 2017,3.66496,3.68115

Week 1,28 Mar 2017,3.65330,3.66030
Week 2,04 Apr 2017,3.66957,3.68329
Week 3,11 Apr 2017,3.72277,3.72975
Week 4,18 Apr 2017,3.66440,3.67327

Week 1,25 Apr 2017,3.66908,3.67820
Week 2,02 May 2017,3.75226,3.75999
Week 3,09 May 2017,3.72252,3.73964
Week 4,16 May 2017,3.60705,3.61995

Week 1,23 May 2017,3.51680,3.52327
Week 2,30 May 2017,3.52267,3.53075
Week 3,06 Jun 2017,3.55274,3.56726
Week 4,13 Jun 2017,3.59603,3.60249

Week 1,20 Jun 2017,3.67146,3.68525
Week 2,27 Jun 2017,3.59665,3.61140
Week 3,04 Jul 2017,3.52398,3.53651
Week 4,11 Jul 2017,3.52673,3.54044

Week 1,18 Jul 2017,3.44116,3.44708
Week 2,25 Jul 2017,3.38890,3.39519
Week 3,01 Aug 2017,3.40572,3.41114
Week 4,08 Aug 2017,3.38476,3.39730

Week 1,15 Aug 2017,3.43310,3.44596
Week 2,22 Aug 2017,3.42089,3.43417
Week 3,29 Aug 2017,3.34534,3.35780
Week 4,05 Sep 2017,3.32791,3.33342

Week 1,12 Sep 2017,3.36815,3.38108
Week 2,19 Sep 2017,3.35602,3.36899
Week 3,26 Sep 2017,3.28852,3.30131
Week 4,03 Oct 2017,3.32639,3.33920

Week 1,10 Oct 2017,3.30508,3.31858
Week 2,17 Oct 2017,3.29210,3.30481
Week 3,24 Oct 2017,3.29361,3.29939
Week 4,31 Oct 2017,3.31604,3.32271

Week 1,07 Nov 2017,3.36225,3.37465
Week 2,14 Nov 2017,3.39735,3.41038
Week 3,21 Nov 2017,3.36718,3.37320
Week 4,28 Nov 2017,3.37373,3.38681

Week 1,05 Dec 2017,3.40140,3.40704


