ARG->JPY

Week 1,01 Dec 1998,120.05143,120.18500
Week 2,08 Dec 1998,117.22886,117.35829
Week 3,15 Dec 1998,115.83000,115.93729
Week 4,22 Dec 1998,116.23714,116.32871

Week 1,29 Dec 1998,113.96500,114.08757
Week 2,05 Jan 1999,110.93329,111.03529
Week 3,12 Jan 1999,113.38186,113.46814
Week 4,19 Jan 1999,113.89614,113.97671

Week 1,26 Jan 1999,115.07557,115.19686
Week 2,02 Feb 1999,112.86857,112.96743
Week 3,09 Feb 1999,114.53400,114.61214
Week 4,16 Feb 1999,119.98700,120.06443

Week 1,23 Feb 1999,119.98543,120.06857
Week 2,02 Mar 1999,122.13314,122.20686
Week 3,09 Mar 1999,119.63029,119.70786
Week 4,16 Mar 1999,117.74571,117.82200

Week 1,23 Mar 1999,119.14257,119.22757
Week 2,30 Mar 1999,120.24171,120.33057
Week 3,06 Apr 1999,120.79714,120.87486
Week 4,13 Apr 1999,118.59857,118.67771

Week 1,20 Apr 1999,119.10714,119.18771
Week 2,27 Apr 1999,119.41714,119.49343
Week 3,04 May 1999,120.76429,120.83843
Week 4,11 May 1999,122.03000,122.10743

Week 1,18 May 1999,123.88500,123.96929
Week 2,25 May 1999,121.75143,121.84271
Week 3,01 Jun 1999,121.50000,121.59400
Week 4,08 Jun 1999,119.14429,119.23400

Week 1,15 Jun 1999,120.49857,120.58114
Week 2,22 Jun 1999,121.61143,121.69900
Week 3,29 Jun 1999,121.15143,121.24543
Week 4,06 Jul 1999,122.27571,122.36571

Week 1,13 Jul 1999,120.78143,120.86971
Week 2,20 Jul 1999,117.33714,117.43486
Week 3,27 Jul 1999,115.19000,115.27586
Week 4,03 Aug 1999,114.83714,114.92871

Week 1,10 Aug 1999,115.24286,115.33443
Week 2,17 Aug 1999,112.01143,112.08943
Week 3,24 Aug 1999,111.34714,111.42614
Week 4,31 Aug 1999,109.61357,109.69443

Week 1,07 Sep 1999,109.21286,109.30357
Week 2,14 Sep 1999,106.41457,106.49000
Week 3,21 Sep 1999,104.59229,104.67471
Week 4,28 Sep 1999,105.82757,105.91214

Week 1,05 Oct 1999,107.22857,107.30843
Week 2,12 Oct 1999,105.94500,106.02886
Week 3,19 Oct 1999,105.77429,105.86386
Week 4,26 Oct 1999,104.29571,104.37386

Week 1,02 Nov 1999,105.17000,105.25100
Week 2,09 Nov 1999,105.03143,105.10814
Week 3,16 Nov 1999,105.89286,105.97100
Week 4,23 Nov 1999,103.38571,103.47214

Week 1,30 Nov 1999,102.42500,102.51400
Week 2,07 Dec 1999,102.59343,102.67086
Week 3,14 Dec 1999,103.17671,103.24743
Week 4,21 Dec 1999,102.37243,102.44129

Week 1,28 Dec 1999,102.23314,102.32443
Week 2,04 Jan 2000,104.30300,104.35486
Week 3,11 Jan 2000,105.84614,105.92229
Week 4,18 Jan 2000,105.14357,105.22500

Week 1,25 Jan 2000,106.23557,106.29786
Week 2,01 Feb 2000,107.55443,107.63129
Week 3,08 Feb 2000,109.34371,109.42471
Week 4,15 Feb 2000,110.15357,110.21686

Week 1,22 Feb 2000,110.79086,110.86829
Week 2,29 Feb 2000,108.31571,108.38286
Week 3,07 Mar 2000,106.46600,106.54043
Week 4,14 Mar 2000,105.99471,106.03929

Week 1,21 Mar 2000,107.06286,107.12971
Week 2,28 Mar 2000,104.57729,104.64814
Week 3,04 Apr 2000,105.09757,105.16829
Week 4,11 Apr 2000,105.61300,105.69614

Week 1,18 Apr 2000,105.25657,105.33900
Week 2,25 Apr 2000,106.94043,107.01800
Week 3,02 May 2000,108.64929,108.72586
Week 4,09 May 2000,108.84286,108.92086

Week 1,16 May 2000,108.29129,108.37257
Week 2,23 May 2000,107.56071,107.65914
Week 3,30 May 2000,107.86371,107.96600
Week 4,06 Jun 2000,107.84771,107.94900

Week 1,13 Jun 2000,106.62600,106.70014
Week 2,20 Jun 2000,105.15214,105.23986
Week 3,27 Jun 2000,105.66229,105.74286
Week 4,04 Jul 2000,107.13600,107.22086

Week 1,11 Jul 2000,107.75400,107.83614
Week 2,18 Jul 2000,108.45557,108.53329
Week 3,25 Jul 2000,109.31629,109.38843
Week 4,01 Aug 2000,108.82729,108.91800

Week 1,08 Aug 2000,108.59114,108.66400
Week 2,15 Aug 2000,108.72100,108.79486
Week 3,22 Aug 2000,107.37543,107.45057
Week 4,29 Aug 2000,106.21757,106.30600

Week 1,05 Sep 2000,105.85114,105.92386
Week 2,12 Sep 2000,107.02543,107.10114
Week 3,19 Sep 2000,107.30357,107.38471
Week 4,26 Sep 2000,107.62257,107.72686

Week 1,03 Oct 2000,108.91357,109.00343
Week 2,10 Oct 2000,107.90914,107.98914
Week 3,17 Oct 2000,108.40143,108.49214
Week 4,24 Oct 2000,108.37957,108.45600

Week 1,31 Oct 2000,107.94786,108.03914
Week 2,07 Nov 2000,107.59086,107.67014
Week 3,14 Nov 2000,108.60543,108.68614
Week 4,21 Nov 2000,110.64943,110.73900

Week 1,28 Nov 2000,110.91114,110.99943
Week 2,05 Dec 2000,110.93529,111.02843
Week 3,12 Dec 2000,112.08029,112.16000
Week 4,19 Dec 2000,112.64000,112.73471

Week 1,26 Dec 2000,114.15486,114.24371
Week 2,02 Jan 2001,115.45086,115.54471
Week 3,09 Jan 2001,117.48557,117.58086
Week 4,16 Jan 2001,117.82514,117.92514

Week 1,23 Jan 2001,117.11143,117.20386
Week 2,30 Jan 2001,115.91900,116.01471
Week 3,06 Feb 2001,116.42657,116.51886
Week 4,13 Feb 2001,116.17514,116.26557

Week 1,20 Feb 2001,116.10157,116.18643
Week 2,27 Feb 2001,117.80900,117.90186
Week 3,06 Mar 2001,119.42514,119.51214
Week 4,13 Mar 2001,121.74014,121.85586

Week 1,20 Mar 2001,122.96186,123.05057
Week 2,27 Mar 2001,124.31057,124.40914
Week 3,03 Apr 2001,124.76971,124.86657
Week 4,10 Apr 2001,124.38329,124.48614

Week 1,17 Apr 2001,122.63700,122.74357
Week 2,24 Apr 2001,122.99457,123.09214
Week 3,01 May 2001,121.84071,121.94171
Week 4,08 May 2001,122.12514,122.22314

Week 1,15 May 2001,123.35443,123.44871
Week 2,22 May 2001,121.00586,121.11100
Week 3,29 May 2001,119.77143,119.86757
Week 4,05 Jun 2001,120.39843,120.46071

Week 1,12 Jun 2001,122.22800,122.31286
Week 2,19 Jun 2001,124.01300,124.07957
Week 3,26 Jun 2001,124.40243,124.48486
Week 4,03 Jul 2001,125.22000,125.29357

Week 1,10 Jul 2001,124.84871,124.95329
Week 2,17 Jul 2001,123.88843,123.97686
Week 3,24 Jul 2001,123.80271,123.91271
Week 4,31 Jul 2001,124.28300,124.35757

Week 1,07 Aug 2001,122.75729,122.82643
Week 2,14 Aug 2001,120.67514,120.75414
Week 3,21 Aug 2001,120.19557,120.28057
Week 4,28 Aug 2001,119.53686,119.61200

Week 1,04 Sep 2001,120.01271,120.10100
Week 2,11 Sep 2001,118.65857,118.72214
Week 3,18 Sep 2001,117.08557,117.26957
Week 4,25 Sep 2001,118.77614,118.80900

Week 1,02 Oct 2001,120.53943,120.59086
Week 2,09 Oct 2001,120.79829,120.85114
Week 3,16 Oct 2001,121.20714,121.24143
Week 4,23 Oct 2001,122.78043,122.80757

Week 1,30 Oct 2001,121.92900,121.99329
Week 2,06 Nov 2001,120.76243,120.80243
Week 3,13 Nov 2001,122.12314,122.16314
Week 4,20 Nov 2001,123.72757,123.77400

Week 1,27 Nov 2001,123.64471,123.69900
Week 2,04 Dec 2001,124.92857,124.96143
Week 3,11 Dec 2001,126.71286,126.75857
Week 4,18 Dec 2001,128.75014,128.79300

Week 1,25 Dec 2001,131.50800,131.73571
Week 2,01 Jan 2002,132.17729,132.49714
Week 3,08 Jan 2002,94.44591,94.47041
Week 4,15 Jan 2002,94.41737,94.44081

Week 1,22 Jan 2002,74.21739,75.94330
Week 2,29 Jan 2002,72.63433,72.88417
Week 3,05 Feb 2002,66.12911,66.25721
Week 4,12 Feb 2002,65.56331,65.74683

Week 1,19 Feb 2002,63.12786,63.37083
Week 2,26 Feb 2002,62.04900,62.23579
Week 3,05 Mar 2002,59.98494,60.12999
Week 4,12 Mar 2002,54.81697,55.84211

Week 1,19 Mar 2002,53.95277,55.09226
Week 2,26 Mar 2002,43.92263,44.57549
Week 3,02 Apr 2002,46.60606,47.19589
Week 4,09 Apr 2002,46.82790,47.20414

Week 1,16 Apr 2002,45.60629,45.96269
Week 2,23 Apr 2002,41.03594,41.50674
Week 3,30 Apr 2002,41.98103,42.35559
Week 4,07 May 2002,40.01969,40.36963

Week 1,14 May 2002,39.50881,39.69657
Week 2,21 May 2002,38.72581,38.85716
Week 3,28 May 2002,35.07290,35.29850
Week 4,04 Jun 2002,34.11877,34.31633

Week 1,11 Jun 2002,35.69624,35.90911
Week 2,18 Jun 2002,34.12199,34.28524
Week 3,25 Jun 2002,31.42970,31.60481
Week 4,02 Jul 2002,33.14809,33.27681

Week 1,09 Jul 2002,32.91510,33.11207
Week 2,16 Jul 2002,32.60193,32.72677
Week 3,23 Jul 2002,32.27573,32.43430
Week 4,30 Jul 2002,32.72553,32.90474

Week 1,06 Aug 2002,33.06613,33.18706
Week 2,13 Aug 2002,32.41067,32.51421
Week 3,20 Aug 2002,33.07311,33.22944
Week 4,27 Aug 2002,32.68261,32.79547

Week 1,03 Sep 2002,32.51934,32.68317
Week 2,10 Sep 2002,33.19160,33.30491
Week 3,17 Sep 2002,33.42659,33.57976
Week 4,24 Sep 2002,33.45211,33.55087

Week 1,01 Oct 2002,32.72467,32.83494
Week 2,08 Oct 2002,33.31771,33.44423
Week 3,15 Oct 2002,34.33561,34.46964
Week 4,22 Oct 2002,34.48576,34.59343

Week 1,29 Oct 2002,34.55876,34.66733
Week 2,05 Nov 2002,34.05969,34.16839
Week 3,12 Nov 2002,33.90297,34.01021
Week 4,19 Nov 2002,34.86867,34.92421

Week 1,26 Nov 2002,34.97353,35.08820
Week 2,03 Dec 2002,35.07363,35.28649
Week 3,10 Dec 2002,34.80626,34.92953
Week 4,17 Dec 2002,34.54096,34.65360

Week 1,24 Dec 2002,35.09677,35.25639
Week 2,31 Dec 2002,35.48754,35.81784
Week 3,07 Jan 2003,35.82993,36.01404
Week 4,14 Jan 2003,36.10426,36.23837

Week 1,21 Jan 2003,37.59859,37.70050
Week 2,28 Jan 2003,36.50490,36.63029
Week 3,04 Feb 2003,37.98189,38.11466
Week 4,11 Feb 2003,38.56364,38.68009

Week 1,18 Feb 2003,37.54587,37.67564
Week 2,25 Feb 2003,36.87239,37.08439
Week 3,04 Mar 2003,36.82981,36.97260
Week 4,11 Mar 2003,37.61843,37.75134

Week 1,18 Mar 2003,39.63356,39.77593
Week 2,25 Mar 2003,41.24217,41.39326
Week 3,01 Apr 2003,40.19011,40.76473
Week 4,08 Apr 2003,41.09166,41.41774

Week 1,15 Apr 2003,40.29677,40.98724
Week 2,22 Apr 2003,40.62979,41.89143
Week 3,29 Apr 2003,40.32280,42.11810
Week 4,06 May 2003,41.52220,42.27481

Week 1,13 May 2003,40.59743,41.64280
Week 2,20 May 2003,40.54803,40.89727
Week 3,27 May 2003,40.32754,41.17177
Week 4,03 Jun 2003,41.58869,41.96319

Week 1,10 Jun 2003,39.87074,41.92954
Week 2,17 Jun 2003,39.71331,42.24937
Week 3,24 Jun 2003,40.29437,42.78539
Week 4,01 Jul 2003,39.83530,42.44979

Week 1,08 Jul 2003,39.62787,42.61277
Week 2,15 Jul 2003,40.18236,42.52956
Week 3,22 Jul 2003,42.01584,42.51226
Week 4,29 Jul 2003,41.09396,41.51679

Week 1,05 Aug 2003,40.30384,40.89504
Week 2,12 Aug 2003,40.99939,41.19476
Week 3,19 Aug 2003,39.67443,40.56511
Week 4,26 Aug 2003,39.71641,40.00661

Week 1,02 Sep 2003,39.49929,39.78741
Week 2,09 Sep 2003,39.40549,40.15349
Week 3,16 Sep 2003,38.92696,39.99644
Week 4,23 Sep 2003,38.11987,38.88267

Week 1,30 Sep 2003,37.66610,38.60014
Week 2,07 Oct 2003,37.63619,38.65011
Week 3,14 Oct 2003,37.42407,38.82651
Week 4,21 Oct 2003,37.72921,38.70731

Week 1,28 Oct 2003,37.43887,38.49351
Week 2,04 Nov 2003,37.91550,38.79007
Week 3,11 Nov 2003,37.06624,38.20430
Week 4,18 Nov 2003,37.27807,38.34319

Week 1,25 Nov 2003,36.80707,37.36250
Week 2,02 Dec 2003,36.20767,36.62956
Week 3,09 Dec 2003,36.33587,36.67933
Week 4,16 Dec 2003,36.05741,36.60131

Week 1,23 Dec 2003,35.98057,36.63737
Week 2,30 Dec 2003,36.29069,36.82917
Week 3,06 Jan 2004,36.65460,37.09030
Week 4,13 Jan 2004,36.88396,37.45997

Week 1,20 Jan 2004,36.59781,36.99499
Week 2,27 Jan 2004,35.96520,36.87883
Week 3,03 Feb 2004,35.64467,36.02999
Week 4,10 Feb 2004,35.78411,36.21626

Week 1,17 Feb 2004,36.48806,36.90909
Week 2,24 Feb 2004,36.99867,37.44929
Week 3,02 Mar 2004,37.75574,38.21290
Week 4,09 Mar 2004,37.89741,38.37824

Week 1,16 Mar 2004,36.97814,37.44837
Week 2,23 Mar 2004,36.74271,37.20516
Week 3,30 Mar 2004,36.40671,36.94281
Week 4,06 Apr 2004,37.29996,37.89683

Week 1,13 Apr 2004,37.81444,38.42444
Week 2,20 Apr 2004,37.92069,38.42233
Week 3,27 Apr 2004,38.18681,38.95216
Week 4,04 May 2004,38.36114,38.85940

Week 1,11 May 2004,38.56983,39.22041
Week 2,18 May 2004,38.65271,39.68217
Week 3,25 May 2004,37.59751,38.57733
Week 4,01 Jun 2004,36.86809,37.81116

Week 1,08 Jun 2004,36.70359,37.41859
Week 2,15 Jun 2004,36.73511,37.33699
Week 3,22 Jun 2004,36.30763,37.01764
Week 4,29 Jun 2004,36.58904,36.72021

Week 1,06 Jul 2004,36.59114,37.06296
Week 2,13 Jul 2004,36.82779,37.19414
Week 3,20 Jul 2004,36.85510,37.22246
Week 4,27 Jul 2004,37.24827,37.49579

Week 1,03 Aug 2004,36.35911,36.59307
Week 2,10 Aug 2004,36.65056,36.78170
Week 3,17 Aug 2004,36.29859,36.48463
Week 4,24 Aug 2004,36.52314,36.58927

Week 1,31 Aug 2004,36.46811,36.79087
Week 2,07 Sep 2004,36.36097,36.69411
Week 3,14 Sep 2004,36.57293,36.88536
Week 4,21 Sep 2004,36.63080,36.95581

Week 1,28 Sep 2004,36.71479,37.51117
Week 2,05 Oct 2004,37.04969,37.49644
Week 3,12 Oct 2004,36.57381,37.12814
Week 4,19 Oct 2004,36.34063,36.55253

Week 1,26 Oct 2004,35.63396,35.75964
Week 2,02 Nov 2004,35.74254,35.79434
Week 3,09 Nov 2004,35.56604,35.86384
Week 4,16 Nov 2004,35.04739,35.55831

Week 1,23 Nov 2004,34.82716,35.11139
Week 2,30 Nov 2004,34.59414,34.69177
Week 3,07 Dec 2004,34.95490,35.03717
Week 4,14 Dec 2004,35.05509,35.13223

Week 1,21 Dec 2004,35.08027,35.15240
Week 2,28 Dec 2004,34.46010,34.83071
Week 3,04 Jan 2005,35.15460,35.27109
Week 4,11 Jan 2005,34.79517,34.85386

Week 1,18 Jan 2005,34.68059,35.15641
Week 2,25 Jan 2005,34.81490,35.70863
Week 3,01 Feb 2005,35.12076,36.02991
Week 4,08 Feb 2005,35.79416,36.73887

Week 1,15 Feb 2005,36.18493,36.27583
Week 2,22 Feb 2005,35.65609,36.15421
Week 3,01 Mar 2005,35.53666,35.62860
Week 4,08 Mar 2005,35.58497,35.68511

Week 1,15 Mar 2005,35.81094,35.88606
Week 2,22 Mar 2005,36.33439,36.41706
Week 3,29 Mar 2005,36.76937,36.81770
Week 4,05 Apr 2005,37.28649,37.39704

Week 1,12 Apr 2005,37.22431,37.30021
Week 2,19 Apr 2005,36.64857,36.75471
Week 3,26 Apr 2005,36.26314,36.35914
Week 4,03 May 2005,36.13864,36.21466

Week 1,10 May 2005,36.75540,36.83989
Week 2,17 May 2005,37.23874,37.35530
Week 3,24 May 2005,37.35213,37.39789
Week 4,31 May 2005,37.43529,37.48061

Week 1,07 Jun 2005,37.22130,37.27554
Week 2,14 Jun 2005,37.90851,37.95484
Week 3,21 Jun 2005,37.89121,37.93513
Week 4,28 Jun 2005,38.34777,38.39631

Week 1,05 Jul 2005,38.91051,38.95873
Week 2,12 Jul 2005,38.51089,39.57917
Week 3,19 Jul 2005,38.43460,39.49331
Week 4,26 Jul 2005,39.20709,39.25586

Week 1,02 Aug 2005,39.01397,39.06396
Week 2,09 Aug 2005,38.35576,38.40677
Week 3,16 Aug 2005,37.99557,38.09989
Week 4,23 Aug 2005,37.79800,37.89177

Week 1,30 Aug 2005,37.83014,37.90940
Week 2,06 Sep 2005,37.67579,37.75261
Week 3,13 Sep 2005,37.97839,38.06279
Week 4,20 Sep 2005,38.43077,38.50941

Week 1,27 Sep 2005,38.80926,38.92501
Week 2,04 Oct 2005,38.86200,38.92169
Week 3,11 Oct 2005,38.51686,38.57501
Week 4,18 Oct 2005,38.79941,38.85839

Week 1,25 Oct 2005,38.50553,38.55036
Week 2,01 Nov 2005,39.19093,39.28363
Week 3,08 Nov 2005,39.64073,39.69381
Week 4,15 Nov 2005,40.34494,40.39274

Week 1,22 Nov 2005,40.27881,40.47113
Week 2,29 Nov 2005,40.25670,40.30656
Week 3,06 Dec 2005,39.81373,40.89977
Week 4,13 Dec 2005,39.08841,39.61907

Week 1,20 Dec 2005,38.33957,38.48909
Week 2,27 Dec 2005,38.56069,38.60921
Week 3,03 Jan 2006,38.16453,38.21597
Week 4,10 Jan 2006,37.24473,37.79867

Week 1,17 Jan 2006,37.42791,38.41039
Week 2,24 Jan 2006,37.51791,38.48600
Week 3,31 Jan 2006,38.06716,38.98274
Week 4,07 Feb 2006,38.01557,39.00731

Week 1,14 Feb 2006,37.98309,38.99177
Week 2,21 Feb 2006,37.82226,38.81010
Week 3,28 Feb 2006,37.42667,38.40124
Week 4,07 Mar 2006,38.07944,38.59866

Week 1,14 Mar 2006,37.67201,38.63030
Week 2,21 Mar 2006,37.55707,38.76273
Week 3,28 Mar 2006,37.17120,39.24184
Week 4,04 Apr 2006,37.37296,39.11814

Week 1,11 Apr 2006,37.12277,39.97236
Week 2,18 Apr 2006,37.28994,39.33346
Week 3,25 Apr 2006,37.18886,38.05246
Week 4,02 May 2006,37.17843,37.25619

Week 1,09 May 2006,36.39883,36.52243
Week 2,16 May 2006,36.28123,36.38494
Week 3,23 May 2006,36.43133,36.53221
Week 4,30 May 2006,36.36531,36.46634

Week 1,06 Jun 2006,36.74803,36.83539
Week 2,13 Jun 2006,37.23987,37.35837
Week 3,20 Jun 2006,37.52026,37.62673
Week 4,27 Jun 2006,37.41941,37.52733

Week 1,04 Jul 2006,37.11354,37.22184
Week 2,11 Jul 2006,37.27639,37.41420
Week 3,18 Jul 2006,37.81516,37.91569
Week 4,25 Jul 2006,37.59744,37.69621

Week 1,01 Aug 2006,37.29000,37.39333
Week 2,08 Aug 2006,37.58000,37.68906
Week 3,15 Aug 2006,37.64061,37.74427
Week 4,22 Aug 2006,37.72456,37.82833

Week 1,29 Aug 2006,37.67651,37.98334
Week 2,05 Sep 2006,37.55630,37.66401
Week 3,12 Sep 2006,37.85880,37.96537
Week 4,19 Sep 2006,37.71831,37.82751

Week 1,26 Sep 2006,37.80427,37.91830
Week 2,03 Oct 2006,38.04784,38.14326
Week 3,10 Oct 2006,38.42936,38.54339
Week 4,17 Oct 2006,38.32934,38.42751

Week 1,24 Oct 2006,38.29643,38.41073
Week 2,31 Oct 2006,37.99904,38.09893
Week 3,07 Nov 2006,38.24830,38.35423
Week 4,14 Nov 2006,38.30250,38.41226

Week 1,21 Nov 2006,37.94441,38.05046
Week 2,28 Nov 2006,37.66919,37.77834
Week 3,05 Dec 2006,37.73883,37.83879
Week 4,12 Dec 2006,38.37787,38.48864

Week 1,19 Dec 2006,38.71844,38.82311
Week 2,26 Dec 2006,38.74371,38.85276
Week 3,02 Jan 2007,38.73207,38.83554
Week 4,09 Jan 2007,38.81199,38.91236

Week 1,16 Jan 2007,39.17033,39.27096
Week 2,23 Jan 2007,39.11051,39.21844
Week 3,30 Jan 2007,39.01991,39.12863
Week 4,06 Feb 2007,38.91970,39.03024

Week 1,13 Feb 2007,38.74806,38.85270
Week 2,20 Feb 2007,38.80983,38.92311
Week 3,27 Feb 2007,38.12127,38.22327
Week 4,06 Mar 2007,37.68114,37.78297

Week 1,13 Mar 2007,37.68721,37.79117
Week 2,20 Mar 2007,37.93354,38.03336
Week 3,27 Mar 2007,37.91073,38.02053
Week 4,03 Apr 2007,38.24820,38.34304

Week 1,10 Apr 2007,38.48903,38.58774
Week 2,17 Apr 2007,38.44279,38.55424
Week 3,24 Apr 2007,38.52449,38.62761
Week 4,01 May 2007,38.84361,38.94517

Week 1,08 May 2007,38.88403,39.05101
Week 2,15 May 2007,39.19530,39.31099
Week 3,22 May 2007,39.40181,39.51389
Week 4,29 May 2007,39.40664,39.69609

Week 1,05 Jun 2007,39.46290,39.56347
Week 2,12 Jun 2007,39.79320,40.10897
Week 3,19 Jun 2007,39.98400,40.43487
Week 4,26 Jun 2007,39.79926,40.03999

Week 1,03 Jul 2007,39.56883,39.80829
Week 2,10 Jul 2007,39.37443,39.50000
Week 3,17 Jul 2007,39.06106,39.41536
Week 4,24 Jul 2007,37.90737,38.29994

Week 1,31 Jul 2007,37.74017,38.08001
Week 2,07 Aug 2007,37.68280,37.77601
Week 3,14 Aug 2007,36.71809,36.81549
Week 4,21 Aug 2007,36.40990,36.59191

Week 1,28 Aug 2007,36.41043,36.70596
Week 2,04 Sep 2007,36.22779,36.49766
Week 3,11 Sep 2007,36.34460,36.56974
Week 4,18 Sep 2007,36.70830,36.92041

Week 1,25 Sep 2007,36.43647,36.72743
Week 2,02 Oct 2007,36.79944,37.01256
Week 3,09 Oct 2007,37.09441,37.28220
Week 4,16 Oct 2007,36.62781,36.71531

Week 1,23 Oct 2007,35.87929,36.16201
Week 2,30 Oct 2007,36.40844,36.62369
Week 3,06 Nov 2007,35.85250,36.16210
Week 4,13 Nov 2007,35.32617,35.40930

Week 1,20 Nov 2007,34.55887,34.83560
Week 2,27 Nov 2007,34.80831,34.94224
Week 3,04 Dec 2007,35.27883,35.48297
Week 4,11 Dec 2007,35.70947,35.79364

Week 1,18 Dec 2007,36.11407,36.22720
Week 2,25 Dec 2007,36.05006,36.33463
Week 3,01 Jan 2008,34.74053,35.13690
Week 4,08 Jan 2008,34.77673,34.97933

Week 1,15 Jan 2008,34.03550,34.14113
Week 2,22 Jan 2008,33.59073,33.96546
Week 3,29 Jan 2008,33.64673,33.88030
Week 4,05 Feb 2008,33.62367,34.00624

Week 1,12 Feb 2008,33.95226,34.19167
Week 2,19 Feb 2008,34.02423,34.26110
Week 3,26 Feb 2008,33.35034,33.65543
Week 4,04 Mar 2008,32.62081,32.72349

Week 1,11 Mar 2008,31.91500,32.19991
Week 2,18 Mar 2008,31.40117,31.61544
Week 3,25 Mar 2008,31.40126,31.62717
Week 4,01 Apr 2008,31.88884,32.19707

Week 1,08 Apr 2008,32.18003,32.27060
Week 2,15 Apr 2008,32.10466,32.45543
Week 3,22 Apr 2008,32.56739,32.79297
Week 4,29 Apr 2008,32.89394,33.11200

Week 1,06 May 2008,32.70741,32.78157
Week 2,13 May 2008,32.78771,33.15144
Week 3,20 May 2008,32.93947,33.07693
Week 4,27 May 2008,33.56013,33.66829

Week 1,03 Jun 2008,34.20886,34.32506
Week 2,10 Jun 2008,35.05401,35.14427
Week 3,17 Jun 2008,35.40821,35.66823
Week 4,24 Jun 2008,35.41621,35.49806

Week 1,01 Jul 2008,35.08721,35.19350
Week 2,08 Jul 2008,35.34277,35.52653
Week 3,15 Jul 2008,35.00256,35.09639
Week 4,22 Jul 2008,35.51144,35.59347

Week 1,29 Jul 2008,35.52749,35.60990
Week 2,05 Aug 2008,35.65444,35.99719
Week 3,12 Aug 2008,36.14964,36.32330
Week 4,19 Aug 2008,36.12216,36.38134

Week 1,26 Aug 2008,35.96891,36.23139
Week 2,02 Sep 2008,35.43223,35.69856
Week 3,09 Sep 2008,35.05513,35.14294
Week 4,16 Sep 2008,34.14110,34.49053

Week 1,23 Sep 2008,34.00747,34.18196
Week 2,30 Sep 2008,33.47494,33.72550
Week 3,07 Oct 2008,31.21959,31.49780
Week 4,14 Oct 2008,31.51606,31.62987

Week 1,21 Oct 2008,29.99640,30.32243
Week 2,28 Oct 2008,28.82509,29.03307
Week 3,04 Nov 2008,29.45073,29.75473
Week 4,11 Nov 2008,29.28589,29.45489

Week 1,18 Nov 2008,28.75164,28.92313
Week 2,25 Nov 2008,28.40501,28.62100
Week 3,02 Dec 2008,27.14630,27.28127
Week 4,09 Dec 2008,26.69071,26.98759

Week 1,16 Dec 2008,26.11593,26.35646
Week 2,23 Dec 2008,26.31303,26.63229
Week 3,30 Dec 2008,26.13690,26.34481
Week 4,06 Jan 2009,26.38681,26.64477

Week 1,13 Jan 2009,26.02794,26.13913
Week 2,20 Jan 2009,25.82841,25.89971
Week 3,27 Jan 2009,25.59729,25.84641
Week 4,03 Feb 2009,25.92774,25.99221

Week 1,10 Feb 2009,26.03840,26.18860
Week 2,17 Feb 2009,26.45619,26.80917
Week 3,24 Feb 2009,27.08319,27.38804
Week 4,03 Mar 2009,27.09289,27.17286

Week 1,10 Mar 2009,26.82509,27.11306
Week 2,17 Mar 2009,26.48616,26.59677
Week 3,24 Mar 2009,26.42633,26.48571
Week 4,31 Mar 2009,26.74464,26.80490

Week 1,07 Apr 2009,27.28131,27.34353
Week 2,14 Apr 2009,26.78184,26.86367
Week 3,21 Apr 2009,26.41963,26.55409
Week 4,28 Apr 2009,26.34214,26.41223

Week 1,05 May 2009,26.57066,26.63091
Week 2,12 May 2009,25.69316,25.86673
Week 3,19 May 2009,25.48313,25.55250
Week 4,26 May 2009,25.47846,25.53444

Week 1,02 Jun 2009,25.79231,25.98543
Week 2,09 Jun 2009,26.05757,26.12101
Week 3,16 Jun 2009,25.56960,25.66704
Week 4,23 Jun 2009,25.18806,25.25937

Week 1,30 Jun 2009,25.26966,25.33204
Week 2,07 Jul 2009,24.57834,24.63080
Week 3,14 Jul 2009,24.49881,24.72034
Week 4,21 Jul 2009,24.66661,24.90446

Week 1,28 Jul 2009,24.80396,24.86559
Week 2,04 Aug 2009,24.89389,25.11099
Week 3,11 Aug 2009,24.93930,24.99981
Week 4,18 Aug 2009,24.45527,24.62274

Week 1,25 Aug 2009,24.27916,24.51147
Week 2,01 Sep 2009,24.09651,24.15633
Week 3,08 Sep 2009,23.79764,23.84649
Week 4,15 Sep 2009,23.63807,23.85349

Week 1,22 Sep 2009,23.53250,23.75844
Week 2,29 Sep 2009,23.28826,23.42467
Week 3,06 Oct 2009,23.23309,23.30039
Week 4,13 Oct 2009,23.50064,23.71421

Week 1,20 Oct 2009,23.86723,23.92160
Week 2,27 Oct 2009,23.71889,23.93486
Week 3,03 Nov 2009,23.62131,23.67906
Week 4,10 Nov 2009,23.54617,23.59344

Week 1,17 Nov 2009,23.28717,23.49150
Week 2,24 Nov 2009,22.92343,23.12553
Week 3,01 Dec 2009,23.14989,23.21939
Week 4,08 Dec 2009,23.19860,23.41104

Week 1,15 Dec 2009,23.54821,23.60550
Week 2,22 Dec 2009,23.84551,24.23926
Week 3,29 Dec 2009,24.06014,24.46399
Week 4,05 Jan 2010,24.34884,24.43214

Week 1,12 Jan 2010,23.94893,24.16501
Week 2,19 Jan 2010,23.78264,23.83939
Week 3,26 Jan 2010,23.54344,23.62514
Week 4,02 Feb 2010,23.44040,23.48990

Week 1,09 Feb 2010,23.30251,23.35176
Week 2,16 Feb 2010,23.51820,23.71350
Week 3,23 Feb 2010,23.17809,23.38873
Week 4,02 Mar 2010,23.08713,23.34489

Week 1,09 Mar 2010,23.40203,23.46434
Week 2,16 Mar 2010,23.39550,23.45849
Week 3,23 Mar 2010,23.68033,23.77236
Week 4,30 Mar 2010,24.00076,24.34096

Week 1,06 Apr 2010,24.07781,24.23106
Week 2,13 Apr 2010,23.84944,24.03889
Week 3,20 Apr 2010,24.09043,24.15116
Week 4,27 Apr 2010,24.17451,24.27353

Week 1,04 May 2010,23.75614,23.99176
Week 2,11 May 2010,23.71570,23.85454
Week 3,18 May 2010,23.28391,23.36650
Week 4,25 May 2010,23.05913,23.19694

Week 1,01 Jun 2010,23.21430,23.45817
Week 2,08 Jun 2010,23.31579,23.38264
Week 3,15 Jun 2010,23.13406,23.29534
Week 4,22 Jun 2010,22.90156,22.95659

Week 1,29 Jun 2010,22.37699,22.55183
Week 2,06 Jul 2010,22.38044,22.43334
Week 3,13 Jul 2010,22.15730,22.39337
Week 4,20 Jul 2010,22.07450,22.21001

Week 1,27 Jul 2010,22.07040,22.12127
Week 2,03 Aug 2010,21.80519,21.85513
Week 3,10 Aug 2010,21.79010,21.84044
Week 4,17 Aug 2010,21.63669,21.84364

Week 1,24 Aug 2010,21.43604,21.66457
Week 2,31 Aug 2010,21.29269,21.50479
Week 3,07 Sep 2010,21.23127,21.29760
Week 4,14 Sep 2010,21.45120,21.62590

Week 1,21 Sep 2010,21.42126,21.46991
Week 2,28 Sep 2010,21.08126,21.12817
Week 3,05 Oct 2010,20.79221,20.96863
Week 4,12 Oct 2010,20.57720,20.70070

Week 1,19 Oct 2010,20.53091,20.58521
Week 2,26 Oct 2010,20.44523,20.49010
Week 3,02 Nov 2010,20.43226,20.47514
Week 4,09 Nov 2010,20.66777,20.71149

Week 1,16 Nov 2010,20.96794,21.01261
Week 2,23 Nov 2010,21.03079,21.07607
Week 3,30 Nov 2010,20.96777,21.01353
Week 4,07 Dec 2010,20.99519,21.04100

Week 1,14 Dec 2010,21.09077,21.15373
Week 2,21 Dec 2010,20.82863,21.10834
Week 3,28 Dec 2010,20.47876,20.71307
Week 4,04 Jan 2011,20.76731,20.81280

Week 1,11 Jan 2011,20.81976,20.96154
Week 2,18 Jan 2011,20.66304,20.92323
Week 3,25 Jan 2011,20.60899,20.68473
Week 4,01 Feb 2011,20.36557,20.46593

Week 1,08 Feb 2011,20.60456,20.66171
Week 2,15 Feb 2011,20.71717,20.76059
Week 3,22 Feb 2011,20.41831,20.46089
Week 4,01 Mar 2011,20.35837,20.39729

Week 1,08 Mar 2011,20.43097,20.47310
Week 2,15 Mar 2011,19.99483,20.03703
Week 3,22 Mar 2011,20.02953,20.10314
Week 4,29 Mar 2011,20.47887,20.55036

Week 1,05 Apr 2011,20.92654,20.98211
Week 2,12 Apr 2011,20.58856,20.62939
Week 3,19 Apr 2011,20.15513,20.19551
Week 4,26 Apr 2011,20.00089,20.04044

Week 1,03 May 2011,19.70399,19.74310
Week 2,10 May 2011,19.73916,19.78560
Week 3,17 May 2011,19.91047,19.98637
Week 4,24 May 2011,19.91706,19.95713

Week 1,31 May 2011,19.75924,19.79870
Week 2,07 Jun 2011,19.49324,19.64614
Week 3,14 Jun 2011,19.59160,19.65831
Week 4,21 Jun 2011,19.57569,19.61191

Week 1,28 Jun 2011,19.67834,19.71539
Week 2,05 Jul 2011,19.68664,19.72596
Week 3,12 Jul 2011,19.29613,19.33696
Week 4,19 Jul 2011,19.05787,19.09610

Week 1,26 Jul 2011,18.74609,18.78400
Week 2,02 Aug 2011,18.77727,18.87993
Week 3,09 Aug 2011,18.51251,18.55827
Week 4,16 Aug 2011,18.35110,18.44143

Week 1,23 Aug 2011,18.35329,18.38971
Week 2,30 Aug 2011,18.28259,18.31873
Week 3,06 Sep 2011,18.36924,18.40667
Week 4,13 Sep 2011,18.27649,18.31399

Week 1,20 Sep 2011,18.18446,18.22250
Week 2,27 Sep 2011,18.18119,18.21900
Week 3,04 Oct 2011,18.16359,18.24336
Week 4,11 Oct 2011,18.21370,18.37270

Week 1,18 Oct 2011,18.12149,18.18396
Week 2,25 Oct 2011,17.92259,17.95841
Week 3,01 Nov 2011,18.38233,18.41947
Week 4,08 Nov 2011,18.19154,18.22816

Week 1,15 Nov 2011,17.97504,18.09676
Week 2,22 Nov 2011,18.10597,18.16846
Week 3,29 Nov 2011,18.13094,18.24749
Week 4,06 Dec 2011,18.14106,18.17787

Week 1,13 Dec 2011,18.14267,18.21380
Week 2,20 Dec 2011,18.16531,18.20320
Week 3,27 Dec 2011,18.01240,18.05049
Week 4,03 Jan 2012,17.82750,17.86553

Week 1,10 Jan 2012,17.80696,17.84443
Week 2,17 Jan 2012,17.79810,17.83507
Week 3,24 Jan 2012,17.80140,17.84010
Week 4,31 Jan 2012,17.61706,17.65309

Week 1,07 Feb 2012,17.76880,17.80743
Week 2,14 Feb 2012,18.08706,18.12461
Week 3,21 Feb 2012,18.44474,18.48153
Week 4,28 Feb 2012,18.62117,18.70523

Week 1,06 Mar 2012,18.81833,18.85620
Week 2,13 Mar 2012,19.10437,19.14291
Week 3,20 Mar 2012,18.96274,19.09941
Week 4,27 Mar 2012,18.88896,18.95330

Week 1,03 Apr 2012,18.73709,18.77497
Week 2,10 Apr 2012,18.39320,18.51333
Week 3,17 Apr 2012,18.43229,18.49711
Week 4,24 Apr 2012,18.31006,18.34959

Week 1,01 May 2012,18.02761,18.16896
Week 2,08 May 2012,17.96051,18.02371
Week 3,15 May 2012,17.88773,17.92674
Week 4,22 May 2012,17.73506,17.88401

Week 1,29 May 2012,17.54686,17.76633
Week 2,05 Jun 2012,17.59090,17.76306
Week 3,12 Jun 2012,17.58120,17.74777
Week 4,19 Jun 2012,17.68417,17.78783

Week 1,26 Jun 2012,17.61669,17.69400
Week 2,03 Jul 2012,17.49501,17.66214
Week 3,10 Jul 2012,17.42489,17.59157
Week 4,17 Jul 2012,17.25280,17.32504

Week 1,24 Jul 2012,17.09609,17.16504
Week 2,31 Jul 2012,17.06043,17.16186
Week 3,07 Aug 2012,17.04439,17.07487
Week 4,14 Aug 2012,17.13310,17.16331

Week 1,21 Aug 2012,17.04676,17.16614
Week 2,28 Aug 2012,16.93621,16.99764
Week 3,04 Sep 2012,16.84001,16.91014
Week 4,11 Sep 2012,16.68947,16.82079

Week 1,18 Sep 2012,16.72047,16.79429
Week 2,25 Sep 2012,16.55887,16.62209
Week 3,02 Oct 2012,16.64506,16.70666
Week 4,09 Oct 2012,16.59483,16.67064

Week 1,16 Oct 2012,16.68254,16.76426
Week 2,23 Oct 2012,16.78797,16.85216
Week 3,30 Oct 2012,16.75263,16.84119
Week 4,06 Nov 2012,16.65831,16.79236

Week 1,13 Nov 2012,16.77699,16.83329
Week 2,20 Nov 2012,17.00529,17.15207
Week 3,27 Nov 2012,16.97069,17.10380
Week 4,04 Dec 2012,16.93714,17.01326

Week 1,11 Dec 2012,17.02403,17.15131
Week 2,18 Dec 2012,17.17577,17.22591
Week 3,25 Dec 2012,17.37481,17.45926
Week 4,01 Jan 2013,17.71490,17.77744

Week 1,08 Jan 2013,17.87797,17.94246
Week 2,15 Jan 2013,18.01183,18.10913
Week 3,22 Jan 2013,18.08536,18.16037
Week 4,29 Jan 2013,18.36989,18.46100

Week 1,05 Feb 2013,18.59294,18.67246
Week 2,12 Feb 2013,18.62443,18.70561
Week 3,19 Feb 2013,18.56407,18.69283
Week 4,26 Feb 2013,18.36823,18.48207

Week 1,05 Mar 2013,18.61134,18.72513
Week 2,12 Mar 2013,18.83096,18.89446
Week 3,19 Mar 2013,18.57237,18.64126
Week 4,26 Mar 2013,18.37289,18.48611

Week 1,02 Apr 2013,18.47763,18.68459
Week 2,09 Apr 2013,19.20086,19.35869
Week 3,16 Apr 2013,19.03537,19.16194
Week 4,23 Apr 2013,19.10306,19.15106

Week 1,30 Apr 2013,18.85820,18.97647
Week 2,07 May 2013,19.13549,19.26171
Week 3,14 May 2013,19.55107,19.59531
Week 4,21 May 2013,19.35830,19.47521

Week 1,28 May 2013,19.09600,19.21476
Week 2,04 Jun 2013,18.54114,18.69967
Week 3,11 Jun 2013,17.96287,18.05319
Week 4,18 Jun 2013,18.00167,18.10320

Week 1,25 Jun 2013,18.22947,18.36676
Week 2,02 Jul 2013,18.56189,18.62363
Week 3,09 Jul 2013,18.40700,18.51539
Week 4,16 Jul 2013,18.32821,18.47546

Week 1,23 Jul 2013,18.08439,18.21999
Week 2,30 Jul 2013,17.88301,17.95290
Week 3,06 Aug 2013,17.46299,17.59267
Week 4,13 Aug 2013,17.44391,17.59094

Week 1,20 Aug 2013,17.46273,17.59246
Week 2,27 Aug 2013,17.30849,17.39399
Week 3,03 Sep 2013,17.42053,17.55284
Week 4,10 Sep 2013,17.39900,17.48083

Week 1,17 Sep 2013,17.23214,17.27503
Week 2,24 Sep 2013,17.03117,17.12531
Week 3,01 Oct 2013,16.78531,16.84914
Week 4,08 Oct 2013,16.75713,16.82289

Week 1,15 Oct 2013,16.75660,16.82921
Week 2,22 Oct 2013,16.59887,16.70509
Week 3,29 Oct 2013,16.60066,16.67207
Week 4,05 Nov 2013,16.54704,16.61649

Week 1,12 Nov 2013,16.64927,16.73334
Week 2,19 Nov 2013,16.63137,16.65461
Week 3,26 Nov 2013,16.66479,16.72916
Week 4,03 Dec 2013,16.52300,16.59099

Week 1,10 Dec 2013,16.40600,16.48989
Week 2,17 Dec 2013,16.25420,16.28884
Week 3,24 Dec 2013,16.14899,16.24714
Week 4,31 Dec 2013,16.03797,16.09796

Week 1,07 Jan 2014,15.78723,15.84971
Week 2,14 Jan 2014,15.42574,15.48224
Week 3,21 Jan 2014,14.18029,14.25529
Week 4,28 Jan 2014,12.76741,12.81017

Week 1,04 Feb 2014,12.82477,12.89477
Week 2,11 Feb 2014,13.02611,13.10153
Week 3,18 Feb 2014,13.09221,13.14453
Week 4,25 Feb 2014,12.93994,13.00599

Week 1,04 Mar 2014,12.99543,13.03301
Week 2,11 Mar 2014,12.96747,13.01474
Week 3,18 Mar 2014,12.81334,12.88504
Week 4,25 Mar 2014,12.78529,12.85237

Week 1,01 Apr 2014,12.89893,12.97101
Week 2,08 Apr 2014,12.71524,12.78393
Week 3,15 Apr 2014,12.73086,12.78946
Week 4,22 Apr 2014,12.77347,12.80686

Week 1,29 Apr 2014,12.77950,12.80631
Week 2,06 May 2014,12.71536,12.73649
Week 3,13 May 2014,12.64729,12.68847
Week 4,20 May 2014,12.59523,12.62003

Week 1,27 May 2014,12.59666,12.62796
Week 2,03 Jun 2014,12.62137,12.63456
Week 3,10 Jun 2014,12.55234,12.57401
Week 4,17 Jun 2014,12.53569,12.55666

Week 1,24 Jun 2014,12.49373,12.51763
Week 2,01 Jul 2014,12.50553,12.52241
Week 3,08 Jul 2014,12.45494,12.47844
Week 4,15 Jul 2014,12.42916,12.47531

Week 1,22 Jul 2014,12.43326,12.45719
Week 2,29 Jul 2014,12.47600,12.49576
Week 3,05 Aug 2014,12.36921,12.38279
Week 4,12 Aug 2014,12.36329,12.38437

Week 1,19 Aug 2014,12.39624,12.41540
Week 2,26 Aug 2014,12.33113,12.39343
Week 3,02 Sep 2014,12.44844,12.51546
Week 4,09 Sep 2014,12.66951,12.74314

Week 1,16 Sep 2014,12.83179,12.90779
Week 2,23 Sep 2014,12.88611,12.96191
Week 3,30 Sep 2014,12.88097,12.95626
Week 4,07 Oct 2014,12.73504,12.80014

Week 1,14 Oct 2014,12.59190,12.61057
Week 2,21 Oct 2014,12.64990,12.71506
Week 3,28 Oct 2014,12.86537,12.94424
Week 4,04 Nov 2014,13.40967,13.48960

Week 1,11 Nov 2014,13.58203,13.66384
Week 2,18 Nov 2014,13.78207,13.80477
Week 3,25 Nov 2014,13.82250,13.89813
Week 4,02 Dec 2014,14.03777,14.06700

Week 1,09 Dec 2014,13.94280,13.96021
Week 2,16 Dec 2014,13.84900,13.87246
Week 3,23 Dec 2014,14.06056,14.07790
Week 4,30 Dec 2014,14.07011,14.11516

Week 1,06 Jan 2015,13.89061,13.90633
Week 2,13 Jan 2015,13.66889,13.68771
Week 3,20 Jan 2015,13.66707,13.69157
Week 4,27 Jan 2015,13.64210,13.66094

Week 1,03 Feb 2015,13.62927,13.64504
Week 2,10 Feb 2015,13.72313,13.74227
Week 3,17 Feb 2015,13.67220,13.68967
Week 4,24 Feb 2015,13.66930,13.69627

Week 1,03 Mar 2015,13.73723,13.75401
Week 2,10 Mar 2015,13.81563,13.83376
Week 3,17 Mar 2015,13.72721,13.74596
Week 4,24 Mar 2015,13.56077,13.57656

Week 1,31 Mar 2015,13.56520,13.60930
Week 2,07 Apr 2015,13.58391,13.62286
Week 3,14 Apr 2015,13.44733,13.46686
Week 4,21 Apr 2015,13.42183,13.43794

Week 1,28 Apr 2015,13.38669,13.42390
Week 2,05 May 2015,13.41693,13.43541
Week 3,12 May 2015,13.34924,13.37460
Week 4,19 May 2015,13.46821,13.48640

Week 1,26 May 2015,13.70714,13.72413
Week 2,02 Jun 2015,13.82779,13.84753
Week 3,09 Jun 2015,13.68613,13.70489
Week 4,16 Jun 2015,13.57149,13.58974

Week 1,23 Jun 2015,13.60874,13.62606
Week 2,30 Jun 2015,13.47847,13.49676
Week 3,07 Jul 2015,13.38367,13.40943
Week 4,14 Jul 2015,13.53797,13.56413

Week 1,21 Jul 2015,13.50840,13.52591
Week 2,28 Jul 2015,13.46459,13.48203
Week 3,04 Aug 2015,13.48370,13.50654
Week 4,11 Aug 2015,13.47227,13.48913

Week 1,18 Aug 2015,13.31937,13.33701
Week 2,25 Aug 2015,12.98326,13.00079
Week 3,01 Sep 2015,12.86660,12.88126
Week 4,08 Sep 2015,12.87146,12.88531

Week 1,15 Sep 2015,12.81114,12.82781
Week 2,22 Sep 2015,12.78990,12.80551
Week 3,29 Sep 2015,12.71493,12.73051
Week 4,06 Oct 2015,12.73321,12.75007

Week 1,13 Oct 2015,12.61093,12.62583
Week 2,20 Oct 2015,12.66456,12.67886
Week 3,27 Oct 2015,12.67716,12.69071
Week 4,03 Nov 2015,12.80137,12.82139

Week 1,10 Nov 2015,12.80111,12.82093
Week 2,17 Nov 2015,12.71507,12.78373
Week 3,24 Nov 2015,12.65374,12.73337
Week 4,01 Dec 2015,12.65883,12.73006

Week 1,08 Dec 2015,12.51034,12.57984
Week 2,15 Dec 2015,11.04243,11.06329
Week 3,22 Dec 2015,9.26823,9.30549
Week 4,29 Dec 2015,9.23840,9.28664

Week 1,05 Jan 2016,8.66068,8.69870
Week 2,12 Jan 2016,8.71165,8.75086
Week 3,19 Jan 2016,8.71672,8.76355
Week 4,26 Jan 2016,8.61860,8.65226

Week 1,02 Feb 2016,8.34450,8.35694
Week 2,09 Feb 2016,7.86842,7.89585
Week 3,16 Feb 2016,7.59628,7.61671
Week 4,23 Feb 2016,7.33289,7.35890

Week 1,01 Mar 2016,7.33101,7.36006
Week 2,08 Mar 2016,7.39245,7.42079
Week 3,15 Mar 2016,7.61149,7.62410
Week 4,22 Mar 2016,7.74753,7.76651

Week 1,29 Mar 2016,7.66024,7.67572
Week 2,05 Apr 2016,7.49418,7.50351
Week 3,12 Apr 2016,7.59622,7.60583
Week 4,19 Apr 2016,7.72462,7.73068

Week 1,26 Apr 2016,7.61808,7.63596
Week 2,03 May 2016,7.50687,7.51671
Week 3,10 May 2016,7.64762,7.65737
Week 4,17 May 2016,7.76400,7.77452

Week 1,24 May 2016,7.85198,7.86194
Week 2,31 May 2016,7.81098,7.81804
Week 3,07 Jun 2016,7.73638,7.74230
Week 4,14 Jun 2016,7.58622,7.61401

Week 1,21 Jun 2016,7.22070,7.23355
Week 2,28 Jun 2016,6.81075,6.84070
Week 3,05 Jul 2016,6.81482,6.84260
Week 4,12 Jul 2016,7.07553,7.09123

Week 1,19 Jul 2016,7.05767,7.07532
Week 2,26 Jul 2016,6.94336,6.95882
Week 3,02 Aug 2016,6.81500,6.83903
Week 4,09 Aug 2016,6.90389,6.92924

Week 1,16 Aug 2016,6.77447,6.79690
Week 2,23 Aug 2016,6.76168,6.78591
Week 3,30 Aug 2016,6.88018,6.90586
Week 4,06 Sep 2016,6.80509,6.83059

Week 1,13 Sep 2016,6.78355,6.80800
Week 2,20 Sep 2016,6.67074,6.69517
Week 3,27 Sep 2016,6.59941,6.62329
Week 4,04 Oct 2016,6.75990,6.78424

Week 1,11 Oct 2016,6.83871,6.86304
Week 2,18 Oct 2016,6.82516,6.84968
Week 3,25 Oct 2016,6.88886,6.91401
Week 4,01 Nov 2016,6.85527,6.87869

Week 1,08 Nov 2016,6.98559,6.99668
Week 2,15 Nov 2016,7.06207,7.07426
Week 3,22 Nov 2016,7.23683,7.25218
Week 4,29 Nov 2016,7.18094,7.18811

Week 1,06 Dec 2016,7.16050,7.16901
Week 2,13 Dec 2016,7.29742,7.32405
Week 3,20 Dec 2016,7.47413,7.48145
Week 4,27 Dec 2016,7.40797,7.43837

Week 1,03 Jan 2017,7.34761,7.35694
Week 2,10 Jan 2017,7.26425,7.29003
Week 3,17 Jan 2017,7.18333,7.20926
Week 4,24 Jan 2017,7.16136,7.18163

Week 1,31 Jan 2017,7.16809,7.18989
Week 2,07 Feb 2017,7.20213,7.21604
Week 3,14 Feb 2017,7.31593,7.33849
Week 4,21 Feb 2017,7.23014,7.25491

Week 1,28 Feb 2017,7.35078,7.36490
Week 2,07 Mar 2017,7.37680,7.38401
Week 3,14 Mar 2017,7.31138,7.33151
Week 4,21 Mar 2017,7.13907,7.16418

Week 1,28 Mar 2017,7.18296,7.18971
Week 2,04 Apr 2017,7.19033,7.21127
Week 3,11 Apr 2017,7.19485,7.20278
Week 4,18 Apr 2017,7.09323,7.10504

Week 1,25 Apr 2017,7.19851,7.20994
Week 2,02 May 2017,7.32014,7.32968
Week 3,09 May 2017,7.34218,7.36938
Week 4,16 May 2017,7.10439,7.12389

Week 1,23 May 2017,6.93469,6.94238
Week 2,30 May 2017,6.90454,6.91466
Week 3,06 Jun 2017,6.88223,6.90566
Week 4,13 Jun 2017,6.91644,6.92318

Week 1,20 Jun 2017,6.88616,6.90681
Week 2,27 Jun 2017,6.82365,6.84656
Week 3,04 Jul 2017,6.67210,6.69087
Week 4,11 Jul 2017,6.67795,6.69779

Week 1,18 Jul 2017,6.50496,6.51012
Week 2,25 Jul 2017,6.31302,6.31946
Week 3,01 Aug 2017,6.26183,6.26649
Week 4,08 Aug 2017,6.20047,6.21776

Week 1,15 Aug 2017,6.34498,6.36324
Week 2,22 Aug 2017,6.34915,6.36823
Week 3,29 Aug 2017,6.32283,6.34060
Week 4,05 Sep 2017,6.30272,6.30687

Week 1,12 Sep 2017,6.45619,6.47470
Week 2,19 Sep 2017,6.49748,6.51598
Week 3,26 Sep 2017,6.40325,6.42359
Week 4,03 Oct 2017,6.47965,6.49835

Week 1,10 Oct 2017,6.43120,6.45167
Week 2,17 Oct 2017,6.47457,6.49286
Week 3,24 Oct 2017,6.48796,6.49263
Week 4,31 Oct 2017,6.45809,6.46422

Week 1,07 Nov 2017,6.47051,6.49028
Week 2,14 Nov 2017,6.44064,6.45901
Week 3,21 Nov 2017,6.41260,6.41811
Week 4,28 Nov 2017,6.44506,6.46352

Week 1,05 Dec 2017,6.50524,6.51017


