ARG->TRY

Week 1,01 Dec 1998,0.30349,0.30410
Week 2,08 Dec 1998,0.30503,0.30556
Week 3,15 Dec 1998,0.30822,0.30865
Week 4,22 Dec 1998,0.31290,0.31335

Week 1,29 Dec 1998,0.31494,0.31550
Week 2,05 Jan 1999,0.31874,0.31923
Week 3,12 Jan 1999,0.32252,0.32304
Week 4,19 Jan 1999,0.32748,0.32820

Week 1,26 Jan 1999,0.33078,0.33132
Week 2,02 Feb 1999,0.33660,0.33711
Week 3,09 Feb 1999,0.34070,0.34114
Week 4,16 Feb 1999,0.34653,0.34700

Week 1,23 Feb 1999,0.35264,0.35311
Week 2,02 Mar 1999,0.35819,0.35866
Week 3,09 Mar 1999,0.36062,0.36104
Week 4,16 Mar 1999,0.36416,0.36464

Week 1,23 Mar 1999,0.36955,0.37024
Week 2,30 Mar 1999,0.37376,0.37440
Week 3,06 Apr 1999,0.37649,0.37699
Week 4,13 Apr 1999,0.38117,0.38162

Week 1,20 Apr 1999,0.38609,0.38663
Week 2,27 Apr 1999,0.38994,0.39048
Week 3,04 May 1999,0.39064,0.39110
Week 4,11 May 1999,0.39489,0.39541

Week 1,18 May 1999,0.39899,0.39961
Week 2,25 May 1999,0.40402,0.40454
Week 3,01 Jun 1999,0.40638,0.40691
Week 4,08 Jun 1999,0.40891,0.40948

Week 1,15 Jun 1999,0.41531,0.41591
Week 2,22 Jun 1999,0.41734,0.41786
Week 3,29 Jun 1999,0.42149,0.42211
Week 4,06 Jul 1999,0.42784,0.42844

Week 1,13 Jul 1999,0.43104,0.43161
Week 2,20 Jul 1999,0.42846,0.42907
Week 3,27 Jul 1999,0.42845,0.42902
Week 4,03 Aug 1999,0.43022,0.43078

Week 1,10 Aug 1999,0.43464,0.43521
Week 2,17 Aug 1999,0.43947,0.44008
Week 3,24 Aug 1999,0.44545,0.44608
Week 4,31 Aug 1999,0.44641,0.44705

Week 1,07 Sep 1999,0.45169,0.45227
Week 2,14 Sep 1999,0.45835,0.45894
Week 3,21 Sep 1999,0.46104,0.46166
Week 4,28 Sep 1999,0.46093,0.46153

Week 1,05 Oct 1999,0.46401,0.46463
Week 2,12 Oct 1999,0.46639,0.46712
Week 3,19 Oct 1999,0.47271,0.47335
Week 4,26 Oct 1999,0.48019,0.48077

Week 1,02 Nov 1999,0.48543,0.48605
Week 2,09 Nov 1999,0.49581,0.49646
Week 3,16 Nov 1999,0.50190,0.50254
Week 4,23 Nov 1999,0.51115,0.51180

Week 1,30 Nov 1999,0.51463,0.51531
Week 2,07 Dec 1999,0.52222,0.52288
Week 3,14 Dec 1999,0.53064,0.53123
Week 4,21 Dec 1999,0.53617,0.53676

Week 1,28 Dec 1999,0.54201,0.54273
Week 2,04 Jan 2000,0.53832,0.53896
Week 3,11 Jan 2000,0.54233,0.54295
Week 4,18 Jan 2000,0.54757,0.54822

Week 1,25 Jan 2000,0.55472,0.55543
Week 2,01 Feb 2000,0.56020,0.56087
Week 3,08 Feb 2000,0.56273,0.56344
Week 4,15 Feb 2000,0.56465,0.56531

Week 1,22 Feb 2000,0.56651,0.56716
Week 2,29 Feb 2000,0.57513,0.57577
Week 3,07 Mar 2000,0.57837,0.57903
Week 4,14 Mar 2000,0.57879,0.57945

Week 1,21 Mar 2000,0.58177,0.58243
Week 2,28 Mar 2000,0.58747,0.58812
Week 3,04 Apr 2000,0.58977,0.59041
Week 4,11 Apr 2000,0.59096,0.59151

Week 1,18 Apr 2000,0.59212,0.59243
Week 2,25 Apr 2000,0.60782,0.60852
Week 3,02 May 2000,0.61563,0.61633
Week 4,09 May 2000,0.61591,0.61660

Week 1,16 May 2000,0.62093,0.62164
Week 2,23 May 2000,0.61857,0.61928
Week 3,30 May 2000,0.61439,0.61508
Week 4,06 Jun 2000,0.61202,0.61271

Week 1,13 Jun 2000,0.61267,0.61353
Week 2,20 Jun 2000,0.61970,0.62041
Week 3,27 Jun 2000,0.62091,0.62171
Week 4,04 Jul 2000,0.62221,0.62300

Week 1,11 Jul 2000,0.62590,0.62672
Week 2,18 Jul 2000,0.63078,0.63154
Week 3,25 Jul 2000,0.63271,0.63364
Week 4,01 Aug 2000,0.63992,0.64069

Week 1,08 Aug 2000,0.64446,0.64529
Week 2,15 Aug 2000,0.64455,0.64538
Week 3,22 Aug 2000,0.64901,0.64993
Week 4,29 Aug 2000,0.65259,0.65333

Week 1,05 Sep 2000,0.66033,0.66115
Week 2,12 Sep 2000,0.66669,0.66758
Week 3,19 Sep 2000,0.66778,0.66867
Week 4,26 Sep 2000,0.66463,0.66547

Week 1,03 Oct 2000,0.66910,0.67001
Week 2,10 Oct 2000,0.67361,0.67447
Week 3,17 Oct 2000,0.68079,0.68155
Week 4,24 Oct 2000,0.68547,0.68613

Week 1,31 Oct 2000,0.67966,0.68032
Week 2,07 Nov 2000,0.68096,0.68165
Week 3,14 Nov 2000,0.68426,0.68505
Week 4,21 Nov 2000,0.69040,0.69130

Week 1,28 Nov 2000,0.68410,0.68482
Week 2,05 Dec 2000,0.67857,0.67950
Week 3,12 Dec 2000,0.68030,0.68109
Week 4,19 Dec 2000,0.67470,0.67559

Week 1,26 Dec 2000,0.67093,0.67196
Week 2,02 Jan 2001,0.66570,0.66652
Week 3,09 Jan 2001,0.66705,0.66798
Week 4,16 Jan 2001,0.67164,0.67262

Week 1,23 Jan 2001,0.67614,0.67714
Week 2,30 Jan 2001,0.67591,0.67679
Week 3,06 Feb 2001,0.67907,0.68001
Week 4,13 Feb 2001,0.68470,0.68562

Week 1,20 Feb 2001,0.68683,0.68759
Week 2,27 Feb 2001,0.89126,0.92568
Week 3,06 Mar 2001,0.87023,0.95313
Week 4,13 Mar 2001,0.96007,1.01243

Week 1,20 Mar 2001,0.97175,0.99542
Week 2,27 Mar 2001,0.99850,1.05007
Week 3,03 Apr 2001,1.18786,1.20840
Week 4,10 Apr 2001,1.19701,1.23423

Week 1,17 Apr 2001,1.21547,1.23990
Week 2,24 Apr 2001,1.17055,1.19562
Week 3,01 May 2001,1.12918,1.16640
Week 4,08 May 2001,1.13946,1.16211

Week 1,15 May 2001,1.11467,1.13229
Week 2,22 May 2001,1.10754,1.12483
Week 3,29 May 2001,1.13246,1.16195
Week 4,05 Jun 2001,1.15012,1.17160

Week 1,12 Jun 2001,1.19232,1.21122
Week 2,19 Jun 2001,1.25402,1.28351
Week 3,26 Jun 2001,1.25630,1.27993
Week 4,03 Jul 2001,1.28538,1.33270

Week 1,10 Jul 2001,1.32112,1.36726
Week 2,17 Jul 2001,1.32891,1.35696
Week 3,24 Jul 2001,1.30972,1.33782
Week 4,31 Jul 2001,1.32277,1.35581

Week 1,07 Aug 2001,1.36982,1.39023
Week 2,14 Aug 2001,1.39726,1.42935
Week 3,21 Aug 2001,1.44845,1.46156
Week 4,28 Aug 2001,1.37228,1.39334

Week 1,04 Sep 2001,1.39914,1.41873
Week 2,11 Sep 2001,1.46277,1.47095
Week 3,18 Sep 2001,1.50334,1.54227
Week 4,25 Sep 2001,1.51747,1.57292

Week 1,02 Oct 2001,1.56148,1.61686
Week 2,09 Oct 2001,1.57670,1.63241
Week 3,16 Oct 2001,1.61042,1.66653
Week 4,23 Oct 2001,1.58584,1.64187

Week 1,30 Oct 2001,1.55789,1.61325
Week 2,06 Nov 2001,1.52833,1.58720
Week 3,13 Nov 2001,1.50594,1.56291
Week 4,20 Nov 2001,1.46235,1.51208

Week 1,27 Nov 2001,1.45487,1.51169
Week 2,04 Dec 2001,1.43504,1.49239
Week 3,11 Dec 2001,1.41238,1.46811
Week 4,18 Dec 2001,1.44378,1.49972

Week 1,25 Dec 2001,1.43892,1.49789
Week 2,01 Jan 2002,1.40919,1.46840
Week 3,08 Jan 2002,0.97210,1.01256
Week 4,15 Jan 2002,0.95081,0.99327

Week 1,22 Jan 2002,0.72970,0.78042
Week 2,29 Jan 2002,0.70068,0.73474
Week 3,05 Feb 2002,0.65283,0.68308
Week 4,12 Feb 2002,0.65666,0.68661

Week 1,19 Feb 2002,0.63786,0.66746
Week 2,26 Feb 2002,0.63410,0.66322
Week 3,05 Mar 2002,0.62134,0.64928
Week 4,12 Mar 2002,0.56477,0.60030

Week 1,19 Mar 2002,0.53934,0.57478
Week 2,26 Mar 2002,0.43390,0.45940
Week 3,02 Apr 2002,0.45528,0.48118
Week 4,09 Apr 2002,0.45478,0.47901

Week 1,16 Apr 2002,0.44569,0.46886
Week 2,23 Apr 2002,0.41974,0.44343
Week 3,30 Apr 2002,0.43709,0.45939
Week 4,07 May 2002,0.42279,0.44423

Week 1,14 May 2002,0.43467,0.45370
Week 2,21 May 2002,0.43288,0.45112
Week 3,28 May 2002,0.39511,0.41277
Week 4,04 Jun 2002,0.39095,0.40887

Week 1,11 Jun 2002,0.43395,0.45315
Week 2,18 Jun 2002,0.42722,0.44523
Week 3,25 Jun 2002,0.41022,0.42713
Week 4,02 Jul 2002,0.43801,0.45443

Week 1,09 Jul 2002,0.46097,0.47896
Week 2,16 Jul 2002,0.46103,0.47748
Week 3,23 Jul 2002,0.45574,0.47214
Week 4,30 Jul 2002,0.44999,0.46699

Week 1,06 Aug 2002,0.44451,0.46011
Week 2,13 Aug 2002,0.44371,0.45897
Week 3,20 Aug 2002,0.44714,0.46338
Week 4,27 Aug 2002,0.44239,0.45823

Week 1,03 Sep 2002,0.44008,0.45764
Week 2,10 Sep 2002,0.45142,0.46733
Week 3,17 Sep 2002,0.44780,0.46372
Week 4,24 Sep 2002,0.44492,0.46008

Week 1,01 Oct 2002,0.43184,0.44745
Week 2,08 Oct 2002,0.43620,0.45141
Week 3,15 Oct 2002,0.44705,0.46275
Week 4,22 Oct 2002,0.45695,0.47279

Week 1,29 Oct 2002,0.46746,0.48304
Week 2,05 Nov 2002,0.45264,0.47008
Week 3,12 Nov 2002,0.44859,0.46431
Week 4,19 Nov 2002,0.44378,0.45856

Week 1,26 Nov 2002,0.43613,0.45222
Week 2,03 Dec 2002,0.43040,0.44749
Week 3,10 Dec 2002,0.43345,0.45114
Week 4,17 Dec 2002,0.45541,0.47116

Week 1,24 Dec 2002,0.47599,0.49373
Week 2,31 Dec 2002,0.48111,0.50292
Week 3,07 Jan 2003,0.49430,0.51315
Week 4,14 Jan 2003,0.50298,0.52087

Week 1,21 Jan 2003,0.52408,0.54010
Week 2,28 Jan 2003,0.49935,0.51512
Week 3,04 Feb 2003,0.51006,0.52822
Week 4,11 Feb 2003,0.52000,0.53689

Week 1,18 Feb 2003,0.50487,0.52486
Week 2,25 Feb 2003,0.49566,0.51355
Week 3,04 Mar 2003,0.50208,0.51955
Week 4,11 Mar 2003,0.51238,0.52942

Week 1,18 Mar 2003,0.55832,0.57579
Week 2,25 Mar 2003,0.58037,0.60044
Week 3,01 Apr 2003,0.55597,0.58341
Week 4,08 Apr 2003,0.55541,0.57626

Week 1,15 Apr 2003,0.53509,0.56106
Week 2,22 Apr 2003,0.53436,0.56651
Week 3,29 Apr 2003,0.52119,0.55990
Week 4,06 May 2003,0.52924,0.55609

Week 1,13 May 2003,0.51247,0.54590
Week 2,20 May 2003,0.50470,0.52444
Week 3,27 May 2003,0.48289,0.50914
Week 4,03 Jun 2003,0.49362,0.51548

Week 1,10 Jun 2003,0.47466,0.51582
Week 2,17 Jun 2003,0.47160,0.51670
Week 3,24 Jun 2003,0.47812,0.52307
Week 4,01 Jul 2003,0.46275,0.51007

Week 1,08 Jul 2003,0.46224,0.51681
Week 2,15 Jul 2003,0.46383,0.50907
Week 3,22 Jul 2003,0.48881,0.51324
Week 4,29 Jul 2003,0.48097,0.50336

Week 1,05 Aug 2003,0.46430,0.49058
Week 2,12 Aug 2003,0.47483,0.49219
Week 3,19 Aug 2003,0.46135,0.48700
Week 4,26 Aug 2003,0.46589,0.48526

Week 1,02 Sep 2003,0.46248,0.48258
Week 2,09 Sep 2003,0.45503,0.48244
Week 3,16 Sep 2003,0.45330,0.48404
Week 4,23 Sep 2003,0.45780,0.48352

Week 1,30 Sep 2003,0.46649,0.49611
Week 2,07 Oct 2003,0.46884,0.49786
Week 3,14 Oct 2003,0.48023,0.51834
Week 4,21 Oct 2003,0.50115,0.52971

Week 1,28 Oct 2003,0.50666,0.53742
Week 2,04 Nov 2003,0.50442,0.53529
Week 3,11 Nov 2003,0.49674,0.52930
Week 4,18 Nov 2003,0.49625,0.52591

Week 1,25 Nov 2003,0.48582,0.50724
Week 2,02 Dec 2003,0.47810,0.49742
Week 3,09 Dec 2003,0.47742,0.49838
Week 4,16 Dec 2003,0.47258,0.49324

Week 1,23 Dec 2003,0.47259,0.49472
Week 2,30 Dec 2003,0.46713,0.48825
Week 3,06 Jan 2004,0.46273,0.48157
Week 4,13 Jan 2004,0.45961,0.48266

Week 1,20 Jan 2004,0.44860,0.47099
Week 2,27 Jan 2004,0.44494,0.47593
Week 3,03 Feb 2004,0.44294,0.46402
Week 4,10 Feb 2004,0.43933,0.46395

Week 1,17 Feb 2004,0.44373,0.46418
Week 2,24 Feb 2004,0.44070,0.46649
Week 3,02 Mar 2004,0.44289,0.46390
Week 4,09 Mar 2004,0.44213,0.46451

Week 1,16 Mar 2004,0.44495,0.46654
Week 2,23 Mar 2004,0.44942,0.47017
Week 3,30 Mar 2004,0.44662,0.47327
Week 4,06 Apr 2004,0.46181,0.48478

Week 1,13 Apr 2004,0.47037,0.49452
Week 2,20 Apr 2004,0.47180,0.49360
Week 3,27 Apr 2004,0.48527,0.51053
Week 4,04 May 2004,0.50464,0.52843

Week 1,11 May 2004,0.51296,0.53683
Week 2,18 May 2004,0.52231,0.55156
Week 3,25 May 2004,0.50358,0.53078
Week 4,01 Jun 2004,0.49413,0.52054

Week 1,08 Jun 2004,0.49118,0.51460
Week 2,15 Jun 2004,0.49390,0.51680
Week 3,22 Jun 2004,0.49273,0.51809
Week 4,29 Jun 2004,0.48692,0.50696

Week 1,06 Jul 2004,0.47923,0.50002
Week 2,13 Jul 2004,0.47721,0.49747
Week 3,20 Jul 2004,0.48334,0.50279
Week 4,27 Jul 2004,0.48806,0.50509

Week 1,03 Aug 2004,0.47353,0.49090
Week 2,10 Aug 2004,0.47604,0.49202
Week 3,17 Aug 2004,0.47895,0.49750
Week 4,24 Aug 2004,0.49692,0.51143

Week 1,31 Aug 2004,0.49288,0.51310
Week 2,07 Sep 2004,0.48869,0.50943
Week 3,14 Sep 2004,0.49509,0.51293
Week 4,21 Sep 2004,0.49279,0.51064

Week 1,28 Sep 2004,0.49021,0.51916
Week 2,05 Oct 2004,0.49651,0.51701
Week 3,12 Oct 2004,0.49006,0.51381
Week 4,19 Oct 2004,0.49408,0.50707

Week 1,26 Oct 2004,0.49120,0.50095
Week 2,02 Nov 2004,0.49298,0.49505
Week 3,09 Nov 2004,0.48692,0.49572
Week 4,16 Nov 2004,0.48517,0.49691

Week 1,23 Nov 2004,0.47867,0.49275
Week 2,30 Nov 2004,0.47594,0.48065
Week 3,07 Dec 2004,0.47472,0.47990
Week 4,14 Dec 2004,0.47101,0.47571

Week 1,21 Dec 2004,0.46610,0.46848
Week 2,28 Dec 2004,0.44869,0.46050
Week 3,04 Jan 2005,0.46419,0.46774
Week 4,11 Jan 2005,0.46094,0.46337

Week 1,18 Jan 2005,0.45393,0.46247
Week 2,25 Jan 2005,0.44918,0.46250
Week 3,01 Feb 2005,0.44571,0.45963
Week 4,08 Feb 2005,0.44835,0.46261

Week 1,15 Feb 2005,0.44944,0.45265
Week 2,22 Feb 2005,0.43938,0.44757
Week 3,01 Mar 2005,0.42962,0.43421
Week 4,08 Mar 2005,0.43007,0.43625

Week 1,15 Mar 2005,0.44828,0.45272
Week 2,22 Mar 2005,0.46323,0.46583
Week 3,29 Mar 2005,0.46578,0.46887
Week 4,05 Apr 2005,0.46449,0.46839

Week 1,12 Apr 2005,0.46839,0.47094
Week 2,19 Apr 2005,0.46741,0.47054
Week 3,26 Apr 2005,0.47327,0.47781
Week 4,03 May 2005,0.46524,0.47060

Week 1,10 May 2005,0.47013,0.47624
Week 2,17 May 2005,0.47399,0.48000
Week 3,24 May 2005,0.47566,0.48077
Week 4,31 May 2005,0.46859,0.47419

Week 1,07 Jun 2005,0.46955,0.47478
Week 2,14 Jun 2005,0.47359,0.47824
Week 3,21 Jun 2005,0.46941,0.47504
Week 4,28 Jun 2005,0.46143,0.46653

Week 1,05 Jul 2005,0.46659,0.47012
Week 2,12 Jul 2005,0.45662,0.47392
Week 3,19 Jul 2005,0.45833,0.47459
Week 4,26 Jul 2005,0.46382,0.46947

Week 1,02 Aug 2005,0.45919,0.46155
Week 2,09 Aug 2005,0.46307,0.46577
Week 3,16 Aug 2005,0.47177,0.47441
Week 4,23 Aug 2005,0.46730,0.46978

Week 1,30 Aug 2005,0.46000,0.46396
Week 2,06 Sep 2005,0.45701,0.46020
Week 3,13 Sep 2005,0.45849,0.46188
Week 4,20 Sep 2005,0.46167,0.46369

Week 1,27 Sep 2005,0.46180,0.46448
Week 2,04 Oct 2005,0.45987,0.46237
Week 3,11 Oct 2005,0.45852,0.46142
Week 4,18 Oct 2005,0.45746,0.46013

Week 1,25 Oct 2005,0.45003,0.45256
Week 2,01 Nov 2005,0.45150,0.45437
Week 3,08 Nov 2005,0.45748,0.46004
Week 4,15 Nov 2005,0.46082,0.46291

Week 1,22 Nov 2005,0.45889,0.46236
Week 2,29 Nov 2005,0.45517,0.45728
Week 3,06 Dec 2005,0.44577,0.46054
Week 4,13 Dec 2005,0.44421,0.45282

Week 1,20 Dec 2005,0.44328,0.44742
Week 2,27 Dec 2005,0.44340,0.44534
Week 3,03 Jan 2006,0.43876,0.44069
Week 4,10 Jan 2006,0.43522,0.44417

Week 1,17 Jan 2006,0.43277,0.44660
Week 2,24 Jan 2006,0.42756,0.44128
Week 3,31 Jan 2006,0.42599,0.43909
Week 4,07 Feb 2006,0.42613,0.44012

Week 1,14 Feb 2006,0.42636,0.44058
Week 2,21 Feb 2006,0.42310,0.43700
Week 3,28 Feb 2006,0.42011,0.43418
Week 4,07 Mar 2006,0.43066,0.43962

Week 1,14 Mar 2006,0.42673,0.44076
Week 2,21 Mar 2006,0.42827,0.44556
Week 3,28 Mar 2006,0.42478,0.45326
Week 4,04 Apr 2006,0.42207,0.44628

Week 1,11 Apr 2006,0.42021,0.45720
Week 2,18 Apr 2006,0.42169,0.44962
Week 3,25 Apr 2006,0.42743,0.44213
Week 4,02 May 2006,0.43077,0.43642

Week 1,09 May 2006,0.44728,0.45360
Week 2,16 May 2006,0.48092,0.48697
Week 3,23 May 2006,0.49547,0.50147
Week 4,30 May 2006,0.50445,0.51052

Week 1,06 Jun 2006,0.50225,0.50820
Week 2,13 Jun 2006,0.51309,0.51940
Week 3,20 Jun 2006,0.53793,0.54411
Week 4,27 Jun 2006,0.52028,0.52644

Week 1,04 Jul 2006,0.50387,0.51001
Week 2,11 Jul 2006,0.50570,0.51224
Week 3,18 Jul 2006,0.50438,0.51050
Week 4,25 Jul 2006,0.48862,0.49470

Week 1,01 Aug 2006,0.48142,0.48719
Week 2,08 Aug 2006,0.47123,0.47730
Week 3,15 Aug 2006,0.46926,0.47474
Week 4,22 Aug 2006,0.47452,0.48024

Week 1,29 Aug 2006,0.47128,0.47961
Week 2,05 Sep 2006,0.47130,0.47714
Week 3,12 Sep 2006,0.47191,0.47778
Week 4,19 Sep 2006,0.47838,0.48443

Week 1,26 Sep 2006,0.48399,0.49009
Week 2,03 Oct 2006,0.48076,0.48647
Week 3,10 Oct 2006,0.47510,0.48117
Week 4,17 Oct 2006,0.47094,0.47682

Week 1,24 Oct 2006,0.46774,0.47382
Week 2,31 Oct 2006,0.46964,0.47564
Week 3,07 Nov 2006,0.46795,0.47396
Week 4,14 Nov 2006,0.46880,0.47476

Week 1,21 Nov 2006,0.47448,0.48051
Week 2,28 Nov 2006,0.47255,0.47864
Week 3,05 Dec 2006,0.46792,0.47392
Week 4,12 Dec 2006,0.46342,0.46928

Week 1,19 Dec 2006,0.46490,0.47081
Week 2,26 Dec 2006,0.46066,0.46663
Week 3,02 Jan 2007,0.46148,0.46740
Week 4,09 Jan 2007,0.46375,0.46963

Week 1,16 Jan 2007,0.45856,0.46427
Week 2,23 Jan 2007,0.45626,0.46170
Week 3,30 Jan 2007,0.45288,0.45831
Week 4,06 Feb 2007,0.44899,0.45451

Week 1,13 Feb 2007,0.44707,0.45239
Week 2,20 Feb 2007,0.44280,0.44845
Week 3,27 Feb 2007,0.45494,0.46022
Week 4,06 Mar 2007,0.45681,0.46218

Week 1,13 Mar 2007,0.45252,0.45793
Week 2,20 Mar 2007,0.44580,0.45128
Week 3,27 Mar 2007,0.44585,0.45139
Week 4,03 Apr 2007,0.43978,0.44544

Week 1,10 Apr 2007,0.44152,0.44625
Week 2,17 Apr 2007,0.43444,0.43998
Week 3,24 Apr 2007,0.43025,0.43549
Week 4,01 May 2007,0.43810,0.44167

Week 1,08 May 2007,0.43204,0.43718
Week 2,15 May 2007,0.42939,0.43348
Week 3,22 May 2007,0.42899,0.43268
Week 4,29 May 2007,0.42521,0.43179

Week 1,05 Jun 2007,0.42967,0.43510
Week 2,12 Jun 2007,0.42751,0.43522
Week 3,19 Jun 2007,0.42123,0.42884
Week 4,26 Jun 2007,0.42418,0.42957

Week 1,03 Jul 2007,0.41575,0.42060
Week 2,10 Jul 2007,0.41037,0.41440
Week 3,17 Jul 2007,0.40680,0.41377
Week 4,24 Jul 2007,0.40318,0.40976

Week 1,31 Jul 2007,0.40723,0.41375
Week 2,07 Aug 2007,0.40668,0.41035
Week 3,14 Aug 2007,0.42580,0.42922
Week 4,21 Aug 2007,0.42032,0.42474

Week 1,28 Aug 2007,0.41218,0.41816
Week 2,04 Sep 2007,0.40827,0.41557
Week 3,11 Sep 2007,0.40236,0.40824
Week 4,18 Sep 2007,0.39354,0.39838

Week 1,25 Sep 2007,0.38435,0.39024
Week 2,02 Oct 2007,0.37787,0.38217
Week 3,09 Oct 2007,0.37463,0.37955
Week 4,16 Oct 2007,0.38138,0.38355

Week 1,23 Oct 2007,0.37800,0.38204
Week 2,30 Oct 2007,0.37391,0.37845
Week 3,06 Nov 2007,0.37668,0.38216
Week 4,13 Nov 2007,0.37867,0.38169

Week 1,20 Nov 2007,0.37917,0.38359
Week 2,27 Nov 2007,0.37709,0.38056
Week 3,04 Dec 2007,0.37434,0.37690
Week 4,11 Dec 2007,0.37393,0.37570

Week 1,18 Dec 2007,0.37844,0.38130
Week 2,25 Dec 2007,0.37316,0.37784
Week 3,01 Jan 2008,0.36795,0.37419
Week 4,08 Jan 2008,0.36796,0.37175

Week 1,15 Jan 2008,0.37211,0.37482
Week 2,22 Jan 2008,0.37696,0.38265
Week 3,29 Jan 2008,0.36995,0.37412
Week 4,05 Feb 2008,0.37475,0.38060

Week 1,12 Feb 2008,0.37981,0.38402
Week 2,19 Feb 2008,0.38009,0.38363
Week 3,26 Feb 2008,0.37636,0.38138
Week 4,04 Mar 2008,0.38950,0.39163

Week 1,11 Mar 2008,0.39012,0.39532
Week 2,18 Mar 2008,0.39463,0.39780
Week 3,25 Mar 2008,0.40008,0.40478
Week 4,01 Apr 2008,0.40830,0.41385

Week 1,08 Apr 2008,0.41013,0.41239
Week 2,15 Apr 2008,0.41250,0.41867
Week 3,22 Apr 2008,0.40533,0.40981
Week 4,29 Apr 2008,0.40024,0.40341

Week 1,06 May 2008,0.39685,0.39821
Week 2,13 May 2008,0.38997,0.39618
Week 3,20 May 2008,0.39456,0.39784
Week 4,27 May 2008,0.39260,0.39565

Week 1,03 Jun 2008,0.40207,0.40415
Week 2,10 Jun 2008,0.40822,0.41108
Week 3,17 Jun 2008,0.40382,0.40724
Week 4,24 Jun 2008,0.40452,0.40729

Week 1,01 Jul 2008,0.40693,0.40972
Week 2,08 Jul 2008,0.40438,0.40823
Week 3,15 Jul 2008,0.39640,0.39912
Week 4,22 Jul 2008,0.39648,0.39913

Week 1,29 Jul 2008,0.38600,0.38853
Week 2,05 Aug 2008,0.38192,0.38621
Week 3,12 Aug 2008,0.38857,0.39229
Week 4,19 Aug 2008,0.39025,0.39474

Week 1,26 Aug 2008,0.39046,0.39375
Week 2,02 Sep 2008,0.39980,0.40375
Week 3,09 Sep 2008,0.40361,0.40497
Week 4,16 Sep 2008,0.40680,0.41148

Week 1,23 Sep 2008,0.39721,0.39962
Week 2,30 Sep 2008,0.40860,0.41203
Week 3,07 Oct 2008,0.43342,0.43799
Week 4,14 Oct 2008,0.45272,0.45501

Week 1,21 Oct 2008,0.50438,0.51125
Week 2,28 Oct 2008,0.46438,0.46841
Week 3,04 Nov 2008,0.45771,0.46300
Week 4,11 Nov 2008,0.48481,0.48859

Week 1,18 Nov 2008,0.50220,0.50610
Week 2,25 Nov 2008,0.46860,0.47268
Week 3,02 Dec 2008,0.46160,0.46476
Week 4,09 Dec 2008,0.45297,0.45909

Week 1,16 Dec 2008,0.44800,0.45253
Week 2,23 Dec 2008,0.44099,0.44683
Week 3,30 Dec 2008,0.43940,0.44387
Week 4,06 Jan 2009,0.44308,0.44824

Week 1,13 Jan 2009,0.46486,0.46732
Week 2,20 Jan 2009,0.47989,0.48159
Week 3,27 Jan 2009,0.46688,0.47199
Week 4,03 Feb 2009,0.46835,0.46988

Week 1,10 Feb 2009,0.46751,0.47065
Week 2,17 Feb 2009,0.48138,0.48846
Week 3,24 Feb 2009,0.47410,0.47976
Week 4,03 Mar 2009,0.48455,0.48631

Week 1,10 Mar 2009,0.47532,0.48082
Week 2,17 Mar 2009,0.46465,0.46700
Week 3,24 Mar 2009,0.45007,0.45141
Week 4,31 Mar 2009,0.43892,0.44031

Week 1,07 Apr 2009,0.42946,0.43085
Week 2,14 Apr 2009,0.43065,0.43227
Week 3,21 Apr 2009,0.44068,0.44325
Week 4,28 Apr 2009,0.43145,0.43288

Week 1,05 May 2009,0.41930,0.42051
Week 2,12 May 2009,0.41827,0.42141
Week 3,19 May 2009,0.41229,0.41362
Week 4,26 May 2009,0.41207,0.41679

Week 1,02 Jun 2009,0.40691,0.41265
Week 2,09 Jun 2009,0.40924,0.41082
Week 3,16 Jun 2009,0.40878,0.41304
Week 4,23 Jun 2009,0.40771,0.41161

Week 1,30 Jun 2009,0.40205,0.40575
Week 2,07 Jul 2009,0.40608,0.40862
Week 3,14 Jul 2009,0.40003,0.40628
Week 4,21 Jul 2009,0.38919,0.39560

Week 1,28 Jul 2009,0.38519,0.38816
Week 2,04 Aug 2009,0.37983,0.38505
Week 3,11 Aug 2009,0.38706,0.38966
Week 4,18 Aug 2009,0.38337,0.39346

Week 1,25 Aug 2009,0.38324,0.39409
Week 2,01 Sep 2009,0.38946,0.39139
Week 3,08 Sep 2009,0.38665,0.38878
Week 4,15 Sep 2009,0.38426,0.38827

Week 1,22 Sep 2009,0.38465,0.38893
Week 2,29 Sep 2009,0.38703,0.38982
Week 3,06 Oct 2009,0.38211,0.38379
Week 4,13 Oct 2009,0.37882,0.38276

Week 1,20 Oct 2009,0.38209,0.38403
Week 2,27 Oct 2009,0.38897,0.39385
Week 3,03 Nov 2009,0.39054,0.39198
Week 4,10 Nov 2009,0.38684,0.38819

Week 1,17 Nov 2009,0.38850,0.39267
Week 2,24 Nov 2009,0.39566,0.39983
Week 3,01 Dec 2009,0.39250,0.39448
Week 4,08 Dec 2009,0.39219,0.39656

Week 1,15 Dec 2009,0.39654,0.39887
Week 2,22 Dec 2009,0.39615,0.40353
Week 3,29 Dec 2009,0.39092,0.39864
Week 4,05 Jan 2010,0.38640,0.38842

Week 1,12 Jan 2010,0.38082,0.38619
Week 2,19 Jan 2010,0.38714,0.38876
Week 3,26 Jan 2010,0.39011,0.39222
Week 4,02 Feb 2010,0.39216,0.39363

Week 1,09 Feb 2010,0.39332,0.39515
Week 2,16 Feb 2010,0.39161,0.39540
Week 3,23 Feb 2010,0.39783,0.40221
Week 4,02 Mar 2010,0.39752,0.40256

Week 1,09 Mar 2010,0.39625,0.39804
Week 2,16 Mar 2010,0.39505,0.39666
Week 3,23 Mar 2010,0.39742,0.39954
Week 4,30 Mar 2010,0.38988,0.39583

Week 1,06 Apr 2010,0.38515,0.38811
Week 2,13 Apr 2010,0.38070,0.38424
Week 3,20 Apr 2010,0.38347,0.38501
Week 4,27 Apr 2010,0.38239,0.38447

Week 1,04 May 2010,0.39234,0.39694
Week 2,11 May 2010,0.39114,0.39386
Week 3,18 May 2010,0.40142,0.40322
Week 4,25 May 2010,0.39986,0.40290

Week 1,01 Jun 2010,0.40042,0.40511
Week 2,08 Jun 2010,0.40520,0.40675
Week 3,15 Jun 2010,0.39676,0.40004
Week 4,22 Jun 2010,0.39980,0.40122

Week 1,29 Jun 2010,0.39924,0.40284
Week 2,06 Jul 2010,0.39473,0.39614
Week 3,13 Jul 2010,0.39019,0.39484
Week 4,20 Jul 2010,0.38671,0.38961

Week 1,27 Jul 2010,0.38326,0.38461
Week 2,03 Aug 2010,0.37961,0.38103
Week 3,10 Aug 2010,0.38326,0.38452
Week 4,17 Aug 2010,0.38162,0.38576

Week 1,24 Aug 2010,0.38438,0.38893
Week 2,31 Aug 2010,0.38135,0.38570
Week 3,07 Sep 2010,0.38069,0.38233
Week 4,14 Sep 2010,0.37673,0.38027

Week 1,21 Sep 2010,0.37510,0.37635
Week 2,28 Sep 2010,0.36677,0.36798
Week 3,05 Oct 2010,0.35857,0.36210
Week 4,12 Oct 2010,0.35546,0.35802

Week 1,19 Oct 2010,0.35972,0.36100
Week 2,26 Oct 2010,0.36134,0.36254
Week 3,02 Nov 2010,0.35466,0.35581
Week 4,09 Nov 2010,0.35909,0.36037

Week 1,16 Nov 2010,0.36430,0.36567
Week 2,23 Nov 2010,0.37089,0.37214
Week 3,30 Nov 2010,0.37363,0.37489
Week 4,07 Dec 2010,0.37540,0.37693

Week 1,14 Dec 2010,0.38334,0.38530
Week 2,21 Dec 2010,0.38736,0.39332
Week 3,28 Dec 2010,0.38809,0.39308
Week 4,04 Jan 2011,0.39146,0.39276

Week 1,11 Jan 2011,0.39193,0.39494
Week 2,18 Jan 2011,0.39003,0.39553
Week 3,25 Jan 2011,0.39686,0.39880
Week 4,01 Feb 2011,0.39503,0.39744

Week 1,08 Feb 2011,0.39396,0.39608
Week 2,15 Feb 2011,0.39328,0.39450
Week 3,22 Feb 2011,0.39628,0.39739
Week 4,01 Mar 2011,0.39763,0.39901

Week 1,08 Mar 2011,0.39359,0.39494
Week 2,15 Mar 2011,0.39171,0.39305
Week 3,22 Mar 2011,0.38518,0.38709
Week 4,29 Mar 2011,0.38101,0.38270

Week 1,05 Apr 2011,0.37452,0.37594
Week 2,12 Apr 2011,0.37283,0.37402
Week 3,19 Apr 2011,0.37277,0.37402
Week 4,26 Apr 2011,0.37257,0.37395

Week 1,03 May 2011,0.37483,0.37601
Week 2,10 May 2011,0.38524,0.38654
Week 3,17 May 2011,0.38671,0.38918
Week 4,24 May 2011,0.39194,0.39308

Week 1,31 May 2011,0.38822,0.38943
Week 2,07 Jun 2011,0.38345,0.38695
Week 3,14 Jun 2011,0.38806,0.38982
Week 4,21 Jun 2011,0.39453,0.39623

Week 1,28 Jun 2011,0.39485,0.39607
Week 2,05 Jul 2011,0.39527,0.39647
Week 3,12 Jul 2011,0.39981,0.40108
Week 4,19 Jul 2011,0.40473,0.40606

Week 1,26 Jul 2011,0.40952,0.41076
Week 2,02 Aug 2011,0.41364,0.41627
Week 3,09 Aug 2011,0.42586,0.42759
Week 4,16 Aug 2011,0.42583,0.42847

Week 1,23 Aug 2011,0.42190,0.42334
Week 2,30 Aug 2011,0.41341,0.41495
Week 3,06 Sep 2011,0.42099,0.42245
Week 4,13 Sep 2011,0.42284,0.42430

Week 1,20 Sep 2011,0.43221,0.43373
Week 2,27 Sep 2011,0.43888,0.44040
Week 3,04 Oct 2011,0.44052,0.44317
Week 4,11 Oct 2011,0.43369,0.43808

Week 1,18 Oct 2011,0.43715,0.43920
Week 2,25 Oct 2011,0.41703,0.41846
Week 3,01 Nov 2011,0.41611,0.41743
Week 4,08 Nov 2011,0.41698,0.41852

Week 1,15 Nov 2011,0.42212,0.42546
Week 2,22 Nov 2011,0.43702,0.43901
Week 3,29 Nov 2011,0.42829,0.43168
Week 4,06 Dec 2011,0.42902,0.43038

Week 1,13 Dec 2011,0.43705,0.43916
Week 2,20 Dec 2011,0.44055,0.44205
Week 3,27 Dec 2011,0.44081,0.44238
Week 4,03 Jan 2012,0.43562,0.43718

Week 1,10 Jan 2012,0.43110,0.43239
Week 2,17 Jan 2012,0.42494,0.42627
Week 3,24 Jan 2012,0.41529,0.41659
Week 4,31 Jan 2012,0.40693,0.40817

Week 1,07 Feb 2012,0.40424,0.40554
Week 2,14 Feb 2012,0.40444,0.40564
Week 3,21 Feb 2012,0.40315,0.40438
Week 4,28 Feb 2012,0.40369,0.40591

Week 1,06 Mar 2012,0.41032,0.41158
Week 2,13 Mar 2012,0.41231,0.41355
Week 3,20 Mar 2012,0.41269,0.41608
Week 4,27 Mar 2012,0.40742,0.40916

Week 1,03 Apr 2012,0.40793,0.40913
Week 2,10 Apr 2012,0.40841,0.41139
Week 3,17 Apr 2012,0.40646,0.40818
Week 4,24 Apr 2012,0.40145,0.40269

Week 1,01 May 2012,0.39598,0.39942
Week 2,08 May 2012,0.40037,0.40206
Week 3,15 May 2012,0.40942,0.41054
Week 4,22 May 2012,0.41053,0.41430

Week 1,29 May 2012,0.41202,0.41747
Week 2,05 Jun 2012,0.40825,0.41251
Week 3,12 Jun 2012,0.40351,0.40768
Week 4,19 Jun 2012,0.40048,0.40316

Week 1,26 Jun 2012,0.40147,0.40366
Week 2,03 Jul 2012,0.39696,0.40124
Week 3,10 Jul 2012,0.39845,0.40270
Week 4,17 Jul 2012,0.39575,0.39786

Week 1,24 Jul 2012,0.39669,0.39876
Week 2,31 Jul 2012,0.39039,0.39316
Week 3,07 Aug 2012,0.38728,0.38848
Week 4,14 Aug 2012,0.38964,0.39087

Week 1,21 Aug 2012,0.38792,0.39112
Week 2,28 Aug 2012,0.39109,0.39287
Week 3,04 Sep 2012,0.38872,0.39059
Week 4,11 Sep 2012,0.38478,0.38806

Week 1,18 Sep 2012,0.38305,0.38498
Week 2,25 Sep 2012,0.38164,0.38337
Week 3,02 Oct 2012,0.38182,0.38354
Week 4,09 Oct 2012,0.38346,0.38551

Week 1,16 Oct 2012,0.37985,0.38209
Week 2,23 Oct 2012,0.37850,0.38026
Week 3,30 Oct 2012,0.37556,0.37785
Week 4,06 Nov 2012,0.37233,0.37567

Week 1,13 Nov 2012,0.37543,0.37700
Week 2,20 Nov 2012,0.37233,0.37579
Week 3,27 Nov 2012,0.36918,0.37237
Week 4,04 Dec 2012,0.36760,0.36958

Week 1,11 Dec 2012,0.36487,0.36788
Week 2,18 Dec 2012,0.36483,0.36622
Week 3,25 Dec 2012,0.36432,0.36650
Week 4,01 Jan 2013,0.36162,0.36322

Week 1,08 Jan 2013,0.35899,0.36062
Week 2,15 Jan 2013,0.35521,0.35744
Week 3,22 Jan 2013,0.35549,0.35726
Week 4,29 Jan 2013,0.35284,0.35480

Week 1,05 Feb 2013,0.35304,0.35469
Week 2,12 Feb 2013,0.35277,0.35453
Week 3,19 Feb 2013,0.35450,0.35718
Week 4,26 Feb 2013,0.35610,0.35857

Week 1,05 Mar 2013,0.35416,0.35653
Week 2,12 Mar 2013,0.35474,0.35628
Week 3,19 Mar 2013,0.35514,0.35663
Week 4,26 Mar 2013,0.35320,0.35559

Week 1,02 Apr 2013,0.34991,0.35392
Week 2,09 Apr 2013,0.34668,0.34976
Week 3,16 Apr 2013,0.34692,0.34945
Week 4,23 Apr 2013,0.34782,0.34894

Week 1,30 Apr 2013,0.34475,0.34714
Week 2,07 May 2013,0.34345,0.34596
Week 3,14 May 2013,0.34814,0.34918
Week 4,21 May 2013,0.35000,0.35241

Week 1,28 May 2013,0.35218,0.35463
Week 2,04 Jun 2013,0.35386,0.35720
Week 3,11 Jun 2013,0.35179,0.35386
Week 4,18 Jun 2013,0.35593,0.35829

Week 1,25 Jun 2013,0.35797,0.36099
Week 2,02 Jul 2013,0.35990,0.36150
Week 3,09 Jul 2013,0.35909,0.36158
Week 4,16 Jul 2013,0.35232,0.35532

Week 1,23 Jul 2013,0.34965,0.35245
Week 2,30 Jul 2013,0.35015,0.35173
Week 3,06 Aug 2013,0.34638,0.34915
Week 4,13 Aug 2013,0.34586,0.34897

Week 1,20 Aug 2013,0.35084,0.35360
Week 2,27 Aug 2013,0.35813,0.36011
Week 3,03 Sep 2013,0.35896,0.36199
Week 4,10 Sep 2013,0.35335,0.35532

Week 1,17 Sep 2013,0.34468,0.34575
Week 2,24 Sep 2013,0.34746,0.34963
Week 3,01 Oct 2013,0.34447,0.34605
Week 4,08 Oct 2013,0.33995,0.34154

Week 1,15 Oct 2013,0.33716,0.33886
Week 2,22 Oct 2013,0.33634,0.33875
Week 3,29 Oct 2013,0.33773,0.33938
Week 4,05 Nov 2013,0.34040,0.34206

Week 1,12 Nov 2013,0.34020,0.34213
Week 2,19 Nov 2013,0.33271,0.33338
Week 3,26 Nov 2013,0.32904,0.33054
Week 4,03 Dec 2013,0.32762,0.32925

Week 1,10 Dec 2013,0.32403,0.32590
Week 2,17 Dec 2013,0.32348,0.32435
Week 3,24 Dec 2013,0.32635,0.32861
Week 4,31 Dec 2013,0.32969,0.33128

Week 1,07 Jan 2014,0.32816,0.32971
Week 2,14 Jan 2014,0.32636,0.32786
Week 3,21 Jan 2014,0.31225,0.31410
Week 4,28 Jan 2014,0.28216,0.28335

Week 1,04 Feb 2014,0.28129,0.28315
Week 2,11 Feb 2014,0.27979,0.28164
Week 3,18 Feb 2014,0.27984,0.28118
Week 4,25 Feb 2014,0.27986,0.28152

Week 1,04 Mar 2014,0.27957,0.28054
Week 2,11 Mar 2014,0.28186,0.28312
Week 3,18 Mar 2014,0.27993,0.28176
Week 4,25 Mar 2014,0.27519,0.27686

Week 1,01 Apr 2014,0.26563,0.26740
Week 2,08 Apr 2014,0.26291,0.26460
Week 3,15 Apr 2014,0.26518,0.26659
Week 4,22 Apr 2014,0.26660,0.26744

Week 1,29 Apr 2014,0.26393,0.26461
Week 2,06 May 2014,0.26032,0.26091
Week 3,13 May 2014,0.25906,0.26004
Week 4,20 May 2014,0.25901,0.25973

Week 1,27 May 2014,0.25911,0.25986
Week 2,03 Jun 2014,0.25839,0.25886
Week 3,10 Jun 2014,0.25864,0.25926
Week 4,17 Jun 2014,0.26279,0.26351

Week 1,24 Jun 2014,0.26171,0.26231
Week 2,01 Jul 2014,0.26140,0.26192
Week 3,08 Jul 2014,0.26038,0.26097
Week 4,15 Jul 2014,0.26025,0.26141

Week 1,22 Jul 2014,0.25689,0.25759
Week 2,29 Jul 2014,0.25857,0.25920
Week 3,05 Aug 2014,0.25990,0.26037
Week 4,12 Aug 2014,0.26070,0.26135

Week 1,19 Aug 2014,0.26041,0.26105
Week 2,26 Aug 2014,0.25675,0.25823
Week 3,02 Sep 2014,0.25642,0.25794
Week 4,09 Sep 2014,0.26109,0.26280

Week 1,16 Sep 2014,0.26352,0.26527
Week 2,23 Sep 2014,0.26593,0.26764
Week 3,30 Sep 2014,0.26865,0.27041
Week 4,07 Oct 2014,0.26817,0.26974

Week 1,14 Oct 2014,0.26663,0.26716
Week 2,21 Oct 2014,0.26334,0.26488
Week 3,28 Oct 2014,0.26009,0.26186
Week 4,04 Nov 2014,0.26345,0.26519

Week 1,11 Nov 2014,0.26362,0.26537
Week 2,18 Nov 2014,0.26117,0.26168
Week 3,25 Nov 2014,0.25994,0.26139
Week 4,02 Dec 2014,0.26196,0.26270

Week 1,09 Dec 2014,0.26624,0.26671
Week 2,16 Dec 2014,0.27233,0.27297
Week 3,23 Dec 2014,0.27080,0.27157
Week 4,30 Dec 2014,0.27299,0.27414

Week 1,06 Jan 2015,0.26946,0.26998
Week 2,13 Jan 2015,0.26790,0.26841
Week 3,20 Jan 2015,0.27174,0.27245
Week 4,27 Jan 2015,0.27792,0.27845

Week 1,03 Feb 2015,0.28227,0.28309
Week 2,10 Feb 2015,0.28522,0.28583
Week 3,17 Feb 2015,0.28201,0.28280
Week 4,24 Feb 2015,0.28525,0.28624

Week 1,03 Mar 2015,0.29420,0.29500
Week 2,10 Mar 2015,0.29841,0.29908
Week 3,17 Mar 2015,0.29526,0.29597
Week 4,24 Mar 2015,0.29357,0.29426

Week 1,31 Mar 2015,0.29395,0.29515
Week 2,07 Apr 2015,0.29459,0.29578
Week 3,14 Apr 2015,0.30183,0.30242
Week 4,21 Apr 2015,0.30425,0.30500

Week 1,28 Apr 2015,0.30077,0.30192
Week 2,05 May 2015,0.30188,0.30294
Week 3,12 May 2015,0.29316,0.29393
Week 4,19 May 2015,0.28840,0.28918

Week 1,26 May 2015,0.29382,0.29438
Week 2,02 Jun 2015,0.29619,0.29702
Week 3,09 Jun 2015,0.30180,0.30270
Week 4,16 Jun 2015,0.29921,0.29978

Week 1,23 Jun 2015,0.29387,0.29435
Week 2,30 Jun 2015,0.29519,0.29585
Week 3,07 Jul 2015,0.29323,0.29397
Week 4,14 Jul 2015,0.28988,0.29068

Week 1,21 Jul 2015,0.29574,0.29619
Week 2,28 Jul 2015,0.30100,0.30157
Week 3,04 Aug 2015,0.30142,0.30206
Week 4,11 Aug 2015,0.30334,0.30393

Week 1,18 Aug 2015,0.31353,0.31411
Week 2,25 Aug 2015,0.31521,0.31588
Week 3,01 Sep 2015,0.31774,0.31833
Week 4,08 Sep 2015,0.32444,0.32510

Week 1,15 Sep 2015,0.32177,0.32240
Week 2,22 Sep 2015,0.32229,0.32302
Week 3,29 Sep 2015,0.32025,0.32086
Week 4,06 Oct 2015,0.31154,0.31208

Week 1,13 Oct 2015,0.30745,0.30806
Week 2,20 Oct 2015,0.30469,0.30527
Week 3,27 Oct 2015,0.30548,0.30596
Week 4,03 Nov 2015,0.30208,0.30263

Week 1,10 Nov 2015,0.30073,0.30128
Week 2,17 Nov 2015,0.29461,0.29656
Week 3,24 Nov 2015,0.29838,0.30050
Week 4,01 Dec 2015,0.29765,0.29976

Week 1,08 Dec 2015,0.30074,0.30273
Week 2,15 Dec 2015,0.26732,0.26806
Week 3,22 Dec 2015,0.22409,0.22534
Week 4,29 Dec 2015,0.22370,0.22510

Week 1,05 Jan 2016,0.21918,0.22033
Week 2,12 Jan 2016,0.22503,0.22626
Week 3,19 Jan 2016,0.22379,0.22514
Week 4,26 Jan 2016,0.21517,0.21630

Week 1,02 Feb 2016,0.20648,0.20691
Week 2,09 Feb 2016,0.20239,0.20328
Week 3,16 Feb 2016,0.19790,0.19861
Week 4,23 Feb 2016,0.19182,0.19270

Week 1,01 Mar 2016,0.18896,0.18978
Week 2,08 Mar 2016,0.18856,0.18939
Week 3,15 Mar 2016,0.19451,0.19494
Week 4,22 Mar 2016,0.19778,0.19833

Week 1,29 Mar 2016,0.19332,0.19381
Week 2,05 Apr 2016,0.19456,0.19492
Week 3,12 Apr 2016,0.19880,0.19921
Week 4,19 Apr 2016,0.19908,0.19942

Week 1,26 Apr 2016,0.19689,0.19752
Week 2,03 May 2016,0.20270,0.20306
Week 3,10 May 2016,0.20798,0.20839
Week 4,17 May 2016,0.21081,0.21117

Week 1,24 May 2016,0.21123,0.21156
Week 2,31 May 2016,0.21049,0.21079
Week 3,07 Jun 2016,0.21016,0.21064
Week 4,14 Jun 2016,0.21130,0.21231

Week 1,21 Jun 2016,0.20241,0.20300
Week 2,28 Jun 2016,0.19302,0.19398
Week 3,05 Jul 2016,0.19607,0.19727
Week 4,12 Jul 2016,0.19843,0.19929

Week 1,19 Jul 2016,0.20206,0.20294
Week 2,26 Jul 2016,0.20111,0.20177
Week 3,02 Aug 2016,0.20115,0.20201
Week 4,09 Aug 2016,0.20130,0.20230

Week 1,16 Aug 2016,0.19778,0.19867
Week 2,23 Aug 2016,0.19740,0.19841
Week 3,30 Aug 2016,0.19692,0.19784
Week 4,06 Sep 2016,0.19568,0.19656

Week 1,13 Sep 2016,0.19745,0.19836
Week 2,20 Sep 2016,0.19536,0.19623
Week 3,27 Sep 2016,0.19537,0.19625
Week 4,04 Oct 2016,0.19998,0.20083

Week 1,11 Oct 2016,0.20290,0.20386
Week 2,18 Oct 2016,0.20241,0.20344
Week 3,25 Oct 2016,0.20372,0.20467
Week 4,01 Nov 2016,0.20675,0.20766

Week 1,08 Nov 2016,0.21259,0.21338
Week 2,15 Nov 2016,0.21451,0.21518
Week 3,22 Nov 2016,0.21985,0.22068
Week 4,29 Nov 2016,0.21968,0.22033

Week 1,06 Dec 2016,0.21693,0.21752
Week 2,13 Dec 2016,0.21856,0.21976
Week 3,20 Dec 2016,0.22341,0.22409
Week 4,27 Dec 2016,0.22265,0.22415

Week 1,03 Jan 2017,0.22561,0.22634
Week 2,10 Jan 2017,0.23695,0.23806
Week 3,17 Jan 2017,0.23777,0.23902
Week 4,24 Jan 2017,0.23979,0.24089

Week 1,31 Jan 2017,0.23745,0.23866
Week 2,07 Feb 2017,0.23637,0.23731
Week 3,14 Feb 2017,0.23553,0.23668
Week 4,21 Feb 2017,0.23096,0.23194

Week 1,28 Feb 2017,0.23738,0.23822
Week 2,07 Mar 2017,0.23996,0.24066
Week 3,14 Mar 2017,0.23641,0.23751
Week 4,21 Mar 2017,0.23144,0.23247

Week 1,28 Mar 2017,0.23470,0.23533
Week 2,04 Apr 2017,0.23944,0.24053
Week 3,11 Apr 2017,0.24336,0.24414
Week 4,18 Apr 2017,0.23790,0.23870

Week 1,25 Apr 2017,0.23127,0.23189
Week 2,02 May 2017,0.23086,0.23135
Week 3,09 May 2017,0.23133,0.23256
Week 4,16 May 2017,0.22660,0.22751

Week 1,23 May 2017,0.22214,0.22258
Week 2,30 May 2017,0.22015,0.22066
Week 3,06 Jun 2017,0.22058,0.22156
Week 4,13 Jun 2017,0.21987,0.22025

Week 1,20 Jun 2017,0.21753,0.21834
Week 2,27 Jun 2017,0.21384,0.21473
Week 3,04 Jul 2017,0.21129,0.21203
Week 4,11 Jul 2017,0.21062,0.21143

Week 1,18 Jul 2017,0.20543,0.20574
Week 2,25 Jul 2017,0.20117,0.20158
Week 3,01 Aug 2017,0.19995,0.20026
Week 4,08 Aug 2017,0.19973,0.20041

Week 1,15 Aug 2017,0.20363,0.20442
Week 2,22 Aug 2017,0.20175,0.20254
Week 3,29 Aug 2017,0.19815,0.19892
Week 4,05 Sep 2017,0.19842,0.19874

Week 1,12 Sep 2017,0.20100,0.20172
Week 2,19 Sep 2017,0.20267,0.20349
Week 3,26 Sep 2017,0.20272,0.20342
Week 4,03 Oct 2017,0.20637,0.20714

Week 1,10 Oct 2017,0.20989,0.21073
Week 2,17 Oct 2017,0.21021,0.21095
Week 3,24 Oct 2017,0.21448,0.21478
Week 4,31 Oct 2017,0.21711,0.21746

Week 1,07 Nov 2017,0.21986,0.22069
Week 2,14 Nov 2017,0.22125,0.22203
Week 3,21 Nov 2017,0.22574,0.22624
Week 4,28 Nov 2017,0.22631,0.22711

Week 1,05 Dec 2017,0.22377,0.22408



