ARG->KRW

Week 1,01 Dec 1998,28.71647,28.79847
Week 2,08 Dec 1998,28.36174,28.50404
Week 3,15 Dec 1998,28.34996,28.42733
Week 4,22 Dec 1998,28.34499,28.42294

Week 1,29 Dec 1998,28.22391,28.32777
Week 2,05 Jan 1999,27.42934,27.51121
Week 3,12 Jan 1999,27.74146,27.83299
Week 4,19 Jan 1999,27.61977,27.69066

Week 1,26 Jan 1999,27.62399,27.69086
Week 2,02 Feb 1999,27.54059,27.61943
Week 3,09 Feb 1999,27.67719,27.73689
Week 4,16 Feb 1999,28.09656,28.17177

Week 1,23 Feb 1999,28.55287,28.71293
Week 2,02 Mar 1999,29.05417,29.13747
Week 3,09 Mar 1999,29.02673,29.09584
Week 4,16 Mar 1999,28.78719,28.89669

Week 1,23 Mar 1999,28.81300,28.92096
Week 2,30 Mar 1999,28.84891,28.94571
Week 3,06 Apr 1999,28.67004,28.68919
Week 4,13 Apr 1999,28.42616,28.49874

Week 1,20 Apr 1999,27.77941,27.83200
Week 2,27 Apr 1999,27.62761,27.68090
Week 3,04 May 1999,28.06529,28.08793
Week 4,11 May 1999,28.20637,28.23873

Week 1,18 May 1999,27.94950,27.99407
Week 2,25 May 1999,27.67810,27.70869
Week 3,01 Jun 1999,27.67790,27.69370
Week 4,08 Jun 1999,27.34961,27.37737

Week 1,15 Jun 1999,26.99490,27.03097
Week 2,22 Jun 1999,26.70044,26.72877
Week 3,29 Jun 1999,26.73211,26.76383
Week 4,06 Jul 1999,27.14164,27.17334

Week 1,13 Jul 1999,27.29934,27.34086
Week 2,20 Jul 1999,27.75377,27.83646
Week 3,27 Jul 1999,27.75943,27.78417
Week 4,03 Aug 1999,27.63246,27.64984

Week 1,10 Aug 1999,27.67227,27.70771
Week 2,17 Aug 1999,27.58700,27.62977
Week 3,24 Aug 1999,27.32627,27.36060
Week 4,31 Aug 1999,27.33486,27.36649

Week 1,07 Sep 1999,27.37450,27.41707
Week 2,14 Sep 1999,27.51469,27.55541
Week 3,21 Sep 1999,27.74050,27.79153
Week 4,28 Sep 1999,27.88360,27.92004

Week 1,05 Oct 1999,27.68240,27.69817
Week 2,12 Oct 1999,27.77570,27.78906
Week 3,19 Oct 1999,27.75844,27.78169
Week 4,26 Oct 1999,27.64559,27.67564

Week 1,02 Nov 1999,27.31674,27.34023
Week 2,09 Nov 1999,27.04690,27.07599
Week 3,16 Nov 1999,27.09070,27.12456
Week 4,23 Nov 1999,26.75651,26.77346

Week 1,30 Nov 1999,26.66740,26.68390
Week 2,07 Dec 1999,26.19781,26.21911
Week 3,14 Dec 1999,26.01129,26.02936
Week 4,21 Dec 1999,26.01439,26.04351

Week 1,28 Dec 1999,26.10506,26.13700
Week 2,04 Jan 2000,26.06770,26.10666
Week 3,11 Jan 2000,26.01466,26.05494
Week 4,18 Jan 2000,25.84483,25.89834

Week 1,25 Jan 2000,25.75733,25.79421
Week 2,01 Feb 2000,25.85809,25.89671
Week 3,08 Feb 2000,25.68469,25.71663
Week 4,15 Feb 2000,25.85029,25.89253

Week 1,22 Feb 2000,26.03994,26.07743
Week 2,29 Feb 2000,25.76409,25.83239
Week 3,07 Mar 2000,25.67710,25.71674
Week 4,14 Mar 2000,25.63976,25.67207

Week 1,21 Mar 2000,25.48370,25.52356
Week 2,28 Mar 2000,25.40140,25.42464
Week 3,04 Apr 2000,25.43919,25.48060
Week 4,11 Apr 2000,25.40966,25.44640

Week 1,18 Apr 2000,25.39640,25.43776
Week 2,25 Apr 2000,25.39137,25.42096
Week 3,02 May 2000,25.43406,25.46423
Week 4,09 May 2000,25.31880,25.34843

Week 1,16 May 2000,25.40867,25.46810
Week 2,23 May 2000,25.61986,25.75653
Week 3,30 May 2000,25.53411,25.66241
Week 4,06 Jun 2000,25.20126,25.33546

Week 1,13 Jun 2000,24.91240,24.95847
Week 2,20 Jun 2000,25.04940,25.09629
Week 3,27 Jun 2000,24.94983,25.02707
Week 4,04 Jul 2000,24.97253,25.00623

Week 1,11 Jul 2000,24.91806,24.94526
Week 2,18 Jul 2000,24.77930,24.80499
Week 3,25 Jul 2000,24.85289,24.89619
Week 4,01 Aug 2000,24.60383,24.68574

Week 1,08 Aug 2000,24.34809,24.43784
Week 2,15 Aug 2000,24.30373,24.40946
Week 3,22 Aug 2000,24.28059,24.36613
Week 4,29 Aug 2000,24.15984,24.23691

Week 1,05 Sep 2000,24.20931,24.31117
Week 2,12 Sep 2000,24.34759,24.44824
Week 3,19 Sep 2000,24.45436,24.59227
Week 4,26 Sep 2000,24.23836,24.33113

Week 1,03 Oct 2000,24.18776,24.34834
Week 2,10 Oct 2000,24.22929,24.36139
Week 3,17 Oct 2000,24.38559,24.51670
Week 4,24 Oct 2000,24.32770,24.46227

Week 1,31 Oct 2000,24.27417,24.40620
Week 2,07 Nov 2000,24.24294,24.36734
Week 3,14 Nov 2000,24.30494,24.43749
Week 4,21 Nov 2000,25.14827,25.27976

Week 1,28 Nov 2000,25.61051,25.73641
Week 2,05 Dec 2000,25.57456,25.68500
Week 3,12 Dec 2000,25.59690,25.66961
Week 4,19 Dec 2000,26.17203,26.26029

Week 1,26 Dec 2000,26.86501,26.96497
Week 2,02 Jan 2001,27.06533,27.16569
Week 3,09 Jan 2001,27.25597,27.36759
Week 4,16 Jan 2001,27.48887,27.60561

Week 1,23 Jan 2001,27.47209,27.55800
Week 2,30 Jan 2001,27.02619,27.10117
Week 3,06 Feb 2001,27.15451,27.26470
Week 4,13 Feb 2001,26.80700,26.90627

Week 1,20 Feb 2001,26.65424,26.73947
Week 2,27 Feb 2001,26.98836,27.08749
Week 3,06 Mar 2001,27.24857,27.34989
Week 4,13 Mar 2001,27.53807,27.64484

Week 1,20 Mar 2001,27.90670,28.01717
Week 2,27 Mar 2001,28.26059,28.35050
Week 3,03 Apr 2001,28.90657,28.99733
Week 4,10 Apr 2001,28.33726,28.43969

Week 1,17 Apr 2001,28.02487,28.10529
Week 2,24 Apr 2001,28.11553,28.17836
Week 3,01 May 2001,27.75766,27.85023
Week 4,08 May 2001,27.72007,27.78663

Week 1,15 May 2001,27.72947,27.80106
Week 2,22 May 2001,27.44083,27.54863
Week 3,29 May 2001,27.34209,27.44483
Week 4,05 Jun 2001,27.32630,27.40584

Week 1,12 Jun 2001,27.42734,27.50827
Week 2,19 Jun 2001,27.67839,27.77994
Week 3,26 Jun 2001,27.58893,27.72893
Week 4,03 Jul 2001,27.39596,27.57130

Week 1,10 Jul 2001,27.48707,27.69401
Week 2,17 Jul 2001,27.53619,27.80543
Week 3,24 Jul 2001,27.47823,27.71649
Week 4,31 Jul 2001,27.22146,27.47439

Week 1,07 Aug 2001,27.05741,27.32489
Week 2,14 Aug 2001,27.01114,27.28099
Week 3,21 Aug 2001,26.98920,27.25494
Week 4,28 Aug 2001,27.01756,27.23270

Week 1,04 Sep 2001,27.08770,27.27847
Week 2,11 Sep 2001,27.10174,27.24690
Week 3,18 Sep 2001,26.98071,27.10050
Week 4,25 Sep 2001,27.19204,27.32700

Week 1,02 Oct 2001,27.30897,27.43269
Week 2,09 Oct 2001,26.99170,27.16939
Week 3,16 Oct 2001,26.96966,27.11283
Week 4,23 Oct 2001,26.92626,27.08507

Week 1,30 Oct 2001,26.85456,27.06079
Week 2,06 Nov 2001,26.74789,26.96317
Week 3,13 Nov 2001,26.57316,26.74184
Week 4,20 Nov 2001,26.59510,26.70371

Week 1,27 Nov 2001,26.24584,26.43123
Week 2,04 Dec 2001,26.37047,26.59259
Week 3,11 Dec 2001,26.44176,26.64340
Week 4,18 Dec 2001,26.83419,27.04083

Week 1,25 Dec 2001,27.16750,27.49003
Week 2,01 Jan 2002,26.97697,27.22749
Week 3,08 Jan 2002,26.99291,27.18817
Week 4,15 Jan 2002,27.07210,27.31731

Week 1,22 Jan 2002,27.25323,27.50790
Week 2,29 Jan 2002,26.99330,27.27049
Week 3,05 Feb 2002,26.85164,27.12873
Week 4,12 Feb 2002,26.78996,27.10433

Week 1,19 Feb 2002,26.93370,27.12656
Week 2,26 Feb 2002,26.91726,27.21351
Week 3,05 Mar 2002,26.75786,27.06739
Week 4,12 Mar 2002,26.85451,27.16713

Week 1,19 Mar 2002,26.97337,27.27064
Week 2,26 Mar 2002,26.96301,27.26041
Week 3,02 Apr 2002,26.96767,27.25470
Week 4,09 Apr 2002,26.94671,27.25987

Week 1,16 Apr 2002,26.69837,26.96573
Week 2,23 Apr 2002,26.46836,26.68281
Week 3,30 Apr 2002,26.14927,26.32496
Week 4,07 May 2002,26.05219,26.21304

Week 1,14 May 2002,25.78917,25.96547
Week 2,21 May 2002,25.18309,25.42793
Week 3,28 May 2002,24.80736,25.02470
Week 4,04 Jun 2002,24.71809,24.92576

Week 1,11 Jun 2002,24.78569,24.93669
Week 2,18 Jun 2002,24.83533,25.01131
Week 3,25 Jun 2002,24.45593,24.64729
Week 4,02 Jul 2002,24.50293,24.64307

Week 1,09 Jul 2002,24.03903,24.24707
Week 2,16 Jul 2002,23.88719,24.05913
Week 3,23 Jul 2002,23.89371,24.08480
Week 4,30 Jul 2002,24.20714,24.41651

Week 1,06 Aug 2002,24.53270,24.76947
Week 2,13 Aug 2002,24.28504,24.54769
Week 3,20 Aug 2002,24.40330,24.70677
Week 4,27 Aug 2002,24.56097,24.84890

Week 1,03 Sep 2002,24.41784,24.69897
Week 2,10 Sep 2002,24.59607,24.79646
Week 3,17 Sep 2002,24.84233,25.05044
Week 4,24 Sep 2002,25.16650,25.39080

Week 1,01 Oct 2002,25.22636,25.43967
Week 2,08 Oct 2002,25.71863,25.95717
Week 3,15 Oct 2002,25.64396,25.87271
Week 4,22 Oct 2002,25.35109,25.52364

Week 1,29 Oct 2002,25.23716,25.41790
Week 2,05 Nov 2002,24.97919,25.17124
Week 3,12 Nov 2002,24.74690,24.94683
Week 4,19 Nov 2002,24.95731,25.13813

Week 1,26 Nov 2002,24.81576,25.00156
Week 2,03 Dec 2002,25.21570,25.33400
Week 3,10 Dec 2002,24.94714,25.11161
Week 4,17 Dec 2002,24.91309,25.03970

Week 1,24 Dec 2002,24.91366,25.05427
Week 2,31 Dec 2002,24.77346,24.89743
Week 3,07 Jan 2003,24.55323,24.70944
Week 4,14 Jan 2003,24.41647,24.54903

Week 1,21 Jan 2003,24.33277,24.45870
Week 2,28 Jan 2003,24.28413,24.43327
Week 3,04 Feb 2003,24.65479,24.81091
Week 4,11 Feb 2003,24.99723,25.13651

Week 1,18 Feb 2003,24.92786,25.10761
Week 2,25 Feb 2003,24.83913,24.98937
Week 3,04 Mar 2003,25.25053,25.39950
Week 4,11 Mar 2003,25.94664,26.08773

Week 1,18 Mar 2003,26.16209,26.31567
Week 2,25 Mar 2003,26.22810,26.36201
Week 3,01 Apr 2003,26.35830,26.59906
Week 4,08 Apr 2003,26.05424,26.18907

Week 1,15 Apr 2003,25.38606,25.66924
Week 2,22 Apr 2003,25.80099,25.94756
Week 3,29 Apr 2003,25.56103,25.69257
Week 4,06 May 2003,25.32277,25.45116

Week 1,13 May 2003,25.12250,25.54874
Week 2,20 May 2003,25.34867,25.54864
Week 3,27 May 2003,25.51236,25.63444
Week 4,03 Jun 2003,25.52257,25.70640

Week 1,10 Jun 2003,25.29859,25.70741
Week 2,17 Jun 2003,25.35453,25.77797
Week 3,24 Jun 2003,25.55996,25.66861
Week 4,01 Jul 2003,25.46746,25.66317

Week 1,08 Jul 2003,25.27231,25.77793
Week 2,15 Jul 2003,25.31613,25.75570
Week 3,22 Jul 2003,25.45229,25.63521
Week 4,29 Jul 2003,25.35647,25.86256

Week 1,05 Aug 2003,25.52476,25.86770
Week 2,12 Aug 2003,25.58970,25.79217
Week 3,19 Aug 2003,25.53077,25.65733
Week 4,26 Aug 2003,25.59217,25.70599

Week 1,02 Sep 2003,25.37630,25.73040
Week 2,09 Sep 2003,25.34664,25.86133
Week 3,16 Sep 2003,25.20074,25.62971
Week 4,23 Sep 2003,24.98281,25.25749

Week 1,30 Sep 2003,25.13509,25.35294
Week 2,07 Oct 2003,25.17436,25.43377
Week 3,14 Oct 2003,25.53924,26.04049
Week 4,21 Oct 2003,26.12246,26.31933

Week 1,28 Oct 2003,26.01997,26.29426
Week 2,04 Nov 2003,25.86089,26.36746
Week 3,11 Nov 2003,25.73751,25.91724
Week 4,18 Nov 2003,25.88100,26.13877

Week 1,25 Nov 2003,26.14193,26.24901
Week 2,02 Dec 2003,26.07070,26.20307
Week 3,09 Dec 2003,25.78376,26.25820
Week 4,16 Dec 2003,26.05870,26.23061

Week 1,23 Dec 2003,26.29140,26.40424
Week 2,30 Dec 2003,26.09190,26.26721
Week 3,06 Jan 2004,25.91127,26.23077
Week 4,13 Jan 2004,25.91091,26.30237

Week 1,20 Jan 2004,25.97450,26.37557
Week 2,27 Jan 2004,25.65633,26.27419
Week 3,03 Feb 2004,25.73873,25.98609
Week 4,10 Feb 2004,25.51553,25.83570

Week 1,17 Feb 2004,25.53510,25.99863
Week 2,24 Feb 2004,25.82614,26.15740
Week 3,02 Mar 2004,25.77560,26.11107
Week 4,09 Mar 2004,25.83380,26.02594

Week 1,16 Mar 2004,25.58560,25.99200
Week 2,23 Mar 2004,25.80467,26.07574
Week 3,30 Mar 2004,26.34363,26.61840
Week 4,06 Apr 2004,26.02271,26.53161

Week 1,13 Apr 2004,26.28910,26.49209
Week 2,20 Apr 2004,26.22566,26.35274
Week 3,27 Apr 2004,26.07159,26.57643
Week 4,04 May 2004,26.00954,26.43060

Week 1,11 May 2004,26.05346,26.31643
Week 2,18 May 2004,25.93624,26.05263
Week 3,25 May 2004,25.77754,25.89607
Week 4,01 Jun 2004,25.64869,25.76237

Week 1,08 Jun 2004,25.69623,25.81049
Week 2,15 Jun 2004,25.45337,25.57554
Week 3,22 Jun 2004,25.08664,25.21006
Week 4,29 Jun 2004,25.10143,25.22281

Week 1,06 Jul 2004,25.10426,25.20974
Week 2,13 Jul 2004,25.13219,25.25129
Week 3,20 Jul 2004,25.12687,25.23403
Week 4,27 Jul 2004,25.10596,25.23933

Week 1,03 Aug 2004,25.00650,25.13370
Week 2,10 Aug 2004,24.92337,25.04294
Week 3,17 Aug 2004,24.91680,25.02177
Week 4,24 Aug 2004,24.85860,24.96989

Week 1,31 Aug 2004,24.80241,24.90977
Week 2,07 Sep 2004,24.75680,24.86659
Week 3,14 Sep 2004,24.92530,25.04753
Week 4,21 Sep 2004,24.95143,25.09146

Week 1,28 Sep 2004,24.99349,25.10573
Week 2,05 Oct 2004,24.57660,25.54397
Week 3,12 Oct 2004,24.68193,25.29133
Week 4,19 Oct 2004,24.63179,25.21006

Week 1,26 Oct 2004,24.43023,24.98887
Week 2,02 Nov 2004,24.09167,25.00241
Week 3,09 Nov 2004,24.21206,24.77361
Week 4,16 Nov 2004,23.61831,24.18761

Week 1,23 Nov 2004,23.25966,23.71800
Week 2,30 Nov 2004,23.63257,23.71169
Week 3,07 Dec 2004,23.88234,23.94997
Week 4,14 Dec 2004,24.06120,24.14167

Week 1,21 Dec 2004,23.97877,24.06343
Week 2,28 Dec 2004,23.51799,24.28047
Week 3,04 Jan 2005,23.75130,24.31457
Week 4,11 Jan 2005,23.65524,24.21141

Week 1,18 Jan 2005,23.66709,23.75693
Week 2,25 Jan 2005,23.49461,23.57076
Week 3,01 Feb 2005,23.54073,23.62783
Week 4,08 Feb 2005,23.63759,23.72797

Week 1,15 Feb 2005,23.28973,23.59213
Week 2,22 Feb 2005,23.07769,23.16911
Week 3,01 Mar 2005,22.97433,23.13626
Week 4,08 Mar 2005,22.92569,23.01946

Week 1,15 Mar 2005,22.97279,23.06756
Week 2,22 Mar 2005,23.11441,23.19920
Week 3,29 Mar 2005,23.23690,23.31781
Week 4,05 Apr 2005,23.05019,23.33969

Week 1,12 Apr 2005,23.18283,23.26030
Week 2,19 Apr 2005,22.96800,23.05430
Week 3,26 Apr 2005,22.86489,22.93693
Week 4,03 May 2005,22.98601,23.09089

Week 1,10 May 2005,22.92694,23.25371
Week 2,17 May 2005,23.10446,23.21257
Week 3,24 May 2005,22.95933,23.06689
Week 4,31 May 2005,23.07040,23.17570

Week 1,07 Jun 2005,23.06940,23.17796
Week 2,14 Jun 2005,23.19290,23.30081
Week 3,21 Jun 2005,23.18974,23.29744
Week 4,28 Jun 2005,23.58014,23.68557

Week 1,05 Jul 2005,24.07330,24.17734
Week 2,12 Jul 2005,23.78893,23.97861
Week 3,19 Jul 2005,23.70060,23.82616
Week 4,26 Jul 2005,23.55819,23.65981

Week 1,02 Aug 2005,23.36726,23.47640
Week 2,09 Aug 2005,23.24087,23.35657
Week 3,16 Aug 2005,23.38586,23.48994
Week 4,23 Aug 2005,23.51391,23.60634

Week 1,30 Aug 2005,23.40063,23.49631
Week 2,06 Sep 2005,23.35654,23.47750
Week 3,13 Sep 2005,23.30613,23.55791
Week 4,20 Sep 2005,23.42997,23.53993

Week 1,27 Sep 2005,23.52807,23.78160
Week 2,04 Oct 2005,23.46233,23.57371
Week 3,11 Oct 2005,23.10397,23.34790
Week 4,18 Oct 2005,23.38390,23.48189

Week 1,25 Oct 2005,23.16921,23.29606
Week 2,01 Nov 2005,23.03143,23.15046
Week 3,08 Nov 2005,22.84134,22.93123
Week 4,15 Nov 2005,22.32754,22.88333

Week 1,22 Nov 2005,22.44924,23.08113
Week 2,29 Nov 2005,22.20996,22.83886
Week 3,06 Dec 2005,22.05744,22.68067
Week 4,13 Dec 2005,22.04109,22.66384

Week 1,20 Dec 2005,22.19053,22.82356
Week 2,27 Dec 2005,22.12799,22.76306
Week 3,03 Jan 2006,21.66110,22.79714
Week 4,10 Jan 2006,21.84950,22.64094

Week 1,17 Jan 2006,21.95716,22.61806
Week 2,24 Jan 2006,21.77187,22.46276
Week 3,31 Jan 2006,21.49397,22.44310
Week 4,07 Feb 2006,21.63841,22.34954

Week 1,14 Feb 2006,21.47109,22.44406
Week 2,21 Feb 2006,21.51094,22.17440
Week 3,28 Feb 2006,21.57776,22.21903
Week 4,07 Mar 2006,21.78387,22.43647

Week 1,14 Mar 2006,21.57746,22.30870
Week 2,21 Mar 2006,21.49810,22.30477
Week 3,28 Mar 2006,21.56426,22.19441
Week 4,04 Apr 2006,21.18419,21.82893

Week 1,11 Apr 2006,20.92716,21.75857
Week 2,18 Apr 2006,20.64129,21.43831
Week 3,25 Apr 2006,20.57039,21.34719
Week 4,02 May 2006,20.63359,21.25490

Week 1,09 May 2006,20.32293,21.13681
Week 2,16 May 2006,20.52746,21.11484
Week 3,23 May 2006,20.40213,21.11756
Week 4,30 May 2006,20.13129,20.97656

Week 1,06 Jun 2006,20.32477,21.15806
Week 2,13 Jun 2006,20.57284,21.21229
Week 3,20 Jun 2006,20.42787,21.21934
Week 4,27 Jun 2006,20.37120,20.95764

Week 1,04 Jul 2006,20.25391,20.94623
Week 2,11 Jul 2006,20.03304,21.11859
Week 3,18 Jul 2006,20.07419,20.71614
Week 4,25 Jul 2006,20.09669,20.67424

Week 1,01 Aug 2006,20.20183,21.05563
Week 2,08 Aug 2006,20.16516,21.22646
Week 3,15 Aug 2006,20.36166,21.06957
Week 4,22 Aug 2006,20.35361,20.93016

Week 1,29 Aug 2006,20.29091,21.00290
Week 2,05 Sep 2006,20.42814,21.01063
Week 3,12 Sep 2006,20.48274,21.06894
Week 4,19 Sep 2006,20.28584,20.98451

Week 1,26 Sep 2006,20.32504,20.91351
Week 2,03 Oct 2006,20.44226,21.10013
Week 3,10 Oct 2006,20.74844,21.39166
Week 4,17 Oct 2006,20.81173,21.43771

Week 1,24 Oct 2006,20.65227,21.41426
Week 2,31 Oct 2006,20.55414,21.28983
Week 3,07 Nov 2006,20.61353,21.24269
Week 4,14 Nov 2006,20.54110,21.15649

Week 1,21 Nov 2006,20.43451,21.21829
Week 2,28 Nov 2006,20.54070,21.06810
Week 3,05 Dec 2006,20.27064,21.06094
Week 4,12 Dec 2006,20.32071,21.03086

Week 1,19 Dec 2006,20.57081,21.08831
Week 2,26 Dec 2006,20.73480,21.27909
Week 3,02 Jan 2007,20.78240,21.30479
Week 4,09 Jan 2007,20.74950,21.51409

Week 1,16 Jan 2007,20.86140,21.52501
Week 2,23 Jan 2007,20.97963,21.51393
Week 3,30 Jan 2007,20.93059,21.69077
Week 4,06 Feb 2007,20.90376,21.47427

Week 1,13 Feb 2007,20.90931,21.61880
Week 2,20 Feb 2007,20.79447,21.64799
Week 3,27 Feb 2007,20.83084,21.70609
Week 4,06 Mar 2007,20.98419,21.75659

Week 1,13 Mar 2007,21.06630,21.69166
Week 2,20 Mar 2007,21.18249,21.80474
Week 3,27 Mar 2007,21.34116,22.09596
Week 4,03 Apr 2007,21.42086,22.16584

Week 1,10 Apr 2007,21.53879,22.06736
Week 2,17 Apr 2007,21.81414,22.46487
Week 3,24 Apr 2007,22.51717,22.57766
Week 4,01 May 2007,22.41177,22.83444

Week 1,08 May 2007,22.33316,22.66854
Week 2,15 May 2007,22.56000,22.97583
Week 3,22 May 2007,22.83456,22.98170
Week 4,29 May 2007,22.84313,22.91741

Week 1,05 Jun 2007,22.70186,22.76469
Week 2,12 Jun 2007,22.62106,22.80457
Week 3,19 Jun 2007,22.61866,22.88241
Week 4,26 Jun 2007,22.58583,22.72919

Week 1,03 Jul 2007,22.64553,22.78946
Week 2,10 Jul 2007,22.68464,22.76073
Week 3,17 Jul 2007,22.60036,22.80059
Week 4,24 Jul 2007,22.61063,22.85544

Week 1,31 Jul 2007,22.72429,22.90410
Week 2,07 Aug 2007,22.82206,22.88563
Week 3,14 Aug 2007,22.92703,23.11057
Week 4,21 Aug 2007,22.89431,23.01581

Week 1,28 Aug 2007,22.87431,22.94050
Week 2,04 Sep 2007,22.95789,23.03006
Week 3,11 Sep 2007,22.96766,23.03324
Week 4,18 Sep 2007,22.97987,23.03851

Week 1,25 Sep 2007,23.03961,23.10507
Week 2,02 Oct 2007,23.09833,23.15766
Week 3,09 Oct 2007,23.26564,23.32543
Week 4,16 Oct 2007,23.11274,23.17057

Week 1,23 Oct 2007,23.04746,23.10630
Week 2,30 Oct 2007,22.91963,22.98501
Week 3,06 Nov 2007,23.04903,23.11211
Week 4,13 Nov 2007,23.25626,23.31457

Week 1,20 Nov 2007,23.41964,23.48411
Week 2,27 Nov 2007,23.30170,23.35919
Week 3,04 Dec 2007,23.33917,23.40401
Week 4,11 Dec 2007,23.52430,23.58937

Week 1,18 Dec 2007,23.70489,23.76363
Week 2,25 Dec 2007,23.66149,23.83719
Week 3,01 Jan 2008,23.73711,24.02841
Week 4,08 Jan 2008,23.83806,23.90264

Week 1,15 Jan 2008,23.91737,23.97536
Week 2,22 Jan 2008,23.98563,24.04286
Week 3,29 Jan 2008,23.98623,24.04379
Week 4,05 Feb 2008,23.78010,23.85157

Week 1,12 Feb 2008,23.78434,23.84907
Week 2,19 Feb 2008,23.65436,23.71776
Week 3,26 Feb 2008,23.51930,23.58927
Week 4,04 Mar 2008,23.51590,23.57017

Week 1,11 Mar 2008,24.16986,24.38626
Week 2,18 Mar 2008,24.71683,24.87650
Week 3,25 Mar 2008,24.60431,24.88546
Week 4,01 Apr 2008,24.33431,24.57039

Week 1,08 Apr 2008,24.38076,24.44764
Week 2,15 Apr 2008,24.77243,25.03919
Week 3,22 Apr 2008,24.80707,24.86800
Week 4,29 Apr 2008,24.81361,24.86699

Week 1,06 May 2008,24.96400,25.01674
Week 2,13 May 2008,24.44061,24.69959
Week 3,20 May 2008,24.38270,24.46573
Week 4,27 May 2008,24.21603,24.28803

Week 1,03 Jun 2008,23.86366,24.04023
Week 2,10 Jun 2008,24.15040,24.20167
Week 3,17 Jun 2008,23.97023,24.02920
Week 4,24 Jun 2008,24.19247,24.26306

Week 1,01 Jul 2008,24.11596,24.35034
Week 2,08 Jul 2008,23.27376,23.46203
Week 3,15 Jul 2008,23.56647,23.65767
Week 4,22 Jul 2008,23.84543,23.94003

Week 1,29 Jul 2008,23.82739,23.92306
Week 2,05 Aug 2008,24.10647,24.41784
Week 3,12 Aug 2008,24.15323,24.32576
Week 4,19 Aug 2008,24.21277,24.32131

Week 1,26 Aug 2008,24.63373,24.85796
Week 2,02 Sep 2008,25.17993,25.40661
Week 3,09 Sep 2008,24.25727,24.37343
Week 4,16 Sep 2008,24.42843,24.69527

Week 1,23 Sep 2008,24.78607,24.94440
Week 2,30 Sep 2008,25.48774,25.79774
Week 3,07 Oct 2008,26.86820,27.25390
Week 4,14 Oct 2008,25.79900,26.24000

Week 1,21 Oct 2008,26.63723,27.17777
Week 2,28 Oct 2008,25.53511,26.36361
Week 3,04 Nov 2008,26.39833,27.01761
Week 4,11 Nov 2008,27.62920,28.14410

Week 1,18 Nov 2008,28.81669,29.47070
Week 2,25 Nov 2008,29.21724,29.90170
Week 3,02 Dec 2008,29.08066,29.55154
Week 4,09 Dec 2008,28.07631,28.47447

Week 1,16 Dec 2008,26.75033,27.42061
Week 2,23 Dec 2008,26.60481,27.45189
Week 3,30 Dec 2008,25.87713,26.46520
Week 4,06 Jan 2009,26.67819,27.28157

Week 1,13 Jan 2009,27.22180,27.74117
Week 2,20 Jan 2009,27.50421,27.96197
Week 3,27 Jan 2009,27.77126,28.33003
Week 4,03 Feb 2009,28.01639,28.36260

Week 1,10 Feb 2009,28.42689,28.76771
Week 2,17 Feb 2009,29.43044,29.74859
Week 3,24 Feb 2009,29.82263,30.12593
Week 4,03 Mar 2009,29.86454,30.15210

Week 1,10 Mar 2009,28.39921,28.91077
Week 2,17 Mar 2009,26.99839,27.36950
Week 3,24 Mar 2009,26.22881,26.43400
Week 4,31 Mar 2009,26.29241,26.76859

Week 1,07 Apr 2009,26.08000,26.44809
Week 2,14 Apr 2009,26.58083,26.89701
Week 3,21 Apr 2009,26.52997,26.81213
Week 4,28 Apr 2009,25.77573,26.38260

Week 1,05 May 2009,25.36243,25.62124
Week 2,12 May 2009,25.01141,25.27497
Week 3,19 May 2009,26.06934,26.33737
Week 4,26 May 2009,26.36780,26.63774

Week 1,02 Jun 2009,26.22723,26.62866
Week 2,09 Jun 2009,26.05506,26.35883
Week 3,16 Jun 2009,25.96949,26.29554
Week 4,23 Jun 2009,26.16373,26.45139

Week 1,30 Jun 2009,26.21050,26.49480
Week 2,07 Jul 2009,25.95097,26.27783
Week 3,14 Jul 2009,25.87497,26.35510
Week 4,21 Jul 2009,25.54246,26.01427

Week 1,28 Jul 2009,25.38054,25.66841
Week 2,04 Aug 2009,25.43999,25.73710
Week 3,11 Aug 2009,25.52333,25.80623
Week 4,18 Aug 2009,25.41580,25.85304

Week 1,25 Aug 2009,25.26689,25.79483
Week 2,01 Sep 2009,25.25334,25.56747
Week 3,08 Sep 2009,25.02793,25.30334
Week 4,15 Sep 2009,24.70321,25.22126

Week 1,22 Sep 2009,24.45139,24.92860
Week 2,29 Sep 2009,24.32347,24.78536
Week 3,06 Oct 2009,24.71364,25.15540
Week 4,13 Oct 2009,24.91417,25.32120

Week 1,20 Oct 2009,25.34466,25.47654
Week 2,27 Oct 2009,25.00020,25.34439
Week 3,03 Nov 2009,24.90927,25.03951
Week 4,10 Nov 2009,24.82964,25.00333

Week 1,17 Nov 2009,24.84019,25.01203
Week 2,24 Nov 2009,24.74726,25.12367
Week 3,01 Dec 2009,24.78024,25.05804
Week 4,08 Dec 2009,24.79406,25.12291

Week 1,15 Dec 2009,24.80797,24.99601
Week 2,22 Dec 2009,24.84119,25.50583
Week 3,29 Dec 2009,24.71124,25.26676
Week 4,05 Jan 2010,24.60151,24.82496

Week 1,12 Jan 2010,24.42766,24.75144
Week 2,19 Jan 2010,24.69529,24.81340
Week 3,26 Jan 2010,24.80021,25.22567
Week 4,02 Feb 2010,24.87221,25.08051

Week 1,09 Feb 2010,24.76269,24.94901
Week 2,16 Feb 2010,24.72150,25.06100
Week 3,23 Feb 2010,24.89174,25.16743
Week 4,02 Mar 2010,24.85201,25.19276

Week 1,09 Mar 2010,24.82486,24.90037
Week 2,16 Mar 2010,24.90903,24.97199
Week 3,23 Mar 2010,25.05011,25.16267
Week 4,30 Mar 2010,24.92189,25.38401

Week 1,06 Apr 2010,25.22221,25.30470
Week 2,13 Apr 2010,24.83701,25.24406
Week 3,20 Apr 2010,24.92960,25.00993
Week 4,27 Apr 2010,24.81953,25.09873

Week 1,04 May 2010,24.96773,25.33763
Week 2,11 May 2010,25.02007,25.21301
Week 3,18 May 2010,25.25903,25.39744
Week 4,25 May 2010,25.86940,26.13580

Week 1,01 Jun 2010,25.61263,25.82834
Week 2,08 Jun 2010,26.38990,26.50817
Week 3,15 Jun 2010,26.05874,26.34809
Week 4,22 Jun 2010,25.74380,25.96421

Week 1,29 Jun 2010,25.99259,26.35287
Week 2,06 Jul 2010,25.70361,25.93139
Week 3,13 Jul 2010,25.53140,25.80991
Week 4,20 Jul 2010,25.40130,25.74747

Week 1,27 Jul 2010,25.35747,25.44173
Week 2,03 Aug 2010,25.16764,25.37961
Week 3,10 Aug 2010,25.16041,25.37170
Week 4,17 Aug 2010,25.14656,25.44539

Week 1,24 Aug 2010,25.35694,25.58359
Week 2,31 Aug 2010,25.21320,25.42483
Week 3,07 Sep 2010,25.01057,25.21994
Week 4,14 Sep 2010,24.84209,25.25879

Week 1,21 Sep 2010,25.26299,25.47810
Week 2,28 Sep 2010,25.26930,25.48590
Week 3,05 Oct 2010,25.01789,25.44907
Week 4,12 Oct 2010,24.94691,25.31064

Week 1,19 Oct 2010,25.15904,25.37340
Week 2,26 Oct 2010,25.07301,25.30103
Week 3,02 Nov 2010,24.84497,25.12636
Week 4,09 Nov 2010,24.80139,25.07529

Week 1,16 Nov 2010,24.71973,25.00141
Week 2,23 Nov 2010,24.93066,25.20409
Week 3,30 Nov 2010,25.09360,25.37346
Week 4,07 Dec 2010,24.86114,25.15494

Week 1,14 Dec 2010,24.91267,25.20823
Week 2,21 Dec 2010,24.82139,25.48444
Week 3,28 Dec 2010,24.65616,25.27827
Week 4,04 Jan 2011,24.46533,24.72244

Week 1,11 Jan 2011,24.21520,24.61160
Week 2,18 Jan 2011,24.03000,24.41893
Week 3,25 Jan 2011,24.06914,24.32630
Week 4,01 Feb 2011,24.09553,24.34921

Week 1,08 Feb 2011,24.24293,24.49177
Week 2,15 Feb 2011,24.39331,24.63901
Week 3,22 Feb 2011,24.64450,24.90240
Week 4,01 Mar 2011,24.75424,24.93421

Week 1,08 Mar 2011,24.38356,24.64194
Week 2,15 Mar 2011,24.49083,24.74799
Week 3,22 Mar 2011,24.45576,24.71041
Week 4,29 Mar 2011,24.17993,24.43670

Week 1,05 Apr 2011,24.15003,24.40881
Week 2,12 Apr 2011,24.15697,24.41321
Week 3,19 Apr 2011,24.03853,24.30023
Week 4,26 Apr 2011,23.88941,24.14327

Week 1,03 May 2011,23.96614,24.21581
Week 2,10 May 2011,23.96299,24.21636
Week 3,17 May 2011,23.87503,24.18159
Week 4,24 May 2011,23.91311,24.15983

Week 1,31 May 2011,23.83389,24.08473
Week 2,07 Jun 2011,23.63479,24.08997
Week 3,14 Jun 2011,23.75426,24.05264
Week 4,21 Jun 2011,23.55509,23.90730

Week 1,28 Jun 2011,23.60140,23.85043
Week 2,05 Jul 2011,23.57787,23.82246
Week 3,12 Jul 2011,23.48833,23.73953
Week 4,19 Jul 2011,23.42926,23.72506

Week 1,26 Jul 2011,23.56336,23.86499
Week 2,02 Aug 2011,23.54810,23.82754
Week 3,09 Aug 2011,23.64549,23.91426
Week 4,16 Aug 2011,23.40913,23.77194

Week 1,23 Aug 2011,23.37833,23.60356
Week 2,30 Aug 2011,23.11686,23.35437
Week 3,06 Sep 2011,23.03223,23.27907
Week 4,13 Sep 2011,22.82721,23.07536

Week 1,20 Sep 2011,23.25646,23.57853
Week 2,27 Sep 2011,23.54000,23.78184
Week 3,04 Oct 2011,23.67231,23.98110
Week 4,11 Oct 2011,23.35233,23.63229

Week 1,18 Oct 2011,22.76639,22.99654
Week 2,25 Oct 2011,22.45176,22.67826
Week 3,01 Nov 2011,22.44981,22.67457
Week 4,08 Nov 2011,22.31546,22.47693

Week 1,15 Nov 2011,22.06846,22.21709
Week 2,22 Nov 2011,21.87784,22.11424
Week 3,29 Nov 2011,21.79207,22.18113
Week 4,06 Dec 2011,21.76924,21.96877

Week 1,13 Dec 2011,21.19517,21.47953
Week 2,20 Dec 2011,21.26154,21.47710
Week 3,27 Dec 2011,21.16791,21.39510
Week 4,03 Jan 2012,21.36014,21.59456

Week 1,10 Jan 2012,21.84693,22.05330
Week 2,17 Jan 2012,22.08799,22.30594
Week 3,24 Jan 2012,22.20503,22.43096
Week 4,31 Jan 2012,22.48749,22.71079

Week 1,07 Feb 2012,22.40873,22.63070
Week 2,14 Feb 2012,22.52626,22.74806
Week 3,21 Feb 2012,22.64079,22.85910
Week 4,28 Feb 2012,22.46107,22.75543

Week 1,06 Mar 2012,22.19353,22.46201
Week 2,13 Mar 2012,21.97466,22.22216
Week 3,20 Mar 2012,21.60599,22.02864
Week 4,27 Mar 2012,21.67180,21.96486

Week 1,03 Apr 2012,21.66103,21.87941
Week 2,10 Apr 2012,21.59266,21.94960
Week 3,17 Apr 2012,21.53977,21.78496
Week 4,24 Apr 2012,21.26386,21.46576

Week 1,01 May 2012,20.90864,21.29079
Week 2,08 May 2012,21.10423,21.35110
Week 3,15 May 2012,21.14211,21.35316
Week 4,22 May 2012,20.96229,21.22854

Week 1,29 May 2012,20.93580,21.27019
Week 2,05 Jun 2012,20.98481,21.36781
Week 3,12 Jun 2012,20.72809,21.15190
Week 4,19 Jun 2012,20.30710,20.60197

Week 1,26 Jun 2012,20.25573,20.60581
Week 2,03 Jul 2012,20.47929,20.80796
Week 3,10 Jul 2012,20.56051,20.91330
Week 4,17 Jul 2012,20.66366,20.84967

Week 1,24 Jul 2012,20.48471,20.65739
Week 2,31 Jul 2012,20.22987,20.54169
Week 3,07 Aug 2012,20.40271,20.55497
Week 4,14 Aug 2012,20.32150,20.41391

Week 1,21 Aug 2012,20.33653,20.60530
Week 2,28 Aug 2012,20.34543,20.51177
Week 3,04 Sep 2012,20.25809,20.53219
Week 4,11 Sep 2012,20.44384,20.62853

Week 1,18 Sep 2012,20.80416,20.95960
Week 2,25 Sep 2012,20.99189,21.27514
Week 3,02 Oct 2012,21.27506,21.50811
Week 4,09 Oct 2012,21.02450,21.24503

Week 1,16 Oct 2012,20.66661,20.88593
Week 2,23 Oct 2012,20.33564,20.61234
Week 3,30 Oct 2012,20.13004,20.39989
Week 4,06 Nov 2012,19.85336,20.12116

Week 1,13 Nov 2012,19.72969,19.88663
Week 2,20 Nov 2012,19.51417,19.78290
Week 3,27 Nov 2012,19.55113,19.85091
Week 4,04 Dec 2012,19.79567,19.99311

Week 1,11 Dec 2012,19.63696,19.89333
Week 2,18 Dec 2012,19.48236,19.62484
Week 3,25 Dec 2012,19.44411,19.53714
Week 4,01 Jan 2013,19.28099,19.55759

Week 1,08 Jan 2013,19.11880,19.41430
Week 2,15 Jan 2013,19.36450,19.66244
Week 3,22 Jan 2013,19.80873,20.00207
Week 4,29 Jan 2013,20.30353,20.51854

Week 1,05 Feb 2013,20.31793,20.59939
Week 2,12 Feb 2013,19.94501,20.21137
Week 3,19 Feb 2013,19.78593,20.06853
Week 4,26 Feb 2013,19.78470,20.04350

Week 1,05 Mar 2013,19.79786,20.06167
Week 2,12 Mar 2013,20.27464,20.44593
Week 3,19 Mar 2013,20.42974,20.69103
Week 4,26 Mar 2013,20.28077,20.58936

Week 1,02 Apr 2013,20.35976,20.79101
Week 2,09 Apr 2013,20.69676,20.91651
Week 3,16 Apr 2013,20.61767,20.90530
Week 4,23 Apr 2013,20.52523,20.69739

Week 1,30 Apr 2013,20.39527,20.66411
Week 2,07 May 2013,20.10566,20.38576
Week 3,14 May 2013,20.21170,20.47674
Week 4,21 May 2013,20.07606,20.34831

Week 1,28 May 2013,19.95047,20.17460
Week 2,04 Jun 2013,19.56303,19.83624
Week 3,11 Jun 2013,19.44649,19.56850
Week 4,18 Jun 2013,19.27530,19.39117

Week 1,25 Jun 2013,19.12857,19.29934
Week 2,02 Jul 2013,18.85507,18.98103
Week 3,09 Jul 2013,18.78309,18.89974
Week 4,16 Jul 2013,18.77213,18.87461

Week 1,23 Jul 2013,18.68107,18.90464
Week 2,30 Jul 2013,18.36704,18.51269
Week 3,06 Aug 2013,18.21921,18.28263
Week 4,13 Aug 2013,18.01436,18.07953

Week 1,20 Aug 2013,17.34600,17.44641
Week 2,27 Aug 2013,16.59053,16.78896
Week 3,03 Sep 2013,16.46439,16.66687
Week 4,10 Sep 2013,16.89230,17.17864

Week 1,17 Sep 2013,17.17713,17.31369
Week 2,24 Sep 2013,17.13254,17.27900
Week 3,01 Oct 2013,17.25877,17.50523
Week 4,08 Oct 2013,17.43826,17.65741

Week 1,15 Oct 2013,17.39754,17.50291
Week 2,22 Oct 2013,17.26970,17.40834
Week 3,29 Oct 2013,17.15060,17.35890
Week 4,05 Nov 2013,16.90346,17.10896

Week 1,12 Nov 2013,16.77523,16.98496
Week 2,19 Nov 2013,16.90906,17.01426
Week 3,26 Nov 2013,16.98361,17.06271
Week 4,03 Dec 2013,17.14779,17.22697

Week 1,10 Dec 2013,17.04956,17.16223
Week 2,17 Dec 2013,17.04209,17.11721
Week 3,24 Dec 2013,17.06810,17.17990
Week 4,31 Dec 2013,16.98197,17.07937

Week 1,07 Jan 2014,17.16999,17.26840
Week 2,14 Jan 2014,17.22233,17.39889
Week 3,21 Jan 2014,17.22909,17.37414
Week 4,28 Jan 2014,17.17819,17.27650

Week 1,04 Feb 2014,17.28474,17.38120
Week 2,11 Feb 2014,17.18716,17.25800
Week 3,18 Feb 2014,17.20454,17.31076
Week 4,25 Feb 2014,17.24331,17.32151

Week 1,04 Mar 2014,17.34227,17.42093
Week 2,11 Mar 2014,17.42350,17.53231
Week 3,18 Mar 2014,17.53251,17.63206
Week 4,25 Mar 2014,17.78874,17.89006

Week 1,01 Apr 2014,17.58850,17.69573
Week 2,08 Apr 2014,17.18164,17.38769
Week 3,15 Apr 2014,17.17189,17.25973
Week 4,22 Apr 2014,17.04483,17.15153

Week 1,29 Apr 2014,17.09333,17.17470
Week 2,06 May 2014,17.08356,17.16504
Week 3,13 May 2014,17.25020,17.42666
Week 4,20 May 2014,17.48330,17.60563

Week 1,27 May 2014,17.31399,17.38993
Week 2,03 Jun 2014,17.25973,17.34227
Week 3,10 Jun 2014,17.10209,17.18389
Week 4,17 Jun 2014,16.94251,17.01504

Week 1,24 Jun 2014,16.88311,16.95426
Week 2,01 Jul 2014,16.86609,16.93331
Week 3,08 Jul 2014,16.91054,16.98216
Week 4,15 Jul 2014,17.06099,17.13331

Week 1,22 Jul 2014,17.06844,17.14970
Week 2,29 Jul 2014,16.99834,17.07853
Week 3,05 Aug 2014,16.88154,16.94940
Week 4,12 Aug 2014,16.76503,16.84311

Week 1,19 Aug 2014,16.79087,16.87060
Week 2,26 Aug 2014,16.70681,16.88730
Week 3,02 Sep 2014,16.75596,17.03733
Week 4,09 Sep 2014,16.83380,17.12400

Week 1,16 Sep 2014,16.92677,17.24781
Week 2,23 Sep 2014,16.93407,17.21516
Week 3,30 Sep 2014,17.12219,17.22951
Week 4,07 Oct 2014,17.38141,17.58191

Week 1,14 Oct 2014,17.30270,17.38729
Week 2,21 Oct 2014,17.26091,17.33490
Week 3,28 Oct 2014,17.16317,17.47419
Week 4,04 Nov 2014,17.53443,17.86051

Week 1,11 Nov 2014,17.72767,17.89611
Week 2,18 Nov 2014,17.91044,17.98500
Week 3,25 Nov 2014,17.76874,18.05661
Week 4,02 Dec 2014,17.98359,18.07353

Week 1,09 Dec 2014,17.72586,17.80006
Week 2,16 Dec 2014,17.25434,17.32639
Week 3,23 Dec 2014,17.30314,17.37426
Week 4,30 Dec 2014,17.30290,17.37449

Week 1,06 Jan 2015,17.39450,17.46906
Week 2,13 Jan 2015,17.40557,17.48176
Week 3,20 Jan 2015,17.54621,17.62473
Week 4,27 Jan 2015,17.65981,17.73799

Week 1,03 Feb 2015,17.65666,17.73511
Week 2,10 Feb 2015,17.63693,17.71470
Week 3,17 Feb 2015,17.77781,17.85601
Week 4,24 Feb 2015,17.80387,17.88306

Week 1,03 Mar 2015,17.68724,17.76680
Week 2,10 Mar 2015,17.93751,18.01904
Week 3,17 Mar 2015,17.89597,17.97803
Week 4,24 Mar 2015,17.62547,17.70534

Week 1,31 Mar 2015,17.54061,17.64309
Week 2,07 Apr 2015,17.48316,17.58023
Week 3,14 Apr 2015,17.42231,17.51510
Week 4,21 Apr 2015,17.03564,17.13047

Week 1,28 Apr 2015,16.86007,16.95117
Week 2,05 May 2015,16.98560,17.07759
Week 3,12 May 2015,17.05256,17.14309
Week 4,19 May 2015,17.14214,17.23393

Week 1,26 May 2015,17.31201,17.40453
Week 2,02 Jun 2015,17.40549,17.49933
Week 3,09 Jun 2015,17.39297,17.48580
Week 4,16 Jun 2015,17.35061,17.44667

Week 1,23 Jun 2015,17.47853,17.57299
Week 2,30 Jun 2015,17.66411,17.75430
Week 3,07 Jul 2015,17.83330,17.93109
Week 4,14 Jul 2015,18.03241,18.13101

Week 1,21 Jul 2015,18.17947,18.27644
Week 2,28 Jul 2015,18.17367,18.26949
Week 3,04 Aug 2015,18.24729,18.34334
Week 4,11 Aug 2015,18.12804,18.22159

Week 1,18 Aug 2015,18.06633,18.15721
Week 2,25 Aug 2015,17.82237,17.91323
Week 3,01 Sep 2015,17.86061,17.95024
Week 4,08 Sep 2015,17.85947,17.94936

Week 1,15 Sep 2015,17.71110,17.80239
Week 2,22 Sep 2015,17.94397,18.03491
Week 3,29 Sep 2015,17.97066,18.06237
Week 4,06 Oct 2015,17.75804,17.85016

Week 1,13 Oct 2015,17.49589,17.58627
Week 2,20 Oct 2015,17.41129,17.50194
Week 3,27 Oct 2015,17.41831,17.50890
Week 4,03 Nov 2015,17.34181,17.42271

Week 1,10 Nov 2015,17.54539,17.62794
Week 2,17 Nov 2015,17.47070,17.79120
Week 3,24 Nov 2015,17.24333,17.41569
Week 4,01 Dec 2015,17.35479,17.51194

Week 1,08 Dec 2015,17.48013,17.78593
Week 2,15 Dec 2015,17.71501,17.81959
Week 3,22 Dec 2015,17.58710,17.90159
Week 4,29 Dec 2015,17.59304,17.92503

Week 1,05 Jan 2016,17.75610,18.08156
Week 2,12 Jan 2016,17.84160,18.16169
Week 3,19 Jan 2016,17.73509,17.89149
Week 4,26 Jan 2016,17.58174,17.89421

Week 1,02 Feb 2016,17.71924,17.82006
Week 2,09 Feb 2016,17.54423,17.84026
Week 3,16 Feb 2016,17.79444,17.99891
Week 4,23 Feb 2016,17.85466,18.17716

Week 1,01 Mar 2016,17.87139,18.19413
Week 2,08 Mar 2016,17.69029,18.00864
Week 3,15 Mar 2016,17.50603,17.65636
Week 4,22 Mar 2016,17.40167,17.48911

Week 1,29 Mar 2016,17.32770,17.41550
Week 2,05 Apr 2016,17.31939,17.40709
Week 3,12 Apr 2016,17.20350,17.28773
Week 4,19 Apr 2016,17.12426,17.21223

Week 1,26 Apr 2016,17.17309,17.26029
Week 2,03 May 2016,17.37107,17.45833
Week 3,10 May 2016,17.50716,17.59533
Week 4,17 May 2016,17.59593,17.68024

Week 1,24 May 2016,17.56640,17.65441
Week 2,31 May 2016,17.55579,17.64366
Week 3,07 Jun 2016,17.37246,17.45967
Week 4,14 Jun 2016,17.37131,17.52529

Week 1,21 Jun 2016,17.09591,17.19510
Week 2,28 Jun 2016,17.06849,17.23023
Week 3,05 Jul 2016,17.08613,17.22720
Week 4,12 Jul 2016,16.98820,17.07536

Week 1,19 Jul 2016,16.90240,16.98923
Week 2,26 Jul 2016,16.67410,16.91160
Week 3,02 Aug 2016,16.61817,16.71797
Week 4,09 Aug 2016,16.45321,16.56551

Week 1,16 Aug 2016,16.49066,16.60059
Week 2,23 Aug 2016,16.61477,16.74296
Week 3,30 Aug 2016,16.66631,16.75194
Week 4,06 Sep 2016,16.47243,16.58467

Week 1,13 Sep 2016,16.64767,16.87233
Week 2,20 Sep 2016,16.54006,16.65284
Week 3,27 Sep 2016,16.49076,16.57663
Week 4,04 Oct 2016,16.65270,16.76749

Week 1,11 Oct 2016,16.82340,16.98506
Week 2,18 Oct 2016,16.82021,17.08766
Week 3,25 Oct 2016,17.03023,17.13286
Week 4,01 Nov 2016,17.09721,17.21363

Week 1,08 Nov 2016,17.13671,17.36317
Week 2,15 Nov 2016,17.18396,17.43490
Week 3,22 Nov 2016,17.14316,17.27363
Week 4,29 Nov 2016,17.09236,17.18091

Week 1,06 Dec 2016,17.24950,17.36009
Week 2,13 Dec 2016,17.36727,17.47016
Week 3,20 Dec 2016,17.57779,17.69627
Week 4,27 Dec 2016,17.63083,17.85809

Week 1,03 Jan 2017,17.58133,17.70157
Week 2,10 Jan 2017,17.34790,17.46456
Week 3,17 Jan 2017,17.19300,17.30933
Week 4,24 Jan 2017,17.11209,17.24423

Week 1,31 Jan 2017,16.97714,17.17746
Week 2,07 Feb 2017,16.97401,17.22430
Week 3,14 Feb 2017,16.99384,17.21037
Week 4,21 Feb 2017,16.96844,17.07124

Week 1,28 Feb 2017,17.08795,17.20265
Week 2,07 Mar 2017,17.23003,17.34910
Week 3,14 Mar 2017,17.17198,17.44909
Week 4,21 Mar 2017,17.07354,17.18387

Week 1,28 Mar 2017,17.13938,17.23101
Week 2,04 Apr 2017,17.32654,17.60532
Week 3,11 Apr 2017,17.45503,17.79860
Week 4,18 Apr 2017,17.52089,17.64158

Week 1,25 Apr 2017,17.57726,17.67038
Week 2,02 May 2017,17.59064,17.71490
Week 3,09 May 2017,17.48663,17.60417
Week 4,16 May 2017,17.34358,17.45779

Week 1,23 May 2017,17.29791,17.38628
Week 2,30 May 2017,17.33846,17.45663
Week 3,06 Jun 2017,17.40235,17.48169
Week 4,13 Jun 2017,17.50268,17.58136

Week 1,20 Jun 2017,17.57877,17.68948
Week 2,27 Jun 2017,17.63856,17.71680
Week 3,04 Jul 2017,17.67383,17.93705
Week 4,11 Jul 2017,17.64065,17.70997

Week 1,18 Jul 2017,17.40382,17.47234
Week 2,25 Jul 2017,17.38657,17.46350
Week 3,01 Aug 2017,17.59676,17.66634
Week 4,08 Aug 2017,17.75165,17.82004

Week 1,15 Aug 2017,17.72709,17.79632
Week 2,22 Aug 2017,17.59633,17.66554
Week 3,29 Aug 2017,17.52784,17.59771
Week 4,05 Sep 2017,17.63957,17.70932

Week 1,12 Sep 2017,17.62014,17.69032
Week 2,19 Sep 2017,17.46245,17.53197
Week 3,26 Sep 2017,17.44156,17.49898
Week 4,03 Oct 2017,17.44649,17.50787

Week 1,10 Oct 2017,17.36166,17.42327
Week 2,17 Oct 2017,17.36011,17.42163
Week 3,24 Oct 2017,17.30893,17.37064
Week 4,31 Oct 2017,17.22118,17.28217

Week 1,07 Nov 2017,17.11370,17.17633
Week 2,14 Nov 2017,16.80961,17.03138
Week 3,21 Nov 2017,16.77791,16.84981
Week 4,28 Nov 2017,16.78731,16.84602

Week 1,05 Dec 2017,16.86775,16.92220

