BRZ->TRY

Week 1,01 Dec 1998,0.25261,0.25304
Week 2,08 Dec 1998,0.25350,0.25387
Week 3,15 Dec 1998,0.25557,0.25591
Week 4,22 Dec 1998,0.25913,0.25947

Week 1,29 Dec 1998,0.26060,0.26103
Week 2,05 Jan 1999,0.26347,0.26389
Week 3,12 Jan 1999,0.23353,0.23601
Week 4,19 Jan 1999,0.19950,0.20218

Week 1,26 Jan 1999,0.16645,0.16941
Week 2,02 Feb 1999,0.18408,0.18619
Week 3,09 Feb 1999,0.17720,0.17921
Week 4,16 Feb 1999,0.17896,0.18092

Week 1,23 Feb 1999,0.17271,0.17402
Week 2,02 Mar 1999,0.17400,0.17551
Week 3,09 Mar 1999,0.18980,0.19079
Week 4,16 Mar 1999,0.19557,0.19675

Week 1,23 Mar 1999,0.20528,0.20638
Week 2,30 Mar 1999,0.21568,0.21782
Week 3,06 Apr 1999,0.21936,0.22036
Week 4,13 Apr 1999,0.22781,0.22893

Week 1,20 Apr 1999,0.22655,0.22790
Week 2,27 Apr 1999,0.23273,0.23348
Week 3,04 May 1999,0.23357,0.23408
Week 4,11 May 1999,0.23823,0.23883

Week 1,18 May 1999,0.23621,0.23690
Week 2,25 May 1999,0.23370,0.23419
Week 3,01 Jun 1999,0.23490,0.23557
Week 4,08 Jun 1999,0.23259,0.23319

Week 1,15 Jun 1999,0.23489,0.23557
Week 2,22 Jun 1999,0.23292,0.23349
Week 3,29 Jun 1999,0.23700,0.23764
Week 4,06 Jul 1999,0.23867,0.23923

Week 1,13 Jul 1999,0.23850,0.23910
Week 2,20 Jul 1999,0.23695,0.23749
Week 3,27 Jul 1999,0.23764,0.23825
Week 4,03 Aug 1999,0.23535,0.23599

Week 1,10 Aug 1999,0.23373,0.23430
Week 2,17 Aug 1999,0.23120,0.23206
Week 3,24 Aug 1999,0.23090,0.23163
Week 4,31 Aug 1999,0.23195,0.23265

Week 1,07 Sep 1999,0.23970,0.24036
Week 2,14 Sep 1999,0.24337,0.24392
Week 3,21 Sep 1999,0.24222,0.24278
Week 4,28 Sep 1999,0.23777,0.23835

Week 1,05 Oct 1999,0.23885,0.23959
Week 2,12 Oct 1999,0.24065,0.24161
Week 3,19 Oct 1999,0.23791,0.23843
Week 4,26 Oct 1999,0.24412,0.24485

Week 1,02 Nov 1999,0.25111,0.25194
Week 2,09 Nov 1999,0.25644,0.25710
Week 3,16 Nov 1999,0.25966,0.26022
Week 4,23 Nov 1999,0.26523,0.26566

Week 1,30 Nov 1999,0.26748,0.26792
Week 2,07 Dec 1999,0.27885,0.27943
Week 3,14 Dec 1999,0.29028,0.29116
Week 4,21 Dec 1999,0.29302,0.29376

Week 1,28 Dec 1999,0.29872,0.29955
Week 2,04 Jan 2000,0.29328,0.29403
Week 3,11 Jan 2000,0.29894,0.29958
Week 4,18 Jan 2000,0.30700,0.30760

Week 1,25 Jan 2000,0.31064,0.31147
Week 2,01 Feb 2000,0.31474,0.31551
Week 3,08 Feb 2000,0.31704,0.31767
Week 4,15 Feb 2000,0.31765,0.31837

Week 1,22 Feb 2000,0.31834,0.31904
Week 2,29 Feb 2000,0.32702,0.32781
Week 3,07 Mar 2000,0.33121,0.33205
Week 4,14 Mar 2000,0.33240,0.33310

Week 1,21 Mar 2000,0.33560,0.33637
Week 2,28 Mar 2000,0.33741,0.33800
Week 3,04 Apr 2000,0.33792,0.33867
Week 4,11 Apr 2000,0.33439,0.33508

Week 1,18 Apr 2000,0.33245,0.33291
Week 2,25 Apr 2000,0.33722,0.33798
Week 3,02 May 2000,0.34069,0.34150
Week 4,09 May 2000,0.33730,0.33805

Week 1,16 May 2000,0.33820,0.33881
Week 2,23 May 2000,0.33509,0.33588
Week 3,30 May 2000,0.33799,0.33874
Week 4,06 Jun 2000,0.33974,0.34051

Week 1,13 Jun 2000,0.33873,0.33961
Week 2,20 Jun 2000,0.34110,0.34188
Week 3,27 Jun 2000,0.34215,0.34288
Week 4,04 Jul 2000,0.34452,0.34533

Week 1,11 Jul 2000,0.34695,0.34780
Week 2,18 Jul 2000,0.35053,0.35139
Week 3,25 Jul 2000,0.35384,0.35475
Week 4,01 Aug 2000,0.35706,0.35783

Week 1,08 Aug 2000,0.35803,0.35891
Week 2,15 Aug 2000,0.35558,0.35637
Week 3,22 Aug 2000,0.35600,0.35689
Week 4,29 Aug 2000,0.35732,0.35796

Week 1,05 Sep 2000,0.36250,0.36338
Week 2,12 Sep 2000,0.36288,0.36357
Week 3,19 Sep 2000,0.36070,0.36144
Week 4,26 Sep 2000,0.35998,0.36078

Week 1,03 Oct 2000,0.36072,0.36159
Week 2,10 Oct 2000,0.36121,0.36203
Week 3,17 Oct 2000,0.36221,0.36296
Week 4,24 Oct 2000,0.35739,0.35811

Week 1,31 Oct 2000,0.35252,0.35330
Week 2,07 Nov 2000,0.34792,0.34859
Week 3,14 Nov 2000,0.34935,0.35013
Week 4,21 Nov 2000,0.35507,0.35589

Week 1,28 Nov 2000,0.34681,0.34747
Week 2,05 Dec 2000,0.34418,0.34501
Week 3,12 Dec 2000,0.34603,0.34668
Week 4,19 Dec 2000,0.34435,0.34512

Week 1,26 Dec 2000,0.34280,0.34366
Week 2,02 Jan 2001,0.34156,0.34220
Week 3,09 Jan 2001,0.34194,0.34279
Week 4,16 Jan 2001,0.34327,0.34411

Week 1,23 Jan 2001,0.34319,0.34402
Week 2,30 Jan 2001,0.34096,0.34179
Week 3,06 Feb 2001,0.34066,0.34141
Week 4,13 Feb 2001,0.34318,0.34395

Week 1,20 Feb 2001,0.33830,0.33894
Week 2,27 Feb 2001,0.43764,0.45509
Week 3,06 Mar 2001,0.42643,0.46742
Week 4,13 Mar 2001,0.45740,0.48263

Week 1,20 Mar 2001,0.45148,0.46280
Week 2,27 Mar 2001,0.46563,0.48992
Week 3,03 Apr 2001,0.54786,0.55772
Week 4,10 Apr 2001,0.55549,0.57337

Week 1,17 Apr 2001,0.54651,0.55776
Week 2,24 Apr 2001,0.52251,0.53424
Week 3,01 May 2001,0.51003,0.52717
Week 4,08 May 2001,0.50341,0.51391

Week 1,15 May 2001,0.48130,0.48932
Week 2,22 May 2001,0.47340,0.48117
Week 3,29 May 2001,0.47935,0.49206
Week 4,05 Jun 2001,0.48472,0.49409

Week 1,12 Jun 2001,0.49414,0.50239
Week 2,19 Jun 2001,0.52668,0.53941
Week 3,26 Jun 2001,0.54248,0.55301
Week 4,03 Jul 2001,0.53351,0.55343

Week 1,10 Jul 2001,0.52117,0.53963
Week 2,17 Jul 2001,0.53279,0.54447
Week 3,24 Jul 2001,0.53162,0.54318
Week 4,31 Jul 2001,0.53255,0.54613

Week 1,07 Aug 2001,0.55454,0.56319
Week 2,14 Aug 2001,0.55647,0.56946
Week 3,21 Aug 2001,0.57021,0.57566
Week 4,28 Aug 2001,0.53648,0.54504

Week 1,04 Sep 2001,0.54255,0.55045
Week 2,11 Sep 2001,0.54867,0.55188
Week 3,18 Sep 2001,0.54037,0.57986
Week 4,25 Sep 2001,0.54324,0.60055

Week 1,02 Oct 2001,0.55891,0.61739
Week 2,09 Oct 2001,0.55031,0.60701
Week 3,16 Oct 2001,0.56683,0.62561
Week 4,23 Oct 2001,0.56267,0.62215

Week 1,30 Oct 2001,0.55827,0.61724
Week 2,06 Nov 2001,0.56825,0.63219
Week 3,13 Nov 2001,0.57162,0.63701
Week 4,20 Nov 2001,0.56059,0.61665

Week 1,27 Nov 2001,0.56034,0.62580
Week 2,04 Dec 2001,0.56837,0.63639
Week 3,11 Dec 2001,0.57355,0.64281
Week 4,18 Dec 2001,0.59561,0.66783

Week 1,25 Dec 2001,0.59489,0.66843
Week 2,01 Jan 2002,0.58637,0.65908
Week 3,08 Jan 2002,0.54780,0.61506
Week 4,15 Jan 2002,0.53783,0.60614

Week 1,22 Jan 2002,0.53260,0.60120
Week 2,29 Jan 2002,0.51280,0.57889
Week 3,05 Feb 2002,0.52381,0.59036
Week 4,12 Feb 2002,0.52493,0.59025

Week 1,19 Feb 2002,0.53763,0.60469
Week 2,26 Feb 2002,0.55362,0.62409
Week 3,05 Mar 2002,0.54946,0.61939
Week 4,12 Mar 2002,0.54569,0.61563

Week 1,19 Mar 2002,0.54294,0.61254
Week 2,26 Mar 2002,0.54728,0.60435
Week 3,02 Apr 2002,0.55210,0.59629
Week 4,09 Apr 2002,0.55020,0.59538

Week 1,16 Apr 2002,0.53801,0.58737
Week 2,23 Apr 2002,0.54998,0.59378
Week 3,30 Apr 2002,0.54882,0.59067
Week 4,07 May 2002,0.54233,0.58255

Week 1,14 May 2002,0.55044,0.59626
Week 2,21 May 2002,0.53772,0.59882
Week 3,28 May 2002,0.55569,0.57742
Week 4,04 Jun 2002,0.54375,0.56600

Week 1,11 Jun 2002,0.55213,0.58932
Week 2,18 Jun 2002,0.55728,0.57856
Week 3,25 Jun 2002,0.55588,0.57613
Week 4,02 Jul 2002,0.54490,0.58220

Week 1,09 Jul 2002,0.57521,0.60974
Week 2,16 Jul 2002,0.56670,0.59910
Week 3,23 Jul 2002,0.55924,0.58167
Week 4,30 Jul 2002,0.50479,0.53425

Week 1,06 Aug 2002,0.53318,0.55587
Week 2,13 Aug 2002,0.51135,0.52844
Week 3,20 Aug 2002,0.51105,0.54015
Week 4,27 Aug 2002,0.51356,0.54309

Week 1,03 Sep 2002,0.50993,0.53268
Week 2,10 Sep 2002,0.51970,0.54891
Week 3,17 Sep 2002,0.48174,0.50705
Week 4,24 Sep 2002,0.43478,0.45739

Week 1,01 Oct 2002,0.43533,0.45892
Week 2,08 Oct 2002,0.41576,0.43954
Week 3,15 Oct 2002,0.41889,0.43826
Week 4,22 Oct 2002,0.42435,0.44674

Week 1,29 Oct 2002,0.44530,0.46854
Week 2,05 Nov 2002,0.44549,0.47083
Week 3,12 Nov 2002,0.43082,0.45601
Week 4,19 Nov 2002,0.43522,0.46125

Week 1,26 Nov 2002,0.41922,0.44208
Week 2,03 Dec 2002,0.40314,0.42498
Week 3,10 Dec 2002,0.39972,0.42328
Week 4,17 Dec 2002,0.45007,0.47443

Week 1,24 Dec 2002,0.45653,0.48056
Week 2,31 Dec 2002,0.45522,0.48167
Week 3,07 Jan 2003,0.48971,0.52008
Week 4,14 Jan 2003,0.49165,0.51773

Week 1,21 Jan 2003,0.46233,0.48442
Week 2,28 Jan 2003,0.45312,0.47505
Week 3,04 Feb 2003,0.44535,0.47105
Week 4,11 Feb 2003,0.44523,0.46710

Week 1,18 Feb 2003,0.43699,0.46674
Week 2,25 Feb 2003,0.44155,0.45837
Week 3,04 Mar 2003,0.44822,0.47379
Week 4,11 Mar 2003,0.45874,0.48743

Week 1,18 Mar 2003,0.48454,0.50895
Week 2,25 Mar 2003,0.49105,0.51948
Week 3,01 Apr 2003,0.49551,0.52692
Week 4,08 Apr 2003,0.49935,0.52973

Week 1,15 Apr 2003,0.49661,0.53740
Week 2,22 Apr 2003,0.50798,0.54737
Week 3,29 Apr 2003,0.51179,0.55342
Week 4,06 May 2003,0.49498,0.53589

Week 1,13 May 2003,0.49105,0.53526
Week 2,20 May 2003,0.47705,0.51481
Week 3,27 May 2003,0.46626,0.50436
Week 4,03 Jun 2003,0.47375,0.51411

Week 1,10 Jun 2003,0.47860,0.51893
Week 2,17 Jun 2003,0.47609,0.51440
Week 3,24 Jun 2003,0.47732,0.51644
Week 4,01 Jul 2003,0.47469,0.51609

Week 1,08 Jul 2003,0.46696,0.51028
Week 2,15 Jul 2003,0.46473,0.50671
Week 3,22 Jul 2003,0.46745,0.50954
Week 4,29 Jul 2003,0.46640,0.50720

Week 1,05 Aug 2003,0.44723,0.48841
Week 2,12 Aug 2003,0.44745,0.48415
Week 3,19 Aug 2003,0.44713,0.48489
Week 4,26 Aug 2003,0.45172,0.49115

Week 1,02 Sep 2003,0.45950,0.48653
Week 2,09 Sep 2003,0.46434,0.48378
Week 3,16 Sep 2003,0.46266,0.48137
Week 4,23 Sep 2003,0.45880,0.47561

Week 1,30 Sep 2003,0.47396,0.49252
Week 2,07 Oct 2003,0.47891,0.49604
Week 3,14 Oct 2003,0.49170,0.51228
Week 4,21 Oct 2003,0.50683,0.52287

Week 1,28 Oct 2003,0.51585,0.53293
Week 2,04 Nov 2003,0.50988,0.52957
Week 3,11 Nov 2003,0.49646,0.51396
Week 4,18 Nov 2003,0.49358,0.50915

Week 1,25 Nov 2003,0.49078,0.50540
Week 2,02 Dec 2003,0.48672,0.50115
Week 3,09 Dec 2003,0.48151,0.49857
Week 4,16 Dec 2003,0.48162,0.49575

Week 1,23 Dec 2003,0.48498,0.49918
Week 2,30 Dec 2003,0.47763,0.49253
Week 3,06 Jan 2004,0.47159,0.48567
Week 4,13 Jan 2004,0.47098,0.48752

Week 1,20 Jan 2004,0.46051,0.47890
Week 2,27 Jan 2004,0.45101,0.47106
Week 3,03 Feb 2004,0.44772,0.46451
Week 4,10 Feb 2004,0.44493,0.46484

Week 1,17 Feb 2004,0.44389,0.45961
Week 2,24 Feb 2004,0.44265,0.46347
Week 3,02 Mar 2004,0.45140,0.46776
Week 4,09 Mar 2004,0.44831,0.46558

Week 1,16 Mar 2004,0.44648,0.46273
Week 2,23 Mar 2004,0.44340,0.45863
Week 3,30 Mar 2004,0.44237,0.46242
Week 4,06 Apr 2004,0.45510,0.47072

Week 1,13 Apr 2004,0.46072,0.47719
Week 2,20 Apr 2004,0.46464,0.48028
Week 3,27 Apr 2004,0.47593,0.49141
Week 4,04 May 2004,0.48345,0.50030

Week 1,11 May 2004,0.48697,0.50168
Week 2,18 May 2004,0.48177,0.49605
Week 3,25 May 2004,0.47637,0.48987
Week 4,01 Jun 2004,0.47118,0.48447

Week 1,08 Jun 2004,0.46996,0.48359
Week 2,15 Jun 2004,0.46870,0.48308
Week 3,22 Jun 2004,0.47072,0.48597
Week 4,29 Jun 2004,0.46875,0.48683

Week 1,06 Jul 2004,0.46759,0.48213
Week 2,13 Jul 2004,0.46742,0.48295
Week 3,20 Jul 2004,0.47345,0.48825
Week 4,27 Jul 2004,0.47789,0.49186

Week 1,03 Aug 2004,0.47354,0.48826
Week 2,10 Aug 2004,0.47502,0.48967
Week 3,17 Aug 2004,0.48468,0.50142
Week 4,24 Aug 2004,0.50492,0.51927

Week 1,31 Aug 2004,0.50645,0.52313
Week 2,07 Sep 2004,0.50722,0.52449
Week 3,14 Sep 2004,0.51498,0.52954
Week 4,21 Sep 2004,0.51664,0.53121

Week 1,28 Sep 2004,0.51840,0.53788
Week 2,05 Oct 2004,0.52225,0.53790
Week 3,12 Oct 2004,0.51534,0.53282
Week 4,19 Oct 2004,0.51120,0.52209

Week 1,26 Oct 2004,0.51096,0.51985
Week 2,02 Nov 2004,0.51591,0.51786
Week 3,09 Nov 2004,0.51587,0.52138
Week 4,16 Nov 2004,0.51755,0.52298

Week 1,23 Nov 2004,0.51502,0.52644
Week 2,30 Nov 2004,0.51827,0.52280
Week 3,07 Dec 2004,0.51247,0.51785
Week 4,14 Dec 2004,0.51332,0.51796

Week 1,21 Dec 2004,0.51134,0.51357
Week 2,28 Dec 2004,0.50171,0.51047
Week 3,04 Jan 2005,0.50850,0.51133
Week 4,11 Jan 2005,0.50245,0.50495

Week 1,18 Jan 2005,0.49708,0.50019
Week 2,25 Jan 2005,0.50026,0.50279
Week 3,01 Feb 2005,0.50431,0.50751
Week 4,08 Feb 2005,0.50652,0.50997

Week 1,15 Feb 2005,0.50653,0.50958
Week 2,22 Feb 2005,0.49525,0.49810
Week 3,01 Mar 2005,0.47878,0.48349
Week 4,08 Mar 2005,0.47450,0.48105

Week 1,15 Mar 2005,0.48667,0.49127
Week 2,22 Mar 2005,0.49341,0.49567
Week 3,29 Mar 2005,0.50789,0.51113
Week 4,05 Apr 2005,0.51842,0.52181

Week 1,12 Apr 2005,0.52286,0.52522
Week 2,19 Apr 2005,0.53065,0.53328
Week 3,26 Apr 2005,0.54441,0.54888
Week 4,03 May 2005,0.54484,0.55081

Week 1,10 May 2005,0.55238,0.55927
Week 2,17 May 2005,0.55739,0.56353
Week 3,24 May 2005,0.57089,0.57729
Week 4,31 May 2005,0.55969,0.56654

Week 1,07 Jun 2005,0.55010,0.55633
Week 2,14 Jun 2005,0.56572,0.57138
Week 3,21 Jun 2005,0.56603,0.57300
Week 4,28 Jun 2005,0.56553,0.57202

Week 1,05 Jul 2005,0.56584,0.57019
Week 2,12 Jul 2005,0.56659,0.57309
Week 3,19 Jul 2005,0.56191,0.56691
Week 4,26 Jul 2005,0.55019,0.55684

Week 1,02 Aug 2005,0.56497,0.56795
Week 2,09 Aug 2005,0.56942,0.57293
Week 3,16 Aug 2005,0.57070,0.57326
Week 4,23 Aug 2005,0.56541,0.56789

Week 1,30 Aug 2005,0.56904,0.57366
Week 2,06 Sep 2005,0.57307,0.57684
Week 3,13 Sep 2005,0.57899,0.58302
Week 4,20 Sep 2005,0.59079,0.59314

Week 1,27 Sep 2005,0.60238,0.60511
Week 2,04 Oct 2005,0.59626,0.59953
Week 3,11 Oct 2005,0.60575,0.60974
Week 4,18 Oct 2005,0.60485,0.60841

Week 1,25 Oct 2005,0.59451,0.59785
Week 2,01 Nov 2005,0.60540,0.60880
Week 3,08 Nov 2005,0.62500,0.62875
Week 4,15 Nov 2005,0.61365,0.61678

Week 1,22 Nov 2005,0.60659,0.60931
Week 2,29 Nov 2005,0.61320,0.61632
Week 3,06 Dec 2005,0.61041,0.61487
Week 4,13 Dec 2005,0.58746,0.59157

Week 1,20 Dec 2005,0.57742,0.58150
Week 2,27 Dec 2005,0.57468,0.57745
Week 3,03 Jan 2006,0.57946,0.58233
Week 4,10 Jan 2006,0.58792,0.59220

Week 1,17 Jan 2006,0.58082,0.58505
Week 2,24 Jan 2006,0.58994,0.59463
Week 3,31 Jan 2006,0.59638,0.60131
Week 4,07 Feb 2006,0.60842,0.61346

Week 1,14 Feb 2006,0.62017,0.62540
Week 2,21 Feb 2006,0.61569,0.62072
Week 3,28 Feb 2006,0.61425,0.61981
Week 4,07 Mar 2006,0.61961,0.62504

Week 1,14 Mar 2006,0.62477,0.63024
Week 2,21 Mar 2006,0.61997,0.62661
Week 3,28 Mar 2006,0.61237,0.62121
Week 4,04 Apr 2006,0.62119,0.62983

Week 1,11 Apr 2006,0.62551,0.63431
Week 2,18 Apr 2006,0.62338,0.63245
Week 3,25 Apr 2006,0.62229,0.63138
Week 4,02 May 2006,0.63276,0.64224

Week 1,09 May 2006,0.64866,0.65792
Week 2,16 May 2006,0.67233,0.68127
Week 3,23 May 2006,0.66657,0.67503
Week 4,30 May 2006,0.68051,0.68969

Week 1,06 Jun 2006,0.68230,0.69099
Week 2,13 Jun 2006,0.69599,0.70495
Week 3,20 Jun 2006,0.73822,0.74724
Week 4,27 Jun 2006,0.72854,0.73768

Week 1,04 Jul 2006,0.71445,0.72375
Week 2,11 Jul 2006,0.69653,0.73359
Week 3,18 Jul 2006,0.70774,0.71693
Week 4,25 Jul 2006,0.68621,0.69532

Week 1,01 Aug 2006,0.67809,0.68688
Week 2,08 Aug 2006,0.66626,0.67552
Week 3,15 Aug 2006,0.67206,0.68048
Week 4,22 Aug 2006,0.68130,0.69012

Week 1,29 Aug 2006,0.67964,0.69157
Week 2,05 Sep 2006,0.68010,0.68905
Week 3,12 Sep 2006,0.67623,0.68543
Week 4,19 Sep 2006,0.67889,0.68801

Week 1,26 Sep 2006,0.68666,0.69574
Week 2,03 Oct 2006,0.68915,0.69811
Week 3,10 Oct 2006,0.68569,0.69499
Week 4,17 Oct 2006,0.68194,0.69138

Week 1,24 Oct 2006,0.67534,0.68463
Week 2,31 Oct 2006,0.67662,0.68601
Week 3,07 Nov 2006,0.67096,0.68011
Week 4,14 Nov 2006,0.66729,0.67624

Week 1,21 Nov 2006,0.67344,0.68275
Week 2,28 Nov 2006,0.66804,0.67702
Week 3,05 Dec 2006,0.66517,0.67451
Week 4,12 Dec 2006,0.66040,0.66930

Week 1,19 Dec 2006,0.65884,0.66791
Week 2,26 Dec 2006,0.65884,0.66795
Week 3,02 Jan 2007,0.65976,0.66904
Week 4,09 Jan 2007,0.66522,0.67439

Week 1,16 Jan 2007,0.66163,0.67064
Week 2,23 Jan 2007,0.66257,0.67103
Week 3,30 Jan 2007,0.66447,0.67287
Week 4,06 Feb 2007,0.66530,0.67396

Week 1,13 Feb 2007,0.66064,0.66900
Week 2,20 Feb 2007,0.65855,0.66723
Week 3,27 Feb 2007,0.66653,0.67462
Week 4,06 Mar 2007,0.67055,0.67887

Week 1,13 Mar 2007,0.66982,0.67827
Week 2,20 Mar 2007,0.66728,0.67613
Week 3,27 Mar 2007,0.67061,0.67945
Week 4,03 Apr 2007,0.66887,0.67815

Week 1,10 Apr 2007,0.67302,0.68091
Week 2,17 Apr 2007,0.66041,0.66925
Week 3,24 Apr 2007,0.65415,0.66261
Week 4,01 May 2007,0.66585,0.67194

Week 1,08 May 2007,0.65836,0.66588
Week 2,15 May 2007,0.66824,0.67493
Week 3,22 May 2007,0.67771,0.68418
Week 4,29 May 2007,0.68039,0.68846

Week 1,05 Jun 2007,0.67634,0.68535
Week 2,12 Jun 2007,0.68134,0.69082
Week 3,19 Jun 2007,0.67856,0.68578
Week 4,26 Jun 2007,0.67633,0.68343

Week 1,03 Jul 2007,0.67450,0.68090
Week 2,10 Jul 2007,0.67548,0.68249
Week 3,17 Jul 2007,0.67997,0.68781
Week 4,24 Jul 2007,0.67437,0.68098

Week 1,31 Jul 2007,0.67897,0.68653
Week 2,07 Aug 2007,0.66515,0.67204
Week 3,14 Aug 2007,0.66728,0.67312
Week 4,21 Aug 2007,0.66472,0.67076

Week 1,28 Aug 2007,0.66371,0.67042
Week 2,04 Sep 2007,0.65907,0.67177
Week 3,11 Sep 2007,0.66089,0.66867
Week 4,18 Sep 2007,0.65810,0.66465

Week 1,25 Sep 2007,0.65500,0.66197
Week 2,02 Oct 2007,0.65519,0.66121
Week 3,09 Oct 2007,0.65640,0.66401
Week 4,16 Oct 2007,0.66595,0.67745

Week 1,23 Oct 2007,0.67053,0.67480
Week 2,30 Oct 2007,0.67164,0.67809
Week 3,06 Nov 2007,0.67703,0.68338
Week 4,13 Nov 2007,0.67601,0.68220

Week 1,20 Nov 2007,0.67075,0.67530
Week 2,27 Nov 2007,0.65934,0.66496
Week 3,04 Dec 2007,0.65888,0.66176
Week 4,11 Dec 2007,0.66029,0.66411

Week 1,18 Dec 2007,0.65934,0.66452
Week 2,25 Dec 2007,0.66014,0.66550
Week 3,01 Jan 2008,0.65526,0.66788
Week 4,08 Jan 2008,0.65493,0.66121

Week 1,15 Jan 2008,0.66049,0.66554
Week 2,22 Jan 2008,0.66408,0.66912
Week 3,29 Jan 2008,0.66318,0.66837
Week 4,05 Feb 2008,0.67684,0.68246

Week 1,12 Feb 2008,0.68417,0.69287
Week 2,19 Feb 2008,0.69693,0.70078
Week 3,26 Feb 2008,0.70697,0.71264
Week 4,04 Mar 2008,0.73087,0.73515

Week 1,11 Mar 2008,0.72468,0.73047
Week 2,18 Mar 2008,0.71797,0.72187
Week 3,25 Mar 2008,0.72925,0.73482
Week 4,01 Apr 2008,0.75026,0.75590

Week 1,08 Apr 2008,0.76423,0.76879
Week 2,15 Apr 2008,0.78493,0.79181
Week 3,22 Apr 2008,0.77436,0.78000
Week 4,29 Apr 2008,0.76237,0.76602

Week 1,06 May 2008,0.75183,0.75511
Week 2,13 May 2008,0.74684,0.75275
Week 3,20 May 2008,0.74974,0.75554
Week 4,27 May 2008,0.74272,0.74870

Week 1,03 Jun 2008,0.75776,0.76174
Week 2,10 Jun 2008,0.76327,0.76934
Week 3,17 Jun 2008,0.76175,0.76521
Week 4,24 Jun 2008,0.76150,0.76779

Week 1,01 Jul 2008,0.76729,0.77325
Week 2,08 Jul 2008,0.75966,0.76560
Week 3,15 Jul 2008,0.75204,0.75782
Week 4,22 Jul 2008,0.75790,0.76397

Week 1,29 Jul 2008,0.74703,0.75293
Week 2,05 Aug 2008,0.73356,0.73911
Week 3,12 Aug 2008,0.72570,0.73217
Week 4,19 Aug 2008,0.72914,0.73499

Week 1,26 Aug 2008,0.72666,0.73017
Week 2,02 Sep 2008,0.71921,0.72351
Week 3,09 Sep 2008,0.69815,0.70131
Week 4,16 Sep 2008,0.68589,0.69046

Week 1,23 Sep 2008,0.67263,0.67655
Week 2,30 Sep 2008,0.65491,0.66040
Week 3,07 Oct 2008,0.61950,0.62608
Week 4,14 Oct 2008,0.67136,0.68473

Week 1,21 Oct 2008,0.72362,0.72984
Week 2,28 Oct 2008,0.71448,0.72858
Week 3,04 Nov 2008,0.70922,0.71442
Week 4,11 Nov 2008,0.70992,0.72016

Week 1,18 Nov 2008,0.70171,0.70866
Week 2,25 Nov 2008,0.67969,0.68550
Week 3,02 Dec 2008,0.63574,0.64461
Week 4,09 Dec 2008,0.64143,0.64955

Week 1,16 Dec 2008,0.64515,0.64914
Week 2,23 Dec 2008,0.62755,0.64864
Week 3,30 Dec 2008,0.64999,0.65577
Week 4,06 Jan 2009,0.67817,0.68451

Week 1,13 Jan 2009,0.68432,0.69346
Week 2,20 Jan 2009,0.70242,0.71393
Week 3,27 Jan 2009,0.70642,0.71142
Week 4,03 Feb 2009,0.70978,0.71801

Week 1,10 Feb 2009,0.71674,0.72513
Week 2,17 Feb 2009,0.71733,0.72898
Week 3,24 Feb 2009,0.71012,0.71804
Week 4,03 Mar 2009,0.72908,0.73871

Week 1,10 Mar 2009,0.74293,0.74936
Week 2,17 Mar 2009,0.74531,0.75588
Week 3,24 Mar 2009,0.73526,0.73856
Week 4,31 Mar 2009,0.71490,0.72406

Week 1,07 Apr 2009,0.71683,0.72010
Week 2,14 Apr 2009,0.73014,0.73344
Week 3,21 Apr 2009,0.73338,0.74278
Week 4,28 Apr 2009,0.73213,0.73671

Week 1,05 May 2009,0.73276,0.74323
Week 2,12 May 2009,0.75008,0.75422
Week 3,19 May 2009,0.75226,0.75536
Week 4,26 May 2009,0.76712,0.77688

Week 1,02 Jun 2009,0.77571,0.79254
Week 2,09 Jun 2009,0.79026,0.79447
Week 3,16 Jun 2009,0.78238,0.80110
Week 4,23 Jun 2009,0.78444,0.79291

Week 1,30 Jun 2009,0.78011,0.79405
Week 2,07 Jul 2009,0.77377,0.78593
Week 3,14 Jul 2009,0.78306,0.79128
Week 4,21 Jul 2009,0.78187,0.79022

Week 1,28 Jul 2009,0.78375,0.79030
Week 2,04 Aug 2009,0.79628,0.80934
Week 3,11 Aug 2009,0.80625,0.81262
Week 4,18 Aug 2009,0.79557,0.82186

Week 1,25 Aug 2009,0.79139,0.81904
Week 2,01 Sep 2009,0.80071,0.80617
Week 3,08 Sep 2009,0.81476,0.82007
Week 4,15 Sep 2009,0.81682,0.82103

Week 1,22 Sep 2009,0.81791,0.82881
Week 2,29 Sep 2009,0.83162,0.84233
Week 3,06 Oct 2009,0.83168,0.84677
Week 4,13 Oct 2009,0.84038,0.85587

Week 1,20 Oct 2009,0.84609,0.85121
Week 2,27 Oct 2009,0.85387,0.86560
Week 3,03 Nov 2009,0.85933,0.86379
Week 4,10 Nov 2009,0.85705,0.86104

Week 1,17 Nov 2009,0.86054,0.86538
Week 2,24 Nov 2009,0.86796,0.87200
Week 3,01 Dec 2009,0.86575,0.87016
Week 4,08 Dec 2009,0.85456,0.85941

Week 1,15 Dec 2009,0.85334,0.85881
Week 2,22 Dec 2009,0.84904,0.86789
Week 3,29 Dec 2009,0.85952,0.86673
Week 4,05 Jan 2010,0.84718,0.85124

Week 1,12 Jan 2010,0.82423,0.83531
Week 2,19 Jan 2010,0.81906,0.82433
Week 3,26 Jan 2010,0.80188,0.81004
Week 4,02 Feb 2010,0.80473,0.81018

Week 1,09 Feb 2010,0.81029,0.82106
Week 2,16 Feb 2010,0.82415,0.83255
Week 3,23 Feb 2010,0.84385,0.85322
Week 4,02 Mar 2010,0.85374,0.87060

Week 1,09 Mar 2010,0.86203,0.86727
Week 2,16 Mar 2010,0.85596,0.86141
Week 3,23 Mar 2010,0.84473,0.86266
Week 4,30 Mar 2010,0.85047,0.85650

Week 1,06 Apr 2010,0.84350,0.85199
Week 2,13 Apr 2010,0.84123,0.84819
Week 3,20 Apr 2010,0.84325,0.84733
Week 4,27 Apr 2010,0.84675,0.86069

Week 1,04 May 2010,0.84605,0.86195
Week 2,11 May 2010,0.85254,0.85807
Week 3,18 May 2010,0.84960,0.85484
Week 4,25 May 2010,0.84967,0.85930

Week 1,01 Jun 2010,0.85797,0.87417
Week 2,08 Jun 2010,0.86613,0.87018
Week 3,15 Jun 2010,0.86733,0.88304
Week 4,22 Jun 2010,0.87921,0.88493

Week 1,29 Jun 2010,0.87232,0.88983
Week 2,06 Jul 2010,0.87782,0.88259
Week 3,13 Jul 2010,0.86585,0.88230
Week 4,20 Jul 2010,0.85652,0.86590

Week 1,27 Jul 2010,0.85513,0.85924
Week 2,03 Aug 2010,0.84973,0.85443
Week 3,10 Aug 2010,0.85331,0.85736
Week 4,17 Aug 2010,0.85018,0.86649

Week 1,24 Aug 2010,0.85954,0.87225
Week 2,31 Aug 2010,0.86437,0.87459
Week 3,07 Sep 2010,0.87148,0.87620
Week 4,14 Sep 2010,0.86417,0.87902

Week 1,21 Sep 2010,0.86098,0.86641
Week 2,28 Sep 2010,0.85175,0.86278
Week 3,05 Oct 2010,0.84490,0.85375
Week 4,12 Oct 2010,0.84331,0.85486

Week 1,19 Oct 2010,0.84321,0.84776
Week 2,26 Oct 2010,0.83716,0.84106
Week 3,02 Nov 2010,0.82986,0.83463
Week 4,09 Nov 2010,0.83172,0.83549

Week 1,16 Nov 2010,0.83926,0.84356
Week 2,23 Nov 2010,0.85333,0.85720
Week 3,30 Nov 2010,0.87103,0.87494
Week 4,07 Dec 2010,0.87935,0.88411

Week 1,14 Dec 2010,0.88925,0.90136
Week 2,21 Dec 2010,0.90931,0.91723
Week 3,28 Dec 2010,0.92271,0.93163
Week 4,04 Jan 2011,0.92911,0.93391

Week 1,11 Jan 2011,0.92656,0.93140
Week 2,18 Jan 2011,0.92664,0.93850
Week 3,25 Jan 2011,0.94464,0.94980
Week 4,01 Feb 2011,0.94486,0.95743

Week 1,08 Feb 2011,0.94730,0.95357
Week 2,15 Feb 2011,0.94740,0.95204
Week 3,22 Feb 2011,0.95721,0.96111
Week 4,01 Mar 2011,0.96785,0.97190

Week 1,08 Mar 2011,0.95582,0.95957
Week 2,15 Mar 2011,0.94552,0.94972
Week 3,22 Mar 2011,0.93737,0.94157
Week 4,29 Mar 2011,0.94318,0.94619

Week 1,05 Apr 2011,0.94884,0.95316
Week 2,12 Apr 2011,0.95769,0.96149
Week 3,19 Apr 2011,0.96620,0.97080
Week 4,26 Apr 2011,0.96666,0.97102

Week 1,03 May 2011,0.95924,0.96322
Week 2,10 May 2011,0.96968,0.97288
Week 3,17 May 2011,0.97460,0.98013
Week 4,24 May 2011,0.98918,0.99278

Week 1,31 May 2011,1.00103,1.00509
Week 2,07 Jun 2011,0.99260,0.99714
Week 3,14 Jun 2011,0.99632,1.00088
Week 4,21 Jun 2011,1.01353,1.01850

Week 1,28 Jun 2011,1.03032,1.03569
Week 2,05 Jul 2011,1.03821,1.04232
Week 3,12 Jul 2011,1.04343,1.04807
Week 4,19 Jul 2011,1.06951,1.07319

Week 1,26 Jul 2011,1.09175,1.09547
Week 2,02 Aug 2011,1.08684,1.09281
Week 3,09 Aug 2011,1.09374,1.10026
Week 4,16 Aug 2011,1.11068,1.11750

Week 1,23 Aug 2011,1.09814,1.10324
Week 2,30 Aug 2011,1.07730,1.08219
Week 3,06 Sep 2011,1.06517,1.06979
Week 4,13 Sep 2011,1.04015,1.04415

Week 1,20 Sep 2011,0.99329,0.99811
Week 2,27 Sep 2011,1.00781,1.01221
Week 3,04 Oct 2011,1.01982,1.02517
Week 4,11 Oct 2011,1.04399,1.04913

Week 1,18 Oct 2011,1.04486,1.04926
Week 2,25 Oct 2011,1.02019,1.02428
Week 3,01 Nov 2011,1.01989,1.02478
Week 4,08 Nov 2011,1.01429,1.01914

Week 1,15 Nov 2011,1.01776,1.02337
Week 2,22 Nov 2011,1.00622,1.01142
Week 3,29 Nov 2011,1.00611,1.01475
Week 4,06 Dec 2011,1.01866,1.02319

Week 1,13 Dec 2011,1.01111,1.01576
Week 2,20 Dec 2011,1.01707,1.02164
Week 3,27 Dec 2011,1.01575,1.02040
Week 4,03 Jan 2012,1.01556,1.02030

Week 1,10 Jan 2012,1.02954,1.03344
Week 2,17 Jan 2012,1.03431,1.03910
Week 3,24 Jan 2012,1.02740,1.03193
Week 4,31 Jan 2012,1.01799,1.02162

Week 1,07 Feb 2012,1.01828,1.02263
Week 2,14 Feb 2012,1.02225,1.02645
Week 3,21 Feb 2012,1.02407,1.02804
Week 4,28 Feb 2012,1.02333,1.02745

Week 1,06 Mar 2012,1.00722,1.01084
Week 2,13 Mar 2012,0.99531,0.99932
Week 3,20 Mar 2012,0.99187,0.99799
Week 4,27 Mar 2012,0.97777,0.98145

Week 1,03 Apr 2012,0.97760,0.98075
Week 2,10 Apr 2012,0.98043,0.98469
Week 3,17 Apr 2012,0.95921,0.96244
Week 4,24 Apr 2012,0.94060,0.94400

Week 1,01 May 2012,0.91688,0.92347
Week 2,08 May 2012,0.91162,0.91491
Week 3,15 May 2012,0.90859,0.91137
Week 4,22 May 2012,0.90764,0.91137

Week 1,29 May 2012,0.91714,0.92022
Week 2,05 Jun 2012,0.90023,0.90670
Week 3,12 Jun 2012,0.88301,0.88729
Week 4,19 Jun 2012,0.87906,0.88193

Week 1,26 Jun 2012,0.88165,0.88555
Week 2,03 Jul 2012,0.89388,0.90020
Week 3,10 Jul 2012,0.89023,0.89353
Week 4,17 Jul 2012,0.89005,0.89377

Week 1,24 Jul 2012,0.89379,0.89683
Week 2,31 Jul 2012,0.87852,0.88141
Week 3,07 Aug 2012,0.88024,0.88325
Week 4,14 Aug 2012,0.88980,0.89221

Week 1,21 Aug 2012,0.88698,0.89115
Week 2,28 Aug 2012,0.88826,0.89234
Week 3,04 Sep 2012,0.88876,0.89243
Week 4,11 Sep 2012,0.88981,0.89352

Week 1,18 Sep 2012,0.88584,0.88951
Week 2,25 Sep 2012,0.88288,0.88650
Week 3,02 Oct 2012,0.88584,0.89070
Week 4,09 Oct 2012,0.88625,0.89113

Week 1,16 Oct 2012,0.88476,0.88777
Week 2,23 Oct 2012,0.88688,0.88957
Week 3,30 Oct 2012,0.88240,0.88496
Week 4,06 Nov 2012,0.87388,0.87719

Week 1,13 Nov 2012,0.86990,0.87293
Week 2,20 Nov 2012,0.85944,0.86255
Week 3,27 Nov 2012,0.84969,0.85225
Week 4,04 Dec 2012,0.85179,0.85434

Week 1,11 Dec 2012,0.85508,0.85756
Week 2,18 Dec 2012,0.85640,0.86292
Week 3,25 Dec 2012,0.86901,0.87183
Week 4,01 Jan 2013,0.87111,0.87396

Week 1,08 Jan 2013,0.87093,0.87372
Week 2,15 Jan 2013,0.86307,0.86702
Week 3,22 Jan 2013,0.86670,0.86963
Week 4,29 Jan 2013,0.88063,0.88515

Week 1,05 Feb 2013,0.89067,0.89322
Week 2,12 Feb 2013,0.89799,0.90076
Week 3,19 Feb 2013,0.90623,0.91023
Week 4,26 Feb 2013,0.90799,0.91227

Week 1,05 Mar 2013,0.91640,0.91911
Week 2,12 Mar 2013,0.91499,0.91836
Week 3,19 Mar 2013,0.90772,0.91139
Week 4,26 Mar 2013,0.89724,0.90102

Week 1,02 Apr 2013,0.89511,0.89863
Week 2,09 Apr 2013,0.90067,0.90673
Week 3,16 Apr 2013,0.89558,0.89981
Week 4,23 Apr 2013,0.89459,0.89875

Week 1,30 Apr 2013,0.89227,0.89613
Week 2,07 May 2013,0.89173,0.89524
Week 3,14 May 2013,0.89945,0.90435
Week 4,21 May 2013,0.90020,0.90573

Week 1,28 May 2013,0.88631,0.89142
Week 2,04 Jun 2013,0.88072,0.88626
Week 3,11 Jun 2013,0.87377,0.87874
Week 4,18 Jun 2013,0.86154,0.86601

Week 1,25 Jun 2013,0.86872,0.87498
Week 2,02 Jul 2013,0.86367,0.86775
Week 3,09 Jul 2013,0.85978,0.86388
Week 4,16 Jul 2013,0.85803,0.86132

Week 1,23 Jul 2013,0.85375,0.85792
Week 2,30 Jul 2013,0.84394,0.84815
Week 3,06 Aug 2013,0.83931,0.84234
Week 4,13 Aug 2013,0.82692,0.83016

Week 1,20 Aug 2013,0.81721,0.82169
Week 2,27 Aug 2013,0.85397,0.85750
Week 3,03 Sep 2013,0.87120,0.87515
Week 4,10 Sep 2013,0.88438,0.88975

Week 1,17 Sep 2013,0.88699,0.89109
Week 2,24 Sep 2013,0.90091,0.90550
Week 3,01 Oct 2013,0.90240,0.90754
Week 4,08 Oct 2013,0.90138,0.90758

Week 1,15 Oct 2013,0.90659,0.91092
Week 2,22 Oct 2013,0.90394,0.90819
Week 3,29 Oct 2013,0.90077,0.90455
Week 4,05 Nov 2013,0.88524,0.89047

Week 1,12 Nov 2013,0.87599,0.87929
Week 2,19 Nov 2013,0.88079,0.88377
Week 3,26 Nov 2013,0.86891,0.87256
Week 4,03 Dec 2013,0.86339,0.86691

Week 1,10 Dec 2013,0.87235,0.87741
Week 2,17 Dec 2013,0.87547,0.87909
Week 3,24 Dec 2013,0.89649,0.90114
Week 4,31 Dec 2013,0.90775,0.91384

Week 1,07 Jan 2014,0.91333,0.91717
Week 2,14 Jan 2014,0.93380,0.93855
Week 3,21 Jan 2014,0.95796,0.96286
Week 4,28 Jan 2014,0.93371,0.93846

Week 1,04 Feb 2014,0.92930,0.93475
Week 2,11 Feb 2014,0.91196,0.91709
Week 3,18 Feb 2014,0.91928,0.92359
Week 4,25 Feb 2014,0.94262,0.94669

Week 1,04 Mar 2014,0.94294,0.94684
Week 2,11 Mar 2014,0.94364,0.94810
Week 3,18 Mar 2014,0.95144,0.95741
Week 4,25 Mar 2014,0.96132,0.96587

Week 1,01 Apr 2014,0.93907,0.94489
Week 2,08 Apr 2014,0.95228,0.95697
Week 3,15 Apr 2014,0.95194,0.95633
Week 4,22 Apr 2014,0.95478,0.95862

Week 1,29 Apr 2014,0.94652,0.95078
Week 2,06 May 2014,0.93676,0.94073
Week 3,13 May 2014,0.94006,0.94406
Week 4,20 May 2014,0.94191,0.94588

Week 1,27 May 2014,0.93598,0.93969
Week 2,03 Jun 2014,0.92540,0.92949
Week 3,10 Jun 2014,0.94214,0.94637
Week 4,17 Jun 2014,0.95563,0.95973

Week 1,24 Jun 2014,0.96268,0.96602
Week 2,01 Jul 2014,0.96072,0.96494
Week 3,08 Jul 2014,0.95465,0.95915
Week 4,15 Jul 2014,0.95149,0.95636

Week 1,22 Jul 2014,0.94320,0.94746
Week 2,29 Jul 2014,0.94356,0.94781
Week 3,05 Aug 2014,0.94136,0.94592
Week 4,12 Aug 2014,0.94844,0.95265

Week 1,19 Aug 2014,0.95695,0.96181
Week 2,26 Aug 2014,0.95650,0.96309
Week 3,02 Sep 2014,0.96069,0.96834
Week 4,09 Sep 2014,0.95820,0.96527

Week 1,16 Sep 2014,0.94175,0.94598
Week 2,23 Sep 2014,0.92994,0.93620
Week 3,30 Sep 2014,0.92566,0.92950
Week 4,07 Oct 2014,0.94142,0.94753

Week 1,14 Oct 2014,0.92866,0.93240
Week 2,21 Oct 2014,0.90547,0.90870
Week 3,28 Oct 2014,0.89938,0.90327
Week 4,04 Nov 2014,0.88419,0.89108

Week 1,11 Nov 2014,0.86959,0.87415
Week 2,18 Nov 2014,0.86691,0.86960
Week 3,25 Nov 2014,0.87348,0.87966
Week 4,02 Dec 2014,0.86771,0.87067

Week 1,09 Dec 2014,0.86606,0.86928
Week 2,16 Dec 2014,0.86795,0.87090
Week 3,23 Dec 2014,0.86241,0.86617
Week 4,30 Dec 2014,0.86843,0.87230

Week 1,06 Jan 2015,0.86323,0.86654
Week 2,13 Jan 2015,0.87098,0.87444
Week 3,20 Jan 2015,0.90002,0.90368
Week 4,27 Jan 2015,0.91479,0.91842

Week 1,03 Feb 2015,0.89040,0.89446
Week 2,10 Feb 2015,0.87460,0.87834
Week 3,17 Feb 2015,0.85893,0.86256
Week 4,24 Feb 2015,0.86716,0.87128

Week 1,03 Mar 2015,0.86321,0.86710
Week 2,10 Mar 2015,0.82717,0.83024
Week 3,17 Mar 2015,0.79884,0.80172
Week 4,24 Mar 2015,0.80740,0.81059

Week 1,31 Mar 2015,0.81586,0.81908
Week 2,07 Apr 2015,0.84143,0.84520
Week 3,14 Apr 2015,0.87482,0.87808
Week 4,21 Apr 2015,0.90130,0.90482

Week 1,28 Apr 2015,0.90115,0.90499
Week 2,05 May 2015,0.88996,0.89432
Week 3,12 May 2015,0.87052,0.87353
Week 4,19 May 2015,0.84921,0.85255

Week 1,26 May 2015,0.83798,0.84129
Week 2,02 Jun 2015,0.84746,0.85097
Week 3,09 Jun 2015,0.87577,0.87936
Week 4,16 Jun 2015,0.87679,0.87944

Week 1,23 Jun 2015,0.85806,0.86082
Week 2,30 Jun 2015,0.85833,0.86214
Week 3,07 Jul 2015,0.84080,0.84384
Week 4,14 Jul 2015,0.83746,0.84027

Week 1,21 Jul 2015,0.83093,0.83287
Week 2,28 Jul 2015,0.81793,0.82054
Week 3,04 Aug 2015,0.79613,0.79802
Week 4,11 Aug 2015,0.80322,0.80591

Week 1,18 Aug 2015,0.83232,0.83487
Week 2,25 Aug 2015,0.81856,0.82126
Week 3,01 Sep 2015,0.79077,0.79345
Week 4,08 Sep 2015,0.78834,0.79092

Week 1,15 Sep 2015,0.77624,0.77862
Week 2,22 Sep 2015,0.74899,0.75184
Week 3,29 Sep 2015,0.75574,0.75806
Week 4,06 Oct 2015,0.76607,0.76823

Week 1,13 Oct 2015,0.75717,0.75935
Week 2,20 Oct 2015,0.74146,0.74380
Week 3,27 Oct 2015,0.74830,0.75033
Week 4,03 Nov 2015,0.75668,0.75850

Week 1,10 Nov 2015,0.75795,0.75968
Week 2,17 Nov 2015,0.75671,0.75938
Week 3,24 Nov 2015,0.76730,0.76995
Week 4,01 Dec 2015,0.75979,0.76296

Week 1,08 Dec 2015,0.76933,0.77143
Week 2,15 Dec 2015,0.74966,0.75191
Week 3,22 Dec 2015,0.73502,0.73747
Week 4,29 Dec 2015,0.74041,0.74253

Week 1,05 Jan 2016,0.74283,0.74502
Week 2,12 Jan 2016,0.75161,0.75383
Week 3,19 Jan 2016,0.73887,0.74093
Week 4,26 Jan 2016,0.73494,0.73734

Week 1,02 Feb 2016,0.74468,0.74683
Week 2,09 Feb 2016,0.74183,0.74428
Week 3,16 Feb 2016,0.73460,0.73687
Week 4,23 Feb 2016,0.74283,0.74496

Week 1,01 Mar 2016,0.75719,0.75927
Week 2,08 Mar 2016,0.78578,0.78785
Week 3,15 Mar 2016,0.78335,0.78565
Week 4,22 Mar 2016,0.78497,0.78742

Week 1,29 Mar 2016,0.78636,0.78855
Week 2,05 Apr 2016,0.78230,0.78459
Week 3,12 Apr 2016,0.80823,0.81055
Week 4,19 Apr 2016,0.79684,0.79948

Week 1,26 Apr 2016,0.80394,0.80669
Week 2,03 May 2016,0.81953,0.82174
Week 3,10 May 2016,0.84329,0.84601
Week 4,17 May 2016,0.84005,0.84258

Week 1,24 May 2016,0.82376,0.82608
Week 2,31 May 2016,0.82086,0.82325
Week 3,07 Jun 2016,0.84592,0.84901
Week 4,14 Jun 2016,0.84693,0.85013

Week 1,21 Jun 2016,0.85914,0.86256
Week 2,28 Jun 2016,0.88564,0.88840
Week 3,05 Jul 2016,0.88063,0.88463
Week 4,12 Jul 2016,0.89091,0.89539

Week 1,19 Jul 2016,0.93030,0.93463
Week 2,26 Jul 2016,0.92172,0.92513
Week 3,02 Aug 2016,0.93132,0.93445
Week 4,09 Aug 2016,0.93615,0.93948

Week 1,16 Aug 2016,0.91332,0.91631
Week 2,23 Aug 2016,0.90964,0.91276
Week 3,30 Aug 2016,0.90922,0.91153
Week 4,06 Sep 2016,0.90947,0.91137

Week 1,13 Sep 2016,0.90418,0.90663
Week 2,20 Sep 2016,0.91340,0.91554
Week 3,27 Sep 2016,0.92036,0.92249
Week 4,04 Oct 2016,0.94137,0.94371

Week 1,11 Oct 2016,0.96154,0.96409
Week 2,18 Oct 2016,0.97073,0.97353
Week 3,25 Oct 2016,0.97857,0.98095
Week 4,01 Nov 2016,0.96586,0.96819

Week 1,08 Nov 2016,0.97356,0.97751
Week 2,15 Nov 2016,0.97387,0.97668
Week 3,22 Nov 2016,1.00228,1.00539
Week 4,29 Nov 2016,1.00412,1.00785

Week 1,06 Dec 2016,1.01841,1.02147
Week 2,13 Dec 2016,1.03790,1.04123
Week 3,20 Dec 2016,1.05723,1.06115
Week 4,27 Dec 2016,1.07687,1.08146

Week 1,03 Jan 2017,1.10922,1.11325
Week 2,10 Jan 2017,1.17233,1.17550
Week 3,17 Jan 2017,1.17956,1.18349
Week 4,24 Jan 2017,1.20866,1.21311

Week 1,31 Jan 2017,1.19686,1.20143
Week 2,07 Feb 2017,1.18512,1.18952
Week 3,14 Feb 2017,1.17953,1.18348
Week 4,21 Feb 2017,1.16487,1.16772

Week 1,28 Feb 2017,1.17544,1.17917
Week 2,07 Mar 2017,1.18350,1.18743
Week 3,14 Mar 2017,1.17622,1.18027
Week 4,21 Mar 2017,1.16634,1.16902

Week 1,28 Mar 2017,1.16007,1.16356
Week 2,04 Apr 2017,1.18027,1.18376
Week 3,11 Apr 2017,1.17837,1.18244
Week 4,18 Apr 2017,1.16436,1.16832

Week 1,25 Apr 2017,1.12675,1.12959
Week 2,02 May 2017,1.11576,1.11852
Week 3,09 May 2017,1.13199,1.13545
Week 4,16 May 2017,1.11722,1.12020

Week 1,23 May 2017,1.09212,1.09460
Week 2,30 May 2017,1.08730,1.08969
Week 3,06 Jun 2017,1.07567,1.07821
Week 4,13 Jun 2017,1.06556,1.06773

Week 1,20 Jun 2017,1.05620,1.05940
Week 2,27 Jun 2017,1.06302,1.06547
Week 3,04 Jul 2017,1.08950,1.09200
Week 4,11 Jul 2017,1.10926,1.11151

Week 1,18 Jul 2017,1.11900,1.12128
Week 2,25 Jul 2017,1.12416,1.12676
Week 3,01 Aug 2017,1.12810,1.13052
Week 4,08 Aug 2017,1.11841,1.12046

Week 1,15 Aug 2017,1.11163,1.11399
Week 2,22 Aug 2017,1.10044,1.10289
Week 3,29 Aug 2017,1.09073,1.09325
Week 4,05 Sep 2017,1.09899,1.10145

Week 1,12 Sep 2017,1.10086,1.10337
Week 2,19 Sep 2017,1.11459,1.11726
Week 3,26 Sep 2017,1.12264,1.12463
Week 4,03 Oct 2017,1.13873,1.14128

Week 1,10 Oct 2017,1.15659,1.15900
Week 2,17 Oct 2017,1.15308,1.15536
Week 3,24 Oct 2017,1.15961,1.16180
Week 4,31 Oct 2017,1.16482,1.16716

Week 1,07 Nov 2017,1.18080,1.18349
Week 2,14 Nov 2017,1.18041,1.18276
Week 3,21 Nov 2017,1.21352,1.21667
Week 4,28 Nov 2017,1.21025,1.21277

Week 1,05 Dec 2017,1.19277,1.19465



