BRZ->GBP

Week 1,01 Dec 1998,0.50181,0.50215
Week 2,08 Dec 1998,0.49658,0.49691
Week 3,15 Dec 1998,0.49287,0.49322
Week 4,22 Dec 1998,0.49428,0.49459

Week 1,29 Dec 1998,0.49908,0.49946
Week 2,05 Jan 1999,0.50179,0.50217
Week 3,12 Jan 1999,0.43933,0.44360
Week 4,19 Jan 1999,0.36831,0.37269

Week 1,26 Jan 1999,0.30449,0.30968
Week 2,02 Feb 1999,0.33428,0.33788
Week 3,09 Feb 1999,0.31892,0.32230
Week 4,16 Feb 1999,0.31714,0.32035

Week 1,23 Feb 1999,0.30534,0.30741
Week 2,02 Mar 1999,0.30198,0.30436
Week 3,09 Mar 1999,0.32374,0.32524
Week 4,16 Mar 1999,0.32989,0.33164

Week 1,23 Mar 1999,0.34142,0.34281
Week 2,30 Mar 1999,0.35892,0.36211
Week 3,06 Apr 1999,0.36320,0.36459
Week 4,13 Apr 1999,0.37021,0.37180

Week 1,20 Apr 1999,0.36368,0.36556
Week 2,27 Apr 1999,0.37010,0.37096
Week 3,04 May 1999,0.36707,0.36766
Week 4,11 May 1999,0.37251,0.37314

Week 1,18 May 1999,0.36791,0.36865
Week 2,25 May 1999,0.36127,0.36179
Week 3,01 Jun 1999,0.35940,0.36019
Week 4,08 Jun 1999,0.35351,0.35414

Week 1,15 Jun 1999,0.35467,0.35538
Week 2,22 Jun 1999,0.35212,0.35277
Week 3,29 Jun 1999,0.35625,0.35693
Week 4,06 Jul 1999,0.35847,0.35905

Week 1,13 Jul 1999,0.35415,0.35480
Week 2,20 Jul 1999,0.35009,0.35061
Week 3,27 Jul 1999,0.34463,0.34527
Week 4,03 Aug 1999,0.33893,0.33966

Week 1,10 Aug 1999,0.33425,0.33487
Week 2,17 Aug 1999,0.32673,0.32771
Week 3,24 Aug 1999,0.32605,0.32683
Week 4,31 Aug 1999,0.32360,0.32431

Week 1,07 Sep 1999,0.32806,0.32876
Week 2,14 Sep 1999,0.32849,0.32903
Week 3,21 Sep 1999,0.32079,0.32130
Week 4,28 Sep 1999,0.31251,0.31307

Week 1,05 Oct 1999,0.31132,0.31208
Week 2,12 Oct 1999,0.31030,0.31126
Week 3,19 Oct 1999,0.30246,0.30292
Week 4,26 Oct 1999,0.31026,0.31102

Week 1,02 Nov 1999,0.31682,0.31769
Week 2,09 Nov 1999,0.31937,0.32000
Week 3,16 Nov 1999,0.31911,0.31962
Week 4,23 Nov 1999,0.32201,0.32234

Week 1,30 Nov 1999,0.32443,0.32477
Week 2,07 Dec 1999,0.32885,0.32932
Week 3,14 Dec 1999,0.33996,0.34079
Week 4,21 Dec 1999,0.33870,0.33936

Week 1,28 Dec 1999,0.34088,0.34157
Week 2,04 Jan 2000,0.33224,0.33286
Week 3,11 Jan 2000,0.33601,0.33654
Week 4,18 Jan 2000,0.34079,0.34125

Week 1,25 Jan 2000,0.34283,0.34350
Week 2,01 Feb 2000,0.35086,0.35151
Week 3,08 Feb 2000,0.35249,0.35294
Week 4,15 Feb 2000,0.35146,0.35205

Week 1,22 Feb 2000,0.35121,0.35177
Week 2,29 Feb 2000,0.35963,0.36028
Week 3,07 Mar 2000,0.36287,0.36356
Week 4,14 Mar 2000,0.36445,0.36501

Week 1,21 Mar 2000,0.36406,0.36469
Week 2,28 Mar 2000,0.36082,0.36117
Week 3,04 Apr 2000,0.36147,0.36206
Week 4,11 Apr 2000,0.35655,0.35714

Week 1,18 Apr 2000,0.35550,0.35600
Week 2,25 Apr 2000,0.35426,0.35485
Week 3,02 May 2000,0.35867,0.35930
Week 4,09 May 2000,0.36041,0.36101

Week 1,16 May 2000,0.36523,0.36570
Week 2,23 May 2000,0.36481,0.36549
Week 3,30 May 2000,0.36637,0.36696
Week 4,06 Jun 2000,0.36632,0.36696

Week 1,13 Jun 2000,0.36584,0.36648
Week 2,20 Jun 2000,0.36513,0.36575
Week 3,27 Jun 2000,0.36444,0.36496
Week 4,04 Jul 2000,0.36619,0.36678

Week 1,11 Jul 2000,0.36818,0.36880
Week 2,18 Jul 2000,0.36855,0.36921
Week 3,25 Jul 2000,0.37036,0.37098
Week 4,01 Aug 2000,0.37218,0.37275

Week 1,08 Aug 2000,0.36968,0.37029
Week 2,15 Aug 2000,0.36864,0.36919
Week 3,22 Aug 2000,0.37108,0.37172
Week 4,29 Aug 2000,0.37480,0.37527

Week 1,05 Sep 2000,0.38294,0.38362
Week 2,12 Sep 2000,0.38806,0.38850
Week 3,19 Sep 2000,0.37714,0.37764
Week 4,26 Sep 2000,0.36992,0.37061

Week 1,03 Oct 2000,0.37000,0.37125
Week 2,10 Oct 2000,0.36826,0.36885
Week 3,17 Oct 2000,0.36722,0.36779
Week 4,24 Oct 2000,0.36016,0.36075

Week 1,31 Oct 2000,0.35793,0.35854
Week 2,07 Nov 2000,0.35777,0.35830
Week 3,14 Nov 2000,0.35777,0.35836
Week 4,21 Nov 2000,0.36571,0.36627

Week 1,28 Nov 2000,0.35476,0.35523
Week 2,05 Dec 2000,0.35088,0.35147
Week 3,12 Dec 2000,0.34729,0.34771
Week 4,19 Dec 2000,0.34628,0.34676

Week 1,26 Dec 2000,0.34308,0.34363
Week 2,02 Jan 2001,0.34232,0.34274
Week 3,09 Jan 2001,0.34488,0.34543
Week 4,16 Jan 2001,0.34791,0.34839

Week 1,23 Jan 2001,0.34710,0.34762
Week 2,30 Jan 2001,0.34381,0.34439
Week 3,06 Feb 2001,0.34537,0.34585
Week 4,13 Feb 2001,0.34553,0.34605

Week 1,20 Feb 2001,0.33979,0.34027
Week 2,27 Feb 2001,0.33699,0.33761
Week 3,06 Mar 2001,0.33395,0.33443
Week 4,13 Mar 2001,0.33026,0.33076

Week 1,20 Mar 2001,0.32561,0.32607
Week 2,27 Mar 2001,0.32725,0.32764
Week 3,03 Apr 2001,0.32199,0.32241
Week 4,10 Apr 2001,0.32292,0.32342

Week 1,17 Apr 2001,0.31270,0.31307
Week 2,24 Apr 2001,0.31053,0.31103
Week 3,01 May 2001,0.31466,0.31509
Week 4,08 May 2001,0.31045,0.31092

Week 1,15 May 2001,0.30157,0.30201
Week 2,22 May 2001,0.30036,0.30080
Week 3,29 May 2001,0.29795,0.29826
Week 4,05 Jun 2001,0.30254,0.30292

Week 1,12 Jun 2001,0.29759,0.29800
Week 2,19 Jun 2001,0.29810,0.29845
Week 3,26 Jun 2001,0.30530,0.30564
Week 4,03 Jul 2001,0.29454,0.29487

Week 1,10 Jul 2001,0.28051,0.28087
Week 2,17 Jul 2001,0.28263,0.28306
Week 3,24 Jul 2001,0.28513,0.28541
Week 4,31 Jul 2001,0.28182,0.28213

Week 1,07 Aug 2001,0.28483,0.28519
Week 2,14 Aug 2001,0.27690,0.27715
Week 3,21 Aug 2001,0.27241,0.27270
Week 4,28 Aug 2001,0.26934,0.26966

Week 1,04 Sep 2001,0.26638,0.26666
Week 2,11 Sep 2001,0.25523,0.25557
Week 3,18 Sep 2001,0.24589,0.25727
Week 4,25 Sep 2001,0.24321,0.25953

Week 1,02 Oct 2001,0.24213,0.25842
Week 2,09 Oct 2001,0.23997,0.25579
Week 3,16 Oct 2001,0.24427,0.26066
Week 4,23 Oct 2001,0.24798,0.26496

Week 1,30 Oct 2001,0.24581,0.26255
Week 2,06 Nov 2001,0.25513,0.27342
Week 3,13 Nov 2001,0.26440,0.28401
Week 4,20 Nov 2001,0.27155,0.28893

Week 1,27 Nov 2001,0.27108,0.29152
Week 2,04 Dec 2001,0.27766,0.29905
Week 3,11 Dec 2001,0.28103,0.30312
Week 4,18 Dec 2001,0.28515,0.30792

Week 1,25 Dec 2001,0.28646,0.30978
Week 2,01 Jan 2002,0.28914,0.31265
Week 3,08 Jan 2002,0.27889,0.30070
Week 4,15 Jan 2002,0.28070,0.30293

Week 1,22 Jan 2002,0.28436,0.30712
Week 2,29 Jan 2002,0.28182,0.30446
Week 3,05 Feb 2002,0.27982,0.30204
Week 4,12 Feb 2002,0.27602,0.29768

Week 1,19 Feb 2002,0.27805,0.30007
Week 2,26 Feb 2002,0.28519,0.30831
Week 3,05 Mar 2002,0.28729,0.31072
Week 4,12 Mar 2002,0.28889,0.31239

Week 1,19 Mar 2002,0.28810,0.31150
Week 2,26 Mar 2002,0.29254,0.30967
Week 3,02 Apr 2002,0.29734,0.30786
Week 4,09 Apr 2002,0.29964,0.31032

Week 1,16 Apr 2002,0.29159,0.30498
Week 2,23 Apr 2002,0.28697,0.29663
Week 3,30 Apr 2002,0.28214,0.29139
Week 4,07 May 2002,0.27430,0.28288

Week 1,14 May 2002,0.27013,0.28153
Week 2,21 May 2002,0.26458,0.28371
Week 3,28 May 2002,0.27197,0.27228
Week 4,04 Jun 2002,0.26160,0.26191

Week 1,11 Jun 2002,0.24731,0.25418
Week 2,18 Jun 2002,0.24250,0.24275
Week 3,25 Jun 2002,0.23261,0.23285
Week 4,02 Jul 2002,0.22508,0.23275

Week 1,09 Jul 2002,0.22560,0.23155
Week 2,16 Jul 2002,0.21915,0.22455
Week 3,23 Jul 2002,0.21438,0.21633
Week 4,30 Jul 2002,0.19620,0.20124

Week 1,06 Aug 2002,0.21490,0.21717
Week 2,13 Aug 2002,0.20615,0.20660
Week 3,20 Aug 2002,0.20789,0.21305
Week 4,27 Aug 2002,0.20757,0.21264

Week 1,03 Sep 2002,0.20437,0.20637
Week 2,10 Sep 2002,0.20373,0.20860
Week 3,17 Sep 2002,0.18944,0.19347
Week 4,24 Sep 2002,0.17073,0.17421

Week 1,01 Oct 2002,0.17142,0.17503
Week 2,08 Oct 2002,0.16400,0.16818
Week 3,15 Oct 2002,0.16602,0.16847
Week 4,22 Oct 2002,0.16603,0.16945

Week 1,29 Oct 2002,0.17186,0.17552
Week 2,05 Nov 2002,0.17580,0.17947
Week 3,12 Nov 2002,0.17112,0.17558
Week 4,19 Nov 2002,0.17677,0.18162

Week 1,26 Nov 2002,0.17675,0.18037
Week 2,03 Dec 2002,0.16850,0.17188
Week 3,10 Dec 2002,0.16604,0.16956
Week 4,17 Dec 2002,0.17663,0.18050

Week 1,24 Dec 2002,0.17525,0.17866
Week 2,31 Dec 2002,0.17517,0.17896
Week 3,07 Jan 2003,0.18489,0.19012
Week 4,14 Jan 2003,0.18583,0.18967

Week 1,21 Jan 2003,0.17309,0.17641
Week 2,28 Jan 2003,0.16891,0.17224
Week 3,04 Feb 2003,0.16853,0.17277
Week 4,11 Feb 2003,0.16905,0.17230

Week 1,18 Feb 2003,0.17208,0.17744
Week 2,25 Feb 2003,0.17680,0.17814
Week 3,04 Mar 2003,0.17554,0.18002
Week 4,11 Mar 2003,0.17906,0.18481

Week 1,18 Mar 2003,0.18259,0.18660
Week 2,25 Mar 2003,0.18482,0.18969
Week 3,01 Apr 2003,0.19148,0.19682
Week 4,08 Apr 2003,0.19646,0.20246

Week 1,15 Apr 2003,0.19835,0.20824
Week 2,22 Apr 2003,0.20272,0.21245
Week 3,29 Apr 2003,0.20744,0.21807
Week 4,06 May 2003,0.20616,0.21630

Week 1,13 May 2003,0.20665,0.21687
Week 2,20 May 2003,0.20026,0.20971
Week 3,27 May 2003,0.20059,0.21004
Week 4,03 Jun 2003,0.20411,0.21400

Week 1,10 Jun 2003,0.20528,0.21537
Week 2,17 Jun 2003,0.20282,0.21275
Week 3,24 Jun 2003,0.20399,0.21421
Week 4,01 Jul 2003,0.20704,0.21759

Week 1,08 Jul 2003,0.20752,0.21808
Week 2,15 Jul 2003,0.21315,0.22412
Week 3,22 Jul 2003,0.20984,0.22038
Week 4,29 Jul 2003,0.20539,0.21560

Week 1,05 Aug 2003,0.20181,0.21163
Week 2,12 Aug 2003,0.20267,0.21255
Week 3,19 Aug 2003,0.20583,0.21617
Week 4,26 Aug 2003,0.20877,0.21946

Week 1,02 Sep 2003,0.21313,0.21786
Week 2,09 Sep 2003,0.21519,0.21543
Week 3,16 Sep 2003,0.21287,0.21310
Week 4,23 Sep 2003,0.20616,0.20636

Week 1,30 Sep 2003,0.20694,0.20715
Week 2,07 Oct 2003,0.21120,0.21147
Week 3,14 Oct 2003,0.20951,0.20975
Week 4,21 Oct 2003,0.20647,0.20668

Week 1,28 Oct 2003,0.20598,0.20621
Week 2,04 Nov 2003,0.20840,0.20863
Week 3,11 Nov 2003,0.20338,0.20361
Week 4,18 Nov 2003,0.20038,0.20059

Week 1,25 Nov 2003,0.19851,0.19872
Week 2,02 Dec 2003,0.19731,0.19751
Week 3,09 Dec 2003,0.19514,0.19535
Week 4,16 Dec 2003,0.19367,0.19388

Week 1,23 Dec 2003,0.19420,0.19441
Week 2,30 Dec 2003,0.19399,0.19418
Week 3,06 Jan 2004,0.19161,0.19181
Week 4,13 Jan 2004,0.19463,0.19482

Week 1,20 Jan 2004,0.19313,0.19332
Week 2,27 Jan 2004,0.18921,0.18943
Week 3,03 Feb 2004,0.18569,0.18588
Week 4,10 Feb 2004,0.18271,0.18289

Week 1,17 Feb 2004,0.18077,0.18095
Week 2,24 Feb 2004,0.18242,0.18261
Week 3,02 Mar 2004,0.18831,0.18849
Week 4,09 Mar 2004,0.19052,0.19070

Week 1,16 Mar 2004,0.18881,0.18899
Week 2,23 Mar 2004,0.18701,0.18718
Week 3,30 Mar 2004,0.18792,0.18809
Week 4,06 Apr 2004,0.18928,0.18947

Week 1,13 Apr 2004,0.19095,0.19113
Week 2,20 Apr 2004,0.19256,0.19274
Week 3,27 Apr 2004,0.19144,0.19162
Week 4,04 May 2004,0.18563,0.18580

Week 1,11 May 2004,0.18232,0.18249
Week 2,18 May 2004,0.17725,0.17742
Week 3,25 May 2004,0.17560,0.17577
Week 4,01 Jun 2004,0.17302,0.17317

Week 1,08 Jun 2004,0.17476,0.17497
Week 2,15 Jun 2004,0.17375,0.17393
Week 3,22 Jun 2004,0.17588,0.17603
Week 4,29 Jun 2004,0.17818,0.17834

Week 1,06 Jul 2004,0.17758,0.17775
Week 2,13 Jul 2004,0.17779,0.17795
Week 3,20 Jul 2004,0.17880,0.17900
Week 4,27 Jul 2004,0.17985,0.18003

Week 1,03 Aug 2004,0.17912,0.17930
Week 2,10 Aug 2004,0.17985,0.18001
Week 3,17 Aug 2004,0.18367,0.18384
Week 4,24 Aug 2004,0.18846,0.18863

Week 1,31 Aug 2004,0.19078,0.19096
Week 2,07 Sep 2004,0.19252,0.19270
Week 3,14 Sep 2004,0.19323,0.19341
Week 4,21 Sep 2004,0.19345,0.19363

Week 1,28 Sep 2004,0.19435,0.19453
Week 2,05 Oct 2004,0.19754,0.19773
Week 3,12 Oct 2004,0.19535,0.19553
Week 4,19 Oct 2004,0.19163,0.19181

Week 1,26 Oct 2004,0.19007,0.19024
Week 2,02 Nov 2004,0.19116,0.19134
Week 3,09 Nov 2004,0.19187,0.19206
Week 4,16 Nov 2004,0.19377,0.19395

Week 1,23 Nov 2004,0.19352,0.19371
Week 2,30 Nov 2004,0.19064,0.19092
Week 3,07 Dec 2004,0.18783,0.18815
Week 4,14 Dec 2004,0.18873,0.18894

Week 1,21 Dec 2004,0.19233,0.19257
Week 2,28 Dec 2004,0.19460,0.19495
Week 3,04 Jan 2005,0.19628,0.19648
Week 4,11 Jan 2005,0.19691,0.19716

Week 1,18 Jan 2005,0.19756,0.19779
Week 2,25 Jan 2005,0.19940,0.19963
Week 3,01 Feb 2005,0.20330,0.20346
Week 4,08 Feb 2005,0.20551,0.20578

Week 1,15 Feb 2005,0.20453,0.20480
Week 2,22 Feb 2005,0.20002,0.20025
Week 3,01 Mar 2005,0.19706,0.19737
Week 4,08 Mar 2005,0.19581,0.19623

Week 1,15 Mar 2005,0.19360,0.19389
Week 2,22 Mar 2005,0.19460,0.19482
Week 3,29 Mar 2005,0.19867,0.19885
Week 4,05 Apr 2005,0.20418,0.20440

Week 1,12 Apr 2005,0.20396,0.20418
Week 2,19 Apr 2005,0.20422,0.20443
Week 3,26 Apr 2005,0.20734,0.20759
Week 4,03 May 2005,0.21297,0.21328

Week 1,10 May 2005,0.21737,0.21772
Week 2,17 May 2005,0.22213,0.22242
Week 3,24 May 2005,0.22776,0.22811
Week 4,31 May 2005,0.22783,0.22814

Week 1,07 Jun 2005,0.22239,0.22273
Week 2,14 Jun 2005,0.22806,0.22836
Week 3,21 Jun 2005,0.23009,0.23041
Week 4,28 Jun 2005,0.23667,0.23703

Week 1,05 Jul 2005,0.24119,0.24148
Week 2,12 Jul 2005,0.24275,0.24310
Week 3,19 Jul 2005,0.24218,0.24251
Week 4,26 Jul 2005,0.23655,0.23679

Week 1,02 Aug 2005,0.24192,0.24225
Week 2,09 Aug 2005,0.23700,0.23737
Week 3,16 Aug 2005,0.23185,0.23220
Week 4,23 Aug 2005,0.23071,0.23104

Week 1,30 Aug 2005,0.23315,0.23351
Week 2,06 Sep 2005,0.23415,0.23451
Week 3,13 Sep 2005,0.23857,0.23896
Week 4,20 Sep 2005,0.24539,0.24577

Week 1,27 Sep 2005,0.25325,0.25365
Week 2,04 Oct 2005,0.25110,0.25147
Week 3,11 Oct 2005,0.25316,0.25358
Week 4,18 Oct 2005,0.25162,0.25202

Week 1,25 Oct 2005,0.24787,0.24814
Week 2,01 Nov 2005,0.25420,0.25461
Week 3,08 Nov 2005,0.26384,0.26427
Week 4,15 Nov 2005,0.26206,0.26250

Week 1,22 Nov 2005,0.25993,0.26036
Week 2,29 Nov 2005,0.26240,0.26283
Week 3,06 Dec 2005,0.25924,0.25967
Week 4,13 Dec 2005,0.24710,0.24747

Week 1,20 Dec 2005,0.24468,0.24506
Week 2,27 Dec 2005,0.24686,0.24726
Week 3,03 Jan 2006,0.24827,0.24870
Week 4,10 Jan 2006,0.24890,0.24930

Week 1,17 Jan 2006,0.24691,0.24731
Week 2,24 Jan 2006,0.25116,0.25153
Week 3,31 Jan 2006,0.25481,0.25522
Week 4,07 Feb 2006,0.26286,0.26331

Week 1,14 Feb 2006,0.26955,0.26998
Week 2,21 Feb 2006,0.26793,0.26838
Week 3,28 Feb 2006,0.26901,0.26947
Week 4,07 Mar 2006,0.26716,0.26760

Week 1,14 Mar 2006,0.26940,0.26983
Week 2,21 Mar 2006,0.26599,0.26667
Week 3,28 Mar 2006,0.26201,0.26294
Week 4,04 Apr 2006,0.26734,0.26831

Week 1,11 Apr 2006,0.26656,0.26750
Week 2,18 Apr 2006,0.26425,0.26518
Week 3,25 Apr 2006,0.26264,0.26355
Week 4,02 May 2006,0.26155,0.26254

Week 1,09 May 2006,0.25437,0.25525
Week 2,16 May 2006,0.24304,0.24387
Week 3,23 May 2006,0.23352,0.23427
Week 4,30 May 2006,0.23351,0.23447

Week 1,06 Jun 2006,0.23750,0.23827
Week 2,13 Jun 2006,0.23823,0.23910
Week 3,20 Jun 2006,0.24284,0.24367
Week 4,27 Jun 2006,0.24782,0.24868

Week 1,04 Jul 2006,0.24890,0.24980
Week 2,11 Jul 2006,0.24221,0.25267
Week 3,18 Jul 2006,0.24683,0.24769
Week 4,25 Jul 2006,0.24564,0.24648

Week 1,01 Aug 2006,0.24303,0.24391
Week 2,08 Aug 2006,0.24223,0.24315
Week 3,15 Aug 2006,0.24616,0.24702
Week 4,22 Aug 2006,0.24587,0.24674

Week 1,29 Aug 2006,0.24406,0.24599
Week 2,05 Sep 2006,0.24709,0.24796
Week 3,12 Sep 2006,0.24595,0.24690
Week 4,19 Sep 2006,0.24178,0.24265

Week 1,26 Sep 2006,0.24235,0.24320
Week 2,03 Oct 2006,0.24556,0.24643
Week 3,10 Oct 2006,0.24975,0.25067
Week 4,17 Oct 2006,0.24945,0.25040

Week 1,24 Oct 2006,0.24744,0.24834
Week 2,31 Oct 2006,0.24480,0.24569
Week 3,07 Nov 2006,0.24423,0.24507
Week 4,14 Nov 2006,0.24408,0.24493

Week 1,21 Nov 2006,0.24082,0.24174
Week 2,28 Nov 2006,0.23462,0.23541
Week 3,05 Dec 2006,0.23620,0.23711
Week 4,12 Dec 2006,0.23761,0.23846

Week 1,19 Dec 2006,0.23646,0.23732
Week 2,26 Dec 2006,0.23787,0.23871
Week 3,02 Jan 2007,0.23915,0.24005
Week 4,09 Jan 2007,0.23909,0.23995

Week 1,16 Jan 2007,0.23741,0.23827
Week 2,23 Jan 2007,0.23764,0.23848
Week 3,30 Jan 2007,0.24045,0.24126
Week 4,06 Feb 2007,0.24318,0.24402

Week 1,13 Feb 2007,0.24377,0.24459
Week 2,20 Feb 2007,0.24451,0.24530
Week 3,27 Feb 2007,0.24144,0.24221
Week 4,06 Mar 2007,0.24484,0.24563

Week 1,13 Mar 2007,0.24617,0.24699
Week 2,20 Mar 2007,0.24626,0.24712
Week 3,27 Mar 2007,0.24640,0.24727
Week 4,03 Apr 2007,0.24860,0.24944

Week 1,10 Apr 2007,0.24899,0.24985
Week 2,17 Apr 2007,0.24586,0.24670
Week 3,24 Apr 2007,0.24608,0.24690
Week 4,01 May 2007,0.24684,0.24770

Week 1,08 May 2007,0.24840,0.24932
Week 2,15 May 2007,0.25535,0.25620
Week 3,22 May 2007,0.25858,0.25953
Week 4,29 May 2007,0.26137,0.26231

Week 1,05 Jun 2007,0.25794,0.25874
Week 2,12 Jun 2007,0.26219,0.26315
Week 3,19 Jun 2007,0.26143,0.26242
Week 4,26 Jun 2007,0.25723,0.25819

Week 1,03 Jul 2007,0.25951,0.26048
Week 2,10 Jul 2007,0.26125,0.26220
Week 3,17 Jul 2007,0.26172,0.26262
Week 4,24 Jul 2007,0.25899,0.26003

Week 1,31 Jul 2007,0.26103,0.26208
Week 2,07 Aug 2007,0.25654,0.25749
Week 3,14 Aug 2007,0.24948,0.25029
Week 4,21 Aug 2007,0.24940,0.25025

Week 1,28 Aug 2007,0.25179,0.25269
Week 2,04 Sep 2007,0.25184,0.25404
Week 3,11 Sep 2007,0.25798,0.25882
Week 4,18 Sep 2007,0.26481,0.26567

Week 1,25 Sep 2007,0.26610,0.26695
Week 2,02 Oct 2007,0.26889,0.26981
Week 3,09 Oct 2007,0.27192,0.27286
Week 4,16 Oct 2007,0.26999,0.27372

Week 1,23 Oct 2007,0.27205,0.27298
Week 2,30 Oct 2007,0.27445,0.27538
Week 3,06 Nov 2007,0.27312,0.27407
Week 4,13 Nov 2007,0.27661,0.27755

Week 1,20 Nov 2007,0.27222,0.27307
Week 2,27 Nov 2007,0.26865,0.26946
Week 3,04 Dec 2007,0.27428,0.27516
Week 4,11 Dec 2007,0.27617,0.27708

Week 1,18 Dec 2007,0.27754,0.27846
Week 2,25 Dec 2007,0.28263,0.28357
Week 3,01 Jan 2008,0.28379,0.28757
Week 4,08 Jan 2008,0.28883,0.29026

Week 1,15 Jan 2008,0.28745,0.28842
Week 2,22 Jan 2008,0.28250,0.28348
Week 3,29 Jan 2008,0.28577,0.28671
Week 4,05 Feb 2008,0.29017,0.29135

Week 1,12 Feb 2008,0.29007,0.29254
Week 2,19 Feb 2008,0.29621,0.29711
Week 3,26 Feb 2008,0.29880,0.29997
Week 4,04 Mar 2008,0.29721,0.29821

Week 1,11 Mar 2008,0.29080,0.29185
Week 2,18 Mar 2008,0.29004,0.29119
Week 3,25 Mar 2008,0.28770,0.28856
Week 4,01 Apr 2008,0.29072,0.29169

Week 1,08 Apr 2008,0.29854,0.29948
Week 2,15 Apr 2008,0.30114,0.30247
Week 3,22 Apr 2008,0.30197,0.30287
Week 4,29 Apr 2008,0.30287,0.30390

Week 1,06 May 2008,0.30385,0.30478
Week 2,13 May 2008,0.30860,0.30953
Week 3,20 May 2008,0.30657,0.30763
Week 4,27 May 2008,0.30636,0.30737

Week 1,03 Jun 2008,0.31228,0.31333
Week 2,10 Jun 2008,0.31224,0.31330
Week 3,17 Jun 2008,0.31529,0.31632
Week 4,24 Jun 2008,0.31428,0.31540

Week 1,01 Jul 2008,0.31292,0.31411
Week 2,08 Jul 2008,0.31388,0.31493
Week 3,15 Jul 2008,0.31347,0.31452
Week 4,22 Jul 2008,0.31704,0.31814

Week 1,29 Jul 2008,0.32210,0.32322
Week 2,05 Aug 2008,0.32290,0.32478
Week 3,12 Aug 2008,0.32631,0.32764
Week 4,19 Aug 2008,0.33028,0.33147

Week 1,26 Aug 2008,0.33417,0.33538
Week 2,02 Sep 2008,0.33236,0.33357
Week 3,09 Sep 2008,0.31790,0.31904
Week 4,16 Sep 2008,0.29978,0.30132

Week 1,23 Sep 2008,0.29427,0.29567
Week 2,30 Sep 2008,0.28554,0.28764
Week 3,07 Oct 2008,0.25600,0.25832
Week 4,14 Oct 2008,0.26624,0.27103

Week 1,21 Oct 2008,0.27001,0.27160
Week 2,28 Oct 2008,0.28594,0.29114
Week 3,04 Nov 2008,0.29283,0.29465
Week 4,11 Nov 2008,0.29191,0.29560

Week 1,18 Nov 2008,0.28060,0.28286
Week 2,25 Nov 2008,0.28199,0.28406
Week 3,02 Dec 2008,0.27102,0.27431
Week 4,09 Dec 2008,0.27670,0.27957

Week 1,16 Dec 2008,0.27739,0.27886
Week 2,23 Dec 2008,0.28124,0.29045
Week 3,30 Dec 2008,0.29192,0.29391
Week 4,06 Jan 2009,0.29346,0.29568

Week 1,13 Jan 2009,0.28933,0.29286
Week 2,20 Jan 2009,0.30252,0.30726
Week 3,27 Jan 2009,0.30360,0.30536
Week 4,03 Feb 2009,0.29872,0.30191

Week 1,10 Feb 2009,0.30219,0.30543
Week 2,17 Feb 2009,0.29634,0.30070
Week 3,24 Feb 2009,0.29193,0.29498
Week 4,03 Mar 2009,0.29413,0.29778

Week 1,10 Mar 2009,0.30743,0.30981
Week 2,17 Mar 2009,0.30770,0.31174
Week 3,24 Mar 2009,0.30498,0.30613
Week 4,31 Mar 2009,0.30184,0.30543

Week 1,07 Apr 2009,0.30864,0.30976
Week 2,14 Apr 2009,0.30772,0.30890
Week 3,21 Apr 2009,0.30719,0.31089
Week 4,28 Apr 2009,0.30906,0.31078

Week 1,05 May 2009,0.31136,0.31558
Week 2,12 May 2009,0.31575,0.31725
Week 3,19 May 2009,0.31203,0.31314
Week 4,26 May 2009,0.31013,0.31119

Week 1,02 Jun 2009,0.31263,0.31732
Week 2,09 Jun 2009,0.31405,0.31526
Week 3,16 Jun 2009,0.30881,0.31409
Week 4,23 Jun 2009,0.30842,0.30963

Week 1,30 Jun 2009,0.31064,0.31406
Week 2,07 Jul 2009,0.30885,0.31239
Week 3,14 Jul 2009,0.31370,0.31484
Week 4,21 Jul 2009,0.31912,0.32030

Week 1,28 Jul 2009,0.32147,0.32242
Week 2,04 Aug 2009,0.32340,0.32701
Week 3,11 Aug 2009,0.32799,0.32914
Week 4,18 Aug 2009,0.32631,0.33066

Week 1,25 Aug 2009,0.32714,0.33228
Week 2,01 Sep 2009,0.32731,0.32869
Week 3,08 Sep 2009,0.32999,0.33094
Week 4,15 Sep 2009,0.33591,0.33714

Week 1,22 Sep 2009,0.34157,0.34562
Week 2,29 Sep 2009,0.34998,0.35397
Week 3,06 Oct 2009,0.35584,0.36173
Week 4,13 Oct 2009,0.35864,0.36463

Week 1,20 Oct 2009,0.35253,0.35364
Week 2,27 Oct 2009,0.34804,0.35166
Week 3,03 Nov 2009,0.34875,0.35008
Week 4,10 Nov 2009,0.34838,0.34943

Week 1,17 Nov 2009,0.34761,0.34886
Week 2,24 Nov 2009,0.34761,0.34860
Week 3,01 Dec 2009,0.34967,0.35070
Week 4,08 Dec 2009,0.34897,0.35022

Week 1,15 Dec 2009,0.34806,0.34906
Week 2,22 Dec 2009,0.34980,0.35680
Week 3,29 Dec 2009,0.35621,0.35805
Week 4,05 Jan 2010,0.35987,0.36090

Week 1,12 Jan 2010,0.34982,0.35273
Week 2,19 Jan 2010,0.34235,0.34391
Week 3,26 Jan 2010,0.33362,0.33633
Week 4,02 Feb 2010,0.33787,0.33956

Week 1,09 Feb 2010,0.34172,0.34534
Week 2,16 Feb 2010,0.34920,0.35222
Week 3,23 Feb 2010,0.35717,0.36042
Week 4,02 Mar 2010,0.36824,0.37485

Week 1,09 Mar 2010,0.37326,0.37477
Week 2,16 Mar 2010,0.37033,0.37211
Week 3,23 Mar 2010,0.36737,0.37458
Week 4,30 Mar 2010,0.36911,0.37128

Week 1,06 Apr 2010,0.36863,0.37176
Week 2,13 Apr 2010,0.36859,0.37111
Week 3,20 Apr 2010,0.36956,0.37077
Week 4,27 Apr 2010,0.37252,0.37810

Week 1,04 May 2010,0.36764,0.37390
Week 2,11 May 2010,0.37868,0.38067
Week 3,18 May 2010,0.37566,0.37758
Week 4,25 May 2010,0.37459,0.37818

Week 1,01 Jun 2010,0.37204,0.37858
Week 2,08 Jun 2010,0.37463,0.37598
Week 3,15 Jun 2010,0.37536,0.38164
Week 4,22 Jun 2010,0.37507,0.37701

Week 1,29 Jun 2010,0.36682,0.37367
Week 2,06 Jul 2010,0.37343,0.37494
Week 3,13 Jul 2010,0.36817,0.37464
Week 4,20 Jul 2010,0.36641,0.36983

Week 1,27 Jul 2010,0.36287,0.36410
Week 2,03 Aug 2010,0.35737,0.35875
Week 3,10 Aug 2010,0.36031,0.36160
Week 4,17 Aug 2010,0.36190,0.36831

Week 1,24 Aug 2010,0.36434,0.36921
Week 2,31 Aug 2010,0.37062,0.37438
Week 3,07 Sep 2010,0.37595,0.37740
Week 4,14 Sep 2010,0.37154,0.37735

Week 1,21 Sep 2010,0.36969,0.37155
Week 2,28 Sep 2010,0.37042,0.37475
Week 3,05 Oct 2010,0.37300,0.37632
Week 4,12 Oct 2010,0.37521,0.37980

Week 1,19 Oct 2010,0.37583,0.37743
Week 2,26 Oct 2010,0.36840,0.36962
Week 3,02 Nov 2010,0.36624,0.36786
Week 4,09 Nov 2010,0.36258,0.36364

Week 1,16 Nov 2010,0.36266,0.36386
Week 2,23 Nov 2010,0.36711,0.36827
Week 3,30 Nov 2010,0.37423,0.37539
Week 4,07 Dec 2010,0.37313,0.37437

Week 1,14 Dec 2010,0.37261,0.37680
Week 2,21 Dec 2010,0.37977,0.38228
Week 3,28 Dec 2010,0.38417,0.38728
Week 4,04 Jan 2011,0.38406,0.38555

Week 1,11 Jan 2011,0.37712,0.37869
Week 2,18 Jan 2011,0.37261,0.37675
Week 3,25 Jan 2011,0.37482,0.37636
Week 4,01 Feb 2011,0.36964,0.37406

Week 1,08 Feb 2011,0.37229,0.37373
Week 2,15 Feb 2011,0.37060,0.37199
Week 3,22 Feb 2011,0.37082,0.37200
Week 4,01 Mar 2011,0.37119,0.37215

Week 1,08 Mar 2011,0.37331,0.37421
Week 2,15 Mar 2011,0.37057,0.37165
Week 3,22 Mar 2011,0.37144,0.37257
Week 4,29 Mar 2011,0.38023,0.38104

Week 1,05 Apr 2011,0.38369,0.38490
Week 2,12 Apr 2011,0.38731,0.38832
Week 3,19 Apr 2011,0.38683,0.38808
Week 4,26 Apr 2011,0.38291,0.38391

Week 1,03 May 2011,0.37906,0.38012
Week 2,10 May 2011,0.37744,0.37823
Week 3,17 May 2011,0.37992,0.38103
Week 4,24 May 2011,0.37810,0.37908

Week 1,31 May 2011,0.38417,0.38522
Week 2,07 Jun 2011,0.38525,0.38645
Week 3,14 Jun 2011,0.38547,0.38673
Week 4,21 Jun 2011,0.38954,0.39044

Week 1,28 Jun 2011,0.39654,0.39805
Week 2,05 Jul 2011,0.39870,0.39980
Week 3,12 Jul 2011,0.39498,0.39625
Week 4,19 Jul 2011,0.39461,0.39540

Week 1,26 Jul 2011,0.39351,0.39437
Week 2,02 Aug 2011,0.38706,0.38869
Week 3,09 Aug 2011,0.37963,0.38119
Week 4,16 Aug 2011,0.37978,0.38156

Week 1,23 Aug 2011,0.37911,0.38027
Week 2,30 Aug 2011,0.38149,0.38248
Week 3,06 Sep 2011,0.37614,0.37716
Week 4,13 Sep 2011,0.37016,0.37098

Week 1,20 Sep 2011,0.35135,0.35250
Week 2,27 Sep 2011,0.34917,0.35014
Week 3,04 Oct 2011,0.35372,0.35494
Week 4,11 Oct 2011,0.36234,0.36356

Week 1,18 Oct 2011,0.35706,0.35806
Week 2,25 Oct 2011,0.35984,0.36069
Week 3,01 Nov 2011,0.36024,0.36148
Week 4,08 Nov 2011,0.35601,0.35705

Week 1,15 Nov 2011,0.35579,0.35730
Week 2,22 Nov 2011,0.34703,0.34838
Week 3,29 Nov 2011,0.35051,0.35293
Week 4,06 Dec 2011,0.35426,0.35538

Week 1,13 Dec 2011,0.34697,0.34819
Week 2,20 Dec 2011,0.34434,0.34537
Week 3,27 Dec 2011,0.34436,0.34538
Week 4,03 Jan 2012,0.34835,0.34943

Week 1,10 Jan 2012,0.35983,0.36081
Week 2,17 Jan 2012,0.36470,0.36595
Week 3,24 Jan 2012,0.36459,0.36580
Week 4,31 Jan 2012,0.36552,0.36639

Week 1,07 Feb 2012,0.36688,0.36799
Week 2,14 Feb 2012,0.36838,0.36947
Week 3,21 Feb 2012,0.36898,0.36997
Week 4,28 Feb 2012,0.36631,0.36736

Week 1,06 Mar 2012,0.35904,0.35990
Week 2,13 Mar 2012,0.35248,0.35349
Week 3,20 Mar 2012,0.34631,0.34805
Week 4,27 Mar 2012,0.34340,0.34433

Week 1,03 Apr 2012,0.34361,0.34435
Week 2,10 Apr 2012,0.34304,0.34422
Week 3,17 Apr 2012,0.33433,0.33514
Week 4,24 Apr 2012,0.32779,0.32856

Week 1,01 May 2012,0.32208,0.32407
Week 2,08 May 2012,0.31776,0.31859
Week 3,15 May 2012,0.31319,0.31388
Week 4,22 May 2012,0.31357,0.31456

Week 1,29 May 2012,0.32007,0.32087
Week 2,05 Jun 2012,0.31771,0.31969
Week 3,12 Jun 2012,0.31168,0.31287
Week 4,19 Jun 2012,0.31106,0.31177

Week 1,26 Jun 2012,0.31087,0.31186
Week 2,03 Jul 2012,0.31707,0.31893
Week 3,10 Jul 2012,0.31608,0.31690
Week 4,17 Jul 2012,0.31516,0.31611

Week 1,24 Jul 2012,0.31500,0.31568
Week 2,31 Jul 2012,0.31360,0.31426
Week 3,07 Aug 2012,0.31588,0.31654
Week 4,14 Aug 2012,0.31532,0.31573

Week 1,21 Aug 2012,0.31258,0.31366
Week 2,28 Aug 2012,0.30942,0.31055
Week 3,04 Sep 2012,0.30818,0.30925
Week 4,11 Sep 2012,0.30662,0.30768

Week 1,18 Sep 2012,0.30394,0.30500
Week 2,25 Sep 2012,0.30396,0.30498
Week 3,02 Oct 2012,0.30523,0.30665
Week 4,09 Oct 2012,0.30506,0.30650

Week 1,16 Oct 2012,0.30595,0.30667
Week 2,23 Oct 2012,0.30698,0.30765
Week 3,30 Oct 2012,0.30604,0.30667
Week 4,06 Nov 2012,0.30686,0.30774

Week 1,13 Nov 2012,0.30434,0.30514
Week 2,20 Nov 2012,0.29973,0.30058
Week 3,27 Nov 2012,0.29642,0.29707
Week 4,04 Dec 2012,0.29669,0.29731

Week 1,11 Dec 2012,0.29773,0.29834
Week 2,18 Dec 2012,0.29544,0.29745
Week 3,25 Dec 2012,0.30042,0.30110
Week 4,01 Jan 2013,0.30249,0.30319

Week 1,08 Jan 2013,0.30509,0.30582
Week 2,15 Jan 2013,0.30624,0.30739
Week 3,22 Jan 2013,0.31005,0.31088
Week 4,29 Jan 2013,0.31772,0.31913

Week 1,05 Feb 2013,0.32053,0.32131
Week 2,12 Feb 2013,0.32596,0.32671
Week 3,19 Feb 2013,0.33164,0.33289
Week 4,26 Feb 2013,0.33378,0.33508

Week 1,05 Mar 2013,0.33911,0.33990
Week 2,12 Mar 2013,0.33774,0.33866
Week 3,19 Mar 2013,0.32977,0.33084
Week 4,26 Mar 2013,0.32599,0.32719

Week 1,02 Apr 2013,0.32593,0.32711
Week 2,09 Apr 2013,0.32867,0.33060
Week 3,16 Apr 2013,0.32655,0.32785
Week 4,23 Apr 2013,0.32343,0.32467

Week 1,30 Apr 2013,0.32004,0.32116
Week 2,07 May 2013,0.32087,0.32195
Week 3,14 May 2013,0.32359,0.32510
Week 4,21 May 2013,0.32239,0.32410

Week 1,28 May 2013,0.31399,0.31551
Week 2,04 Jun 2013,0.30308,0.30473
Week 3,11 Jun 2013,0.29774,0.29921
Week 4,18 Jun 2013,0.29045,0.29169

Week 1,25 Jun 2013,0.29378,0.29560
Week 2,02 Jul 2013,0.29433,0.29548
Week 3,09 Jul 2013,0.29355,0.29467
Week 4,16 Jul 2013,0.29368,0.29464

Week 1,23 Jul 2013,0.28977,0.29101
Week 2,30 Jul 2013,0.28659,0.28784
Week 3,06 Aug 2013,0.28244,0.28325
Week 4,13 Aug 2013,0.27497,0.27590

Week 1,20 Aug 2013,0.26538,0.26666
Week 2,27 Aug 2013,0.27116,0.27210
Week 3,03 Sep 2013,0.27269,0.27374
Week 4,10 Sep 2013,0.27669,0.27820

Week 1,17 Sep 2013,0.27982,0.28085
Week 2,24 Sep 2013,0.27868,0.27989
Week 3,01 Oct 2013,0.27929,0.28068
Week 4,08 Oct 2013,0.28397,0.28576

Week 1,15 Oct 2013,0.28576,0.28684
Week 2,22 Oct 2013,0.28254,0.28366
Week 3,29 Oct 2013,0.28126,0.28222
Week 4,05 Nov 2013,0.27204,0.27348

Week 1,12 Nov 2013,0.26795,0.26880
Week 2,19 Nov 2013,0.27077,0.27150
Week 3,26 Nov 2013,0.26481,0.26574
Week 4,03 Dec 2013,0.25938,0.26022

Week 1,10 Dec 2013,0.26193,0.26328
Week 2,17 Dec 2013,0.25991,0.26084
Week 3,24 Dec 2013,0.25824,0.25941
Week 4,31 Dec 2013,0.25518,0.25663

Week 1,07 Jan 2014,0.25566,0.25654
Week 2,14 Jan 2014,0.25834,0.25938
Week 3,21 Jan 2014,0.25422,0.25536
Week 4,28 Jan 2014,0.24985,0.25088

Week 1,04 Feb 2014,0.25436,0.25549
Week 2,11 Feb 2014,0.25061,0.25177
Week 3,18 Feb 2014,0.25227,0.25322
Week 4,25 Feb 2014,0.25566,0.25658

Week 1,04 Mar 2014,0.25579,0.25665
Week 2,11 Mar 2014,0.25502,0.25603
Week 3,18 Mar 2014,0.25799,0.25934
Week 4,25 Mar 2014,0.26305,0.26407

Week 1,01 Apr 2014,0.26523,0.26663
Week 2,08 Apr 2014,0.27000,0.27111
Week 3,15 Apr 2014,0.26676,0.26781
Week 4,22 Apr 2014,0.26592,0.26688

Week 1,29 Apr 2014,0.26571,0.26677
Week 2,06 May 2014,0.26586,0.26682
Week 3,13 May 2014,0.26804,0.26903
Week 4,20 May 2014,0.26754,0.26849

Week 1,27 May 2014,0.26652,0.26741
Week 2,03 Jun 2014,0.26306,0.26408
Week 3,10 Jun 2014,0.26538,0.26641
Week 4,17 Jun 2014,0.26290,0.26374

Week 1,24 Jun 2014,0.26559,0.26638
Week 2,01 Jul 2014,0.26344,0.26438
Week 3,08 Jul 2014,0.26262,0.26372
Week 4,15 Jul 2014,0.26183,0.26294

Week 1,22 Jul 2014,0.26391,0.26490
Week 2,29 Jul 2014,0.26306,0.26403
Week 3,05 Aug 2014,0.26046,0.26154
Week 4,12 Aug 2014,0.26273,0.26371

Week 1,19 Aug 2014,0.26506,0.26616
Week 2,26 Aug 2014,0.26644,0.26807
Week 3,02 Sep 2014,0.27054,0.27256
Week 4,09 Sep 2014,0.26902,0.27081

Week 1,16 Sep 2014,0.26012,0.26108
Week 2,23 Sep 2014,0.25338,0.25495
Week 3,30 Sep 2014,0.25161,0.25255
Week 4,07 Oct 2014,0.25701,0.25849

Week 1,14 Oct 2014,0.25606,0.25694
Week 2,21 Oct 2014,0.25138,0.25209
Week 3,28 Oct 2014,0.25244,0.25336
Week 4,04 Nov 2014,0.24733,0.24911

Week 1,11 Nov 2014,0.24563,0.24678
Week 2,18 Nov 2014,0.24874,0.24941
Week 3,25 Nov 2014,0.25052,0.25226
Week 4,02 Dec 2014,0.24763,0.24833

Week 1,09 Dec 2014,0.24243,0.24321
Week 2,16 Dec 2014,0.23783,0.23851
Week 3,23 Dec 2014,0.23917,0.23986
Week 4,30 Dec 2014,0.24063,0.24139

Week 1,06 Jan 2015,0.24629,0.24707
Week 2,13 Jan 2015,0.24914,0.25000
Week 3,20 Jan 2015,0.25468,0.25555
Week 4,27 Jan 2015,0.25257,0.25346

Week 1,03 Feb 2015,0.23989,0.24062
Week 2,10 Feb 2015,0.23072,0.23154
Week 3,17 Feb 2015,0.22749,0.22814
Week 4,24 Feb 2015,0.22562,0.22635

Week 1,03 Mar 2015,0.22027,0.22099
Week 2,10 Mar 2015,0.21155,0.21214
Week 3,17 Mar 2015,0.20725,0.20780
Week 4,24 Mar 2015,0.20980,0.21045

Week 1,31 Mar 2015,0.21207,0.21275
Week 2,07 Apr 2015,0.21885,0.21952
Week 3,14 Apr 2015,0.22009,0.22080
Week 4,21 Apr 2015,0.22142,0.22200

Week 1,28 Apr 2015,0.22005,0.22076
Week 2,05 May 2015,0.21583,0.21642
Week 3,12 May 2015,0.21148,0.21201
Week 4,19 May 2015,0.21072,0.21129

Week 1,26 May 2015,0.20638,0.20710
Week 2,02 Jun 2015,0.20737,0.20793
Week 3,09 Jun 2015,0.20754,0.20806
Week 4,16 Jun 2015,0.20486,0.20538

Week 1,23 Jun 2015,0.20388,0.20448
Week 2,30 Jun 2015,0.20408,0.20481
Week 3,07 Jul 2015,0.20280,0.20342
Week 4,14 Jul 2015,0.20274,0.20325

Week 1,21 Jul 2015,0.19691,0.19735
Week 2,28 Jul 2015,0.18949,0.18997
Week 3,04 Aug 2015,0.18419,0.18457
Week 4,11 Aug 2015,0.18370,0.18421

Week 1,18 Aug 2015,0.18289,0.18336
Week 2,25 Aug 2015,0.18007,0.18049
Week 3,01 Sep 2015,0.17490,0.17541
Week 4,08 Sep 2015,0.16909,0.16949

Week 1,15 Sep 2015,0.16606,0.16646
Week 2,22 Sep 2015,0.16148,0.16194
Week 3,29 Sep 2015,0.16494,0.16536
Week 4,06 Oct 2015,0.17059,0.17101

Week 1,13 Oct 2015,0.16886,0.16921
Week 2,20 Oct 2015,0.16621,0.16661
Week 3,27 Oct 2015,0.16756,0.16794
Week 4,03 Nov 2015,0.17231,0.17269

Week 1,10 Nov 2015,0.17291,0.17328
Week 2,17 Nov 2015,0.17446,0.17484
Week 3,24 Nov 2015,0.17577,0.17621
Week 4,01 Dec 2015,0.17430,0.17477

Week 1,08 Dec 2015,0.17331,0.17361
Week 2,15 Dec 2015,0.17009,0.17044
Week 3,22 Dec 2015,0.16910,0.16940
Week 4,29 Dec 2015,0.17168,0.17200

Week 1,05 Jan 2016,0.16976,0.17012
Week 2,12 Jan 2016,0.17208,0.17243
Week 3,19 Jan 2016,0.17164,0.17201
Week 4,26 Jan 2016,0.17257,0.17291

Week 1,02 Feb 2016,0.17555,0.17594
Week 2,09 Feb 2016,0.17470,0.17512
Week 3,16 Feb 2016,0.17291,0.17329
Week 4,23 Feb 2016,0.17978,0.18013

Week 1,01 Mar 2016,0.18366,0.18409
Week 2,08 Mar 2016,0.19023,0.19062
Week 3,15 Mar 2016,0.19000,0.19045
Week 4,22 Mar 2016,0.19238,0.19292

Week 1,29 Mar 2016,0.19400,0.19444
Week 2,05 Apr 2016,0.19476,0.19521
Week 3,12 Apr 2016,0.19996,0.20036
Week 4,19 Apr 2016,0.19578,0.19627

Week 1,26 Apr 2016,0.19596,0.19646
Week 2,03 May 2016,0.19569,0.19614
Week 3,10 May 2016,0.19808,0.19857
Week 4,17 May 2016,0.19451,0.19502

Week 1,24 May 2016,0.19061,0.19107
Week 2,31 May 2016,0.19275,0.19322
Week 3,07 Jun 2016,0.20188,0.20234
Week 4,14 Jun 2016,0.20322,0.20375

Week 1,21 Jun 2016,0.20687,0.20758
Week 2,28 Jun 2016,0.22888,0.22961
Week 3,05 Jul 2016,0.23229,0.23287
Week 4,12 Jul 2016,0.23091,0.23158

Week 1,19 Jul 2016,0.23253,0.23316
Week 2,26 Jul 2016,0.23201,0.23262
Week 3,02 Aug 2016,0.23550,0.23610
Week 4,09 Aug 2016,0.24327,0.24383

Week 1,16 Aug 2016,0.23898,0.23949
Week 2,23 Aug 2016,0.23473,0.23516
Week 3,30 Aug 2016,0.23318,0.23353
Week 4,06 Sep 2016,0.23157,0.23188

Week 1,13 Sep 2016,0.23072,0.23111
Week 2,20 Sep 2016,0.23689,0.23724
Week 3,27 Sep 2016,0.23712,0.23745
Week 4,04 Oct 2016,0.24502,0.24547

Week 1,11 Oct 2016,0.25486,0.25525
Week 2,18 Oct 2016,0.25754,0.25794
Week 3,25 Oct 2016,0.25939,0.25979
Week 4,01 Nov 2016,0.24978,0.25015

Week 1,08 Nov 2016,0.24259,0.24306
Week 2,15 Nov 2016,0.23560,0.23596
Week 3,22 Nov 2016,0.23613,0.23647
Week 4,29 Nov 2016,0.23044,0.23084

Week 1,06 Dec 2016,0.23263,0.23296
Week 2,13 Dec 2016,0.23634,0.23666
Week 3,20 Dec 2016,0.24405,0.24445
Week 4,27 Dec 2016,0.24893,0.24934

Week 1,03 Jan 2017,0.25089,0.25131
Week 2,10 Jan 2017,0.25589,0.25630
Week 3,17 Jan 2017,0.25406,0.25447
Week 4,24 Jan 2017,0.25206,0.25255

Week 1,31 Jan 2017,0.25478,0.25523
Week 2,07 Feb 2017,0.25652,0.25694
Week 3,14 Feb 2017,0.25913,0.25954
Week 4,21 Feb 2017,0.25918,0.25961

Week 1,28 Feb 2017,0.25996,0.26041
Week 2,07 Mar 2017,0.26073,0.26113
Week 3,14 Mar 2017,0.26032,0.26068
Week 4,21 Mar 2017,0.25871,0.25907

Week 1,28 Mar 2017,0.25535,0.25575
Week 2,04 Apr 2017,0.25686,0.25726
Week 3,11 Apr 2017,0.25475,0.25509
Week 4,18 Apr 2017,0.25001,0.25045

Week 1,25 Apr 2017,0.24521,0.24560
Week 2,02 May 2017,0.24345,0.24387
Week 3,09 May 2017,0.24499,0.24540
Week 4,16 May 2017,0.24116,0.24153

Week 1,23 May 2017,0.23692,0.23727
Week 2,30 May 2017,0.23907,0.23942
Week 3,06 Jun 2017,0.23740,0.23773
Week 4,13 Jun 2017,0.23813,0.23846

Week 1,20 Jun 2017,0.23646,0.23703
Week 2,27 Jun 2017,0.23436,0.23473
Week 3,04 Jul 2017,0.23462,0.23502
Week 4,11 Jul 2017,0.23948,0.23978

Week 1,18 Jul 2017,0.24351,0.24383
Week 2,25 Jul 2017,0.24269,0.24300
Week 3,01 Aug 2017,0.24335,0.24368
Week 4,08 Aug 2017,0.24322,0.24354

Week 1,15 Aug 2017,0.24476,0.24505
Week 2,22 Aug 2017,0.24643,0.24680
Week 3,29 Aug 2017,0.24507,0.24540
Week 4,05 Sep 2017,0.24558,0.24592

Week 1,12 Sep 2017,0.23963,0.24001
Week 2,19 Sep 2017,0.23613,0.23644
Week 3,26 Sep 2017,0.23498,0.23531
Week 4,03 Oct 2017,0.24074,0.24111

Week 1,10 Oct 2017,0.23874,0.23903
Week 2,17 Oct 2017,0.23841,0.23876
Week 3,24 Oct 2017,0.23411,0.23443
Week 4,31 Oct 2017,0.23135,0.23166

Week 1,07 Nov 2017,0.23235,0.23271
Week 2,14 Nov 2017,0.23118,0.23151
Week 3,21 Nov 2017,0.23208,0.23239
Week 4,28 Nov 2017,0.22942,0.22980

Week 1,05 Dec 2017,0.22933,0.22956

