BRZ->ZAR

Week 1,01 Dec 1998,4.80923,4.82219
Week 2,08 Dec 1998,4.96802,4.98356
Week 3,15 Dec 1998,4.91895,4.93274
Week 4,22 Dec 1998,4.88805,4.90050

Week 1,29 Dec 1998,4.86517,4.87653
Week 2,05 Jan 1999,4.79856,4.81186
Week 3,12 Jan 1999,4.37997,4.43233
Week 4,19 Jan 1999,3.68061,3.73284

Week 1,26 Jan 1999,3.03073,3.08996
Week 2,02 Feb 1999,3.26668,3.30933
Week 3,09 Feb 1999,3.16467,3.20538
Week 4,16 Feb 1999,3.20380,3.24201

Week 1,23 Feb 1999,3.02889,3.05552
Week 2,02 Mar 1999,3.01665,3.04628
Week 3,09 Mar 1999,3.24876,3.27022
Week 4,16 Mar 1999,3.33315,3.35618

Week 1,23 Mar 1999,3.45458,3.47494
Week 2,30 Mar 1999,3.56159,3.59908
Week 3,06 Apr 1999,3.60091,3.62152
Week 4,13 Apr 1999,3.63865,3.66068

Week 1,20 Apr 1999,3.56516,3.59016
Week 2,27 Apr 1999,3.61921,3.63427
Week 3,04 May 1999,3.65247,3.66539
Week 4,11 May 1999,3.74050,3.75310

Week 1,18 May 1999,3.66864,3.68255
Week 2,25 May 1999,3.61144,3.62076
Week 3,01 Jun 1999,3.56497,3.57896
Week 4,08 Jun 1999,3.46563,3.47856

Week 1,15 Jun 1999,3.40945,3.42135
Week 2,22 Jun 1999,3.36733,3.37882
Week 3,29 Jun 1999,3.38428,3.39642
Week 4,06 Jul 1999,3.38589,3.39717

Week 1,13 Jul 1999,3.39884,3.40983
Week 2,20 Jul 1999,3.38066,3.39122
Week 3,27 Jul 1999,3.41443,3.42589
Week 4,03 Aug 1999,3.37506,3.38563

Week 1,10 Aug 1999,3.29273,3.30254
Week 2,17 Aug 1999,3.20857,3.22161
Week 3,24 Aug 1999,3.15647,3.16726
Week 4,31 Aug 1999,3.13773,3.14803

Week 1,07 Sep 1999,3.21772,3.22720
Week 2,14 Sep 1999,3.23733,3.24574
Week 3,21 Sep 1999,3.17643,3.18516
Week 4,28 Sep 1999,3.09301,3.10186

Week 1,05 Oct 1999,3.10661,3.11755
Week 2,12 Oct 1999,3.15392,3.16667
Week 3,19 Oct 1999,3.08362,3.09188
Week 4,26 Oct 1999,3.12281,3.13363

Week 1,02 Nov 1999,3.16747,3.17888
Week 2,09 Nov 1999,3.16629,3.17565
Week 3,16 Nov 1999,3.17618,3.18366
Week 4,23 Nov 1999,3.18289,3.18919

Week 1,30 Nov 1999,3.19988,3.20661
Week 2,07 Dec 1999,3.27495,3.28222
Week 3,14 Dec 1999,3.35670,3.36780
Week 4,21 Dec 1999,3.35948,3.36924

Week 1,28 Dec 1999,3.38819,3.39829
Week 2,04 Jan 2000,3.30797,3.31632
Week 3,11 Jan 2000,3.34799,3.35458
Week 4,18 Jan 2000,3.42702,3.43344

Week 1,25 Jan 2000,3.49541,3.50517
Week 2,01 Feb 2000,3.52147,3.52974
Week 3,08 Feb 2000,3.56828,3.57685
Week 4,15 Feb 2000,3.55770,3.56517

Week 1,22 Feb 2000,3.54061,3.54914
Week 2,29 Feb 2000,3.63785,3.64662
Week 3,07 Mar 2000,3.68567,3.69449
Week 4,14 Mar 2000,3.70552,3.71286

Week 1,21 Mar 2000,3.73620,3.74395
Week 2,28 Mar 2000,3.74354,3.75017
Week 3,04 Apr 2000,3.76240,3.77002
Week 4,11 Apr 2000,3.72370,3.73233

Week 1,18 Apr 2000,3.75150,3.76160
Week 2,25 Apr 2000,3.76399,3.77304
Week 3,02 May 2000,3.81012,3.81958
Week 4,09 May 2000,3.83927,3.84896

Week 1,16 May 2000,3.87794,3.88678
Week 2,23 May 2000,3.85635,3.86641
Week 3,30 May 2000,3.83835,3.84798
Week 4,06 Jun 2000,3.87588,3.88815

Week 1,13 Jun 2000,3.81780,3.82782
Week 2,20 Jun 2000,3.79341,3.80328
Week 3,27 Jun 2000,3.75021,3.75850
Week 4,04 Jul 2000,3.78023,3.78994

Week 1,11 Jul 2000,3.79765,3.80761
Week 2,18 Jul 2000,3.85063,3.86102
Week 3,25 Jul 2000,3.88502,3.89500
Week 4,01 Aug 2000,3.89077,3.90015

Week 1,08 Aug 2000,3.85371,3.86348
Week 2,15 Aug 2000,3.82213,3.83080
Week 3,22 Aug 2000,3.80896,3.81863
Week 4,29 Aug 2000,3.80675,3.81480

Week 1,05 Sep 2000,3.87761,3.88780
Week 2,12 Sep 2000,3.89461,3.90227
Week 3,19 Sep 2000,3.92904,3.93739
Week 4,26 Sep 2000,3.93842,3.94749

Week 1,03 Oct 2000,3.90598,3.91559
Week 2,10 Oct 2000,3.98581,3.99516
Week 3,17 Oct 2000,4.04552,4.05486
Week 4,24 Oct 2000,3.97220,3.98165

Week 1,31 Oct 2000,3.90629,3.91640
Week 2,07 Nov 2000,3.90051,3.90933
Week 3,14 Nov 2000,3.92496,3.93437
Week 4,21 Nov 2000,4.01095,4.02016

Week 1,28 Nov 2000,3.90569,3.91421
Week 2,05 Dec 2000,3.87050,3.87966
Week 3,12 Dec 2000,3.91942,3.92699
Week 4,19 Dec 2000,3.88863,3.89707

Week 1,26 Dec 2000,3.86666,3.87574
Week 2,02 Jan 2001,3.87104,3.87798
Week 3,09 Jan 2001,3.99493,4.00414
Week 4,16 Jan 2001,4.01348,4.02270

Week 1,23 Jan 2001,3.99622,4.00519
Week 2,30 Jan 2001,3.92301,3.93151
Week 3,06 Feb 2001,3.94467,3.95293
Week 4,13 Feb 2001,3.93826,3.94695

Week 1,20 Feb 2001,3.83970,3.84780
Week 2,27 Feb 2001,3.79493,3.80477
Week 3,06 Mar 2001,3.81457,3.82294
Week 4,13 Mar 2001,3.75091,3.75940

Week 1,20 Mar 2001,3.71003,3.71774
Week 2,27 Mar 2001,3.73752,3.74509
Week 3,03 Apr 2001,3.73342,3.74062
Week 4,10 Apr 2001,3.72789,3.73646

Week 1,17 Apr 2001,3.65278,3.65951
Week 2,24 Apr 2001,3.58793,3.59630
Week 3,01 May 2001,3.62771,3.63477
Week 4,08 May 2001,3.52127,3.52963

Week 1,15 May 2001,3.43359,3.44102
Week 2,22 May 2001,3.38035,3.38745
Week 3,29 May 2001,3.38128,3.38745
Week 4,05 Jun 2001,3.39454,3.40029

Week 1,12 Jun 2001,3.33460,3.34116
Week 2,19 Jun 2001,3.37973,3.38607
Week 3,26 Jun 2001,3.46995,3.47615
Week 4,03 Jul 2001,3.37537,3.38116

Week 1,10 Jul 2001,3.25847,3.26494
Week 2,17 Jul 2001,3.30822,3.31523
Week 3,24 Jul 2001,3.32797,3.33315
Week 4,31 Jul 2001,3.32322,3.32871

Week 1,07 Aug 2001,3.34505,3.35086
Week 2,14 Aug 2001,3.29673,3.30178
Week 3,21 Aug 2001,3.29453,3.30000
Week 4,28 Aug 2001,3.28507,3.29104

Week 1,04 Sep 2001,3.28550,3.29133
Week 2,11 Sep 2001,3.22269,3.22562
Week 3,18 Sep 2001,3.13283,3.27839
Week 4,25 Sep 2001,3.19218,3.40717

Week 1,02 Oct 2001,3.30369,3.52692
Week 2,09 Oct 2001,3.20565,3.41810
Week 3,16 Oct 2001,3.24186,3.46026
Week 4,23 Oct 2001,3.33360,3.56369

Week 1,30 Oct 2001,3.39314,3.62633
Week 2,06 Nov 2001,3.55496,3.81257
Week 3,13 Nov 2001,3.65091,3.92408
Week 4,20 Nov 2001,3.79152,4.03677

Week 1,27 Nov 2001,3.89141,4.19175
Week 2,04 Dec 2001,4.27846,4.62192
Week 3,11 Dec 2001,4.74927,5.13621
Week 4,18 Dec 2001,5.10983,5.55283

Week 1,25 Dec 2001,4.94462,5.41181
Week 2,01 Jan 2002,5.07274,5.52305
Week 3,08 Jan 2002,4.60824,4.99139
Week 4,15 Jan 2002,4.63759,5.03419

Week 1,22 Jan 2002,4.59087,4.98690
Week 2,29 Jan 2002,4.58040,4.97179
Week 3,05 Feb 2002,4.52810,4.91280
Week 4,12 Feb 2002,4.52044,4.89483

Week 1,19 Feb 2002,4.53885,4.91441
Week 2,26 Feb 2002,4.60199,4.98937
Week 3,05 Mar 2002,4.63451,5.03576
Week 4,12 Mar 2002,4.79460,5.21761

Week 1,19 Mar 2002,4.75186,5.16733
Week 2,26 Mar 2002,4.74625,5.03925
Week 3,02 Apr 2002,4.76236,4.94753
Week 4,09 Apr 2002,4.81166,5.00556

Week 1,16 Apr 2002,4.68621,4.91922
Week 2,23 Apr 2002,4.49967,4.67022
Week 3,30 Apr 2002,4.34564,4.50398
Week 4,07 May 2002,4.10406,4.25115

Week 1,14 May 2002,3.96467,4.14385
Week 2,21 May 2002,3.86990,4.16050
Week 3,28 May 2002,3.88583,3.90588
Week 4,04 Jun 2002,3.74863,3.76271

Week 1,11 Jun 2002,3.73535,3.85454
Week 2,18 Jun 2002,3.73305,3.75043
Week 3,25 Jun 2002,3.65654,3.67440
Week 4,02 Jul 2002,3.46491,3.59813

Week 1,09 Jul 2002,3.49965,3.60394
Week 2,16 Jul 2002,3.44453,3.54028
Week 3,23 Jul 2002,3.42242,3.46427
Week 4,30 Jul 2002,3.13201,3.22460

Week 1,06 Aug 2002,3.45104,3.49832
Week 2,13 Aug 2002,3.34151,3.35767
Week 3,20 Aug 2002,3.42603,3.51929
Week 4,27 Aug 2002,3.38439,3.47724

Week 1,03 Sep 2002,3.37059,3.41442
Week 2,10 Sep 2002,3.33077,3.42420
Week 3,17 Sep 2002,3.11102,3.18553
Week 4,24 Sep 2002,2.81538,2.87966

Week 1,01 Oct 2002,2.79856,2.86585
Week 2,08 Oct 2002,2.68426,2.76510
Week 3,15 Oct 2002,2.66925,2.71796
Week 4,22 Oct 2002,2.60596,2.66763

Week 1,29 Oct 2002,2.68774,2.75679
Week 2,05 Nov 2002,2.71642,2.78524
Week 3,12 Nov 2002,2.62780,2.70709
Week 4,19 Nov 2002,2.66194,2.74788

Week 1,26 Nov 2002,2.54089,2.60553
Week 2,03 Dec 2002,2.42922,2.48805
Week 3,10 Dec 2002,2.32606,2.38523
Week 4,17 Dec 2002,2.51568,2.57774

Week 1,24 Dec 2002,2.46260,2.52035
Week 2,31 Dec 2002,2.39171,2.45357
Week 3,07 Jan 2003,2.53684,2.61739
Week 4,14 Jan 2003,2.62355,2.68846

Week 1,21 Jan 2003,2.47822,2.53915
Week 2,28 Jan 2003,2.38226,2.43563
Week 3,04 Feb 2003,2.31605,2.38362
Week 4,11 Feb 2003,2.28303,2.33888

Week 1,18 Feb 2003,2.23247,2.31164
Week 2,25 Feb 2003,2.25135,2.28019
Week 3,04 Mar 2003,2.22326,2.28896
Week 4,11 Mar 2003,2.30680,2.38920

Week 1,18 Mar 2003,2.33802,2.39944
Week 2,25 Mar 2003,2.31744,2.39278
Week 3,01 Apr 2003,2.37382,2.44673
Week 4,08 Apr 2003,2.41371,2.49637

Week 1,15 Apr 2003,2.38267,2.50943
Week 2,22 Apr 2003,2.35832,2.47965
Week 3,29 Apr 2003,2.42768,2.56442
Week 4,06 May 2003,2.38431,2.51336

Week 1,13 May 2003,2.55159,2.68850
Week 2,20 May 2003,2.56757,2.69886
Week 3,27 May 2003,2.63733,2.77145
Week 4,03 Jun 2003,2.70021,2.83900

Week 1,10 Jun 2003,2.68475,2.82891
Week 2,17 Jun 2003,2.66187,2.80693
Week 3,24 Jun 2003,2.57968,2.71965
Week 4,01 Jul 2003,2.57411,2.72214

Week 1,08 Jul 2003,2.57298,2.71518
Week 2,15 Jul 2003,2.60895,2.75168
Week 3,22 Jul 2003,2.52831,2.66902
Week 4,29 Jul 2003,2.44948,2.58148

Week 1,05 Aug 2003,2.38499,2.51515
Week 2,12 Aug 2003,2.38309,2.51521
Week 3,19 Aug 2003,2.40906,2.54141
Week 4,26 Aug 2003,2.41381,2.55285

Week 1,02 Sep 2003,2.47643,2.54223
Week 2,09 Sep 2003,2.54323,2.55678
Week 3,16 Sep 2003,2.53955,2.55287
Week 4,23 Sep 2003,2.44406,2.45376

Week 1,30 Sep 2003,2.39000,2.40084
Week 2,07 Oct 2003,2.43149,2.44715
Week 3,14 Oct 2003,2.47973,2.49025
Week 4,21 Oct 2003,2.43700,2.44867

Week 1,28 Oct 2003,2.40762,2.41709
Week 2,04 Nov 2003,2.42217,2.43394
Week 3,11 Nov 2003,2.31611,2.32680
Week 4,18 Nov 2003,2.23616,2.24852

Week 1,25 Nov 2003,2.18533,2.19871
Week 2,02 Dec 2003,2.14238,2.15578
Week 3,09 Dec 2003,2.17152,2.18706
Week 4,16 Dec 2003,2.27012,2.28532

Week 1,23 Dec 2003,2.32354,2.34089
Week 2,30 Dec 2003,2.28346,2.30070
Week 3,06 Jan 2004,2.29428,2.30943
Week 4,13 Jan 2004,2.53848,2.55347

Week 1,20 Jan 2004,2.50765,2.52114
Week 2,27 Jan 2004,2.41342,2.43253
Week 3,03 Feb 2004,2.36667,2.38118
Week 4,10 Feb 2004,2.30094,2.31226

Week 1,17 Feb 2004,2.25422,2.26757
Week 2,24 Feb 2004,2.25540,2.26899
Week 3,02 Mar 2004,2.32134,2.33745
Week 4,09 Mar 2004,2.29709,2.31025

Week 1,16 Mar 2004,2.29483,2.30828
Week 2,23 Mar 2004,2.22825,2.24385
Week 3,30 Mar 2004,2.18948,2.20167
Week 4,06 Apr 2004,2.19265,2.20367

Week 1,13 Apr 2004,2.22087,2.23340
Week 2,20 Apr 2004,2.28364,2.29961
Week 3,27 Apr 2004,2.34015,2.35551
Week 4,04 May 2004,2.30405,2.31988

Week 1,11 May 2004,2.20604,2.21979
Week 2,18 May 2004,2.12729,2.14270
Week 3,25 May 2004,2.09282,2.11039
Week 4,01 Jun 2004,2.05391,2.06398

Week 1,08 Jun 2004,2.08175,2.09548
Week 2,15 Jun 2004,2.05704,2.07237
Week 3,22 Jun 2004,2.01375,2.02740
Week 4,29 Jun 2004,1.99851,2.01367

Week 1,06 Jul 2004,2.00401,2.01833
Week 2,13 Jul 2004,1.98967,2.00271
Week 3,20 Jul 2004,1.99826,2.01177
Week 4,27 Jul 2004,2.05118,2.06368

Week 1,03 Aug 2004,2.02927,2.04255
Week 2,10 Aug 2004,2.08316,2.09304
Week 3,17 Aug 2004,2.19298,2.20694
Week 4,24 Aug 2004,2.26197,2.27253

Week 1,31 Aug 2004,2.25524,2.27110
Week 2,07 Sep 2004,2.26724,2.28290
Week 3,14 Sep 2004,2.25937,2.27596
Week 4,21 Sep 2004,2.23550,2.24765

Week 1,28 Sep 2004,2.25264,2.26800
Week 2,05 Oct 2004,2.30137,2.31164
Week 3,12 Oct 2004,2.28118,2.29076
Week 4,19 Oct 2004,2.16953,2.17980

Week 1,26 Oct 2004,2.14169,2.15320
Week 2,02 Nov 2004,2.14727,2.15824
Week 3,09 Nov 2004,2.18402,2.20243
Week 4,16 Nov 2004,2.15673,2.16755

Week 1,23 Nov 2004,2.14413,2.15903
Week 2,30 Nov 2004,2.11421,2.13185
Week 3,07 Dec 2004,2.09481,2.11017
Week 4,14 Dec 2004,2.09868,2.11581

Week 1,21 Dec 2004,2.08724,2.10052
Week 2,28 Dec 2004,2.10405,2.12431
Week 3,04 Jan 2005,2.19946,2.21173
Week 4,11 Jan 2005,2.21449,2.23184

Week 1,18 Jan 2005,2.22334,2.23720
Week 2,25 Jan 2005,2.22606,2.23988
Week 3,01 Feb 2005,2.32260,2.33753
Week 4,08 Feb 2005,2.35142,2.36953

Week 1,15 Feb 2005,2.29903,2.31447
Week 2,22 Feb 2005,2.22083,2.23549
Week 3,01 Mar 2005,2.21416,2.23215
Week 4,08 Mar 2005,2.18645,2.20619

Week 1,15 Mar 2005,2.24223,2.25987
Week 2,22 Mar 2005,2.25436,2.27388
Week 3,29 Mar 2005,2.33104,2.34953
Week 4,05 Apr 2005,2.36163,2.37494

Week 1,12 Apr 2005,2.39188,2.40459
Week 2,19 Apr 2005,2.38089,2.39535
Week 3,26 Apr 2005,2.40121,2.41800
Week 4,03 May 2005,2.42422,2.44738

Week 1,10 May 2005,2.52390,2.54522
Week 2,17 May 2005,2.61958,2.64145
Week 3,24 May 2005,2.72136,2.73911
Week 4,31 May 2005,2.80992,2.83222

Week 1,07 Jun 2005,2.71566,2.73644
Week 2,14 Jun 2005,2.78552,2.80584
Week 3,21 Jun 2005,2.81121,2.82261
Week 4,28 Jun 2005,2.85011,2.86660

Week 1,05 Jul 2005,2.88396,2.90022
Week 2,12 Jul 2005,2.82137,2.83965
Week 3,19 Jul 2005,2.78145,2.80916
Week 4,26 Jul 2005,2.73495,2.74988

Week 1,02 Aug 2005,2.77487,2.79334
Week 2,09 Aug 2005,2.71930,2.73846
Week 3,16 Aug 2005,2.70977,2.72689
Week 4,23 Aug 2005,2.68496,2.70300

Week 1,30 Aug 2005,2.68910,2.70624
Week 2,06 Sep 2005,2.70981,2.73401
Week 3,13 Sep 2005,2.74930,2.77402
Week 4,20 Sep 2005,2.79380,2.81168

Week 1,27 Sep 2005,2.84761,2.86551
Week 2,04 Oct 2005,2.87431,2.89428
Week 3,11 Oct 2005,2.90927,2.93243
Week 4,18 Oct 2005,2.92145,2.93910

Week 1,25 Oct 2005,2.92907,2.95661
Week 2,01 Nov 2005,2.98082,3.00629
Week 3,08 Nov 2005,3.09662,3.11843
Week 4,15 Nov 2005,3.02607,3.04403

Week 1,22 Nov 2005,2.91821,2.94095
Week 2,29 Nov 2005,2.91450,2.93699
Week 3,06 Dec 2005,2.85504,2.87744
Week 4,13 Dec 2005,2.77393,2.79544

Week 1,20 Dec 2005,2.72761,2.74854
Week 2,27 Dec 2005,2.69956,2.72317
Week 3,03 Jan 2006,2.67812,2.70750
Week 4,10 Jan 2006,2.65910,2.68052

Week 1,17 Jan 2006,2.61368,2.63374
Week 2,24 Jan 2006,2.70717,2.72016
Week 3,31 Jan 2006,2.74580,2.76363
Week 4,07 Feb 2006,2.80935,2.83141

Week 1,14 Feb 2006,2.84577,2.86748
Week 2,21 Feb 2006,2.83603,2.85796
Week 3,28 Feb 2006,2.89752,2.90798
Week 4,07 Mar 2006,2.89597,2.91685

Week 1,14 Mar 2006,2.91816,2.94035
Week 2,21 Mar 2006,2.91206,2.93731
Week 3,28 Mar 2006,2.83372,2.86083
Week 4,04 Apr 2006,2.83510,2.86287

Week 1,11 Apr 2006,2.84783,2.87619
Week 2,18 Apr 2006,2.81838,2.84601
Week 3,25 Apr 2006,2.86263,2.88889
Week 4,02 May 2006,2.90785,2.93793

Week 1,09 May 2006,2.91608,2.94404
Week 2,16 May 2006,2.93346,2.96092
Week 3,23 May 2006,2.85464,2.88092
Week 4,30 May 2006,2.89343,2.92286

Week 1,06 Jun 2006,2.96575,2.98020
Week 2,13 Jun 2006,3.00061,3.02913
Week 3,20 Jun 2006,3.20602,3.23469
Week 4,27 Jun 2006,3.27948,3.30891

Week 1,04 Jul 2006,3.26409,3.29340
Week 2,11 Jul 2006,3.18760,3.34387
Week 3,18 Jul 2006,3.22680,3.24272
Week 4,25 Jul 2006,3.16263,3.17577

Week 1,01 Aug 2006,3.14477,3.17318
Week 2,08 Aug 2006,3.11421,3.14340
Week 3,15 Aug 2006,3.19347,3.22268
Week 4,22 Aug 2006,3.30372,3.33355

Week 1,29 Aug 2006,3.31949,3.36383
Week 2,05 Sep 2006,3.38509,3.41537
Week 3,12 Sep 2006,3.39453,3.42591
Week 4,19 Sep 2006,3.41713,3.44718

Week 1,26 Sep 2006,3.50545,3.53568
Week 2,03 Oct 2006,3.59789,3.62383
Week 3,10 Oct 2006,3.53930,3.57062
Week 4,17 Oct 2006,3.51597,3.54769

Week 1,24 Oct 2006,3.51271,3.54386
Week 2,31 Oct 2006,3.44665,3.47753
Week 3,07 Nov 2006,3.38574,3.41579
Week 4,14 Nov 2006,3.34747,3.37734

Week 1,21 Nov 2006,3.30964,3.34055
Week 2,28 Nov 2006,3.28762,3.31693
Week 3,05 Dec 2006,3.28708,3.31809
Week 4,12 Dec 2006,3.24864,3.27870

Week 1,19 Dec 2006,3.24240,3.27130
Week 2,26 Dec 2006,3.26477,3.29501
Week 3,02 Jan 2007,3.28957,3.32496
Week 4,09 Jan 2007,3.36735,3.39656

Week 1,16 Jan 2007,3.35121,3.38053
Week 2,23 Jan 2007,3.35967,3.38869
Week 3,30 Jan 2007,3.40898,3.43784
Week 4,06 Feb 2007,3.41500,3.44431

Week 1,13 Feb 2007,3.41703,3.44586
Week 2,20 Feb 2007,3.38460,3.41318
Week 3,27 Feb 2007,3.42144,3.44258
Week 4,06 Mar 2007,3.48594,3.51468

Week 1,13 Mar 2007,3.53486,3.56426
Week 2,20 Mar 2007,3.51179,3.54198
Week 3,27 Mar 2007,3.50916,3.53939
Week 4,03 Apr 2007,3.50431,3.53436

Week 1,10 Apr 2007,3.51503,3.54544
Week 2,17 Apr 2007,3.47016,3.50022
Week 3,24 Apr 2007,3.45090,3.48047
Week 4,01 May 2007,3.43291,3.46312

Week 1,08 May 2007,3.41596,3.44685
Week 2,15 May 2007,3.51587,3.54618
Week 3,22 May 2007,3.61163,3.64376
Week 4,29 May 2007,3.67412,3.70723

Week 1,05 Jun 2007,3.66737,3.69751
Week 2,12 Jun 2007,3.71380,3.74645
Week 3,19 Jun 2007,3.70126,3.73348
Week 4,26 Jun 2007,3.65507,3.68763

Week 1,03 Jul 2007,3.64236,3.67530
Week 2,10 Jul 2007,3.68886,3.72196
Week 3,17 Jul 2007,3.70332,3.73541
Week 4,24 Jul 2007,3.67894,3.71287

Week 1,31 Jul 2007,3.76935,3.80393
Week 2,07 Aug 2007,3.69319,3.72566
Week 3,14 Aug 2007,3.63800,3.66778
Week 4,21 Aug 2007,3.61658,3.64684

Week 1,28 Aug 2007,3.63569,3.66741
Week 2,04 Sep 2007,3.66971,3.72077
Week 3,11 Sep 2007,3.73121,3.76262
Week 4,18 Sep 2007,3.75841,3.79027

Week 1,25 Sep 2007,3.72860,3.76044
Week 2,02 Oct 2007,3.75887,3.79199
Week 3,09 Oct 2007,3.75954,3.79285
Week 4,16 Oct 2007,3.75163,3.82429

Week 1,23 Oct 2007,3.69017,3.72347
Week 2,30 Oct 2007,3.73184,3.75190
Week 3,06 Nov 2007,3.73969,3.77378
Week 4,13 Nov 2007,3.80916,3.84299

Week 1,20 Nov 2007,3.79097,3.82324
Week 2,27 Nov 2007,3.79787,3.82774
Week 3,04 Dec 2007,3.77348,3.80639
Week 4,11 Dec 2007,3.79710,3.83014

Week 1,18 Dec 2007,3.85543,3.88855
Week 2,25 Dec 2007,3.86205,3.90755
Week 3,01 Jan 2008,3.83426,3.91370
Week 4,08 Jan 2008,3.86462,3.90474

Week 1,15 Jan 2008,3.89561,3.92935
Week 2,22 Jan 2008,3.94446,3.97858
Week 3,29 Jan 2008,4.12294,4.15740
Week 4,05 Feb 2008,4.33423,4.37291

Week 1,12 Feb 2008,4.36796,4.42604
Week 2,19 Feb 2008,4.46699,4.50204
Week 3,26 Feb 2008,4.52844,4.56783
Week 4,04 Mar 2008,4.69222,4.72971

Week 1,11 Mar 2008,4.64487,4.68312
Week 2,18 Mar 2008,4.68191,4.72222
Week 3,25 Mar 2008,4.63600,4.67153
Week 4,01 Apr 2008,4.57163,4.60933

Week 1,08 Apr 2008,4.59460,4.63038
Week 2,15 Apr 2008,4.67062,4.71320
Week 3,22 Apr 2008,4.58973,4.62528
Week 4,29 Apr 2008,4.52935,4.56680

Week 1,06 May 2008,4.53130,4.56697
Week 2,13 May 2008,4.54608,4.58189
Week 3,20 May 2008,4.60513,4.64403
Week 4,27 May 2008,4.63026,4.66882

Week 1,03 Jun 2008,4.76745,4.80424
Week 2,10 Jun 2008,4.88504,4.92551
Week 3,17 Jun 2008,4.96022,4.99998
Week 4,24 Jun 2008,4.94063,4.98110

Week 1,01 Jul 2008,4.84361,4.88472
Week 2,08 Jul 2008,4.77813,4.81708
Week 3,15 Jul 2008,4.75882,4.79775
Week 4,22 Jul 2008,4.77534,4.81589

Week 1,29 Jul 2008,4.67634,4.71643
Week 2,05 Aug 2008,4.69287,4.74323
Week 3,12 Aug 2008,4.80193,4.84357
Week 4,19 Aug 2008,4.73780,4.77484

Week 1,26 Aug 2008,4.72564,4.76505
Week 2,02 Sep 2008,4.64514,4.68331
Week 3,09 Sep 2008,4.50802,4.54444
Week 4,16 Sep 2008,4.36699,4.41192

Week 1,23 Sep 2008,4.38547,4.42813
Week 2,30 Sep 2008,4.24814,4.29952
Week 3,07 Oct 2008,4.03736,4.08374
Week 4,14 Oct 2008,4.48040,4.58075

Week 1,21 Oct 2008,4.78170,4.83890
Week 2,28 Oct 2008,4.65638,4.77140
Week 3,04 Nov 2008,4.60602,4.65585
Week 4,11 Nov 2008,4.47724,4.55838

Week 1,18 Nov 2008,4.34330,4.39703
Week 2,25 Nov 2008,4.31613,4.36681
Week 3,02 Dec 2008,4.11685,4.19005
Week 4,09 Dec 2008,4.17192,4.23220

Week 1,16 Dec 2008,4.15546,4.18949
Week 2,23 Dec 2008,4.00580,4.16706
Week 3,30 Dec 2008,3.99399,4.04777
Week 4,06 Jan 2009,4.20490,4.25077

Week 1,13 Jan 2009,4.26193,4.32532
Week 2,20 Jan 2009,4.29031,4.36997
Week 3,27 Jan 2009,4.35470,4.39355
Week 4,03 Feb 2009,4.29578,4.34850

Week 1,10 Feb 2009,4.30960,4.37574
Week 2,17 Feb 2009,4.28561,4.36691
Week 3,24 Feb 2009,4.19345,4.25623
Week 4,03 Mar 2009,4.33428,4.40586

Week 1,10 Mar 2009,4.34177,4.39617
Week 2,17 Mar 2009,4.26841,4.34326
Week 3,24 Mar 2009,4.19120,4.22693
Week 4,31 Mar 2009,4.08101,4.14967

Week 1,07 Apr 2009,4.11866,4.15487
Week 2,14 Apr 2009,4.10437,4.14053
Week 3,21 Apr 2009,3.99711,4.06200
Week 4,28 Apr 2009,3.90168,3.94371

Week 1,05 May 2009,3.91387,3.98753
Week 2,12 May 2009,4.08715,4.12686
Week 3,19 May 2009,4.09620,4.13167
Week 4,26 May 2009,4.02350,4.05849

Week 1,02 Jun 2009,4.06359,4.14738
Week 2,09 Jun 2009,4.11950,4.15941
Week 3,16 Jun 2009,4.08607,4.17887
Week 4,23 Jun 2009,4.06695,4.10554

Week 1,30 Jun 2009,3.99338,4.05963
Week 2,07 Jul 2009,4.05722,4.12453
Week 3,14 Jul 2009,4.15520,4.19475
Week 4,21 Jul 2009,4.07906,4.11827

Week 1,28 Jul 2009,4.13800,4.17559
Week 2,04 Aug 2009,4.30028,4.37246
Week 3,11 Aug 2009,4.36721,4.40668
Week 4,18 Aug 2009,4.26975,4.35008

Week 1,25 Aug 2009,4.15186,4.23904
Week 2,01 Sep 2009,4.11029,4.15144
Week 3,08 Sep 2009,4.10066,4.13587
Week 4,15 Sep 2009,4.08162,4.11773

Week 1,22 Sep 2009,4.08657,4.15829
Week 2,29 Sep 2009,4.20052,4.27254
Week 3,06 Oct 2009,4.19934,4.29520
Week 4,13 Oct 2009,4.22207,4.31866

Week 1,20 Oct 2009,4.28101,4.30792
Week 2,27 Oct 2009,4.40168,4.46488
Week 3,03 Nov 2009,4.42043,4.46211
Week 4,10 Nov 2009,4.29970,4.33546

Week 1,17 Nov 2009,4.33624,4.37370
Week 2,24 Nov 2009,4.27460,4.30807
Week 3,01 Dec 2009,4.25598,4.28982
Week 4,08 Dec 2009,4.26630,4.30237

Week 1,15 Dec 2009,4.22405,4.25757
Week 2,22 Dec 2009,4.24199,4.34773
Week 3,29 Dec 2009,4.23409,4.28687
Week 4,05 Jan 2010,4.22939,4.26338

Week 1,12 Jan 2010,4.18629,4.24441
Week 2,19 Jan 2010,4.17277,4.20807
Week 3,26 Jan 2010,4.07697,4.12955
Week 4,02 Feb 2010,4.06311,4.10464

Week 1,09 Feb 2010,4.11065,4.17386
Week 2,16 Feb 2010,4.16063,4.22130
Week 3,23 Feb 2010,4.22713,4.29008
Week 4,02 Mar 2010,4.15225,4.25142

Week 1,09 Mar 2010,4.15973,4.20062
Week 2,16 Mar 2010,4.10303,4.14694
Week 3,23 Mar 2010,4.04798,4.15132
Week 4,30 Mar 2010,4.07291,4.12055

Week 1,06 Apr 2010,4.08025,4.13975
Week 2,13 Apr 2010,4.15199,4.20463
Week 3,20 Apr 2010,4.21648,4.24063
Week 4,27 Apr 2010,4.20077,4.28779

Week 1,04 May 2010,4.17687,4.27063
Week 2,11 May 2010,4.17969,4.22469
Week 3,18 May 2010,4.19877,4.24220
Week 4,25 May 2010,4.16550,4.22871

Week 1,01 Jun 2010,4.16704,4.26184
Week 2,08 Jun 2010,4.20086,4.23751
Week 3,15 Jun 2010,4.19822,4.28701
Week 4,22 Jun 2010,4.23371,4.27767

Week 1,29 Jun 2010,4.24620,4.34976
Week 2,06 Jul 2010,4.29770,4.33954
Week 3,13 Jul 2010,4.23986,4.33918
Week 4,20 Jul 2010,4.20382,4.26800

Week 1,27 Jul 2010,4.13883,4.17804
Week 2,03 Aug 2010,4.11293,4.15398
Week 3,10 Aug 2010,4.10121,4.14142
Week 4,17 Aug 2010,4.09984,4.19840

Week 1,24 Aug 2010,4.12908,4.21009
Week 2,31 Aug 2010,4.14555,4.21347
Week 3,07 Sep 2010,4.16512,4.20701
Week 4,14 Sep 2010,4.11094,4.20098

Week 1,21 Sep 2010,4.08292,4.12984
Week 2,28 Sep 2010,4.06689,4.14139
Week 3,05 Oct 2010,4.07433,4.13777
Week 4,12 Oct 2010,4.07876,4.15584

Week 1,19 Oct 2010,4.08913,4.13293
Week 2,26 Oct 2010,4.07638,4.11552
Week 3,02 Nov 2010,4.04175,4.08182
Week 4,09 Nov 2010,4.02218,4.05578

Week 1,16 Nov 2010,4.04877,4.08379
Week 2,23 Nov 2010,4.08783,4.12228
Week 3,30 Nov 2010,4.07858,4.11377
Week 4,07 Dec 2010,4.04425,4.08003

Week 1,14 Dec 2010,3.98626,4.05313
Week 2,21 Dec 2010,3.96967,4.02051
Week 3,28 Dec 2010,3.95039,4.00945
Week 4,04 Jan 2011,4.00403,4.04271

Week 1,11 Jan 2011,4.06553,4.10502
Week 2,18 Jan 2011,4.14832,4.21770
Week 3,25 Jan 2011,4.21543,4.25518
Week 4,01 Feb 2011,4.27678,4.35061

Week 1,08 Feb 2011,4.32790,4.36747
Week 2,15 Feb 2011,4.31161,4.35053
Week 3,22 Feb 2011,4.23583,4.27198
Week 4,01 Mar 2011,4.17104,4.19680

Week 1,08 Mar 2011,4.13827,4.17100
Week 2,15 Mar 2011,4.16898,4.20551
Week 3,22 Mar 2011,4.13436,4.17000
Week 4,29 Mar 2011,4.13290,4.16479

Week 1,05 Apr 2011,4.16426,4.20086
Week 2,12 Apr 2011,4.26579,4.30085
Week 3,19 Apr 2011,4.28443,4.32288
Week 4,26 Apr 2011,4.20585,4.24105

Week 1,03 May 2011,4.15274,4.18817
Week 2,10 May 2011,4.21762,4.24928
Week 3,17 May 2011,4.26077,4.29520
Week 4,24 May 2011,4.29213,4.32561

Week 1,31 May 2011,4.27177,4.30714
Week 2,07 Jun 2011,4.24334,4.27946
Week 3,14 Jun 2011,4.24010,4.27738
Week 4,21 Jun 2011,4.26075,4.29368

Week 1,28 Jun 2011,4.30937,4.35002
Week 2,05 Jul 2011,4.28492,4.32009
Week 3,12 Jul 2011,4.33484,4.37206
Week 4,19 Jul 2011,4.36949,4.40209

Week 1,26 Jul 2011,4.30965,4.34308
Week 2,02 Aug 2011,4.30984,4.35061
Week 3,09 Aug 2011,4.42154,4.46417
Week 4,16 Aug 2011,4.45758,4.50183

Week 1,23 Aug 2011,4.46223,4.49817
Week 2,30 Aug 2011,4.36332,4.39740
Week 3,06 Sep 2011,4.30927,4.34352
Week 4,13 Sep 2011,4.32037,4.35255

Week 1,20 Sep 2011,4.34948,4.38536
Week 2,27 Sep 2011,4.34685,4.38028
Week 3,04 Oct 2011,4.40547,4.44222
Week 4,11 Oct 2011,4.46845,4.50633

Week 1,18 Oct 2011,4.52711,4.56164
Week 2,25 Oct 2011,4.51199,4.54518
Week 3,01 Nov 2011,4.56355,4.60201
Week 4,08 Nov 2011,4.51339,4.54879

Week 1,15 Nov 2011,4.57325,4.61387
Week 2,22 Nov 2011,4.54839,4.58837
Week 3,29 Nov 2011,4.46806,4.51985
Week 4,06 Dec 2011,4.47249,4.50753

Week 1,13 Dec 2011,4.48741,4.52391
Week 2,20 Dec 2011,4.41215,4.44611
Week 3,27 Dec 2011,4.34313,4.38138
Week 4,03 Jan 2012,4.38296,4.41871

Week 1,10 Jan 2012,4.48089,4.51359
Week 2,17 Jan 2012,4.49708,4.53303
Week 3,24 Jan 2012,4.47537,4.51019
Week 4,31 Jan 2012,4.41793,4.44864

Week 1,07 Feb 2012,4.41734,4.45289
Week 2,14 Feb 2012,4.48292,4.51703
Week 3,21 Feb 2012,4.45755,4.49088
Week 4,28 Feb 2012,4.36101,4.39335

Week 1,06 Mar 2012,4.27228,4.30204
Week 2,13 Mar 2012,4.19694,4.22930
Week 3,20 Mar 2012,4.18862,4.23082
Week 4,27 Mar 2012,4.18678,4.21795

Week 1,03 Apr 2012,4.24907,4.27903
Week 2,10 Apr 2012,4.31514,4.35031
Week 3,17 Apr 2012,4.19426,4.22386
Week 4,24 Apr 2012,4.11843,4.14723

Week 1,01 May 2012,4.04354,4.08739
Week 2,08 May 2012,4.08229,4.11171
Week 3,15 May 2012,4.12462,4.15141
Week 4,22 May 2012,4.10721,4.13837

Week 1,29 May 2012,4.19579,4.22401
Week 2,05 Jun 2012,4.12010,4.16442
Week 3,12 Jun 2012,4.06327,4.09668
Week 4,19 Jun 2012,4.03977,4.06666

Week 1,26 Jun 2012,4.03961,4.07076
Week 2,03 Jul 2012,4.03715,4.06677
Week 3,10 Jul 2012,4.05051,4.06787
Week 4,17 Jul 2012,4.05099,4.06849

Week 1,24 Jul 2012,4.09002,4.10407
Week 2,31 Jul 2012,4.02905,4.04331
Week 3,07 Aug 2012,4.00993,4.02399
Week 4,14 Aug 2012,4.07198,4.08293

Week 1,21 Aug 2012,4.11014,4.12938
Week 2,28 Aug 2012,4.11942,4.14002
Week 3,04 Sep 2012,4.07679,4.09771
Week 4,11 Sep 2012,4.06489,4.08479

Week 1,18 Sep 2012,4.07360,4.09438
Week 2,25 Sep 2012,4.06336,4.08273
Week 3,02 Oct 2012,4.20025,4.22535
Week 4,09 Oct 2012,4.27726,4.30378

Week 1,16 Oct 2012,4.26582,4.28142
Week 2,23 Oct 2012,4.28139,4.29614
Week 3,30 Oct 2012,4.27495,4.28958
Week 4,06 Nov 2012,4.25738,4.27441

Week 1,13 Nov 2012,4.26804,4.28434
Week 2,20 Nov 2012,4.25047,4.26762
Week 3,27 Nov 2012,4.20334,4.21713
Week 4,04 Dec 2012,4.16774,4.18072

Week 1,11 Dec 2012,4.15010,4.16313
Week 2,18 Dec 2012,4.09148,4.12375
Week 3,25 Dec 2012,4.13617,4.15001
Week 4,01 Jan 2013,4.16544,4.17995

Week 1,08 Jan 2013,4.24105,4.25536
Week 2,15 Jan 2013,4.31211,4.33264
Week 3,22 Jan 2013,4.38627,4.40213
Week 4,29 Jan 2013,4.48285,4.50712

Week 1,05 Feb 2013,4.48169,4.49645
Week 2,12 Feb 2013,4.50234,4.51728
Week 3,19 Feb 2013,4.50322,4.52465
Week 4,26 Feb 2013,4.50917,4.53122

Week 1,05 Mar 2013,4.62866,4.64405
Week 2,12 Mar 2013,4.64796,4.66527
Week 3,19 Mar 2013,4.63415,4.65380
Week 4,26 Mar 2013,4.57693,4.59872

Week 1,02 Apr 2013,4.55034,4.57033
Week 2,09 Apr 2013,4.50863,4.53920
Week 3,16 Apr 2013,4.57210,4.59454
Week 4,23 Apr 2013,4.54684,4.56810

Week 1,30 Apr 2013,4.46108,4.48109
Week 2,07 May 2013,4.48501,4.50353
Week 3,14 May 2013,4.57974,4.60546
Week 4,21 May 2013,4.65173,4.68060

Week 1,28 May 2013,4.69831,4.73094
Week 2,04 Jun 2013,4.64214,4.67438
Week 3,11 Jun 2013,4.66581,4.69796
Week 4,18 Jun 2013,4.55338,4.58009

Week 1,25 Jun 2013,4.49710,4.53250
Week 2,02 Jul 2013,4.46218,4.48686
Week 3,09 Jul 2013,4.42235,4.44655
Week 4,16 Jul 2013,4.40523,4.42825

Week 1,23 Jul 2013,4.34531,4.37116
Week 2,30 Jul 2013,4.30762,4.33130
Week 3,06 Aug 2013,4.29463,4.31632
Week 4,13 Aug 2013,4.26528,4.28528

Week 1,20 Aug 2013,4.23453,4.26064
Week 2,27 Aug 2013,4.34008,4.36195
Week 3,03 Sep 2013,4.32395,4.34878
Week 4,10 Sep 2013,4.34466,4.37668

Week 1,17 Sep 2013,4.38488,4.40614
Week 2,24 Sep 2013,4.46093,4.49005
Week 3,01 Oct 2013,4.51852,4.54798
Week 4,08 Oct 2013,4.51288,4.54999

Week 1,15 Oct 2013,4.52459,4.54855
Week 2,22 Oct 2013,4.47690,4.50080
Week 3,29 Oct 2013,4.50413,4.52724
Week 4,05 Nov 2013,4.46843,4.49940

Week 1,12 Nov 2013,4.40958,4.42996
Week 2,19 Nov 2013,4.42541,4.44423
Week 3,26 Nov 2013,4.37897,4.40045
Week 4,03 Dec 2013,4.38827,4.41036

Week 1,10 Dec 2013,4.42952,4.45823
Week 2,17 Dec 2013,4.38971,4.41073
Week 3,24 Dec 2013,4.40760,4.43741
Week 4,31 Dec 2013,4.44735,4.48239

Week 1,07 Jan 2014,4.49129,4.51182
Week 2,14 Jan 2014,4.59436,4.61777
Week 3,21 Jan 2014,4.59429,4.62245
Week 4,28 Jan 2014,4.59094,4.61856

Week 1,04 Feb 2014,4.61566,4.64348
Week 2,11 Feb 2014,4.56023,4.58952
Week 3,18 Feb 2014,4.59341,4.62000
Week 4,25 Feb 2014,4.59794,4.62121

Week 1,04 Mar 2014,4.58785,4.60841
Week 2,11 Mar 2014,4.56269,4.58771
Week 3,18 Mar 2014,4.61964,4.65133
Week 4,25 Mar 2014,4.65693,4.67940

Week 1,01 Apr 2014,4.66150,4.69183
Week 2,08 Apr 2014,4.72445,4.75162
Week 3,15 Apr 2014,4.70203,4.72691
Week 4,22 Apr 2014,4.73192,4.75447

Week 1,29 Apr 2014,4.71568,4.73875
Week 2,06 May 2014,4.68181,4.70324
Week 3,13 May 2014,4.66447,4.68539
Week 4,20 May 2014,4.66493,4.68941

Week 1,27 May 2014,4.67758,4.69675
Week 2,03 Jun 2014,4.70283,4.72418
Week 3,10 Jun 2014,4.78261,4.80487
Week 4,17 Jun 2014,4.78539,4.80465

Week 1,24 Jun 2014,4.79172,4.81012
Week 2,01 Jul 2014,4.83305,4.85697
Week 3,08 Jul 2014,4.81800,4.84262
Week 4,15 Jul 2014,4.78255,4.80734

Week 1,22 Jul 2014,4.73664,4.75896
Week 2,29 Jul 2014,4.72880,4.75067
Week 3,05 Aug 2014,4.68608,4.71023
Week 4,12 Aug 2014,4.65848,4.67919

Week 1,19 Aug 2014,4.69699,4.72416
Week 2,26 Aug 2014,4.70922,4.74376
Week 3,02 Sep 2014,4.75328,4.79231
Week 4,09 Sep 2014,4.76226,4.80031

Week 1,16 Sep 2014,4.66874,4.69415
Week 2,23 Sep 2014,4.61829,4.65126
Week 3,30 Sep 2014,4.57440,4.59638
Week 4,07 Oct 2014,4.60541,4.63718

Week 1,14 Oct 2014,4.54843,4.56806
Week 2,21 Oct 2014,4.44076,4.45840
Week 3,28 Oct 2014,4.43314,4.45671
Week 4,04 Nov 2014,4.39676,4.43286

Week 1,11 Nov 2014,4.32784,4.35529
Week 2,18 Nov 2014,4.28802,4.30323
Week 3,25 Nov 2014,4.32488,4.36176
Week 4,02 Dec 2014,4.33804,4.35634

Week 1,09 Dec 2014,4.38665,4.40382
Week 2,16 Dec 2014,4.32205,4.34204
Week 3,23 Dec 2014,4.31856,4.33946
Week 4,30 Dec 2014,4.32870,4.35075

Week 1,06 Jan 2015,4.33606,4.35565
Week 2,13 Jan 2015,4.35150,4.37233
Week 3,20 Jan 2015,4.41121,4.43282
Week 4,27 Jan 2015,4.40579,4.42607

Week 1,03 Feb 2015,4.17476,4.19218
Week 2,10 Feb 2015,4.12566,4.14321
Week 3,17 Feb 2015,4.07567,4.09269
Week 4,24 Feb 2015,4.03592,4.05208

Week 1,03 Mar 2015,3.97571,3.99227
Week 2,10 Mar 2015,3.88360,3.89821
Week 3,17 Mar 2015,3.75729,3.77274
Week 4,24 Mar 2015,3.73279,3.74765

Week 1,31 Mar 2015,3.76886,3.78361
Week 2,07 Apr 2015,3.84224,3.85992
Week 3,14 Apr 2015,3.93512,3.95291
Week 4,21 Apr 2015,4.04039,4.05589

Week 1,28 Apr 2015,4.01333,4.03261
Week 2,05 May 2015,3.95622,3.97139
Week 3,12 May 2015,3.94182,3.95837
Week 4,19 May 2015,3.89195,3.90570

Week 1,26 May 2015,3.82592,3.84201
Week 2,02 Jun 2015,3.92322,3.93985
Week 3,09 Jun 2015,3.98130,3.99597
Week 4,16 Jun 2015,3.96545,3.98045

Week 1,23 Jun 2015,3.90502,3.92119
Week 2,30 Jun 2015,3.91292,3.93321
Week 3,07 Jul 2015,3.90833,3.92583
Week 4,14 Jul 2015,3.91544,3.92806

Week 1,21 Jul 2015,3.82060,3.83466
Week 2,28 Jul 2015,3.73226,3.74730
Week 3,04 Aug 2015,3.63342,3.64395
Week 4,11 Aug 2015,3.65979,3.67391

Week 1,18 Aug 2015,3.70240,3.71548
Week 2,25 Aug 2015,3.67802,3.69383
Week 3,01 Sep 2015,3.62163,3.63753
Week 4,08 Sep 2015,3.56115,3.57552

Week 1,15 Sep 2015,3.43811,3.45148
Week 2,22 Sep 2015,3.39616,3.41056
Week 3,29 Sep 2015,3.46667,3.47854
Week 4,06 Oct 2015,3.50494,3.51767

Week 1,13 Oct 2015,3.43570,3.44830
Week 2,20 Oct 2015,3.43659,3.44989
Week 3,27 Oct 2015,3.53282,3.54628
Week 4,03 Nov 2015,3.67109,3.68293

Week 1,10 Nov 2015,3.74903,3.76155
Week 2,17 Nov 2015,3.74993,3.76335
Week 3,24 Nov 2015,3.76729,3.78120
Week 4,01 Dec 2015,3.77464,3.79016

Week 1,08 Dec 2015,3.97221,3.98558
Week 2,15 Dec 2015,3.84454,3.86059
Week 3,22 Dec 2015,3.82768,3.84238
Week 4,29 Dec 2015,3.91483,3.92782

Week 1,05 Jan 2016,3.95219,3.96523
Week 2,12 Jan 2016,4.11263,4.12789
Week 3,19 Jan 2016,4.06250,4.07832
Week 4,26 Jan 2016,3.99163,4.00617

Week 1,02 Feb 2016,4.06487,4.08001
Week 2,09 Feb 2016,4.03192,4.04853
Week 3,16 Feb 2016,3.86350,3.87865
Week 4,23 Feb 2016,3.93386,3.94836

Week 1,01 Mar 2016,4.03168,4.04779
Week 2,08 Mar 2016,4.15076,4.16624
Week 3,15 Mar 2016,4.21520,4.23279
Week 4,22 Mar 2016,4.19664,4.21647

Week 1,29 Mar 2016,4.14688,4.16453
Week 2,05 Apr 2016,4.12922,4.14638
Week 3,12 Apr 2016,4.15289,4.16878
Week 4,19 Apr 2016,4.03526,4.05275

Week 1,26 Apr 2016,4.09195,4.10980
Week 2,03 May 2016,4.17726,4.19409
Week 3,10 May 2016,4.33133,4.34788
Week 4,17 May 2016,4.41990,4.43668

Week 1,24 May 2016,4.36091,4.37783
Week 2,31 May 2016,4.32981,4.34588
Week 3,07 Jun 2016,4.36084,4.37774
Week 4,14 Jun 2016,4.40379,4.42251

Week 1,21 Jun 2016,4.38713,4.40845
Week 2,28 Jun 2016,4.53131,4.55290
Week 3,05 Jul 2016,4.42681,4.44773
Week 4,12 Jul 2016,4.39134,4.41315

Week 1,19 Jul 2016,4.37343,4.39519
Week 2,26 Jul 2016,4.32169,4.34249
Week 3,02 Aug 2016,4.28823,4.30920
Week 4,09 Aug 2016,4.24844,4.26799

Week 1,16 Aug 2016,4.17624,4.19497
Week 2,23 Aug 2016,4.33474,4.35153
Week 3,30 Aug 2016,4.46270,4.47931
Week 4,06 Sep 2016,4.39069,4.40485

Week 1,13 Sep 2016,4.33355,4.34987
Week 2,20 Sep 2016,4.23867,4.25450
Week 3,27 Sep 2016,4.21240,4.22661
Week 4,04 Oct 2016,4.26370,4.27888

Week 1,11 Oct 2016,4.42694,4.44075
Week 2,18 Oct 2016,4.41022,4.42348
Week 3,25 Oct 2016,4.38082,4.39693
Week 4,01 Nov 2016,4.18261,4.19841

Week 1,08 Nov 2016,4.18606,4.20458
Week 2,15 Nov 2016,4.19791,4.21402
Week 3,22 Nov 2016,4.15687,4.17351
Week 4,29 Nov 2016,4.03026,4.04416

Week 1,06 Dec 2016,4.02656,4.04102
Week 2,13 Dec 2016,4.11208,4.12708
Week 3,20 Dec 2016,4.21620,4.23403
Week 4,27 Dec 2016,4.22162,4.24207

Week 1,03 Jan 2017,4.22687,4.24668
Week 2,10 Jan 2017,4.23945,4.25614
Week 3,17 Jan 2017,4.23001,4.24691
Week 4,24 Jan 2017,4.23665,4.25404

Week 1,31 Jan 2017,4.27557,4.29203
Week 2,07 Feb 2017,4.28234,4.29925
Week 3,14 Feb 2017,4.22681,4.24281
Week 4,21 Feb 2017,4.20067,4.21400

Week 1,28 Feb 2017,4.17911,4.19283
Week 2,07 Mar 2017,4.16777,4.18030
Week 3,14 Mar 2017,4.12611,4.13905
Week 4,21 Mar 2017,4.04227,4.05108

Week 1,28 Mar 2017,4.18115,4.19369
Week 2,04 Apr 2017,4.38211,4.39545
Week 3,11 Apr 2017,4.32360,4.34019
Week 4,18 Apr 2017,4.21348,4.22847

Week 1,25 Apr 2017,4.17099,4.18692
Week 2,02 May 2017,4.22515,4.23915
Week 3,09 May 2017,4.25513,4.27137
Week 4,16 May 2017,4.13763,4.15013

Week 1,23 May 2017,3.97311,3.98407
Week 2,30 May 2017,3.97871,3.99373
Week 3,06 Jun 2017,3.91634,3.93125
Week 4,13 Jun 2017,3.88227,3.89515

Week 1,20 Jun 2017,3.89225,3.91034
Week 2,27 Jun 2017,3.92836,3.94316
Week 3,04 Jul 2017,4.03823,4.05062
Week 4,11 Jul 2017,4.11078,4.12158

Week 1,18 Jul 2017,4.10079,4.11169
Week 2,25 Jul 2017,4.12370,4.13604
Week 3,01 Aug 2017,4.25070,4.26242
Week 4,08 Aug 2017,4.23706,4.24919

Week 1,15 Aug 2017,4.17490,4.18581
Week 2,22 Aug 2017,4.15815,4.16924
Week 3,29 Aug 2017,4.11608,4.12677
Week 4,05 Sep 2017,4.14136,4.15349

Week 1,12 Sep 2017,4.19354,4.20677
Week 2,19 Sep 2017,4.23356,4.24617
Week 3,26 Sep 2017,4.24978,4.26015
Week 4,03 Oct 2017,4.33030,4.34152

Week 1,10 Oct 2017,4.26005,4.27013
Week 2,17 Oct 2017,4.25408,4.26461
Week 3,24 Oct 2017,4.30866,4.31774
Week 4,31 Oct 2017,4.29481,4.30559

Week 1,07 Nov 2017,4.35725,4.36748
Week 2,14 Nov 2017,4.33026,4.34227
Week 3,21 Nov 2017,4.30998,4.32190
Week 4,28 Nov 2017,4.22849,4.23965

Week 1,05 Dec 2017,4.17608,4.18383


