BRZ->SAR

Week 1,01 Dec 1998,3.12042,3.12140
Week 2,08 Dec 1998,3.11483,3.11781
Week 3,15 Dec 1998,3.11061,3.11265
Week 4,22 Dec 1998,3.10597,3.10697

Week 1,29 Dec 1998,3.10438,3.10596
Week 2,05 Jan 1999,3.09955,3.10078
Week 3,12 Jan 1999,2.71654,2.74294
Week 4,19 Jan 1999,2.28483,2.31438

Week 1,26 Jan 1999,1.88336,1.91511
Week 2,02 Feb 1999,2.04819,2.06978
Week 3,09 Feb 1999,1.95106,1.97141
Week 4,16 Feb 1999,1.93781,1.95685

Week 1,23 Feb 1999,1.83758,1.84963
Week 2,02 Mar 1999,1.82193,1.83574
Week 3,09 Mar 1999,1.97362,1.98236
Week 4,16 Mar 1999,2.01390,2.02392

Week 1,23 Mar 1999,2.08314,2.09115
Week 2,30 Mar 1999,2.16416,2.18249
Week 3,06 Apr 1999,2.18484,2.19263
Week 4,13 Apr 1999,2.24118,2.25022

Week 1,20 Apr 1999,2.20040,2.21092
Week 2,27 Apr 1999,2.23819,2.24274
Week 3,04 May 1999,2.24219,2.24517
Week 4,11 May 1999,2.26257,2.26570

Week 1,18 May 1999,2.22034,2.22403
Week 2,25 May 1999,2.16934,2.17170
Week 3,01 Jun 1999,2.16780,2.17180
Week 4,08 Jun 1999,2.13341,2.13659

Week 1,15 Jun 1999,2.12113,2.12481
Week 2,22 Jun 1999,2.09309,2.09621
Week 3,29 Jun 1999,2.10865,2.11179
Week 4,06 Jul 1999,2.09215,2.09480

Week 1,13 Jul 1999,2.07514,2.07816
Week 2,20 Jul 1999,2.07406,2.07635
Week 3,27 Jul 1999,2.08010,2.08326
Week 4,03 Aug 1999,2.05135,2.05518

Week 1,10 Aug 1999,2.01677,2.01971
Week 2,17 Aug 1999,1.97284,1.97808
Week 3,24 Aug 1999,1.94395,1.94787
Week 4,31 Aug 1999,1.94928,1.95279

Week 1,07 Sep 1999,1.99123,1.99463
Week 2,14 Sep 1999,1.99223,1.99468
Week 3,21 Sep 1999,1.97123,1.97374
Week 4,28 Sep 1999,1.93461,1.93739

Week 1,05 Oct 1999,1.93036,1.93432
Week 2,12 Oct 1999,1.93510,1.94026
Week 3,19 Oct 1999,1.88742,1.88953
Week 4,26 Oct 1999,1.90649,1.91040

Week 1,02 Nov 1999,1.93996,1.94461
Week 2,09 Nov 1999,1.93975,1.94279
Week 3,16 Nov 1999,1.94012,1.94241
Week 4,23 Nov 1999,1.94586,1.94725

Week 1,30 Nov 1999,1.94906,1.95039
Week 2,07 Dec 1999,2.00288,2.00497
Week 3,14 Dec 1999,2.05236,2.05657
Week 4,21 Dec 1999,2.05029,2.05358

Week 1,28 Dec 1999,2.06707,2.07051
Week 2,04 Jan 2000,2.04362,2.04677
Week 3,11 Jan 2000,2.06787,2.07010
Week 4,18 Jan 2000,2.10325,2.10505

Week 1,25 Jan 2000,2.10048,2.10359
Week 2,01 Feb 2000,2.10774,2.11064
Week 3,08 Feb 2000,2.11871,2.12058
Week 4,15 Feb 2000,2.11059,2.11312

Week 1,22 Feb 2000,2.10818,2.11052
Week 2,29 Feb 2000,2.13302,2.13594
Week 3,07 Mar 2000,2.14819,2.15134
Week 4,14 Mar 2000,2.15433,2.15663

Week 1,21 Mar 2000,2.16391,2.16665
Week 2,28 Mar 2000,2.15449,2.15607
Week 3,04 Apr 2000,2.14959,2.15222
Week 4,11 Apr 2000,2.12275,2.12539

Week 1,18 Apr 2000,2.10681,2.10887
Week 2,25 Apr 2000,2.08161,2.08416
Week 3,02 May 2000,2.07631,2.07905
Week 4,09 May 2000,2.05452,2.05694

Week 1,16 May 2000,2.04333,2.04492
Week 2,23 May 2000,2.03238,2.03506
Week 3,30 May 2000,2.06383,2.06629
Week 4,06 Jun 2000,2.08227,2.08483

Week 1,13 Jun 2000,2.07440,2.07702
Week 2,20 Jun 2000,2.06522,2.06776
Week 3,27 Jun 2000,2.06728,2.06920
Week 4,04 Jul 2000,2.07738,2.07984

Week 1,11 Jul 2000,2.07968,2.08225
Week 2,18 Jul 2000,2.08498,2.08773
Week 3,25 Jul 2000,2.09816,2.10072
Week 4,01 Aug 2000,2.09335,2.09557

Week 1,08 Aug 2000,2.08431,2.08694
Week 2,15 Aug 2000,2.06977,2.07198
Week 3,22 Aug 2000,2.05804,2.06057
Week 4,29 Aug 2000,2.05447,2.05603

Week 1,05 Sep 2000,2.05968,2.06239
Week 2,12 Sep 2000,2.04224,2.04355
Week 3,19 Sep 2000,2.02665,2.02832
Week 4,26 Sep 2000,2.03157,2.03378

Week 1,03 Oct 2000,2.02291,2.02526
Week 2,10 Oct 2000,2.01210,2.01428
Week 3,17 Oct 2000,1.99639,1.99861
Week 4,24 Oct 2000,1.95629,1.95865

Week 1,31 Oct 2000,1.94643,1.94912
Week 2,07 Nov 2000,1.91743,1.91953
Week 3,14 Nov 2000,1.91563,1.91783
Week 4,21 Nov 2000,1.93009,1.93226

Week 1,28 Nov 2000,1.90212,1.90392
Week 2,05 Dec 2000,1.90287,1.90504
Week 3,12 Dec 2000,1.90883,1.91048
Week 4,19 Dec 2000,1.91516,1.91736

Week 1,26 Dec 2000,1.91821,1.92066
Week 2,02 Jan 2001,1.92537,1.92696
Week 3,09 Jan 2001,1.92333,1.92573
Week 4,16 Jan 2001,1.91740,1.91957

Week 1,23 Jan 2001,1.90423,1.90620
Week 2,30 Jan 2001,1.89224,1.89471
Week 3,06 Feb 2001,1.88178,1.88354
Week 4,13 Feb 2001,1.88010,1.88218

Week 1,20 Feb 2001,1.84768,1.84931
Week 2,27 Feb 2001,1.84212,1.84459
Week 3,06 Mar 2001,1.83810,1.83988
Week 4,13 Mar 2001,1.78675,1.78866

Week 1,20 Mar 2001,1.74308,1.74477
Week 2,27 Mar 2001,1.75024,1.75182
Week 3,03 Apr 2001,1.73056,1.73214
Week 4,10 Apr 2001,1.74152,1.74359

Week 1,17 Apr 2001,1.68717,1.68831
Week 2,24 Apr 2001,1.67572,1.67771
Week 3,01 May 2001,1.69486,1.69620
Week 4,08 May 2001,1.65784,1.65959

Week 1,15 May 2001,1.61991,1.62154
Week 2,22 May 2001,1.60356,1.60504
Week 3,29 May 2001,1.58790,1.58898
Week 4,05 Jun 2001,1.58088,1.58216

Week 1,12 Jun 2001,1.55471,1.55622
Week 2,19 Jun 2001,1.57496,1.57619
Week 3,26 Jun 2001,1.61978,1.62092
Week 4,03 Jul 2001,1.55728,1.55846

Week 1,10 Jul 2001,1.48047,1.48187
Week 2,17 Jul 2001,1.50485,1.50649
Week 3,24 Jul 2001,1.52327,1.52428
Week 4,31 Jul 2001,1.51104,1.51221

Week 1,07 Aug 2001,1.51921,1.52053
Week 2,14 Aug 2001,1.49458,1.49555
Week 3,21 Aug 2001,1.47734,1.47841
Week 4,28 Aug 2001,1.46710,1.46827

Week 1,04 Sep 2001,1.45512,1.45621
Week 2,11 Sep 2001,1.40797,1.40838
Week 3,18 Sep 2001,1.34900,1.41113
Week 4,25 Sep 2001,1.34312,1.43287

Week 1,02 Oct 2001,1.34293,1.43301
Week 2,09 Oct 2001,1.30942,1.39542
Week 3,16 Oct 2001,1.32048,1.40870
Week 4,23 Oct 2001,1.33108,1.42195

Week 1,30 Oct 2001,1.34446,1.43583
Week 2,06 Nov 2001,1.39483,1.49464
Week 3,13 Nov 2001,1.42390,1.52934
Week 4,20 Nov 2001,1.43865,1.53052

Week 1,27 Nov 2001,1.44554,1.55386
Week 2,04 Dec 2001,1.48655,1.60061
Week 3,11 Dec 2001,1.52417,1.64347
Week 4,18 Dec 2001,1.54819,1.67128

Week 1,25 Dec 2001,1.55735,1.68368
Week 2,01 Jan 2002,1.56984,1.69707
Week 3,08 Jan 2002,1.50942,1.62711
Week 4,15 Jan 2002,1.51512,1.63485

Week 1,22 Jan 2002,1.51455,1.63529
Week 2,29 Jan 2002,1.49476,1.61440
Week 3,05 Feb 2002,1.48595,1.60334
Week 4,12 Feb 2002,1.48041,1.59605

Week 1,19 Feb 2002,1.49147,1.60906
Week 2,26 Feb 2002,1.51832,1.64101
Week 3,05 Mar 2002,1.53403,1.65845
Week 4,12 Mar 2002,1.53969,1.66417

Week 1,19 Mar 2002,1.54089,1.66533
Week 2,26 Mar 2002,1.56446,1.65538
Week 3,02 Apr 2002,1.60038,1.65639
Week 4,09 Apr 2002,1.61557,1.67270

Week 1,16 Apr 2002,1.58007,1.65215
Week 2,23 Apr 2002,1.56510,1.61719
Week 3,30 Apr 2002,1.54993,1.60037
Week 4,07 May 2002,1.50541,1.55211

Week 1,14 May 2002,1.47627,1.53805
Week 2,21 May 2002,1.44662,1.55072
Week 3,28 May 2002,1.48815,1.48965
Week 4,04 Jun 2002,1.43283,1.43438

Week 1,11 Jun 2002,1.36595,1.40379
Week 2,18 Jun 2002,1.35795,1.35906
Week 3,25 Jun 2002,1.32896,1.32989
Week 4,02 Jul 2002,1.28913,1.33276

Week 1,09 Jul 2002,1.31239,1.34661
Week 2,16 Jul 2002,1.29430,1.32611
Week 3,23 Jul 2002,1.26287,1.27401
Week 4,30 Jul 2002,1.15344,1.18280

Week 1,06 Aug 2002,1.23678,1.24980
Week 2,13 Aug 2002,1.18829,1.19053
Week 3,20 Aug 2002,1.18875,1.21783
Week 4,27 Aug 2002,1.19981,1.22896

Week 1,03 Sep 2002,1.19566,1.20699
Week 2,10 Sep 2002,1.18799,1.21597
Week 3,17 Sep 2002,1.10141,1.12440
Week 4,24 Sep 2002,0.99776,1.01801

Week 1,01 Oct 2002,1.00771,1.02854
Week 2,08 Oct 2002,0.96081,0.98508
Week 3,15 Oct 2002,0.96542,0.97953
Week 4,22 Oct 2002,0.96429,0.98385

Week 1,29 Oct 2002,1.00672,1.02812
Week 2,05 Nov 2002,1.03960,1.06131
Week 3,12 Nov 2002,1.01607,1.04218
Week 4,19 Nov 2002,1.04726,1.07571

Week 1,26 Nov 2002,1.03106,1.05194
Week 2,03 Dec 2002,0.99285,1.01263
Week 3,10 Dec 2002,0.98552,1.00629
Week 4,17 Dec 2002,1.06012,1.08328

Week 1,24 Dec 2002,1.05122,1.07148
Week 2,31 Dec 2002,1.05560,1.07822
Week 3,07 Jan 2003,1.11517,1.14641
Week 4,14 Jan 2003,1.12101,1.14416

Week 1,21 Jan 2003,1.05431,1.07460
Week 2,28 Jan 2003,1.04249,1.06302
Week 3,04 Feb 2003,1.03558,1.06137
Week 4,11 Feb 2003,1.02526,1.04492

Week 1,18 Feb 2003,1.02479,1.05645
Week 2,25 Feb 2003,1.04631,1.05420
Week 3,04 Mar 2003,1.05083,1.07750
Week 4,11 Mar 2003,1.07206,1.10634

Week 1,18 Mar 2003,1.07226,1.09578
Week 2,25 Mar 2003,1.09000,1.11864
Week 3,01 Apr 2003,1.12680,1.15793
Week 4,08 Apr 2003,1.15358,1.18858

Week 1,15 Apr 2003,1.16988,1.22770
Week 2,22 Apr 2003,1.20552,1.26281
Week 3,29 Apr 2003,1.24552,1.30882
Week 4,06 May 2003,1.24114,1.30171

Week 1,13 May 2003,1.25392,1.31532
Week 2,20 May 2003,1.22873,1.28628
Week 3,27 May 2003,1.23367,1.29136
Week 4,03 Jun 2003,1.26196,1.32281

Week 1,10 Jun 2003,1.28129,1.34405
Week 2,17 Jun 2003,1.27249,1.33453
Week 3,24 Jun 2003,1.26962,1.33286
Week 4,01 Jul 2003,1.29299,1.35861

Week 1,08 Jul 2003,1.27349,1.33784
Week 2,15 Jul 2003,1.27605,1.34140
Week 3,22 Jul 2003,1.26822,1.33143
Week 4,29 Jul 2003,1.24467,1.30610

Week 1,05 Aug 2003,1.21827,1.27701
Week 2,12 Aug 2003,1.21749,1.27648
Week 3,19 Aug 2003,1.22162,1.28259
Week 4,26 Aug 2003,1.23278,1.29575

Week 1,02 Sep 2003,1.26300,1.29061
Week 2,09 Sep 2003,1.28780,1.28903
Week 3,16 Sep 2003,1.29181,1.29301
Week 4,23 Sep 2003,1.28093,1.28215

Week 1,30 Sep 2003,1.29416,1.29546
Week 2,07 Oct 2003,1.31903,1.32047
Week 3,14 Oct 2003,1.31482,1.31616
Week 4,21 Oct 2003,1.30727,1.30853

Week 1,28 Oct 2003,1.31064,1.31191
Week 2,04 Nov 2003,1.30870,1.30996
Week 3,11 Nov 2003,1.28118,1.28246
Week 4,18 Nov 2003,1.27856,1.27977

Week 1,25 Nov 2003,1.27459,1.27580
Week 2,02 Dec 2003,1.27766,1.27887
Week 3,09 Dec 2003,1.27606,1.27727
Week 4,16 Dec 2003,1.28047,1.28163

Week 1,23 Dec 2003,1.28948,1.29065
Week 2,30 Dec 2003,1.29922,1.30033
Week 3,06 Jan 2004,1.31687,1.31784
Week 4,13 Jan 2004,1.33110,1.33219

Week 1,20 Jan 2004,1.31971,1.32087
Week 2,27 Jan 2004,1.29052,1.29175
Week 3,03 Feb 2004,1.27962,1.28057
Week 4,10 Feb 2004,1.28879,1.28986

Week 1,17 Feb 2004,1.27404,1.27509
Week 2,24 Feb 2004,1.27963,1.28086
Week 3,02 Mar 2004,1.30099,1.30226
Week 4,09 Mar 2004,1.29634,1.29730

Week 1,16 Mar 2004,1.29119,1.29217
Week 2,23 Mar 2004,1.27977,1.28075
Week 3,30 Mar 2004,1.29154,1.29273
Week 4,06 Apr 2004,1.30128,1.30258

Week 1,13 Apr 2004,1.29209,1.29333
Week 2,20 Apr 2004,1.28501,1.28619
Week 3,27 Apr 2004,1.27796,1.27917
Week 4,04 May 2004,1.24461,1.24601

Week 1,11 May 2004,1.20610,1.20718
Week 2,18 May 2004,1.18303,1.18423
Week 3,25 May 2004,1.20017,1.20146
Week 4,01 Jun 2004,1.19236,1.19354

Week 1,08 Jun 2004,1.19849,1.20005
Week 2,15 Jun 2004,1.19367,1.19514
Week 3,22 Jun 2004,1.20308,1.20440
Week 4,29 Jun 2004,1.21959,1.22094

Week 1,06 Jul 2004,1.23256,1.23394
Week 2,13 Jul 2004,1.24259,1.24397
Week 3,20 Jul 2004,1.23577,1.23744
Week 4,27 Jul 2004,1.22996,1.23144

Week 1,03 Aug 2004,1.23078,1.23221
Week 2,10 Aug 2004,1.23763,1.23910
Week 3,17 Aug 2004,1.25738,1.25880
Week 4,24 Aug 2004,1.26834,1.26978

Week 1,31 Aug 2004,1.27822,1.27968
Week 2,07 Sep 2004,1.29096,1.29249
Week 3,14 Sep 2004,1.29763,1.29922
Week 4,21 Sep 2004,1.30440,1.30591

Week 1,28 Sep 2004,1.31456,1.31608
Week 2,05 Oct 2004,1.32342,1.32497
Week 3,12 Oct 2004,1.31751,1.31909
Week 4,19 Oct 2004,1.30712,1.30836

Week 1,26 Oct 2004,1.30889,1.30996
Week 2,02 Nov 2004,1.32466,1.32577
Week 3,09 Nov 2004,1.33372,1.33486
Week 4,16 Nov 2004,1.34781,1.34911

Week 1,23 Nov 2004,1.36625,1.36755
Week 2,30 Nov 2004,1.37806,1.37992
Week 3,07 Dec 2004,1.35715,1.35923
Week 4,14 Dec 2004,1.37059,1.37213

Week 1,21 Dec 2004,1.38918,1.39074
Week 2,28 Dec 2004,1.40362,1.40614
Week 3,04 Jan 2005,1.38325,1.38451
Week 4,11 Jan 2005,1.38602,1.38761

Week 1,18 Jan 2005,1.38728,1.38876
Week 2,25 Jan 2005,1.40796,1.40938
Week 3,01 Feb 2005,1.43350,1.43463
Week 4,08 Feb 2005,1.43630,1.43804

Week 1,15 Feb 2005,1.45176,1.45358
Week 2,22 Feb 2005,1.43424,1.43577
Week 3,01 Mar 2005,1.41828,1.42045
Week 4,08 Mar 2005,1.41232,1.41537

Week 1,15 Mar 2005,1.39383,1.39586
Week 2,22 Mar 2005,1.36913,1.37054
Week 3,29 Mar 2005,1.39987,1.40106
Week 4,05 Apr 2005,1.44006,1.44145

Week 1,12 Apr 2005,1.44629,1.44770
Week 2,19 Apr 2005,1.46582,1.46722
Week 3,26 Apr 2005,1.48328,1.48491
Week 4,03 May 2005,1.51377,1.51581

Week 1,10 May 2005,1.52028,1.52271
Week 2,17 May 2005,1.52605,1.52794
Week 3,24 May 2005,1.55953,1.56179
Week 4,31 May 2005,1.55099,1.55300

Week 1,07 Jun 2005,1.51789,1.52013
Week 2,14 Jun 2005,1.55780,1.55971
Week 3,21 Jun 2005,1.57321,1.57531
Week 4,28 Jun 2005,1.59031,1.59258

Week 1,05 Jul 2005,1.58004,1.58181
Week 2,12 Jul 2005,1.60114,1.60334
Week 3,19 Jul 2005,1.58296,1.58491
Week 4,26 Jul 2005,1.55394,1.55536

Week 1,02 Aug 2005,1.61163,1.61365
Week 2,09 Aug 2005,1.60230,1.60469
Week 3,16 Aug 2005,1.56660,1.56867
Week 4,23 Aug 2005,1.55874,1.56071

Week 1,30 Aug 2005,1.59246,1.59470
Week 2,06 Sep 2005,1.61544,1.61778
Week 3,13 Sep 2005,1.62279,1.62522
Week 4,20 Sep 2005,1.64702,1.64936

Week 1,27 Sep 2005,1.67879,1.68123
Week 2,04 Oct 2005,1.66056,1.66294
Week 3,11 Oct 2005,1.67125,1.67387
Week 4,18 Oct 2005,1.66499,1.66744

Week 1,25 Oct 2005,1.65077,1.65249
Week 2,01 Nov 2005,1.68009,1.68250
Week 3,08 Nov 2005,1.72456,1.72718
Week 4,15 Nov 2005,1.69367,1.69629

Week 1,22 Nov 2005,1.67634,1.67875
Week 2,29 Nov 2005,1.69652,1.69894
Week 3,06 Dec 2005,1.69309,1.69551
Week 4,13 Dec 2005,1.63791,1.64004

Week 1,20 Dec 2005,1.60781,1.60995
Week 2,27 Dec 2005,1.59995,1.60214
Week 3,03 Jan 2006,1.62678,1.62911
Week 4,10 Jan 2006,1.65112,1.65342

Week 1,17 Jan 2006,1.63516,1.63752
Week 2,24 Jan 2006,1.67532,1.67770
Week 3,31 Jan 2006,1.69172,1.69420
Week 4,07 Feb 2006,1.72157,1.72415

Week 1,14 Feb 2006,1.75821,1.76065
Week 2,21 Feb 2006,1.75415,1.75677
Week 3,28 Feb 2006,1.76574,1.76855
Week 4,07 Mar 2006,1.74018,1.74268

Week 1,14 Mar 2006,1.76467,1.76708
Week 2,21 Mar 2006,1.74104,1.74511
Week 3,28 Mar 2006,1.71107,1.71680
Week 4,04 Apr 2006,1.75021,1.75622

Week 1,11 Apr 2006,1.74888,1.75469
Week 2,18 Apr 2006,1.76277,1.76859
Week 3,25 Apr 2006,1.77420,1.78003
Week 4,02 May 2006,1.80942,1.81595

Week 1,09 May 2006,1.78824,1.79419
Week 2,16 May 2006,1.71667,1.72224
Week 3,23 May 2006,1.63806,1.64303
Week 4,30 May 2006,1.64020,1.64663

Week 1,06 Jun 2006,1.65190,1.65708
Week 2,13 Jun 2006,1.64916,1.65489
Week 3,20 Jun 2006,1.66892,1.67436
Week 4,27 Jun 2006,1.70141,1.70701

Week 1,04 Jul 2006,1.72178,1.72767
Week 2,11 Jul 2006,1.67218,1.74396
Week 3,18 Jul 2006,1.70560,1.71138
Week 4,25 Jul 2006,1.70937,1.71517

Week 1,01 Aug 2006,1.71874,1.72465
Week 2,08 Aug 2006,1.72516,1.73161
Week 3,15 Aug 2006,1.74311,1.74916
Week 4,22 Aug 2006,1.74204,1.74816

Week 1,29 Aug 2006,1.74035,1.75409
Week 2,05 Sep 2006,1.74450,1.75058
Week 3,12 Sep 2006,1.73104,1.73767
Week 4,19 Sep 2006,1.71530,1.72136

Week 1,26 Sep 2006,1.71285,1.71880
Week 2,03 Oct 2006,1.72993,1.73603
Week 3,10 Oct 2006,1.74134,1.74767
Week 4,17 Oct 2006,1.75135,1.75797

Week 1,24 Oct 2006,1.74806,1.75434
Week 2,31 Oct 2006,1.74751,1.75380
Week 3,07 Nov 2006,1.74633,1.75232
Week 4,14 Nov 2006,1.73514,1.74112

Week 1,21 Nov 2006,1.72928,1.73581
Week 2,28 Nov 2006,1.72430,1.73007
Week 3,05 Dec 2006,1.74162,1.74831
Week 4,12 Dec 2006,1.74559,1.75181

Week 1,19 Dec 2006,1.73830,1.74457
Week 2,26 Dec 2006,1.74782,1.75388
Week 3,02 Jan 2007,1.74732,1.75384
Week 4,09 Jan 2007,1.74420,1.75042

Week 1,16 Jan 2007,1.75363,1.76000
Week 2,23 Jan 2007,1.75506,1.76118
Week 3,30 Jan 2007,1.77122,1.77709
Week 4,06 Feb 2007,1.78701,1.79315

Week 1,13 Feb 2007,1.78393,1.78984
Week 2,20 Feb 2007,1.79418,1.79996
Week 3,27 Feb 2007,1.77090,1.77645
Week 4,06 Mar 2007,1.77180,1.77750

Week 1,13 Mar 2007,1.78732,1.79319
Week 2,20 Mar 2007,1.80844,1.81471
Week 3,27 Mar 2007,1.81573,1.82210
Week 4,03 Apr 2007,1.83777,1.84399

Week 1,10 Apr 2007,1.84646,1.85282
Week 2,17 Apr 2007,1.84482,1.85109
Week 3,24 Apr 2007,1.84490,1.85098
Week 4,01 May 2007,1.84536,1.85180

Week 1,08 May 2007,1.85148,1.85830
Week 2,15 May 2007,1.89424,1.90049
Week 3,22 May 2007,1.92046,1.92750
Week 4,29 May 2007,1.94185,1.94881

Week 1,05 Jun 2007,1.91712,1.92310
Week 2,12 Jun 2007,1.93968,1.94673
Week 3,19 Jun 2007,1.95281,1.96032
Week 4,26 Jun 2007,1.93191,1.93909

Week 1,03 Jul 2007,1.95955,1.96687
Week 2,10 Jul 2007,1.98664,1.99384
Week 3,17 Jul 2007,2.01117,2.01809
Week 4,24 Jul 2007,1.98607,1.99409

Week 1,31 Jul 2007,1.99062,1.99860
Week 2,07 Aug 2007,1.95066,1.95791
Week 3,14 Aug 2007,1.86409,1.87008
Week 4,21 Aug 2007,1.86930,1.87563

Week 1,28 Aug 2007,1.90157,1.90836
Week 2,04 Sep 2007,1.90919,1.92591
Week 3,11 Sep 2007,1.95549,1.96182
Week 4,18 Sep 2007,1.99099,2.00030

Week 1,25 Sep 2007,2.01527,2.02688
Week 2,02 Oct 2007,2.04806,2.06123
Week 3,09 Oct 2007,2.06565,2.07892
Week 4,16 Oct 2007,2.05797,2.09270

Week 1,23 Oct 2007,2.08065,2.09355
Week 2,30 Oct 2007,2.12895,2.14028
Week 3,06 Nov 2007,2.13542,2.14867
Week 4,13 Nov 2007,2.12547,2.13845

Week 1,20 Nov 2007,2.08229,2.09587
Week 2,27 Nov 2007,2.05558,2.06851
Week 3,04 Dec 2007,2.08826,2.10211
Week 4,11 Dec 2007,2.09806,2.11179

Week 1,18 Dec 2007,2.07852,2.09212
Week 2,25 Dec 2007,2.10523,2.12038
Week 3,01 Jan 2008,2.10507,2.14109
Week 4,08 Jan 2008,2.12399,2.14046

Week 1,15 Jan 2008,2.11092,2.12377
Week 2,22 Jan 2008,2.07972,2.09256
Week 3,29 Jan 2008,2.11878,2.13115
Week 4,05 Feb 2008,2.12565,2.13994

Week 1,12 Feb 2008,2.12903,2.15252
Week 2,19 Feb 2008,2.17156,2.18388
Week 3,26 Feb 2008,2.21630,2.23082
Week 4,04 Mar 2008,2.22408,2.23746

Week 1,11 Mar 2008,2.19863,2.21255
Week 2,18 Mar 2008,2.16414,2.17801
Week 3,25 Mar 2008,2.15116,2.16374
Week 4,01 Apr 2008,2.16478,2.17809

Week 1,08 Apr 2008,2.20834,2.22137
Week 2,15 Apr 2008,2.23707,2.25309
Week 3,22 Apr 2008,2.24534,2.25810
Week 4,29 Apr 2008,2.24423,2.25797

Week 1,06 May 2008,2.23157,2.24438
Week 2,13 May 2008,2.25585,2.26879
Week 3,20 May 2008,2.26267,2.27690
Week 4,27 May 2008,2.27041,2.28441

Week 1,03 Jun 2008,2.29738,2.30995
Week 2,10 Jun 2008,2.28622,2.30043
Week 3,17 Jun 2008,2.32097,2.33515
Week 4,24 Jun 2008,2.33097,2.34546

Week 1,01 Jul 2008,2.32980,2.34486
Week 2,08 Jul 2008,2.32778,2.34187
Week 3,15 Jul 2008,2.34550,2.35973
Week 4,22 Jul 2008,2.36716,2.38168

Week 1,29 Jul 2008,2.38903,2.40397
Week 2,05 Aug 2008,2.35045,2.36965
Week 3,12 Aug 2008,2.30025,2.31499
Week 4,19 Aug 2008,2.30459,2.31658

Week 1,26 Aug 2008,2.29582,2.30954
Week 2,02 Sep 2008,2.21286,2.22657
Week 3,09 Sep 2008,2.10948,2.12261
Week 4,16 Sep 2008,2.03354,2.04961

Week 1,23 Sep 2008,2.03834,2.05338
Week 2,30 Sep 2008,1.91145,1.92999
Week 3,07 Oct 2008,1.66205,1.67886
Week 4,14 Oct 2008,1.73058,1.76633

Week 1,21 Oct 2008,1.65683,1.66931
Week 2,28 Oct 2008,1.71693,1.75070
Week 3,04 Nov 2008,1.73810,1.75129
Week 4,11 Nov 2008,1.65353,1.67677

Week 1,18 Nov 2008,1.56898,1.58453
Week 2,25 Nov 2008,1.61639,1.63080
Week 3,02 Dec 2008,1.50457,1.52662
Week 4,09 Dec 2008,1.54274,1.56067

Week 1,16 Dec 2008,1.57766,1.58723
Week 2,23 Dec 2008,1.55190,1.60463
Week 3,30 Dec 2008,1.59398,1.60706
Week 4,06 Jan 2009,1.64857,1.66278

Week 1,13 Jan 2009,1.59695,1.61974
Week 2,20 Jan 2009,1.58466,1.61121
Week 3,27 Jan 2009,1.62097,1.63187
Week 4,03 Feb 2009,1.62776,1.64751

Week 1,10 Feb 2009,1.64152,1.66072
Week 2,17 Feb 2009,1.58861,1.61524
Week 3,24 Feb 2009,1.57181,1.59138
Week 4,03 Mar 2009,1.55493,1.57779

Week 1,10 Mar 2009,1.60157,1.61763
Week 2,17 Mar 2009,1.64498,1.67015
Week 3,24 Mar 2009,1.65520,1.66498
Week 4,31 Mar 2009,1.64578,1.66927

Week 1,07 Apr 2009,1.70057,1.70993
Week 2,14 Apr 2009,1.71119,1.72141
Week 3,21 Apr 2009,1.68456,1.70712
Week 4,28 Apr 2009,1.71094,1.72350

Week 1,05 May 2009,1.75978,1.78814
Week 2,12 May 2009,1.79658,1.80874
Week 3,19 May 2009,1.83132,1.84135
Week 4,26 May 2009,1.86210,1.87239

Week 1,02 Jun 2009,1.90033,1.93278
Week 2,09 Jun 2009,1.92064,1.93202
Week 3,16 Jun 2009,1.89786,1.93408
Week 4,23 Jun 2009,1.90094,1.91153

Week 1,30 Jun 2009,1.91222,1.93627
Week 2,07 Jul 2009,1.87470,1.89915
Week 3,14 Jul 2009,1.91902,1.92978
Week 4,21 Jul 2009,1.96742,1.97794

Week 1,28 Jul 2009,1.99260,2.00232
Week 2,04 Aug 2009,2.03845,2.06478
Week 3,11 Aug 2009,2.03271,2.04330
Week 4,18 Aug 2009,2.01497,2.04536

Week 1,25 Aug 2009,1.99976,2.03501
Week 2,01 Sep 2009,1.99960,2.01187
Week 3,08 Sep 2009,2.04817,2.05758
Week 4,15 Sep 2009,2.06802,2.07906

Week 1,22 Sep 2009,2.06623,2.09428
Week 2,29 Sep 2009,2.09044,2.11781
Week 3,06 Oct 2009,2.12352,2.16267
Week 4,13 Oct 2009,2.16461,2.20508

Week 1,20 Oct 2009,2.16950,2.17811
Week 2,27 Oct 2009,2.14116,2.16581
Week 3,03 Nov 2009,2.15953,2.16985
Week 4,10 Nov 2009,2.17689,2.18528

Week 1,17 Nov 2009,2.17078,2.18037
Week 2,24 Nov 2009,2.15555,2.16519
Week 3,01 Dec 2009,2.16753,2.17726
Week 4,08 Dec 2009,2.13325,2.14273

Week 1,15 Dec 2009,2.11524,2.12517
Week 2,22 Dec 2009,2.09828,2.14248
Week 3,29 Dec 2009,2.14463,2.15921
Week 4,05 Jan 2010,2.16098,2.17053

Week 1,12 Jan 2010,2.12363,2.15134
Week 2,19 Jan 2010,2.08241,2.09412
Week 3,26 Jan 2010,2.01423,2.03344
Week 4,02 Feb 2010,2.00311,2.01620

Week 1,09 Feb 2010,2.00482,2.02908
Week 2,16 Feb 2010,2.03743,2.06196
Week 3,23 Feb 2010,2.05059,2.07659
Week 4,02 Mar 2010,2.07659,2.12043

Week 1,09 Mar 2010,2.10975,2.12290
Week 2,16 Mar 2010,2.09846,2.11509
Week 3,23 Mar 2010,2.05473,2.10182
Week 4,30 Mar 2010,2.09785,2.11441

Week 1,06 Apr 2010,2.11287,2.13476
Week 2,13 Apr 2010,2.12613,2.14777
Week 3,20 Apr 2010,2.12677,2.13859
Week 4,27 Apr 2010,2.13450,2.17374

Week 1,04 May 2010,2.06237,2.10431
Week 2,11 May 2010,2.08588,2.10602
Week 3,18 May 2010,2.02734,2.04512
Week 4,25 May 2010,2.02407,2.05403

Week 1,01 Jun 2010,2.02720,2.07008
Week 2,08 Jun 2010,2.03884,2.05362
Week 3,15 Jun 2010,2.07847,2.12000
Week 4,22 Jun 2010,2.09657,2.11498

Week 1,29 Jun 2010,2.07436,2.12041
Week 2,06 Jul 2010,2.11449,2.13067
Week 3,13 Jul 2010,2.10018,2.14470
Week 4,20 Jul 2010,2.10105,2.12809

Week 1,27 Jul 2010,2.12058,2.13451
Week 2,03 Aug 2010,2.12829,2.14368
Week 3,10 Aug 2010,2.11744,2.13124
Week 4,17 Aug 2010,2.11079,2.15528

Week 1,24 Aug 2010,2.11399,2.15060
Week 2,31 Aug 2010,2.14152,2.17124
Week 3,07 Sep 2010,2.16681,2.18293
Week 4,14 Sep 2010,2.16573,2.20581

Week 1,21 Sep 2010,2.17295,2.19129
Week 2,28 Sep 2010,2.19280,2.22649
Week 3,05 Oct 2010,2.22084,2.24779
Week 4,12 Oct 2010,2.24025,2.27463

Week 1,19 Oct 2010,2.21670,2.23306
Week 2,26 Oct 2010,2.19461,2.20505
Week 3,02 Nov 2010,2.21399,2.22715
Week 4,09 Nov 2010,2.18841,2.19811

Week 1,16 Nov 2010,2.17300,2.18347
Week 2,23 Nov 2010,2.16813,2.17823
Week 3,30 Nov 2010,2.19431,2.20440
Week 4,07 Dec 2010,2.20583,2.21647

Week 1,14 Dec 2010,2.18561,2.21335
Week 2,21 Dec 2010,2.19982,2.21761
Week 3,28 Dec 2010,2.23035,2.25198
Week 4,04 Jan 2011,2.23449,2.24647

Week 1,11 Jan 2011,2.22340,2.23597
Week 2,18 Jan 2011,2.22818,2.25635
Week 3,25 Jan 2011,2.23191,2.24437
Week 4,01 Feb 2011,2.22995,2.26000

Week 1,08 Feb 2011,2.24119,2.25323
Week 2,15 Feb 2011,2.24303,2.25487
Week 3,22 Feb 2011,2.24627,2.25688
Week 4,01 Mar 2011,2.26210,2.27195

Week 1,08 Mar 2011,2.25797,2.26676
Week 2,15 Mar 2011,2.24124,2.25115
Week 3,22 Mar 2011,2.25257,2.26277
Week 4,29 Mar 2011,2.28792,2.29619

Week 1,05 Apr 2011,2.34533,2.35275
Week 2,12 Apr 2011,2.37031,2.37673
Week 3,19 Apr 2011,2.38233,2.39022
Week 4,26 Apr 2011,2.38503,2.39155

Week 1,03 May 2011,2.34255,2.34929
Week 2,10 May 2011,2.30685,2.31186
Week 3,17 May 2011,2.30995,2.31688
Week 4,24 May 2011,2.31493,2.32112

Week 1,31 May 2011,2.36566,2.37234
Week 2,07 Jun 2011,2.36023,2.36778
Week 3,14 Jun 2011,2.34701,2.35490
Week 4,21 Jun 2011,2.34728,2.35290

Week 1,28 Jun 2011,2.38360,2.39292
Week 2,05 Jul 2011,2.39777,2.40478
Week 3,12 Jul 2011,2.37792,2.38573
Week 4,19 Jul 2011,2.39784,2.40288

Week 1,26 Jul 2011,2.41565,2.42115
Week 2,02 Aug 2011,2.37349,2.38311
Week 3,09 Aug 2011,2.31646,2.32639
Week 4,16 Aug 2011,2.34228,2.35342

Week 1,23 Aug 2011,2.33205,2.33936
Week 2,30 Aug 2011,2.32726,2.33358
Week 3,06 Sep 2011,2.25393,2.26023
Week 4,13 Sep 2011,2.19316,2.19824

Week 1,20 Sep 2011,2.04889,2.05570
Week 2,27 Sep 2011,2.04120,2.04707
Week 3,04 Oct 2011,2.05490,2.06216
Week 4,11 Oct 2011,2.13668,2.14402

Week 1,18 Oct 2011,2.11929,2.12537
Week 2,25 Oct 2011,2.16537,2.17071
Week 3,01 Nov 2011,2.16300,2.17064
Week 4,08 Nov 2011,2.13890,2.14536

Week 1,15 Nov 2011,2.11178,2.12093
Week 2,22 Nov 2011,2.02323,2.03128
Week 3,29 Nov 2011,2.05192,2.06625
Week 4,06 Dec 2011,2.07933,2.08606

Week 1,13 Dec 2011,2.02184,2.02914
Week 2,20 Dec 2011,2.01617,2.02240
Week 3,27 Dec 2011,2.00773,2.01402
Week 4,03 Jan 2012,2.02664,2.03295

Week 1,10 Jan 2012,2.07432,2.08014
Week 2,17 Jan 2012,2.11246,2.11992
Week 3,24 Jan 2012,2.13991,2.14719
Week 4,31 Jan 2012,2.16366,2.16902

Week 1,07 Feb 2012,2.17427,2.18108
Week 2,14 Feb 2012,2.17830,2.18502
Week 3,21 Feb 2012,2.18718,2.19326
Week 4,28 Feb 2012,2.18125,2.18777

Week 1,06 Mar 2012,2.12103,2.12631
Week 2,13 Mar 2012,2.07949,2.08570
Week 3,20 Mar 2012,2.05968,2.07028
Week 4,27 Mar 2012,2.05490,2.06071

Week 1,03 Apr 2012,2.05005,2.05465
Week 2,10 Apr 2012,2.04352,2.05072
Week 3,17 Apr 2012,2.00782,2.01285
Week 4,24 Apr 2012,1.98952,1.99442

Week 1,01 May 2012,1.95579,1.96808
Week 2,08 May 2012,1.92077,1.92601
Week 3,15 May 2012,1.86904,1.87335
Week 4,22 May 2012,1.84809,1.85412

Week 1,29 May 2012,1.86030,1.86509
Week 2,05 Jun 2012,1.84010,1.85188
Week 3,12 Jun 2012,1.82240,1.82953
Week 4,19 Jun 2012,1.82557,1.82992

Week 1,26 Jun 2012,1.82128,1.82724
Week 2,03 Jul 2012,1.85220,1.86440
Week 3,10 Jul 2012,1.83901,1.84521
Week 4,17 Jul 2012,1.84745,1.85447

Week 1,24 Jul 2012,1.84416,1.84998
Week 2,31 Jul 2012,1.83762,1.84290
Week 3,07 Aug 2012,1.85261,1.85788
Week 4,14 Aug 2012,1.85503,1.85891

Week 1,21 Aug 2012,1.85120,1.85906
Week 2,28 Aug 2012,1.83604,1.84420
Week 3,04 Sep 2012,1.84093,1.84873
Week 4,11 Sep 2012,1.85332,1.86118

Week 1,18 Sep 2012,1.84947,1.85724
Week 2,25 Sep 2012,1.84516,1.85278
Week 3,02 Oct 2012,1.84651,1.85657
Week 4,09 Oct 2012,1.83498,1.84506

Week 1,16 Oct 2012,1.84273,1.84851
Week 2,23 Oct 2012,1.84782,1.85331
Week 3,30 Oct 2012,1.84353,1.84882
Week 4,06 Nov 2012,1.83569,1.84243

Week 1,13 Nov 2012,1.81095,1.81716
Week 2,20 Nov 2012,1.79324,1.79973
Week 3,27 Nov 2012,1.77989,1.78558
Week 4,04 Dec 2012,1.78700,1.79215

Week 1,11 Dec 2012,1.79964,1.80474
Week 2,18 Dec 2012,1.79606,1.80949
Week 3,25 Dec 2012,1.81837,1.82353
Week 4,01 Jan 2013,1.83235,1.83797

Week 1,08 Jan 2013,1.84066,1.84626
Week 2,15 Jan 2013,1.83520,1.84333
Week 3,22 Jan 2013,1.83913,1.84524
Week 4,29 Jan 2013,1.87599,1.88567

Week 1,05 Feb 2013,1.89085,1.89663
Week 2,12 Feb 2013,1.90364,1.90950
Week 3,19 Feb 2013,1.90264,1.91127
Week 4,26 Feb 2013,1.89082,1.89962

Week 1,05 Mar 2013,1.90923,1.91513
Week 2,12 Mar 2013,1.90000,1.90665
Week 3,19 Mar 2013,1.87411,1.88164
Week 4,26 Mar 2013,1.85561,1.86332

Week 1,02 Apr 2013,1.86053,1.86816
Week 2,09 Apr 2013,1.88949,1.90185
Week 3,16 Apr 2013,1.87045,1.87922
Week 4,23 Apr 2013,1.86283,1.87117

Week 1,30 Apr 2013,1.86498,1.87281
Week 2,07 May 2013,1.86034,1.86747
Week 3,14 May 2013,1.84835,1.85836
Week 4,21 May 2013,1.82924,1.83997

Week 1,28 May 2013,1.78391,1.79246
Week 2,04 Jun 2013,1.75465,1.76425
Week 3,11 Jun 2013,1.74780,1.75608
Week 4,18 Jun 2013,1.69282,1.70003

Week 1,25 Jun 2013,1.68665,1.69715
Week 2,02 Jul 2013,1.66474,1.67084
Week 3,09 Jul 2013,1.65417,1.66030
Week 4,16 Jul 2013,1.67351,1.67869

Week 1,23 Jul 2013,1.66919,1.67626
Week 2,30 Jul 2013,1.64019,1.64715
Week 3,06 Aug 2013,1.63587,1.64078
Week 4,13 Aug 2013,1.60355,1.60891

Week 1,20 Aug 2013,1.55383,1.56139
Week 2,27 Aug 2013,1.57880,1.58401
Week 3,03 Sep 2013,1.59537,1.60129
Week 4,10 Sep 2013,1.63872,1.64737

Week 1,17 Sep 2013,1.67800,1.68428
Week 2,24 Sep 2013,1.67934,1.68677
Week 3,01 Oct 2013,1.68929,1.69778
Week 4,08 Oct 2013,1.70385,1.71427

Week 1,15 Oct 2013,1.72214,1.72889
Week 2,22 Oct 2013,1.71390,1.72073
Week 3,29 Oct 2013,1.69046,1.69626
Week 4,05 Nov 2013,1.63521,1.64374

Week 1,12 Nov 2013,1.61128,1.61644
Week 2,19 Nov 2013,1.64084,1.64540
Week 3,26 Nov 2013,1.61764,1.62324
Week 4,03 Dec 2013,1.59197,1.59713

Week 1,10 Dec 2013,1.60713,1.61517
Week 2,17 Dec 2013,1.59211,1.59757
Week 3,24 Dec 2013,1.58992,1.59683
Week 4,31 Dec 2013,1.57748,1.58653

Week 1,07 Jan 2014,1.57660,1.58209
Week 2,14 Jan 2014,1.58949,1.59596
Week 3,21 Jan 2014,1.57357,1.58042
Week 4,28 Jan 2014,1.54698,1.55319

Week 1,04 Feb 2014,1.56014,1.56715
Week 2,11 Feb 2014,1.55932,1.56674
Week 3,18 Feb 2014,1.57720,1.58332
Week 4,25 Feb 2014,1.60063,1.60617

Week 1,04 Mar 2014,1.60319,1.60846
Week 2,11 Mar 2014,1.59176,1.59807
Week 3,18 Mar 2014,1.60126,1.60972
Week 4,25 Mar 2014,1.63541,1.64184

Week 1,01 Apr 2014,1.65258,1.66100
Week 2,08 Apr 2014,1.69287,1.69968
Week 3,15 Apr 2014,1.67798,1.68419
Week 4,22 Apr 2014,1.67580,1.68177

Week 1,29 Apr 2014,1.67960,1.68643
Week 2,06 May 2014,1.68512,1.69185
Week 3,13 May 2014,1.69084,1.69728
Week 4,20 May 2014,1.69027,1.69611

Week 1,27 May 2014,1.67667,1.68211
Week 2,03 Jun 2014,1.65511,1.66120
Week 3,10 Jun 2014,1.67899,1.68532
Week 4,17 Jun 2014,1.67592,1.68151

Week 1,24 Jun 2014,1.69489,1.70011
Week 2,01 Jul 2014,1.69303,1.69936
Week 3,08 Jul 2014,1.68694,1.69381
Week 4,15 Jul 2014,1.67967,1.68698

Week 1,22 Jul 2014,1.68472,1.69110
Week 2,29 Jul 2014,1.66697,1.67316
Week 3,05 Aug 2014,1.64327,1.65008
Week 4,12 Aug 2014,1.64822,1.65424

Week 1,19 Aug 2014,1.65188,1.65914
Week 2,26 Aug 2014,1.65690,1.66752
Week 3,02 Sep 2014,1.66715,1.67956
Week 4,09 Sep 2014,1.63439,1.64543

Week 1,16 Sep 2014,1.58945,1.59559
Week 2,23 Sep 2014,1.55046,1.56018
Week 3,30 Sep 2014,1.52167,1.52704
Week 4,07 Oct 2014,1.55018,1.55921

Week 1,14 Oct 2014,1.54058,1.54628
Week 2,21 Oct 2014,1.51716,1.52210
Week 3,28 Oct 2014,1.51979,1.52554
Week 4,04 Nov 2014,1.47727,1.48857

Week 1,11 Nov 2014,1.45294,1.46053
Week 2,18 Nov 2014,1.46143,1.46571
Week 3,25 Nov 2014,1.47527,1.48557
Week 4,02 Dec 2014,1.45404,1.45842

Week 1,09 Dec 2014,1.42692,1.43165
Week 2,16 Dec 2014,1.39774,1.40185
Week 3,23 Dec 2014,1.39711,1.40152
Week 4,30 Dec 2014,1.39766,1.40379

Week 1,06 Jan 2015,1.40171,1.40652
Week 2,13 Jan 2015,1.41812,1.42403
Week 3,20 Jan 2015,1.44186,1.44786
Week 4,27 Jan 2015,1.43241,1.43838

Week 1,03 Feb 2015,1.36726,1.37240
Week 2,10 Feb 2015,1.32528,1.33077
Week 3,17 Feb 2015,1.31385,1.31815
Week 4,24 Feb 2015,1.30688,1.31162

Week 1,03 Mar 2015,1.25799,1.26243
Week 2,10 Mar 2015,1.18370,1.18757
Week 3,17 Mar 2015,1.15359,1.15698
Week 4,24 Mar 2015,1.17157,1.17550

Week 1,31 Mar 2015,1.18157,1.18577
Week 2,07 Apr 2015,1.21246,1.21697
Week 3,14 Apr 2015,1.22474,1.22898
Week 4,21 Apr 2015,1.24906,1.25326

Week 1,28 Apr 2015,1.25872,1.26302
Week 2,05 May 2015,1.23765,1.24130
Week 3,12 May 2015,1.24350,1.24700
Week 4,19 May 2015,1.23030,1.23377

Week 1,26 May 2015,1.18832,1.19274
Week 2,02 Jun 2015,1.18888,1.19263
Week 3,09 Jun 2015,1.20291,1.20629
Week 4,16 Jun 2015,1.21106,1.21446

Week 1,23 Jun 2015,1.20480,1.20867
Week 2,30 Jun 2015,1.19633,1.20169
Week 3,07 Jul 2015,1.17725,1.18115
Week 4,14 Jul 2015,1.18523,1.18851

Week 1,21 Jul 2015,1.14817,1.15119
Week 2,28 Jul 2015,1.10831,1.11146
Week 3,04 Aug 2015,1.07391,1.07642
Week 4,11 Aug 2015,1.07435,1.07857

Week 1,18 Aug 2015,1.07422,1.07826
Week 2,25 Aug 2015,1.04854,1.05189
Week 3,01 Sep 2015,1.00154,1.00512
Week 4,08 Sep 2015,0.97441,0.97808

Week 1,15 Sep 2015,0.96409,0.96714
Week 2,22 Sep 2015,0.92632,0.92953
Week 3,29 Sep 2015,0.93805,0.94094
Week 4,06 Oct 2015,0.97709,0.98015

Week 1,13 Oct 2015,0.97428,0.97757
Week 2,20 Oct 2015,0.95959,0.96257
Week 3,27 Oct 2015,0.96438,0.96733
Week 4,03 Nov 2015,0.98676,0.98941

Week 1,10 Nov 2015,0.98427,0.98666
Week 2,17 Nov 2015,0.99555,0.99823
Week 3,24 Nov 2015,0.99484,0.99854
Week 4,01 Dec 2015,0.98486,0.98872

Week 1,08 Dec 2015,0.98373,0.98649
Week 2,15 Dec 2015,0.95648,0.95976
Week 3,22 Dec 2015,0.94494,0.94738
Week 4,29 Dec 2015,0.95331,0.95579

Week 1,05 Jan 2016,0.93118,0.93406
Week 2,12 Jan 2016,0.92866,0.93138
Week 3,19 Jan 2016,0.91626,0.91912
Week 4,26 Jan 2016,0.92355,0.92615

Week 1,02 Feb 2016,0.95235,0.95544
Week 2,09 Feb 2016,0.94841,0.95158
Week 3,16 Feb 2016,0.93185,0.93439
Week 4,23 Feb 2016,0.94270,0.94499

Week 1,01 Mar 2016,0.96946,0.97221
Week 2,08 Mar 2016,1.01830,1.02099
Week 3,15 Mar 2016,1.02222,1.02580
Week 4,22 Mar 2016,1.02395,1.02795

Week 1,29 Mar 2016,1.03883,1.04173
Week 2,05 Apr 2016,1.03281,1.03581
Week 3,12 Apr 2016,1.06421,1.06780
Week 4,19 Apr 2016,1.05318,1.05644

Week 1,26 Apr 2016,1.07045,1.07377
Week 2,03 May 2016,1.06494,1.06803
Week 3,10 May 2016,1.07012,1.07336
Week 4,17 May 2016,1.05765,1.06102

Week 1,24 May 2016,1.04431,1.04749
Week 2,31 May 2016,1.04892,1.05199
Week 3,07 Jun 2016,1.09084,1.09390
Week 4,14 Jun 2016,1.08499,1.08847

Week 1,21 Jun 2016,1.10777,1.11122
Week 2,28 Jun 2016,1.14378,1.14693
Week 3,05 Jul 2016,1.13454,1.13852
Week 4,12 Jul 2016,1.14119,1.14531

Week 1,19 Jul 2016,1.14762,1.15172
Week 2,26 Jul 2016,1.14580,1.14970
Week 3,02 Aug 2016,1.16378,1.16769
Week 4,09 Aug 2016,1.18394,1.18761

Week 1,16 Aug 2016,1.16782,1.17127
Week 2,23 Aug 2016,1.15832,1.16129
Week 3,30 Aug 2016,1.15369,1.15626
Week 4,06 Sep 2016,1.15611,1.15885

Week 1,13 Sep 2016,1.13892,1.14168
Week 2,20 Sep 2016,1.15521,1.15772
Week 3,27 Sep 2016,1.15446,1.15755
Week 4,04 Oct 2016,1.15976,1.16328

Week 1,11 Oct 2016,1.16962,1.17299
Week 2,18 Oct 2016,1.18164,1.18484
Week 3,25 Oct 2016,1.18590,1.18912
Week 4,01 Nov 2016,1.15847,1.16089

Week 1,08 Nov 2016,1.13625,1.13977
Week 2,15 Nov 2016,1.09696,1.10000
Week 3,22 Nov 2016,1.10157,1.10441
Week 4,29 Nov 2016,1.08618,1.08942

Week 1,06 Dec 2016,1.10166,1.10449
Week 2,13 Dec 2016,1.11235,1.11498
Week 3,20 Dec 2016,1.12892,1.13194
Week 4,27 Dec 2016,1.14722,1.15042

Week 1,03 Jan 2017,1.15782,1.16098
Week 2,10 Jan 2017,1.16866,1.17164
Week 3,17 Jan 2017,1.16933,1.17246
Week 4,24 Jan 2017,1.18475,1.18827

Week 1,31 Jan 2017,1.19728,1.20061
Week 2,07 Feb 2017,1.20095,1.20397
Week 3,14 Feb 2017,1.21042,1.21332
Week 4,21 Feb 2017,1.21175,1.21453

Week 1,28 Feb 2017,1.20203,1.20497
Week 2,07 Mar 2017,1.19150,1.19413
Week 3,14 Mar 2017,1.19949,1.20187
Week 4,21 Mar 2017,1.20847,1.21065

Week 1,28 Mar 2017,1.19774,1.19985
Week 2,04 Apr 2017,1.19835,1.20042
Week 3,11 Apr 2017,1.19282,1.19552
Week 4,18 Apr 2017,1.19478,1.19800

Week 1,25 Apr 2017,1.18370,1.18669
Week 2,02 May 2017,1.18034,1.18342
Week 3,09 May 2017,1.18615,1.18916
Week 4,16 May 2017,1.17243,1.17531

Week 1,23 May 2017,1.14668,1.14944
Week 2,30 May 2017,1.15278,1.15554
Week 3,06 Jun 2017,1.14275,1.14544
Week 4,13 Jun 2017,1.13804,1.14071

Week 1,20 Jun 2017,1.12594,1.12976
Week 2,27 Jun 2017,1.13421,1.13687
Week 3,04 Jul 2017,1.13662,1.13993
Week 4,11 Jul 2017,1.16399,1.16671

Week 1,18 Jul 2017,1.18811,1.19105
Week 2,25 Jul 2017,1.19029,1.19311
Week 3,01 Aug 2017,1.19811,1.20100
Week 4,08 Aug 2017,1.18575,1.18856

Week 1,15 Aug 2017,1.18307,1.18560
Week 2,22 Aug 2017,1.18732,1.19032
Week 3,29 Aug 2017,1.18807,1.19077
Week 4,05 Sep 2017,1.20448,1.20733

Week 1,12 Sep 2017,1.20173,1.20496
Week 2,19 Sep 2017,1.19684,1.19966
Week 3,26 Sep 2017,1.18248,1.18526
Week 4,03 Oct 2017,1.18855,1.19158

Week 1,10 Oct 2017,1.18385,1.18667
Week 2,17 Oct 2017,1.17968,1.18263
Week 3,24 Oct 2017,1.15518,1.15800
Week 4,31 Oct 2017,1.14054,1.14347

Week 1,07 Nov 2017,1.14546,1.14880
Week 2,14 Nov 2017,1.14151,1.14466
Week 3,21 Nov 2017,1.15605,1.15892
Week 4,28 Nov 2017,1.15455,1.15768

Week 1,05 Dec 2017,1.15490,1.15731


