BRZ->JPY

Week 1,01 Dec 1998,99.92763,100.00587
Week 2,08 Dec 1998,97.42587,97.50383
Week 3,15 Dec 1998,96.04266,96.12506
Week 4,22 Dec 1998,96.26211,96.32859

Week 1,29 Dec 1998,94.29940,94.38877
Week 2,05 Jan 1999,91.69737,91.78731
Week 3,12 Jan 1999,82.07816,82.88397
Week 4,19 Jan 1999,69.38119,70.20737

Week 1,26 Jan 1999,57.90150,58.89740
Week 2,02 Feb 1999,61.72624,62.39601
Week 3,09 Feb 1999,59.57099,60.20964
Week 4,16 Feb 1999,61.96637,62.59929

Week 1,23 Feb 1999,58.76747,59.17597
Week 2,02 Mar 1999,59.33300,59.80426
Week 3,09 Mar 1999,62.96349,63.26074
Week 4,16 Mar 1999,63.23159,63.57127

Week 1,23 Mar 1999,66.18291,66.45949
Week 2,30 Mar 1999,69.38587,70.00776
Week 3,06 Apr 1999,70.38057,70.65359
Week 4,13 Apr 1999,70.88124,71.19509

Week 1,20 Apr 1999,69.88954,70.25579
Week 2,27 Apr 1999,71.27083,71.44590
Week 3,04 May 1999,72.20494,72.32541
Week 4,11 May 1999,73.61990,73.75350

Week 1,18 May 1999,73.34413,73.49407
Week 2,25 May 1999,70.42541,70.53430
Week 3,01 Jun 1999,70.23121,70.39373
Week 4,08 Jun 1999,67.77934,67.91123

Week 1,15 Jun 1999,68.15284,68.29613
Week 2,22 Jun 1999,67.87101,68.00133
Week 3,29 Jun 1999,68.11760,68.25264
Week 4,06 Jul 1999,68.21351,68.32907

Week 1,13 Jul 1999,66.82937,66.95741
Week 2,20 Jul 1999,64.89497,65.00296
Week 3,27 Jul 1999,63.89057,64.01679
Week 4,03 Aug 1999,62.82119,62.96201

Week 1,10 Aug 1999,61.97571,62.09369
Week 2,17 Aug 1999,58.92796,59.10784
Week 3,24 Aug 1999,57.71884,57.86019
Week 4,31 Aug 1999,56.95603,57.08646

Week 1,07 Sep 1999,57.95336,58.08424
Week 2,14 Sep 1999,56.50357,56.59694
Week 3,21 Sep 1999,54.95093,55.04724
Week 4,28 Sep 1999,54.59301,54.69636

Week 1,05 Oct 1999,55.19661,55.33283
Week 2,12 Oct 1999,54.66719,54.84110
Week 3,19 Oct 1999,53.23323,53.32317
Week 4,26 Oct 1999,53.02123,53.15334

Week 1,02 Nov 1999,54.40526,54.55763
Week 2,09 Nov 1999,54.32407,54.43333
Week 3,16 Nov 1999,54.78373,54.87206
Week 4,23 Nov 1999,53.64449,53.70844

Week 1,30 Nov 1999,53.23546,53.29876
Week 2,07 Dec 1999,54.77723,54.86446
Week 3,14 Dec 1999,56.44004,56.58643
Week 4,21 Dec 1999,55.94706,56.06464

Week 1,28 Dec 1999,56.34279,56.47523
Week 2,04 Jan 2000,56.82273,56.92994
Week 3,11 Jan 2000,58.34320,58.44343
Week 4,18 Jan 2000,58.94779,59.03966

Week 1,25 Jan 2000,59.49097,59.60823
Week 2,01 Feb 2000,60.42684,60.54643
Week 3,08 Feb 2000,61.60503,61.69451
Week 4,15 Feb 2000,61.96746,62.07186

Week 1,22 Feb 2000,62.25639,62.36399
Week 2,29 Feb 2000,61.58513,61.70233
Week 3,07 Mar 2000,60.96961,61.09637
Week 4,14 Mar 2000,60.87297,60.95757

Week 1,21 Mar 2000,61.76080,61.87163
Week 2,28 Mar 2000,60.06010,60.13936
Week 3,04 Apr 2000,60.21823,60.32711
Week 4,11 Apr 2000,59.76453,59.87980

Week 1,18 Apr 2000,59.09631,59.19461
Week 2,25 Apr 2000,59.32946,59.43929
Week 3,02 May 2000,60.12680,60.24256
Week 4,09 May 2000,59.60849,59.71570

Week 1,16 May 2000,58.98344,59.06846
Week 2,23 May 2000,58.26740,58.39234
Week 3,30 May 2000,59.33874,59.45974
Week 4,06 Jun 2000,59.86850,59.99269

Week 1,13 Jun 2000,58.95150,59.06157
Week 2,20 Jun 2000,57.88171,57.99539
Week 3,27 Jun 2000,58.22541,58.31851
Week 4,04 Jul 2000,59.32317,59.43440

Week 1,11 Jul 2000,59.72987,59.84359
Week 2,18 Jul 2000,60.26994,60.38773
Week 3,25 Jul 2000,61.13503,61.24291
Week 4,01 Aug 2000,60.72329,60.83184

Week 1,08 Aug 2000,60.32904,60.43890
Week 2,15 Aug 2000,59.97970,60.07497
Week 3,22 Aug 2000,58.89847,59.00347
Week 4,29 Aug 2000,58.15826,58.24464

Week 1,05 Sep 2000,58.10864,58.21786
Week 2,12 Sep 2000,58.25413,58.32689
Week 3,19 Sep 2000,57.96163,58.04749
Week 4,26 Sep 2000,58.29097,58.40237

Week 1,03 Oct 2000,58.71670,58.82756
Week 2,10 Oct 2000,57.86550,57.96451
Week 3,17 Oct 2000,57.67319,57.77731
Week 4,24 Oct 2000,56.50743,56.60623

Week 1,31 Oct 2000,55.99191,56.10784
Week 2,07 Nov 2000,54.97161,55.06253
Week 3,14 Nov 2000,55.44864,55.54903
Week 4,21 Nov 2000,56.90540,57.00914

Week 1,28 Nov 2000,56.22623,56.31979
Week 2,05 Dec 2000,56.26743,56.37327
Week 3,12 Dec 2000,57.00909,57.08934
Week 4,19 Dec 2000,57.48720,57.58896

Week 1,26 Dec 2000,58.32580,58.42847
Week 2,02 Jan 2001,59.23389,59.31897
Week 3,09 Jan 2001,60.22384,60.33836
Week 4,16 Jan 2001,60.21966,60.33131

Week 1,23 Jan 2001,59.44229,59.54613
Week 2,30 Jan 2001,58.47560,58.59000
Week 3,06 Feb 2001,58.40777,58.50136
Week 4,13 Feb 2001,58.23049,58.32877

Week 1,20 Feb 2001,57.18527,57.27294
Week 2,27 Feb 2001,57.85197,57.97054
Week 3,06 Mar 2001,58.51681,58.60984
Week 4,13 Mar 2001,58.00559,58.10533

Week 1,20 Mar 2001,57.13153,57.21419
Week 2,27 Mar 2001,57.96701,58.05399
Week 3,03 Apr 2001,57.54486,57.63036
Week 4,10 Apr 2001,57.71840,57.82769

Week 1,17 Apr 2001,55.15213,55.22799
Week 2,24 Apr 2001,54.94034,55.04114
Week 3,01 May 2001,55.03470,55.11646
Week 4,08 May 2001,53.95651,54.04776

Week 1,15 May 2001,53.26461,53.35167
Week 2,22 May 2001,51.72427,51.81011
Week 3,29 May 2001,50.70064,50.76841
Week 4,05 Jun 2001,50.74359,50.80147

Week 1,12 Jun 2001,50.65826,50.73473
Week 2,19 Jun 2001,52.06877,52.13110
Week 3,26 Jun 2001,53.71730,53.78459
Week 4,03 Jul 2001,51.97663,52.03631

Week 1,10 Jul 2001,49.25663,49.32487
Week 2,17 Jul 2001,49.67177,49.75171
Week 3,24 Jul 2001,50.25244,50.31336
Week 4,31 Jul 2001,50.04150,50.09977

Week 1,07 Aug 2001,49.69379,49.75599
Week 2,14 Aug 2001,48.05319,48.10449
Week 3,21 Aug 2001,47.31841,47.37487
Week 4,28 Aug 2001,46.73260,46.78889

Week 1,04 Sep 2001,46.53673,46.59629
Week 2,11 Sep 2001,44.51997,44.55216
Week 3,18 Sep 2001,42.09676,44.09263
Week 4,25 Sep 2001,42.52304,45.36537

Week 1,02 Oct 2001,43.15136,46.05311
Week 2,09 Oct 2001,42.16193,44.93874
Week 3,16 Oct 2001,42.66209,45.51310
Week 4,23 Oct 2001,43.56343,46.53503

Week 1,30 Oct 2001,43.69739,46.67939
Week 2,06 Nov 2001,44.90040,48.11597
Week 3,13 Nov 2001,46.35450,49.79056
Week 4,20 Nov 2001,47.43190,50.47056

Week 1,27 Nov 2001,47.62234,51.20917
Week 2,04 Dec 2001,49.48467,53.29170
Week 3,11 Dec 2001,51.45616,55.50033
Week 4,18 Dec 2001,53.11190,57.35007

Week 1,25 Dec 2001,54.36871,58.78623
Week 2,01 Jan 2002,55.00059,59.47154
Week 3,08 Jan 2002,53.21867,57.37960
Week 4,15 Jan 2002,53.40783,57.63244

Week 1,22 Jan 2002,54.16940,58.50051
Week 2,29 Jan 2002,53.16330,57.43004
Week 3,05 Feb 2002,53.06384,57.26751
Week 4,12 Feb 2002,52.41050,56.51964

Week 1,19 Feb 2002,53.19876,57.40244
Week 2,26 Feb 2002,54.17393,58.56433
Week 3,05 Mar 2002,53.04764,57.36579
Week 4,12 Mar 2002,52.97223,57.27260

Week 1,19 Mar 2002,54.31386,58.71184
Week 2,26 Mar 2002,55.40130,58.64021
Week 3,02 Apr 2002,56.50861,58.48634
Week 4,09 Apr 2002,56.65231,58.67881

Week 1,16 Apr 2002,55.06179,57.57903
Week 2,23 Apr 2002,53.78263,55.57114
Week 3,30 Apr 2002,52.71284,54.43460
Week 4,07 May 2002,51.33980,52.93731

Week 1,14 May 2002,50.03787,52.13204
Week 2,21 May 2002,48.10179,51.57547
Week 3,28 May 2002,49.31791,49.36961
Week 4,04 Jun 2002,47.45417,47.50569

Week 1,11 Jun 2002,45.43737,46.68780
Week 2,18 Jun 2002,44.50786,44.55020
Week 3,25 Jun 2002,42.59227,42.63297
Week 4,02 Jul 2002,41.24627,42.64994

Week 1,09 Jul 2002,41.07033,42.14926
Week 2,16 Jul 2002,40.07516,41.05949
Week 3,23 Jul 2002,39.60521,39.95641
Week 4,30 Jul 2002,36.71561,37.65726

Week 1,06 Aug 2002,39.66470,40.09603
Week 2,13 Aug 2002,37.35157,37.43594
Week 3,20 Aug 2002,37.79944,38.73406
Week 4,27 Aug 2002,37.94187,38.86956

Week 1,03 Sep 2002,37.67873,38.04349
Week 2,10 Sep 2002,38.20887,39.12356
Week 3,17 Sep 2002,35.95270,36.71567
Week 4,24 Sep 2002,32.69324,33.35510

Week 1,01 Oct 2002,32.98893,33.67960
Week 2,08 Oct 2002,31.75604,32.56269
Week 3,15 Oct 2002,32.17316,32.64586
Week 4,22 Oct 2002,32.02423,32.68066

Week 1,29 Oct 2002,32.92070,33.62174
Week 2,05 Nov 2002,33.52016,34.22277
Week 3,12 Nov 2002,32.55389,33.40094
Week 4,19 Nov 2002,34.19307,35.12993

Week 1,26 Nov 2002,33.61453,34.30469
Week 2,03 Dec 2002,32.86483,33.51711
Week 3,10 Dec 2002,32.09846,32.77093
Week 4,17 Dec 2002,34.13339,34.88124

Week 1,24 Dec 2002,33.66214,34.31619
Week 2,31 Dec 2002,33.57741,34.30540
Week 3,07 Jan 2003,35.49710,36.49879
Week 4,14 Jan 2003,35.29460,36.02037

Week 1,21 Jan 2003,33.16961,33.81313
Week 2,28 Jan 2003,33.12593,33.78479
Week 3,04 Feb 2003,33.16116,33.98966
Week 4,11 Feb 2003,33.01980,33.65177

Week 1,18 Feb 2003,32.49833,33.50213
Week 2,25 Feb 2003,32.85044,33.10046
Week 3,04 Mar 2003,32.88079,33.71479
Week 4,11 Mar 2003,33.67959,34.75856

Week 1,18 Mar 2003,34.39586,35.15703
Week 2,25 Mar 2003,34.89531,35.81029
Week 3,01 Apr 2003,35.82553,36.82466
Week 4,08 Apr 2003,36.94424,38.07457

Week 1,15 Apr 2003,37.39889,39.26096
Week 2,22 Apr 2003,38.62451,40.47619
Week 3,29 Apr 2003,39.60013,41.63209
Week 4,06 May 2003,38.83450,40.74666

Week 1,13 May 2003,38.90686,40.83116
Week 2,20 May 2003,38.32944,40.14839
Week 3,27 May 2003,38.94956,40.78689
Week 4,03 Jun 2003,39.91664,41.85596

Week 1,10 Jun 2003,40.20183,42.18229
Week 2,17 Jun 2003,40.09194,42.06256
Week 3,24 Jun 2003,40.23159,42.24289
Week 4,01 Jul 2003,40.86340,42.95214

Week 1,08 Jul 2003,40.03253,42.07480
Week 2,15 Jul 2003,40.25960,42.33401
Week 3,22 Jul 2003,40.17873,42.20517
Week 4,29 Jul 2003,39.84893,41.83467

Week 1,05 Aug 2003,38.82020,40.71240
Week 2,12 Aug 2003,38.63477,40.52126
Week 3,19 Aug 2003,38.45224,40.38887
Week 4,26 Aug 2003,38.50710,40.49087

Week 1,02 Sep 2003,39.24916,40.11274
Week 2,09 Sep 2003,40.21331,40.26549
Week 3,16 Sep 2003,39.73154,39.77813
Week 4,23 Sep 2003,38.20644,38.24961

Week 1,30 Sep 2003,38.26966,38.32116
Week 2,07 Oct 2003,38.44994,38.51090
Week 3,14 Oct 2003,38.32841,38.37679
Week 4,21 Oct 2003,38.16084,38.20941

Week 1,28 Oct 2003,38.11894,38.17009
Week 2,04 Nov 2003,38.32577,38.37700
Week 3,11 Nov 2003,37.04399,37.09407
Week 4,18 Nov 2003,37.07779,37.12161

Week 1,25 Nov 2003,37.18404,37.22683
Week 2,02 Dec 2003,36.86074,36.90487
Week 3,09 Dec 2003,36.64850,36.69390
Week 4,16 Dec 2003,36.74741,36.78677

Week 1,23 Dec 2003,36.92356,36.96763
Week 2,30 Dec 2003,37.10649,37.15056
Week 3,06 Jan 2004,37.36121,37.40653
Week 4,13 Jan 2004,37.79550,37.83709

Week 1,20 Jan 2004,37.56964,37.61521
Week 2,27 Jan 2004,36.45916,36.50557
Week 3,03 Feb 2004,36.02801,36.06774
Week 4,10 Feb 2004,36.24343,36.28456

Week 1,17 Feb 2004,36.50080,36.54164
Week 2,24 Feb 2004,37.16366,37.20744
Week 3,02 Mar 2004,38.48514,38.53013
Week 4,09 Mar 2004,38.42737,38.46830

Week 1,16 Mar 2004,37.10577,37.14513
Week 2,23 Mar 2004,36.25047,36.29276
Week 3,30 Mar 2004,36.05966,36.09636
Week 4,06 Apr 2004,36.75771,36.79790

Week 1,13 Apr 2004,37.03764,37.07649
Week 2,20 Apr 2004,37.34430,37.38557
Week 3,27 Apr 2004,37.45354,37.49321
Week 4,04 May 2004,36.75220,36.79323

Week 1,11 May 2004,36.61677,36.65186
Week 2,18 May 2004,35.65643,35.69113
Week 3,25 May 2004,35.56570,35.60290
Week 4,01 Jun 2004,35.15740,35.19339

Week 1,08 Jun 2004,35.11859,35.16436
Week 2,15 Jun 2004,34.86037,34.90099
Week 3,22 Jun 2004,34.68576,34.72224
Week 4,29 Jun 2004,35.22800,35.26624

Week 1,06 Jul 2004,35.70057,35.73720
Week 2,13 Jul 2004,36.07287,36.10834
Week 3,20 Jul 2004,36.10160,36.14664
Week 4,27 Jul 2004,36.47464,36.51513

Week 1,03 Aug 2004,36.36166,36.39849
Week 2,10 Aug 2004,36.57240,36.60600
Week 3,17 Aug 2004,36.73301,36.76920
Week 4,24 Aug 2004,37.11069,37.14983

Week 1,31 Aug 2004,37.47167,37.50990
Week 2,07 Sep 2004,37.74034,37.78013
Week 3,14 Sep 2004,38.03966,38.07883
Week 4,21 Sep 2004,38.40419,38.44287

Week 1,28 Sep 2004,38.82503,38.86383
Week 2,05 Oct 2004,38.96971,39.01186
Week 3,12 Oct 2004,38.46020,38.50231
Week 4,19 Oct 2004,37.60006,37.63626

Week 1,26 Oct 2004,37.06759,37.10847
Week 2,02 Nov 2004,37.40501,37.44409
Week 3,09 Nov 2004,37.68130,37.72084
Week 4,16 Nov 2004,37.38719,37.42587

Week 1,23 Nov 2004,37.47410,37.51290
Week 2,30 Nov 2004,37.67266,37.73600
Week 3,07 Dec 2004,37.73763,37.80696
Week 4,14 Dec 2004,38.20454,38.25291

Week 1,21 Dec 2004,38.48493,38.53493
Week 2,28 Dec 2004,38.53326,38.61134
Week 3,04 Jan 2005,38.51211,38.55844
Week 4,11 Jan 2005,37.92814,37.98156

Week 1,18 Jan 2005,37.97641,38.02534
Week 2,25 Jan 2005,38.77296,38.82066
Week 3,01 Feb 2005,39.74336,39.78096
Week 4,08 Feb 2005,40.44061,40.50007

Week 1,15 Feb 2005,40.78261,40.83989
Week 2,22 Feb 2005,40.18953,40.23670
Week 3,01 Mar 2005,39.60071,39.67093
Week 4,08 Mar 2005,39.26124,39.34987

Week 1,15 Mar 2005,38.87973,38.94269
Week 2,22 Mar 2005,38.70183,38.75033
Week 3,29 Mar 2005,40.09657,40.13879
Week 4,05 Apr 2005,41.61649,41.66316

Week 1,12 Apr 2005,41.55480,41.60071
Week 2,19 Apr 2005,41.60567,41.65504
Week 3,26 Apr 2005,41.71324,41.76729
Week 4,03 May 2005,42.32411,42.38950

Week 1,10 May 2005,43.18561,43.26220
Week 2,17 May 2005,43.79131,43.85724
Week 3,24 May 2005,44.83317,44.90814
Week 4,31 May 2005,44.71251,44.77909

Week 1,07 Jun 2005,43.60526,43.67691
Week 2,14 Jun 2005,45.28450,45.34781
Week 3,21 Jun 2005,45.69059,45.75779
Week 4,28 Jun 2005,47.00021,47.07920

Week 1,05 Jul 2005,47.18806,47.25100
Week 2,12 Jul 2005,47.78831,47.85950
Week 3,19 Jul 2005,47.12006,47.18503
Week 4,26 Jul 2005,46.51249,46.56589

Week 1,02 Aug 2005,48.00189,48.06976
Week 2,09 Aug 2005,47.17433,47.25391
Week 3,16 Aug 2005,45.96780,46.04304
Week 4,23 Aug 2005,45.73349,45.80514

Week 1,30 Aug 2005,46.79753,46.87486
Week 2,06 Sep 2005,47.24409,47.32000
Week 3,13 Sep 2005,47.96090,48.04606
Week 4,20 Sep 2005,49.17863,49.25986

Week 1,27 Sep 2005,50.62446,50.71046
Week 2,04 Oct 2005,50.38986,50.46926
Week 3,11 Oct 2005,50.88386,50.97376
Week 4,18 Oct 2005,51.29931,51.38041

Week 1,25 Oct 2005,50.86907,50.92679
Week 2,01 Nov 2005,52.55009,52.63716
Week 3,08 Nov 2005,54.15739,54.25127
Week 4,15 Nov 2005,53.72566,53.81997

Week 1,22 Nov 2005,53.24329,53.33390
Week 2,29 Nov 2005,54.23353,54.32589
Week 3,06 Dec 2005,54.51864,54.61129
Week 4,13 Dec 2005,51.69540,51.77700

Week 1,20 Dec 2005,49.94257,50.02390
Week 2,27 Dec 2005,49.97813,50.06374
Week 3,03 Jan 2006,50.39973,50.49503
Week 4,10 Jan 2006,50.31220,50.39711

Week 1,17 Jan 2006,50.23376,50.31967
Week 2,24 Jan 2006,51.78070,51.85899
Week 3,31 Jan 2006,53.29716,53.38367
Week 4,07 Feb 2006,54.27637,54.37297

Week 1,14 Feb 2006,55.25424,55.34671
Week 2,21 Feb 2006,55.03519,55.13299
Week 3,28 Feb 2006,54.72671,54.81966
Week 4,07 Mar 2006,54.78860,54.88224

Week 1,14 Mar 2006,55.15149,55.24253
Week 2,21 Mar 2006,54.37009,54.51293
Week 3,28 Mar 2006,53.58889,53.78409
Week 4,04 Apr 2006,55.00343,55.20737

Week 1,11 Apr 2006,55.25781,55.45777
Week 2,18 Apr 2006,55.12763,55.32553
Week 3,25 Apr 2006,54.14437,54.33816
Week 4,02 May 2006,54.61137,54.82539

Week 1,09 May 2006,52.80863,52.99653
Week 2,16 May 2006,50.72324,50.90371
Week 3,23 May 2006,49.01799,49.18156
Week 4,30 May 2006,49.06110,49.26876

Week 1,06 Jun 2006,49.92491,50.08723
Week 2,13 Jun 2006,50.51543,50.70624
Week 3,20 Jun 2006,51.49069,51.67367
Week 4,27 Jun 2006,52.40494,52.59286

Week 1,04 Jul 2006,52.62561,52.82164
Week 2,11 Jul 2006,51.34534,53.58099
Week 3,18 Jul 2006,53.06394,53.24911
Week 4,25 Jul 2006,52.80116,52.98374

Week 1,01 Aug 2006,52.52477,52.72081
Week 2,08 Aug 2006,53.13520,53.34324
Week 3,15 Aug 2006,53.90837,54.10287
Week 4,22 Aug 2006,54.16396,54.36153

Week 1,29 Aug 2006,54.33386,54.77004
Week 2,05 Sep 2006,54.19611,54.39310
Week 3,12 Sep 2006,54.25036,54.46661
Week 4,19 Sep 2006,53.54124,53.73797

Week 1,26 Sep 2006,53.63890,53.83279
Week 2,03 Oct 2006,54.54039,54.73699
Week 3,10 Oct 2006,55.46436,55.67274
Week 4,17 Oct 2006,55.50173,55.71876

Week 1,24 Oct 2006,55.29411,55.50007
Week 2,31 Oct 2006,54.74593,54.95009
Week 3,07 Nov 2006,54.84166,55.03653
Week 4,14 Nov 2006,54.51959,54.71427

Week 1,21 Nov 2006,53.85644,54.06641
Week 2,28 Nov 2006,53.25291,53.43736
Week 3,05 Dec 2006,53.64997,53.85579
Week 4,12 Dec 2006,54.69069,54.89277

Week 1,19 Dec 2006,54.87040,55.07559
Week 2,26 Dec 2006,55.41217,55.61684
Week 3,02 Jan 2007,55.37423,55.58984
Week 4,09 Jan 2007,55.67383,55.87917

Week 1,16 Jan 2007,56.51804,56.72786
Week 2,23 Jan 2007,56.79484,56.99937
Week 3,30 Jan 2007,57.25206,57.44861
Week 4,06 Feb 2007,57.66984,57.87473

Week 1,13 Feb 2007,57.25813,57.45504
Week 2,20 Feb 2007,57.71924,57.91226
Week 3,27 Feb 2007,55.86041,56.03827
Week 4,06 Mar 2007,55.31916,55.50410

Week 1,13 Mar 2007,55.78496,55.97547
Week 2,20 Mar 2007,56.78020,56.98407
Week 3,27 Mar 2007,57.02189,57.22929
Week 4,03 Apr 2007,58.17451,58.37764

Week 1,10 Apr 2007,58.66997,58.87959
Week 2,17 Apr 2007,58.43850,58.64496
Week 3,24 Apr 2007,58.57279,58.77334
Week 4,01 May 2007,59.03654,59.25007

Week 1,08 May 2007,59.25380,59.47916
Week 2,15 May 2007,61.00236,61.21047
Week 3,22 May 2007,62.24786,62.48273
Week 4,29 May 2007,63.06221,63.29510

Week 1,05 Jun 2007,62.12354,62.32393
Week 2,12 Jun 2007,63.43057,63.66789
Week 3,19 Jun 2007,64.41130,64.66349
Week 4,26 Jun 2007,63.45933,63.70190

Week 1,03 Jul 2007,64.19767,64.44429
Week 2,10 Jul 2007,64.81390,65.05559
Week 3,17 Jul 2007,65.29051,65.52194
Week 4,24 Jul 2007,63.42577,63.68834

Week 1,31 Jul 2007,62.92729,63.18640
Week 2,07 Aug 2007,61.63853,61.87497
Week 3,14 Aug 2007,57.59161,57.78530
Week 4,21 Aug 2007,57.59467,57.79777

Week 1,28 Aug 2007,58.63297,58.84951
Week 2,04 Sep 2007,58.48154,58.99804
Week 3,11 Sep 2007,59.70663,59.90780
Week 4,18 Sep 2007,61.39781,61.60466

Week 1,25 Sep 2007,62.09904,62.30466
Week 2,02 Oct 2007,63.81276,64.03797
Week 3,09 Oct 2007,64.99523,65.22551
Week 4,16 Oct 2007,63.95763,64.84283

Week 1,23 Oct 2007,63.65367,63.87984
Week 2,30 Oct 2007,65.39920,65.62223
Week 3,06 Nov 2007,64.43979,64.67311
Week 4,13 Nov 2007,63.07079,63.29200

Week 1,20 Nov 2007,61.13706,61.33477
Week 2,27 Nov 2007,60.88326,61.07153
Week 3,04 Dec 2007,62.10014,62.30571
Week 4,11 Dec 2007,63.05590,63.27133

Week 1,18 Dec 2007,62.92181,63.13690
Week 2,25 Dec 2007,63.77383,63.99957
Week 3,01 Jan 2008,61.86451,62.71586
Week 4,08 Jan 2008,61.90047,62.21576

Week 1,15 Jan 2008,60.42024,60.63349
Week 2,22 Jan 2008,59.18433,59.39781
Week 3,29 Jan 2008,60.32161,60.52866
Week 4,05 Feb 2008,60.72790,60.98376

Week 1,12 Feb 2008,61.16007,61.69124
Week 2,19 Feb 2008,62.38347,62.58299
Week 3,26 Feb 2008,62.63923,62.89196
Week 4,04 Mar 2008,61.21643,61.43181

Week 1,11 Mar 2008,59.28587,59.50871
Week 2,18 Mar 2008,57.13211,57.37031
Week 3,25 Mar 2008,57.23430,57.41610
Week 4,01 Apr 2008,58.60700,58.81429

Week 1,08 Apr 2008,59.96141,60.15894
Week 2,15 Apr 2008,61.10157,61.38367
Week 3,22 Apr 2008,62.21947,62.41394
Week 4,29 Apr 2008,62.66379,62.88567

Week 1,06 May 2008,61.97046,62.16870
Week 2,13 May 2008,62.79243,62.99170
Week 3,20 May 2008,62.59279,62.81919
Week 4,27 May 2008,63.49441,63.71433

Week 1,03 Jun 2008,64.47224,64.69654
Week 2,10 Jun 2008,65.54129,65.77287
Week 3,17 Jun 2008,66.79381,67.02140
Week 4,24 Jun 2008,66.67097,66.91766

Week 1,01 Jul 2008,66.15956,66.42061
Week 2,08 Jul 2008,66.39304,66.62613
Week 3,15 Jul 2008,66.40696,66.64004
Week 4,22 Jul 2008,67.88329,68.12837

Week 1,29 Jul 2008,68.76761,69.01703
Week 2,05 Aug 2008,68.48357,68.89086
Week 3,12 Aug 2008,67.51151,67.79319
Week 4,19 Aug 2008,67.49153,67.74020

Week 1,26 Aug 2008,66.93953,67.18866
Week 2,02 Sep 2008,63.76696,64.00509
Week 3,09 Sep 2008,60.64280,60.86561
Week 4,16 Sep 2008,57.57393,57.87826

Week 1,23 Sep 2008,57.58709,57.86867
Week 2,30 Sep 2008,53.66846,54.06799
Week 3,07 Oct 2008,44.64951,45.05047
Week 4,14 Oct 2008,46.74814,47.59551

Week 1,21 Oct 2008,43.11659,43.38246
Week 2,28 Oct 2008,44.41809,45.23943
Week 3,04 Nov 2008,45.64116,45.92124
Week 4,11 Nov 2008,42.91546,43.44376

Week 1,18 Nov 2008,40.19177,40.51637
Week 2,25 Nov 2008,41.20579,41.51089
Week 3,02 Dec 2008,37.39399,37.84379
Week 4,09 Dec 2008,37.79406,38.18289

Week 1,16 Dec 2008,37.60860,37.80640
Week 2,23 Dec 2008,37.44281,38.66194
Week 3,30 Dec 2008,38.66247,38.92103
Week 4,06 Jan 2009,40.39324,40.69974

Week 1,13 Jan 2009,38.31837,38.79130
Week 2,20 Jan 2009,37.80881,38.39329
Week 3,27 Jan 2009,38.73194,38.95940
Week 4,03 Feb 2009,39.29766,39.72947

Week 1,10 Feb 2009,39.92174,40.35101
Week 2,17 Feb 2009,39.42546,40.01141
Week 3,24 Feb 2009,40.56873,40.99370
Week 4,03 Mar 2009,40.76193,41.26691

Week 1,10 Mar 2009,41.93940,42.26241
Week 2,17 Mar 2009,42.48276,43.04309
Week 3,24 Mar 2009,43.17294,43.33571
Week 4,31 Mar 2009,43.57681,44.10826

Week 1,07 Apr 2009,45.53764,45.70234
Week 2,14 Apr 2009,45.40129,45.57493
Week 3,21 Apr 2009,43.96790,44.49984
Week 4,28 Apr 2009,44.70731,44.95529

Week 1,05 May 2009,46.43620,47.07193
Week 2,12 May 2009,46.07724,46.29787
Week 3,19 May 2009,46.49550,46.66507
Week 4,26 May 2009,47.43173,47.59814

Week 1,02 Jun 2009,49.16604,49.90960
Week 2,09 Jun 2009,50.32039,50.51660
Week 3,16 Jun 2009,48.93963,49.78123
Week 4,23 Jun 2009,48.46864,48.66183

Week 1,30 Jun 2009,49.03113,49.57387
Week 2,07 Jul 2009,46.83880,47.37736
Week 3,14 Jul 2009,47.96767,48.15009
Week 4,21 Jul 2009,49.55899,49.74789

Week 1,28 Jul 2009,50.47151,50.62686
Week 2,04 Aug 2009,52.19183,52.78453
Week 3,11 Aug 2009,51.94977,52.13673
Week 4,18 Aug 2009,50.74996,51.43344

Week 1,25 Aug 2009,50.13934,50.94533
Week 2,01 Sep 2009,49.54404,49.75936
Week 3,08 Sep 2009,50.14411,50.29666
Week 4,15 Sep 2009,50.24837,50.43989

Week 1,22 Sep 2009,50.03750,50.62860
Week 2,29 Sep 2009,50.04024,50.61686
Week 3,06 Oct 2009,50.56756,51.41191
Week 4,13 Oct 2009,52.13490,53.02829

Week 1,20 Oct 2009,52.85247,53.02381
Week 2,27 Oct 2009,52.06934,52.61076
Week 3,03 Nov 2009,51.97787,52.18350
Week 4,10 Nov 2009,52.16806,52.33316

Week 1,17 Nov 2009,51.58181,51.77550
Week 2,24 Nov 2009,50.28903,50.44109
Week 3,01 Dec 2009,51.06656,51.22331
Week 4,08 Dec 2009,50.55039,50.73897

Week 1,15 Dec 2009,50.67400,50.82574
Week 2,22 Dec 2009,51.10664,52.13256
Week 3,29 Dec 2009,52.90573,53.18746
Week 4,05 Jan 2010,53.38374,53.54307

Week 1,12 Jan 2010,51.83521,52.27167
Week 2,19 Jan 2010,50.32307,50.55710
Week 3,26 Jan 2010,48.39430,48.79291
Week 4,02 Feb 2010,48.10516,48.35440

Week 1,09 Feb 2010,48.00669,48.52134
Week 2,16 Feb 2010,49.49760,49.93346
Week 3,23 Feb 2010,49.16503,49.61754
Week 4,02 Mar 2010,49.58271,50.48879

Week 1,09 Mar 2010,50.91154,51.12621
Week 2,16 Mar 2010,50.69354,50.94579
Week 3,23 Mar 2010,50.32721,51.32653
Week 4,30 Mar 2010,52.36237,52.67101

Week 1,06 Apr 2010,52.73266,53.19237
Week 2,13 Apr 2010,52.69993,53.06606
Week 3,20 Apr 2010,52.97471,53.15131
Week 4,27 Apr 2010,53.53229,54.34190

Week 1,04 May 2010,51.27209,52.13330
Week 2,11 May 2010,51.69241,51.97101
Week 3,18 May 2010,49.29474,49.55327
Week 4,25 May 2010,49.00659,49.48180

Week 1,01 Jun 2010,49.74200,50.61870
Week 2,08 Jun 2010,49.84221,50.02814
Week 3,15 Jun 2010,50.57246,51.42154
Week 4,22 Jun 2010,50.36674,50.63597

Week 1,29 Jun 2010,48.89336,49.81526
Week 2,06 Jul 2010,49.77246,49.98293
Week 3,13 Jul 2010,49.17097,50.03889
Week 4,20 Jul 2010,48.89386,49.36233

Week 1,27 Jul 2010,49.24343,49.42004
Week 2,03 Aug 2010,48.80900,49.00833
Week 3,10 Aug 2010,48.51533,48.69883
Week 4,17 Aug 2010,48.20303,49.06459

Week 1,24 Aug 2010,47.93557,48.58770
Week 2,31 Aug 2010,48.26389,48.76384
Week 3,07 Sep 2010,48.60377,48.80846
Week 4,14 Sep 2010,49.20497,49.99059

Week 1,21 Sep 2010,49.16813,49.42591
Week 2,28 Sep 2010,48.95734,49.53937
Week 3,05 Oct 2010,48.99394,49.43967
Week 4,12 Oct 2010,48.81830,49.42763

Week 1,19 Oct 2010,48.12637,48.34220
Week 2,26 Oct 2010,47.36691,47.53479
Week 3,02 Nov 2010,47.81186,48.03240
Week 4,09 Nov 2010,47.87039,48.01917

Week 1,16 Nov 2010,48.30593,48.47413
Week 2,23 Nov 2010,48.38731,48.54816
Week 3,30 Nov 2010,48.88243,49.04244
Week 4,07 Dec 2010,49.18107,49.35391

Week 1,14 Dec 2010,48.92980,49.48607
Week 2,21 Dec 2010,48.89389,49.22540
Week 3,28 Dec 2010,48.68699,49.08944
Week 4,04 Jan 2011,49.28794,49.48681

Week 1,11 Jan 2011,49.22129,49.43370
Week 2,18 Jan 2011,49.09063,49.64606
Week 3,25 Jan 2011,49.05611,49.26497
Week 4,01 Feb 2011,48.71117,49.30354

Week 1,08 Feb 2011,49.54497,49.74389
Week 2,15 Feb 2011,49.90663,50.10123
Week 3,22 Feb 2011,49.31861,49.48454
Week 4,01 Mar 2011,49.55383,49.68396

Week 1,08 Mar 2011,49.61576,49.74283
Week 2,15 Mar 2011,48.26467,48.41584
Week 3,22 Mar 2011,48.74434,48.90009
Week 4,29 Mar 2011,50.70320,50.81804

Week 1,05 Apr 2011,53.01957,53.20157
Week 2,12 Apr 2011,52.88454,53.03136
Week 3,19 Apr 2011,52.24113,52.41870
Week 4,26 Apr 2011,51.89331,52.03811

Week 1,03 May 2011,50.42943,50.57936
Week 2,10 May 2011,49.68819,49.80021
Week 3,17 May 2011,50.18136,50.33554
Week 4,24 May 2011,50.26450,50.40231

Week 1,31 May 2011,50.95081,51.09901
Week 2,07 Jun 2011,50.46019,50.62557
Week 3,14 Jun 2011,50.30179,50.47473
Week 4,21 Jun 2011,50.28880,50.41290

Week 1,28 Jun 2011,51.35259,51.55674
Week 2,05 Jul 2011,51.70909,51.86020
Week 3,12 Jul 2011,50.35877,50.53001
Week 4,19 Jul 2011,50.35580,50.46626

Week 1,26 Jul 2011,49.97540,50.09506
Week 2,02 Aug 2011,49.34220,49.56746
Week 3,09 Aug 2011,47.54774,47.75449
Week 4,16 Aug 2011,47.86444,48.09730

Week 1,23 Aug 2011,47.76960,47.92353
Week 2,30 Aug 2011,47.64553,47.77903
Week 3,06 Sep 2011,46.47870,46.61364
Week 4,13 Sep 2011,44.95871,45.06753

Week 1,20 Sep 2011,41.80299,41.94673
Week 2,27 Sep 2011,41.75024,41.87483
Week 3,04 Oct 2011,42.05916,42.21226
Week 4,11 Oct 2011,43.84509,43.99977

Week 1,18 Oct 2011,43.31416,43.44260
Week 2,25 Oct 2011,43.85353,43.96611
Week 3,01 Nov 2011,45.05636,45.21976
Week 4,08 Nov 2011,44.24973,44.38717

Week 1,15 Nov 2011,43.34009,43.53171
Week 2,22 Nov 2011,41.69167,41.86073
Week 3,29 Nov 2011,42.59950,42.90061
Week 4,06 Dec 2011,43.07460,43.21703

Week 1,13 Dec 2011,41.97480,42.12917
Week 2,20 Dec 2011,41.93717,42.07051
Week 3,27 Dec 2011,41.50517,41.63547
Week 4,03 Jan 2012,41.56094,41.69537

Week 1,10 Jan 2012,42.52784,42.65053
Week 2,17 Jan 2012,43.32207,43.47787
Week 3,24 Jan 2012,44.04011,44.19244
Week 4,31 Jan 2012,44.07393,44.18633

Week 1,07 Feb 2012,44.76004,44.90384
Week 2,14 Feb 2012,45.71761,45.86417
Week 3,21 Feb 2012,46.85281,46.98573
Week 4,28 Feb 2012,47.20209,47.34566

Week 1,06 Mar 2012,46.19207,46.30913
Week 2,13 Mar 2012,46.11761,46.25729
Week 3,20 Mar 2012,45.57580,45.81171
Week 4,27 Mar 2012,45.33173,45.46293

Week 1,03 Apr 2012,44.90254,45.00673
Week 2,10 Apr 2012,44.15451,44.31321
Week 3,17 Apr 2012,43.49566,43.61210
Week 4,24 Apr 2012,42.90051,43.01577

Week 1,01 May 2012,41.74207,42.00746
Week 2,08 May 2012,40.89697,41.01511
Week 3,15 May 2012,39.69937,39.79920
Week 4,22 May 2012,39.20930,39.34057

Week 1,29 May 2012,39.06460,39.16869
Week 2,05 Jun 2012,38.79147,39.04499
Week 3,12 Jun 2012,38.47376,38.62710
Week 4,19 Jun 2012,38.81671,38.91149

Week 1,26 Jun 2012,38.68920,38.81907
Week 2,03 Jul 2012,39.39596,39.62649
Week 3,10 Jul 2012,38.93137,39.03300
Week 4,17 Jul 2012,38.80210,38.91961

Week 1,24 Jul 2012,38.51989,38.60521
Week 2,31 Jul 2012,38.39346,38.47453
Week 3,07 Aug 2012,38.73993,38.82120
Week 4,14 Aug 2012,39.12609,39.17791

Week 1,21 Aug 2012,38.97726,39.11233
Week 2,28 Aug 2012,38.46630,38.60709
Week 3,04 Sep 2012,38.50324,38.63663
Week 4,11 Sep 2012,38.59584,38.73001

Week 1,18 Sep 2012,38.66786,38.80343
Week 2,25 Sep 2012,38.30751,38.43621
Week 3,02 Oct 2012,38.61687,38.79764
Week 4,09 Oct 2012,38.35390,38.53507

Week 1,16 Oct 2012,38.85943,38.95159
Week 2,23 Oct 2012,39.33707,39.42367
Week 3,30 Oct 2012,39.36196,39.44414
Week 4,06 Nov 2012,39.09877,39.21174

Week 1,13 Nov 2012,38.87199,38.97561
Week 2,20 Nov 2012,39.25394,39.36806
Week 3,27 Nov 2012,39.05764,39.14407
Week 4,04 Dec 2012,39.24643,39.32871

Week 1,11 Dec 2012,39.89703,39.97974
Week 2,18 Dec 2012,40.31791,40.58856
Week 3,25 Dec 2012,41.44714,41.53467
Week 4,01 Jan 2013,42.67553,42.77520

Week 1,08 Jan 2013,43.37446,43.47154
Week 2,15 Jan 2013,43.76444,43.92476
Week 3,22 Jan 2013,44.09460,44.20601
Week 4,29 Jan 2013,45.85109,46.05803

Week 1,05 Feb 2013,46.90563,47.02219
Week 2,12 Feb 2013,47.40954,47.52477
Week 3,19 Feb 2013,47.45643,47.63763
Week 4,26 Feb 2013,46.83696,47.02119

Week 1,05 Mar 2013,48.16187,48.27629
Week 2,12 Mar 2013,48.57144,48.70391
Week 3,19 Mar 2013,47.47096,47.63953
Week 4,26 Mar 2013,46.67339,46.84063

Week 1,02 Apr 2013,47.27539,47.44740
Week 2,09 Apr 2013,49.88314,50.18746
Week 3,16 Apr 2013,49.13957,49.33903
Week 4,23 Apr 2013,49.13200,49.32606

Week 1,30 Apr 2013,48.80930,48.98546
Week 2,07 May 2013,49.68396,49.84293
Week 3,14 May 2013,50.51190,50.75147
Week 4,21 May 2013,49.78971,50.05421

Week 1,28 May 2013,48.06409,48.30576
Week 2,04 Jun 2013,46.14586,46.39647
Week 3,11 Jun 2013,44.61460,44.83157
Week 4,18 Jun 2013,43.57446,43.75684

Week 1,25 Jun 2013,44.24196,44.51933
Week 2,02 Jul 2013,44.54367,44.70444
Week 3,09 Jul 2013,44.07191,44.23733
Week 4,16 Jul 2013,44.63804,44.78589

Week 1,23 Jul 2013,44.15720,44.35260
Week 2,30 Jul 2013,43.10133,43.29050
Week 3,06 Aug 2013,42.31281,42.44211
Week 4,13 Aug 2013,41.70849,41.84901

Week 1,20 Aug 2013,40.67589,40.88201
Week 2,27 Aug 2013,41.27180,41.41836
Week 3,03 Sep 2013,42.27819,42.43411
Week 4,10 Sep 2013,43.54710,43.77384

Week 1,17 Sep 2013,44.35039,44.52773
Week 2,24 Sep 2013,44.16141,44.35699
Week 3,01 Oct 2013,43.97346,44.18920
Week 4,08 Oct 2013,44.43420,44.70651

Week 1,15 Oct 2013,45.05700,45.24050
Week 2,22 Oct 2013,44.61123,44.78789
Week 3,29 Oct 2013,44.27834,44.43753
Week 4,05 Nov 2013,43.03359,43.25787

Week 1,12 Nov 2013,42.87137,43.00631
Week 2,19 Nov 2013,44.02936,44.15189
Week 3,26 Nov 2013,44.00763,44.16084
Week 4,03 Dec 2013,43.54627,43.68573

Week 1,10 Dec 2013,44.16849,44.39546
Week 2,17 Dec 2013,43.99219,44.14981
Week 3,24 Dec 2013,44.35786,44.55053
Week 4,31 Dec 2013,44.15783,44.40721

Week 1,07 Jan 2014,43.93931,44.09036
Week 2,14 Jan 2014,44.13366,44.31783
Week 3,21 Jan 2014,43.43847,43.63704
Week 4,28 Jan 2014,42.24790,42.42653

Week 1,04 Feb 2014,42.37001,42.56777
Week 2,11 Feb 2014,42.45806,42.66097
Week 3,18 Feb 2014,43.00999,43.17731
Week 4,25 Feb 2014,43.58243,43.73537

Week 1,04 Mar 2014,43.83156,43.98777
Week 2,11 Mar 2014,43.41477,43.58397
Week 3,18 Mar 2014,43.55131,43.78327
Week 4,25 Mar 2014,44.66999,44.84180

Week 1,01 Apr 2014,45.60151,45.83431
Week 2,08 Apr 2014,46.05463,46.23573
Week 3,15 Apr 2014,45.70150,45.87951
Week 4,22 Apr 2014,45.74563,45.90431

Week 1,29 Apr 2014,45.83111,46.01556
Week 2,06 May 2014,45.75766,45.92370
Week 3,13 May 2014,45.89313,46.06421
Week 4,20 May 2014,45.80169,45.95970

Week 1,27 May 2014,45.50380,45.66384
Week 2,03 Jun 2014,45.20476,45.36973
Week 3,10 Jun 2014,45.72350,45.89774
Week 4,17 Jun 2014,45.58641,45.73193

Week 1,24 Jun 2014,45.95729,46.09963
Week 2,01 Jul 2014,45.96089,46.13411
Week 3,08 Jul 2014,45.66376,45.86157
Week 4,15 Jul 2014,45.44254,45.64121

Week 1,22 Jul 2014,45.64951,45.82054
Week 2,29 Jul 2014,45.52814,45.69366
Week 3,05 Aug 2014,44.80323,44.98736
Week 4,12 Aug 2014,44.97881,45.14151

Week 1,19 Aug 2014,45.55469,45.74261
Week 2,26 Aug 2014,45.93961,46.22343
Week 3,02 Sep 2014,46.63836,46.98409
Week 4,09 Sep 2014,46.49791,46.80603

Week 1,16 Sep 2014,45.85737,46.02969
Week 2,23 Sep 2014,45.06323,45.34100
Week 3,30 Sep 2014,44.38386,44.53683
Week 4,07 Oct 2014,44.70586,44.96349

Week 1,14 Oct 2014,43.85781,44.01180
Week 2,21 Oct 2014,43.49641,43.61951
Week 3,28 Oct 2014,44.48990,44.65106
Week 4,04 Nov 2014,45.00607,45.32869

Week 1,11 Nov 2014,44.79913,45.00553
Week 2,18 Nov 2014,45.74976,45.87943
Week 3,25 Nov 2014,46.44754,46.77026
Week 4,02 Dec 2014,46.49729,46.62267

Week 1,09 Dec 2014,45.36043,45.50434
Week 2,16 Dec 2014,44.14539,44.26563
Week 3,23 Dec 2014,44.77851,44.90047
Week 4,30 Dec 2014,44.76000,44.91341

Week 1,06 Jan 2015,44.50164,44.63579
Week 2,13 Jan 2015,44.43610,44.58926
Week 3,20 Jan 2015,45.26453,45.41286
Week 4,27 Jan 2015,44.91526,45.06927

Week 1,03 Feb 2015,42.99293,43.11563
Week 2,10 Feb 2015,42.07927,42.22810
Week 3,17 Feb 2015,41.64160,41.75411
Week 4,24 Feb 2015,41.55497,41.68951

Week 1,03 Mar 2015,40.31866,40.44073
Week 2,10 Mar 2015,38.29746,38.40450
Week 3,17 Mar 2015,37.14051,37.23469
Week 4,24 Mar 2015,37.29876,37.40294

Week 1,31 Mar 2015,37.65164,37.76939
Week 2,07 Apr 2015,38.79743,38.92563
Week 3,14 Apr 2015,38.97314,39.09919
Week 4,21 Apr 2015,39.75799,39.86296

Week 1,28 Apr 2015,40.10824,40.23640
Week 2,05 May 2015,39.55539,39.66346
Week 3,12 May 2015,39.64299,39.75137
Week 4,19 May 2015,39.65780,39.76033

Week 1,26 May 2015,39.09247,39.22083
Week 2,02 Jun 2015,39.56476,39.67316
Week 3,09 Jun 2015,39.71433,39.81363
Week 4,16 Jun 2015,39.76931,39.86810

Week 1,23 Jun 2015,39.73520,39.84876
Week 2,30 Jun 2015,39.19159,39.33090
Week 3,07 Jul 2015,38.37717,38.49379
Week 4,14 Jul 2015,39.11057,39.20960

Week 1,21 Jul 2015,37.96077,38.04097
Week 2,28 Jul 2015,36.58786,36.68296
Week 3,04 Aug 2015,35.61404,35.68267
Week 4,11 Aug 2015,35.67476,35.76869

Week 1,18 Aug 2015,35.35894,35.44819
Week 2,25 Aug 2015,33.71620,33.80064
Week 3,01 Sep 2015,32.03299,32.11921
Week 4,08 Sep 2015,31.27607,31.34887

Week 1,15 Sep 2015,30.90529,30.97989
Week 2,22 Sep 2015,29.72536,29.80694
Week 3,29 Sep 2015,30.00769,30.08024
Week 4,06 Oct 2015,31.31566,31.39146

Week 1,13 Oct 2015,31.05610,31.12109
Week 2,20 Oct 2015,30.81973,30.89227
Week 3,27 Oct 2015,31.05370,31.12270
Week 4,03 Nov 2015,32.06566,32.13454

Week 1,10 Nov 2015,32.26323,32.32781
Week 2,17 Nov 2015,32.66184,32.73643
Week 3,24 Nov 2015,32.54260,32.62977
Week 4,01 Dec 2015,32.31450,32.40083

Week 1,08 Dec 2015,32.00727,32.06453
Week 2,15 Dec 2015,30.99784,31.06213
Week 3,22 Dec 2015,30.39944,30.45356
Week 4,29 Dec 2015,30.57744,30.63449

Week 1,05 Jan 2016,29.34266,29.40530
Week 2,12 Jan 2016,29.09957,29.15834
Week 3,19 Jan 2016,28.78037,28.84130
Week 4,26 Jan 2016,29.44669,29.50057

Week 1,02 Feb 2016,30.09104,30.15920
Week 2,09 Feb 2016,28.84024,28.90994
Week 3,16 Feb 2016,28.19593,28.25779
Week 4,23 Feb 2016,28.39577,28.44853

Week 1,01 Mar 2016,29.38023,29.44900
Week 2,08 Mar 2016,30.81139,30.87486
Week 3,15 Mar 2016,30.65507,30.72713
Week 4,22 Mar 2016,30.74823,30.83409

Week 1,29 Mar 2016,31.15976,31.23116
Week 2,05 Apr 2016,30.13757,30.20804
Week 3,12 Apr 2016,30.88433,30.94787
Week 4,19 Apr 2016,30.92044,30.99510

Week 1,26 Apr 2016,31.10039,31.18119
Week 2,03 May 2016,30.35234,30.41976
Week 3,10 May 2016,31.00890,31.08716
Week 4,17 May 2016,30.93794,31.02029

Week 1,24 May 2016,30.62101,30.69727
Week 2,31 May 2016,30.45881,30.53269
Week 3,07 Jun 2016,31.13909,31.20560
Week 4,14 Jun 2016,30.40531,30.48657

Week 1,21 Jun 2016,30.63726,30.72310
Week 2,28 Jun 2016,31.25554,31.33407
Week 3,05 Jul 2016,30.61291,30.68961
Week 4,12 Jul 2016,31.76567,31.85707

Week 1,19 Jul 2016,32.49386,32.58444
Week 2,26 Jul 2016,31.82126,31.90609
Week 3,02 Aug 2016,31.55369,31.63516
Week 4,09 Aug 2016,32.10613,32.17974

Week 1,16 Aug 2016,31.28269,31.34850
Week 2,23 Aug 2016,31.15830,31.21747
Week 3,30 Aug 2016,31.76676,31.81713
Week 4,06 Sep 2016,31.62706,31.67017

Week 1,13 Sep 2016,31.06426,31.11629
Week 2,20 Sep 2016,31.18914,31.23693
Week 3,27 Sep 2016,31.08969,31.13381
Week 4,04 Oct 2016,31.82190,31.87994

Week 1,11 Oct 2016,32.40846,32.45641
Week 2,18 Oct 2016,32.73300,32.77823
Week 3,25 Oct 2016,33.09140,33.13950
Week 4,01 Nov 2016,32.02579,32.07261

Week 1,08 Nov 2016,31.99046,32.05236
Week 2,15 Nov 2016,32.06166,32.10993
Week 3,22 Nov 2016,32.99237,33.03990
Week 4,29 Nov 2016,32.82403,32.88164

Week 1,06 Dec 2016,33.61984,33.66849
Week 2,13 Dec 2016,34.65324,34.69926
Week 3,20 Dec 2016,35.37023,35.42763
Week 4,27 Dec 2016,35.82859,35.88739

Week 1,03 Jan 2017,36.12261,36.18281
Week 2,10 Jan 2017,35.94034,35.99599
Week 3,17 Jan 2017,35.63730,35.69697
Week 4,24 Jan 2017,36.09641,36.16546

Week 1,31 Jan 2017,36.12909,36.19296
Week 2,07 Feb 2017,36.10934,36.16874
Week 3,14 Feb 2017,36.63773,36.69504
Week 4,21 Feb 2017,36.46686,36.52716

Week 1,28 Feb 2017,36.39961,36.45698
Week 2,07 Mar 2017,36.38301,36.43363
Week 3,14 Mar 2017,36.37932,36.43388
Week 4,21 Mar 2017,35.97863,36.02766

Week 1,28 Mar 2017,35.50346,35.54838
Week 2,04 Apr 2017,35.44432,35.49073
Week 3,11 Apr 2017,34.83977,34.88724
Week 4,18 Apr 2017,34.71746,34.77602

Week 1,25 Apr 2017,35.07002,35.11948
Week 2,02 May 2017,35.37772,35.43700
Week 3,09 May 2017,35.92795,35.98034
Week 4,16 May 2017,35.03282,35.08199

Week 1,23 May 2017,34.09399,34.14101
Week 2,30 May 2017,34.10188,34.14724
Week 3,06 Jun 2017,33.56162,33.60615
Week 4,13 Jun 2017,33.52080,33.56283

Week 1,20 Jun 2017,33.43475,33.51210
Week 2,27 Jun 2017,33.92109,33.97193
Week 3,04 Jul 2017,34.40133,34.45728
Week 4,11 Jul 2017,35.17089,35.21190

Week 1,18 Jul 2017,35.42989,35.47669
Week 2,25 Jul 2017,35.27868,35.32415
Week 3,01 Aug 2017,35.32774,35.37640
Week 4,08 Aug 2017,34.72175,34.76538

Week 1,15 Aug 2017,34.63654,34.67666
Week 2,22 Aug 2017,34.62954,34.67438
Week 3,29 Aug 2017,34.80591,34.84899
Week 4,05 Sep 2017,34.90832,34.95255

Week 1,12 Sep 2017,35.35908,35.41430
Week 2,19 Sep 2017,35.73245,35.77614
Week 3,26 Sep 2017,35.46077,35.51412
Week 4,03 Oct 2017,35.75343,35.80483

Week 1,10 Oct 2017,35.43860,35.48397
Week 2,17 Oct 2017,35.51524,35.56084
Week 3,24 Oct 2017,35.07875,35.12009
Week 4,31 Oct 2017,34.65079,34.69778

Week 1,07 Nov 2017,34.75154,34.80487
Week 2,14 Nov 2017,34.36202,34.40666
Week 3,21 Nov 2017,34.47217,34.51570
Week 4,28 Nov 2017,34.46521,34.51303

Week 1,05 Dec 2017,34.67577,34.70909


