BRZ->RUB

Week 1,01 Dec 1998,16.51233,16.71693
Week 2,08 Dec 1998,17.43299,17.71699
Week 3,15 Dec 1998,17.99657,18.19910
Week 4,22 Dec 1998,17.21316,17.44191

Week 1,29 Dec 1998,17.30660,18.22521
Week 2,05 Jan 1999,19.03923,19.32056
Week 3,12 Jan 1999,16.49873,16.81531
Week 4,19 Jan 1999,14.06996,14.32770

Week 1,26 Jan 1999,11.55520,11.79740
Week 2,02 Feb 1999,12.68416,12.86519
Week 3,09 Feb 1999,11.98479,12.15439
Week 4,16 Feb 1999,11.89676,12.08254

Week 1,23 Feb 1999,11.26301,11.39949
Week 2,02 Mar 1999,11.32081,11.44739
Week 3,09 Mar 1999,12.30919,12.42247
Week 4,16 Mar 1999,12.83527,12.96796

Week 1,23 Mar 1999,14.39156,14.70109
Week 2,30 Mar 1999,14.82419,15.10177
Week 3,06 Apr 1999,15.11159,15.30713
Week 4,13 Apr 1999,15.27991,15.41823

Week 1,20 Apr 1999,14.59140,14.81233
Week 2,27 Apr 1999,14.67293,14.83309
Week 3,04 May 1999,14.44173,14.59780
Week 4,11 May 1999,15.08341,15.35713

Week 1,18 May 1999,14.65130,14.73940
Week 2,25 May 1999,14.21157,14.28549
Week 3,01 Jun 1999,14.27750,14.33700
Week 4,08 Jun 1999,13.95743,14.03679

Week 1,15 Jun 1999,13.80946,13.89466
Week 2,22 Jun 1999,13.58054,13.66870
Week 3,29 Jun 1999,13.71910,13.81083
Week 4,06 Jul 1999,13.63321,13.74231

Week 1,13 Jul 1999,13.46059,13.54603
Week 2,20 Jul 1999,13.42111,13.51516
Week 3,27 Jul 1999,13.44004,13.49500
Week 4,03 Aug 1999,13.28693,13.32441

Week 1,10 Aug 1999,13.29476,13.39257
Week 2,17 Aug 1999,13.01514,13.12560
Week 3,24 Aug 1999,12.84540,12.93424
Week 4,31 Aug 1999,13.27054,13.37057

Week 1,07 Sep 1999,13.67087,13.80716
Week 2,14 Sep 1999,13.50667,13.62159
Week 3,21 Sep 1999,13.30161,13.36959
Week 4,28 Sep 1999,13.04496,13.17291

Week 1,05 Oct 1999,13.25944,13.32750
Week 2,12 Oct 1999,13.29873,13.34677
Week 3,19 Oct 1999,12.96414,13.01977
Week 4,26 Oct 1999,13.22820,13.29157

Week 1,02 Nov 1999,13.57464,13.67293
Week 2,09 Nov 1999,13.58210,13.63656
Week 3,16 Nov 1999,13.65509,13.70489
Week 4,23 Nov 1999,13.72990,13.77520

Week 1,30 Nov 1999,13.76430,13.85860
Week 2,07 Dec 1999,14.33884,14.38821
Week 3,14 Dec 1999,14.67063,14.72463
Week 4,21 Dec 1999,14.66850,14.71907

Week 1,28 Dec 1999,15.09901,15.15224
Week 2,04 Jan 2000,14.90410,15.00786
Week 3,11 Jan 2000,15.71831,15.78723
Week 4,18 Jan 2000,16.01297,16.05466

Week 1,25 Jan 2000,15.99207,16.04227
Week 2,01 Feb 2000,16.13379,16.18193
Week 3,08 Feb 2000,16.24616,16.28756
Week 4,15 Feb 2000,16.20306,16.23713

Week 1,22 Feb 2000,16.16319,16.20426
Week 2,29 Feb 2000,16.27453,16.32111
Week 3,07 Mar 2000,16.34289,16.39023
Week 4,14 Mar 2000,16.33320,16.37477

Week 1,21 Mar 2000,16.36040,16.40747
Week 2,28 Mar 2000,16.37446,16.41064
Week 3,04 Apr 2000,16.43840,16.48269
Week 4,11 Apr 2000,16.15183,16.19736

Week 1,18 Apr 2000,16.08300,16.12554
Week 2,25 Apr 2000,15.79269,15.83617
Week 3,02 May 2000,15.72003,15.75811
Week 4,09 May 2000,15.50894,15.54490

Week 1,16 May 2000,15.42697,15.45531
Week 2,23 May 2000,15.32720,15.37183
Week 3,30 May 2000,15.57836,15.62249
Week 4,06 Jun 2000,15.72160,15.76269

Week 1,13 Jun 2000,15.66044,15.70513
Week 2,20 Jun 2000,15.52307,15.56611
Week 3,27 Jun 2000,15.46857,15.50144
Week 4,04 Jul 2000,15.51611,15.54674

Week 1,11 Jul 2000,15.45834,15.48559
Week 2,18 Jul 2000,15.38510,15.41270
Week 3,25 Jul 2000,15.51596,15.54464
Week 4,01 Aug 2000,15.50046,15.52914

Week 1,08 Aug 2000,15.39023,15.42257
Week 2,15 Aug 2000,15.31089,15.33610
Week 3,22 Aug 2000,15.20767,15.23539
Week 4,29 Aug 2000,15.20450,15.22571

Week 1,05 Sep 2000,15.29484,15.32431
Week 2,12 Sep 2000,15.12499,15.14450
Week 3,19 Sep 2000,15.03051,15.05259
Week 4,26 Sep 2000,15.04527,15.07354

Week 1,03 Oct 2000,15.02587,15.05290
Week 2,10 Oct 2000,14.95894,14.98459
Week 3,17 Oct 2000,14.85546,14.88083
Week 4,24 Oct 2000,14.53717,14.56309

Week 1,31 Oct 2000,14.44903,14.47760
Week 2,07 Nov 2000,14.21293,14.23670
Week 3,14 Nov 2000,14.18746,14.21293
Week 4,21 Nov 2000,14.34441,14.36951

Week 1,28 Nov 2000,14.13373,14.15637
Week 2,05 Dec 2000,14.17936,14.20447
Week 3,12 Dec 2000,14.22350,14.24397
Week 4,19 Dec 2000,14.28821,14.31200

Week 1,26 Dec 2000,14.51866,14.54379
Week 2,02 Jan 2001,14.61143,14.63130
Week 3,09 Jan 2001,14.54033,14.56670
Week 4,16 Jan 2001,14.49296,14.51803

Week 1,23 Jan 2001,14.41146,14.43563
Week 2,30 Jan 2001,14.34767,14.37430
Week 3,06 Feb 2001,14.33516,14.35650
Week 4,13 Feb 2001,14.37501,14.39936

Week 1,20 Feb 2001,14.15091,14.17246
Week 2,27 Feb 2001,14.08900,14.11696
Week 3,06 Mar 2001,14.05064,14.07276
Week 4,13 Mar 2001,13.65499,13.67804

Week 1,20 Mar 2001,13.34919,13.36947
Week 2,27 Mar 2001,13.42396,13.44337
Week 3,03 Apr 2001,13.31066,13.33054
Week 4,10 Apr 2001,13.38831,13.41323

Week 1,17 Apr 2001,12.99770,13.01466
Week 2,24 Apr 2001,12.91233,12.93470
Week 3,01 May 2001,13.07894,13.09719
Week 4,08 May 2001,12.80643,12.82684

Week 1,15 May 2001,12.55691,12.57694
Week 2,22 May 2001,12.44006,12.45789
Week 3,29 May 2001,12.32306,12.33724
Week 4,05 Jun 2001,12.29406,12.31063

Week 1,12 Jun 2001,12.06666,12.08526
Week 2,19 Jun 2001,12.22413,12.24069
Week 3,26 Jun 2001,12.57711,12.59366
Week 4,03 Jul 2001,12.12031,12.13517

Week 1,10 Jul 2001,11.53109,11.54864
Week 2,17 Jul 2001,11.73960,11.75921
Week 3,24 Jul 2001,11.88786,11.90270
Week 4,31 Jul 2001,11.82259,11.83867

Week 1,07 Aug 2001,11.88010,11.89733
Week 2,14 Aug 2001,11.69403,11.70841
Week 3,21 Aug 2001,11.56770,11.58143
Week 4,28 Aug 2001,11.50206,11.51639

Week 1,04 Sep 2001,11.42229,11.43739
Week 2,11 Sep 2001,11.06250,11.06767
Week 3,18 Sep 2001,10.59321,11.08033
Week 4,25 Sep 2001,10.54139,11.24476

Week 1,02 Oct 2001,10.54113,11.24707
Week 2,09 Oct 2001,10.29029,10.96744
Week 3,16 Oct 2001,10.40261,11.09954
Week 4,23 Oct 2001,10.49966,11.21743

Week 1,30 Oct 2001,10.65656,11.38326
Week 2,06 Nov 2001,11.06367,11.85584
Week 3,13 Nov 2001,11.29829,12.13673
Week 4,20 Nov 2001,11.44553,12.17749

Week 1,27 Nov 2001,11.51156,12.37647
Week 2,04 Dec 2001,11.83974,12.75054
Week 3,11 Dec 2001,12.18329,13.14334
Week 4,18 Dec 2001,12.41984,13.40976

Week 1,25 Dec 2001,12.58254,13.61899
Week 2,01 Jan 2002,12.77231,13.82247
Week 3,08 Jan 2002,12.28203,13.24763
Week 4,15 Jan 2002,12.34576,13.32399

Week 1,22 Jan 2002,12.35836,13.34853
Week 2,29 Jan 2002,12.23599,13.21971
Week 3,05 Feb 2002,12.18436,13.15074
Week 4,12 Feb 2002,12.18193,13.13710

Week 1,19 Feb 2002,12.29391,13.26744
Week 2,26 Feb 2002,12.54447,13.56063
Week 3,05 Mar 2002,12.69746,13.73014
Week 4,12 Mar 2002,12.76760,13.80351

Week 1,19 Mar 2002,12.80460,13.84197
Week 2,26 Mar 2002,13.00201,13.76166
Week 3,02 Apr 2002,13.31944,13.78814
Week 4,09 Apr 2002,13.44721,13.92664

Week 1,16 Apr 2002,13.13904,13.74224
Week 2,23 Apr 2002,13.01614,13.45337
Week 3,30 Apr 2002,12.91063,13.33469
Week 4,07 May 2002,12.53919,12.93264

Week 1,14 May 2002,12.30809,12.82673
Week 2,21 May 2002,12.06896,12.94109
Week 3,28 May 2002,12.43317,12.44601
Week 4,04 Jun 2002,11.99173,12.00460

Week 1,11 Jun 2002,11.44784,11.76439
Week 2,18 Jun 2002,11.38117,11.39060
Week 3,25 Jun 2002,11.16233,11.17230
Week 4,02 Jul 2002,10.83993,11.20819

Week 1,09 Jul 2002,11.04173,11.33393
Week 2,16 Jul 2002,10.88814,11.15719
Week 3,23 Jul 2002,10.62190,10.71919
Week 4,30 Jul 2002,9.69910,9.94817

Week 1,06 Aug 2002,10.41899,10.53050
Week 2,13 Aug 2002,10.00440,10.02576
Week 3,20 Aug 2002,10.01172,10.25897
Week 4,27 Aug 2002,10.10904,10.35676

Week 1,03 Sep 2002,10.08549,10.18379
Week 2,10 Sep 2002,10.02710,10.26701
Week 3,17 Sep 2002,9.29735,9.49369
Week 4,24 Sep 2002,8.42602,8.59909

Week 1,01 Oct 2002,8.52045,8.70020
Week 2,08 Oct 2002,8.11806,8.32720
Week 3,15 Oct 2002,8.15892,8.28071
Week 4,22 Oct 2002,8.16116,8.32853

Week 1,29 Oct 2002,8.53024,8.71451
Week 2,05 Nov 2002,8.82018,9.00609
Week 3,12 Nov 2002,8.62493,8.84895
Week 4,19 Nov 2002,8.88959,9.13182

Week 1,26 Nov 2002,8.75344,8.93196
Week 2,03 Dec 2002,8.43473,8.60313
Week 3,10 Dec 2002,8.37311,8.54999
Week 4,17 Dec 2002,9.00528,9.20444

Week 1,24 Dec 2002,8.91496,9.08881
Week 2,31 Dec 2002,8.98324,9.18276
Week 3,07 Jan 2003,9.47094,9.74166
Week 4,14 Jan 2003,9.51161,9.71159

Week 1,21 Jan 2003,8.94038,9.11670
Week 2,28 Jan 2003,8.84273,9.02367
Week 3,04 Feb 2003,8.78750,9.01212
Week 4,11 Feb 2003,8.65628,8.83010

Week 1,18 Feb 2003,8.61731,8.89047
Week 2,25 Feb 2003,8.80805,8.88108
Week 3,04 Mar 2003,8.84456,9.07406
Week 4,11 Mar 2003,8.97938,9.27497

Week 1,18 Mar 2003,8.97327,9.17606
Week 2,25 Mar 2003,9.11687,9.36455
Week 3,01 Apr 2003,9.40007,9.66510
Week 4,08 Apr 2003,9.62018,9.91388

Week 1,15 Apr 2003,9.72942,10.21235
Week 2,22 Apr 2003,9.99705,10.47496
Week 3,29 Apr 2003,10.33136,10.85904
Week 4,06 May 2003,10.29141,10.79661

Week 1,13 May 2003,10.34850,10.85784
Week 2,20 May 2003,10.08874,10.56383
Week 3,27 May 2003,10.09520,10.56951
Week 4,03 Jun 2003,10.30499,10.80346

Week 1,10 Jun 2003,10.42541,10.93716
Week 2,17 Jun 2003,10.30061,10.80410
Week 3,24 Jun 2003,10.27563,10.78863
Week 4,01 Jul 2003,10.44707,10.97797

Week 1,08 Jul 2003,10.32126,10.84483
Week 2,15 Jul 2003,10.36316,10.89507
Week 3,22 Jul 2003,10.25164,10.76539
Week 4,29 Jul 2003,10.06087,10.55996

Week 1,05 Aug 2003,9.86117,10.33920
Week 2,12 Aug 2003,9.84922,10.32930
Week 3,19 Aug 2003,9.86980,10.36427
Week 4,26 Aug 2003,10.01102,10.52503

Week 1,02 Sep 2003,10.31617,10.54237
Week 2,09 Sep 2003,10.53591,10.54691
Week 3,16 Sep 2003,10.54003,10.55074
Week 4,23 Sep 2003,10.41104,10.42157

Week 1,30 Sep 2003,10.52524,10.53801
Week 2,07 Oct 2003,10.63333,10.64750
Week 3,14 Oct 2003,10.55489,10.56686
Week 4,21 Oct 2003,10.43036,10.44163

Week 1,28 Oct 2003,10.46596,10.47994
Week 2,04 Nov 2003,10.40496,10.41606
Week 3,11 Nov 2003,10.18669,10.19757
Week 4,18 Nov 2003,10.15807,10.16987

Week 1,25 Nov 2003,10.10666,10.11690
Week 2,02 Dec 2003,10.10674,10.11887
Week 3,09 Dec 2003,10.02381,10.03403
Week 4,16 Dec 2003,9.99813,10.00835

Week 1,23 Dec 2003,10.07080,10.08164
Week 2,30 Dec 2003,10.13647,10.14993
Week 3,06 Jan 2004,10.21670,10.22791
Week 4,13 Jan 2004,10.23606,10.24830

Week 1,20 Jan 2004,10.07699,10.08811
Week 2,27 Jan 2004,9.80572,9.81826
Week 3,03 Feb 2004,9.73636,9.74968
Week 4,10 Feb 2004,9.78111,9.79128

Week 1,17 Feb 2004,9.67865,9.69057
Week 2,24 Feb 2004,9.73146,9.74297
Week 3,02 Mar 2004,9.91290,9.92524
Week 4,09 Mar 2004,9.86307,9.87675

Week 1,16 Mar 2004,9.81876,9.82946
Week 2,23 Mar 2004,9.72234,9.73143
Week 3,30 Mar 2004,9.81548,9.82544
Week 4,06 Apr 2004,9.90058,9.91128

Week 1,13 Apr 2004,9.86572,9.87647
Week 2,20 Apr 2004,9.89826,9.90906
Week 3,27 Apr 2004,9.86404,9.87505
Week 4,04 May 2004,9.60907,9.61925

Week 1,11 May 2004,9.33908,9.34923
Week 2,18 May 2004,9.14441,9.15403
Week 3,25 May 2004,9.28284,9.29241
Week 4,01 Jun 2004,9.23272,9.24224

Week 1,08 Jun 2004,9.27734,9.29014
Week 2,15 Jun 2004,9.23747,9.25007
Week 3,22 Jun 2004,9.30939,9.32179
Week 4,29 Jun 2004,9.44450,9.45458

Week 1,06 Jul 2004,9.55723,9.56803
Week 2,13 Jul 2004,9.64449,9.65374
Week 3,20 Jul 2004,9.58634,9.59831
Week 4,27 Jul 2004,9.54284,9.55374

Week 1,03 Aug 2004,9.57909,9.58958
Week 2,10 Aug 2004,9.65511,9.66503
Week 3,17 Aug 2004,9.79690,9.80755
Week 4,24 Aug 2004,9.88355,9.89556

Week 1,31 Aug 2004,9.96157,9.97275
Week 2,07 Sep 2004,10.05804,10.06893
Week 3,14 Sep 2004,10.11059,10.12106
Week 4,21 Sep 2004,10.16206,10.17259

Week 1,28 Sep 2004,10.24336,10.25327
Week 2,05 Oct 2004,10.31353,10.32283
Week 3,12 Oct 2004,10.24453,10.25523
Week 4,19 Oct 2004,10.12157,10.13313

Week 1,26 Oct 2004,10.03746,10.05143
Week 2,02 Nov 2004,10.14374,10.15596
Week 3,09 Nov 2004,10.19504,10.20741
Week 4,16 Nov 2004,10.27380,10.28734

Week 1,23 Nov 2004,10.33733,10.35059
Week 2,30 Nov 2004,10.28729,10.30553
Week 3,07 Dec 2004,10.13377,10.15471
Week 4,14 Dec 2004,10.21154,10.22896

Week 1,21 Dec 2004,10.31217,10.32760
Week 2,28 Dec 2004,10.38863,10.41231
Week 3,04 Jan 2005,10.24199,10.26330
Week 4,11 Jan 2005,10.31053,10.32810

Week 1,18 Jan 2005,10.39270,10.40831
Week 2,25 Jan 2005,10.53773,10.55279
Week 3,01 Feb 2005,10.71143,10.72331
Week 4,08 Feb 2005,10.76590,10.78311

Week 1,15 Feb 2005,10.82663,10.84413
Week 2,22 Feb 2005,10.62583,10.63910
Week 3,01 Mar 2005,10.47480,10.49463
Week 4,08 Mar 2005,10.37176,10.39429

Week 1,15 Mar 2005,10.21723,10.23344
Week 2,22 Mar 2005,10.09606,10.11133
Week 3,29 Mar 2005,10.39296,10.40403
Week 4,05 Apr 2005,10.69894,10.71147

Week 1,12 Apr 2005,10.73880,10.75301
Week 2,19 Apr 2005,10.83801,10.85127
Week 3,26 Apr 2005,10.98104,10.99609
Week 4,03 May 2005,11.22137,11.23913

Week 1,10 May 2005,11.30747,11.32904
Week 2,17 May 2005,11.39377,11.41279
Week 3,24 May 2005,11.65797,11.67683
Week 4,31 May 2005,11.71187,11.72941

Week 1,07 Jun 2005,11.51001,11.52844
Week 2,14 Jun 2005,11.85231,11.86823
Week 3,21 Jun 2005,12.00079,12.01833
Week 4,28 Jun 2005,12.13976,12.15743

Week 1,05 Jul 2005,12.13389,12.14770
Week 2,12 Jul 2005,12.24009,12.25791
Week 3,19 Jul 2005,12.09719,12.11396
Week 4,26 Jul 2005,11.87373,11.88629

Week 1,02 Aug 2005,12.23669,12.25450
Week 2,09 Aug 2005,12.11406,12.13397
Week 3,16 Aug 2005,11.91489,11.93361
Week 4,23 Aug 2005,11.83571,11.85350

Week 1,30 Aug 2005,12.05810,12.07723
Week 2,06 Sep 2005,12.16453,12.18426
Week 3,13 Sep 2005,12.27464,12.29650
Week 4,20 Sep 2005,12.48170,12.50200

Week 1,27 Sep 2005,12.76206,12.78331
Week 2,04 Oct 2005,12.63497,12.65450
Week 3,11 Oct 2005,12.72309,12.74531
Week 4,18 Oct 2005,12.70144,12.72234

Week 1,25 Oct 2005,12.53431,12.54940
Week 2,01 Nov 2005,12.80140,12.82230
Week 3,08 Nov 2005,13.25506,13.27750
Week 4,15 Nov 2005,13.02733,13.05104

Week 1,22 Nov 2005,12.86274,12.88363
Week 2,29 Nov 2005,13.06131,13.08271
Week 3,06 Dec 2005,13.05146,13.07297
Week 4,13 Dec 2005,12.52573,12.54473

Week 1,20 Dec 2005,12.32814,12.34697
Week 2,27 Dec 2005,12.27460,12.29380
Week 3,03 Jan 2006,12.45031,12.47016
Week 4,10 Jan 2006,12.54721,12.56706

Week 1,17 Jan 2006,12.32929,12.34914
Week 2,24 Jan 2006,12.50724,12.52736
Week 3,31 Jan 2006,12.71029,12.73103
Week 4,07 Feb 2006,12.95776,12.97934

Week 1,14 Feb 2006,13.22173,13.24229
Week 2,21 Feb 2006,13.18337,13.20877
Week 3,28 Feb 2006,13.18780,13.21107
Week 4,07 Mar 2006,13.00519,13.02491

Week 1,14 Mar 2006,13.08370,13.10373
Week 2,21 Mar 2006,12.89647,12.92884
Week 3,28 Mar 2006,12.71797,12.76493
Week 4,04 Apr 2006,12.89126,12.93749

Week 1,11 Apr 2006,12.91746,12.96143
Week 2,18 Apr 2006,12.92654,12.97086
Week 3,25 Apr 2006,12.93386,12.97816
Week 4,02 May 2006,13.09890,13.14801

Week 1,09 May 2006,12.87664,12.92131
Week 2,16 May 2006,12.37363,12.41691
Week 3,23 May 2006,11.80743,11.84627
Week 4,30 May 2006,11.77731,11.82616

Week 1,06 Jun 2006,11.85699,11.89574
Week 2,13 Jun 2006,11.87651,11.92106
Week 3,20 Jun 2006,12.04300,12.08467
Week 4,27 Jun 2006,12.23927,12.28194

Week 1,04 Jul 2006,12.33139,12.37597
Week 2,11 Jul 2006,12.00813,12.52667
Week 3,18 Jul 2006,12.25370,12.29833
Week 4,25 Jul 2006,12.24771,12.29089

Week 1,01 Aug 2006,12.25744,12.30264
Week 2,08 Aug 2006,12.30839,12.35463
Week 3,15 Aug 2006,12.43804,12.48213
Week 4,22 Aug 2006,12.43124,12.47646

Week 1,29 Aug 2006,12.41151,12.51093
Week 2,05 Sep 2006,12.43694,12.48171
Week 3,12 Sep 2006,12.36791,12.41644
Week 4,19 Sep 2006,12.22347,12.26857

Week 1,26 Sep 2006,12.22519,12.26884
Week 2,03 Oct 2006,12.36981,12.41409
Week 3,10 Oct 2006,12.51123,12.55741
Week 4,17 Oct 2006,12.57027,12.61821

Week 1,24 Oct 2006,12.51180,12.55669
Week 2,31 Oct 2006,12.45840,12.50344
Week 3,07 Nov 2006,12.41860,12.46149
Week 4,14 Nov 2006,12.33326,12.37663

Week 1,21 Nov 2006,12.23031,12.27577
Week 2,28 Nov 2006,12.08193,12.12256
Week 3,05 Dec 2006,12.18201,12.22999
Week 4,12 Dec 2006,12.25391,12.29849

Week 1,19 Dec 2006,12.20403,12.24903
Week 2,26 Dec 2006,12.27760,12.32089
Week 3,02 Jan 2007,12.28904,12.33606
Week 4,09 Jan 2007,12.33769,12.38106

Week 1,16 Jan 2007,12.40831,12.45300
Week 2,23 Jan 2007,12.41587,12.45971
Week 3,30 Jan 2007,12.52039,12.56223
Week 4,06 Feb 2007,12.59263,12.63610

Week 1,13 Feb 2007,12.49859,12.54066
Week 2,20 Feb 2007,12.53720,12.57736
Week 3,27 Feb 2007,12.34966,12.38944
Week 4,06 Mar 2007,12.39436,12.43451

Week 1,13 Mar 2007,12.44387,12.48504
Week 2,20 Mar 2007,12.55727,12.60093
Week 3,27 Mar 2007,12.59253,12.63686
Week 4,03 Apr 2007,12.72291,12.76913

Week 1,10 Apr 2007,12.73740,12.78204
Week 2,17 Apr 2007,12.67080,12.71356
Week 3,24 Apr 2007,12.65061,12.69241
Week 4,01 May 2007,12.66621,12.71017

Week 1,08 May 2007,12.73587,12.78254
Week 2,15 May 2007,13.03444,13.07739
Week 3,22 May 2007,13.25886,13.30723
Week 4,29 May 2007,13.40756,13.45587

Week 1,05 Jun 2007,13.23974,13.28064
Week 2,12 Jun 2007,13.44764,13.49623
Week 3,19 Jun 2007,13.49987,13.55166
Week 4,26 Jun 2007,13.28721,13.33647

Week 1,03 Jul 2007,13.42467,13.47486
Week 2,10 Jul 2007,13.52296,13.57184
Week 3,17 Jul 2007,13.63390,13.68087
Week 4,24 Jul 2007,13.50450,13.55853

Week 1,31 Jul 2007,13.56066,13.61434
Week 2,07 Aug 2007,13.24174,13.29093
Week 3,14 Aug 2007,12.76744,12.80846
Week 4,21 Aug 2007,12.83257,12.87643

Week 1,28 Aug 2007,13.01046,13.05697
Week 2,04 Sep 2007,13.04516,13.15956
Week 3,11 Sep 2007,13.24387,13.28670
Week 4,18 Sep 2007,13.38689,13.43041

Week 1,25 Sep 2007,13.46401,13.50761
Week 2,02 Oct 2007,13.68721,13.73367
Week 3,09 Oct 2007,13.82119,13.86797
Week 4,16 Oct 2007,13.72509,13.91444

Week 1,23 Oct 2007,13.82917,13.87603
Week 2,30 Oct 2007,14.05916,14.10799
Week 3,06 Nov 2007,14.01706,14.06620
Week 4,13 Nov 2007,13.96311,14.00964

Week 1,20 Nov 2007,13.66307,13.70540
Week 2,27 Nov 2007,13.52463,13.56657
Week 3,04 Dec 2007,13.70134,13.74500
Week 4,11 Dec 2007,13.78550,13.83137

Week 1,18 Dec 2007,13.71944,13.76473
Week 2,25 Dec 2007,13.82996,13.87493
Week 3,01 Jan 2008,13.76377,13.94990
Week 4,08 Jan 2008,13.83640,13.90643

Week 1,15 Jan 2008,13.76656,13.81329
Week 2,22 Jan 2008,13.65629,13.70654
Week 3,29 Jan 2008,13.84469,13.89003
Week 4,05 Feb 2008,14.00409,14.06100

Week 1,12 Feb 2008,13.99781,14.11717
Week 2,19 Feb 2008,14.20873,14.25230
Week 3,26 Feb 2008,14.30540,14.36086
Week 4,04 Mar 2008,14.21337,14.26107

Week 1,11 Mar 2008,13.92904,13.97893
Week 2,18 Mar 2008,13.68583,13.74094
Week 3,25 Mar 2008,13.54201,13.58354
Week 4,01 Apr 2008,13.62836,13.67444

Week 1,08 Apr 2008,13.85770,13.90127
Week 2,15 Apr 2008,13.99721,14.05976
Week 3,22 Apr 2008,14.08839,14.13049
Week 4,29 Apr 2008,14.21323,14.26173

Week 1,06 May 2008,14.15887,14.20231
Week 2,13 May 2008,14.31989,14.36353
Week 3,20 May 2008,14.27306,14.32264
Week 4,27 May 2008,14.33526,14.38317

Week 1,03 Jun 2008,14.51846,14.56776
Week 2,10 Jun 2008,14.48256,14.53151
Week 3,17 Jun 2008,14.64434,14.69209
Week 4,24 Jun 2008,14.63341,14.68580

Week 1,01 Jul 2008,14.59410,14.64977
Week 2,08 Jul 2008,14.53199,14.58114
Week 3,15 Jul 2008,14.53449,14.58326
Week 4,22 Jul 2008,14.74627,14.79709

Week 1,29 Jul 2008,14.95379,15.00624
Week 2,05 Aug 2008,14.92390,15.01087
Week 3,12 Aug 2008,14.99580,15.05701
Week 4,19 Aug 2008,15.01630,15.07067

Week 1,26 Aug 2008,15.06643,15.12101
Week 2,02 Sep 2008,14.87196,14.92584
Week 3,09 Sep 2008,14.42027,14.47066
Week 4,16 Sep 2008,13.80124,13.87189

Week 1,23 Sep 2008,13.61321,13.67780
Week 2,30 Sep 2008,13.09594,13.19113
Week 3,07 Oct 2008,11.56929,11.66727
Week 4,14 Oct 2008,12.11233,12.32687

Week 1,21 Oct 2008,11.88304,11.94983
Week 2,28 Oct 2008,12.39649,12.61713
Week 3,04 Nov 2008,12.50189,12.57480
Week 4,11 Nov 2008,12.07560,12.22136

Week 1,18 Nov 2008,11.50626,11.59649
Week 2,25 Nov 2008,11.87713,12.03359
Week 3,02 Dec 2008,11.23529,11.41984
Week 4,09 Dec 2008,11.40954,11.59520

Week 1,16 Dec 2008,11.62583,11.78650
Week 2,23 Dec 2008,11.82071,12.21197
Week 3,30 Dec 2008,12.44597,12.63470
Week 4,06 Jan 2009,12.80494,13.09513

Week 1,13 Jan 2009,13.54546,13.84923
Week 2,20 Jan 2009,13.86801,14.19050
Week 3,27 Jan 2009,14.86763,15.02297
Week 4,03 Feb 2009,15.65706,15.92311

Week 1,10 Feb 2009,15.29031,15.60019
Week 2,17 Feb 2009,15.15494,15.47023
Week 3,24 Feb 2009,14.95186,15.27389
Week 4,03 Mar 2009,14.84704,15.19560

Week 1,10 Mar 2009,14.88090,15.17439
Week 2,17 Mar 2009,14.85963,15.14387
Week 3,24 Mar 2009,14.77614,14.91714
Week 4,31 Mar 2009,14.67916,15.03383

Week 1,07 Apr 2009,15.20496,15.30811
Week 2,14 Apr 2009,15.18823,15.43549
Week 3,21 Apr 2009,15.02133,15.39373
Week 4,28 Apr 2009,15.12321,15.26200

Week 1,05 May 2009,15.25264,15.64006
Week 2,12 May 2009,15.37304,15.54940
Week 3,19 May 2009,15.36389,15.49240
Week 4,26 May 2009,15.38819,15.53690

Week 1,02 Jun 2009,15.56971,15.92719
Week 2,09 Jun 2009,15.87229,16.01270
Week 3,16 Jun 2009,15.73661,16.09487
Week 4,23 Jun 2009,15.79764,15.95657

Week 1,30 Jun 2009,15.85200,16.17629
Week 2,07 Jul 2009,16.01126,16.25594
Week 3,14 Jul 2009,16.37714,16.47704
Week 4,21 Jul 2009,16.28397,16.40144

Week 1,28 Jul 2009,16.61267,16.69339
Week 2,04 Aug 2009,17.03881,17.27011
Week 3,11 Aug 2009,17.27760,17.39779
Week 4,18 Aug 2009,17.06414,17.43137

Week 1,25 Aug 2009,16.78991,17.15453
Week 2,01 Sep 2009,16.95833,17.04186
Week 3,08 Sep 2009,16.93124,16.98266
Week 4,15 Sep 2009,16.80666,16.92669

Week 1,22 Sep 2009,16.56090,16.86281
Week 2,29 Sep 2009,16.73987,17.04299
Week 3,06 Oct 2009,16.82870,17.15346
Week 4,13 Oct 2009,16.95474,17.35773

Week 1,20 Oct 2009,16.83830,16.89606
Week 2,27 Oct 2009,16.59826,16.88676
Week 3,03 Nov 2009,16.77621,16.84519
Week 4,10 Nov 2009,16.71567,16.77306

Week 1,17 Nov 2009,16.68854,16.75666
Week 2,24 Nov 2009,16.71730,16.77086
Week 3,01 Dec 2009,16.94513,16.99717
Week 4,08 Dec 2009,17.19574,17.25927

Week 1,15 Dec 2009,17.18227,17.23597
Week 2,22 Dec 2009,16.76640,17.10269
Week 3,29 Dec 2009,17.18490,17.33489
Week 4,05 Jan 2010,17.28896,17.37189

Week 1,12 Jan 2010,16.73261,16.89650
Week 2,19 Jan 2010,16.52219,16.60170
Week 3,26 Jan 2010,16.28239,16.42841
Week 4,02 Feb 2010,16.16437,16.24634

Week 1,09 Feb 2010,16.20360,16.37749
Week 2,16 Feb 2010,16.30481,16.56177
Week 3,23 Feb 2010,16.36280,16.62360
Week 4,02 Mar 2010,16.43093,16.96423

Week 1,09 Mar 2010,16.61173,16.68039
Week 2,16 Mar 2010,16.41663,16.49819
Week 3,23 Mar 2010,16.23203,16.55149
Week 4,30 Mar 2010,16.38029,16.59841

Week 1,06 Apr 2010,16.48274,16.62666
Week 2,13 Apr 2010,16.42961,16.66417
Week 3,20 Apr 2010,16.55466,16.61421
Week 4,27 Apr 2010,16.62029,16.94131

Week 1,04 May 2010,16.44906,16.97374
Week 2,11 May 2010,16.84037,16.93054
Week 3,18 May 2010,16.72173,16.80874
Week 4,25 May 2010,16.73606,16.92310

Week 1,01 Jun 2010,16.78949,17.34404
Week 2,08 Jun 2010,17.22580,17.28866
Week 3,15 Jun 2010,17.22980,17.67670
Week 4,22 Jun 2010,17.34930,17.43976

Week 1,29 Jun 2010,17.11350,17.68851
Week 2,06 Jul 2010,17.49474,17.56944
Week 3,13 Jul 2010,17.03684,17.58657
Week 4,20 Jul 2010,17.02243,17.30479

Week 1,27 Jul 2010,17.06231,17.24716
Week 2,03 Aug 2010,16.96133,17.02846
Week 3,10 Aug 2010,17.14551,17.21977
Week 4,17 Aug 2010,17.14067,17.58246

Week 1,24 Aug 2010,17.28501,17.65361
Week 2,31 Aug 2010,17.54851,17.73839
Week 3,07 Sep 2010,17.85084,17.92707
Week 4,14 Sep 2010,17.75906,18.30446

Week 1,21 Sep 2010,17.94633,18.05113
Week 2,28 Sep 2010,17.85719,18.08034
Week 3,05 Oct 2010,17.73041,18.02089
Week 4,12 Oct 2010,18.01470,18.27683

Week 1,19 Oct 2010,18.04734,18.13953
Week 2,26 Oct 2010,17.92486,17.99913
Week 3,02 Nov 2010,18.12524,18.22219
Week 4,09 Nov 2010,17.93571,18.00471

Week 1,16 Nov 2010,18.02689,18.10316
Week 2,23 Nov 2010,18.10121,18.16984
Week 3,30 Nov 2010,18.33916,18.39830
Week 4,07 Dec 2010,18.27180,18.33624

Week 1,14 Dec 2010,17.87487,18.20799
Week 2,21 Dec 2010,17.96884,18.09103
Week 3,28 Dec 2010,18.10336,18.26627
Week 4,04 Jan 2011,18.27971,18.35737

Week 1,11 Jan 2011,17.93703,18.01949
Week 2,18 Jan 2011,17.71076,18.04944
Week 3,25 Jan 2011,17.72733,17.80463
Week 4,01 Feb 2011,17.47359,17.87557

Week 1,08 Feb 2011,17.52087,17.59326
Week 2,15 Feb 2011,17.48471,17.55303
Week 3,22 Feb 2011,17.42089,17.48173
Week 4,01 Mar 2011,17.14880,17.20001

Week 1,08 Mar 2011,17.12914,17.17109
Week 2,15 Mar 2011,17.10387,17.16281
Week 3,22 Mar 2011,16.98701,17.10139
Week 4,29 Mar 2011,17.32106,17.37444

Week 1,05 Apr 2011,17.61244,17.68033
Week 2,12 Apr 2011,17.77060,17.82926
Week 3,19 Apr 2011,17.84483,17.91016
Week 4,26 Apr 2011,17.56334,17.61867

Week 1,03 May 2011,17.18881,17.25147
Week 2,10 May 2011,17.16143,17.21424
Week 3,17 May 2011,17.29544,17.34927
Week 4,24 May 2011,17.41964,17.47710

Week 1,31 May 2011,17.60646,17.67691
Week 2,07 Jun 2011,17.42007,17.67270
Week 3,14 Jun 2011,17.51246,17.62924
Week 4,21 Jun 2011,17.59254,17.64044

Week 1,28 Jun 2011,17.78560,17.85681
Week 2,05 Jul 2011,17.87033,17.93410
Week 3,12 Jul 2011,17.83649,17.90351
Week 4,19 Jul 2011,17.82133,17.92269

Week 1,26 Jul 2011,17.77129,17.82427
Week 2,02 Aug 2011,17.70133,17.78319
Week 3,09 Aug 2011,18.04580,18.17353
Week 4,16 Aug 2011,17.95317,18.26554

Week 1,23 Aug 2011,17.96856,18.05400
Week 2,30 Aug 2011,17.95841,18.05113
Week 3,06 Sep 2011,17.83444,17.91377
Week 4,13 Sep 2011,17.76669,17.84136

Week 1,20 Sep 2011,17.30764,17.38584
Week 2,27 Sep 2011,17.44844,17.51520
Week 3,04 Oct 2011,17.70363,17.82433
Week 4,11 Oct 2011,17.71094,17.92681

Week 1,18 Oct 2011,17.48690,17.71961
Week 2,25 Oct 2011,17.43000,17.50276
Week 3,01 Nov 2011,17.55431,17.65957
Week 4,08 Nov 2011,17.30039,17.47071

Week 1,15 Nov 2011,17.20124,17.51510
Week 2,22 Nov 2011,16.82197,17.10211
Week 3,29 Nov 2011,16.86899,17.22671
Week 4,06 Dec 2011,17.23580,17.53730

Week 1,13 Dec 2011,17.11279,17.25714
Week 2,20 Dec 2011,16.87403,17.12024
Week 3,27 Dec 2011,16.97217,17.07061
Week 4,03 Jan 2012,17.18447,17.42424

Week 1,10 Jan 2012,17.48084,17.76591
Week 2,17 Jan 2012,17.59726,17.92146
Week 3,24 Jan 2012,17.31343,17.59094
Week 4,31 Jan 2012,17.34606,17.58834

Week 1,07 Feb 2012,17.33127,17.46370
Week 2,14 Feb 2012,17.38620,17.52620
Week 3,21 Feb 2012,17.20809,17.27483
Week 4,28 Feb 2012,16.92997,17.08357

Week 1,06 Mar 2012,16.64591,16.71986
Week 2,13 Mar 2012,16.30181,16.36741
Week 3,20 Mar 2012,15.99573,16.25017
Week 4,27 Mar 2012,16.02059,16.08009

Week 1,03 Apr 2012,16.09484,16.14593
Week 2,10 Apr 2012,16.07080,16.27819
Week 3,17 Apr 2012,15.79683,15.85610
Week 4,24 Apr 2012,15.57547,15.62993

Week 1,01 May 2012,15.26596,15.58701
Week 2,08 May 2012,15.39700,15.51231
Week 3,15 May 2012,15.39471,15.44533
Week 4,22 May 2012,15.59116,15.65706

Week 1,29 May 2012,16.28156,16.43464
Week 2,05 Jun 2012,16.04343,16.22814
Week 3,12 Jun 2012,15.72291,15.95704
Week 4,19 Jun 2012,15.90297,16.09830

Week 1,26 Jun 2012,15.95747,16.02790
Week 2,03 Jul 2012,16.01207,16.28134
Week 3,10 Jul 2012,15.97297,16.20251
Week 4,17 Jul 2012,15.80906,16.01954

Week 1,24 Jul 2012,15.90314,16.02411
Week 2,31 Jul 2012,15.77830,15.83089
Week 3,07 Aug 2012,15.66983,15.71741
Week 4,14 Aug 2012,15.80089,15.83449

Week 1,21 Aug 2012,15.70021,15.77600
Week 2,28 Aug 2012,15.68786,15.91440
Week 3,04 Sep 2012,15.72493,15.79693
Week 4,11 Sep 2012,15.37583,15.47394

Week 1,18 Sep 2012,15.22926,15.42589
Week 2,25 Sep 2012,15.32721,15.39751
Week 3,02 Oct 2012,15.26340,15.40981
Week 4,09 Oct 2012,15.20149,15.31784

Week 1,16 Oct 2012,15.13961,15.25381
Week 2,23 Oct 2012,15.42094,15.47039
Week 3,30 Oct 2012,15.44214,15.49081
Week 4,06 Nov 2012,15.39950,15.51251

Week 1,13 Nov 2012,15.27047,15.39213
Week 2,20 Nov 2012,14.90279,15.01159
Week 3,27 Nov 2012,14.67530,14.76740
Week 4,04 Dec 2012,14.66130,14.80527

Week 1,11 Dec 2012,14.70869,14.79729
Week 2,18 Dec 2012,14.74674,14.86013
Week 3,25 Dec 2012,14.78901,14.83804
Week 4,01 Jan 2013,14.83380,14.89010

Week 1,08 Jan 2013,14.78541,14.98541
Week 2,15 Jan 2013,14.78561,14.91287
Week 3,22 Jan 2013,14.74149,14.86147
Week 4,29 Jan 2013,14.99693,15.07623

Week 1,05 Feb 2013,15.17117,15.22189
Week 2,12 Feb 2013,15.27284,15.32353
Week 3,19 Feb 2013,15.35271,15.42681
Week 4,26 Feb 2013,15.42406,15.50079

Week 1,05 Mar 2013,15.64363,15.70084
Week 2,12 Mar 2013,15.52494,15.63966
Week 3,19 Mar 2013,15.41929,15.49111
Week 4,26 Mar 2013,15.32286,15.39627

Week 1,02 Apr 2013,15.60460,15.66991
Week 2,09 Apr 2013,15.64527,15.76559
Week 3,16 Apr 2013,15.71527,15.81594
Week 4,23 Apr 2013,15.52963,15.74661

Week 1,30 Apr 2013,15.47176,15.55750
Week 2,07 May 2013,15.47676,15.54779
Week 3,14 May 2013,15.47531,15.56959
Week 4,21 May 2013,15.27216,15.37223

Week 1,28 May 2013,15.03177,15.15413
Week 2,04 Jun 2013,15.00063,15.10584
Week 3,11 Jun 2013,14.93684,15.02636
Week 4,18 Jun 2013,14.62239,14.70596

Week 1,25 Jun 2013,14.75641,14.87183
Week 2,02 Jul 2013,14.71051,14.77873
Week 3,09 Jul 2013,14.47579,14.55621
Week 4,16 Jul 2013,14.46924,14.52803

Week 1,23 Jul 2013,14.47106,14.56550
Week 2,30 Jul 2013,14.39531,14.47657
Week 3,06 Aug 2013,14.34241,14.39504
Week 4,13 Aug 2013,14.09369,14.15510

Week 1,20 Aug 2013,13.67601,13.75550
Week 2,27 Aug 2013,13.95563,14.02653
Week 3,03 Sep 2013,14.18374,14.24786
Week 4,10 Sep 2013,14.31520,14.40407

Week 1,17 Sep 2013,14.30396,14.37809
Week 2,24 Sep 2013,14.37793,14.46170
Week 3,01 Oct 2013,14.51370,14.60399
Week 4,08 Oct 2013,14.64711,14.76949

Week 1,15 Oct 2013,14.70306,14.79076
Week 2,22 Oct 2013,14.52223,14.59611
Week 3,29 Oct 2013,14.47510,14.55521
Week 4,05 Nov 2013,14.16374,14.25660

Week 1,12 Nov 2013,14.04926,14.10903
Week 2,19 Nov 2013,14.31449,14.39380
Week 3,26 Nov 2013,14.26104,14.32111
Week 4,03 Dec 2013,14.01239,14.06723

Week 1,10 Dec 2013,14.05007,14.12874
Week 2,17 Dec 2013,13.98226,14.04071
Week 3,24 Dec 2013,13.83551,13.91016
Week 4,31 Dec 2013,13.87446,13.96947

Week 1,07 Jan 2014,13.91993,13.98144
Week 2,14 Jan 2014,14.16019,14.22637
Week 3,21 Jan 2014,14.31734,14.38964
Week 4,28 Jan 2014,14.41350,14.49036

Week 1,04 Feb 2014,14.52440,14.59773
Week 2,11 Feb 2014,14.52990,14.60901
Week 3,18 Feb 2014,14.93027,14.99609
Week 4,25 Feb 2014,15.30867,15.37321

Week 1,04 Mar 2014,15.50130,15.57100
Week 2,11 Mar 2014,15.48661,15.58019
Week 3,18 Mar 2014,15.48516,15.58920
Week 4,25 Mar 2014,15.55773,15.67863

Week 1,01 Apr 2014,15.53737,15.66496
Week 2,08 Apr 2014,16.06716,16.15143
Week 3,15 Apr 2014,15.99381,16.12116
Week 4,22 Apr 2014,15.99853,16.07691

Week 1,29 Apr 2014,16.00734,16.09887
Week 2,06 May 2014,15.85921,15.93650
Week 3,13 May 2014,15.68540,15.78336
Week 4,20 May 2014,15.45876,15.53446

Week 1,27 May 2014,15.44721,15.52047
Week 2,03 Jun 2014,15.33049,15.41561
Week 3,10 Jun 2014,15.37850,15.44974
Week 4,17 Jun 2014,15.42299,15.48403

Week 1,24 Jun 2014,15.28557,15.34081
Week 2,01 Jul 2014,15.44883,15.54120
Week 3,08 Jul 2014,15.37404,15.45243
Week 4,15 Jul 2014,15.56770,15.65690

Week 1,22 Jul 2014,15.73834,15.81446
Week 2,29 Jul 2014,15.83584,15.91446
Week 3,05 Aug 2014,15.81679,15.90089
Week 4,12 Aug 2014,15.83923,15.91316

Week 1,19 Aug 2014,15.90701,15.99574
Week 2,26 Aug 2014,16.13031,16.27177
Week 3,02 Sep 2014,16.46866,16.61409
Week 4,09 Sep 2014,16.30053,16.44016

Week 1,16 Sep 2014,16.26113,16.34613
Week 2,23 Sep 2014,15.99364,16.12636
Week 3,30 Sep 2014,16.11230,16.19484
Week 4,07 Oct 2014,16.56204,16.67963

Week 1,14 Oct 2014,16.70411,16.80733
Week 2,21 Oct 2014,16.76386,16.83093
Week 3,28 Oct 2014,17.30823,17.42900
Week 4,04 Nov 2014,17.80796,18.03150

Week 1,11 Nov 2014,18.04200,18.15190
Week 2,18 Nov 2014,18.06676,18.12796
Week 3,25 Nov 2014,18.74746,18.92614
Week 4,02 Dec 2014,20.41947,20.49957

Week 1,09 Dec 2014,21.04977,21.21609
Week 2,16 Dec 2014,23.82849,24.00443
Week 3,23 Dec 2014,20.12606,20.23559
Week 4,30 Dec 2014,21.67270,21.98423

Week 1,06 Jan 2015,22.92650,23.19279
Week 2,13 Jan 2015,24.40983,24.52136
Week 3,20 Jan 2015,24.77947,24.90324
Week 4,27 Jan 2015,26.14000,26.24853

Week 1,03 Feb 2015,24.45039,24.55663
Week 2,10 Feb 2015,22.93371,23.03443
Week 3,17 Feb 2015,21.71114,21.80086
Week 4,24 Feb 2015,21.57567,21.67711

Week 1,03 Mar 2015,20.54227,20.61467
Week 2,10 Mar 2015,19.44040,19.52419
Week 3,17 Mar 2015,18.59777,18.65493
Week 4,24 Mar 2015,18.05694,18.12386

Week 1,31 Mar 2015,18.02444,18.09734
Week 2,07 Apr 2015,17.37321,17.44850
Week 3,14 Apr 2015,16.74913,16.82716
Week 4,21 Apr 2015,17.25204,17.31364

Week 1,28 Apr 2015,17.25901,17.45159
Week 2,05 May 2015,16.78041,16.84103
Week 3,12 May 2015,16.55790,16.63414
Week 4,19 May 2015,16.27707,16.34617

Week 1,26 May 2015,16.36259,16.45861
Week 2,02 Jun 2015,17.38579,17.47739
Week 3,09 Jun 2015,17.66626,17.76407
Week 4,16 Jun 2015,17.45989,17.51507

Week 1,23 Jun 2015,17.49360,17.55843
Week 2,30 Jun 2015,17.76391,17.84083
Week 3,07 Jul 2015,17.81349,17.88419
Week 4,14 Jul 2015,17.95534,18.01489

Week 1,21 Jul 2015,17.63804,17.68984
Week 2,28 Jul 2015,17.79781,17.86499
Week 3,04 Aug 2015,18.19073,18.25119
Week 4,11 Aug 2015,18.45439,18.52654

Week 1,18 Aug 2015,19.26310,19.33587
Week 2,25 Aug 2015,18.89864,18.97609
Week 3,01 Sep 2015,17.89540,17.97864
Week 4,08 Sep 2015,17.69144,17.75180

Week 1,15 Sep 2015,17.06940,17.12787
Week 2,22 Sep 2015,16.28254,16.34661
Week 3,29 Sep 2015,16.46214,16.52251
Week 4,06 Oct 2015,16.31804,16.37599

Week 1,13 Oct 2015,16.07569,16.13429
Week 2,20 Oct 2015,15.93521,15.99317
Week 3,27 Oct 2015,16.45276,16.50979
Week 4,03 Nov 2015,16.80859,16.86051

Week 1,10 Nov 2015,17.22370,17.29201
Week 2,17 Nov 2015,17.22419,17.27363
Week 3,24 Nov 2015,17.47873,17.54107
Week 4,01 Dec 2015,17.65539,17.70920

Week 1,08 Dec 2015,18.09201,18.14451
Week 2,15 Dec 2015,17.96670,18.01723
Week 3,22 Dec 2015,17.80646,17.84171
Week 4,29 Dec 2015,18.51573,18.55717

Week 1,05 Jan 2016,17.94520,17.98039
Week 2,12 Jan 2016,18.81871,18.87379
Week 3,19 Jan 2016,19.48989,19.61124
Week 4,26 Jan 2016,18.91473,18.95947

Week 1,02 Feb 2016,19.63620,19.69140
Week 2,09 Feb 2016,19.92720,19.98233
Week 3,16 Feb 2016,19.11651,19.16641
Week 4,23 Feb 2016,19.13569,19.17731

Week 1,01 Mar 2016,18.97379,19.02350
Week 2,08 Mar 2016,19.20407,19.27484
Week 3,15 Mar 2016,18.88176,18.93291
Week 4,22 Mar 2016,18.60883,18.67117

Week 1,29 Mar 2016,18.79414,18.84366
Week 2,05 Apr 2016,18.69391,18.74004
Week 3,12 Apr 2016,18.82383,18.86676
Week 4,19 Apr 2016,18.62086,18.67399

Week 1,26 Apr 2016,18.65776,18.71056
Week 2,03 May 2016,18.71103,18.75814
Week 3,10 May 2016,18.71649,18.76667
Week 4,17 May 2016,18.60766,18.66154

Week 1,24 May 2016,18.42771,18.47476
Week 2,31 May 2016,18.53323,18.58470
Week 3,07 Jun 2016,18.86611,18.91519
Week 4,14 Jun 2016,18.91593,18.96679

Week 1,21 Jun 2016,19.03966,19.08814
Week 2,28 Jun 2016,19.59134,19.63993
Week 3,05 Jul 2016,19.40093,19.45101
Week 4,12 Jul 2016,19.34567,19.40313

Week 1,19 Jul 2016,19.58367,19.63951
Week 2,26 Jul 2016,20.19283,20.24813
Week 3,02 Aug 2016,20.50977,20.56543
Week 4,09 Aug 2016,20.44000,20.49190

Week 1,16 Aug 2016,19.90709,19.96004
Week 2,23 Aug 2016,19.98607,20.03743
Week 3,30 Aug 2016,20.06954,20.11489
Week 4,06 Sep 2016,19.91101,19.95167

Week 1,13 Sep 2016,19.74123,19.78821
Week 2,20 Sep 2016,19.79074,19.83436
Week 3,27 Sep 2016,19.50584,19.54701
Week 4,04 Oct 2016,19.28543,19.33463

Week 1,11 Oct 2016,19.56663,19.61020
Week 2,18 Oct 2016,19.71536,19.75939
Week 3,25 Oct 2016,19.81663,19.86147
Week 4,01 Nov 2016,19.68600,19.75060

Week 1,08 Nov 2016,19.59443,19.64586
Week 2,15 Nov 2016,19.04011,19.07953
Week 3,22 Nov 2016,18.94856,18.98646
Week 4,29 Nov 2016,18.63616,18.68210

Week 1,06 Dec 2016,18.57564,18.61294
Week 2,13 Dec 2016,18.26116,18.29481
Week 3,20 Dec 2016,18.43290,18.47361
Week 4,27 Dec 2016,18.61694,18.65931

Week 1,03 Jan 2017,18.59426,18.63764
Week 2,10 Jan 2017,18.62480,18.66659
Week 3,17 Jan 2017,18.57259,18.61763
Week 4,24 Jan 2017,18.86331,18.91109

Week 1,31 Jan 2017,19.02751,19.07750
Week 2,07 Feb 2017,18.83179,18.87750
Week 3,14 Feb 2017,18.65630,18.70067
Week 4,21 Feb 2017,18.76456,18.80647

Week 1,28 Feb 2017,18.68785,18.73216
Week 2,07 Mar 2017,18.64662,18.68774
Week 3,14 Mar 2017,18.61191,18.65500
Week 4,21 Mar 2017,18.47001,18.51195

Week 1,28 Mar 2017,18.05846,18.09891
Week 2,04 Apr 2017,18.08857,18.12692
Week 3,11 Apr 2017,18.02675,18.06526
Week 4,18 Apr 2017,17.93522,17.97902

Week 1,25 Apr 2017,17.87497,17.91620
Week 2,02 May 2017,18.13405,18.17826
Week 3,09 May 2017,18.21437,18.25732
Week 4,16 May 2017,17.78436,17.82397

Week 1,23 May 2017,17.29012,17.32661
Week 2,30 May 2017,17.39871,17.43624
Week 3,06 Jun 2017,17.32504,17.35984
Week 4,13 Jun 2017,17.42861,17.46476

Week 1,20 Jun 2017,17.82582,17.88051
Week 2,27 Jun 2017,17.87881,17.91904
Week 3,04 Jul 2017,18.17067,18.21354
Week 4,11 Jul 2017,18.57371,18.61261

Week 1,18 Jul 2017,18.74380,18.78594
Week 2,25 Jul 2017,18.93803,18.97825
Week 3,01 Aug 2017,19.21428,19.25699
Week 4,08 Aug 2017,18.95346,18.99448

Week 1,15 Aug 2017,18.74097,18.77894
Week 2,22 Aug 2017,18.65858,18.69926
Week 3,29 Aug 2017,18.41402,18.45408
Week 4,05 Sep 2017,18.43218,18.47392

Week 1,12 Sep 2017,18.44702,18.49390
Week 2,19 Sep 2017,18.45554,18.49708
Week 3,26 Sep 2017,18.21135,18.25186
Week 4,03 Oct 2017,18.35434,18.39821

Week 1,10 Oct 2017,18.21207,18.25190
Week 2,17 Oct 2017,18.05827,18.10030
Week 3,24 Oct 2017,17.80774,17.84721
Week 4,31 Oct 2017,17.79146,17.83459

Week 1,07 Nov 2017,18.05772,18.09685
Week 2,14 Nov 2017,18.12514,18.16656
Week 3,21 Nov 2017,18.10093,18.14057
Week 4,28 Nov 2017,18.04124,18.08446

Week 1,05 Dec 2017,18.13097,18.16470


