BRZ->AUD

Week 1,01 Dec 1998,1.32947,1.33104
Week 2,08 Dec 1998,1.34085,1.34231
Week 3,15 Dec 1998,1.33332,1.33506
Week 4,22 Dec 1998,1.35471,1.35648

Week 1,29 Dec 1998,1.34839,1.35004
Week 2,05 Jan 1999,1.30855,1.31015
Week 3,12 Jan 1999,1.14164,1.15327
Week 4,19 Jan 1999,0.95740,0.96920

Week 1,26 Jan 1999,0.79640,0.81041
Week 2,02 Feb 1999,0.84405,0.85347
Week 3,09 Feb 1999,0.80459,0.81349
Week 4,16 Feb 1999,0.80917,0.81778

Week 1,23 Feb 1999,0.78308,0.78880
Week 2,02 Mar 1999,0.77627,0.78276
Week 3,09 Mar 1999,0.82883,0.83313
Week 4,16 Mar 1999,0.85289,0.85798

Week 1,23 Mar 1999,0.87276,0.87669
Week 2,30 Mar 1999,0.91153,0.92015
Week 3,06 Apr 1999,0.92437,0.92839
Week 4,13 Apr 1999,0.92907,0.93352

Week 1,20 Apr 1999,0.90162,0.90677
Week 2,27 Apr 1999,0.90755,0.91009
Week 3,04 May 1999,0.89541,0.89735
Week 4,11 May 1999,0.90509,0.90717

Week 1,18 May 1999,0.89395,0.89624
Week 2,25 May 1999,0.88694,0.88872
Week 3,01 Jun 1999,0.88598,0.88844
Week 4,08 Jun 1999,0.85830,0.86044

Week 1,15 Jun 1999,0.86241,0.86473
Week 2,22 Jun 1999,0.84676,0.84886
Week 3,29 Jun 1999,0.84451,0.84660
Week 4,06 Jul 1999,0.83774,0.83967

Week 1,13 Jul 1999,0.83783,0.84005
Week 2,20 Jul 1999,0.85261,0.85436
Week 3,27 Jul 1999,0.85448,0.85668
Week 4,03 Aug 1999,0.83625,0.83854

Week 1,10 Aug 1999,0.82500,0.82693
Week 2,17 Aug 1999,0.82123,0.82429
Week 3,24 Aug 1999,0.81888,0.82138
Week 4,31 Aug 1999,0.80816,0.81052

Week 1,07 Sep 1999,0.81508,0.81722
Week 2,14 Sep 1999,0.81900,0.82083
Week 3,21 Sep 1999,0.80817,0.80998
Week 4,28 Sep 1999,0.78709,0.78898

Week 1,05 Oct 1999,0.78242,0.78476
Week 2,12 Oct 1999,0.79443,0.79727
Week 3,19 Oct 1999,0.77520,0.77683
Week 4,26 Oct 1999,0.79115,0.79350

Week 1,02 Nov 1999,0.80854,0.81133
Week 2,09 Nov 1999,0.80371,0.80585
Week 3,16 Nov 1999,0.80793,0.80963
Week 4,23 Nov 1999,0.81562,0.81710

Week 1,30 Nov 1999,0.81960,0.82086
Week 2,07 Dec 1999,0.83882,0.84063
Week 3,14 Dec 1999,0.85393,0.85661
Week 4,21 Dec 1999,0.84854,0.85075

Week 1,28 Dec 1999,0.84539,0.84757
Week 2,04 Jan 2000,0.83052,0.83240
Week 3,11 Jan 2000,0.83194,0.83354
Week 4,18 Jan 2000,0.84387,0.84523

Week 1,25 Jan 2000,0.86633,0.86850
Week 2,01 Feb 2000,0.88255,0.88490
Week 3,08 Feb 2000,0.89416,0.89574
Week 4,15 Feb 2000,0.89361,0.89563

Week 1,22 Feb 2000,0.90693,0.90874
Week 2,29 Feb 2000,0.93258,0.93458
Week 3,07 Mar 2000,0.93771,0.93982
Week 4,14 Mar 2000,0.94007,0.94199

Week 1,21 Mar 2000,0.94945,0.95152
Week 2,28 Mar 2000,0.94063,0.94260
Week 3,04 Apr 2000,0.94969,0.95222
Week 4,11 Apr 2000,0.94710,0.94929

Week 1,18 Apr 2000,0.94612,0.94813
Week 2,25 Apr 2000,0.94307,0.94519
Week 3,02 May 2000,0.93511,0.93728
Week 4,09 May 2000,0.94189,0.94424

Week 1,16 May 2000,0.95027,0.95189
Week 2,23 May 2000,0.94649,0.94864
Week 3,30 May 2000,0.95465,0.95697
Week 4,06 Jun 2000,0.94390,0.94590

Week 1,13 Jun 2000,0.91906,0.92107
Week 2,20 Jun 2000,0.92015,0.92211
Week 3,27 Jun 2000,0.91951,0.92108
Week 4,04 Jul 2000,0.93339,0.93538

Week 1,11 Jul 2000,0.94546,0.94742
Week 2,18 Jul 2000,0.95124,0.95331
Week 3,25 Jul 2000,0.95037,0.95260
Week 4,01 Aug 2000,0.95572,0.95789

Week 1,08 Aug 2000,0.95539,0.95758
Week 2,15 Aug 2000,0.93721,0.93907
Week 3,22 Aug 2000,0.95178,0.95365
Week 4,29 Aug 2000,0.95214,0.95409

Week 1,05 Sep 2000,0.97567,0.97834
Week 2,12 Sep 2000,0.98716,0.98883
Week 3,19 Sep 2000,0.99361,0.99527
Week 4,26 Sep 2000,0.98953,0.99143

Week 1,03 Oct 2000,0.99924,1.00394
Week 2,10 Oct 2000,1.00818,1.01014
Week 3,17 Oct 2000,1.01369,1.01571
Week 4,24 Oct 2000,0.99746,0.99948

Week 1,31 Oct 2000,0.99039,0.99263
Week 2,07 Nov 2000,0.97553,0.97739
Week 3,14 Nov 2000,0.98182,0.98384
Week 4,21 Nov 2000,0.98907,0.99104

Week 1,28 Nov 2000,0.95662,0.95847
Week 2,05 Dec 2000,0.92896,0.93079
Week 3,12 Dec 2000,0.93714,0.93868
Week 4,19 Dec 2000,0.92415,0.92596

Week 1,26 Dec 2000,0.91605,0.91795
Week 2,02 Jan 2001,0.90847,0.90987
Week 3,09 Jan 2001,0.91492,0.91674
Week 4,16 Jan 2001,0.92028,0.92205

Week 1,23 Jan 2001,0.92764,0.92939
Week 2,30 Jan 2001,0.91649,0.91838
Week 3,06 Feb 2001,0.92709,0.92881
Week 4,13 Feb 2001,0.94503,0.94680

Week 1,20 Feb 2001,0.93723,0.93898
Week 2,27 Feb 2001,0.93037,0.93260
Week 3,06 Mar 2001,0.95484,0.95666
Week 4,13 Mar 2001,0.95624,0.95815

Week 1,20 Mar 2001,0.93574,0.93765
Week 2,27 Mar 2001,0.94607,0.94786
Week 3,03 Apr 2001,0.94003,0.94181
Week 4,10 Apr 2001,0.92078,0.92286

Week 1,17 Apr 2001,0.87968,0.88121
Week 2,24 Apr 2001,0.87966,0.88153
Week 3,01 May 2001,0.87148,0.87300
Week 4,08 May 2001,0.84788,0.84955

Week 1,15 May 2001,0.82126,0.82281
Week 2,22 May 2001,0.82088,0.82238
Week 3,29 May 2001,0.82775,0.82904
Week 4,05 Jun 2001,0.81248,0.81381

Week 1,12 Jun 2001,0.78885,0.79027
Week 2,19 Jun 2001,0.80973,0.81109
Week 3,26 Jun 2001,0.84021,0.84158
Week 4,03 Jul 2001,0.80983,0.81121

Week 1,10 Jul 2001,0.77771,0.77914
Week 2,17 Jul 2001,0.78761,0.78919
Week 3,24 Jul 2001,0.79884,0.80007
Week 4,31 Jul 2001,0.78234,0.78374

Week 1,07 Aug 2001,0.78630,0.78767
Week 2,14 Aug 2001,0.75350,0.75483
Week 3,21 Aug 2001,0.73732,0.73853
Week 4,28 Aug 2001,0.73821,0.73943

Week 1,04 Sep 2001,0.74358,0.74483
Week 2,11 Sep 2001,0.72605,0.72689
Week 3,18 Sep 2001,0.73081,0.76553
Week 4,25 Sep 2001,0.72815,0.77729

Week 1,02 Oct 2001,0.71448,0.76290
Week 2,09 Oct 2001,0.69196,0.73794
Week 3,16 Oct 2001,0.68941,0.73576
Week 4,23 Oct 2001,0.70219,0.75048

Week 1,30 Oct 2001,0.70720,0.75566
Week 2,06 Nov 2001,0.72345,0.77577
Week 3,13 Nov 2001,0.72855,0.78291
Week 4,20 Nov 2001,0.74001,0.78790

Week 1,27 Nov 2001,0.73985,0.79581
Week 2,04 Dec 2001,0.76810,0.82756
Week 3,11 Dec 2001,0.78402,0.84599
Week 4,18 Dec 2001,0.80849,0.87340

Week 1,25 Dec 2001,0.81477,0.88143
Week 2,01 Jan 2002,0.81087,0.87743
Week 3,08 Jan 2002,0.77129,0.83205
Week 4,15 Jan 2002,0.78316,0.84558

Week 1,22 Jan 2002,0.78003,0.84280
Week 2,29 Jan 2002,0.78161,0.84474
Week 3,05 Feb 2002,0.77662,0.83847
Week 4,12 Feb 2002,0.76730,0.82786

Week 1,19 Feb 2002,0.77074,0.83209
Week 2,26 Feb 2002,0.78310,0.84689
Week 3,05 Mar 2002,0.78250,0.84651
Week 4,12 Mar 2002,0.78424,0.84817

Week 1,19 Mar 2002,0.77697,0.84023
Week 2,26 Mar 2002,0.78469,0.83078
Week 3,02 Apr 2002,0.80232,0.83099
Week 4,09 Apr 2002,0.80923,0.83835

Week 1,16 Apr 2002,0.78377,0.81999
Week 2,23 Apr 2002,0.76897,0.79508
Week 3,30 Apr 2002,0.76677,0.79214
Week 4,07 May 2002,0.73981,0.76319

Week 1,14 May 2002,0.71536,0.74576
Week 2,21 May 2002,0.69260,0.74293
Week 3,28 May 2002,0.70347,0.70456
Week 4,04 Jun 2002,0.66718,0.66824

Week 1,11 Jun 2002,0.64362,0.66195
Week 2,18 Jun 2002,0.63601,0.63682
Week 3,25 Jun 2002,0.62666,0.62738
Week 4,02 Jul 2002,0.61455,0.63574

Week 1,09 Jul 2002,0.62281,0.63954
Week 2,16 Jul 2002,0.62055,0.63606
Week 3,23 Jul 2002,0.62364,0.62950
Week 4,30 Jul 2002,0.56864,0.58354

Week 1,06 Aug 2002,0.61801,0.62502
Week 2,13 Aug 2002,0.58426,0.58580
Week 3,20 Aug 2002,0.58302,0.59758
Week 4,27 Aug 2002,0.58111,0.59556

Week 1,03 Sep 2002,0.58248,0.58838
Week 2,10 Sep 2002,0.57605,0.59004
Week 3,17 Sep 2002,0.53625,0.54789
Week 4,24 Sep 2002,0.48885,0.49904

Week 1,01 Oct 2002,0.49267,0.50312
Week 2,08 Oct 2002,0.46709,0.47915
Week 3,15 Oct 2002,0.46866,0.47574
Week 4,22 Oct 2002,0.46347,0.47311

Week 1,29 Oct 2002,0.48160,0.49207
Week 2,05 Nov 2002,0.49162,0.50218
Week 3,12 Nov 2002,0.48176,0.49447
Week 4,19 Nov 2002,0.49668,0.51041

Week 1,26 Nov 2002,0.49104,0.50119
Week 2,03 Dec 2002,0.47215,0.48177
Week 3,10 Dec 2002,0.46619,0.47620
Week 4,17 Dec 2002,0.50033,0.51151

Week 1,24 Dec 2002,0.49851,0.50844
Week 2,31 Dec 2002,0.49833,0.50925
Week 3,07 Jan 2003,0.51350,0.52806
Week 4,14 Jan 2003,0.50830,0.51896

Week 1,21 Jan 2003,0.47599,0.48531
Week 2,28 Jan 2003,0.47236,0.48185
Week 3,04 Feb 2003,0.46805,0.47989
Week 4,11 Feb 2003,0.46193,0.47095

Week 1,18 Feb 2003,0.45917,0.47350
Week 2,25 Feb 2003,0.45958,0.46324
Week 3,04 Mar 2003,0.45624,0.46799
Week 4,11 Mar 2003,0.47601,0.49143

Week 1,18 Mar 2003,0.48287,0.49367
Week 2,25 Mar 2003,0.48509,0.49806
Week 3,01 Apr 2003,0.49906,0.51311
Week 4,08 Apr 2003,0.50933,0.52506

Week 1,15 Apr 2003,0.50972,0.53535
Week 2,22 Apr 2003,0.52044,0.54559
Week 3,29 Apr 2003,0.52919,0.55651
Week 4,06 May 2003,0.51554,0.54110

Week 1,13 May 2003,0.51442,0.53998
Week 2,20 May 2003,0.49796,0.52163
Week 3,27 May 2003,0.50293,0.52679
Week 4,03 Jun 2003,0.50941,0.53428

Week 1,10 Jun 2003,0.51449,0.53996
Week 2,17 Jun 2003,0.50682,0.53182
Week 3,24 Jun 2003,0.50840,0.53396
Week 4,01 Jul 2003,0.50809,0.53411

Week 1,08 Jul 2003,0.51280,0.53900
Week 2,15 Jul 2003,0.52202,0.54906
Week 3,22 Jul 2003,0.51248,0.53836
Week 4,29 Jul 2003,0.50699,0.53237

Week 1,05 Aug 2003,0.49968,0.52413
Week 2,12 Aug 2003,0.49285,0.51705
Week 3,19 Aug 2003,0.49725,0.52234
Week 4,26 Aug 2003,0.50915,0.53543

Week 1,02 Sep 2003,0.52249,0.53429
Week 2,09 Sep 2003,0.52058,0.52133
Week 3,16 Sep 2003,0.51541,0.51615
Week 4,23 Sep 2003,0.50479,0.50550

Week 1,30 Sep 2003,0.50656,0.50730
Week 2,07 Oct 2003,0.50985,0.51067
Week 3,14 Oct 2003,0.50762,0.50840
Week 4,21 Oct 2003,0.49838,0.49907

Week 1,28 Oct 2003,0.49490,0.49558
Week 2,04 Nov 2003,0.49407,0.49475
Week 3,11 Nov 2003,0.47540,0.47607
Week 4,18 Nov 2003,0.47231,0.47295

Week 1,25 Nov 2003,0.47059,0.47121
Week 2,02 Dec 2003,0.46387,0.46448
Week 3,09 Dec 2003,0.45933,0.45991
Week 4,16 Dec 2003,0.46131,0.46190

Week 1,23 Dec 2003,0.46468,0.46530
Week 2,30 Dec 2003,0.46011,0.46072
Week 3,06 Jan 2004,0.45432,0.45492
Week 4,13 Jan 2004,0.46038,0.46099

Week 1,20 Jan 2004,0.45701,0.45761
Week 2,27 Jan 2004,0.44869,0.44934
Week 3,03 Feb 2004,0.44574,0.44633
Week 4,10 Feb 2004,0.43713,0.43770

Week 1,17 Feb 2004,0.43400,0.43457
Week 2,24 Feb 2004,0.44106,0.44165
Week 3,02 Mar 2004,0.45680,0.45743
Week 4,09 Mar 2004,0.46481,0.46542

Week 1,16 Mar 2004,0.46182,0.46241
Week 2,23 Mar 2004,0.45678,0.45736
Week 3,30 Mar 2004,0.45422,0.45479
Week 4,06 Apr 2004,0.45537,0.45599

Week 1,13 Apr 2004,0.46099,0.46159
Week 2,20 Apr 2004,0.46636,0.46698
Week 3,27 Apr 2004,0.46967,0.47027
Week 4,04 May 2004,0.46281,0.46342

Week 1,11 May 2004,0.46348,0.46406
Week 2,18 May 2004,0.45445,0.45509
Week 3,25 May 2004,0.45023,0.45084
Week 4,01 Jun 2004,0.45449,0.45509

Week 1,08 Jun 2004,0.45880,0.45954
Week 2,15 Jun 2004,0.46179,0.46246
Week 3,22 Jun 2004,0.46139,0.46207
Week 4,29 Jun 2004,0.46119,0.46180

Week 1,06 Jul 2004,0.45680,0.45742
Week 2,13 Jul 2004,0.45516,0.45577
Week 3,20 Jul 2004,0.45967,0.46042
Week 4,27 Jul 2004,0.46706,0.46770

Week 1,03 Aug 2004,0.46320,0.46381
Week 2,10 Aug 2004,0.46123,0.46187
Week 3,17 Aug 2004,0.46497,0.46558
Week 4,24 Aug 2004,0.47979,0.48046

Week 1,31 Aug 2004,0.48892,0.48963
Week 2,07 Sep 2004,0.49589,0.49658
Week 3,14 Sep 2004,0.49596,0.49670
Week 4,21 Sep 2004,0.49006,0.49072

Week 1,28 Sep 2004,0.48599,0.48658
Week 2,05 Oct 2004,0.48372,0.48441
Week 3,12 Oct 2004,0.48104,0.48171
Week 4,19 Oct 2004,0.47388,0.47458

Week 1,26 Oct 2004,0.46686,0.46751
Week 2,02 Nov 2004,0.46675,0.46731
Week 3,09 Nov 2004,0.46511,0.46578
Week 4,16 Nov 2004,0.46095,0.46153

Week 1,23 Nov 2004,0.46191,0.46246
Week 2,30 Nov 2004,0.47164,0.47253
Week 3,07 Dec 2004,0.47674,0.47769
Week 4,14 Dec 2004,0.48026,0.48103

Week 1,21 Dec 2004,0.48306,0.48381
Week 2,28 Dec 2004,0.48010,0.48119
Week 3,04 Jan 2005,0.48359,0.48431
Week 4,11 Jan 2005,0.48515,0.48592

Week 1,18 Jan 2005,0.48474,0.48547
Week 2,25 Jan 2005,0.48574,0.48646
Week 3,01 Feb 2005,0.49441,0.49499
Week 4,08 Feb 2005,0.49234,0.49318

Week 1,15 Feb 2005,0.49132,0.49215
Week 2,22 Feb 2005,0.48511,0.48583
Week 3,01 Mar 2005,0.47970,0.48064
Week 4,08 Mar 2005,0.47457,0.47573

Week 1,15 Mar 2005,0.46886,0.46968
Week 2,22 Mar 2005,0.47090,0.47157
Week 3,29 Mar 2005,0.48433,0.48494
Week 4,05 Apr 2005,0.49912,0.49982

Week 1,12 Apr 2005,0.49939,0.50013
Week 2,19 Apr 2005,0.50310,0.50381
Week 3,26 Apr 2005,0.50740,0.50824
Week 4,03 May 2005,0.51915,0.52009

Week 1,10 May 2005,0.52812,0.52917
Week 2,17 May 2005,0.53765,0.53866
Week 3,24 May 2005,0.54582,0.54684
Week 4,31 May 2005,0.54743,0.54842

Week 1,07 Jun 2005,0.52933,0.53039
Week 2,14 Jun 2005,0.53840,0.53928
Week 3,21 Jun 2005,0.54200,0.54293
Week 4,28 Jun 2005,0.55918,0.56028

Week 1,05 Jul 2005,0.56715,0.56803
Week 2,12 Jul 2005,0.56864,0.56972
Week 3,19 Jul 2005,0.55547,0.55652
Week 4,26 Jul 2005,0.54630,0.54704

Week 1,02 Aug 2005,0.55935,0.56034
Week 2,09 Aug 2005,0.55552,0.55663
Week 3,16 Aug 2005,0.55084,0.55187
Week 4,23 Aug 2005,0.54946,0.55044

Week 1,30 Aug 2005,0.55930,0.56035
Week 2,06 Sep 2005,0.55836,0.55941
Week 3,13 Sep 2005,0.56300,0.56416
Week 4,20 Sep 2005,0.57583,0.57694

Week 1,27 Sep 2005,0.58880,0.58996
Week 2,04 Oct 2005,0.58309,0.58417
Week 3,11 Oct 2005,0.59103,0.59219
Week 4,18 Oct 2005,0.59217,0.59327

Week 1,25 Oct 2005,0.58465,0.58556
Week 2,01 Nov 2005,0.60602,0.60723
Week 3,08 Nov 2005,0.62694,0.62827
Week 4,15 Nov 2005,0.61646,0.61765

Week 1,22 Nov 2005,0.60632,0.60752
Week 2,29 Nov 2005,0.61105,0.61223
Week 3,06 Dec 2005,0.60228,0.60343
Week 4,13 Dec 2005,0.58172,0.58278

Week 1,20 Dec 2005,0.58245,0.58357
Week 2,27 Dec 2005,0.58406,0.58525
Week 3,03 Jan 2006,0.58311,0.58441
Week 4,10 Jan 2006,0.58430,0.58540

Week 1,17 Jan 2006,0.58144,0.58255
Week 2,24 Jan 2006,0.59426,0.59522
Week 3,31 Jan 2006,0.60015,0.60121
Week 4,07 Feb 2006,0.61985,0.62110

Week 1,14 Feb 2006,0.63443,0.63563
Week 2,21 Feb 2006,0.63278,0.63404
Week 3,28 Feb 2006,0.63354,0.63469
Week 4,07 Mar 2006,0.63093,0.63215

Week 1,14 Mar 2006,0.64179,0.64300
Week 2,21 Mar 2006,0.64925,0.65112
Week 3,28 Mar 2006,0.64135,0.64383
Week 4,04 Apr 2006,0.64447,0.64701

Week 1,11 Apr 2006,0.63935,0.64182
Week 2,18 Apr 2006,0.63420,0.63662
Week 3,25 Apr 2006,0.62858,0.63095
Week 4,02 May 2006,0.62862,0.63121

Week 1,09 May 2006,0.61723,0.61957
Week 2,16 May 2006,0.60064,0.60289
Week 3,23 May 2006,0.57809,0.58013
Week 4,30 May 2006,0.57978,0.58235

Week 1,06 Jun 2006,0.59040,0.59239
Week 2,13 Jun 2006,0.59379,0.59615
Week 3,20 Jun 2006,0.60512,0.60741
Week 4,27 Jun 2006,0.61610,0.61845

Week 1,04 Jul 2006,0.61485,0.61728
Week 2,11 Jul 2006,0.59258,0.61831
Week 3,18 Jul 2006,0.60623,0.60841
Week 4,25 Jul 2006,0.59933,0.60146

Week 1,01 Aug 2006,0.59939,0.60174
Week 2,08 Aug 2006,0.60109,0.60356
Week 3,15 Aug 2006,0.60965,0.61197
Week 4,22 Aug 2006,0.61072,0.61308

Week 1,29 Aug 2006,0.60768,0.61269
Week 2,05 Sep 2006,0.61009,0.61243
Week 3,12 Sep 2006,0.61315,0.61572
Week 4,19 Sep 2006,0.60725,0.60961

Week 1,26 Sep 2006,0.60951,0.61185
Week 2,03 Oct 2006,0.61940,0.62178
Week 3,10 Oct 2006,0.62100,0.62347
Week 4,17 Oct 2006,0.61794,0.62049

Week 1,24 Oct 2006,0.61131,0.61371
Week 2,31 Oct 2006,0.60406,0.60644
Week 3,07 Nov 2006,0.60521,0.60749
Week 4,14 Nov 2006,0.60350,0.60578

Week 1,21 Nov 2006,0.59535,0.59779
Week 2,28 Nov 2006,0.58546,0.58760
Week 3,05 Dec 2006,0.58980,0.59226
Week 4,12 Dec 2006,0.59373,0.59605

Week 1,19 Dec 2006,0.59128,0.59362
Week 2,26 Dec 2006,0.59213,0.59450
Week 3,02 Jan 2007,0.59221,0.59467
Week 4,09 Jan 2007,0.59501,0.59733

Week 1,16 Jan 2007,0.59403,0.59636
Week 2,23 Jan 2007,0.59928,0.60157
Week 3,30 Jan 2007,0.61018,0.61241
Week 4,06 Feb 2007,0.61306,0.61538

Week 1,13 Feb 2007,0.60838,0.61060
Week 2,20 Feb 2007,0.60606,0.60822
Week 3,27 Feb 2007,0.59983,0.60193
Week 4,06 Mar 2007,0.60773,0.60989

Week 1,13 Mar 2007,0.60416,0.60634
Week 2,20 Mar 2007,0.60039,0.60266
Week 3,27 Mar 2007,0.59938,0.60168
Week 4,03 Apr 2007,0.60055,0.60277

Week 1,10 Apr 2007,0.59525,0.59749
Week 2,17 Apr 2007,0.58866,0.59084
Week 3,24 Apr 2007,0.59235,0.59448
Week 4,01 May 2007,0.59671,0.59898

Week 1,08 May 2007,0.59537,0.59774
Week 2,15 May 2007,0.61071,0.61291
Week 3,22 May 2007,0.62413,0.62661
Week 4,29 May 2007,0.62714,0.62958

Week 1,05 Jun 2007,0.60783,0.60989
Week 2,12 Jun 2007,0.61503,0.61745
Week 3,19 Jun 2007,0.61561,0.61813
Week 4,26 Jun 2007,0.60819,0.61062

Week 1,03 Jul 2007,0.60963,0.61207
Week 2,10 Jul 2007,0.61242,0.61481
Week 3,17 Jul 2007,0.61125,0.61351
Week 4,24 Jul 2007,0.60761,0.61022

Week 1,31 Jul 2007,0.62099,0.62364
Week 2,07 Aug 2007,0.61042,0.61286
Week 3,14 Aug 2007,0.61093,0.61311
Week 4,21 Aug 2007,0.61247,0.61476

Week 1,28 Aug 2007,0.61807,0.62048
Week 2,04 Sep 2007,0.61708,0.62267
Week 3,11 Sep 2007,0.62371,0.62591
Week 4,18 Sep 2007,0.62199,0.62418

Week 1,25 Sep 2007,0.61495,0.61707
Week 2,02 Oct 2007,0.61571,0.61796
Week 3,09 Oct 2007,0.61481,0.61707
Week 4,16 Oct 2007,0.61740,0.62612

Week 1,23 Oct 2007,0.61627,0.61853
Week 2,30 Oct 2007,0.61779,0.62005
Week 3,06 Nov 2007,0.62041,0.62272
Week 4,13 Nov 2007,0.63777,0.64009

Week 1,20 Nov 2007,0.63741,0.63955
Week 2,27 Nov 2007,0.62872,0.63080
Week 3,04 Dec 2007,0.63895,0.64115
Week 4,11 Dec 2007,0.64252,0.64480

Week 1,18 Dec 2007,0.64286,0.64515
Week 2,25 Dec 2007,0.64305,0.64544
Week 3,01 Jan 2008,0.64082,0.64964
Week 4,08 Jan 2008,0.64089,0.64423

Week 1,15 Jan 2008,0.63700,0.63932
Week 2,22 Jan 2008,0.63546,0.63783
Week 3,29 Jan 2008,0.63303,0.63527
Week 4,05 Feb 2008,0.63208,0.63481

Week 1,12 Feb 2008,0.62836,0.63386
Week 2,19 Feb 2008,0.63063,0.63270
Week 3,26 Feb 2008,0.63420,0.63681
Week 4,04 Mar 2008,0.63859,0.64089

Week 1,11 Mar 2008,0.62947,0.63188
Week 2,18 Mar 2008,0.63283,0.63552
Week 3,25 Mar 2008,0.62742,0.62946
Week 4,01 Apr 2008,0.63098,0.63326

Week 1,08 Apr 2008,0.63471,0.63686
Week 2,15 Apr 2008,0.64065,0.64364
Week 3,22 Apr 2008,0.63755,0.63959
Week 4,29 Apr 2008,0.64016,0.64248

Week 1,06 May 2008,0.63131,0.63337
Week 2,13 May 2008,0.63708,0.63913
Week 3,20 May 2008,0.63006,0.63238
Week 4,27 May 2008,0.63272,0.63495

Week 1,03 Jun 2008,0.64019,0.64251
Week 2,10 Jun 2008,0.64674,0.64908
Week 3,17 Jun 2008,0.65419,0.65647
Week 4,24 Jun 2008,0.64997,0.65242

Week 1,01 Jul 2008,0.64720,0.64979
Week 2,08 Jul 2008,0.64716,0.64947
Week 3,15 Jul 2008,0.64364,0.64593
Week 4,22 Jul 2008,0.65585,0.65827

Week 1,29 Jul 2008,0.67768,0.68021
Week 2,05 Aug 2008,0.69158,0.69579
Week 3,12 Aug 2008,0.70394,0.70698
Week 4,19 Aug 2008,0.70631,0.70904

Week 1,26 Aug 2008,0.71215,0.71489
Week 2,02 Sep 2008,0.71195,0.71472
Week 3,09 Sep 2008,0.69255,0.69520
Week 4,16 Sep 2008,0.66799,0.67163

Week 1,23 Sep 2008,0.65104,0.65433
Week 2,30 Sep 2008,0.64468,0.64968
Week 3,07 Oct 2008,0.64600,0.65254
Week 4,14 Oct 2008,0.67126,0.68382

Week 1,21 Oct 2008,0.67398,0.67856
Week 2,28 Oct 2008,0.70418,0.71740
Week 3,04 Nov 2008,0.68319,0.68784
Week 4,11 Nov 2008,0.67032,0.67917

Week 1,18 Nov 2008,0.65684,0.66244
Week 2,25 Nov 2008,0.66359,0.66887
Week 3,02 Dec 2008,0.62255,0.63024
Week 4,09 Dec 2008,0.62356,0.63028

Week 1,16 Dec 2008,0.61570,0.61923
Week 2,23 Dec 2008,0.60575,0.62593
Week 3,30 Dec 2008,0.60703,0.61145
Week 4,06 Jan 2009,0.61915,0.62405

Week 1,13 Jan 2009,0.63317,0.64111
Week 2,20 Jan 2009,0.64284,0.65305
Week 3,27 Jan 2009,0.66383,0.66794
Week 4,03 Feb 2009,0.66478,0.67204

Week 1,10 Feb 2009,0.66329,0.67061
Week 2,17 Feb 2009,0.65840,0.66837
Week 3,24 Feb 2009,0.65053,0.65758
Week 4,03 Mar 2009,0.64923,0.65731

Week 1,10 Mar 2009,0.65857,0.66383
Week 2,17 Mar 2009,0.65064,0.65936
Week 3,24 Mar 2009,0.63329,0.63585
Week 4,31 Mar 2009,0.62527,0.63290

Week 1,07 Apr 2009,0.63454,0.63699
Week 2,14 Apr 2009,0.63153,0.63411
Week 3,21 Apr 2009,0.63026,0.63801
Week 4,28 Apr 2009,0.63225,0.63597

Week 1,05 May 2009,0.62432,0.63288
Week 2,12 May 2009,0.63355,0.63672
Week 3,19 May 2009,0.63127,0.63367
Week 4,26 May 2009,0.63015,0.63244

Week 1,02 Jun 2009,0.63092,0.64052
Week 2,09 Jun 2009,0.63609,0.63867
Week 3,16 Jun 2009,0.63267,0.64364
Week 4,23 Jun 2009,0.63388,0.63651

Week 1,30 Jun 2009,0.63620,0.64338
Week 2,07 Jul 2009,0.63744,0.64496
Week 3,14 Jul 2009,0.64341,0.64596
Week 4,21 Jul 2009,0.64386,0.64641

Week 1,28 Jul 2009,0.64268,0.64474
Week 2,04 Aug 2009,0.64783,0.65520
Week 3,11 Aug 2009,0.64980,0.65221
Week 4,18 Aug 2009,0.64860,0.65736

Week 1,25 Aug 2009,0.63709,0.64720
Week 2,01 Sep 2009,0.63408,0.63690
Week 3,08 Sep 2009,0.63481,0.63679
Week 4,15 Sep 2009,0.63673,0.63921

Week 1,22 Sep 2009,0.63464,0.64224
Week 2,29 Sep 2009,0.64069,0.64815
Week 3,06 Oct 2009,0.63356,0.64407
Week 4,13 Oct 2009,0.63220,0.64297

Week 1,20 Oct 2009,0.62647,0.62858
Week 2,27 Oct 2009,0.62850,0.63519
Week 3,03 Nov 2009,0.63298,0.63551
Week 4,10 Nov 2009,0.62430,0.62629

Week 1,17 Nov 2009,0.62703,0.62940
Week 2,24 Nov 2009,0.62858,0.63050
Week 3,01 Dec 2009,0.62857,0.63052
Week 4,08 Dec 2009,0.62366,0.62601

Week 1,15 Dec 2009,0.62894,0.63086
Week 2,22 Dec 2009,0.63419,0.64695
Week 3,29 Dec 2009,0.63951,0.64301
Week 4,05 Jan 2010,0.62888,0.63079

Week 1,12 Jan 2010,0.61311,0.61833
Week 2,19 Jan 2010,0.60982,0.61272
Week 3,26 Jan 2010,0.60081,0.60580
Week 4,02 Feb 2010,0.60979,0.61297

Week 1,09 Feb 2010,0.60764,0.61414
Week 2,16 Feb 2010,0.60691,0.61226
Week 3,23 Feb 2010,0.61267,0.61834
Week 4,02 Mar 2010,0.61384,0.62495

Week 1,09 Mar 2010,0.61602,0.61862
Week 2,16 Mar 2010,0.61069,0.61371
Week 3,23 Mar 2010,0.60332,0.61526
Week 4,30 Mar 2010,0.60931,0.61301

Week 1,06 Apr 2010,0.60731,0.61262
Week 2,13 Apr 2010,0.61145,0.61573
Week 3,20 Apr 2010,0.61287,0.61498
Week 4,27 Apr 2010,0.61608,0.62544

Week 1,04 May 2010,0.61067,0.62121
Week 2,11 May 2010,0.62373,0.62713
Week 3,18 May 2010,0.64059,0.64399
Week 4,25 May 2010,0.64645,0.65282

Week 1,01 Jun 2010,0.64860,0.66022
Week 2,08 Jun 2010,0.65104,0.65353
Week 3,15 Jun 2010,0.64134,0.65214
Week 4,22 Jun 2010,0.64132,0.64478

Week 1,29 Jun 2010,0.65231,0.66481
Week 2,06 Jul 2010,0.65381,0.65666
Week 3,13 Jul 2010,0.64103,0.65253
Week 4,20 Jul 2010,0.63344,0.63947

Week 1,27 Jul 2010,0.62868,0.63094
Week 2,03 Aug 2010,0.62118,0.62371
Week 3,10 Aug 2010,0.62724,0.62964
Week 4,17 Aug 2010,0.62924,0.64072

Week 1,24 Aug 2010,0.63375,0.64234
Week 2,31 Aug 2010,0.63102,0.63759
Week 3,07 Sep 2010,0.62834,0.63086
Week 4,14 Sep 2010,0.61739,0.62718

Week 1,21 Sep 2010,0.60860,0.61178
Week 2,28 Sep 2010,0.60498,0.61215
Week 3,05 Oct 2010,0.60670,0.61219
Week 4,12 Oct 2010,0.60474,0.61226

Week 1,19 Oct 2010,0.60243,0.60511
Week 2,26 Oct 2010,0.59630,0.59838
Week 3,02 Nov 2010,0.58776,0.59044
Week 4,09 Nov 2010,0.58484,0.58663

Week 1,16 Nov 2010,0.58901,0.59104
Week 2,23 Nov 2010,0.59295,0.59490
Week 3,30 Nov 2010,0.60083,0.60276
Week 4,07 Dec 2010,0.59703,0.59910

Week 1,14 Dec 2010,0.58895,0.59562
Week 2,21 Dec 2010,0.58702,0.59101
Week 3,28 Dec 2010,0.58633,0.59113
Week 4,04 Jan 2011,0.59507,0.59744

Week 1,11 Jan 2011,0.59865,0.60121
Week 2,18 Jan 2011,0.59886,0.60562
Week 3,25 Jan 2011,0.59920,0.60172
Week 4,01 Feb 2011,0.58961,0.59671

Week 1,08 Feb 2011,0.59367,0.59603
Week 2,15 Feb 2011,0.59422,0.59652
Week 3,22 Feb 2011,0.59334,0.59531
Week 4,01 Mar 2011,0.59479,0.59639

Week 1,08 Mar 2011,0.59643,0.59793
Week 2,15 Mar 2011,0.60155,0.60339
Week 3,22 Mar 2011,0.59155,0.59341
Week 4,29 Mar 2011,0.59114,0.59246

Week 1,05 Apr 2011,0.59798,0.59998
Week 2,12 Apr 2011,0.60042,0.60206
Week 3,19 Apr 2011,0.59608,0.59806
Week 4,26 Apr 2011,0.58525,0.58683

Week 1,03 May 2011,0.57947,0.58114
Week 2,10 May 2011,0.57580,0.57707
Week 3,17 May 2011,0.57952,0.58127
Week 4,24 May 2011,0.58166,0.58322

Week 1,31 May 2011,0.58999,0.59167
Week 2,07 Jun 2011,0.59230,0.59421
Week 3,14 Jun 2011,0.59019,0.59219
Week 4,21 Jun 2011,0.59382,0.59526

Week 1,28 Jun 2011,0.59722,0.59955
Week 2,05 Jul 2011,0.59562,0.59732
Week 3,12 Jul 2011,0.59420,0.59616
Week 4,19 Jul 2011,0.59424,0.59550

Week 1,26 Jul 2011,0.58731,0.58866
Week 2,02 Aug 2011,0.59348,0.59613
Week 3,09 Aug 2011,0.59985,0.60241
Week 4,16 Aug 2011,0.59838,0.60125

Week 1,23 Aug 2011,0.59244,0.59431
Week 2,30 Aug 2011,0.58190,0.58349
Week 3,06 Sep 2011,0.57009,0.57170
Week 4,13 Sep 2011,0.56642,0.56775

Week 1,20 Sep 2011,0.54641,0.54836
Week 2,27 Sep 2011,0.55713,0.55877
Week 3,04 Oct 2011,0.56652,0.56855
Week 4,11 Oct 2011,0.56187,0.56382

Week 1,18 Oct 2011,0.54952,0.55111
Week 2,25 Oct 2011,0.54683,0.54820
Week 3,01 Nov 2011,0.55461,0.55659
Week 4,08 Nov 2011,0.55561,0.55730

Week 1,15 Nov 2011,0.55787,0.56031
Week 2,22 Nov 2011,0.55208,0.55430
Week 3,29 Nov 2011,0.54056,0.54435
Week 4,06 Dec 2011,0.54214,0.54391

Week 1,13 Dec 2011,0.53870,0.54066
Week 2,20 Dec 2011,0.53305,0.53472
Week 3,27 Dec 2011,0.52673,0.52837
Week 4,03 Jan 2012,0.52624,0.52792

Week 1,10 Jan 2012,0.53709,0.53861
Week 2,17 Jan 2012,0.54108,0.54299
Week 3,24 Jan 2012,0.53920,0.54103
Week 4,31 Jan 2012,0.53964,0.54098

Week 1,07 Feb 2012,0.54004,0.54173
Week 2,14 Feb 2012,0.54179,0.54356
Week 3,21 Feb 2012,0.54506,0.54658
Week 4,28 Feb 2012,0.54091,0.54253

Week 1,06 Mar 2012,0.53320,0.53452
Week 2,13 Mar 2012,0.52619,0.52776
Week 3,20 Mar 2012,0.52405,0.52676
Week 4,27 Mar 2012,0.52633,0.52791

Week 1,03 Apr 2012,0.52941,0.53061
Week 2,10 Apr 2012,0.52681,0.52867
Week 3,17 Apr 2012,0.51653,0.51787
Week 4,24 Apr 2012,0.51104,0.51236

Week 1,01 May 2012,0.50682,0.51016
Week 2,08 May 2012,0.50781,0.50932
Week 3,15 May 2012,0.50297,0.50415
Week 4,22 May 2012,0.50327,0.50494

Week 1,29 May 2012,0.50854,0.50993
Week 2,05 Jun 2012,0.49818,0.50141
Week 3,12 Jun 2012,0.48604,0.48795
Week 4,19 Jun 2012,0.48154,0.48270

Week 1,26 Jun 2012,0.47997,0.48155
Week 2,03 Jul 2012,0.48211,0.48495
Week 3,10 Jul 2012,0.48082,0.48209
Week 4,17 Jul 2012,0.47654,0.47799

Week 1,24 Jul 2012,0.47455,0.47560
Week 2,31 Jul 2012,0.46610,0.46709
Week 3,07 Aug 2012,0.46766,0.46865
Week 4,14 Aug 2012,0.47234,0.47297

Week 1,21 Aug 2012,0.47288,0.47453
Week 2,28 Aug 2012,0.47349,0.47524
Week 3,04 Sep 2012,0.47713,0.47881
Week 4,11 Sep 2012,0.47189,0.47355

Week 1,18 Sep 2012,0.47161,0.47325
Week 2,25 Sep 2012,0.47329,0.47489
Week 3,02 Oct 2012,0.48067,0.48294
Week 4,09 Oct 2012,0.47852,0.48079

Week 1,16 Oct 2012,0.47639,0.47753
Week 2,23 Oct 2012,0.47668,0.47774
Week 3,30 Oct 2012,0.47466,0.47566
Week 4,06 Nov 2012,0.47089,0.47226

Week 1,13 Nov 2012,0.46565,0.46690
Week 2,20 Nov 2012,0.45962,0.46095
Week 3,27 Nov 2012,0.45464,0.45565
Week 4,04 Dec 2012,0.45541,0.45638

Week 1,11 Dec 2012,0.45574,0.45669
Week 2,18 Dec 2012,0.45740,0.46058
Week 3,25 Dec 2012,0.46756,0.46855
Week 4,01 Jan 2013,0.46777,0.46891

Week 1,08 Jan 2013,0.46643,0.46755
Week 2,15 Jan 2013,0.46472,0.46644
Week 3,22 Jan 2013,0.46785,0.46907
Week 4,29 Jan 2013,0.48027,0.48239

Week 1,05 Feb 2013,0.48745,0.48862
Week 2,12 Feb 2013,0.49232,0.49349
Week 3,19 Feb 2013,0.49241,0.49430
Week 4,26 Feb 2013,0.49285,0.49479

Week 1,05 Mar 2013,0.49765,0.49888
Week 2,12 Mar 2013,0.49003,0.49140
Week 3,19 Mar 2013,0.48030,0.48189
Week 4,26 Mar 2013,0.47420,0.47586

Week 1,02 Apr 2013,0.47618,0.47800
Week 2,09 Apr 2013,0.48027,0.48322
Week 3,16 Apr 2013,0.48304,0.48497
Week 4,23 Apr 2013,0.48342,0.48545

Week 1,30 Apr 2013,0.48243,0.48418
Week 2,07 May 2013,0.48964,0.49127
Week 3,14 May 2013,0.50097,0.50353
Week 4,21 May 2013,0.50216,0.50499

Week 1,28 May 2013,0.49472,0.49723
Week 2,04 Jun 2013,0.48911,0.49186
Week 3,11 Jun 2013,0.48980,0.49218
Week 4,18 Jun 2013,0.48262,0.48490

Week 1,25 Jun 2013,0.48763,0.49082
Week 2,02 Jul 2013,0.48653,0.48856
Week 3,09 Jul 2013,0.48361,0.48550
Week 4,16 Jul 2013,0.48640,0.48797

Week 1,23 Jul 2013,0.48161,0.48385
Week 2,30 Jul 2013,0.48572,0.48786
Week 3,06 Aug 2013,0.48115,0.48278
Week 4,13 Aug 2013,0.46701,0.46862

Week 1,20 Aug 2013,0.45775,0.46021
Week 2,27 Aug 2013,0.47054,0.47225
Week 3,03 Sep 2013,0.46655,0.46848
Week 4,10 Sep 2013,0.47200,0.47456

Week 1,17 Sep 2013,0.47635,0.47817
Week 2,24 Sep 2013,0.47829,0.48047
Week 3,01 Oct 2013,0.47953,0.48203
Week 4,08 Oct 2013,0.48078,0.48375

Week 1,15 Oct 2013,0.47901,0.48085
Week 2,22 Oct 2013,0.47464,0.47666
Week 3,29 Oct 2013,0.47506,0.47672
Week 4,05 Nov 2013,0.46114,0.46350

Week 1,12 Nov 2013,0.45978,0.46131
Week 2,19 Nov 2013,0.47100,0.47252
Week 3,26 Nov 2013,0.47292,0.47456
Week 4,03 Dec 2013,0.46715,0.46880

Week 1,10 Dec 2013,0.47462,0.47704
Week 2,17 Dec 2013,0.47648,0.47826
Week 3,24 Dec 2013,0.47628,0.47836
Week 4,31 Dec 2013,0.47119,0.47396

Week 1,07 Jan 2014,0.47000,0.47167
Week 2,14 Jan 2014,0.47733,0.47937
Week 3,21 Jan 2014,0.47879,0.48098
Week 4,28 Jan 2014,0.47099,0.47302

Week 1,04 Feb 2014,0.46694,0.46900
Week 2,11 Feb 2014,0.46161,0.46398
Week 3,18 Feb 2014,0.46709,0.46904
Week 4,25 Feb 2014,0.47601,0.47776

Week 1,04 Mar 2014,0.47415,0.47586
Week 2,11 Mar 2014,0.47037,0.47232
Week 3,18 Mar 2014,0.47040,0.47303
Week 4,25 Mar 2014,0.47360,0.47548

Week 1,01 Apr 2014,0.47587,0.47832
Week 2,08 Apr 2014,0.48198,0.48395
Week 3,15 Apr 2014,0.47807,0.48006
Week 4,22 Apr 2014,0.48053,0.48231

Week 1,29 Apr 2014,0.48300,0.48486
Week 2,06 May 2014,0.48110,0.48288
Week 3,13 May 2014,0.48133,0.48325
Week 4,20 May 2014,0.48686,0.48850

Week 1,27 May 2014,0.48186,0.48344
Week 2,03 Jun 2014,0.47457,0.47633
Week 3,10 Jun 2014,0.47683,0.47886
Week 4,17 Jun 2014,0.47621,0.47785

Week 1,24 Jun 2014,0.48008,0.48167
Week 2,01 Jul 2014,0.48030,0.48209
Week 3,08 Jul 2014,0.47904,0.48107
Week 4,15 Jul 2014,0.47751,0.47965

Week 1,22 Jul 2014,0.47755,0.47937
Week 2,29 Jul 2014,0.47577,0.47765
Week 3,05 Aug 2014,0.47134,0.47332
Week 4,12 Aug 2014,0.47254,0.47434

Week 1,19 Aug 2014,0.47315,0.47512
Week 2,26 Aug 2014,0.47347,0.47649
Week 3,02 Sep 2014,0.47568,0.47923
Week 4,09 Sep 2014,0.47641,0.47961

Week 1,16 Sep 2014,0.47172,0.47353
Week 2,23 Sep 2014,0.46837,0.47141
Week 3,30 Sep 2014,0.46508,0.46676
Week 4,07 Oct 2014,0.47237,0.47523

Week 1,14 Oct 2014,0.46943,0.47111
Week 2,21 Oct 2014,0.46021,0.46179
Week 3,28 Oct 2014,0.45956,0.46131
Week 4,04 Nov 2014,0.45512,0.45865

Week 1,11 Nov 2014,0.44489,0.44719
Week 2,18 Nov 2014,0.44902,0.45033
Week 3,25 Nov 2014,0.45992,0.46317
Week 4,02 Dec 2014,0.46148,0.46286

Week 1,09 Dec 2014,0.45921,0.46087
Week 2,16 Dec 2014,0.45538,0.45664
Week 3,23 Dec 2014,0.45835,0.45969
Week 4,30 Dec 2014,0.45783,0.45934

Week 1,06 Jan 2015,0.45917,0.46065
Week 2,13 Jan 2015,0.46111,0.46288
Week 3,20 Jan 2015,0.47596,0.47778
Week 4,27 Jan 2015,0.48548,0.48739

Week 1,03 Feb 2015,0.46787,0.46943
Week 2,10 Feb 2015,0.45527,0.45708
Week 3,17 Feb 2015,0.44834,0.44972
Week 4,24 Feb 2015,0.44549,0.44700

Week 1,03 Mar 2015,0.43145,0.43291
Week 2,10 Mar 2015,0.41254,0.41372
Week 3,17 Mar 2015,0.39968,0.40092
Week 4,24 Mar 2015,0.39979,0.40106

Week 1,31 Mar 2015,0.41307,0.41443
Week 2,07 Apr 2015,0.42143,0.42287
Week 3,14 Apr 2015,0.42382,0.42538
Week 4,21 Apr 2015,0.42825,0.42966

Week 1,28 Apr 2015,0.42506,0.42640
Week 2,05 May 2015,0.41693,0.41801
Week 3,12 May 2015,0.41373,0.41495
Week 4,19 May 2015,0.41526,0.41657

Week 1,26 May 2015,0.41100,0.41255
Week 2,02 Jun 2015,0.41277,0.41412
Week 3,09 Jun 2015,0.41588,0.41712
Week 4,16 Jun 2015,0.41637,0.41749

Week 1,23 Jun 2015,0.41690,0.41816
Week 2,30 Jun 2015,0.41934,0.42104
Week 3,07 Jul 2015,0.42113,0.42262
Week 4,14 Jul 2015,0.42689,0.42799

Week 1,21 Jul 2015,0.41692,0.41795
Week 2,28 Jul 2015,0.40471,0.40600
Week 3,04 Aug 2015,0.38887,0.38965
Week 4,11 Aug 2015,0.38914,0.39041

Week 1,18 Aug 2015,0.39049,0.39168
Week 2,25 Aug 2015,0.39005,0.39101
Week 3,01 Sep 2015,0.38113,0.38244
Week 4,08 Sep 2015,0.36970,0.37062

Week 1,15 Sep 2015,0.35875,0.35974
Week 2,22 Sep 2015,0.35020,0.35139
Week 3,29 Sep 2015,0.35604,0.35697
Week 4,06 Oct 2015,0.36085,0.36172

Week 1,13 Oct 2015,0.35641,0.35738
Week 2,20 Oct 2015,0.35356,0.35465
Week 3,27 Oct 2015,0.35944,0.36033
Week 4,03 Nov 2015,0.36962,0.37047

Week 1,10 Nov 2015,0.37007,0.37085
Week 2,17 Nov 2015,0.37038,0.37142
Week 3,24 Nov 2015,0.36765,0.36863
Week 4,01 Dec 2015,0.35948,0.36053

Week 1,08 Dec 2015,0.36256,0.36329
Week 2,15 Dec 2015,0.35486,0.35569
Week 3,22 Dec 2015,0.34793,0.34861
Week 4,29 Dec 2015,0.34873,0.34942

Week 1,05 Jan 2016,0.35123,0.35203
Week 2,12 Jan 2016,0.35693,0.35773
Week 3,19 Jan 2016,0.35186,0.35263
Week 4,26 Jan 2016,0.34968,0.35039

Week 1,02 Feb 2016,0.35778,0.35867
Week 2,09 Feb 2016,0.35687,0.35780
Week 3,16 Feb 2016,0.34806,0.34885
Week 4,23 Feb 2016,0.35022,0.35095

Week 1,01 Mar 2016,0.35412,0.35502
Week 2,08 Mar 2016,0.36251,0.36336
Week 3,15 Mar 2016,0.36066,0.36159
Week 4,22 Mar 2016,0.36195,0.36304

Week 1,29 Mar 2016,0.36292,0.36382
Week 2,05 Apr 2016,0.36404,0.36495
Week 3,12 Apr 2016,0.37004,0.37086
Week 4,19 Apr 2016,0.36257,0.36350

Week 1,26 Apr 2016,0.37337,0.37433
Week 2,03 May 2016,0.38028,0.38116
Week 3,10 May 2016,0.39003,0.39108
Week 4,17 May 2016,0.38879,0.38980

Week 1,24 May 2016,0.38683,0.38781
Week 2,31 May 2016,0.38474,0.38566
Week 3,07 Jun 2016,0.39284,0.39377
Week 4,14 Jun 2016,0.39187,0.39297

Week 1,21 Jun 2016,0.39489,0.39610
Week 2,28 Jun 2016,0.40966,0.41080
Week 3,05 Jul 2016,0.40238,0.40344
Week 4,12 Jul 2016,0.40074,0.40195

Week 1,19 Jul 2016,0.40824,0.40942
Week 2,26 Jul 2016,0.40577,0.40690
Week 3,02 Aug 2016,0.40817,0.40926
Week 4,09 Aug 2016,0.41182,0.41275

Week 1,16 Aug 2016,0.40692,0.40777
Week 2,23 Aug 2016,0.40630,0.40712
Week 3,30 Aug 2016,0.40753,0.40818
Week 4,06 Sep 2016,0.40523,0.40581

Week 1,13 Sep 2016,0.40505,0.40572
Week 2,20 Sep 2016,0.40551,0.40618
Week 3,27 Sep 2016,0.40221,0.40278
Week 4,04 Oct 2016,0.40643,0.40714

Week 1,11 Oct 2016,0.41123,0.41191
Week 2,18 Oct 2016,0.41273,0.41333
Week 3,25 Oct 2016,0.41540,0.41607
Week 4,01 Nov 2016,0.40355,0.40419

Week 1,08 Nov 2016,0.39723,0.39805
Week 2,15 Nov 2016,0.39303,0.39369
Week 3,22 Nov 2016,0.39666,0.39730
Week 4,29 Nov 2016,0.38907,0.38982

Week 1,06 Dec 2016,0.39416,0.39476
Week 2,13 Dec 2016,0.40100,0.40159
Week 3,20 Dec 2016,0.41690,0.41765
Week 4,27 Dec 2016,0.42503,0.42584

Week 1,03 Jan 2017,0.42470,0.42552
Week 2,10 Jan 2017,0.41933,0.42000
Week 3,17 Jan 2017,0.41395,0.41469
Week 4,24 Jan 2017,0.41831,0.41918

Week 1,31 Jan 2017,0.41892,0.41972
Week 2,07 Feb 2017,0.41858,0.41928
Week 3,14 Feb 2017,0.42068,0.42141
Week 4,21 Feb 2017,0.42069,0.42146

Week 1,28 Feb 2017,0.42035,0.42096
Week 2,07 Mar 2017,0.42076,0.42135
Week 3,14 Mar 2017,0.41852,0.41919
Week 4,21 Mar 2017,0.42073,0.42130

Week 1,28 Mar 2017,0.41823,0.41879
Week 2,04 Apr 2017,0.42333,0.42406
Week 3,11 Apr 2017,0.42192,0.42260
Week 4,18 Apr 2017,0.42245,0.42330

Week 1,25 Apr 2017,0.42081,0.42144
Week 2,02 May 2017,0.42240,0.42320
Week 3,09 May 2017,0.42887,0.42956
Week 4,16 May 2017,0.42077,0.42135

Week 1,23 May 2017,0.40993,0.41052
Week 2,30 May 2017,0.41384,0.41440
Week 3,06 Jun 2017,0.40540,0.40596
Week 4,13 Jun 2017,0.40023,0.40087

Week 1,20 Jun 2017,0.39661,0.39753
Week 2,27 Jun 2017,0.39577,0.39643
Week 3,04 Jul 2017,0.39835,0.39903
Week 4,11 Jul 2017,0.40227,0.40278

Week 1,18 Jul 2017,0.40099,0.40155
Week 2,25 Jul 2017,0.39872,0.39927
Week 3,01 Aug 2017,0.40184,0.40263
Week 4,08 Aug 2017,0.40071,0.40125

Week 1,15 Aug 2017,0.39966,0.40016
Week 2,22 Aug 2017,0.40002,0.40056
Week 3,29 Aug 2017,0.39868,0.39932
Week 4,05 Sep 2017,0.40064,0.40126

Week 1,12 Sep 2017,0.40023,0.40091
Week 2,19 Sep 2017,0.40019,0.40073
Week 3,26 Sep 2017,0.40108,0.40163
Week 4,03 Oct 2017,0.40636,0.40701

Week 1,10 Oct 2017,0.40351,0.40414
Week 2,17 Oct 2017,0.40141,0.40198
Week 3,24 Oct 2017,0.39945,0.39999
Week 4,31 Oct 2017,0.39675,0.39734

Week 1,07 Nov 2017,0.39865,0.39936
Week 2,14 Nov 2017,0.40112,0.40172
Week 3,21 Nov 2017,0.40596,0.40654
Week 4,28 Nov 2017,0.40549,0.40610

Week 1,05 Dec 2017,0.40537,0.40578

