AUD->CAD

Week 1,01 Dec 1998,1.27442,1.27546
Week 2,08 Dec 1998,1.27981,1.28078
Week 3,15 Dec 1998,1.27899,1.27996
Week 4,22 Dec 1998,1.28425,1.28517

Week 1,29 Dec 1998,1.27184,1.27302
Week 2,05 Jan 1999,1.24959,1.25074
Week 3,12 Jan 1999,1.10320,1.11410
Week 4,19 Jan 1999,0.92596,0.93711

Week 1,26 Jan 1999,0.76088,0.77398
Week 2,02 Feb 1999,0.81719,0.82615
Week 3,09 Feb 1999,0.77601,0.78437
Week 4,16 Feb 1999,0.77045,0.77840

Week 1,23 Feb 1999,0.73760,0.74274
Week 2,02 Mar 1999,0.73852,0.74448
Week 3,09 Mar 1999,0.80105,0.80489
Week 4,16 Mar 1999,0.81546,0.81992

Week 1,23 Mar 1999,0.83842,0.84196
Week 2,30 Mar 1999,0.86671,0.87448
Week 3,06 Apr 1999,0.87370,0.87718
Week 4,13 Apr 1999,0.88760,0.89163

Week 1,20 Apr 1999,0.86858,0.87322
Week 2,27 Apr 1999,0.87402,0.87629
Week 3,04 May 1999,0.86990,0.87150
Week 4,11 May 1999,0.88067,0.88240

Week 1,18 May 1999,0.86528,0.86716
Week 2,25 May 1999,0.85023,0.85157
Week 3,01 Jun 1999,0.85221,0.85421
Week 4,08 Jun 1999,0.83296,0.83458

Week 1,15 Jun 1999,0.82709,0.82888
Week 2,22 Jun 1999,0.81929,0.82091
Week 3,29 Jun 1999,0.82511,0.82673
Week 4,06 Jul 1999,0.82044,0.82187

Week 1,13 Jul 1999,0.82034,0.82193
Week 2,20 Jul 1999,0.83107,0.83239
Week 3,27 Jul 1999,0.83640,0.83806
Week 4,03 Aug 1999,0.81981,0.82163

Week 1,10 Aug 1999,0.79849,0.79998
Week 2,17 Aug 1999,0.78391,0.78636
Week 3,24 Aug 1999,0.77394,0.77589
Week 4,31 Aug 1999,0.77501,0.77674

Week 1,07 Sep 1999,0.78547,0.78719
Week 2,14 Sep 1999,0.78254,0.78386
Week 3,21 Sep 1999,0.77371,0.77504
Week 4,28 Sep 1999,0.75715,0.75858

Week 1,05 Oct 1999,0.75658,0.75849
Week 2,12 Oct 1999,0.76560,0.76803
Week 3,19 Oct 1999,0.74576,0.74698
Week 4,26 Oct 1999,0.74776,0.74966

Week 1,02 Nov 1999,0.75783,0.75999
Week 2,09 Nov 1999,0.75809,0.75968
Week 3,16 Nov 1999,0.75730,0.75860
Week 4,23 Nov 1999,0.76137,0.76225

Week 1,30 Nov 1999,0.76806,0.76895
Week 2,07 Dec 1999,0.78850,0.78985
Week 3,14 Dec 1999,0.80899,0.81110
Week 4,21 Dec 1999,0.80417,0.80589

Week 1,28 Dec 1999,0.79945,0.80120
Week 2,04 Jan 2000,0.79204,0.79359
Week 3,11 Jan 2000,0.80053,0.80184
Week 4,18 Jan 2000,0.81060,0.81181

Week 1,25 Jan 2000,0.80718,0.80882
Week 2,01 Feb 2000,0.81039,0.81196
Week 3,08 Feb 2000,0.81755,0.81876
Week 4,15 Feb 2000,0.81711,0.81856

Week 1,22 Feb 2000,0.81707,0.81848
Week 2,29 Feb 2000,0.82512,0.82673
Week 3,07 Mar 2000,0.83400,0.83573
Week 4,14 Mar 2000,0.84304,0.84444

Week 1,21 Mar 2000,0.84607,0.84765
Week 2,28 Mar 2000,0.83480,0.83588
Week 3,04 Apr 2000,0.83291,0.83441
Week 4,11 Apr 2000,0.83153,0.83292

Week 1,18 Apr 2000,0.82935,0.83066
Week 2,25 Apr 2000,0.81935,0.82084
Week 3,02 May 2000,0.82413,0.82570
Week 4,09 May 2000,0.81544,0.81688

Week 1,16 May 2000,0.81382,0.81493
Week 2,23 May 2000,0.81491,0.81643
Week 3,30 May 2000,0.81907,0.82053
Week 4,06 Jun 2000,0.81955,0.82104

Week 1,13 Jun 2000,0.81278,0.81430
Week 2,20 Jun 2000,0.81272,0.81421
Week 3,27 Jun 2000,0.81614,0.81738
Week 4,04 Jul 2000,0.82149,0.82291

Week 1,11 Jul 2000,0.82163,0.82310
Week 2,18 Jul 2000,0.81938,0.82093
Week 3,25 Jul 2000,0.82289,0.82434
Week 4,01 Aug 2000,0.82956,0.83093

Week 1,08 Aug 2000,0.82464,0.82613
Week 2,15 Aug 2000,0.81570,0.81701
Week 3,22 Aug 2000,0.81327,0.81468
Week 4,29 Aug 2000,0.80858,0.80964

Week 1,05 Sep 2000,0.81096,0.81245
Week 2,12 Sep 2000,0.80726,0.80826
Week 3,19 Sep 2000,0.80306,0.80420
Week 4,26 Sep 2000,0.81030,0.81181

Week 1,03 Oct 2000,0.80999,0.81156
Week 2,10 Oct 2000,0.80754,0.80888
Week 3,17 Oct 2000,0.80577,0.80710
Week 4,24 Oct 2000,0.79355,0.79491

Week 1,31 Oct 2000,0.79427,0.79575
Week 2,07 Nov 2000,0.78736,0.78859
Week 3,14 Nov 2000,0.79301,0.79436
Week 4,21 Nov 2000,0.79503,0.79637

Week 1,28 Nov 2000,0.78148,0.78268
Week 2,05 Dec 2000,0.77470,0.77602
Week 3,12 Dec 2000,0.77416,0.77521
Week 4,19 Dec 2000,0.77631,0.77755

Week 1,26 Dec 2000,0.76976,0.77106
Week 2,02 Jan 2001,0.76884,0.76985
Week 3,09 Jan 2001,0.76800,0.76937
Week 4,16 Jan 2001,0.77153,0.77283

Week 1,23 Jan 2001,0.76496,0.76621
Week 2,30 Jan 2001,0.75568,0.75706
Week 3,06 Feb 2001,0.75740,0.75852
Week 4,13 Feb 2001,0.76752,0.76873

Week 1,20 Feb 2001,0.75712,0.75824
Week 2,27 Feb 2001,0.75600,0.75743
Week 3,06 Mar 2001,0.75774,0.75889
Week 4,13 Mar 2001,0.74283,0.74405

Week 1,20 Mar 2001,0.72848,0.72955
Week 2,27 Mar 2001,0.73227,0.73330
Week 3,03 Apr 2001,0.72480,0.72584
Week 4,10 Apr 2001,0.72477,0.72604

Week 1,17 Apr 2001,0.69854,0.69942
Week 2,24 Apr 2001,0.69038,0.69158
Week 3,01 May 2001,0.69312,0.69402
Week 4,08 May 2001,0.68307,0.68417

Week 1,15 May 2001,0.66435,0.66538
Week 2,22 May 2001,0.66019,0.66117
Week 3,29 May 2001,0.65158,0.65237
Week 4,05 Jun 2001,0.64259,0.64338

Week 1,12 Jun 2001,0.63061,0.63151
Week 2,19 Jun 2001,0.64156,0.64239
Week 3,26 Jun 2001,0.65514,0.65598
Week 4,03 Jul 2001,0.62951,0.63028

Week 1,10 Jul 2001,0.60320,0.60404
Week 2,17 Jul 2001,0.61803,0.61901
Week 3,24 Jul 2001,0.62368,0.62441
Week 4,31 Jul 2001,0.61705,0.61779

Week 1,07 Aug 2001,0.62227,0.62309
Week 2,14 Aug 2001,0.61282,0.61348
Week 3,21 Aug 2001,0.60764,0.60836
Week 4,28 Aug 2001,0.60489,0.60557

Week 1,04 Sep 2001,0.60542,0.60612
Week 2,11 Sep 2001,0.58719,0.58778
Week 3,18 Sep 2001,0.56488,0.59101
Week 4,25 Sep 2001,0.56390,0.60168

Week 1,02 Oct 2001,0.56095,0.59863
Week 2,09 Oct 2001,0.54604,0.58203
Week 3,16 Oct 2001,0.55305,0.59005
Week 4,23 Oct 2001,0.55914,0.59734

Week 1,30 Oct 2001,0.56899,0.60772
Week 2,06 Nov 2001,0.59465,0.63721
Week 3,13 Nov 2001,0.60454,0.64937
Week 4,20 Nov 2001,0.61282,0.65211

Week 1,27 Nov 2001,0.60980,0.65575
Week 2,04 Dec 2001,0.62400,0.67215
Week 3,11 Dec 2001,0.63679,0.68696
Week 4,18 Dec 2001,0.65146,0.70343

Week 1,25 Dec 2001,0.66215,0.71601
Week 2,01 Jan 2002,0.66767,0.72193
Week 3,08 Jan 2002,0.64264,0.69297
Week 4,15 Jan 2002,0.64825,0.69960

Week 1,22 Jan 2002,0.64939,0.70137
Week 2,29 Jan 2002,0.63452,0.68541
Week 3,05 Feb 2002,0.63345,0.68379
Week 4,12 Feb 2002,0.62789,0.67712

Week 1,19 Feb 2002,0.63340,0.68365
Week 2,26 Feb 2002,0.64766,0.70019
Week 3,05 Mar 2002,0.64872,0.70154
Week 4,12 Mar 2002,0.65147,0.70432

Week 1,19 Mar 2002,0.64903,0.70164
Week 2,26 Mar 2002,0.66447,0.70330
Week 3,02 Apr 2002,0.67934,0.70318
Week 4,09 Apr 2002,0.68485,0.70922

Week 1,16 Apr 2002,0.66415,0.69458
Week 2,23 Apr 2002,0.65351,0.67544
Week 3,30 Apr 2002,0.64619,0.66740
Week 4,07 May 2002,0.62760,0.64714

Week 1,14 May 2002,0.61080,0.63652
Week 2,21 May 2002,0.59220,0.63505
Week 3,28 May 2002,0.60799,0.60870
Week 4,04 Jun 2002,0.58519,0.58593

Week 1,11 Jun 2002,0.56131,0.57705
Week 2,18 Jun 2002,0.55476,0.55528
Week 3,25 Jun 2002,0.53758,0.53818
Week 4,02 Jul 2002,0.52407,0.54193

Week 1,09 Jul 2002,0.53392,0.54815
Week 2,16 Jul 2002,0.53201,0.54522
Week 3,23 Jul 2002,0.53088,0.53595
Week 4,30 Jul 2002,0.48658,0.49920

Week 1,06 Aug 2002,0.52066,0.52636
Week 2,13 Aug 2002,0.49500,0.49611
Week 3,20 Aug 2002,0.49488,0.50703
Week 4,27 Aug 2002,0.49827,0.51055

Week 1,03 Sep 2002,0.49758,0.50243
Week 2,10 Sep 2002,0.49968,0.51160
Week 3,17 Sep 2002,0.46291,0.47276
Week 4,24 Sep 2002,0.42035,0.42889

Week 1,01 Oct 2002,0.42705,0.43599
Week 2,08 Oct 2002,0.40774,0.41808
Week 3,15 Oct 2002,0.40626,0.41228
Week 4,22 Oct 2002,0.40270,0.41097

Week 1,29 Oct 2002,0.41869,0.42770
Week 2,05 Nov 2002,0.43223,0.44133
Week 3,12 Nov 2002,0.42759,0.43869
Week 4,19 Nov 2002,0.44167,0.45366

Week 1,26 Nov 2002,0.43153,0.44034
Week 2,03 Dec 2002,0.41319,0.42147
Week 3,10 Dec 2002,0.40982,0.41849
Week 4,17 Dec 2002,0.43879,0.44845

Week 1,24 Dec 2002,0.43685,0.44544
Week 2,31 Dec 2002,0.44176,0.45126
Week 3,07 Jan 2003,0.46185,0.47482
Week 4,14 Jan 2003,0.45940,0.46896

Week 1,21 Jan 2003,0.42897,0.43724
Week 2,28 Jan 2003,0.42354,0.43191
Week 3,04 Feb 2003,0.41941,0.42993
Week 4,11 Feb 2003,0.41687,0.42489

Week 1,18 Feb 2003,0.41266,0.42541
Week 2,25 Feb 2003,0.41555,0.41871
Week 3,04 Mar 2003,0.41222,0.42268
Week 4,11 Mar 2003,0.42126,0.43476

Week 1,18 Mar 2003,0.42468,0.43404
Week 2,25 Mar 2003,0.42782,0.43912
Week 3,01 Apr 2003,0.44215,0.45447
Week 4,08 Apr 2003,0.44927,0.46305

Week 1,15 Apr 2003,0.45249,0.47500
Week 2,22 Apr 2003,0.46592,0.48837
Week 3,29 Apr 2003,0.47419,0.49851
Week 4,06 May 2003,0.46207,0.48485

Week 1,13 May 2003,0.46035,0.48315
Week 2,20 May 2003,0.44736,0.46851
Week 3,27 May 2003,0.45111,0.47234
Week 4,03 Jun 2003,0.45738,0.47956

Week 1,10 Jun 2003,0.45976,0.48243
Week 2,17 Jun 2003,0.45755,0.47997
Week 3,24 Jun 2003,0.45765,0.48057
Week 4,01 Jul 2003,0.46253,0.48628

Week 1,08 Jul 2003,0.46542,0.48928
Week 2,15 Jul 2003,0.47492,0.49955
Week 3,22 Jul 2003,0.47117,0.49498
Week 4,29 Jul 2003,0.46326,0.48648

Week 1,05 Aug 2003,0.45348,0.47571
Week 2,12 Aug 2003,0.44959,0.47176
Week 3,19 Aug 2003,0.45606,0.47914
Week 4,26 Aug 2003,0.45780,0.48141

Week 1,02 Sep 2003,0.46325,0.47363
Week 2,09 Sep 2003,0.46928,0.47009
Week 3,16 Sep 2003,0.46791,0.46861
Week 4,23 Sep 2003,0.46158,0.46225

Week 1,30 Sep 2003,0.46445,0.46512
Week 2,07 Oct 2003,0.46729,0.46800
Week 3,14 Oct 2003,0.46228,0.46291
Week 4,21 Oct 2003,0.45663,0.45721

Week 1,28 Oct 2003,0.45950,0.46009
Week 2,04 Nov 2003,0.46357,0.46422
Week 3,11 Nov 2003,0.44581,0.44646
Week 4,18 Nov 2003,0.44440,0.44508

Week 1,25 Nov 2003,0.44357,0.44419
Week 2,02 Dec 2003,0.44420,0.44478
Week 3,09 Dec 2003,0.44614,0.44668
Week 4,16 Dec 2003,0.45368,0.45423

Week 1,23 Dec 2003,0.45144,0.45209
Week 2,30 Dec 2003,0.44854,0.44917
Week 3,06 Jan 2004,0.44913,0.44973
Week 4,13 Jan 2004,0.45761,0.45822

Week 1,20 Jan 2004,0.45904,0.45965
Week 2,27 Jan 2004,0.45530,0.45598
Week 3,03 Feb 2004,0.45438,0.45499
Week 4,10 Feb 2004,0.45354,0.45415

Week 1,17 Feb 2004,0.45075,0.45134
Week 2,24 Feb 2004,0.45563,0.45628
Week 3,02 Mar 2004,0.46186,0.46244
Week 4,09 Mar 2004,0.45858,0.45913

Week 1,16 Mar 2004,0.45899,0.45957
Week 2,23 Mar 2004,0.45298,0.45351
Week 3,30 Mar 2004,0.45148,0.45199
Week 4,06 Apr 2004,0.45887,0.45945

Week 1,13 Apr 2004,0.46251,0.46309
Week 2,20 Apr 2004,0.46499,0.46555
Week 3,27 Apr 2004,0.46524,0.46577
Week 4,04 May 2004,0.45718,0.45772

Week 1,11 May 2004,0.44678,0.44729
Week 2,18 May 2004,0.43481,0.43528
Week 3,25 May 2004,0.43696,0.43748
Week 4,01 Jun 2004,0.43168,0.43215

Week 1,08 Jun 2004,0.43408,0.43473
Week 2,15 Jun 2004,0.43555,0.43611
Week 3,22 Jun 2004,0.43592,0.43639
Week 4,29 Jun 2004,0.43335,0.43389

Week 1,06 Jul 2004,0.43414,0.43468
Week 2,13 Jul 2004,0.43599,0.43648
Week 3,20 Jul 2004,0.43417,0.43479
Week 4,27 Jul 2004,0.43621,0.43673

Week 1,03 Aug 2004,0.43241,0.43293
Week 2,10 Aug 2004,0.43530,0.43583
Week 3,17 Aug 2004,0.43649,0.43699
Week 4,24 Aug 2004,0.44293,0.44345

Week 1,31 Aug 2004,0.44492,0.44554
Week 2,07 Sep 2004,0.44438,0.44489
Week 3,14 Sep 2004,0.44895,0.44946
Week 4,21 Sep 2004,0.44567,0.44619

Week 1,28 Sep 2004,0.44358,0.44410
Week 2,05 Oct 2004,0.44420,0.44468
Week 3,12 Oct 2004,0.44093,0.44144
Week 4,19 Oct 2004,0.43344,0.43391

Week 1,26 Oct 2004,0.42629,0.42687
Week 2,02 Nov 2004,0.42644,0.42697
Week 3,09 Nov 2004,0.42483,0.42534
Week 4,16 Nov 2004,0.42987,0.43039

Week 1,23 Nov 2004,0.42995,0.43049
Week 2,30 Nov 2004,0.43688,0.43763
Week 3,07 Dec 2004,0.44027,0.44121
Week 4,14 Dec 2004,0.44915,0.44980

Week 1,21 Dec 2004,0.45628,0.45695
Week 2,28 Dec 2004,0.45203,0.45301
Week 3,04 Jan 2005,0.45239,0.45294
Week 4,11 Jan 2005,0.44825,0.44895

Week 1,18 Jan 2005,0.45217,0.45288
Week 2,25 Jan 2005,0.46391,0.46453
Week 3,01 Feb 2005,0.47519,0.47572
Week 4,08 Feb 2005,0.47612,0.47686

Week 1,15 Feb 2005,0.47683,0.47760
Week 2,22 Feb 2005,0.47268,0.47332
Week 3,01 Mar 2005,0.46720,0.46808
Week 4,08 Mar 2005,0.45562,0.45670

Week 1,15 Mar 2005,0.44725,0.44807
Week 2,22 Mar 2005,0.44356,0.44417
Week 3,29 Mar 2005,0.45328,0.45380
Week 4,05 Apr 2005,0.47013,0.47078

Week 1,12 Apr 2005,0.47872,0.47941
Week 2,19 Apr 2005,0.48372,0.48438
Week 3,26 Apr 2005,0.49490,0.49566
Week 4,03 May 2005,0.50297,0.50383

Week 1,10 May 2005,0.50782,0.50883
Week 2,17 May 2005,0.51441,0.51527
Week 3,24 May 2005,0.52340,0.52433
Week 4,31 May 2005,0.51665,0.51750

Week 1,07 Jun 2005,0.50590,0.50684
Week 2,14 Jun 2005,0.51440,0.51520
Week 3,21 Jun 2005,0.51730,0.51815
Week 4,28 Jun 2005,0.52357,0.52447

Week 1,05 Jul 2005,0.51802,0.51881
Week 2,12 Jul 2005,0.51839,0.51927
Week 3,19 Jul 2005,0.51430,0.51519
Week 4,26 Jul 2005,0.50827,0.50894

Week 1,02 Aug 2005,0.52215,0.52297
Week 2,09 Aug 2005,0.51446,0.51551
Week 3,16 Aug 2005,0.50488,0.50577
Week 4,23 Aug 2005,0.49745,0.49833

Week 1,30 Aug 2005,0.50498,0.50588
Week 2,06 Sep 2005,0.50941,0.51037
Week 3,13 Sep 2005,0.51101,0.51201
Week 4,20 Sep 2005,0.51395,0.51490

Week 1,27 Sep 2005,0.52293,0.52395
Week 2,04 Oct 2005,0.51992,0.52084
Week 3,11 Oct 2005,0.52574,0.52681
Week 4,18 Oct 2005,0.52456,0.52552

Week 1,25 Oct 2005,0.51789,0.51860
Week 2,01 Nov 2005,0.52866,0.52962
Week 3,08 Nov 2005,0.54642,0.54755
Week 4,15 Nov 2005,0.53698,0.53803

Week 1,22 Nov 2005,0.52433,0.52526
Week 2,29 Nov 2005,0.52793,0.52889
Week 3,06 Dec 2005,0.52317,0.52413
Week 4,13 Dec 2005,0.50421,0.50507

Week 1,20 Dec 2005,0.49967,0.50053
Week 2,27 Dec 2005,0.49740,0.49831
Week 3,03 Jan 2006,0.50389,0.50488
Week 4,10 Jan 2006,0.51206,0.51298

Week 1,17 Jan 2006,0.50588,0.50681
Week 2,24 Jan 2006,0.51406,0.51493
Week 3,31 Jan 2006,0.51620,0.51712
Week 4,07 Feb 2006,0.52767,0.52867

Week 1,14 Feb 2006,0.54120,0.54218
Week 2,21 Feb 2006,0.53746,0.53848
Week 3,28 Feb 2006,0.53525,0.53625
Week 4,07 Mar 2006,0.53489,0.53588

Week 1,14 Mar 2006,0.54461,0.54558
Week 2,21 Mar 2006,0.54103,0.54251
Week 3,28 Mar 2006,0.53281,0.53481
Week 4,04 Apr 2006,0.54086,0.54293

Week 1,11 Apr 2006,0.53572,0.53773
Week 2,18 Apr 2006,0.53592,0.53791
Week 3,25 Apr 2006,0.53283,0.53481
Week 4,02 May 2006,0.53488,0.53707

Week 1,09 May 2006,0.52744,0.52943
Week 2,16 May 2006,0.51062,0.51252
Week 3,23 May 2006,0.48635,0.48806
Week 4,30 May 2006,0.48192,0.48404

Week 1,06 Jun 2006,0.48888,0.49055
Week 2,13 Jun 2006,0.48963,0.49155
Week 3,20 Jun 2006,0.49794,0.49977
Week 4,27 Jun 2006,0.50734,0.50923

Week 1,04 Jul 2006,0.51049,0.51246
Week 2,11 Jul 2006,0.50305,0.52487
Week 3,18 Jul 2006,0.51616,0.51805
Week 4,25 Jul 2006,0.51772,0.51960

Week 1,01 Aug 2006,0.51693,0.51892
Week 2,08 Aug 2006,0.51658,0.51867
Week 3,15 Aug 2006,0.52218,0.52414
Week 4,22 Aug 2006,0.51685,0.51882

Week 1,29 Aug 2006,0.51357,0.51778
Week 2,05 Sep 2006,0.51735,0.51930
Week 3,12 Sep 2006,0.51662,0.51875
Week 4,19 Sep 2006,0.51240,0.51435

Week 1,26 Sep 2006,0.50930,0.51121
Week 2,03 Oct 2006,0.51809,0.52005
Week 3,10 Oct 2006,0.52617,0.52822
Week 4,17 Oct 2006,0.52900,0.53115

Week 1,24 Oct 2006,0.52425,0.52628
Week 2,31 Oct 2006,0.52579,0.52783
Week 3,07 Nov 2006,0.52634,0.52829
Week 4,14 Nov 2006,0.52780,0.52976

Week 1,21 Nov 2006,0.52586,0.52799
Week 2,28 Nov 2006,0.52340,0.52528
Week 3,05 Dec 2006,0.53232,0.53451
Week 4,12 Dec 2006,0.53717,0.53922

Week 1,19 Dec 2006,0.53533,0.53741
Week 2,26 Dec 2006,0.54129,0.54335
Week 3,02 Jan 2007,0.54527,0.54745
Week 4,09 Jan 2007,0.54587,0.54795

Week 1,16 Jan 2007,0.54794,0.55005
Week 2,23 Jan 2007,0.55185,0.55392
Week 3,30 Jan 2007,0.55783,0.55983
Week 4,06 Feb 2007,0.56213,0.56421

Week 1,13 Feb 2007,0.55501,0.55700
Week 2,20 Feb 2007,0.55619,0.55813
Week 3,27 Feb 2007,0.55235,0.55419
Week 4,06 Mar 2007,0.55584,0.55777

Week 1,13 Mar 2007,0.55970,0.56168
Week 2,20 Mar 2007,0.56121,0.56330
Week 3,27 Mar 2007,0.56034,0.56246
Week 4,03 Apr 2007,0.56548,0.56754

Week 1,10 Apr 2007,0.56232,0.56441
Week 2,17 Apr 2007,0.55496,0.55700
Week 3,24 Apr 2007,0.55046,0.55243
Week 4,01 May 2007,0.54569,0.54775

Week 1,08 May 2007,0.54682,0.54899
Week 2,15 May 2007,0.55458,0.55655
Week 3,22 May 2007,0.55481,0.55698
Week 4,29 May 2007,0.55415,0.55628

Week 1,05 Jun 2007,0.54193,0.54376
Week 2,12 Jun 2007,0.55119,0.55333
Week 3,19 Jun 2007,0.55638,0.55864
Week 4,26 Jun 2007,0.54937,0.55155

Week 1,03 Jul 2007,0.55126,0.55346
Week 2,10 Jul 2007,0.55589,0.55805
Week 3,17 Jul 2007,0.56059,0.56267
Week 4,24 Jul 2007,0.55656,0.55895

Week 1,31 Jul 2007,0.56252,0.56491
Week 2,07 Aug 2007,0.54805,0.55022
Week 3,14 Aug 2007,0.52918,0.53104
Week 4,21 Aug 2007,0.52640,0.52832

Week 1,28 Aug 2007,0.53583,0.53787
Week 2,04 Sep 2007,0.53619,0.54104
Week 3,11 Sep 2007,0.54157,0.54346
Week 4,18 Sep 2007,0.53781,0.53970

Week 1,25 Sep 2007,0.53935,0.54123
Week 2,02 Oct 2007,0.54359,0.54560
Week 3,09 Oct 2007,0.54183,0.54385
Week 4,16 Oct 2007,0.53646,0.54401

Week 1,23 Oct 2007,0.53873,0.54073
Week 2,30 Oct 2007,0.53924,0.54119
Week 3,06 Nov 2007,0.53341,0.53544
Week 4,13 Nov 2007,0.55096,0.55301

Week 1,20 Nov 2007,0.55210,0.55398
Week 2,27 Nov 2007,0.55108,0.55290
Week 3,04 Dec 2007,0.56375,0.56572
Week 4,11 Dec 2007,0.56912,0.57116

Week 1,18 Dec 2007,0.55520,0.55721
Week 2,25 Dec 2007,0.55256,0.55463
Week 3,01 Jan 2008,0.55885,0.56652
Week 4,08 Jan 2008,0.57275,0.57575

Week 1,15 Jan 2008,0.57655,0.57865
Week 2,22 Jan 2008,0.56553,0.56764
Week 3,29 Jan 2008,0.56530,0.56732
Week 4,05 Feb 2008,0.56848,0.57096

Week 1,12 Feb 2008,0.56922,0.57425
Week 2,19 Feb 2008,0.58639,0.58834
Week 3,26 Feb 2008,0.58476,0.58721
Week 4,04 Mar 2008,0.58727,0.58941

Week 1,11 Mar 2008,0.58118,0.58343
Week 2,18 Mar 2008,0.58390,0.58640
Week 3,25 Mar 2008,0.58571,0.58764
Week 4,01 Apr 2008,0.58678,0.58891

Week 1,08 Apr 2008,0.60018,0.60222
Week 2,15 Apr 2008,0.60346,0.60629
Week 3,22 Apr 2008,0.60646,0.60843
Week 4,29 Apr 2008,0.60798,0.61020

Week 1,06 May 2008,0.60099,0.60298
Week 2,13 May 2008,0.60337,0.60536
Week 3,20 May 2008,0.59783,0.60006
Week 4,27 May 2008,0.60114,0.60330

Week 1,03 Jun 2008,0.62058,0.62282
Week 2,10 Jun 2008,0.62552,0.62780
Week 3,17 Jun 2008,0.63149,0.63372
Week 4,24 Jun 2008,0.62995,0.63236

Week 1,01 Jul 2008,0.63283,0.63540
Week 2,08 Jul 2008,0.62969,0.63198
Week 3,15 Jul 2008,0.62917,0.63145
Week 4,22 Jul 2008,0.63949,0.64188

Week 1,29 Jul 2008,0.65356,0.65603
Week 2,05 Aug 2008,0.65904,0.66304
Week 3,12 Aug 2008,0.65304,0.65583
Week 4,19 Aug 2008,0.64818,0.65063

Week 1,26 Aug 2008,0.64543,0.64790
Week 2,02 Sep 2008,0.62930,0.63171
Week 3,09 Sep 2008,0.60029,0.60255
Week 4,16 Sep 2008,0.57539,0.57849

Week 1,23 Sep 2008,0.56302,0.56585
Week 2,30 Sep 2008,0.54225,0.54639
Week 3,07 Oct 2008,0.50180,0.50635
Week 4,14 Oct 2008,0.54123,0.55113

Week 1,21 Oct 2008,0.54910,0.55240
Week 2,28 Oct 2008,0.56805,0.57851
Week 3,04 Nov 2008,0.54742,0.55091
Week 4,11 Nov 2008,0.53641,0.54323

Week 1,18 Nov 2008,0.52458,0.52898
Week 2,25 Nov 2008,0.53402,0.53815
Week 3,02 Dec 2008,0.50571,0.51196
Week 4,09 Dec 2008,0.51491,0.52033

Week 1,16 Dec 2008,0.51146,0.51427
Week 2,23 Dec 2008,0.50416,0.52076
Week 3,30 Dec 2008,0.51641,0.52012
Week 4,06 Jan 2009,0.52311,0.52718

Week 1,13 Jan 2009,0.52513,0.53165
Week 2,20 Jan 2009,0.52824,0.53643
Week 3,27 Jan 2009,0.52986,0.53305
Week 4,03 Feb 2009,0.53455,0.54040

Week 1,10 Feb 2009,0.54085,0.54674
Week 2,17 Feb 2009,0.53157,0.53955
Week 3,24 Feb 2009,0.52782,0.53346
Week 4,03 Mar 2009,0.53373,0.54041

Week 1,10 Mar 2009,0.54785,0.55212
Week 2,17 Mar 2009,0.55009,0.55744
Week 3,24 Mar 2009,0.54493,0.54707
Week 4,31 Mar 2009,0.54724,0.55387

Week 1,07 Apr 2009,0.55894,0.56104
Week 2,14 Apr 2009,0.55459,0.55679
Week 3,21 Apr 2009,0.55059,0.55726
Week 4,28 Apr 2009,0.54807,0.55122

Week 1,05 May 2009,0.54790,0.55540
Week 2,12 May 2009,0.56049,0.56326
Week 3,19 May 2009,0.55798,0.56010
Week 4,26 May 2009,0.55143,0.55345

Week 1,02 Jun 2009,0.55891,0.56743
Week 2,09 Jun 2009,0.57035,0.57271
Week 3,16 Jun 2009,0.57337,0.58341
Week 4,23 Jun 2009,0.58391,0.58635

Week 1,30 Jun 2009,0.59064,0.59730
Week 2,07 Jul 2009,0.58171,0.58853
Week 3,14 Jul 2009,0.57767,0.57993
Week 4,21 Jul 2009,0.57551,0.57781

Week 1,28 Jul 2009,0.57515,0.57705
Week 2,04 Aug 2009,0.58503,0.59175
Week 3,11 Aug 2009,0.59273,0.59498
Week 4,18 Aug 2009,0.58812,0.59610

Week 1,25 Aug 2009,0.58045,0.58972
Week 2,01 Sep 2009,0.58498,0.58762
Week 3,08 Sep 2009,0.58915,0.59101
Week 4,15 Sep 2009,0.59183,0.59417

Week 1,22 Sep 2009,0.59608,0.60331
Week 2,29 Sep 2009,0.60353,0.61050
Week 3,06 Oct 2009,0.59828,0.60825
Week 4,13 Oct 2009,0.59714,0.60741

Week 1,20 Oct 2009,0.60553,0.60758
Week 2,27 Oct 2009,0.61283,0.61936
Week 3,03 Nov 2009,0.61745,0.61994
Week 4,10 Nov 2009,0.61152,0.61350

Week 1,17 Nov 2009,0.61378,0.61612
Week 2,24 Nov 2009,0.60924,0.61112
Week 3,01 Dec 2009,0.60923,0.61114
Week 4,08 Dec 2009,0.60129,0.60358

Week 1,15 Dec 2009,0.60065,0.60249
Week 2,22 Dec 2009,0.58956,0.60140
Week 3,29 Dec 2009,0.60052,0.60402
Week 4,05 Jan 2010,0.59689,0.59875

Week 1,12 Jan 2010,0.58499,0.58998
Week 2,19 Jan 2010,0.58021,0.58303
Week 3,26 Jan 2010,0.57201,0.57676
Week 4,02 Feb 2010,0.57008,0.57306

Week 1,09 Feb 2010,0.56687,0.57293
Week 2,16 Feb 2010,0.56820,0.57319
Week 3,23 Feb 2010,0.57611,0.58145
Week 4,02 Mar 2010,0.57329,0.58368

Week 1,09 Mar 2010,0.57649,0.57895
Week 2,16 Mar 2010,0.56899,0.57187
Week 3,23 Mar 2010,0.56125,0.57238
Week 4,30 Mar 2010,0.56741,0.57086

Week 1,06 Apr 2010,0.56523,0.57019
Week 2,13 Apr 2010,0.57096,0.57499
Week 3,20 Apr 2010,0.56927,0.57123
Week 4,27 Apr 2010,0.57576,0.58457

Week 1,04 May 2010,0.56894,0.57871
Week 2,11 May 2010,0.57189,0.57499
Week 3,18 May 2010,0.56918,0.57216
Week 4,25 May 2010,0.57313,0.57871

Week 1,01 Jun 2010,0.56891,0.57904
Week 2,08 Jun 2010,0.56723,0.56937
Week 3,15 Jun 2010,0.56942,0.57903
Week 4,22 Jun 2010,0.57846,0.58156

Week 1,29 Jun 2010,0.58472,0.59587
Week 2,06 Jul 2010,0.59090,0.59341
Week 3,13 Jul 2010,0.58481,0.59534
Week 4,20 Jul 2010,0.58505,0.59063

Week 1,27 Jul 2010,0.58460,0.58674
Week 2,03 Aug 2010,0.58151,0.58389
Week 3,10 Aug 2010,0.58719,0.58942
Week 4,17 Aug 2010,0.58652,0.59705

Week 1,24 Aug 2010,0.59578,0.60386
Week 2,31 Aug 2010,0.60066,0.60684
Week 3,07 Sep 2010,0.60053,0.60289
Week 4,14 Sep 2010,0.59529,0.60477

Week 1,21 Sep 2010,0.59656,0.59969
Week 2,28 Sep 2010,0.60089,0.60803
Week 3,05 Oct 2010,0.60204,0.60753
Week 4,12 Oct 2010,0.60349,0.61105

Week 1,19 Oct 2010,0.60644,0.60916
Week 2,26 Oct 2010,0.59848,0.60060
Week 3,02 Nov 2010,0.59459,0.59735
Week 4,09 Nov 2010,0.58765,0.58950

Week 1,16 Nov 2010,0.58972,0.59178
Week 2,23 Nov 2010,0.58853,0.59051
Week 3,30 Nov 2010,0.59282,0.59478
Week 4,07 Dec 2010,0.59360,0.59569

Week 1,14 Dec 2010,0.58829,0.59502
Week 2,21 Dec 2010,0.59401,0.59805
Week 3,28 Dec 2010,0.59553,0.60048
Week 4,04 Jan 2011,0.59320,0.59562

Week 1,11 Jan 2011,0.58774,0.59031
Week 2,18 Jan 2011,0.59010,0.59680
Week 3,25 Jan 2011,0.59380,0.59635
Week 4,01 Feb 2011,0.58982,0.59698

Week 1,08 Feb 2011,0.59265,0.59506
Week 2,15 Feb 2011,0.59028,0.59262
Week 3,22 Feb 2011,0.58921,0.59122
Week 4,01 Mar 2011,0.58751,0.58915

Week 1,08 Mar 2011,0.58580,0.58734
Week 2,15 Mar 2011,0.58799,0.58983
Week 3,22 Mar 2011,0.58864,0.59055
Week 4,29 Mar 2011,0.59232,0.59369

Week 1,05 Apr 2011,0.60016,0.60218
Week 2,12 Apr 2011,0.60670,0.60842
Week 3,19 Apr 2011,0.60708,0.60917
Week 4,26 Apr 2011,0.60388,0.60560

Week 1,03 May 2011,0.59901,0.60082
Week 2,10 May 2011,0.59299,0.59435
Week 3,17 May 2011,0.59871,0.60058
Week 4,24 May 2011,0.60318,0.60486

Week 1,31 May 2011,0.61549,0.61730
Week 2,07 Jun 2011,0.61561,0.61765
Week 3,14 Jun 2011,0.61196,0.61408
Week 4,21 Jun 2011,0.61379,0.61532

Week 1,28 Jun 2011,0.61707,0.61955
Week 2,05 Jul 2011,0.61497,0.61679
Week 3,12 Jul 2011,0.60878,0.61086
Week 4,19 Jul 2011,0.60744,0.60880

Week 1,26 Jul 2011,0.61184,0.61329
Week 2,02 Aug 2011,0.61321,0.61601
Week 3,09 Aug 2011,0.61033,0.61298
Week 4,16 Aug 2011,0.61612,0.61911

Week 1,23 Aug 2011,0.61308,0.61505
Week 2,30 Aug 2011,0.60819,0.60990
Week 3,06 Sep 2011,0.59560,0.59732
Week 4,13 Sep 2011,0.57713,0.57853

Week 1,20 Sep 2011,0.55207,0.55397
Week 2,27 Sep 2011,0.56385,0.56553
Week 3,04 Oct 2011,0.57240,0.57447
Week 4,11 Oct 2011,0.58112,0.58316

Week 1,18 Oct 2011,0.57263,0.57432
Week 2,25 Oct 2011,0.57723,0.57871
Week 3,01 Nov 2011,0.58389,0.58600
Week 4,08 Nov 2011,0.57894,0.58073

Week 1,15 Nov 2011,0.57640,0.57894
Week 2,22 Nov 2011,0.56269,0.56497
Week 3,29 Nov 2011,0.56018,0.56413
Week 4,06 Dec 2011,0.56322,0.56509

Week 1,13 Dec 2011,0.55713,0.55916
Week 2,20 Dec 2011,0.55179,0.55352
Week 3,27 Dec 2011,0.54660,0.54833
Week 4,03 Jan 2012,0.55115,0.55295

Week 1,10 Jan 2012,0.56496,0.56658
Week 2,17 Jan 2012,0.57135,0.57340
Week 3,24 Jan 2012,0.57377,0.57575
Week 4,31 Jan 2012,0.57603,0.57750

Week 1,07 Feb 2012,0.57846,0.58031
Week 2,14 Feb 2012,0.57985,0.58167
Week 3,21 Feb 2012,0.58164,0.58329
Week 4,28 Feb 2012,0.57678,0.57854

Week 1,06 Mar 2012,0.56210,0.56353
Week 2,13 Mar 2012,0.54987,0.55154
Week 3,20 Mar 2012,0.54619,0.54904
Week 4,27 Mar 2012,0.54617,0.54774

Week 1,03 Apr 2012,0.54381,0.54507
Week 2,10 Apr 2012,0.54446,0.54642
Week 3,17 Apr 2012,0.53196,0.53333
Week 4,24 Apr 2012,0.52278,0.52411

Week 1,01 May 2012,0.51592,0.51921
Week 2,08 May 2012,0.51199,0.51343
Week 3,15 May 2012,0.50488,0.50607
Week 4,22 May 2012,0.50501,0.50669

Week 1,29 May 2012,0.51190,0.51325
Week 2,05 Jun 2012,0.50638,0.50962
Week 3,12 Jun 2012,0.49798,0.49995
Week 4,19 Jun 2012,0.49802,0.49923

Week 1,26 Jun 2012,0.49713,0.49879
Week 2,03 Jul 2012,0.50210,0.50510
Week 3,10 Jul 2012,0.49935,0.50071
Week 4,17 Jul 2012,0.49880,0.50035

Week 1,24 Jul 2012,0.49772,0.49886
Week 2,31 Jul 2012,0.49152,0.49259
Week 3,07 Aug 2012,0.49163,0.49270
Week 4,14 Aug 2012,0.48991,0.49060

Week 1,21 Aug 2012,0.48925,0.49100
Week 2,28 Aug 2012,0.48429,0.48611
Week 3,04 Sep 2012,0.48305,0.48478
Week 4,11 Sep 2012,0.48109,0.48281

Week 1,18 Sep 2012,0.48111,0.48284
Week 2,25 Sep 2012,0.48316,0.48483
Week 3,02 Oct 2012,0.48364,0.48594
Week 4,09 Oct 2012,0.47914,0.48145

Week 1,16 Oct 2012,0.48465,0.48584
Week 2,23 Oct 2012,0.49025,0.49137
Week 3,30 Oct 2012,0.49078,0.49185
Week 4,06 Nov 2012,0.48851,0.48997

Week 1,13 Nov 2012,0.48363,0.48496
Week 2,20 Nov 2012,0.47641,0.47781
Week 3,27 Nov 2012,0.47172,0.47280
Week 4,04 Dec 2012,0.47251,0.47354

Week 1,11 Dec 2012,0.47320,0.47422
Week 2,18 Dec 2012,0.47377,0.47701
Week 3,25 Dec 2012,0.48212,0.48314
Week 4,01 Jan 2013,0.48362,0.48478

Week 1,08 Jan 2013,0.48392,0.48509
Week 2,15 Jan 2013,0.48341,0.48527
Week 3,22 Jan 2013,0.49030,0.49160
Week 4,29 Jan 2013,0.50096,0.50320

Week 1,05 Feb 2013,0.50376,0.50501
Week 2,12 Feb 2013,0.50998,0.51119
Week 3,19 Feb 2013,0.51580,0.51780
Week 4,26 Feb 2013,0.51762,0.51965

Week 1,05 Mar 2013,0.52393,0.52517
Week 2,12 Mar 2013,0.51891,0.52035
Week 3,19 Mar 2013,0.51189,0.51359
Week 4,26 Mar 2013,0.50386,0.50567

Week 1,02 Apr 2013,0.50415,0.50589
Week 2,09 Apr 2013,0.51124,0.51428
Week 3,16 Apr 2013,0.51106,0.51312
Week 4,23 Apr 2013,0.50780,0.50975

Week 1,30 Apr 2013,0.50214,0.50393
Week 2,07 May 2013,0.49982,0.50144
Week 3,14 May 2013,0.50289,0.50527
Week 4,21 May 2013,0.50293,0.50566

Week 1,28 May 2013,0.49252,0.49501
Week 2,04 Jun 2013,0.48097,0.48367
Week 3,11 Jun 2013,0.47462,0.47692
Week 4,18 Jun 2013,0.46562,0.46769

Week 1,25 Jun 2013,0.47210,0.47511
Week 2,02 Jul 2013,0.46788,0.46970
Week 3,09 Jul 2013,0.46122,0.46291
Week 4,16 Jul 2013,0.46362,0.46510

Week 1,23 Jul 2013,0.45840,0.46038
Week 2,30 Jul 2013,0.45167,0.45365
Week 3,06 Aug 2013,0.45139,0.45275
Week 4,13 Aug 2013,0.44151,0.44301

Week 1,20 Aug 2013,0.43299,0.43518
Week 2,27 Aug 2013,0.44270,0.44425
Week 3,03 Sep 2013,0.44564,0.44741
Week 4,10 Sep 2013,0.45221,0.45463

Week 1,17 Sep 2013,0.46039,0.46208
Week 2,24 Sep 2013,0.46139,0.46352
Week 3,01 Oct 2013,0.46464,0.46695
Week 4,08 Oct 2013,0.47055,0.47354

Week 1,15 Oct 2013,0.47394,0.47581
Week 2,22 Oct 2013,0.47426,0.47622
Week 3,29 Oct 2013,0.47063,0.47227
Week 4,05 Nov 2013,0.45560,0.45795

Week 1,12 Nov 2013,0.44966,0.45116
Week 2,19 Nov 2013,0.45864,0.45994
Week 3,26 Nov 2013,0.45632,0.45795
Week 4,03 Dec 2013,0.45197,0.45348

Week 1,10 Dec 2013,0.45476,0.45706
Week 2,17 Dec 2013,0.45150,0.45310
Week 3,24 Dec 2013,0.45156,0.45359
Week 4,31 Dec 2013,0.44768,0.45032

Week 1,07 Jan 2014,0.45416,0.45582
Week 2,14 Jan 2014,0.46351,0.46547
Week 3,21 Jan 2014,0.46339,0.46546
Week 4,28 Jan 2014,0.45923,0.46118

Week 1,04 Feb 2014,0.46028,0.46234
Week 2,11 Feb 2014,0.45741,0.45970
Week 3,18 Feb 2014,0.46460,0.46652
Week 4,25 Feb 2014,0.47335,0.47509

Week 1,04 Mar 2014,0.47294,0.47459
Week 2,11 Mar 2014,0.47114,0.47309
Week 3,18 Mar 2014,0.47721,0.47973
Week 4,25 Mar 2014,0.48456,0.48647

Week 1,01 Apr 2014,0.48549,0.48796
Week 2,08 Apr 2014,0.49420,0.49623
Week 3,15 Apr 2014,0.49220,0.49413
Week 4,22 Apr 2014,0.49288,0.49460

Week 1,29 Apr 2014,0.49183,0.49372
Week 2,06 May 2014,0.48990,0.49175
Week 3,13 May 2014,0.49058,0.49246
Week 4,20 May 2014,0.49055,0.49224

Week 1,27 May 2014,0.48512,0.48677
Week 2,03 Jun 2014,0.48183,0.48365
Week 3,10 Jun 2014,0.48698,0.48882
Week 4,17 Jun 2014,0.48334,0.48494

Week 1,24 Jun 2014,0.48375,0.48518
Week 2,01 Jul 2014,0.48097,0.48275
Week 3,08 Jul 2014,0.48065,0.48263
Week 4,15 Jul 2014,0.48103,0.48311

Week 1,22 Jul 2014,0.48342,0.48538
Week 2,29 Jul 2014,0.48353,0.48536
Week 3,05 Aug 2014,0.47957,0.48156
Week 4,12 Aug 2014,0.47975,0.48160

Week 1,19 Aug 2014,0.48160,0.48371
Week 2,26 Aug 2014,0.48160,0.48462
Week 3,02 Sep 2014,0.48394,0.48756
Week 4,09 Sep 2014,0.47998,0.48327

Week 1,16 Sep 2014,0.46584,0.46758
Week 2,23 Sep 2014,0.45839,0.46126
Week 3,30 Sep 2014,0.45398,0.45564
Week 4,07 Oct 2014,0.46195,0.46473

Week 1,14 Oct 2014,0.46258,0.46427
Week 2,21 Oct 2014,0.45466,0.45597
Week 3,28 Oct 2014,0.45470,0.45639
Week 4,04 Nov 2014,0.44760,0.45085

Week 1,11 Nov 2014,0.43873,0.44078
Week 2,18 Nov 2014,0.43962,0.44081
Week 3,25 Nov 2014,0.44525,0.44831
Week 4,02 Dec 2014,0.44162,0.44285

Week 1,09 Dec 2014,0.43764,0.43898
Week 2,16 Dec 2014,0.43247,0.43362
Week 3,23 Dec 2014,0.43264,0.43391
Week 4,30 Dec 2014,0.43479,0.43624

Week 1,06 Jan 2015,0.44163,0.44307
Week 2,13 Jan 2015,0.45193,0.45351
Week 3,20 Jan 2015,0.47013,0.47174
Week 4,27 Jan 2015,0.47919,0.48086

Week 1,03 Feb 2015,0.45659,0.45801
Week 2,10 Feb 2015,0.44204,0.44361
Week 3,17 Feb 2015,0.43701,0.43819
Week 4,24 Feb 2015,0.43599,0.43746

Week 1,03 Mar 2015,0.42040,0.42168
Week 2,10 Mar 2015,0.40116,0.40230
Week 3,17 Mar 2015,0.39000,0.39097
Week 4,24 Mar 2015,0.39181,0.39293

Week 1,31 Mar 2015,0.39650,0.39780
Week 2,07 Apr 2015,0.40525,0.40654
Week 3,14 Apr 2015,0.40381,0.40511
Week 4,21 Apr 2015,0.40671,0.40783

Week 1,28 Apr 2015,0.40629,0.40754
Week 2,05 May 2015,0.39892,0.40001
Week 3,12 May 2015,0.39864,0.39965
Week 4,19 May 2015,0.40057,0.40165

Week 1,26 May 2015,0.39350,0.39481
Week 2,02 Jun 2015,0.39513,0.39620
Week 3,09 Jun 2015,0.39565,0.39657
Week 4,16 Jun 2015,0.39652,0.39755

Week 1,23 Jun 2015,0.39611,0.39728
Week 2,30 Jun 2015,0.39931,0.40079
Week 3,07 Jul 2015,0.39816,0.39942
Week 4,14 Jul 2015,0.40699,0.40793

Week 1,21 Jul 2015,0.39855,0.39941
Week 2,28 Jul 2015,0.38482,0.38580
Week 3,04 Aug 2015,0.37648,0.37725
Week 4,11 Aug 2015,0.37472,0.37566

Week 1,18 Aug 2015,0.37612,0.37706
Week 2,25 Aug 2015,0.37027,0.37114
Week 3,01 Sep 2015,0.35369,0.35464
Week 4,08 Sep 2015,0.34455,0.34548

Week 1,15 Sep 2015,0.33982,0.34060
Week 2,22 Sep 2015,0.32857,0.32951
Week 3,29 Sep 2015,0.33227,0.33304
Week 4,06 Oct 2015,0.33930,0.34006

Week 1,13 Oct 2015,0.33637,0.33719
Week 2,20 Oct 2015,0.33474,0.33554
Week 3,27 Oct 2015,0.33833,0.33911
Week 4,03 Nov 2015,0.34688,0.34759

Week 1,10 Nov 2015,0.34893,0.34957
Week 2,17 Nov 2015,0.35370,0.35450
Week 3,24 Nov 2015,0.35380,0.35471
Week 4,01 Dec 2015,0.35083,0.35173

Week 1,08 Dec 2015,0.35717,0.35777
Week 2,15 Dec 2015,0.35312,0.35382
Week 3,22 Dec 2015,0.34977,0.35047
Week 4,29 Dec 2015,0.35205,0.35273

Week 1,05 Jan 2016,0.34897,0.34967
Week 2,12 Jan 2016,0.35577,0.35643
Week 3,19 Jan 2016,0.35091,0.35168
Week 4,26 Jan 2016,0.34689,0.34757

Week 1,02 Feb 2016,0.35326,0.35406
Week 2,09 Feb 2016,0.35150,0.35234
Week 3,16 Feb 2016,0.34246,0.34318
Week 4,23 Feb 2016,0.34302,0.34367

Week 1,01 Mar 2016,0.34695,0.34775
Week 2,08 Mar 2016,0.36099,0.36174
Week 3,15 Mar 2016,0.35827,0.35913
Week 4,22 Mar 2016,0.36006,0.36107

Week 1,29 Mar 2016,0.36191,0.36272
Week 2,05 Apr 2016,0.35997,0.36081
Week 3,12 Apr 2016,0.36483,0.36558
Week 4,19 Apr 2016,0.35722,0.35813

Week 1,26 Apr 2016,0.35954,0.36042
Week 2,03 May 2016,0.36295,0.36374
Week 3,10 May 2016,0.36861,0.36949
Week 4,17 May 2016,0.36735,0.36831

Week 1,24 May 2016,0.36380,0.36468
Week 2,31 May 2016,0.36449,0.36539
Week 3,07 Jun 2016,0.37176,0.37258
Week 4,14 Jun 2016,0.37275,0.37372

Week 1,21 Jun 2016,0.38055,0.38151
Week 2,28 Jun 2016,0.39565,0.39657
Week 3,05 Jul 2016,0.39271,0.39366
Week 4,12 Jul 2016,0.39553,0.39666

Week 1,19 Jul 2016,0.39988,0.40098
Week 2,26 Jul 2016,0.40143,0.40248
Week 3,02 Aug 2016,0.40691,0.40791
Week 4,09 Aug 2016,0.41192,0.41286

Week 1,16 Aug 2016,0.40087,0.40173
Week 2,23 Aug 2016,0.39996,0.40071
Week 3,30 Aug 2016,0.40142,0.40204
Week 4,06 Sep 2016,0.39939,0.39991

Week 1,13 Sep 2016,0.39983,0.40049
Week 2,20 Sep 2016,0.40513,0.40573
Week 3,27 Sep 2016,0.40504,0.40559
Week 4,04 Oct 2016,0.40884,0.40955

Week 1,11 Oct 2016,0.41185,0.41246
Week 2,18 Oct 2016,0.41640,0.41702
Week 3,25 Oct 2016,0.42311,0.42374
Week 4,01 Nov 2016,0.41399,0.41458

Week 1,08 Nov 2016,0.40772,0.40850
Week 2,15 Nov 2016,0.39509,0.39567
Week 3,22 Nov 2016,0.39617,0.39672
Week 4,29 Nov 2016,0.38744,0.38811

Week 1,06 Dec 2016,0.38884,0.38940
Week 2,13 Dec 2016,0.39306,0.39358
Week 3,20 Dec 2016,0.40513,0.40578
Week 4,27 Dec 2016,0.41318,0.41385

Week 1,03 Jan 2017,0.41139,0.41206
Week 2,10 Jan 2017,0.41058,0.41121
Week 3,17 Jan 2017,0.41267,0.41335
Week 4,24 Jan 2017,0.41604,0.41683

Week 1,31 Jan 2017,0.41692,0.41765
Week 2,07 Feb 2017,0.42004,0.42073
Week 3,14 Feb 2017,0.42234,0.42299
Week 4,21 Feb 2017,0.42400,0.42460

Week 1,28 Feb 2017,0.42672,0.42743
Week 2,07 Mar 2017,0.42759,0.42817
Week 3,14 Mar 2017,0.42822,0.42890
Week 4,21 Mar 2017,0.43052,0.43111

Week 1,28 Mar 2017,0.42623,0.42682
Week 2,04 Apr 2017,0.42824,0.42887
Week 3,11 Apr 2017,0.42395,0.42449
Week 4,18 Apr 2017,0.42814,0.42889

Week 1,25 Apr 2017,0.42933,0.43001
Week 2,02 May 2017,0.43110,0.43184
Week 3,09 May 2017,0.43358,0.43428
Week 4,16 May 2017,0.42500,0.42556

Week 1,23 May 2017,0.41205,0.41265
Week 2,30 May 2017,0.41467,0.41518
Week 3,06 Jun 2017,0.41088,0.41143
Week 4,13 Jun 2017,0.40279,0.40323

Week 1,20 Jun 2017,0.39834,0.39923
Week 2,27 Jun 2017,0.39555,0.39613
Week 3,04 Jul 2017,0.39244,0.39304
Week 4,11 Jul 2017,0.39650,0.39698

Week 1,18 Jul 2017,0.39928,0.39981
Week 2,25 Jul 2017,0.39648,0.39696
Week 3,01 Aug 2017,0.40198,0.40258
Week 4,08 Aug 2017,0.40135,0.40193

Week 1,15 Aug 2017,0.39940,0.39987
Week 2,22 Aug 2017,0.39692,0.39743
Week 3,29 Aug 2017,0.39551,0.39603
Week 4,05 Sep 2017,0.39349,0.39399

Week 1,12 Sep 2017,0.39017,0.39083
Week 2,19 Sep 2017,0.39285,0.39335
Week 3,26 Sep 2017,0.39198,0.39256
Week 4,03 Oct 2017,0.39692,0.39754

Week 1,10 Oct 2017,0.39450,0.39498
Week 2,17 Oct 2017,0.39486,0.39540
Week 3,24 Oct 2017,0.39330,0.39379
Week 4,31 Oct 2017,0.39013,0.39067

Week 1,07 Nov 2017,0.38861,0.38918
Week 2,14 Nov 2017,0.38840,0.38892
Week 3,21 Nov 2017,0.39298,0.39349
Week 4,28 Nov 2017,0.39350,0.39406

Week 1,05 Dec 2017,0.39126,0.39164

