BRZ->IDR

Week 1,01 Dec 1998,6207.00000,6281.58857
Week 2,08 Dec 1998,6163.58857,6225.36286
Week 3,15 Dec 1998,6377.17429,6457.96571
Week 4,22 Dec 1998,6410.77714,6522.34714

Week 1,29 Dec 1998,6542.12286,6619.55714
Week 2,05 Jan 1999,6534.17429,6614.94286
Week 3,12 Jan 1999,6080.79000,6188.85000
Week 4,19 Jan 1999,5292.33286,5402.26000

Week 1,26 Jan 1999,4505.90714,4630.63000
Week 2,02 Feb 1999,4743.16571,4844.64143
Week 3,09 Feb 1999,4505.81714,4595.02571
Week 4,16 Feb 1999,4533.29571,4619.06429

Week 1,23 Feb 1999,4308.90143,4368.98714
Week 2,02 Mar 1999,4305.14143,4369.84286
Week 3,09 Mar 1999,4780.57857,4834.11143
Week 4,16 Mar 1999,4766.01714,4827.15143

Week 1,23 Mar 1999,4903.49429,4958.07429
Week 2,30 Mar 1999,4967.48143,5058.41857
Week 3,06 Apr 1999,5058.94143,5116.75143
Week 4,13 Apr 1999,5151.35429,5214.08000

Week 1,20 Apr 1999,5030.12714,5093.26714
Week 2,27 Apr 1999,4913.37571,4963.40143
Week 3,04 May 1999,4743.02857,4776.33286
Week 4,11 May 1999,4722.80429,4765.60286

Week 1,18 May 1999,4768.26571,4822.61571
Week 2,25 May 1999,4668.50714,4705.99286
Week 3,01 Jun 1999,4676.30000,4700.35000
Week 4,08 Jun 1999,4447.03857,4483.39143

Week 1,15 Jun 1999,4109.14429,4148.88000
Week 2,22 Jun 1999,3781.98000,3816.23429
Week 3,29 Jun 1999,3825.13000,3857.23857
Week 4,06 Jul 1999,3710.75571,3739.17714

Week 1,13 Jul 1999,3694.83286,3722.11571
Week 2,20 Jul 1999,3775.58571,3799.79143
Week 3,27 Jul 1999,3817.60000,3838.06714
Week 4,03 Aug 1999,3770.00714,3789.82286

Week 1,10 Aug 1999,4081.11000,4110.78286
Week 2,17 Aug 1999,3925.69571,3962.67857
Week 3,24 Aug 1999,3937.22571,3973.99286
Week 4,31 Aug 1999,4039.03143,4071.95571

Week 1,07 Sep 1999,4349.73429,4398.45000
Week 2,14 Sep 1999,4327.43429,4366.91714
Week 3,21 Sep 1999,4479.74286,4514.09000
Week 4,28 Sep 1999,4198.96143,4238.10714

Week 1,05 Oct 1999,3984.93143,4020.20714
Week 2,12 Oct 1999,4061.62714,4111.29857
Week 3,19 Oct 1999,3499.73286,3552.69857
Week 4,26 Oct 1999,3458.80143,3491.72571

Week 1,02 Nov 1999,3495.28429,3527.37429
Week 2,09 Nov 1999,3611.80000,3639.50571
Week 3,16 Nov 1999,3615.12714,3639.94571
Week 4,23 Nov 1999,3713.04571,3734.76571

Week 1,30 Nov 1999,3778.59000,3796.15000
Week 2,07 Dec 1999,3856.88714,3877.53429
Week 3,14 Dec 1999,3879.27857,3908.87000
Week 4,21 Dec 1999,3838.65286,3864.38714

Week 1,28 Dec 1999,3863.98857,3923.84429
Week 2,04 Jan 2000,3886.46143,3920.33857
Week 3,11 Jan 2000,3964.03714,3995.68429
Week 4,18 Jan 2000,4087.67000,4121.39571

Week 1,25 Jan 2000,4135.80857,4173.85857
Week 2,01 Feb 2000,4236.93857,4270.53286
Week 3,08 Feb 2000,4132.51286,4156.03714
Week 4,15 Feb 2000,4143.27000,4168.15714

Week 1,22 Feb 2000,4169.50000,4190.58286
Week 2,29 Feb 2000,4228.36286,4252.57143
Week 3,07 Mar 2000,4229.96571,4253.47429
Week 4,14 Mar 2000,4272.17429,4299.38714

Week 1,21 Mar 2000,4293.91143,4312.63429
Week 2,28 Mar 2000,4336.02143,4356.91143
Week 3,04 Apr 2000,4410.46857,4434.38571
Week 4,11 Apr 2000,4303.77714,4330.58286

Week 1,18 Apr 2000,4421.12286,4450.01143
Week 2,25 Apr 2000,4389.77143,4419.41857
Week 3,02 May 2000,4409.94429,4435.18571
Week 4,09 May 2000,4516.08143,4553.09714

Week 1,16 May 2000,4610.27714,4641.85429
Week 2,23 May 2000,4582.87286,4611.56000
Week 3,30 May 2000,4654.17429,4682.90000
Week 4,06 Jun 2000,4762.73286,4788.28857

Week 1,13 Jun 2000,4734.44857,4759.65429
Week 2,20 Jun 2000,4762.13571,4788.10000
Week 3,27 Jun 2000,4800.35000,4822.27286
Week 4,04 Jul 2000,5092.56857,5123.12714

Week 1,11 Jul 2000,5217.10714,5244.56714
Week 2,18 Jul 2000,5014.68000,5045.23571
Week 3,25 Jul 2000,5012.03286,5044.88714
Week 4,01 Aug 2000,4862.39571,4893.46857

Week 1,08 Aug 2000,4688.80714,4715.34429
Week 2,15 Aug 2000,4585.19143,4607.28429
Week 3,22 Aug 2000,4551.85714,4580.79429
Week 4,29 Aug 2000,4548.88000,4571.30000

Week 1,05 Sep 2000,4584.87143,4606.90714
Week 2,12 Sep 2000,4717.12857,4747.04429
Week 3,19 Sep 2000,4726.28143,4753.76143
Week 4,26 Sep 2000,4779.66571,4805.20571

Week 1,03 Oct 2000,4734.40857,4761.11571
Week 2,10 Oct 2000,4760.87714,4783.27714
Week 3,17 Oct 2000,4736.95143,4755.35143
Week 4,24 Oct 2000,4706.09714,4732.65000

Week 1,31 Oct 2000,4776.59286,4810.42714
Week 2,07 Nov 2000,4708.23714,4734.77857
Week 3,14 Nov 2000,4795.34571,4818.82714
Week 4,21 Nov 2000,4853.20857,4877.63714

Week 1,28 Nov 2000,4803.98571,4830.01857
Week 2,05 Dec 2000,4828.22714,4866.23000
Week 3,12 Dec 2000,4766.26429,4792.27286
Week 4,19 Dec 2000,4734.46143,4764.15143

Week 1,26 Dec 2000,4859.88143,4912.77857
Week 2,02 Jan 2001,4881.00857,4906.96143
Week 3,09 Jan 2001,4898.63143,4921.30714
Week 4,16 Jan 2001,4804.01143,4865.48429

Week 1,23 Jan 2001,4767.48000,4810.21857
Week 2,30 Jan 2001,4771.12857,4819.94286
Week 3,06 Feb 2001,4800.41714,4852.79286
Week 4,13 Feb 2001,4799.71857,4854.37429

Week 1,20 Feb 2001,4733.48429,4772.37286
Week 2,27 Feb 2001,4820.90000,4876.27429
Week 3,06 Mar 2001,4886.39714,4922.94714
Week 4,13 Mar 2001,4838.71857,4919.68857

Week 1,20 Mar 2001,4825.76714,4845.99143
Week 2,27 Mar 2001,4847.78286,4880.50000
Week 3,03 Apr 2001,4918.37571,4938.48571
Week 4,10 Apr 2001,4934.02857,4954.79857

Week 1,17 Apr 2001,5056.89429,5096.76286
Week 2,24 Apr 2001,5293.05286,5352.34286
Week 3,01 May 2001,5010.77714,5059.49857
Week 4,08 May 2001,4911.66286,4939.49429

Week 1,15 May 2001,4908.78000,4929.57714
Week 2,22 May 2001,4886.70000,4903.12143
Week 3,29 May 2001,4802.53286,4837.29429
Week 4,05 Jun 2001,4730.67857,4750.96714

Week 1,12 Jun 2001,4656.81857,4672.95143
Week 2,19 Jun 2001,4758.01429,4770.92143
Week 3,26 Jun 2001,4917.36714,4926.93857
Week 4,03 Jul 2001,4703.07857,4714.56429

Week 1,10 Jul 2001,4472.96286,4483.16429
Week 2,17 Jul 2001,4504.31857,4513.51714
Week 3,24 Jul 2001,4067.13571,4117.48571
Week 4,31 Jul 2001,3845.52714,3876.97714

Week 1,07 Aug 2001,3730.61286,3749.69571
Week 2,14 Aug 2001,3449.85429,3474.86000
Week 3,21 Aug 2001,3397.84571,3413.88286
Week 4,28 Aug 2001,3481.60714,3500.03000

Week 1,04 Sep 2001,3509.15286,3531.09429
Week 2,11 Sep 2001,3412.56714,3416.20857
Week 3,18 Sep 2001,3373.23714,3581.45571
Week 4,25 Sep 2001,3413.03571,3716.56286

Week 1,02 Oct 2001,3521.98571,3810.33714
Week 2,09 Oct 2001,3483.15286,3729.59286
Week 3,16 Oct 2001,3530.21143,3778.21143
Week 4,23 Oct 2001,3624.24143,3880.51857

Week 1,30 Oct 2001,3766.71143,4039.95714
Week 2,06 Nov 2001,3919.39143,4234.63429
Week 3,13 Nov 2001,4028.58143,4349.40143
Week 4,20 Nov 2001,4024.41429,4294.44429

Week 1,27 Nov 2001,3978.41143,4356.37571
Week 2,04 Dec 2001,4118.55286,4453.84286
Week 3,11 Dec 2001,4121.09714,4460.44571
Week 4,18 Dec 2001,4179.26714,4531.70143

Week 1,25 Dec 2001,4286.82000,4653.59857
Week 2,01 Jan 2002,4343.61000,4721.27857
Week 3,08 Jan 2002,4190.35571,4524.84857
Week 4,15 Jan 2002,4195.83429,4535.43714

Week 1,22 Jan 2002,4195.35000,4548.78000
Week 2,29 Jan 2002,4111.89857,4450.40714
Week 3,05 Feb 2002,4063.34143,4406.66429
Week 4,12 Feb 2002,4030.94571,4354.78714

Week 1,19 Feb 2002,4042.70857,4396.93000
Week 2,26 Feb 2002,4095.66714,4448.03857
Week 3,05 Mar 2002,4086.85429,4427.21714
Week 4,12 Mar 2002,4088.28000,4437.03571

Week 1,19 Mar 2002,4056.22000,4392.62714
Week 2,26 Mar 2002,4054.99429,4314.96857
Week 3,02 Apr 2002,4114.40286,4275.99143
Week 4,09 Apr 2002,4113.22714,4276.16571

Week 1,16 Apr 2002,3948.86286,4141.22857
Week 2,23 Apr 2002,3892.20857,4035.19857
Week 3,30 Apr 2002,3836.55429,3994.46857
Week 4,07 May 2002,3692.69714,3879.99143

Week 1,14 May 2002,3596.70429,3775.37143
Week 2,21 May 2002,3464.71000,3724.55714
Week 3,28 May 2002,3484.49000,3498.86857
Week 4,04 Jun 2002,3359.80429,3394.14429

Week 1,11 Jun 2002,3148.28000,3284.03143
Week 2,18 Jun 2002,3124.42714,3132.73571
Week 3,25 Jun 2002,3043.17714,3104.17143
Week 4,02 Jul 2002,3023.48000,3160.05429

Week 1,09 Jul 2002,3149.52714,3240.01857
Week 2,16 Jul 2002,3052.35429,3161.41714
Week 3,23 Jul 2002,3026.89714,3093.24857
Week 4,30 Jul 2002,2784.10429,2895.11429

Week 1,06 Aug 2002,2959.11000,3026.65429
Week 2,13 Aug 2002,2786.08714,2813.99000
Week 3,20 Aug 2002,2807.10286,2882.72429
Week 4,27 Aug 2002,2836.77286,2910.82714

Week 1,03 Sep 2002,2815.18429,2859.65286
Week 2,10 Sep 2002,2809.77714,2907.89857
Week 3,17 Sep 2002,2644.31000,2710.70000
Week 4,24 Sep 2002,2399.87000,2450.93286

Week 1,01 Oct 2002,2401.99286,2489.50714
Week 2,08 Oct 2002,2289.40286,2384.67571
Week 3,15 Oct 2002,2375.49857,2419.63429
Week 4,22 Oct 2002,2352.24714,2438.26571

Week 1,29 Oct 2002,2454.89429,2550.64571
Week 2,05 Nov 2002,2545.44857,2609.03571
Week 3,12 Nov 2002,2451.26000,2517.58000
Week 4,19 Nov 2002,2507.29286,2579.56429

Week 1,26 Nov 2002,2467.23286,2520.29714
Week 2,03 Dec 2002,2377.57429,2428.06000
Week 3,10 Dec 2002,2337.62714,2388.97000
Week 4,17 Dec 2002,2508.25429,2565.75286

Week 1,24 Dec 2002,2492.11714,2543.23571
Week 2,31 Dec 2002,2511.83000,2570.41429
Week 3,07 Jan 2003,2653.07714,2730.27429
Week 4,14 Jan 2003,2649.74857,2706.96857

Week 1,21 Jan 2003,2491.87571,2550.09000
Week 2,28 Jan 2003,2463.68143,2515.04429
Week 3,04 Feb 2003,2447.85571,2510.92429
Week 4,11 Feb 2003,2438.37000,2488.40571

Week 1,18 Feb 2003,2429.24143,2506.83286
Week 2,25 Feb 2003,2478.68429,2499.37143
Week 3,04 Mar 2003,2484.75000,2550.20571
Week 4,11 Mar 2003,2542.27429,2625.74143

Week 1,18 Mar 2003,2572.37286,2632.45000
Week 2,25 Mar 2003,2586.91857,2659.02429
Week 3,01 Apr 2003,2651.26714,2763.02000
Week 4,08 Apr 2003,2711.53143,2820.48143

Week 1,15 Apr 2003,2728.51714,2879.68857
Week 2,22 Apr 2003,2804.91143,2944.13143
Week 3,29 Apr 2003,2873.19857,3035.57857
Week 4,06 May 2003,2823.31571,2967.46000

Week 1,13 May 2003,2818.92857,2961.65429
Week 2,20 May 2003,2718.56571,2859.63000
Week 3,27 May 2003,2713.08429,2846.60857
Week 4,03 Jun 2003,2756.51000,2905.83286

Week 1,10 Jun 2003,2789.01857,2967.97286
Week 2,17 Jun 2003,2783.58714,2932.52571
Week 3,24 Jun 2003,2789.35857,2934.96571
Week 4,01 Jul 2003,2823.87000,2983.63143

Week 1,08 Jul 2003,2755.22571,2962.39714
Week 2,15 Jul 2003,2786.23000,2984.30429
Week 3,22 Jul 2003,2859.92857,3021.91429
Week 4,29 Jul 2003,2801.61429,3007.31857

Week 1,05 Aug 2003,2770.48571,2934.43143
Week 2,12 Aug 2003,2770.49429,2908.84143
Week 3,19 Aug 2003,2748.21000,2888.89571
Week 4,26 Aug 2003,2789.11286,2935.18714

Week 1,02 Sep 2003,2831.14857,2935.24714
Week 2,09 Sep 2003,2877.53857,2934.06000
Week 3,16 Sep 2003,2904.50714,2922.49143
Week 4,23 Sep 2003,2882.11286,2887.11000

Week 1,30 Sep 2003,2893.47000,2900.19857
Week 2,07 Oct 2003,2943.83429,2950.76143
Week 3,14 Oct 2003,2951.23143,2957.71429
Week 4,21 Oct 2003,2961.14429,2966.77429

Week 1,28 Oct 2003,2983.86286,2989.27571
Week 2,04 Nov 2003,2962.74714,2968.58857
Week 3,11 Nov 2003,2897.03286,2902.96286
Week 4,18 Nov 2003,2894.32143,2903.83571

Week 1,25 Nov 2003,2890.13143,2897.23000
Week 2,02 Dec 2003,2891.17143,2896.11571
Week 3,09 Dec 2003,2882.55714,2888.04286
Week 4,16 Dec 2003,2894.89429,2899.24286

Week 1,23 Dec 2003,2921.44429,2927.08429
Week 2,30 Dec 2003,2921.03857,2930.03429
Week 3,06 Jan 2004,2931.27286,2939.03571
Week 4,13 Jan 2004,2966.28714,2972.54143

Week 1,20 Jan 2004,2957.46286,2963.82714
Week 2,27 Jan 2004,2904.51143,2909.81000
Week 3,03 Feb 2004,2886.16286,2891.09857
Week 4,10 Feb 2004,2889.80429,2895.24429

Week 1,17 Feb 2004,2868.36571,2873.31143
Week 2,24 Feb 2004,2880.09714,2886.35857
Week 3,02 Mar 2004,2968.36429,2973.60857
Week 4,09 Mar 2004,2975.13571,2981.27000

Week 1,16 Mar 2004,2958.50571,2963.43000
Week 2,23 Mar 2004,2940.82714,2945.63857
Week 3,30 Mar 2004,2970.15857,2975.70571
Week 4,06 Apr 2004,2979.67000,2985.22714

Week 1,13 Apr 2004,2965.72857,2970.93571
Week 2,20 Apr 2004,2957.32286,2962.33286
Week 3,27 Apr 2004,2949.75143,2987.09143
Week 4,04 May 2004,2900.87714,2914.42000

Week 1,11 May 2004,2891.15571,2898.09714
Week 2,18 May 2004,2851.96714,2859.20571
Week 3,25 May 2004,2955.67857,2964.28857
Week 4,01 Jun 2004,2989.87143,2997.77857

Week 1,08 Jun 2004,2981.48000,2992.16571
Week 2,15 Jun 2004,2990.14000,2999.29143
Week 3,22 Jun 2004,3017.36857,3024.77143
Week 4,29 Jun 2004,3014.28429,3022.62143

Week 1,06 Jul 2004,2948.32429,2956.15429
Week 2,13 Jul 2004,2953.61143,2961.72714
Week 3,20 Jul 2004,2975.10571,2983.69000
Week 4,27 Jul 2004,2991.96429,3000.32143

Week 1,03 Aug 2004,3004.43714,3012.48143
Week 2,10 Aug 2004,3045.66000,3053.91000
Week 3,17 Aug 2004,3099.20571,3108.13000
Week 4,24 Aug 2004,3142.92000,3151.90000

Week 1,31 Aug 2004,3167.75857,3177.99429
Week 2,07 Sep 2004,3192.70714,3202.18857
Week 3,14 Sep 2004,3140.70143,3149.36857
Week 4,21 Sep 2004,3162.28714,3169.70286

Week 1,28 Sep 2004,3215.89714,3223.68429
Week 2,05 Oct 2004,3206.62857,3215.96571
Week 3,12 Oct 2004,3195.52143,3203.53429
Week 4,19 Oct 2004,3162.84286,3171.00143

Week 1,26 Oct 2004,3167.32571,3175.18857
Week 2,02 Nov 2004,3204.14143,3213.43857
Week 3,09 Nov 2004,3196.23571,3203.92714
Week 4,16 Nov 2004,3225.23286,3233.93143

Week 1,23 Nov 2004,3271.66429,3278.70429
Week 2,30 Nov 2004,3312.35571,3323.09429
Week 3,07 Dec 2004,3320.58000,3331.06143
Week 4,14 Dec 2004,3390.90143,3399.31000

Week 1,21 Dec 2004,3436.10857,3446.44000
Week 2,28 Dec 2004,3493.10429,3504.40571
Week 3,04 Jan 2005,3427.65429,3435.96286
Week 4,11 Jan 2005,3398.33429,3406.86143

Week 1,18 Jan 2005,3382.65286,3391.10286
Week 2,25 Jan 2005,3431.29143,3439.26857
Week 3,01 Feb 2005,3511.83714,3521.94714
Week 4,08 Feb 2005,3548.18714,3561.02000

Week 1,15 Feb 2005,3583.32714,3593.31429
Week 2,22 Feb 2005,3532.99000,3543.43143
Week 3,01 Mar 2005,3516.47429,3529.01857
Week 4,08 Mar 2005,3522.50286,3534.59857

Week 1,15 Mar 2005,3476.07714,3486.22714
Week 2,22 Mar 2005,3433.59857,3444.94286
Week 3,29 Mar 2005,3536.13571,3545.59714
Week 4,05 Apr 2005,3639.66714,3649.66714

Week 1,12 Apr 2005,3665.47571,3674.80286
Week 2,19 Apr 2005,3761.83857,3771.08857
Week 3,26 Apr 2005,3798.10000,3810.65000
Week 4,03 May 2005,3833.11143,3846.54000

Week 1,10 May 2005,3835.33714,3847.42286
Week 2,17 May 2005,3840.12571,3853.71143
Week 3,24 May 2005,3939.01714,3952.10143
Week 4,31 May 2005,3950.54714,3963.00857

Week 1,07 Jun 2005,3879.57000,3899.03143
Week 2,14 Jun 2005,3984.83286,3998.18000
Week 3,21 Jun 2005,4045.89857,4057.89000
Week 4,28 Jun 2005,4128.43000,4142.95857

Week 1,05 Jul 2005,4132.97143,4145.05000
Week 2,12 Jul 2005,4172.42857,4187.83571
Week 3,19 Jul 2005,4129.58429,4144.73000
Week 4,26 Jul 2005,4067.69000,4075.85143

Week 1,02 Aug 2005,4186.30714,4199.80571
Week 2,09 Aug 2005,4176.86286,4192.46429
Week 3,16 Aug 2005,4148.39286,4161.53286
Week 4,23 Aug 2005,4259.91286,4275.48143

Week 1,30 Aug 2005,4387.77571,4442.84571
Week 2,06 Sep 2005,4432.88429,4464.89857
Week 3,13 Sep 2005,4365.56571,4383.95286
Week 4,20 Sep 2005,4485.82429,4501.17143

Week 1,27 Sep 2005,4602.09857,4617.83000
Week 2,04 Oct 2005,4466.01571,4482.24286
Week 3,11 Oct 2005,4492.91286,4508.45000
Week 4,18 Oct 2005,4475.49714,4490.29714

Week 1,25 Oct 2005,4409.60857,4420.38857
Week 2,01 Nov 2005,4503.47000,4519.81143
Week 3,08 Nov 2005,4601.95000,4616.42857
Week 4,15 Nov 2005,4523.78429,4537.55429

Week 1,22 Nov 2005,4488.12571,4502.87571
Week 2,29 Nov 2005,4532.33571,4545.27714
Week 3,06 Dec 2005,4433.29857,4445.46714
Week 4,13 Dec 2005,4276.03571,4287.13429

Week 1,20 Dec 2005,4224.97143,4237.57286
Week 2,27 Dec 2005,4192.47429,4205.49286
Week 3,03 Jan 2006,4178.22143,4190.09571
Week 4,10 Jan 2006,4127.02714,4140.09714

Week 1,17 Jan 2006,4104.27714,4117.49286
Week 2,24 Jan 2006,4191.30571,4203.76000
Week 3,31 Jan 2006,4209.55429,4224.85429
Week 4,07 Feb 2006,4244.59857,4373.16857

Week 1,14 Feb 2006,4319.98857,4367.47000
Week 2,21 Feb 2006,4327.32429,4341.35143
Week 3,28 Feb 2006,4336.64286,4351.12143
Week 4,07 Mar 2006,4286.23857,4303.29286

Week 1,14 Mar 2006,4297.42857,4310.15714
Week 2,21 Mar 2006,4227.74000,4246.00571
Week 3,28 Mar 2006,4126.73857,4148.14857
Week 4,04 Apr 2006,4196.16571,4218.25857

Week 1,11 Apr 2006,4186.82429,4207.88429
Week 2,18 Apr 2006,4186.26286,4208.20000
Week 3,25 Apr 2006,4156.39286,4176.95000
Week 4,02 May 2006,4232.73857,4255.02857

Week 1,09 May 2006,4164.72714,4185.36429
Week 2,16 May 2006,4168.53714,4188.70429
Week 3,23 May 2006,4056.75000,4076.17571
Week 4,30 May 2006,4049.39571,4070.77857

Week 1,06 Jun 2006,4124.72714,4143.31000
Week 2,13 Jun 2006,4122.08143,4143.73143
Week 3,20 Jun 2006,4151.25429,4171.01571
Week 4,27 Jun 2006,4230.53143,4251.91714

Week 1,04 Jul 2006,4278.80429,4301.00000
Week 2,11 Jul 2006,4021.32429,4287.52143
Week 3,18 Jul 2006,4181.38571,4201.74143
Week 4,25 Jul 2006,4137.45857,4157.51429

Week 1,01 Aug 2006,4157.89000,4176.08714
Week 2,08 Aug 2006,4174.23000,4195.42429
Week 3,15 Aug 2006,4215.59429,4237.92143
Week 4,22 Aug 2006,4226.16714,4247.63857

Week 1,29 Aug 2006,4219.28000,4258.68571
Week 2,05 Sep 2006,4233.68857,4255.12000
Week 3,12 Sep 2006,4209.80286,4232.59571
Week 4,19 Sep 2006,4175.58429,4197.51286

Week 1,26 Sep 2006,4204.59714,4225.90857
Week 2,03 Oct 2006,4251.04286,4273.02571
Week 3,10 Oct 2006,4287.63143,4311.20714
Week 4,17 Oct 2006,4269.09286,4292.57857

Week 1,24 Oct 2006,4259.64857,4282.84286
Week 2,31 Oct 2006,4239.68571,4261.08857
Week 3,07 Nov 2006,4236.96286,4258.21000
Week 4,14 Nov 2006,4234.56571,4254.76857

Week 1,21 Nov 2006,4205.28571,4227.81286
Week 2,28 Nov 2006,4204.73000,4226.54571
Week 3,05 Dec 2006,4239.79286,4262.79714
Week 4,12 Dec 2006,4227.00000,4248.16143

Week 1,19 Dec 2006,4208.10857,4229.91143
Week 2,26 Dec 2006,4209.79714,4231.42571
Week 3,02 Jan 2007,4189.64714,4211.02857
Week 4,09 Jan 2007,4217.31571,4239.54143

Week 1,16 Jan 2007,4246.38286,4267.77571
Week 2,23 Jan 2007,4248.55143,4268.40286
Week 3,30 Jan 2007,4284.36571,4305.32429
Week 4,06 Feb 2007,4310.64429,4331.66714

Week 1,13 Feb 2007,4305.69429,4326.18143
Week 2,20 Feb 2007,4334.43714,4355.22000
Week 3,27 Feb 2007,4305.68571,4325.78714
Week 4,06 Mar 2007,4341.59000,4361.91000

Week 1,13 Mar 2007,4384.06857,4404.89000
Week 2,20 Mar 2007,4407.02714,4427.55429
Week 3,27 Mar 2007,4408.84000,4428.41000
Week 4,03 Apr 2007,4460.66857,4482.12857

Week 1,10 Apr 2007,4473.76286,4494.45571
Week 2,17 Apr 2007,4467.12000,4487.03571
Week 3,24 Apr 2007,4460.47429,4478.14000
Week 4,01 May 2007,4443.30714,4463.47857

Week 1,08 May 2007,4362.39429,4382.90571
Week 2,15 May 2007,4442.08429,4462.94143
Week 3,22 May 2007,4489.77286,4510.75714
Week 4,29 May 2007,4560.02000,4581.22714

Week 1,05 Jun 2007,4544.33857,4564.12000
Week 2,12 Jun 2007,4690.62000,4711.39143
Week 3,19 Jun 2007,4681.31571,4704.01000
Week 4,26 Jun 2007,4657.23000,4679.44286

Week 1,03 Jul 2007,4708.02571,4732.96857
Week 2,10 Jul 2007,4776.79000,4798.46857
Week 3,17 Jul 2007,4857.45000,4882.55286
Week 4,24 Jul 2007,4819.83857,4844.34714

Week 1,31 Jul 2007,4894.79857,4921.39143
Week 2,07 Aug 2007,4813.36857,4836.72714
Week 3,14 Aug 2007,4683.99000,4705.49857
Week 4,21 Aug 2007,4681.83571,4702.80571

Week 1,28 Aug 2007,4775.64857,4799.25000
Week 2,04 Sep 2007,4792.15571,4839.55429
Week 3,11 Sep 2007,4890.55571,4912.70286
Week 4,18 Sep 2007,4903.99857,4926.23571

Week 1,25 Sep 2007,4923.73571,4945.83143
Week 2,02 Oct 2007,4983.85857,5007.35429
Week 3,09 Oct 2007,5019.44000,5043.21429
Week 4,16 Oct 2007,4994.95857,5070.65143

Week 1,23 Oct 2007,5083.31286,5107.24857
Week 2,30 Oct 2007,5170.26571,5194.69857
Week 3,06 Nov 2007,5213.77857,5238.45857
Week 4,13 Nov 2007,5193.93286,5217.97286

Week 1,20 Nov 2007,5250.16143,5272.68143
Week 2,27 Nov 2007,5207.30571,5229.42000
Week 3,04 Dec 2007,5195.61857,5218.43571
Week 4,11 Dec 2007,5224.74714,5248.88571

Week 1,18 Dec 2007,5216.60143,5237.95286
Week 2,25 Dec 2007,5275.73714,5295.65000
Week 3,01 Jan 2008,5304.25429,5378.16714
Week 4,08 Jan 2008,5345.57857,5375.93857

Week 1,15 Jan 2008,5314.32429,5337.25000
Week 2,22 Jan 2008,5213.34571,5237.34571
Week 3,29 Jan 2008,5234.54714,5257.46714
Week 4,05 Feb 2008,5245.91000,5272.85714

Week 1,12 Feb 2008,5234.58143,5284.46143
Week 2,19 Feb 2008,5304.48286,5325.81143
Week 3,26 Feb 2008,5366.04143,5393.12857
Week 4,04 Mar 2008,5380.83000,5405.01000

Week 1,11 Mar 2008,5387.47857,5411.72286
Week 2,18 Mar 2008,5292.57714,5316.70857
Week 3,25 Mar 2008,5268.03714,5288.65000
Week 4,01 Apr 2008,5317.46429,5341.56857

Week 1,08 Apr 2008,5415.90286,5436.45571
Week 2,15 Apr 2008,5480.80714,5511.62857
Week 3,22 Apr 2008,5505.22714,5528.11571
Week 4,29 Apr 2008,5557.49714,5581.93000

Week 1,06 May 2008,5491.98714,5514.48857
Week 2,13 May 2008,5571.66286,5595.86857
Week 3,20 May 2008,5613.10000,5639.18571
Week 4,27 May 2008,5660.35571,5687.36143

Week 1,03 Jun 2008,5703.11000,5728.51571
Week 2,10 Jun 2008,5718.59143,5744.80429
Week 3,17 Jun 2008,5752.12714,5776.22000
Week 4,24 Jun 2008,5743.55571,5769.69571

Week 1,01 Jul 2008,5720.44714,5750.46714
Week 2,08 Jul 2008,5687.10143,5710.71286
Week 3,15 Jul 2008,5725.64714,5749.38857
Week 4,22 Jul 2008,5785.26429,5809.03286

Week 1,29 Jul 2008,5818.71429,5843.96000
Week 2,05 Aug 2008,5731.43143,5770.01571
Week 3,12 Aug 2008,5662.07571,5690.22000
Week 4,19 Aug 2008,5679.07571,5704.15714

Week 1,26 Aug 2008,5642.72714,5667.46000
Week 2,02 Sep 2008,5523.78286,5549.57857
Week 3,09 Sep 2008,5285.48286,5310.50143
Week 4,16 Sep 2008,5071.91000,5101.76429

Week 1,23 Sep 2008,5078.70571,5109.44286
Week 2,30 Sep 2008,4822.54857,4863.99143
Week 3,07 Oct 2008,4264.73857,4306.42714
Week 4,14 Oct 2008,4517.94571,4605.82571

Week 1,21 Oct 2008,4410.75714,4444.52429
Week 2,28 Oct 2008,4903.50571,5023.42286
Week 3,04 Nov 2008,5064.07857,5116.26000
Week 4,11 Nov 2008,4968.58429,5053.84286

Week 1,18 Nov 2008,5008.82143,5089.59571
Week 2,25 Nov 2008,5403.64143,5481.83143
Week 3,02 Dec 2008,4888.51857,4977.54571
Week 4,09 Dec 2008,4543.97429,4618.95714

Week 1,16 Dec 2008,4641.70000,4693.29000
Week 2,23 Dec 2008,4599.34571,4774.74857
Week 3,30 Dec 2008,4711.77143,4769.25143
Week 4,06 Jan 2009,4840.83000,4906.93857

Week 1,13 Jan 2009,4709.39143,4796.26714
Week 2,20 Jan 2009,4740.74286,4844.87286
Week 3,27 Jan 2009,4871.72714,4929.65000
Week 4,03 Feb 2009,5041.67000,5126.20000

Week 1,10 Feb 2009,5156.75857,5242.36429
Week 2,17 Feb 2009,5038.93429,5134.60143
Week 3,24 Feb 2009,5018.14143,5084.20429
Week 4,03 Mar 2009,5001.27143,5086.57000

Week 1,10 Mar 2009,5107.51857,5170.08143
Week 2,17 Mar 2009,5199.00286,5293.87429
Week 3,24 Mar 2009,5127.38714,5177.11143
Week 4,31 Mar 2009,5045.16143,5127.97429

Week 1,07 Apr 2009,5156.76143,5192.57143
Week 2,14 Apr 2009,5099.16714,5137.85286
Week 3,21 Apr 2009,4846.06000,4928.47429
Week 4,28 Apr 2009,4886.29714,4939.56857

Week 1,05 May 2009,4903.78571,5037.13714
Week 2,12 May 2009,4951.85143,5038.63286
Week 3,19 May 2009,5009.69000,5053.95143
Week 4,26 May 2009,5111.32571,5156.74143

Week 1,02 Jun 2009,5106.27714,5206.85286
Week 2,09 Jun 2009,5149.26429,5188.76714
Week 3,16 Jun 2009,5211.55143,5318.78429
Week 4,23 Jun 2009,5217.61714,5255.51571

Week 1,30 Jun 2009,5207.64429,5280.15000
Week 2,07 Jul 2009,5117.60000,5187.29000
Week 3,14 Jul 2009,5181.49429,5203.74714
Week 4,21 Jul 2009,5270.62857,5304.46571

Week 1,28 Jul 2009,5263.28571,5294.31000
Week 2,04 Aug 2009,5351.85000,5423.86000
Week 3,11 Aug 2009,5392.97571,5420.90429
Week 4,18 Aug 2009,5386.08000,5469.52143

Week 1,25 Aug 2009,5350.45000,5446.00143
Week 2,01 Sep 2009,5394.13571,5424.59857
Week 3,08 Sep 2009,5426.38429,5452.08286
Week 4,15 Sep 2009,5368.20429,5399.06714

Week 1,22 Sep 2009,5331.40143,5402.95857
Week 2,29 Sep 2009,5396.65714,5465.34714
Week 3,06 Oct 2009,5365.56000,5461.75143
Week 4,13 Oct 2009,5410.78000,5508.10000

Week 1,20 Oct 2009,5432.52429,5457.03286
Week 2,27 Oct 2009,5464.92857,5527.08714
Week 3,03 Nov 2009,5482.11571,5508.14000
Week 4,10 Nov 2009,5437.94571,5461.63286

Week 1,17 Nov 2009,5459.17429,5498.22000
Week 2,24 Nov 2009,5420.79000,5442.89429
Week 3,01 Dec 2009,5457.58429,5480.94000
Week 4,08 Dec 2009,5472.54429,5498.39857

Week 1,15 Dec 2009,5401.20714,5421.15429
Week 2,22 Dec 2009,5317.72000,5426.84143
Week 3,29 Dec 2009,5382.89571,5421.23000
Week 4,05 Jan 2010,5351.17857,5377.19000

Week 1,12 Jan 2010,5208.61000,5259.75286
Week 2,19 Jan 2010,5131.99857,5174.72714
Week 3,26 Jan 2010,4991.48429,5065.15857
Week 4,02 Feb 2010,5019.55286,5054.21571

Week 1,09 Feb 2010,5004.32714,5067.33143
Week 2,16 Feb 2010,5091.35286,5143.51714
Week 3,23 Feb 2010,5107.99714,5164.88857
Week 4,02 Mar 2010,5078.37143,5177.76143

Week 1,09 Mar 2010,5146.37571,5174.79000
Week 2,16 Mar 2010,5122.55429,5154.75571
Week 3,23 Mar 2010,5009.85143,5117.48857
Week 4,30 Mar 2010,5081.29143,5123.97143

Week 1,06 Apr 2010,5100.57143,5151.67857
Week 2,13 Apr 2010,5115.71286,5158.07714
Week 3,20 Apr 2010,5126.01143,5150.77571
Week 4,27 Apr 2010,5145.49429,5229.49000

Week 1,04 May 2010,5043.08714,5144.97286
Week 2,11 May 2010,5094.49286,5165.20714
Week 3,18 May 2010,4972.83000,5010.81714
Week 4,25 May 2010,5029.04429,5092.26000

Week 1,01 Jun 2010,5017.05286,5111.59000
Week 2,08 Jun 2010,5030.29571,5053.10714
Week 3,15 Jun 2010,5068.16143,5169.50857
Week 4,22 Jun 2010,5064.63286,5110.87143

Week 1,29 Jun 2010,5014.98571,5125.82000
Week 2,06 Jul 2010,5111.92143,5149.42714
Week 3,13 Jul 2010,5065.98714,5168.83000
Week 4,20 Jul 2010,5067.83286,5122.64571

Week 1,27 Jul 2010,5065.87857,5102.15571
Week 2,03 Aug 2010,5041.19571,5079.63143
Week 3,10 Aug 2010,5072.03000,5130.63571
Week 4,17 Aug 2010,5040.49571,5201.20571

Week 1,24 Aug 2010,5081.02286,5162.87429
Week 2,31 Aug 2010,5165.35714,5221.76286
Week 3,07 Sep 2010,5227.97571,5251.39000
Week 4,14 Sep 2010,5153.63429,5323.17857

Week 1,21 Sep 2010,5156.63143,5269.65000
Week 2,28 Sep 2010,5181.14286,5345.63714
Week 3,05 Oct 2010,5240.37286,5400.14714
Week 4,12 Oct 2010,5324.12714,5421.96286

Week 1,19 Oct 2010,5272.81143,5318.63714
Week 2,26 Oct 2010,5223.51429,5247.64286
Week 3,02 Nov 2010,5243.68143,5273.03571
Week 4,09 Nov 2010,5157.17857,5273.28429

Week 1,16 Nov 2010,5125.44571,5268.65714
Week 2,23 Nov 2010,5134.41571,5274.86000
Week 3,30 Nov 2010,5210.25857,5359.02571
Week 4,07 Dec 2010,5246.12286,5384.80857

Week 1,14 Dec 2010,5198.76000,5385.03286
Week 2,21 Dec 2010,5262.27714,5393.29714
Week 3,28 Dec 2010,5310.59286,5453.22143
Week 4,04 Jan 2011,5303.24571,5455.23857

Week 1,11 Jan 2011,5292.18143,5467.26429
Week 2,18 Jan 2011,5295.75286,5513.53857
Week 3,25 Jan 2011,5314.97143,5470.45143
Week 4,01 Feb 2011,5299.84857,5492.23571

Week 1,08 Feb 2011,5298.33000,5409.67571
Week 2,15 Feb 2011,5247.55714,5396.08000
Week 3,22 Feb 2011,5271.90143,5360.60429
Week 4,01 Mar 2011,5302.13714,5339.26571

Week 1,08 Mar 2011,5274.77000,5310.63714
Week 2,15 Mar 2011,5231.50143,5271.67714
Week 3,22 Mar 2011,5228.44143,5276.21571
Week 4,29 Mar 2011,5293.12000,5343.69000

Week 1,05 Apr 2011,5392.52857,5442.95000
Week 2,12 Apr 2011,5457.55143,5505.42857
Week 3,19 Apr 2011,5483.64714,5520.76000
Week 4,26 Apr 2011,5451.17143,5501.43286

Week 1,03 May 2011,5350.07286,5397.04286
Week 2,10 May 2011,5267.06571,5302.40143
Week 3,17 May 2011,5249.82429,5302.44857
Week 4,24 May 2011,5248.29429,5341.81857

Week 1,31 May 2011,5363.36143,5422.36857
Week 2,07 Jun 2011,5339.86286,5412.03000
Week 3,14 Jun 2011,5344.42714,5401.76286
Week 4,21 Jun 2011,5368.66286,5412.68571

Week 1,28 Jun 2011,5449.08429,5481.70571
Week 2,05 Jul 2011,5425.08571,5495.07857
Week 3,12 Jul 2011,5401.32429,5449.48143
Week 4,19 Jul 2011,5447.94429,5481.93429

Week 1,26 Jul 2011,5463.22000,5504.24571
Week 2,02 Aug 2011,5317.92857,5445.66857
Week 3,09 Aug 2011,5235.11857,5331.34571
Week 4,16 Aug 2011,5307.94714,5391.36143

Week 1,23 Aug 2011,5298.70429,5344.42714
Week 2,30 Aug 2011,5272.11429,5323.87429
Week 3,06 Sep 2011,5124.49857,5179.89571
Week 4,13 Sep 2011,5094.34429,5127.05143

Week 1,20 Sep 2011,4808.91143,4853.41000
Week 2,27 Sep 2011,4873.59857,4903.85571
Week 3,04 Oct 2011,4903.81857,4946.71000
Week 4,11 Oct 2011,5045.36143,5090.40857

Week 1,18 Oct 2011,4986.88000,5030.39286
Week 2,25 Oct 2011,5091.58857,5129.12143
Week 3,01 Nov 2011,5128.36286,5183.99429
Week 4,08 Nov 2011,5091.26714,5132.76714

Week 1,15 Nov 2011,5044.66714,5118.28000
Week 2,22 Nov 2011,4863.51571,4915.30286
Week 3,29 Nov 2011,4940.07286,5029.31714
Week 4,06 Dec 2011,5006.20857,5045.83571

Week 1,13 Dec 2011,4877.27857,4936.51286
Week 2,20 Dec 2011,4865.00857,4913.08857
Week 3,27 Dec 2011,4835.01857,4900.16143
Week 4,03 Jan 2012,4901.96857,4957.48857

Week 1,10 Jan 2012,5034.71714,5077.77143
Week 2,17 Jan 2012,5061.47714,5110.15571
Week 3,24 Jan 2012,5104.22143,5145.27429
Week 4,31 Jan 2012,5162.88000,5202.90714

Week 1,07 Feb 2012,5179.65286,5235.22714
Week 2,14 Feb 2012,5210.54571,5273.19857
Week 3,21 Feb 2012,5256.55714,5307.41571
Week 4,28 Feb 2012,5261.85571,5315.41286

Week 1,06 Mar 2012,5151.88143,5191.78000
Week 2,13 Mar 2012,5060.16857,5101.85714
Week 3,20 Mar 2012,4999.12571,5084.19714
Week 4,27 Mar 2012,5000.99714,5048.11000

Week 1,03 Apr 2012,4990.51143,5022.79857
Week 2,10 Apr 2012,4971.02286,5040.46857
Week 3,17 Apr 2012,4897.33000,4946.67286
Week 4,24 Apr 2012,4863.58429,4896.76429

Week 1,01 May 2012,4766.26000,4864.28714
Week 2,08 May 2012,4703.39571,4753.22857
Week 3,15 May 2012,4596.03143,4635.41143
Week 4,22 May 2012,4563.98714,4606.24286

Week 1,29 May 2012,4632.83000,4704.32143
Week 2,05 Jun 2012,4566.73286,4665.66000
Week 3,12 Jun 2012,4545.82143,4631.38000
Week 4,19 Jun 2012,4570.37286,4628.33714

Week 1,26 Jun 2012,4569.31857,4609.08000
Week 2,03 Jul 2012,4620.51429,4702.18857
Week 3,10 Jul 2012,4612.15571,4663.99714
Week 4,17 Jul 2012,4645.28143,4686.14143

Week 1,24 Jul 2012,4645.65714,4682.00571
Week 2,31 Jul 2012,4626.20429,4661.35571
Week 3,07 Aug 2012,4668.79714,4703.41286
Week 4,14 Aug 2012,4690.50857,4707.14143

Week 1,21 Aug 2012,4680.04714,4716.01000
Week 2,28 Aug 2012,4656.80000,4700.96000
Week 3,04 Sep 2012,4685.71286,4727.35286
Week 4,11 Sep 2012,4693.15571,4761.19714

Week 1,18 Sep 2012,4682.06286,4733.64000
Week 2,25 Sep 2012,4699.75286,4740.39857
Week 3,02 Oct 2012,4703.36571,4761.38000
Week 4,09 Oct 2012,4676.41571,4733.09143

Week 1,16 Oct 2012,4700.00857,4738.00714
Week 2,23 Oct 2012,4723.21143,4760.00714
Week 3,30 Oct 2012,4712.93429,4756.37143
Week 4,06 Nov 2012,4690.35143,4749.75286

Week 1,13 Nov 2012,4632.17000,4678.87000
Week 2,20 Nov 2012,4571.44286,4639.14000
Week 3,27 Nov 2012,4541.99286,4584.36000
Week 4,04 Dec 2012,4568.44143,4604.90000

Week 1,11 Dec 2012,4613.18571,4648.66714
Week 2,18 Dec 2012,4611.02857,4664.85143
Week 3,25 Dec 2012,4671.82000,4702.01714
Week 4,01 Jan 2013,4702.82571,4750.08571

Week 1,08 Jan 2013,4729.40857,4771.50143
Week 2,15 Jan 2013,4713.40714,4768.09571
Week 3,22 Jan 2013,4713.76000,4783.18286
Week 4,29 Jan 2013,4844.26571,4894.98714

Week 1,05 Feb 2013,4867.13857,4907.68714
Week 2,12 Feb 2013,4890.24000,4924.99429
Week 3,19 Feb 2013,4908.26143,4955.91857
Week 4,26 Feb 2013,4871.66857,4918.10000

Week 1,05 Mar 2013,4921.11571,4958.91714
Week 2,12 Mar 2013,4901.43286,4943.90429
Week 3,19 Mar 2013,4851.47857,4890.72143
Week 4,26 Mar 2013,4795.55714,4842.33000

Week 1,02 Apr 2013,4823.84143,4871.32000
Week 2,09 Apr 2013,4883.17143,4939.73286
Week 3,16 Apr 2013,4833.26286,4878.91429
Week 4,23 Apr 2013,4816.26286,4860.71286

Week 1,30 Apr 2013,4827.40571,4865.95429
Week 2,07 May 2013,4815.90286,4857.33714
Week 3,14 May 2013,4782.13000,4866.29286
Week 4,21 May 2013,4751.78000,4809.87571

Week 1,28 May 2013,4647.22000,4715.84714
Week 2,04 Jun 2013,4579.89286,4665.89000
Week 3,11 Jun 2013,4573.02143,4645.60714
Week 4,18 Jun 2013,4461.43143,4510.46143

Week 1,25 Jun 2013,4453.45000,4504.72571
Week 2,02 Jul 2013,4399.65143,4439.55143
Week 3,09 Jul 2013,4386.18000,4443.15571
Week 4,16 Jul 2013,4480.18429,4512.58857

Week 1,23 Jul 2013,4519.91429,4567.85571
Week 2,30 Jul 2013,4472.89429,4527.73429
Week 3,06 Aug 2013,4471.40714,4510.73571
Week 4,13 Aug 2013,4412.53286,4464.09286

Week 1,20 Aug 2013,4433.82143,4501.28714
Week 2,27 Aug 2013,4582.87000,4623.13714
Week 3,03 Sep 2013,4713.37143,4751.91571
Week 4,10 Sep 2013,4942.37429,4990.51429

Week 1,17 Sep 2013,5076.15143,5118.55143
Week 2,24 Sep 2013,5137.82429,5183.70000
Week 3,01 Oct 2013,5139.30714,5219.47143
Week 4,08 Oct 2013,5159.97000,5235.78714

Week 1,15 Oct 2013,5180.57286,5231.62429
Week 2,22 Oct 2013,5051.83857,5119.45143
Week 3,29 Oct 2013,5035.67429,5082.88857
Week 4,05 Nov 2013,4953.16714,5001.69714

Week 1,12 Nov 2013,4966.06286,5004.56857
Week 2,19 Nov 2013,5086.62286,5128.13143
Week 3,26 Nov 2013,5045.68143,5135.22857
Week 4,03 Dec 2013,4971.17714,5098.44143

Week 1,10 Dec 2013,5117.08714,5164.84857
Week 2,17 Dec 2013,5123.33571,5145.08286
Week 3,24 Dec 2013,5150.88000,5178.94429
Week 4,31 Dec 2013,5105.13714,5136.51143

Week 1,07 Jan 2014,5042.45714,5063.85143
Week 2,14 Jan 2014,5034.11857,5072.71286
Week 3,21 Jan 2014,5054.37714,5080.50571
Week 4,28 Jan 2014,5010.02857,5039.99000

Week 1,04 Feb 2014,4999.62714,5030.07571
Week 2,11 Feb 2014,4929.12000,4960.94143
Week 3,18 Feb 2014,4916.94000,4954.54857
Week 4,25 Feb 2014,4950.25714,4976.04143

Week 1,04 Mar 2014,4907.94429,4934.29143
Week 2,11 Mar 2014,4826.21000,4854.18429
Week 3,18 Mar 2014,4851.83429,4885.31286
Week 4,25 Mar 2014,4954.26714,4983.03429

Week 1,01 Apr 2014,4979.45143,5012.18429
Week 2,08 Apr 2014,5122.30857,5153.18429
Week 3,15 Apr 2014,5114.72143,5142.51429
Week 4,22 Apr 2014,5159.00571,5185.13429

Week 1,29 Apr 2014,5166.58143,5193.80286
Week 2,06 May 2014,5179.72000,5206.61429
Week 3,13 May 2014,5149.15286,5175.61857
Week 4,20 May 2014,5177.77143,5209.49857

Week 1,27 May 2014,5195.40429,5219.65286
Week 2,03 Jun 2014,5213.34143,5240.13571
Week 3,10 Jun 2014,5280.58714,5305.43429
Week 4,17 Jun 2014,5327.72714,5350.88857

Week 1,24 Jun 2014,5434.81000,5456.07286
Week 2,01 Jul 2014,5363.89571,5391.51143
Week 3,08 Jul 2014,5239.83143,5279.37143
Week 4,15 Jul 2014,5215.27000,5259.79857

Week 1,22 Jul 2014,5184.42429,5213.68714
Week 2,29 Jul 2014,5186.19571,5227.76714
Week 3,05 Aug 2014,5154.46286,5191.28571
Week 4,12 Aug 2014,5132.88000,5159.90143

Week 1,19 Aug 2014,5143.62000,5173.05286
Week 2,26 Aug 2014,5169.21857,5206.80000
Week 3,02 Sep 2014,5216.28000,5263.49000
Week 4,09 Sep 2014,5150.81857,5191.95286

Week 1,16 Sep 2014,5067.54857,5096.57714
Week 2,23 Sep 2014,4962.32571,4999.72286
Week 3,30 Sep 2014,4935.35286,4960.92143
Week 4,07 Oct 2014,5041.20143,5079.82429

Week 1,14 Oct 2014,4996.88429,5022.34857
Week 2,21 Oct 2014,4873.09571,4896.56000
Week 3,28 Oct 2014,4900.17429,4926.83714
Week 4,04 Nov 2014,4784.15286,4825.04429

Week 1,11 Nov 2014,4720.16714,4753.32857
Week 2,18 Nov 2014,4724.33286,4752.95143
Week 3,25 Nov 2014,4784.15857,4824.34286
Week 4,02 Dec 2014,4766.62714,4787.96000

Week 1,09 Dec 2014,4718.42000,4744.22143
Week 2,16 Dec 2014,4675.24286,4733.43000
Week 3,23 Dec 2014,4624.43857,4659.44714
Week 4,30 Dec 2014,4633.95714,4667.59143

Week 1,06 Jan 2015,4694.53714,4762.36571
Week 2,13 Jan 2015,4715.87000,4823.73286
Week 3,20 Jan 2015,4769.63714,4859.17429
Week 4,27 Jan 2015,4799.05571,4830.89429

Week 1,03 Feb 2015,4595.16429,4645.41143
Week 2,10 Feb 2015,4482.83143,4541.17714
Week 3,17 Feb 2015,4471.54143,4523.41571
Week 4,24 Feb 2015,4494.85857,4520.68429

Week 1,03 Mar 2015,4359.34143,4397.35286
Week 2,10 Mar 2015,4148.61571,4187.26857
Week 3,17 Mar 2015,4022.94571,4043.79286
Week 4,24 Mar 2015,4058.54571,4085.68857

Week 1,31 Mar 2015,4086.46571,4126.31143
Week 2,07 Apr 2015,4176.34429,4210.79571
Week 3,14 Apr 2015,4205.68714,4230.55571
Week 4,21 Apr 2015,4303.92143,4328.49857

Week 1,28 Apr 2015,4350.74571,4376.44429
Week 2,05 May 2015,4300.67143,4339.18571
Week 3,12 May 2015,4343.70286,4362.56714
Week 4,19 May 2015,4302.45429,4343.90143

Week 1,26 May 2015,4180.87714,4205.41571
Week 2,02 Jun 2015,4200.67143,4242.06286
Week 3,09 Jun 2015,4266.96429,4292.82714
Week 4,16 Jun 2015,4302.86857,4317.98429

Week 1,23 Jun 2015,4269.38857,4292.29714
Week 2,30 Jun 2015,4252.80143,4274.91857
Week 3,07 Jul 2015,4180.28571,4200.97429
Week 4,14 Jul 2015,4213.55857,4231.22429

Week 1,21 Jul 2015,4103.88429,4120.76857
Week 2,28 Jul 2015,3968.89286,4013.84857
Week 3,04 Aug 2015,3865.00571,3888.00000
Week 4,11 Aug 2015,3900.09714,3973.53571

Week 1,18 Aug 2015,3937.38429,4023.73429
Week 2,25 Aug 2015,3878.66286,3995.75143
Week 3,01 Sep 2015,3732.94286,3829.72429
Week 4,08 Sep 2015,3685.85571,3741.96857

Week 1,15 Sep 2015,3689.01000,3723.10571
Week 2,22 Sep 2015,3602.16000,3628.81429
Week 3,29 Sep 2015,3660.13143,3697.72000
Week 4,06 Oct 2015,3601.08857,3674.74429

Week 1,13 Oct 2015,3485.00857,3543.02714
Week 2,20 Oct 2015,3477.07143,3506.04429
Week 3,27 Oct 2015,3506.51143,3530.77286
Week 4,03 Nov 2015,3564.80000,3637.19571

Week 1,10 Nov 2015,3573.34714,3592.59714
Week 2,17 Nov 2015,3623.75857,3663.09143
Week 3,24 Nov 2015,3586.94143,3704.51000
Week 4,01 Dec 2015,3613.58714,3649.37143

Week 1,08 Dec 2015,3655.03429,3670.38143
Week 2,15 Dec 2015,3546.42571,3598.14571
Week 3,22 Dec 2015,3424.23857,3467.07429
Week 4,29 Dec 2015,3480.95857,3526.49857

Week 1,05 Jan 2016,3427.53857,3476.16000
Week 2,12 Jan 2016,3408.33286,3482.90000
Week 3,19 Jan 2016,3379.14714,3402.88000
Week 4,26 Jan 2016,3393.24286,3443.79143

Week 1,02 Feb 2016,3456.77143,3496.02143
Week 2,09 Feb 2016,3409.23857,3451.51286
Week 3,16 Feb 2016,3322.71286,3378.29571
Week 4,23 Feb 2016,3368.89000,3383.17714

Week 1,01 Mar 2016,3396.61714,3450.52286
Week 2,08 Mar 2016,3513.87000,3584.46571
Week 3,15 Mar 2016,3561.69571,3597.07286
Week 4,22 Mar 2016,3604.68714,3631.89286

Week 1,29 Mar 2016,3657.07429,3681.46857
Week 2,05 Apr 2016,3618.76000,3642.25143
Week 3,12 Apr 2016,3730.17286,3749.82143
Week 4,19 Apr 2016,3697.48857,3713.27286

Week 1,26 Apr 2016,3752.52429,3785.44429
Week 2,03 May 2016,3767.93143,3791.23571
Week 3,10 May 2016,3795.35714,3810.78857
Week 4,17 May 2016,3790.40571,3820.71714

Week 1,24 May 2016,3785.60000,3809.90571
Week 2,31 May 2016,3790.62857,3806.70571
Week 3,07 Jun 2016,3867.36857,3885.26571
Week 4,14 Jun 2016,3860.67286,3875.39286

Week 1,21 Jun 2016,3919.64286,3978.75714
Week 2,28 Jun 2016,4016.81286,4041.35000
Week 3,05 Jul 2016,3966.06000,4002.97714
Week 4,12 Jul 2016,3978.94429,4003.78286

Week 1,19 Jul 2016,4010.06571,4025.71000
Week 2,26 Jul 2016,4003.87143,4026.34286
Week 3,02 Aug 2016,4067.24286,4082.96714
Week 4,09 Aug 2016,4139.91714,4153.48286

Week 1,16 Aug 2016,4087.51571,4101.71857
Week 2,23 Aug 2016,4093.91429,4105.50714
Week 3,30 Aug 2016,4070.49286,4097.31000
Week 4,06 Sep 2016,4048.55143,4054.77571

Week 1,13 Sep 2016,4003.24571,4013.06000
Week 2,20 Sep 2016,4036.19143,4045.15429
Week 3,27 Sep 2016,4000.52286,4007.58000
Week 4,04 Oct 2016,4017.20429,4027.49571

Week 1,11 Oct 2016,4068.34714,4076.74857
Week 2,18 Oct 2016,4108.30429,4117.57857
Week 3,25 Oct 2016,4122.07857,4133.87000
Week 4,01 Nov 2016,4012.80714,4064.30286

Week 1,08 Nov 2016,3981.53571,4038.37571
Week 2,15 Nov 2016,3899.36286,3939.62857
Week 3,22 Nov 2016,3965.00714,3975.81857
Week 4,29 Nov 2016,3915.11286,3925.87429

Week 1,06 Dec 2016,3925.03000,3933.04857
Week 2,13 Dec 2016,3962.81286,3974.94286
Week 3,20 Dec 2016,4044.86571,4057.48714
Week 4,27 Dec 2016,4120.56571,4130.22857

Week 1,03 Jan 2017,4118.76429,4160.98571
Week 2,10 Jan 2017,4148.88571,4162.13429
Week 3,17 Jan 2017,4169.44000,4178.92571
Week 4,24 Jan 2017,4219.06429,4231.26000

Week 1,31 Jan 2017,4260.41286,4275.07857
Week 2,07 Feb 2017,4264.80000,4275.18286
Week 3,14 Feb 2017,4294.28714,4323.56143
Week 4,21 Feb 2017,4313.30286,4322.79714

Week 1,28 Feb 2017,4280.37865,4291.33653
Week 2,07 Mar 2017,4245.84533,4255.18090
Week 3,14 Mar 2017,4268.85317,4277.89598
Week 4,21 Mar 2017,4291.61134,4299.58821

Week 1,28 Mar 2017,4246.13232,4271.88009
Week 2,04 Apr 2017,4254.41046,4270.15892
Week 3,11 Apr 2017,4226.66447,4236.29761
Week 4,18 Apr 2017,4240.20056,4249.02569

Week 1,25 Apr 2017,4186.55814,4218.51202
Week 2,02 May 2017,4194.65364,4202.96337
Week 3,09 May 2017,4219.41474,4228.40406
Week 4,16 May 2017,4166.30599,4176.36915

Week 1,23 May 2017,4067.80760,4075.66129
Week 2,30 May 2017,4092.74754,4100.79109
Week 3,06 Jun 2017,4032.32606,4076.66783
Week 4,13 Jun 2017,4034.93281,4043.90704

Week 1,20 Jun 2017,3977.32660,4024.77239
Week 2,27 Jun 2017,4006.42681,4052.59355
Week 3,04 Jul 2017,4043.90023,4083.52147
Week 4,11 Jul 2017,4116.74506,4169.45250

Week 1,18 Jul 2017,4191.86313,4249.56745
Week 2,25 Jul 2017,4197.73560,4256.86787
Week 3,01 Aug 2017,4238.66213,4300.88277
Week 4,08 Aug 2017,4182.81514,4250.57057

Week 1,15 Aug 2017,4177.26731,4256.32670
Week 2,22 Aug 2017,4195.15910,4242.22513
Week 3,29 Aug 2017,4219.50034,4255.02569
Week 4,05 Sep 2017,4248.80647,4296.51635

Week 1,12 Sep 2017,4219.58679,4269.02280
Week 2,19 Sep 2017,4224.46987,4275.16814
Week 3,26 Sep 2017,4218.77652,4273.12141
Week 4,03 Oct 2017,4251.63210,4315.24538

Week 1,10 Oct 2017,4236.37089,4299.66028
Week 2,17 Oct 2017,4230.52761,4284.31946
Week 3,24 Oct 2017,4169.03351,4215.55153
Week 4,31 Oct 2017,4103.96139,4148.05342

Week 1,07 Nov 2017,4108.96374,4158.05388
Week 2,14 Nov 2017,4103.66407,4147.00311
Week 3,21 Nov 2017,4140.43357,4184.41327
Week 4,28 Nov 2017,4145.69568,4191.11842

*Week 1,05 Dec 2017,4165.63388,4174.13404


New table
Looking for the new Historical Currency Converter?
OANDA HISTORICAL RATES
Explore our new and improved historical rates converter to retrieve exchange rates from OANDA and 25+ Central Banks. Includes CSV download, 25+ years of history, ask/bid/mid point, table and chart view, custom periods, and more.

TRY IT NOW
HOME
CONTACT US
PRESS ROOM
CAREERS
SUPPORT
TRADING
FOREX & CFD
TRADING MARKETS
CFD TRADING
FOREX TRADING
ONLINE TRADING PLATFORMS
METATRADER 4 PLATFORM
LEARN FOREX & CFD
LIVE FOREX & CFD RATES
TRADING NEWS & MARKET ANALYSIS
CURRENCY
CURRENCY CONVERTER
LIVE RATES
HISTORICAL RATES
SOLUTIONS FOR BUSINESS
HISTORICAL CURRENCY CONVERTER
EXCHANGE RATES API
CORPORATE FX PAYMENTS
MONEY TRANSFER
SIGN UP
© 1996 - 2017 OANDA Corporation. All rights reserved. "OANDA", "fxTrade" and OANDA's "fx" family of trademarks are owned by OANDA Corporation. All other trademarks appearing on this Website are the property of their respective owners.

Leveraged trading in foreign currency contracts or other off-exchange products on margin carries a high level of risk and may not be suitable for everyone. We advise you to carefully consider whether trading is appropriate for you in light of your personal circumstances. You may lose more than you invest. Information on this website is general in nature. We recommend that you seek independent financial advice and ensure you fully understand the risks involved before trading. Trading through an online platform carries additional risks. Refer to our legal section here.

Financial spread betting is only available to OANDA Europe Ltd customers who reside in the UK or Republic of Ireland. CFDs, MT4 hedging capabilities and leverage ratios exceeding 50:1 are not available to US residents. The information on this site is not directed at residents of countries where its distribution, or use by any person, would be contrary to local law or regulation.

OANDA Corporation is a registered Futures Commission Merchant and Retail Foreign Exchange Dealer with the Commodity Futures Trading Commission and is a member of the National Futures Association. No: 0325821. Please refer to the NFA's FOREX INVESTOR ALERT where appropriate.

OANDA (Canada) Corporation ULC accounts are available to anyone with a Canadian bank account. OANDA (Canada) Corporation ULC is regulated by the Investment Industry Regulatory Organization of Canada (IIROC), which includes IIROC's online advisor check database (IIROC AdvisorReport), and customer accounts are protected by the Canadian Investor Protection Fund within specified limits. A brochure describing the nature and limits of coverage is available upon request or at www.cipf.ca.

OANDA Europe Limited is a company registered in England number 7110087, and has its registered office at Floor 9a, Tower 42, 25 Old Broad St, London EC2N 1HQ. It is authorised and regulated by the Financial Conduct Authority, No: 542574.

OANDA Asia Pacific Pte Ltd (Co. Reg. No 200704926K) holds a Capital Markets Services Licence issued by the Monetary Authority of Singapore and is also licenced by the International Enterprise Singapore.

OANDA Australia Pty Ltd is regulated by the Australian Securities and Investments Commission ASIC (ABN 26 152 088 349, AFSL No. 412981) and is the issuer of the products and/or services on this website. It's important for you to consider the current Financial Service Guide (FSG), Product Disclosure Statement ('PDS'), Account Terms and any other relevant OANDA documents before making any financial investment decisions. These documents can be found here.

OANDA Japan Co., Ltd. First Type I Financial Instruments Business Director of the Kanto Local Financial Bureau (Kin-sho) No. 2137 Institute Financial Futures Association subscriber number 1571.

OANDAFacebook Twitter LinkedIn YouTube
SITEMAPPRIVACY POLICYTERMS OF USE
Trading FX and/or CFDs on margin is high risk and not suitable for everyone. Losses can exceed investment.
