CAD->ZAR

Week 1,01 Dec 1998,3.77117,3.78311
Week 2,08 Dec 1998,3.87949,3.89339
Week 3,15 Dec 1998,3.84356,3.85626
Week 4,22 Dec 1998,3.80380,3.81546

Week 1,29 Dec 1998,3.82301,3.83329
Week 2,05 Jan 1999,3.83762,3.84980
Week 3,12 Jan 1999,3.96637,3.97972
Week 4,19 Jan 1999,3.97299,3.98658

Week 1,26 Jan 1999,3.98166,3.99551
Week 2,02 Feb 1999,3.99501,4.00855
Week 3,09 Feb 1999,4.07554,4.08907
Week 4,16 Feb 1999,4.15598,4.16790

Week 1,23 Feb 1999,4.10383,4.11641
Week 2,02 Mar 1999,4.08217,4.09464
Week 3,09 Mar 1999,4.05309,4.06549
Week 4,16 Mar 1999,4.08484,4.09596

Week 1,23 Mar 1999,4.11757,4.12990
Week 2,30 Mar 1999,4.10671,4.11839
Week 3,06 Apr 1999,4.11882,4.13128
Week 4,13 Apr 1999,4.09668,4.10841

Week 1,20 Apr 1999,4.10174,4.11405
Week 2,27 Apr 1999,4.13805,4.15015
Week 3,04 May 1999,4.19579,4.20867
Week 4,11 May 1999,4.24448,4.25613

Week 1,18 May 1999,4.23747,4.24946
Week 2,25 May 1999,4.24518,4.25443
Week 3,01 Jun 1999,4.18062,4.19230
Week 4,08 Jun 1999,4.15838,4.17040

Week 1,15 Jun 1999,4.12017,4.13013
Week 2,22 Jun 1999,4.10782,4.11847
Week 3,29 Jun 1999,4.09931,4.11053
Week 4,06 Jul 1999,4.12458,4.13598

Week 1,13 Jul 1999,4.14099,4.15093
Week 2,20 Jul 1999,4.06555,4.07635
Week 3,27 Jul 1999,4.08005,4.09019
Week 4,03 Aug 1999,4.11453,4.12305

Week 1,10 Aug 1999,4.12156,4.13074
Week 2,17 Aug 1999,4.09090,4.09933
Week 3,24 Aug 1999,4.07609,4.08464
Week 4,31 Aug 1999,4.04663,4.05512

Week 1,07 Sep 1999,4.09419,4.10193
Week 2,14 Sep 1999,4.13468,4.14296
Week 3,21 Sep 1999,4.10309,4.11188
Week 4,28 Sep 1999,4.08266,4.09149

Week 1,05 Oct 1999,4.10358,4.11261
Week 2,12 Oct 1999,4.11713,4.12549
Week 3,19 Oct 1999,4.13235,4.14162
Week 4,26 Oct 1999,4.17371,4.18256

Week 1,02 Nov 1999,4.17707,4.18544
Week 2,09 Nov 1999,4.17418,4.18288
Week 3,16 Nov 1999,4.19140,4.19946
Week 4,23 Nov 1999,4.17796,4.18643

Week 1,30 Nov 1999,4.16357,4.17282
Week 2,07 Dec 1999,4.15038,4.15872
Week 3,14 Dec 1999,4.14654,4.15472
Week 4,21 Dec 1999,4.17495,4.18359

Week 1,28 Dec 1999,4.23522,4.24442
Week 2,04 Jan 2000,4.17425,4.18125
Week 3,11 Jan 2000,4.17964,4.18613
Week 4,18 Jan 2000,4.22478,4.23224

Week 1,25 Jan 2000,4.32797,4.33638
Week 2,01 Feb 2000,4.34262,4.35004
Week 3,08 Feb 2000,4.36171,4.37155
Week 4,15 Feb 2000,4.35121,4.35826

Week 1,22 Feb 2000,4.33036,4.33923
Week 2,29 Feb 2000,4.40584,4.41353
Week 3,07 Mar 2000,4.41628,4.42373
Week 4,14 Mar 2000,4.39247,4.39983

Week 1,21 Mar 2000,4.41300,4.41991
Week 2,28 Mar 2000,4.48150,4.48936
Week 3,04 Apr 2000,4.51431,4.52120
Week 4,11 Apr 2000,4.47580,4.48323

Week 1,18 Apr 2000,4.52059,4.53176
Week 2,25 Apr 2000,4.59084,4.59972
Week 3,02 May 2000,4.61996,4.62880
Week 4,09 May 2000,4.70507,4.71495

Week 1,16 May 2000,4.76197,4.77267
Week 2,23 May 2000,4.72936,4.73873
Week 3,30 May 2000,4.68316,4.69287
Week 4,06 Jun 2000,4.72618,4.73893

Week 1,13 Jun 2000,4.69400,4.70395
Week 2,20 Jun 2000,4.66432,4.67426
Week 3,27 Jun 2000,4.59199,4.60137
Week 4,04 Jul 2000,4.59880,4.60842

Week 1,11 Jul 2000,4.61919,4.62883
Week 2,18 Jul 2000,4.69649,4.70623
Week 3,25 Jul 2000,4.71826,4.72804
Week 4,01 Aug 2000,4.68705,4.69690

Week 1,08 Aug 2000,4.67021,4.67951
Week 2,15 Aug 2000,4.68260,4.69205
Week 3,22 Aug 2000,4.68060,4.69028
Week 4,29 Aug 2000,4.70502,4.71475

Week 1,05 Sep 2000,4.77845,4.78822
Week 2,12 Sep 2000,4.82133,4.83133
Week 3,19 Sep 2000,4.88939,4.89941
Week 4,26 Sep 2000,4.85625,4.86671

Week 1,03 Oct 2000,4.81823,4.82902
Week 2,10 Oct 2000,4.93251,4.94243
Week 3,17 Oct 2000,5.01745,5.02738
Week 4,24 Oct 2000,5.00254,5.01240

Week 1,31 Oct 2000,4.91504,4.92456
Week 2,07 Nov 2000,4.95099,4.96047
Week 3,14 Nov 2000,4.94650,4.95589
Week 4,21 Nov 2000,5.04222,5.05186

Week 1,28 Nov 2000,4.99462,5.00435
Week 2,05 Dec 2000,4.99312,5.00294
Week 3,12 Dec 2000,5.05958,5.06893
Week 4,19 Dec 2000,5.00577,5.01517

Week 1,26 Dec 2000,5.01994,5.02992
Week 2,02 Jan 2001,5.03151,5.04059
Week 3,09 Jan 2001,5.19818,5.20785
Week 4,16 Jan 2001,5.19852,5.20859

Week 1,23 Jan 2001,5.22069,5.23079
Week 2,30 Jan 2001,5.18787,5.19659
Week 3,06 Feb 2001,5.20462,5.21469
Week 4,13 Feb 2001,5.12783,5.13772

Week 1,20 Feb 2001,5.06828,5.07809
Week 2,27 Feb 2001,5.01679,5.02640
Week 3,06 Mar 2001,5.03090,5.04079
Week 4,13 Mar 2001,5.04626,5.05591

Week 1,20 Mar 2001,5.08956,5.09920
Week 2,27 Mar 2001,5.10079,5.11042
Week 3,03 Apr 2001,5.14776,5.15684
Week 4,10 Apr 2001,5.14022,5.14962

Week 1,17 Apr 2001,5.22674,5.23655
Week 2,24 Apr 2001,5.19399,5.20383
Week 3,01 May 2001,5.23081,5.24042
Week 4,08 May 2001,5.15158,5.16223

Week 1,15 May 2001,5.16504,5.17490
Week 2,22 May 2001,5.11692,5.12671
Week 3,29 May 2001,5.18640,5.19620
Week 4,05 Jun 2001,5.27964,5.28806

Week 1,12 Jun 2001,5.28486,5.29373
Week 2,19 Jun 2001,5.26459,5.27391
Week 3,26 Jun 2001,5.29300,5.30262
Week 4,03 Jul 2001,5.35971,5.36823

Week 1,10 Jul 2001,5.39892,5.40808
Week 2,17 Jul 2001,5.34997,5.35889
Week 3,24 Jul 2001,5.33292,5.34147
Week 4,31 Jul 2001,5.38303,5.39097

Week 1,07 Aug 2001,5.37272,5.38095
Week 2,14 Aug 2001,5.37675,5.38489
Week 3,21 Aug 2001,5.41903,5.42736
Week 4,28 Aug 2001,5.42867,5.43693

Week 1,04 Sep 2001,5.42407,5.43300
Week 2,11 Sep 2001,5.48440,5.49193
Week 3,18 Sep 2001,5.54498,5.54947
Week 4,25 Sep 2001,5.65794,5.66460

Week 1,02 Oct 2001,5.88788,5.89428
Week 2,09 Oct 2001,5.86786,5.87554
Week 3,16 Oct 2001,5.85964,5.86634
Week 4,23 Oct 2001,5.96016,5.96788

Week 1,30 Oct 2001,5.96091,5.96891
Week 2,06 Nov 2001,5.97642,5.98484
Week 3,13 Nov 2001,6.03692,6.04500
Week 4,20 Nov 2001,6.18466,6.19237

Week 1,27 Nov 2001,6.38042,6.39747
Week 2,04 Dec 2001,6.85224,6.87844
Week 3,11 Dec 2001,7.45898,7.48588
Week 4,18 Dec 2001,7.84093,7.89601

Week 1,25 Dec 2001,7.46488,7.56121
Week 2,01 Jan 2002,7.59461,7.65322
Week 3,08 Jan 2002,7.16765,7.20484
Week 4,15 Jan 2002,7.15208,7.19909

Week 1,22 Jan 2002,7.06664,7.11230
Week 2,29 Jan 2002,7.21691,7.25542
Week 3,05 Feb 2002,7.14451,7.18825
Week 4,12 Feb 2002,7.19701,7.23120

Week 1,19 Feb 2002,7.16227,7.19217
Week 2,26 Feb 2002,7.10275,7.12888
Week 3,05 Mar 2002,7.14284,7.18290
Week 4,12 Mar 2002,7.35765,7.41056

Week 1,19 Mar 2002,7.31872,7.36721
Week 2,26 Mar 2002,7.14041,7.16885
Week 3,02 Apr 2002,7.00762,7.03839
Week 4,09 Apr 2002,7.02388,7.06024

Week 1,16 Apr 2002,7.05361,7.08479
Week 2,23 Apr 2002,6.88115,6.91802
Week 3,30 Apr 2002,6.72209,6.75107
Week 4,07 May 2002,6.53739,6.57083

Week 1,14 May 2002,6.48821,6.51335
Week 2,21 May 2002,6.53213,6.55401
Week 3,28 May 2002,6.38868,6.41966
Week 4,04 Jun 2002,6.40286,6.42448

Week 1,11 Jun 2002,6.65304,6.68176
Week 2,18 Jun 2002,6.72716,6.75637
Week 3,25 Jun 2002,6.79888,6.83075
Week 4,02 Jul 2002,6.60804,6.64285

Week 1,09 Jul 2002,6.55133,6.57964
Week 2,16 Jul 2002,6.47172,6.49697
Week 3,23 Jul 2002,6.44150,6.46995
Week 4,30 Jul 2002,6.43352,6.46273

Week 1,06 Aug 2002,6.62552,6.65000
Week 2,13 Aug 2002,6.74782,6.77104
Week 3,20 Aug 2002,6.92167,6.94329
Week 4,27 Aug 2002,6.78892,6.81436

Week 1,03 Sep 2002,6.77103,6.79765
Week 2,10 Sep 2002,6.66340,6.69582
Week 3,17 Sep 2002,6.71710,6.74147
Week 4,24 Sep 2002,6.69564,6.71587

Week 1,01 Oct 2002,6.55084,6.57580
Week 2,08 Oct 2002,6.58072,6.61478
Week 3,15 Oct 2002,6.56782,6.59510
Week 4,22 Oct 2002,6.46921,6.49386

Week 1,29 Oct 2002,6.41643,6.44907
Week 2,05 Nov 2002,6.28298,6.31352
Week 3,12 Nov 2002,6.14258,6.17231
Week 4,19 Nov 2002,6.02507,6.05863

Week 1,26 Nov 2002,5.88597,5.91940
Week 2,03 Dec 2002,5.87645,5.90494
Week 3,10 Dec 2002,5.67361,5.70238
Week 4,17 Dec 2002,5.73056,5.75061

Week 1,24 Dec 2002,5.63422,5.66115
Week 2,31 Dec 2002,5.41219,5.43914
Week 3,07 Jan 2003,5.49097,5.51418
Week 4,14 Jan 2003,5.70891,5.73528

Week 1,21 Jan 2003,5.77441,5.80935
Week 2,28 Jan 2003,5.62295,5.64254
Week 3,04 Feb 2003,5.51963,5.54638
Week 4,11 Feb 2003,5.47434,5.50656

Week 1,18 Feb 2003,5.40731,5.43572
Week 2,25 Feb 2003,5.41627,5.44763
Week 3,04 Mar 2003,5.39160,5.41696
Week 4,11 Mar 2003,5.47317,5.49631

Week 1,18 Mar 2003,5.50372,5.52994
Week 2,25 Mar 2003,5.41515,5.45106
Week 3,01 Apr 2003,5.36613,5.38632
Week 4,08 Apr 2003,5.36882,5.39473

Week 1,15 Apr 2003,5.26384,5.28603
Week 2,22 Apr 2003,5.05821,5.08122
Week 3,29 Apr 2003,5.11686,5.14623
Week 4,06 May 2003,5.15758,5.18681

Week 1,13 May 2003,5.54196,5.57043
Week 2,20 May 2003,5.73650,5.76358
Week 3,27 May 2003,5.84427,5.87016
Week 4,03 Jun 2003,5.90105,5.92289

Week 1,10 Jun 2003,5.83651,5.86729
Week 2,17 Jun 2003,5.81533,5.85099
Week 3,24 Jun 2003,5.63324,5.66155
Week 4,01 Jul 2003,5.56059,5.60255

Week 1,08 Jul 2003,5.52384,5.55428
Week 2,15 Jul 2003,5.48909,5.51324
Week 3,22 Jul 2003,5.36192,5.39652
Week 4,29 Jul 2003,5.28323,5.31089

Week 1,05 Aug 2003,5.25467,5.29139
Week 2,12 Aug 2003,5.29568,5.33682
Week 3,19 Aug 2003,5.27750,5.30878
Week 4,26 Aug 2003,5.26877,5.30675

Week 1,02 Sep 2003,5.34095,5.37156
Week 2,09 Sep 2003,5.41405,5.44481
Week 3,16 Sep 2003,5.42307,5.45208
Week 4,23 Sep 2003,5.29082,5.31232

Week 1,30 Sep 2003,5.14237,5.16550
Week 2,07 Oct 2003,5.20028,5.23229
Week 3,14 Oct 2003,5.36160,5.38363
Week 4,21 Oct 2003,5.33368,5.35844

Week 1,28 Oct 2003,5.23663,5.25656
Week 2,04 Nov 2003,5.22142,5.24688
Week 3,11 Nov 2003,5.19081,5.21475
Week 4,18 Nov 2003,5.02752,5.05616

Week 1,25 Nov 2003,4.92294,4.95319
Week 2,02 Dec 2003,4.82000,4.84986
Week 3,09 Dec 2003,4.86511,4.89915
Week 4,16 Dec 2003,4.99995,5.03320

Week 1,23 Dec 2003,5.14293,5.18166
Week 2,30 Dec 2003,5.08718,5.12573
Week 3,06 Jan 2004,5.10507,5.13839
Week 4,13 Jan 2004,5.54336,5.57563

Week 1,20 Jan 2004,5.45947,5.48844
Week 2,27 Jan 2004,5.29730,5.33775
Week 3,03 Feb 2004,5.20532,5.23711
Week 4,10 Feb 2004,5.06999,5.09473

Week 1,17 Feb 2004,4.99788,5.02717
Week 2,24 Feb 2004,4.94654,4.97630
Week 3,02 Mar 2004,5.02342,5.05711
Week 4,09 Mar 2004,5.00667,5.03438

Week 1,16 Mar 2004,4.99683,5.02557
Week 2,23 Mar 2004,4.91699,4.95043
Week 3,30 Mar 2004,4.84733,4.87318
Week 4,06 Apr 2004,4.77617,4.79922

Week 1,13 Apr 2004,4.79903,4.82547
Week 2,20 Apr 2004,4.90855,4.94208
Week 3,27 Apr 2004,5.02744,5.05927
Week 4,04 May 2004,5.03749,5.07144

Week 1,11 May 2004,4.93541,4.96549
Week 2,18 May 2004,4.89064,4.92507
Week 3,25 May 2004,4.78732,4.82659
Week 4,01 Jun 2004,4.75583,4.77827

Week 1,08 Jun 2004,4.79307,4.82307
Week 2,15 Jun 2004,4.72039,4.75440
Week 3,22 Jun 2004,4.61764,4.64805
Week 4,29 Jun 2004,4.60893,4.64363

Week 1,06 Jul 2004,4.61323,4.64583
Week 2,13 Jul 2004,4.56130,4.59062
Week 3,20 Jul 2004,4.60027,4.62971
Week 4,27 Jul 2004,4.70021,4.72731

Week 1,03 Aug 2004,4.69061,4.72039
Week 2,10 Aug 2004,4.78286,4.80508
Week 3,17 Aug 2004,5.02172,5.05270
Week 4,24 Aug 2004,5.10431,5.12718

Week 1,31 Aug 2004,5.06534,5.10105
Week 2,07 Sep 2004,5.09972,5.13381
Week 3,14 Sep 2004,5.03040,5.06599
Week 4,21 Sep 2004,5.01375,5.03988

Week 1,28 Sep 2004,5.07588,5.10936
Week 2,05 Oct 2004,5.17937,5.20070
Week 3,12 Oct 2004,5.17093,5.19139
Week 4,19 Oct 2004,5.00316,5.02541

Week 1,26 Oct 2004,5.02073,5.04749
Week 2,02 Nov 2004,5.03284,5.05765
Week 3,09 Nov 2004,5.13867,5.18074
Week 4,16 Nov 2004,5.01475,5.03883

Week 1,23 Nov 2004,4.98431,5.01787
Week 2,30 Nov 2004,4.83739,4.87372
Week 3,07 Dec 2004,4.75482,4.78592
Week 4,14 Dec 2004,4.66998,4.70616

Week 1,21 Dec 2004,4.57221,4.59906
Week 2,28 Dec 2004,4.65212,4.69196
Week 3,04 Jan 2005,4.85945,4.88481
Week 4,11 Jan 2005,4.93776,4.97401

Week 1,18 Jan 2005,4.91407,4.94311
Week 2,25 Jan 2005,4.79640,4.82425
Week 3,01 Feb 2005,4.88506,4.91587
Week 4,08 Feb 2005,4.93637,4.97132

Week 1,15 Feb 2005,4.81913,4.84854
Week 2,22 Feb 2005,4.69598,4.72502
Week 3,01 Mar 2005,4.73676,4.77119
Week 4,08 Mar 2005,4.79670,4.83328

Week 1,15 Mar 2005,5.01051,5.04670
Week 2,22 Mar 2005,5.07995,5.12184
Week 3,29 Mar 2005,5.14054,5.18009
Week 4,05 Apr 2005,5.02092,5.04794

Week 1,12 Apr 2005,4.99351,5.01898
Week 2,19 Apr 2005,4.91981,4.94799
Week 3,26 Apr 2005,4.84928,4.88130
Week 4,03 May 2005,4.81752,4.86005

Week 1,10 May 2005,4.96736,5.00471
Week 2,17 May 2005,5.08927,5.12900
Week 3,24 May 2005,5.19697,5.22644
Week 4,31 May 2005,5.43685,5.47648

Week 1,07 Jun 2005,5.36514,5.40177
Week 2,14 Jun 2005,5.41261,5.44891
Week 3,21 Jun 2005,5.43196,5.45009
Week 4,28 Jun 2005,5.44089,5.46779

Week 1,05 Jul 2005,5.56449,5.59357
Week 2,12 Jul 2005,5.44011,5.47129
Week 3,19 Jul 2005,5.40469,5.45627
Week 4,26 Jul 2005,5.37842,5.40646

Week 1,02 Aug 2005,5.31220,5.34420
Week 2,09 Aug 2005,5.28208,5.31582
Week 3,16 Aug 2005,5.36482,5.39481
Week 4,23 Aug 2005,5.39436,5.42744

Week 1,30 Aug 2005,5.32310,5.35282
Week 2,06 Sep 2005,5.31634,5.36006
Week 3,13 Sep 2005,5.37708,5.42093
Week 4,20 Sep 2005,5.43321,5.46368

Week 1,27 Sep 2005,5.44227,5.47243
Week 2,04 Oct 2005,5.52534,5.55990
Week 3,11 Oct 2005,5.53031,5.56989
Week 4,18 Oct 2005,5.56665,5.59551

Week 1,25 Oct 2005,5.65324,5.70432
Week 2,01 Nov 2005,5.63580,5.67934
Week 3,08 Nov 2005,5.66319,5.69915
Week 4,15 Nov 2005,5.63222,5.66067

Week 1,22 Nov 2005,5.56311,5.60145
Week 2,29 Nov 2005,5.51773,5.55583
Week 3,06 Dec 2005,5.45454,5.49288
Week 4,13 Dec 2005,5.49895,5.53766

Week 1,20 Dec 2005,5.45636,5.49449
Week 2,27 Dec 2005,5.42423,5.46794
Week 3,03 Jan 2006,5.31244,5.36715
Week 4,10 Jan 2006,5.19028,5.22809

Week 1,17 Jan 2006,5.16406,5.19936
Week 2,24 Jan 2006,5.26392,5.28422
Week 3,31 Jan 2006,5.31700,5.34648
Week 4,07 Feb 2006,5.32148,5.35839

Week 1,14 Feb 2006,5.25584,5.29184
Week 2,21 Feb 2006,5.27407,5.31026
Week 3,28 Feb 2006,5.41138,5.42488
Week 4,07 Mar 2006,5.41160,5.44602

Week 1,14 Mar 2006,5.35555,5.39220
Week 2,21 Mar 2006,5.37980,5.41707
Week 3,28 Mar 2006,5.31613,5.35210
Week 4,04 Apr 2006,5.23953,5.27615

Week 1,11 Apr 2006,5.31317,5.35160
Week 2,18 Apr 2006,5.25619,5.29362
Week 3,25 Apr 2006,5.36975,5.40470
Week 4,02 May 2006,5.43322,5.47337

Week 1,09 May 2006,5.52641,5.56512
Week 2,16 May 2006,5.74164,5.78078
Week 3,23 May 2006,5.86638,5.90646
Week 4,30 May 2006,6.00090,6.04256

Week 1,06 Jun 2006,6.06398,6.07755
Week 2,13 Jun 2006,6.12535,6.16572
Week 3,20 Jun 2006,6.43517,6.47574
Week 4,27 Jun 2006,6.46137,6.50176

Week 1,04 Jul 2006,6.39072,6.43024
Week 2,11 Jul 2006,6.33377,6.37352
Week 3,18 Jul 2006,6.24957,6.26218
Week 4,25 Jul 2006,6.10666,6.11409

Week 1,01 Aug 2006,6.08046,6.11810
Week 2,08 Aug 2006,6.02543,6.06371
Week 3,15 Aug 2006,6.11234,6.15176
Week 4,22 Aug 2006,6.38901,6.42952

Week 1,29 Aug 2006,6.46011,6.50056
Week 2,05 Sep 2006,6.53984,6.58058
Week 3,12 Sep 2006,6.56715,6.60764
Week 4,19 Sep 2006,6.66718,6.70764

Week 1,26 Sep 2006,6.87894,6.91949
Week 2,03 Oct 2006,6.94137,6.97148
Week 3,10 Oct 2006,6.72407,6.76407
Week 4,17 Oct 2006,6.64304,6.68302

Week 1,24 Oct 2006,6.69683,6.73721
Week 2,31 Oct 2006,6.55189,6.59193
Week 3,07 Nov 2006,6.42917,6.46903
Week 4,14 Nov 2006,6.33910,6.37857

Week 1,21 Nov 2006,6.29045,6.33028
Week 2,28 Nov 2006,6.27819,6.31770
Week 3,05 Dec 2006,6.17222,6.21118
Week 4,12 Dec 2006,6.04476,6.08359

Week 1,19 Dec 2006,6.05372,6.09028
Week 2,26 Dec 2006,6.02791,6.06810
Week 3,02 Jan 2007,6.02947,6.07708
Week 4,09 Jan 2007,6.16574,6.20176

Week 1,16 Jan 2007,6.11307,6.14903
Week 2,23 Jan 2007,6.08495,6.12081
Week 3,30 Jan 2007,6.10860,6.14430
Week 4,06 Feb 2007,6.07210,6.10799

Week 1,13 Feb 2007,6.15357,6.18961
Week 2,20 Feb 2007,6.08219,6.11856
Week 3,27 Feb 2007,6.19210,6.21414
Week 4,06 Mar 2007,6.26854,6.30460

Week 1,13 Mar 2007,6.31249,6.34890
Week 2,20 Mar 2007,6.25437,6.29107
Week 3,27 Mar 2007,6.25934,6.29600
Week 4,03 Apr 2007,6.19395,6.23091

Week 1,10 Apr 2007,6.24788,6.28520
Week 2,17 Apr 2007,6.24971,6.28733
Week 3,24 Apr 2007,6.26582,6.30367
Week 4,01 May 2007,6.28759,6.32581

Week 1,08 May 2007,6.24365,6.28183
Week 2,15 May 2007,6.33636,6.37479
Week 3,22 May 2007,6.50660,6.54539
Week 4,29 May 2007,6.62691,6.66767

Week 1,05 Jun 2007,6.76406,6.80362
Week 2,12 Jun 2007,6.73516,6.77452
Week 3,19 Jun 2007,6.64917,6.68672
Week 4,26 Jun 2007,6.64997,6.68926

Week 1,03 Jul 2007,6.60400,6.64404
Week 2,10 Jul 2007,6.63269,6.67293
Week 3,17 Jul 2007,6.60289,6.64216
Week 4,24 Jul 2007,6.60724,6.64657

Week 1,31 Jul 2007,6.69754,6.73716
Week 2,07 Aug 2007,6.73584,6.77523
Week 3,14 Aug 2007,6.87178,6.91143
Week 4,21 Aug 2007,6.86751,6.90665

Week 1,28 Aug 2007,6.78185,6.82176
Week 2,04 Sep 2007,6.84048,6.88042
Week 3,11 Sep 2007,6.88608,6.92686
Week 4,18 Sep 2007,6.98469,7.02674

Week 1,25 Sep 2007,6.90953,6.95190
Week 2,02 Oct 2007,6.91115,6.95403
Week 3,09 Oct 2007,6.93469,6.97800
Week 4,16 Oct 2007,6.98956,7.03322

Week 1,23 Oct 2007,6.84630,6.88997
Week 2,30 Oct 2007,6.91826,6.93628
Week 3,06 Nov 2007,7.00715,7.05212
Week 4,13 Nov 2007,6.91070,6.95428

Week 1,20 Nov 2007,6.86254,6.90550
Week 2,27 Nov 2007,6.88977,6.92776
Week 3,04 Dec 2007,6.69026,6.73271
Week 4,11 Dec 2007,6.66833,6.70992

Week 1,18 Dec 2007,6.94048,6.98305
Week 2,25 Dec 2007,6.98423,7.05081
Week 3,01 Jan 2008,6.85632,6.91348
Week 4,08 Jan 2008,6.74484,6.78644

Week 1,15 Jan 2008,6.75397,6.79498
Week 2,22 Jan 2008,6.97126,7.01301
Week 3,29 Jan 2008,7.28888,7.33158
Week 4,05 Feb 2008,7.62028,7.66350

Week 1,12 Feb 2008,7.66961,7.71197
Week 2,19 Feb 2008,7.61347,7.65570
Week 3,26 Feb 2008,7.73991,7.78310
Week 4,04 Mar 2008,7.98607,8.02945

Week 1,11 Mar 2008,7.98789,8.03144
Week 2,18 Mar 2008,8.01406,8.05831
Week 3,25 Mar 2008,7.91075,7.95410
Week 4,01 Apr 2008,7.78688,7.83122

Week 1,08 Apr 2008,7.65138,7.69293
Week 2,15 Apr 2008,7.73567,7.77799
Week 3,22 Apr 2008,7.56426,7.60627
Week 4,29 Apr 2008,7.44643,7.48825

Week 1,06 May 2008,7.53641,7.57901
Week 2,13 May 2008,7.53058,7.57312
Week 3,20 May 2008,7.69933,7.74408
Week 4,27 May 2008,7.69892,7.74354

Week 1,03 Jun 2008,7.67852,7.71742
Week 2,10 Jun 2008,7.80530,7.84975
Week 3,17 Jun 2008,7.85056,7.89406
Week 4,24 Jun 2008,7.83873,7.88124

Week 1,01 Jul 2008,7.64977,7.69165
Week 2,08 Jul 2008,7.58404,7.62629
Week 3,15 Jul 2008,7.55977,7.60199
Week 4,22 Jul 2008,7.46379,7.50708

Week 1,29 Jul 2008,7.15218,7.19424
Week 2,05 Aug 2008,7.11723,7.15700
Week 3,12 Aug 2008,7.34984,7.38962
Week 4,19 Aug 2008,7.30625,7.34198

Week 1,26 Aug 2008,7.31860,7.35856
Week 2,02 Sep 2008,7.37985,7.42021
Week 3,09 Sep 2008,7.50648,7.54682
Week 4,16 Sep 2008,7.58531,7.63145

Week 1,23 Sep 2008,7.78521,7.83087
Week 2,30 Sep 2008,7.82981,7.87370
Week 3,07 Oct 2008,8.04185,8.07278
Week 4,14 Oct 2008,8.26958,8.31341

Week 1,21 Oct 2008,8.70610,8.76829
Week 2,28 Oct 2008,8.18760,8.25861
Week 3,04 Nov 2008,8.40775,8.45759
Week 4,11 Nov 2008,8.34009,8.39858

Week 1,18 Nov 2008,8.27359,8.31835
Week 2,25 Nov 2008,8.07618,8.12138
Week 3,02 Dec 2008,8.13199,8.18807
Week 4,09 Dec 2008,8.09773,8.13749

Week 1,16 Dec 2008,8.11792,8.15245
Week 2,23 Dec 2008,7.93704,8.01029
Week 3,30 Dec 2008,7.72487,7.79260
Week 4,06 Jan 2009,8.03542,8.07072

Week 1,13 Jan 2009,8.11150,8.14151
Week 2,20 Jan 2009,8.11883,8.15151
Week 3,27 Jan 2009,8.21332,8.24747
Week 4,03 Feb 2009,8.03186,8.05370

Week 1,10 Feb 2009,7.96342,8.00813
Week 2,17 Feb 2009,8.05708,8.09853
Week 3,24 Feb 2009,7.94077,7.98348
Week 4,03 Mar 2009,8.11613,8.15687

Week 1,10 Mar 2009,7.92160,7.96748
Week 2,17 Mar 2009,7.75431,7.79607
Week 3,24 Mar 2009,7.68673,7.73110
Week 4,31 Mar 2009,7.45419,7.49829

Week 1,07 Apr 2009,7.36439,7.40982
Week 2,14 Apr 2009,7.39682,7.44086
Week 3,21 Apr 2009,7.25605,7.29292
Week 4,28 Apr 2009,7.11493,7.15829

Week 1,05 May 2009,7.13946,7.18328
Week 2,12 May 2009,7.28795,7.33045
Week 3,19 May 2009,7.33705,7.38131
Week 4,26 May 2009,7.29200,7.33721

Week 1,02 Jun 2009,7.26635,7.31416
Week 2,09 Jun 2009,7.21876,7.26766
Week 3,16 Jun 2009,7.12175,7.16729
Week 4,23 Jun 2009,6.96254,7.00748

Week 1,30 Jun 2009,6.75725,6.80041
Week 2,07 Jul 2009,6.97144,7.01249
Week 3,14 Jul 2009,7.18887,7.23775
Week 4,21 Jul 2009,7.08351,7.13183

Week 1,28 Jul 2009,7.19014,7.24071
Week 2,04 Aug 2009,7.34562,7.39291
Week 3,11 Aug 2009,7.36346,7.41096
Week 4,18 Aug 2009,7.25483,7.30212

Week 1,25 Aug 2009,7.14830,7.19231
Week 2,01 Sep 2009,7.02266,7.06940
Week 3,08 Sep 2009,6.95651,7.00197
Week 4,15 Sep 2009,6.89279,6.93425

Week 1,22 Sep 2009,6.85200,6.89730
Week 2,29 Sep 2009,6.95687,7.00144
Week 3,06 Oct 2009,7.01524,7.06550
Week 4,13 Oct 2009,7.06668,7.11370

Week 1,20 Oct 2009,7.06641,7.09371
Week 2,27 Oct 2009,7.17916,7.21239
Week 3,03 Nov 2009,7.15693,7.20243
Week 4,10 Nov 2009,7.02785,7.07052

Week 1,17 Nov 2009,7.06142,7.10215
Week 2,24 Nov 2009,7.01277,7.05292
Week 3,01 Dec 2009,6.98255,7.02274
Week 4,08 Dec 2009,7.09200,7.13184

Week 1,15 Dec 2009,7.02915,7.07031
Week 2,22 Dec 2009,7.19062,7.23411
Week 3,29 Dec 2009,7.04389,7.10457
Week 4,05 Jan 2010,7.08225,7.12446

Week 1,12 Jan 2010,7.15279,7.19798
Week 2,19 Jan 2010,7.18804,7.22142
Week 3,26 Jan 2010,7.12394,7.16309
Week 4,02 Feb 2010,7.12407,7.16653

Week 1,09 Feb 2010,7.24868,7.28864
Week 2,16 Feb 2010,7.31845,7.36858
Week 3,23 Feb 2010,7.33335,7.38239
Week 4,02 Mar 2010,7.23828,7.28800

Week 1,09 Mar 2010,7.21148,7.25972
Week 2,16 Mar 2010,7.20639,7.25596
Week 3,23 Mar 2010,7.20843,7.25669
Week 4,30 Mar 2010,7.17422,7.22234

Week 1,06 Apr 2010,7.21441,7.26471
Week 2,13 Apr 2010,7.26766,7.31651
Week 3,20 Apr 2010,7.40394,7.42714
Week 4,27 Apr 2010,7.29198,7.33972

Week 1,04 May 2010,7.33701,7.38390
Week 2,11 May 2010,7.30453,7.35148
Week 3,18 May 2010,7.37297,7.41856
Week 4,25 May 2010,7.26464,7.31118

Week 1,01 Jun 2010,7.32039,7.36415
Week 2,08 Jun 2010,7.40179,7.44643
Week 3,15 Jun 2010,7.36895,7.40762
Week 4,22 Jun 2010,7.31490,7.35959

Week 1,29 Jun 2010,7.25792,7.30367
Week 2,06 Jul 2010,7.26916,7.31726
Week 3,13 Jul 2010,7.24567,7.29328
Week 4,20 Jul 2010,7.18111,7.23021

Week 1,27 Jul 2010,7.07539,7.12516
Week 2,03 Aug 2010,7.06889,7.11850
Week 3,10 Aug 2010,6.98057,7.03020
Week 4,17 Aug 2010,6.98609,7.03583

Week 1,24 Aug 2010,6.92673,6.97574
Week 2,31 Aug 2010,6.89784,6.94719
Week 3,07 Sep 2010,6.93185,6.98196
Week 4,14 Sep 2010,6.90185,6.95017

Week 1,21 Sep 2010,6.84028,6.89060
Week 2,28 Sep 2010,6.76429,6.81499
Week 3,05 Oct 2010,6.76358,6.81465
Week 4,12 Oct 2010,6.75464,6.80503

Week 1,19 Oct 2010,6.73904,6.78856
Week 2,26 Oct 2010,6.80748,6.85617
Week 3,02 Nov 2010,6.79422,6.83667
Week 4,09 Nov 2010,6.84129,6.88354

Week 1,16 Nov 2010,6.86244,6.90425
Week 2,23 Nov 2010,6.94242,6.98435
Week 3,30 Nov 2010,6.87655,6.91994
Week 4,07 Dec 2010,6.80959,6.85248

Week 1,14 Dec 2010,6.77256,6.81502
Week 2,21 Dec 2010,6.67929,6.72628
Week 3,28 Dec 2010,6.62985,6.68075
Week 4,04 Jan 2011,6.74695,6.79149

Week 1,11 Jan 2011,6.91370,6.95757
Week 2,18 Jan 2011,7.02636,7.07015
Week 3,25 Jan 2011,7.09557,7.13896
Week 4,01 Feb 2011,7.24792,7.29132

Week 1,08 Feb 2011,7.29912,7.34333
Week 2,15 Feb 2011,7.30066,7.34485
Week 3,22 Feb 2011,7.18527,7.22939
Week 4,01 Mar 2011,7.09641,7.12687

Week 1,08 Mar 2011,7.06062,7.10523
Week 2,15 Mar 2011,7.08655,7.13377
Week 3,22 Mar 2011,7.02017,7.06481
Week 4,29 Mar 2011,6.97421,7.01867

Week 1,05 Apr 2011,6.93446,6.98037
Week 2,12 Apr 2011,7.02747,7.07240
Week 3,19 Apr 2011,7.05387,7.10006
Week 4,26 Apr 2011,6.96083,7.00665

Week 1,03 May 2011,6.92908,6.97442
Week 2,10 May 2011,7.10902,7.15342
Week 3,17 May 2011,7.11326,7.15554
Week 4,24 May 2011,7.11264,7.15507

Week 1,31 May 2011,6.93776,6.98144
Week 2,07 Jun 2011,6.88954,6.93231
Week 3,14 Jun 2011,6.92529,6.96891
Week 4,21 Jun 2011,6.93830,6.98136

Week 1,28 Jun 2011,6.98014,7.02501
Week 2,05 Jul 2011,6.96415,7.00772
Week 3,12 Jul 2011,7.11712,7.16145
Week 4,19 Jul 2011,7.18979,7.23462

Week 1,26 Jul 2011,7.04051,7.08507
Week 2,02 Aug 2011,7.02202,7.06897
Week 3,09 Aug 2011,7.24099,7.28680
Week 4,16 Aug 2011,7.23139,7.27494

Week 1,23 Aug 2011,7.27487,7.31713
Week 2,30 Aug 2011,7.17047,7.21349
Week 3,06 Sep 2011,7.23185,7.27550
Week 4,13 Sep 2011,7.48302,7.52835

Week 1,20 Sep 2011,7.87560,7.92139
Week 2,27 Sep 2011,7.70591,7.74944
Week 3,04 Oct 2011,7.69374,7.73676
Week 4,11 Oct 2011,7.68587,7.73108

Week 1,18 Oct 2011,7.90260,7.94720
Week 2,25 Oct 2011,7.81354,7.85804
Week 3,01 Nov 2011,7.81189,7.85680
Week 4,08 Nov 2011,7.79233,7.83655

Week 1,15 Nov 2011,7.93049,7.97325
Week 2,22 Nov 2011,8.08014,8.12606
Week 3,29 Nov 2011,7.97328,8.01650
Week 4,06 Dec 2011,7.93726,7.98052

Week 1,13 Dec 2011,8.05118,8.09420
Week 2,20 Dec 2011,7.99229,8.03590
Week 3,27 Dec 2011,7.94151,7.99468
Week 4,03 Jan 2012,7.94798,7.99523

Week 1,10 Jan 2012,7.92805,7.96996
Week 2,17 Jan 2012,7.86761,7.90912
Week 3,24 Jan 2012,7.79647,7.83711
Week 4,31 Jan 2012,7.66651,7.70706

Week 1,07 Feb 2012,7.63280,7.67653
Week 2,14 Feb 2012,7.72779,7.76909
Week 3,21 Feb 2012,7.66054,7.70269
Week 4,28 Feb 2012,7.55749,7.59748

Week 1,06 Mar 2012,7.59711,7.63778
Week 2,13 Mar 2012,7.62923,7.67166
Week 3,20 Mar 2012,7.66533,7.70913
Week 4,27 Mar 2012,7.66231,7.70405

Week 1,03 Apr 2012,7.80979,7.85386
Week 2,10 Apr 2012,7.92180,7.96517
Week 3,17 Apr 2012,7.88058,7.92321
Week 4,24 Apr 2012,7.87415,7.91662

Week 1,01 May 2012,7.83396,7.87580
Week 2,08 May 2012,7.97005,8.01263
Week 3,15 May 2012,8.16595,8.20688
Week 4,22 May 2012,8.12957,8.17079

Week 1,29 May 2012,8.19311,8.23384
Week 2,05 Jun 2012,8.13259,8.17535
Week 3,12 Jun 2012,8.15591,8.19778
Week 4,19 Jun 2012,8.10814,8.14988

Week 1,26 Jun 2012,8.12284,8.16551
Week 2,03 Jul 2012,8.03823,8.05406
Week 3,10 Jul 2012,8.10916,8.12691
Week 4,17 Jul 2012,8.11922,8.13358

Week 1,24 Jul 2012,8.21478,8.22919
Week 2,31 Jul 2012,8.19497,8.21080
Week 3,07 Aug 2012,8.15398,8.16954
Week 4,14 Aug 2012,8.30923,8.32478

Week 1,21 Aug 2012,8.39843,8.41274
Week 2,28 Aug 2012,8.50349,8.51927
Week 3,04 Sep 2012,8.43677,8.45530
Week 4,11 Sep 2012,8.44671,8.46316

Week 1,18 Sep 2012,8.46386,8.48287
Week 2,25 Sep 2012,8.40732,8.42355
Week 3,02 Oct 2012,8.68270,8.69823
Week 4,09 Oct 2012,8.92413,8.94189

Week 1,16 Oct 2012,8.79985,8.81563
Week 2,23 Oct 2012,8.73064,8.74573
Week 3,30 Oct 2012,8.70804,8.72389
Week 4,06 Nov 2012,8.71240,8.72630

Week 1,13 Nov 2012,8.82275,8.83720
Week 2,20 Nov 2012,8.91958,8.93418
Week 3,27 Nov 2012,8.90834,8.92233
Week 4,04 Dec 2012,8.81855,8.83160

Week 1,11 Dec 2012,8.76790,8.78131
Week 2,18 Dec 2012,8.63359,8.64754
Week 3,25 Dec 2012,8.57772,8.59206
Week 4,01 Jan 2013,8.61073,8.62482

Week 1,08 Jan 2013,8.76123,8.77525
Week 2,15 Jan 2013,8.91701,8.93142
Week 3,22 Jan 2013,8.94378,8.95730
Week 4,29 Jan 2013,8.94577,8.95928

Week 1,05 Feb 2013,8.89299,8.90723
Week 2,12 Feb 2013,8.82620,8.83917
Week 3,19 Feb 2013,8.72808,8.74101
Week 4,26 Feb 2013,8.70923,8.72160

Week 1,05 Mar 2013,8.83230,8.84515
Week 2,12 Mar 2013,8.95532,8.96826
Week 3,19 Mar 2013,9.05072,9.06391
Week 4,26 Mar 2013,9.07998,9.09792

Week 1,02 Apr 2013,9.02329,9.03755
Week 2,09 Apr 2013,8.81560,8.82976
Week 3,16 Apr 2013,8.94359,8.95706
Week 4,23 Apr 2013,8.95099,8.96448

Week 1,30 Apr 2013,8.88113,8.89515
Week 2,07 May 2013,8.96995,8.98455
Week 3,14 May 2013,9.10413,9.11728
Week 4,21 May 2013,9.24435,9.26130

Week 1,28 May 2013,9.53659,9.56489
Week 2,04 Jun 2013,9.64827,9.66895
Week 3,11 Jun 2013,9.82668,9.85472
Week 4,18 Jun 2013,9.77463,9.79803

Week 1,25 Jun 2013,9.52182,9.54446
Week 2,02 Jul 2013,9.53218,9.55781
Week 3,09 Jul 2013,9.58587,9.60802
Week 4,16 Jul 2013,9.49778,9.52529

Week 1,23 Jul 2013,9.47518,9.49902
Week 2,30 Jul 2013,9.53262,9.55226
Week 3,06 Aug 2013,9.51026,9.53755
Week 4,13 Aug 2013,9.65791,9.67831

Week 1,20 Aug 2013,9.77558,9.79529
Week 2,27 Aug 2013,9.79870,9.82371
Week 3,03 Sep 2013,9.69758,9.72565
Week 4,10 Sep 2013,9.60434,9.63015

Week 1,17 Sep 2013,9.52214,9.53748
Week 2,24 Sep 2013,9.66455,9.69231
Week 3,01 Oct 2013,9.72267,9.74212
Week 4,08 Oct 2013,9.58609,9.61382

Week 1,15 Oct 2013,9.54271,9.56359
Week 2,22 Oct 2013,9.43586,9.45537
Week 3,29 Oct 2013,9.56940,9.59180
Week 4,05 Nov 2013,9.80546,9.82803

Week 1,12 Nov 2013,9.80247,9.82315
Week 2,19 Nov 2013,9.64578,9.66613
Week 3,26 Nov 2013,9.59247,9.61293
Week 4,03 Dec 2013,9.70546,9.72969

Week 1,10 Dec 2013,9.73699,9.75745
Week 2,17 Dec 2013,9.71881,9.73862
Week 3,24 Dec 2013,9.75628,9.78679
Week 4,31 Dec 2013,9.93006,9.95881

Week 1,07 Jan 2014,9.88571,9.90360
Week 2,14 Jan 2014,9.90777,9.92508
Week 3,21 Jan 2014,9.91095,9.93520
Week 4,28 Jan 2014,9.99171,10.01986

Week 1,04 Feb 2014,10.02460,10.04694
Week 2,11 Feb 2014,9.96450,9.98911
Week 3,18 Feb 2014,9.88223,9.90869
Week 4,25 Feb 2014,9.70913,9.73167

Week 1,04 Mar 2014,9.69658,9.71455
Week 2,11 Mar 2014,9.67992,9.70194
Week 3,18 Mar 2014,9.67811,9.69801
Week 4,25 Mar 2014,9.60845,9.62180

Week 1,01 Apr 2014,9.59951,9.61755
Week 2,08 Apr 2014,9.55679,9.57854
Week 3,15 Apr 2014,9.54881,9.57053
Week 4,22 Apr 2014,9.59819,9.61507

Week 1,29 Apr 2014,9.58580,9.60027
Week 2,06 May 2014,9.55293,9.56831
Week 3,13 May 2014,9.50494,9.51753
Week 4,20 May 2014,9.50665,9.52950

Week 1,27 May 2014,9.63850,9.65296
Week 2,03 Jun 2014,9.75743,9.77143
Week 3,10 Jun 2014,9.81841,9.83200
Week 4,17 Jun 2014,9.89755,9.91101

Week 1,24 Jun 2014,9.90161,9.91772
Week 2,01 Jul 2014,10.04602,10.06388
Week 3,08 Jul 2014,10.02098,10.03689
Week 4,15 Jul 2014,9.93975,9.95330

Week 1,22 Jul 2014,9.79326,9.80985
Week 2,29 Jul 2014,9.77673,9.79095
Week 3,05 Aug 2014,9.76909,9.78357
Week 4,12 Aug 2014,9.70606,9.72009

Week 1,19 Aug 2014,9.74836,9.77101
Week 2,26 Aug 2014,9.77484,9.79189
Week 3,02 Sep 2014,9.81918,9.83208
Week 4,09 Sep 2014,9.91812,9.93693

Week 1,16 Sep 2014,10.02040,10.04247
Week 2,23 Sep 2014,10.07229,10.08661
Week 3,30 Sep 2014,10.07229,10.09153
Week 4,07 Oct 2014,9.96535,9.98312

Week 1,14 Oct 2014,9.82822,9.84408
Week 2,21 Oct 2014,9.76502,9.78032
Week 3,28 Oct 2014,9.74671,9.76802
Week 4,04 Nov 2014,9.82144,9.83623

Week 1,11 Nov 2014,9.86128,9.88338
Week 2,18 Nov 2014,9.75098,9.76554
Week 3,25 Nov 2014,9.70971,9.73313
Week 4,02 Dec 2014,9.81903,9.84162

Week 1,09 Dec 2014,10.02073,10.03471
Week 2,16 Dec 2014,9.99153,10.01604
Week 3,23 Dec 2014,9.97659,10.00635
Week 4,30 Dec 2014,9.95221,9.97711

Week 1,06 Jan 2015,9.81516,9.83651
Week 2,13 Jan 2015,9.62383,9.64602
Week 3,20 Jan 2015,9.38338,9.40653
Week 4,27 Jan 2015,9.18941,9.20848

Week 1,03 Feb 2015,9.13913,9.15746
Week 2,10 Feb 2015,9.32911,9.34463
Week 3,17 Feb 2015,9.32306,9.34300
Week 4,24 Feb 2015,9.25134,9.26806

Week 1,03 Mar 2015,9.45570,9.47145
Week 2,10 Mar 2015,9.67810,9.69431
Week 3,17 Mar 2015,9.63086,9.65239
Week 4,24 Mar 2015,9.52455,9.54082

Week 1,31 Mar 2015,9.49971,9.51758
Week 2,07 Apr 2015,9.47771,9.49771
Week 3,14 Apr 2015,9.74107,9.76244
Week 4,21 Apr 2015,9.93050,9.94860

Week 1,28 Apr 2015,9.87441,9.89825
Week 2,05 May 2015,9.91322,9.93307
Week 3,12 May 2015,9.88616,9.90763
Week 4,19 May 2015,9.71153,9.72840

Week 1,26 May 2015,9.71998,9.73453
Week 2,02 Jun 2015,9.92498,9.94760
Week 3,09 Jun 2015,10.05984,10.07916
Week 4,16 Jun 2015,9.99531,10.01781

Week 1,23 Jun 2015,9.85395,9.87468
Week 2,30 Jun 2015,9.79374,9.82010
Week 3,07 Jul 2015,9.81025,9.83462
Week 4,14 Jul 2015,9.61873,9.63186

Week 1,21 Jul 2015,9.58395,9.60564
Week 2,28 Jul 2015,9.69545,9.71616
Week 3,04 Aug 2015,9.64745,9.66295
Week 4,11 Aug 2015,9.76466,9.78219

Week 1,18 Aug 2015,9.83957,9.85796
Week 2,25 Aug 2015,9.93053,9.95645
Week 3,01 Sep 2015,10.23970,10.26254
Week 4,08 Sep 2015,10.32909,10.35499

Week 1,15 Sep 2015,10.11421,10.13599
Week 2,22 Sep 2015,10.33199,10.35574
Week 3,29 Sep 2015,10.43074,10.44776
Week 4,06 Oct 2015,10.32759,10.34767

Week 1,13 Oct 2015,10.20621,10.23261
Week 2,20 Oct 2015,10.26294,10.28437
Week 3,27 Oct 2015,10.43916,10.46080
Week 4,03 Nov 2015,10.58063,10.59676

Week 1,10 Nov 2015,10.74233,10.76304
Week 2,17 Nov 2015,10.59910,10.62209
Week 3,24 Nov 2015,10.64576,10.66477
Week 4,01 Dec 2015,10.75730,10.77811

Week 1,08 Dec 2015,11.12014,11.14387
Week 2,15 Dec 2015,10.88504,10.91353
Week 3,22 Dec 2015,10.93884,10.96770
Week 4,29 Dec 2015,11.11856,11.13851

Week 1,05 Jan 2016,11.32213,11.34164
Week 2,12 Jan 2016,11.55791,11.58381
Week 3,19 Jan 2016,11.57410,11.60159
Week 4,26 Jan 2016,11.50339,11.53059

Week 1,02 Feb 2016,11.50263,11.52719
Week 2,09 Feb 2016,11.46594,11.49373
Week 3,16 Feb 2016,11.27816,11.30470
Week 4,23 Feb 2016,11.46896,11.49556

Week 1,01 Mar 2016,11.61839,11.64536
Week 2,08 Mar 2016,11.49480,11.52060
Week 3,15 Mar 2016,11.76257,11.79177
Week 4,22 Mar 2016,11.65093,11.68230

Week 1,29 Mar 2016,11.45581,11.48584
Week 2,05 Apr 2016,11.46750,11.49654
Week 3,12 Apr 2016,11.37890,11.40733
Week 4,19 Apr 2016,11.29249,11.32057

Week 1,26 Apr 2016,11.37909,11.40550
Week 2,03 May 2016,11.50681,11.53277
Week 3,10 May 2016,11.74804,11.77027
Week 4,17 May 2016,12.02820,12.04964

Week 1,24 May 2016,11.98413,12.00873
Week 2,31 May 2016,11.87527,11.89856
Week 3,07 Jun 2016,11.72690,11.75247
Week 4,14 Jun 2016,11.81113,11.83780

Week 1,21 Jun 2016,11.52370,11.55986
Week 2,28 Jun 2016,11.45131,11.48757
Week 3,05 Jul 2016,11.26936,11.30244
Week 4,12 Jul 2016,11.09841,11.12993

Week 1,19 Jul 2016,10.93329,10.96516
Week 2,26 Jul 2016,10.76177,10.79293
Week 3,02 Aug 2016,10.53730,10.56853
Week 4,09 Aug 2016,10.31090,10.34174

Week 1,16 Aug 2016,10.41444,10.44633
Week 2,23 Aug 2016,10.83479,10.86430
Week 3,30 Aug 2016,11.11344,11.14541
Week 4,06 Sep 2016,10.99044,11.01874

Week 1,13 Sep 2016,10.83527,10.86531
Week 2,20 Sep 2016,10.45917,10.48999
Week 3,27 Sep 2016,10.39674,10.42484
Week 4,04 Oct 2016,10.42580,10.45064

Week 1,11 Oct 2016,10.74519,10.77026
Week 2,18 Oct 2016,10.58911,10.61234
Week 3,25 Oct 2016,10.35034,10.37971
Week 4,01 Nov 2016,10.10011,10.12966

Week 1,08 Nov 2016,10.26860,10.30187
Week 2,15 Nov 2016,10.62133,10.65356
Week 3,22 Nov 2016,10.48879,10.52334
Week 4,29 Nov 2016,10.39949,10.42443

Week 1,06 Dec 2016,10.35176,10.38107
Week 2,13 Dec 2016,10.45829,10.48964
Week 3,20 Dec 2016,10.40489,10.43881
Week 4,27 Dec 2016,10.21299,10.25466

Week 1,03 Jan 2017,10.27041,10.31040
Week 2,10 Jan 2017,10.32173,10.35357
Week 3,17 Jan 2017,10.24793,10.27866
Week 4,24 Jan 2017,10.17970,10.20901

Week 1,31 Jan 2017,10.25166,10.28010
Week 2,07 Feb 2017,10.19156,10.22203
Week 3,14 Feb 2017,10.00516,10.03418
Week 4,21 Feb 2017,9.90360,9.92831

Week 1,28 Feb 2017,9.78966,9.81398
Week 2,07 Mar 2017,9.74420,9.76621
Week 3,14 Mar 2017,9.63173,9.65481
Week 4,21 Mar 2017,9.38654,9.39926

Week 1,28 Mar 2017,9.80722,9.82906
Week 2,04 Apr 2017,10.22863,10.25337
Week 3,11 Apr 2017,10.19532,10.22721
Week 4,18 Apr 2017,9.83723,9.86340

Week 1,25 Apr 2017,9.71108,9.74102
Week 2,02 May 2017,9.79689,9.82061
Week 3,09 May 2017,9.81081,9.84013
Week 4,16 May 2017,9.73501,9.75648

Week 1,23 May 2017,9.63808,9.65885
Week 2,30 May 2017,9.59286,9.62143
Week 3,06 Jun 2017,9.52816,9.55867
Week 4,13 Jun 2017,9.63686,9.66170

Week 1,20 Jun 2017,9.76837,9.79742
Week 2,27 Jun 2017,9.92896,9.95829
Week 3,04 Jul 2017,10.28758,10.30848
Week 4,11 Jul 2017,10.36562,10.38448

Week 1,18 Jul 2017,10.26843,10.28616
Week 2,25 Jul 2017,10.39873,10.42144
Week 3,01 Aug 2017,10.57071,10.59119
Week 4,08 Aug 2017,10.55347,10.57629

Week 1,15 Aug 2017,10.45044,10.47044
Week 2,22 Aug 2017,10.47379,10.49253
Week 3,29 Aug 2017,10.40454,10.42308
Week 4,05 Sep 2017,10.52298,10.54423

Week 1,12 Sep 2017,10.74445,10.76721
Week 2,19 Sep 2017,10.77455,10.79698
Week 3,26 Sep 2017,10.83744,10.85673
Week 4,03 Oct 2017,10.90614,10.92456

Week 1,10 Oct 2017,10.79677,10.81331
Week 2,17 Oct 2017,10.77149,10.78795
Week 3,24 Oct 2017,10.95272,10.96646
Week 4,31 Oct 2017,11.00702,11.02402

Week 1,07 Nov 2017,11.21141,11.22387
Week 2,14 Nov 2017,11.14744,11.16831
Week 3,21 Nov 2017,10.96420,10.98669
Week 4,28 Nov 2017,10.74406,10.76171

Week 1,05 Dec 2017,10.67211,10.68429

