CAD->RUB

Week 1,01 Dec 1998,12.94776,13.11433
Week 2,08 Dec 1998,13.61351,13.84151
Week 3,15 Dec 1998,14.06220,14.22761
Week 4,22 Dec 1998,13.39500,13.58009

Week 1,29 Dec 1998,13.59934,14.32703
Week 2,05 Jan 1999,15.22706,15.45819
Week 3,12 Jan 1999,14.94517,15.10479
Week 4,19 Jan 1999,15.18416,15.29790

Week 1,26 Jan 1999,15.18107,15.25516
Week 2,02 Feb 1999,15.51237,15.58374
Week 3,09 Feb 1999,15.43471,15.50576
Week 4,16 Feb 1999,15.43134,15.53229

Week 1,23 Feb 1999,15.26036,15.35756
Week 2,02 Mar 1999,15.31616,15.38319
Week 3,09 Mar 1999,15.35661,15.44347
Week 4,16 Mar 1999,15.72999,15.82629

Week 1,23 Mar 1999,17.14891,17.46596
Week 2,30 Mar 1999,17.09529,17.28183
Week 3,06 Apr 1999,17.28459,17.46084
Week 4,13 Apr 1999,17.20324,17.30376

Week 1,20 Apr 1999,16.78783,16.97386
Week 2,27 Apr 1999,16.77671,16.93880
Week 3,04 May 1999,16.59080,16.76224
Week 4,11 May 1999,17.11537,17.41471

Week 1,18 May 1999,16.92254,17.00790
Week 2,25 May 1999,16.70514,16.78563
Week 3,01 Jun 1999,16.74333,16.79424
Week 4,08 Jun 1999,16.74634,16.82797

Week 1,15 Jun 1999,16.68757,16.77236
Week 2,22 Jun 1999,16.56639,16.66020
Week 3,29 Jun 1999,16.61729,16.71414
Week 4,06 Jul 1999,16.60693,16.73044

Week 1,13 Jul 1999,16.39986,16.49003
Week 2,20 Jul 1999,16.14024,16.24573
Week 3,27 Jul 1999,16.06011,16.11160
Week 4,03 Aug 1999,16.19811,16.22663

Week 1,10 Aug 1999,16.64533,16.75621
Week 2,17 Aug 1999,16.59360,16.70096
Week 3,24 Aug 1999,16.58803,16.68019
Week 4,31 Aug 1999,17.11150,17.22004

Week 1,07 Sep 1999,17.39480,17.54941
Week 2,14 Sep 1999,17.25079,17.38720
Week 3,21 Sep 1999,17.18239,17.25977
Week 4,28 Sep 1999,17.21894,17.37606

Week 1,05 Oct 1999,17.51486,17.58180
Week 2,12 Oct 1999,17.36047,17.38836
Week 3,19 Oct 1999,17.37321,17.44027
Week 4,26 Oct 1999,17.67903,17.73993

Week 1,02 Nov 1999,17.90134,18.00231
Week 2,09 Nov 1999,17.90560,17.96176
Week 3,16 Nov 1999,18.01983,18.07769
Week 4,23 Nov 1999,18.02234,18.08261

Week 1,30 Nov 1999,17.90956,18.03431
Week 2,07 Dec 1999,18.17031,18.22934
Week 3,14 Dec 1999,18.12294,18.16544
Week 4,21 Dec 1999,18.22923,18.27679

Week 1,28 Dec 1999,18.87356,18.92497
Week 2,04 Jan 2000,18.80699,18.92196
Week 3,11 Jan 2000,19.62306,19.70086
Week 4,18 Jan 2000,19.74081,19.79000

Week 1,25 Jan 2000,19.80051,19.84601
Week 2,01 Feb 2000,19.89570,19.94234
Week 3,08 Feb 2000,19.85859,19.90623
Week 4,15 Feb 2000,19.81707,19.84929

Week 1,22 Feb 2000,19.76846,19.81160
Week 2,29 Feb 2000,19.71136,19.75469
Week 3,07 Mar 2000,19.58241,19.62531
Week 4,14 Mar 2000,19.36130,19.40466

Week 1,21 Mar 2000,19.32399,19.36980
Week 2,28 Mar 2000,19.60221,19.64520
Week 3,04 Apr 2000,19.72356,19.76681
Week 4,11 Apr 2000,19.41379,19.45571

Week 1,18 Apr 2000,19.37909,19.42609
Week 2,25 Apr 2000,19.26163,19.30566
Week 3,02 May 2000,19.06221,19.09756
Week 4,09 May 2000,19.00636,19.04230

Week 1,16 May 2000,18.94373,18.97791
Week 2,23 May 2000,18.79691,18.83993
Week 3,30 May 2000,19.00696,19.05244
Week 4,06 Jun 2000,19.17039,19.21144

Week 1,13 Jun 2000,19.25460,19.29979
Week 2,20 Jun 2000,19.08694,19.13086
Week 3,27 Jun 2000,18.94054,18.97754
Week 4,04 Jul 2000,18.87606,18.90434

Week 1,11 Jul 2000,18.80244,18.82561
Week 2,18 Jul 2000,18.76459,18.78659
Week 3,25 Jul 2000,18.84361,18.86907
Week 4,01 Aug 2000,18.67271,18.70151

Week 1,08 Aug 2000,18.65127,18.68027
Week 2,15 Aug 2000,18.75773,18.78396
Week 3,22 Aug 2000,18.68779,18.71299
Week 4,29 Aug 2000,18.79221,18.81757

Week 1,05 Sep 2000,18.84836,18.87376
Week 2,12 Sep 2000,18.72359,18.74969
Week 3,19 Sep 2000,18.70397,18.73003
Week 4,26 Sep 2000,18.55214,18.58429

Week 1,03 Oct 2000,18.53520,18.56443
Week 2,10 Oct 2000,18.51174,18.53733
Week 3,17 Oct 2000,18.42453,18.44989
Week 4,24 Oct 2000,18.30756,18.33276

Week 1,31 Oct 2000,18.18033,18.20444
Week 2,07 Nov 2000,18.04041,18.06426
Week 3,14 Nov 2000,17.87996,17.90314
Week 4,21 Nov 2000,18.03199,18.05660

Week 1,28 Nov 2000,18.07427,18.09897
Week 2,05 Dec 2000,18.29209,18.31717
Week 3,12 Dec 2000,18.36127,18.38617
Week 4,19 Dec 2000,18.39341,18.41867

Week 1,26 Dec 2000,18.84929,18.87513
Week 2,02 Jan 2001,18.99179,19.01781
Week 3,09 Jan 2001,18.92009,18.94607
Week 4,16 Jan 2001,18.77224,18.79793

Week 1,23 Jan 2001,18.82701,18.85279
Week 2,30 Jan 2001,18.97413,19.00014
Week 3,06 Feb 2001,18.91400,18.93910
Week 4,13 Feb 2001,18.71704,18.74354

Week 1,20 Feb 2001,18.67824,18.70343
Week 2,27 Feb 2001,18.62547,18.64991
Week 3,06 Mar 2001,18.53099,18.55593
Week 4,13 Mar 2001,18.36973,18.39437

Week 1,20 Mar 2001,18.31361,18.33807
Week 2,27 Mar 2001,18.32031,18.34431
Week 3,03 Apr 2001,18.35316,18.37757
Week 4,10 Apr 2001,18.46054,18.48626

Week 1,17 Apr 2001,18.59687,18.62177
Week 2,24 Apr 2001,18.69031,18.71440
Week 3,01 May 2001,18.85854,18.88270
Week 4,08 May 2001,18.73586,18.76000

Week 1,15 May 2001,18.88893,18.91424
Week 2,22 May 2001,18.83084,18.85434
Week 3,29 May 2001,18.90101,18.92396
Week 4,05 Jun 2001,19.12131,19.14521

Week 1,12 Jun 2001,19.12404,19.14810
Week 2,19 Jun 2001,19.04090,19.06474
Week 3,26 Jun 2001,19.18506,19.21089
Week 4,03 Jul 2001,19.24284,19.26409

Week 1,10 Jul 2001,19.10491,19.12844
Week 2,17 Jul 2001,18.98473,19.00783
Week 3,24 Jul 2001,19.04963,19.07434
Week 4,31 Jul 2001,19.15021,19.17293

Week 1,07 Aug 2001,19.08114,19.10489
Week 2,14 Aug 2001,19.07213,19.09529
Week 3,21 Aug 2001,19.02713,19.04733
Week 4,28 Aug 2001,19.00741,19.02544

Week 1,04 Sep 2001,18.85716,18.87967
Week 2,11 Sep 2001,18.82594,18.84354
Week 3,18 Sep 2001,18.74573,18.75519
Week 4,25 Sep 2001,18.68597,18.69711

Week 1,02 Oct 2001,18.78571,18.79557
Week 2,09 Oct 2001,18.83620,18.85243
Week 3,16 Oct 2001,18.80349,18.81846
Week 4,23 Oct 2001,18.77241,18.78517

Week 1,30 Oct 2001,18.72284,18.73877
Week 2,06 Nov 2001,18.60033,18.61147
Week 3,13 Nov 2001,18.68260,18.69690
Week 4,20 Nov 2001,18.66856,18.68241

Week 1,27 Nov 2001,18.86970,18.88350
Week 2,04 Dec 2001,18.96533,18.97929
Week 3,11 Dec 2001,19.12193,19.14230
Week 4,18 Dec 2001,19.06087,19.07173

Week 1,25 Dec 2001,18.99573,19.02779
Week 2,01 Jan 2002,19.12236,19.15376
Week 3,08 Jan 2002,19.10401,19.12389
Week 4,15 Jan 2002,19.03853,19.05261

Week 1,22 Jan 2002,19.02419,19.03879
Week 2,29 Jan 2002,19.27960,19.29217
Week 3,05 Feb 2002,19.22496,19.24204
Week 4,12 Feb 2002,19.39501,19.40773

Week 1,19 Feb 2002,19.39976,19.41663
Week 2,26 Feb 2002,19.36071,19.37511
Week 3,05 Mar 2002,19.56533,19.57957
Week 4,12 Mar 2002,19.59246,19.60476

Week 1,19 Mar 2002,19.72164,19.73510
Week 2,26 Mar 2002,19.56110,19.57439
Week 3,02 Apr 2002,19.60137,19.61347
Week 4,09 Apr 2002,19.62947,19.64283

Week 1,16 Apr 2002,19.77789,19.79087
Week 2,23 Apr 2002,19.91096,19.92480
Week 3,30 Apr 2002,19.97374,19.98617
Week 4,07 May 2002,19.97661,19.98870

Week 1,14 May 2002,20.14363,20.15781
Week 2,21 May 2002,20.37200,20.38667
Week 3,28 May 2002,20.44090,20.45574
Week 4,04 Jun 2002,20.48273,20.49720

Week 1,11 Jun 2002,20.38396,20.39884
Week 2,18 Jun 2002,20.51323,20.52423
Week 3,25 Jun 2002,20.75450,20.76900
Week 4,02 Jul 2002,20.67477,20.69121

Week 1,09 Jul 2002,20.67046,20.68969
Week 2,16 Jul 2002,20.45797,20.47197
Week 3,23 Jul 2002,19.99186,20.01613
Week 4,30 Jul 2002,19.92404,19.93954

Week 1,06 Aug 2002,20.00150,20.01661
Week 2,13 Aug 2002,20.20241,20.21731
Week 3,20 Aug 2002,20.22634,20.23940
Week 4,27 Aug 2002,20.27911,20.29466

Week 1,03 Sep 2002,20.26164,20.27657
Week 2,10 Sep 2002,20.05979,20.07589
Week 3,17 Sep 2002,20.07600,20.09291
Week 4,24 Sep 2002,20.04080,20.05491

Week 1,01 Oct 2002,19.94424,19.96200
Week 2,08 Oct 2002,19.90556,19.92511
Week 3,15 Oct 2002,20.07586,20.09431
Week 4,22 Oct 2002,20.25934,20.27240

Week 1,29 Oct 2002,20.36356,20.38443
Week 2,05 Nov 2002,20.40120,20.41250
Week 3,12 Nov 2002,20.16457,20.17676
Week 4,19 Nov 2002,20.12267,20.13426

Week 1,26 Nov 2002,20.27756,20.29220
Week 2,03 Dec 2002,20.40527,20.41916
Week 3,10 Dec 2002,20.42429,20.43744
Week 4,17 Dec 2002,20.51329,20.53389

Week 1,24 Dec 2002,20.39707,20.41447
Week 2,31 Dec 2002,20.32930,20.35469
Week 3,07 Jan 2003,20.49950,20.52307
Week 4,14 Jan 2003,20.69590,20.71817

Week 1,21 Jan 2003,20.83599,20.85911
Week 2,28 Jan 2003,20.87079,20.89924
Week 3,04 Feb 2003,20.94297,20.97066
Week 4,11 Feb 2003,20.75789,20.78967

Week 1,18 Feb 2003,20.87694,20.90456
Week 2,25 Feb 2003,21.19001,21.21741
Week 3,04 Mar 2003,21.44956,21.47361
Week 4,11 Mar 2003,21.30903,21.34231

Week 1,18 Mar 2003,21.12309,21.14801
Week 2,25 Mar 2003,21.30177,21.33371
Week 3,01 Apr 2003,21.24979,21.27787
Week 4,08 Apr 2003,21.40103,21.42460

Week 1,15 Apr 2003,21.49236,21.50856
Week 2,22 Apr 2003,21.44154,21.46259
Week 3,29 Apr 2003,21.77524,21.79274
Week 4,06 May 2003,22.26111,22.27967

Week 1,13 May 2003,22.46743,22.48847
Week 2,20 May 2003,22.54247,22.56134
Week 3,27 May 2003,22.36940,22.38553
Week 4,03 Jun 2003,22.52121,22.53877

Week 1,10 Jun 2003,22.66530,22.68506
Week 2,17 Jun 2003,22.50306,22.52049
Week 3,24 Jun 2003,22.44190,22.46224
Week 4,01 Jul 2003,22.56804,22.59449

Week 1,08 Jul 2003,22.15816,22.18436
Week 2,15 Jul 2003,21.80479,21.83019
Week 3,22 Jul 2003,21.74257,21.76803
Week 4,29 Jul 2003,21.69960,21.72476

Week 1,05 Aug 2003,21.72724,21.75263
Week 2,12 Aug 2003,21.88646,21.91654
Week 3,19 Aug 2003,21.62203,21.65064
Week 4,26 Aug 2003,21.85164,21.87891

Week 1,02 Sep 2003,22.25134,22.27471
Week 2,09 Sep 2003,22.42784,22.45937
Week 3,16 Sep 2003,22.50816,22.53356
Week 4,23 Sep 2003,22.53786,22.56287

Week 1,30 Sep 2003,22.64589,22.67239
Week 2,07 Oct 2003,22.74170,22.76539
Week 3,14 Oct 2003,22.81861,22.84137
Week 4,21 Oct 2003,22.82947,22.85084

Week 1,28 Oct 2003,22.76376,22.79141
Week 2,04 Nov 2003,22.42957,22.45380
Week 3,11 Nov 2003,22.83403,22.85840
Week 4,18 Nov 2003,22.83871,22.86894

Week 1,25 Nov 2003,22.76970,22.79354
Week 2,02 Dec 2003,22.73876,22.76479
Week 3,09 Dec 2003,22.45696,22.47657
Week 4,16 Dec 2003,22.02596,22.04714

Week 1,23 Dec 2003,22.29226,22.31773
Week 2,30 Dec 2003,22.58316,22.61370
Week 3,06 Jan 2004,22.73357,22.75681
Week 4,13 Jan 2004,22.35540,22.38009

Week 1,20 Jan 2004,21.94020,21.96263
Week 2,27 Jan 2004,21.52317,21.54470
Week 3,03 Feb 2004,21.41396,21.44273
Week 4,10 Feb 2004,21.55239,21.57400

Week 1,17 Feb 2004,21.45917,21.48416
Week 2,24 Feb 2004,21.34357,21.36827
Week 3,02 Mar 2004,21.45219,21.47401
Week 4,09 Mar 2004,21.49749,21.52310

Week 1,16 Mar 2004,21.37969,21.40066
Week 2,23 Mar 2004,21.45371,21.46951
Week 3,30 Mar 2004,21.73104,21.74784
Week 4,06 Apr 2004,21.56553,21.58479

Week 1,13 Apr 2004,21.31884,21.33937
Week 2,20 Apr 2004,21.27624,21.29604
Week 3,27 Apr 2004,21.19281,21.21157
Week 4,04 May 2004,21.00634,21.02577

Week 1,11 May 2004,20.89247,20.91227
Week 2,18 May 2004,21.02376,21.04194
Week 3,25 May 2004,21.23291,21.25090
Week 4,01 Jun 2004,21.37823,21.39634

Week 1,08 Jun 2004,21.36030,21.38264
Week 2,15 Jun 2004,21.19801,21.22160
Week 3,22 Jun 2004,21.34724,21.37137
Week 4,29 Jun 2004,21.78043,21.80259

Week 1,06 Jul 2004,22.00187,22.02486
Week 2,13 Jul 2004,22.10999,22.12841
Week 3,20 Jul 2004,22.06759,22.08713
Week 4,27 Jul 2004,21.86707,21.88501

Week 1,03 Aug 2004,22.14200,22.16193
Week 2,10 Aug 2004,22.16841,22.18901
Week 3,17 Aug 2004,22.43399,22.45389
Week 4,24 Aug 2004,22.30331,22.32624

Week 1,31 Aug 2004,22.37431,22.39983
Week 2,07 Sep 2004,22.62363,22.64301
Week 3,14 Sep 2004,22.51097,22.52859
Week 4,21 Sep 2004,22.79169,22.81019

Week 1,28 Sep 2004,23.08131,23.09873
Week 2,05 Oct 2004,23.21049,23.22347
Week 3,12 Oct 2004,23.22303,23.24157
Week 4,19 Oct 2004,23.34344,23.36316

Week 1,26 Oct 2004,23.53086,23.56263
Week 2,02 Nov 2004,23.77517,23.79941
Week 3,09 Nov 2004,23.98643,24.00986
Week 4,16 Nov 2004,23.88819,23.91451

Week 1,23 Nov 2004,24.03053,24.05634
Week 2,30 Nov 2004,23.53737,23.55984
Week 3,07 Dec 2004,23.00161,23.03113
Week 4,14 Dec 2004,22.72359,22.75290

Week 1,21 Dec 2004,22.58944,22.61233
Week 2,28 Dec 2004,22.96953,22.99767
Week 3,04 Jan 2005,22.63030,22.66907
Week 4,11 Jan 2005,22.99023,23.01811

Week 1,18 Jan 2005,22.96979,22.99689
Week 2,25 Jan 2005,22.70469,22.72819
Week 3,01 Feb 2005,22.53023,22.55286
Week 4,08 Feb 2005,22.60197,22.62386

Week 1,15 Feb 2005,22.69396,22.71686
Week 2,22 Feb 2005,22.46903,22.48777
Week 3,01 Mar 2005,22.40946,22.43266
Week 4,08 Mar 2005,22.75363,22.77114

Week 1,15 Mar 2005,22.83194,22.85320
Week 2,22 Mar 2005,22.75031,22.77547
Week 3,29 Mar 2005,22.91773,22.93703
Week 4,05 Apr 2005,22.74566,22.76644

Week 1,12 Apr 2005,22.41861,22.44347
Week 2,19 Apr 2005,22.39376,22.41346
Week 3,26 Apr 2005,22.17637,22.19821
Week 4,03 May 2005,22.29914,22.31831

Week 1,10 May 2005,22.25571,22.27806
Week 2,17 May 2005,22.13650,22.16179
Week 3,24 May 2005,22.26319,22.28037
Week 4,31 May 2005,22.65914,22.67831

Week 1,07 Jun 2005,22.73967,22.75740
Week 2,14 Jun 2005,23.02931,23.04710
Week 3,21 Jun 2005,23.18837,23.20560
Week 4,28 Jun 2005,23.17686,23.19106

Week 1,05 Jul 2005,23.41150,23.42866
Week 2,12 Jul 2005,23.60119,23.61809
Week 3,19 Jul 2005,23.50653,23.52873
Week 4,26 Jul 2005,23.34920,23.36824

Week 1,02 Aug 2005,23.42481,23.44434
Week 2,09 Aug 2005,23.53313,23.55619
Week 3,16 Aug 2005,23.58771,23.60766
Week 4,23 Aug 2005,23.77913,23.80109

Week 1,30 Aug 2005,23.86696,23.88617
Week 2,06 Sep 2005,23.86547,23.88746
Week 3,13 Sep 2005,24.00664,24.02970
Week 4,20 Sep 2005,24.27307,24.29329

Week 1,27 Sep 2005,24.39036,24.41281
Week 2,04 Oct 2005,24.28836,24.30917
Week 3,11 Oct 2005,24.18559,24.20849
Week 4,18 Oct 2005,24.20167,24.22084

Week 1,25 Oct 2005,24.19110,24.21139
Week 2,01 Nov 2005,24.20363,24.22303
Week 3,08 Nov 2005,24.24153,24.26571
Week 4,15 Nov 2005,24.24767,24.27050

Week 1,22 Nov 2005,24.52174,24.53956
Week 2,29 Nov 2005,24.72867,24.74900
Week 3,06 Dec 2005,24.93399,24.95484
Week 4,13 Dec 2005,24.82941,24.84994

Week 1,20 Dec 2005,24.66051,24.68061
Week 2,27 Dec 2005,24.66359,24.68507
Week 3,03 Jan 2006,24.69314,24.71584
Week 4,10 Jan 2006,24.49119,24.51089

Week 1,17 Jan 2006,24.35964,24.37859
Week 2,24 Jan 2006,24.32109,24.33730
Week 3,31 Jan 2006,24.61236,24.62953
Week 4,07 Feb 2006,24.54446,24.56370

Week 1,14 Feb 2006,24.41770,24.43703
Week 2,21 Feb 2006,24.51640,24.54223
Week 3,28 Feb 2006,24.62941,24.64547
Week 4,07 Mar 2006,24.30179,24.31880

Week 1,14 Mar 2006,24.01186,24.03051
Week 2,21 Mar 2006,23.82493,23.84359
Week 3,28 Mar 2006,23.85676,23.87943
Week 4,04 Apr 2006,23.82411,23.84227

Week 1,11 Apr 2006,24.09976,24.11683
Week 2,18 Apr 2006,24.10771,24.12597
Week 3,25 Apr 2006,24.26107,24.27980
Week 4,02 May 2006,24.47501,24.49520

Week 1,09 May 2006,24.39823,24.41874
Week 2,16 May 2006,24.21823,24.24113
Week 3,23 May 2006,24.26291,24.28613
Week 4,30 May 2006,24.42424,24.44686

Week 1,06 Jun 2006,24.24424,24.25953
Week 2,13 Jun 2006,24.24567,24.26774
Week 3,20 Jun 2006,24.17306,24.19316
Week 4,27 Jun 2006,24.11176,24.13169

Week 1,04 Jul 2006,24.14309,24.16351
Week 2,11 Jul 2006,23.85929,23.87859
Week 3,18 Jul 2006,23.73161,23.74881
Week 4,25 Jul 2006,23.64884,23.66284

Week 1,01 Aug 2006,23.69976,23.72030
Week 2,08 Aug 2006,23.81391,23.83231
Week 3,15 Aug 2006,23.80687,23.82733
Week 4,22 Aug 2006,24.03979,24.06220

Week 1,29 Aug 2006,24.15404,24.17604
Week 2,05 Sep 2006,24.02700,24.04886
Week 3,12 Sep 2006,23.92720,23.94800
Week 4,19 Sep 2006,23.84283,23.86494

Week 1,26 Sep 2006,23.99096,24.01200
Week 2,03 Oct 2006,23.86504,23.88223
Week 3,10 Oct 2006,23.76596,23.78581
Week 4,17 Oct 2006,23.75049,23.76953

Week 1,24 Oct 2006,23.85353,23.87180
Week 2,31 Oct 2006,23.68251,23.70107
Week 3,07 Nov 2006,23.58196,23.60054
Week 4,14 Nov 2006,23.35541,23.37494

Week 1,21 Nov 2006,23.24567,23.26209
Week 2,28 Nov 2006,23.07329,23.09137
Week 3,05 Dec 2006,22.87314,22.89287
Week 4,12 Dec 2006,22.80046,22.81954

Week 1,19 Dec 2006,22.78556,22.80480
Week 2,26 Dec 2006,22.66837,22.69014
Week 3,02 Jan 2007,22.52469,22.54673
Week 4,09 Jan 2007,22.59073,22.60654

Week 1,16 Jan 2007,22.63411,22.65127
Week 2,23 Jan 2007,22.48739,22.50509
Week 3,30 Jan 2007,22.43380,22.45100
Week 4,06 Feb 2007,22.39061,22.40769

Week 1,13 Feb 2007,22.50800,22.52609
Week 2,20 Feb 2007,22.52989,22.54649
Week 3,27 Feb 2007,22.35037,22.36410
Week 4,06 Mar 2007,22.28720,22.30444

Week 1,13 Mar 2007,22.22220,22.23950
Week 2,20 Mar 2007,22.36444,22.38151
Week 3,27 Mar 2007,22.46143,22.47871
Week 4,03 Apr 2007,22.48764,22.51096

Week 1,10 Apr 2007,22.63993,22.65899
Week 2,17 Apr 2007,22.82026,22.83710
Week 3,24 Apr 2007,22.96981,22.98770
Week 4,01 May 2007,23.19921,23.21681

Week 1,08 May 2007,23.27846,23.29623
Week 2,15 May 2007,23.49126,23.50860
Week 3,22 May 2007,23.88636,23.90364
Week 4,29 May 2007,24.18226,24.20103

Week 1,05 Jun 2007,24.41859,24.43609
Week 2,12 Jun 2007,24.38587,24.40343
Week 3,19 Jun 2007,24.25177,24.27060
Week 4,26 Jun 2007,24.17421,24.19190

Week 1,03 Jul 2007,24.34047,24.35913
Week 2,10 Jul 2007,24.31479,24.33280
Week 3,17 Jul 2007,24.30844,24.32679
Week 4,24 Jul 2007,24.25116,24.26890

Week 1,31 Jul 2007,24.09530,24.11234
Week 2,07 Aug 2007,24.14986,24.16767
Week 3,14 Aug 2007,24.11354,24.13240
Week 4,21 Aug 2007,24.36546,24.38490

Week 1,28 Aug 2007,24.26883,24.28719
Week 2,04 Sep 2007,24.31663,24.33561
Week 3,11 Sep 2007,24.44184,24.46027
Week 4,18 Sep 2007,24.87859,24.89849

Week 1,25 Sep 2007,24.95001,24.97084
Week 2,02 Oct 2007,25.16627,25.18606
Week 3,09 Oct 2007,25.49470,25.51427
Week 4,16 Oct 2007,25.57109,25.59081

Week 1,23 Oct 2007,25.65590,25.67557
Week 2,30 Oct 2007,26.06294,26.08137
Week 3,06 Nov 2007,26.26507,26.28751
Week 4,13 Nov 2007,25.33169,25.35193

Week 1,20 Nov 2007,24.73267,24.75313
Week 2,27 Nov 2007,24.53021,24.54993
Week 3,04 Dec 2007,24.28993,24.31066
Week 4,11 Dec 2007,24.20924,24.22980

Week 1,18 Dec 2007,24.69703,24.71809
Week 2,25 Dec 2007,25.01016,25.03553
Week 3,01 Jan 2008,24.61366,24.64306
Week 4,08 Jan 2008,24.14661,24.16821

Week 1,15 Jan 2008,23.86496,23.88373
Week 2,22 Jan 2008,24.13539,24.16011
Week 3,29 Jan 2008,24.47729,24.49703
Week 4,05 Feb 2008,24.62110,24.64129

Week 1,12 Feb 2008,24.57829,24.59770
Week 2,19 Feb 2008,24.21891,24.23831
Week 3,26 Feb 2008,24.45074,24.47010
Week 4,04 Mar 2008,24.18914,24.20841

Week 1,11 Mar 2008,23.95364,23.97249
Week 2,18 Mar 2008,23.42559,23.44806
Week 3,25 Mar 2008,23.10786,23.12857
Week 4,01 Apr 2008,23.21270,23.23243

Week 1,08 Apr 2008,23.07757,23.09637
Week 2,15 Apr 2008,23.18297,23.20199
Week 3,22 Apr 2008,23.21823,23.23697
Week 4,29 Apr 2008,23.36561,23.38497

Week 1,06 May 2008,23.54744,23.56701
Week 2,13 May 2008,23.72024,23.74003
Week 3,20 May 2008,23.86160,23.88196
Week 4,27 May 2008,23.83310,23.85383

Week 1,03 Jun 2008,23.38571,23.40377
Week 2,10 Jun 2008,23.14043,23.15941
Week 3,17 Jun 2008,23.17747,23.19607
Week 4,24 Jun 2008,23.21714,23.23613

Week 1,01 Jul 2008,23.04951,23.06833
Week 2,08 Jul 2008,23.06577,23.08439
Week 3,15 Jul 2008,23.08891,23.10697
Week 4,22 Jul 2008,23.04766,23.06623

Week 1,29 Jul 2008,22.86766,22.88720
Week 2,05 Aug 2008,22.63377,22.65124
Week 3,12 Aug 2008,22.95309,22.97151
Week 4,19 Aug 2008,23.15734,23.17347

Week 1,26 Aug 2008,23.33256,23.35091
Week 2,02 Sep 2008,23.62837,23.64737
Week 3,09 Sep 2008,24.01013,24.02857
Week 4,16 Sep 2008,23.97174,23.99376

Week 1,23 Sep 2008,24.16553,24.18653
Week 2,30 Sep 2008,24.13656,24.15696
Week 3,07 Oct 2008,23.04463,23.06764
Week 4,14 Oct 2008,22.36201,22.38536

Week 1,21 Oct 2008,21.62736,21.64590
Week 2,28 Oct 2008,21.80607,21.83663
Week 3,04 Nov 2008,22.82129,22.84371
Week 4,11 Nov 2008,22.49269,22.51531

Week 1,18 Nov 2008,21.91523,21.93609
Week 2,25 Nov 2008,22.22176,22.37727
Week 3,02 Dec 2008,22.19411,22.31999
Week 4,09 Dec 2008,22.14653,22.29483

Week 1,16 Dec 2008,22.71500,22.93857
Week 2,23 Dec 2008,23.42224,23.47454
Week 3,30 Dec 2008,24.07097,24.32181
Week 4,06 Jan 2009,24.46373,24.86044

Week 1,13 Jan 2009,25.77950,26.06139
Week 2,20 Jan 2009,26.24023,26.47026
Week 3,27 Jan 2009,28.03974,28.19824
Week 4,03 Feb 2009,29.27204,29.48146

Week 1,10 Feb 2009,28.25111,28.55120
Week 2,17 Feb 2009,28.49290,28.69067
Week 3,24 Feb 2009,28.31487,28.65131
Week 4,03 Mar 2009,27.80321,28.13439

Week 1,10 Mar 2009,27.14841,27.49904
Week 2,17 Mar 2009,26.99547,27.18289
Week 3,24 Mar 2009,27.09951,27.28331
Week 4,31 Mar 2009,26.80960,27.15776

Week 1,07 Apr 2009,27.18687,27.30046
Week 2,14 Apr 2009,27.37154,27.73886
Week 3,21 Apr 2009,27.26853,27.63730
Week 4,28 Apr 2009,27.57991,27.70416

Week 1,05 May 2009,27.82281,28.17431
Week 2,12 May 2009,27.41320,27.62174
Week 3,19 May 2009,27.51996,27.67716
Week 4,26 May 2009,27.89076,28.09009

Week 1,02 Jun 2009,27.84219,28.08747
Week 2,09 Jun 2009,27.81271,27.97861
Week 3,16 Jun 2009,27.42744,27.60609
Week 4,23 Jun 2009,27.04036,27.23137

Week 1,30 Jun 2009,26.82217,27.09743
Week 2,07 Jul 2009,27.51267,27.63810
Week 3,14 Jul 2009,28.33359,28.42964
Week 4,21 Jul 2009,28.27880,28.40363

Week 1,28 Jul 2009,28.86470,28.94679
Week 2,04 Aug 2009,29.10649,29.20209
Week 3,11 Aug 2009,29.13131,29.25861
Week 4,18 Aug 2009,28.99710,29.26049

Week 1,25 Aug 2009,28.90900,29.10526
Week 2,01 Sep 2009,28.97184,29.01879
Week 3,08 Sep 2009,28.72334,28.75211
Week 4,15 Sep 2009,28.38139,28.50387

Week 1,22 Sep 2009,27.76706,27.96796
Week 2,29 Sep 2009,27.72181,27.92804
Week 3,06 Oct 2009,28.11364,28.21761
Week 4,13 Oct 2009,28.37654,28.59090

Week 1,20 Oct 2009,27.79641,27.82443
Week 2,27 Oct 2009,27.07104,27.27691
Week 3,03 Nov 2009,27.15717,27.18711
Week 4,10 Nov 2009,27.32264,27.35499

Week 1,17 Nov 2009,27.17723,27.21089
Week 2,24 Nov 2009,27.42669,27.45717
Week 3,01 Dec 2009,27.80034,27.82529
Week 4,08 Dec 2009,28.58509,28.61001

Week 1,15 Dec 2009,28.59293,28.62250
Week 2,22 Dec 2009,28.41990,28.45749
Week 3,29 Dec 2009,28.58814,28.72761
Week 4,05 Jan 2010,28.95004,29.02904

Week 1,12 Jan 2010,28.59017,28.65416
Week 2,19 Jan 2010,28.46146,28.48984
Week 3,26 Jan 2010,28.45173,28.49706
Week 4,02 Feb 2010,28.34126,28.36353

Week 1,09 Feb 2010,28.57391,28.59919
Week 2,16 Feb 2010,28.67860,28.90833
Week 3,23 Feb 2010,28.38516,28.60517
Week 4,02 Mar 2010,28.64236,29.07744

Week 1,09 Mar 2010,28.79914,28.82823
Week 2,16 Mar 2010,28.83447,28.86729
Week 3,23 Mar 2010,28.90473,28.93294
Week 4,30 Mar 2010,28.85224,29.09276

Week 1,06 Apr 2010,29.14347,29.17730
Week 2,13 Apr 2010,28.75851,28.99713
Week 3,20 Apr 2010,29.06911,29.09850
Week 4,27 Apr 2010,28.85073,28.99929

Week 1,04 May 2010,28.89149,29.34843
Week 2,11 May 2010,29.43086,29.46161
Week 3,18 May 2010,29.36260,29.39324
Week 4,25 May 2010,29.18564,29.25896

Week 1,01 Jun 2010,29.49301,29.96553
Week 2,08 Jun 2010,30.35089,30.38086
Week 3,15 Jun 2010,30.24231,30.54196
Week 4,22 Jun 2010,29.97610,30.00511

Week 1,29 Jun 2010,29.25110,29.70097
Week 2,06 Jul 2010,29.59183,29.62586
Week 3,13 Jul 2010,29.11344,29.55689
Week 4,20 Jul 2010,29.07824,29.31330

Week 1,27 Jul 2010,29.16803,29.41300
Week 2,03 Aug 2010,29.15121,29.18083
Week 3,10 Aug 2010,29.18284,29.23100
Week 4,17 Aug 2010,29.20747,29.46411

Week 1,24 Aug 2010,28.99433,29.24864
Week 2,31 Aug 2010,29.20049,29.24657
Week 3,07 Sep 2010,29.70823,29.75186
Week 4,14 Sep 2010,29.81423,30.28031

Week 1,21 Sep 2010,30.06607,30.11807
Week 2,28 Sep 2010,29.70157,29.75277
Week 3,05 Oct 2010,29.43210,29.67773
Week 4,12 Oct 2010,29.83386,29.92673

Week 1,19 Oct 2010,29.74234,29.79416
Week 2,26 Oct 2010,29.93420,29.98534
Week 3,02 Nov 2010,30.46826,30.52046
Week 4,09 Nov 2010,30.50597,30.55730

Week 1,16 Nov 2010,30.55430,30.60601
Week 2,23 Nov 2010,30.74150,30.78506
Week 3,30 Nov 2010,30.92030,30.94864
Week 4,07 Dec 2010,30.76577,30.79544

Week 1,14 Dec 2010,30.36684,30.61360
Week 2,21 Dec 2010,30.23429,30.26606
Week 3,28 Dec 2010,30.38196,30.43511
Week 4,04 Jan 2011,30.80054,30.83677

Week 1,11 Jan 2011,30.50340,30.54091
Week 2,18 Jan 2011,29.99777,30.25711
Week 3,25 Jan 2011,29.83929,29.87071
Week 4,01 Feb 2011,29.60824,29.95654

Week 1,08 Feb 2011,29.54947,29.58044
Week 2,15 Feb 2011,29.60607,29.63443
Week 3,22 Feb 2011,29.55141,29.58401
Week 4,01 Mar 2011,29.17643,29.20881

Week 1,08 Mar 2011,29.22571,29.25080
Week 2,15 Mar 2011,29.07401,29.11349
Week 3,22 Mar 2011,28.84367,28.97286
Week 4,29 Mar 2011,29.22740,29.27919

Week 1,05 Apr 2011,29.32836,29.37894
Week 2,12 Apr 2011,29.27550,29.31924
Week 3,19 Apr 2011,29.37930,29.41627
Week 4,26 Apr 2011,29.06826,29.10773

Week 1,03 May 2011,28.67943,28.72761
Week 2,10 May 2011,28.92583,28.97790
Week 3,17 May 2011,28.87337,28.90234
Week 4,24 May 2011,28.86619,28.90980

Week 1,31 May 2011,28.59246,28.65156
Week 2,07 Jun 2011,28.28267,28.62830
Week 3,14 Jun 2011,28.60269,28.72243
Week 4,21 Jun 2011,28.64823,28.68300

Week 1,28 Jun 2011,28.80903,28.83784
Week 2,05 Jul 2011,29.04431,29.09144
Week 3,12 Jul 2011,29.28413,29.32460
Week 4,19 Jul 2011,29.32377,29.45489

Week 1,26 Jul 2011,29.03186,29.07776
Week 2,02 Aug 2011,28.84103,28.89441
Week 3,09 Aug 2011,29.55336,29.66494
Week 4,16 Aug 2011,29.12506,29.51684

Week 1,23 Aug 2011,29.29474,29.36786
Week 2,30 Aug 2011,29.51346,29.61150
Week 3,06 Sep 2011,29.92999,30.00547
Week 4,13 Sep 2011,30.77247,30.85800

Week 1,20 Sep 2011,31.33394,31.39940
Week 2,27 Sep 2011,30.93160,30.98776
Week 3,04 Oct 2011,30.91481,31.04201
Week 4,11 Oct 2011,30.46281,30.75493

Week 1,18 Oct 2011,30.52387,30.87010
Week 2,25 Oct 2011,30.18374,30.26137
Week 3,01 Nov 2011,30.04983,30.14927
Week 4,08 Nov 2011,29.86887,30.09816

Week 1,15 Nov 2011,29.82839,30.26801
Week 2,22 Nov 2011,29.88076,30.28843
Week 3,29 Nov 2011,30.10074,30.54876
Week 4,06 Dec 2011,30.58799,31.05023

Week 1,13 Dec 2011,30.70267,30.87566
Week 2,20 Dec 2011,30.56479,30.94340
Week 3,27 Dec 2011,31.03416,31.14907
Week 4,03 Jan 2012,31.16381,31.52763

Week 1,10 Jan 2012,30.92903,31.36899
Week 2,17 Jan 2012,30.78644,31.26849
Week 3,24 Jan 2012,30.16134,30.56659
Week 4,31 Jan 2012,30.09957,30.46930

Week 1,07 Feb 2012,29.94756,30.10700
Week 2,14 Feb 2012,29.97084,30.14424
Week 3,21 Feb 2012,29.57331,29.63030
Week 4,28 Feb 2012,29.34063,29.54506

Week 1,06 Mar 2012,29.60114,29.68396
Week 2,13 Mar 2012,29.63353,29.68936
Week 3,20 Mar 2012,29.27296,29.60971
Week 4,27 Mar 2012,29.31969,29.37013

Week 1,03 Apr 2012,29.58269,29.63530
Week 2,10 Apr 2012,29.50251,29.80456
Week 3,17 Apr 2012,29.68219,29.74401
Week 4,24 Apr 2012,29.78007,29.83606

Week 1,01 May 2012,29.57619,30.03293
Week 2,08 May 2012,30.05863,30.22761
Week 3,15 May 2012,30.47847,30.53356
Week 4,22 May 2012,30.85601,30.91123

Week 1,29 May 2012,31.79383,32.03717
Week 2,05 Jun 2012,31.66700,31.85789
Week 3,12 Jun 2012,31.55931,31.93119
Week 4,19 Jun 2012,31.91766,32.26223

Week 1,26 Jun 2012,32.08574,32.15019
Week 2,03 Jul 2012,31.87969,32.24424
Week 3,10 Jul 2012,31.97647,32.36989
Week 4,17 Jul 2012,31.68571,32.02593

Week 1,24 Jul 2012,31.94177,32.13141
Week 2,31 Jul 2012,32.09233,32.14773
Week 3,07 Aug 2012,31.86364,31.90960
Week 4,14 Aug 2012,32.24316,32.28529

Week 1,21 Aug 2012,32.08060,32.14049
Week 2,28 Aug 2012,32.38406,32.74854
Week 3,04 Sep 2012,32.54231,32.59589
Week 4,11 Sep 2012,31.95043,32.05977

Week 1,18 Sep 2012,31.64244,31.95953
Week 2,25 Sep 2012,31.71313,31.76863
Week 3,02 Oct 2012,31.54949,31.72109
Week 4,09 Oct 2012,31.71677,31.82610

Week 1,16 Oct 2012,31.23106,31.40704
Week 2,23 Oct 2012,31.44614,31.49300
Week 3,30 Oct 2012,31.45536,31.50411
Week 4,06 Nov 2012,31.51386,31.66904

Week 1,13 Nov 2012,31.56526,31.74853
Week 2,20 Nov 2012,31.27223,31.42560
Week 3,27 Nov 2012,31.09986,31.24313
Week 4,04 Dec 2012,31.02029,31.27251

Week 1,11 Dec 2012,31.07499,31.21224
Week 2,18 Dec 2012,31.11781,31.16257
Week 3,25 Dec 2012,30.66960,30.71993
Week 4,01 Jan 2013,30.66394,30.72373

Week 1,08 Jan 2013,30.54373,30.90226
Week 2,15 Jan 2013,30.57511,30.74193
Week 3,22 Jan 2013,30.06124,30.24116
Week 4,29 Jan 2013,29.92781,29.96873

Week 1,05 Feb 2013,30.10366,30.15330
Week 2,12 Feb 2013,29.94010,29.98417
Week 3,19 Feb 2013,29.75626,29.80214
Week 4,26 Feb 2013,29.79089,29.83617

Week 1,05 Mar 2013,29.85083,29.90414
Week 2,12 Mar 2013,29.91084,30.06454
Week 3,19 Mar 2013,30.11400,30.17041
Week 4,26 Mar 2013,30.39893,30.45986

Week 1,02 Apr 2013,30.94191,30.98446
Week 2,09 Apr 2013,30.59081,30.66756
Week 3,16 Apr 2013,30.74079,30.83304
Week 4,23 Apr 2013,30.57194,30.90124

Week 1,30 Apr 2013,30.80157,30.88279
Week 2,07 May 2013,30.95326,31.01786
Week 3,14 May 2013,30.76450,30.82330
Week 4,21 May 2013,30.35007,30.41641

Week 1,28 May 2013,30.50590,30.63341
Week 2,04 Jun 2013,31.17753,31.24640
Week 3,11 Jun 2013,31.45840,31.52011
Week 4,18 Jun 2013,31.38994,31.46047

Week 1,25 Jun 2013,31.24323,31.31557
Week 2,02 Jul 2013,31.42463,31.48117
Week 3,09 Jul 2013,31.37774,31.45300
Week 4,16 Jul 2013,31.19599,31.25003

Week 1,23 Jul 2013,31.55609,31.65367
Week 2,30 Jul 2013,31.85624,31.92639
Week 3,06 Aug 2013,31.76054,31.80791
Week 4,13 Aug 2013,31.90737,31.96411

Week 1,20 Aug 2013,31.57169,31.62427
Week 2,27 Aug 2013,31.50799,31.58976
Week 3,03 Sep 2013,31.80879,31.86224
Week 4,10 Sep 2013,31.64546,31.69433

Week 1,17 Sep 2013,31.06476,31.12531
Week 2,24 Sep 2013,31.14881,31.21640
Week 3,01 Oct 2013,31.23000,31.28304
Week 4,08 Oct 2013,31.11219,31.20591

Week 1,15 Oct 2013,31.00990,31.09851
Week 2,22 Oct 2013,30.60831,30.66393
Week 3,29 Oct 2013,30.74969,30.83421
Week 4,05 Nov 2013,31.07986,31.13979

Week 1,12 Nov 2013,31.23134,31.28577
Week 2,19 Nov 2013,31.20014,31.30591
Week 3,26 Nov 2013,31.23979,31.28483
Week 4,03 Dec 2013,30.99106,31.03409

Week 1,10 Dec 2013,30.88547,30.92273
Week 2,17 Dec 2013,30.95673,31.00101
Week 3,24 Dec 2013,30.62723,30.68156
Week 4,31 Dec 2013,30.97864,31.03643

Week 1,07 Jan 2014,30.63929,30.69016
Week 2,14 Jan 2014,30.53646,30.57690
Week 3,21 Jan 2014,30.88581,30.92801
Week 4,28 Jan 2014,31.36964,31.43654

Week 1,04 Feb 2014,31.54530,31.58499
Week 2,11 Feb 2014,31.74956,31.79623
Week 3,18 Feb 2014,32.12084,32.16320
Week 4,25 Feb 2014,32.32586,32.37364

Week 1,04 Mar 2014,32.76250,32.82369
Week 2,11 Mar 2014,32.85514,32.94816
Week 3,18 Mar 2014,32.44370,32.50584
Week 4,25 Mar 2014,32.09829,32.23641

Week 1,01 Apr 2014,31.99693,32.11066
Week 2,08 Apr 2014,32.50089,32.55846
Week 3,15 Apr 2014,32.47993,32.64034
Week 4,22 Apr 2014,32.45143,32.51279

Week 1,29 Apr 2014,32.53870,32.61456
Week 2,06 May 2014,32.35933,32.42101
Week 3,13 May 2014,31.96246,32.06093
Week 4,20 May 2014,31.50360,31.56811

Week 1,27 May 2014,31.82996,31.89817
Week 2,03 Jun 2014,31.80796,31.88573
Week 3,10 Jun 2014,31.57119,31.61413
Week 4,17 Jun 2014,31.89916,31.94049

Week 1,24 Jun 2014,31.58651,31.63076
Week 2,01 Jul 2014,32.11196,32.20203
Week 3,08 Jul 2014,31.97654,32.02681
Week 4,15 Jul 2014,32.35647,32.41840

Week 1,22 Jul 2014,32.53966,32.59887
Week 2,29 Jul 2014,32.74017,32.79886
Week 3,05 Aug 2014,32.97373,33.02799
Week 4,12 Aug 2014,33.00143,33.05643

Week 1,19 Aug 2014,33.01413,33.08381
Week 2,26 Aug 2014,33.48043,33.58567
Week 3,02 Sep 2014,34.02027,34.08630
Week 4,09 Sep 2014,33.94803,34.03180

Week 1,16 Sep 2014,34.90007,34.96934
Week 2,23 Sep 2014,34.88216,34.97134
Week 3,30 Sep 2014,35.47774,35.55697
Week 4,07 Oct 2014,35.83587,35.90641

Week 1,14 Oct 2014,36.09389,36.21941
Week 2,21 Oct 2014,36.86306,36.92226
Week 3,28 Oct 2014,38.05477,38.20096
Week 4,04 Nov 2014,39.79130,40.02247

Week 1,11 Nov 2014,41.11740,41.19723
Week 2,18 Nov 2014,41.08666,41.14154
Week 3,25 Nov 2014,42.08920,42.22651
Week 4,02 Dec 2014,46.21913,46.31140

Week 1,09 Dec 2014,48.09029,48.34946
Week 2,16 Dec 2014,55.09526,55.38280
Week 3,23 Dec 2014,46.49176,46.65696
Week 4,30 Dec 2014,49.82479,50.41034

Week 1,06 Jan 2015,51.89086,52.37274
Week 2,13 Jan 2015,53.98147,54.09466
Week 3,20 Jan 2015,52.70873,52.84511
Week 4,27 Jan 2015,54.52587,54.61404

Week 1,03 Feb 2015,53.52056,53.63697
Week 2,10 Feb 2015,51.85219,51.94433
Week 3,17 Feb 2015,49.66294,49.76657
Week 4,24 Feb 2015,49.45740,49.58111

Week 1,03 Mar 2015,48.83483,48.88431
Week 2,10 Mar 2015,48.44347,48.55044
Week 3,17 Mar 2015,47.66889,47.72587
Week 4,24 Mar 2015,46.07137,46.13740

Week 1,31 Mar 2015,45.43179,45.52324
Week 2,07 Apr 2015,42.86803,42.94587
Week 3,14 Apr 2015,41.46136,41.55747
Week 4,21 Apr 2015,42.40896,42.47491

Week 1,28 Apr 2015,42.46366,42.83750
Week 2,05 May 2015,42.04610,42.12140
Week 3,12 May 2015,41.52563,41.63259
Week 4,19 May 2015,40.61603,40.71526

Week 1,26 May 2015,41.57220,41.70366
Week 2,02 Jun 2015,43.98147,44.12659
Week 3,09 Jun 2015,44.63820,44.80636
Week 4,16 Jun 2015,44.00984,44.08184

Week 1,23 Jun 2015,44.14471,44.21834
Week 2,30 Jun 2015,44.46080,44.54277
Week 3,07 Jul 2015,44.71320,44.80183
Week 4,14 Jul 2015,44.10854,44.17301

Week 1,21 Jul 2015,44.24736,44.31341
Week 2,28 Jul 2015,46.23784,46.32477
Week 3,04 Aug 2015,48.30436,48.40271
Week 4,11 Aug 2015,49.23841,49.32939

Week 1,18 Aug 2015,51.19311,51.30170
Week 2,25 Aug 2015,51.01646,51.13900
Week 3,01 Sep 2015,50.59694,50.72179
Week 4,08 Sep 2015,51.31554,51.41211

Week 1,15 Sep 2015,50.21639,50.30056
Week 2,22 Sep 2015,49.53361,49.63231
Week 3,29 Sep 2015,49.53044,49.62320
Week 4,06 Oct 2015,48.08801,48.17771

Week 1,13 Oct 2015,47.75773,47.87961
Week 2,20 Oct 2015,47.59337,47.68236
Week 3,27 Oct 2015,48.61609,48.70029
Week 4,03 Nov 2015,48.44779,48.51519

Week 1,10 Nov 2015,49.35476,49.48110
Week 2,17 Nov 2015,48.67873,48.75030
Week 3,24 Nov 2015,49.38970,49.47091
Week 4,01 Dec 2015,50.31031,50.35507

Week 1,08 Dec 2015,50.64234,50.72713
Week 2,15 Dec 2015,50.86884,50.93243
Week 3,22 Dec 2015,50.88904,50.92871
Week 4,29 Dec 2015,52.58703,52.62460

Week 1,05 Jan 2016,51.40434,51.42439
Week 2,12 Jan 2016,52.88124,52.95836
Week 3,19 Jan 2016,55.53297,55.79759
Week 4,26 Jan 2016,54.51009,54.56964

Week 1,02 Feb 2016,55.56557,55.63391
Week 2,09 Feb 2016,56.67389,56.73423
Week 3,16 Feb 2016,55.80517,55.86350
Week 4,23 Feb 2016,55.77633,55.82066

Week 1,01 Mar 2016,54.67913,54.73157
Week 2,08 Mar 2016,53.18730,53.30517
Week 3,15 Mar 2016,52.68147,52.73507
Week 4,22 Mar 2016,51.66230,51.73054

Week 1,29 Mar 2016,51.91394,51.96679
Week 2,05 Apr 2016,51.91221,51.95623
Week 3,12 Apr 2016,51.57779,51.62703
Week 4,19 Apr 2016,52.11027,52.16260

Week 1,26 Apr 2016,51.88267,51.92423
Week 2,03 May 2016,51.54807,51.58693
Week 3,10 May 2016,50.76369,50.80173
Week 4,17 May 2016,50.63867,50.68339

Week 1,24 May 2016,50.63879,50.67507
Week 2,31 May 2016,50.82799,50.88060
Week 3,07 Jun 2016,50.73501,50.78119
Week 4,14 Jun 2016,50.73461,50.77054

Week 1,21 Jun 2016,50.01021,50.05239
Week 2,28 Jun 2016,49.50101,49.54576
Week 3,05 Jul 2016,49.38747,49.42723
Week 4,12 Jul 2016,48.89284,48.93427

Week 1,19 Jul 2016,48.95499,48.99447
Week 2,26 Jul 2016,50.28533,50.32686
Week 3,02 Aug 2016,50.39699,50.43813
Week 4,09 Aug 2016,49.60817,49.65344

Week 1,16 Aug 2016,49.64150,49.70320
Week 2,23 Aug 2016,49.95151,50.02264
Week 3,30 Aug 2016,49.98007,50.05049
Week 4,06 Sep 2016,49.83840,49.90761

Week 1,13 Sep 2016,49.35756,49.42664
Week 2,20 Sep 2016,48.83396,48.90327
Week 3,27 Sep 2016,48.13994,48.20897
Week 4,04 Oct 2016,47.16009,47.22531

Week 1,11 Oct 2016,47.49244,47.56089
Week 2,18 Oct 2016,47.33806,47.40580
Week 3,25 Oct 2016,46.82214,46.88821
Week 4,01 Nov 2016,47.53906,47.65406

Week 1,08 Nov 2016,48.05077,48.11926
Week 2,15 Nov 2016,48.17513,48.23680
Week 3,22 Nov 2016,47.81357,47.87523
Week 4,29 Nov 2016,48.08334,48.15104

Week 1,06 Dec 2016,47.75573,47.81556
Week 2,13 Dec 2016,46.44401,46.49926
Week 3,20 Dec 2016,45.49074,45.54843
Week 4,27 Dec 2016,45.03871,45.10680

Week 1,03 Jan 2017,45.17990,45.24961
Week 2,10 Jan 2017,45.34671,45.40936
Week 3,17 Jan 2017,44.99451,45.05971
Week 4,24 Jan 2017,45.32593,45.38563

Week 1,31 Jan 2017,45.62313,45.69406
Week 2,07 Feb 2017,44.81779,44.88373
Week 3,14 Feb 2017,44.16046,44.22626
Week 4,21 Feb 2017,44.24120,44.30974

Week 1,28 Feb 2017,43.77667,43.84580
Week 2,07 Mar 2017,43.59533,43.65895
Week 3,14 Mar 2017,43.44662,43.51532
Week 4,21 Mar 2017,42.88990,42.95195

Week 1,28 Mar 2017,42.35462,42.41676
Week 2,04 Apr 2017,42.22346,42.28650
Week 3,11 Apr 2017,42.50870,42.56939
Week 4,18 Apr 2017,41.87327,41.93798

Week 1,25 Apr 2017,41.61723,41.68273
Week 2,02 May 2017,42.04830,42.11316
Week 3,09 May 2017,41.99616,42.06103
Week 4,16 May 2017,41.84393,41.90230

Week 1,23 May 2017,41.94339,42.00670
Week 2,30 May 2017,41.94882,42.00600
Week 3,06 Jun 2017,42.15046,42.20953
Week 4,13 Jun 2017,43.26289,43.32059

Week 1,20 Jun 2017,44.73912,44.80120
Week 2,27 Jun 2017,45.18720,45.25180
Week 3,04 Jul 2017,46.29071,46.35198
Week 4,11 Jul 2017,46.83457,46.89498

Week 1,18 Jul 2017,46.93518,46.99691
Week 2,25 Jul 2017,47.75585,47.81869
Week 3,01 Aug 2017,47.78359,47.85064
Week 4,08 Aug 2017,47.20674,47.27544

Week 1,15 Aug 2017,46.91157,46.97370
Week 2,22 Aug 2017,46.99883,47.05993
Week 3,29 Aug 2017,46.54624,46.60946
Week 4,05 Sep 2017,46.83486,46.89823

Week 1,12 Sep 2017,47.26390,47.33507
Week 2,19 Sep 2017,46.97016,47.03400
Week 3,26 Sep 2017,46.44197,46.51464
Week 4,03 Oct 2017,46.22671,46.29558

Week 1,10 Oct 2017,46.15655,46.21906
Week 2,17 Oct 2017,45.72392,45.78714
Week 3,24 Oct 2017,45.26873,45.33042
Week 4,31 Oct 2017,45.59838,45.66469

Week 1,07 Nov 2017,46.46238,46.50565
Week 2,14 Nov 2017,46.65771,46.72259
Week 3,21 Nov 2017,46.04744,46.11523
Week 4,28 Nov 2017,45.84123,45.90509

Week 1,05 Dec 2017,46.33364,46.38679

