CAD->IDR

Week 1,01 Dec 1998,4867.30286,4928.11571
Week 2,08 Dec 1998,4813.11000,4863.55571
Week 3,15 Dec 1998,4983.02714,5048.67429
Week 4,22 Dec 1998,4988.76571,5078.21429

Week 1,29 Dec 1998,5140.62143,5203.30000
Week 2,05 Jan 1999,5225.72571,5292.44000
Week 3,12 Jan 1999,5513.58143,5563.21286
Week 4,19 Jan 1999,5715.43857,5772.03286

Week 1,26 Jan 1999,5914.92714,5983.04286
Week 2,02 Feb 1999,5801.66000,5869.42000
Week 3,09 Feb 1999,5802.95000,5862.16857
Week 4,16 Feb 1999,5880.58571,5938.20571

Week 1,23 Feb 1999,5838.13143,5885.91429
Week 2,02 Mar 1999,5824.63857,5872.35143
Week 3,09 Mar 1999,5964.24571,6009.89286
Week 4,16 Mar 1999,5840.97143,5891.31429

Week 1,23 Mar 1999,5845.06000,5892.93429
Week 2,30 Mar 1999,5727.76000,5788.26429
Week 3,06 Apr 1999,5786.57714,5836.94714
Week 4,13 Apr 1999,5799.79143,5851.83571

Week 1,20 Apr 1999,5787.36857,5836.57714
Week 2,27 Apr 1999,5617.80429,5667.94286
Week 3,04 May 1999,5449.38286,5485.04000
Week 4,11 May 1999,5359.21857,5404.39286

Week 1,18 May 1999,5507.92857,5565.51571
Week 2,25 May 1999,5487.59571,5529.45143
Week 3,01 Jun 1999,5483.95143,5505.94714
Week 4,08 Jun 1999,5333.40571,5372.74857

Week 1,15 Jun 1999,4965.55429,5008.17143
Week 2,22 Jun 1999,4613.72857,4651.69286
Week 3,29 Jun 1999,4633.41000,4668.34429
Week 4,06 Jul 1999,4520.05000,4552.11714

Week 1,13 Jul 1999,4501.53857,4530.99000
Week 2,20 Jul 1999,4540.72857,4567.72857
Week 3,27 Jul 1999,4561.82571,4582.30286
Week 4,03 Aug 1999,4596.01429,4615.27429

Week 1,10 Aug 1999,5113.36000,5146.87857
Week 2,17 Aug 1999,5004.66143,5041.73143
Week 3,24 Aug 1999,5084.34429,5125.12857
Week 4,31 Aug 1999,5208.16000,5244.42714

Week 1,07 Sep 1999,5534.21143,5590.30429
Week 2,14 Sep 1999,5526.82571,5573.94857
Week 3,21 Sep 1999,5787.06714,5827.90857
Week 4,28 Sep 1999,5542.51143,5590.32429

Week 1,05 Oct 1999,5263.88143,5303.50857
Week 2,12 Oct 1999,5301.77857,5355.81714
Week 3,19 Oct 1999,4690.26286,4759.15429
Week 4,26 Oct 1999,4622.71571,4660.46714

Week 1,02 Nov 1999,4609.31286,4644.19714
Week 2,09 Nov 1999,4761.68143,4794.08143
Week 3,16 Nov 1999,4770.66714,4801.33286
Week 4,23 Nov 1999,4873.76000,4902.50286

Week 1,30 Nov 1999,4916.54571,4939.98429
Week 2,07 Dec 1999,4887.95714,4913.07857
Week 3,14 Dec 1999,4792.41714,4822.54000
Week 4,21 Dec 1999,4770.26571,4798.23143

Week 1,28 Dec 1999,4829.99571,4900.87429
Week 2,04 Jan 2000,4904.26571,4942.85286
Week 3,11 Jan 2000,4948.76857,4986.16714
Week 4,18 Jan 2000,5039.23286,5080.24571

Week 1,25 Jan 2000,5120.80143,5163.58714
Week 2,01 Feb 2000,5224.98429,5263.06571
Week 3,08 Feb 2000,5051.36714,5079.39000
Week 4,15 Feb 2000,5067.52429,5095.52857

Week 1,22 Feb 2000,5099.49000,5123.44571
Week 2,29 Feb 2000,5121.18286,5147.11143
Week 3,07 Mar 2000,5068.44857,5093.02714
Week 4,14 Mar 2000,5064.18857,5094.89714

Week 1,21 Mar 2000,5071.74714,5091.28143
Week 2,28 Mar 2000,5190.75286,5215.67143
Week 3,04 Apr 2000,5291.98286,5318.02429
Week 4,11 Apr 2000,5172.95714,5201.81000

Week 1,18 Apr 2000,5327.48571,5361.10143
Week 2,25 Apr 2000,5354.05571,5387.68714
Week 3,02 May 2000,5347.51714,5375.10143
Week 4,09 May 2000,5535.40429,5578.50143

Week 1,16 May 2000,5661.37857,5699.95429
Week 2,23 May 2000,5620.23571,5651.88143
Week 3,30 May 2000,5678.46429,5711.03714
Week 4,06 Jun 2000,5807.61714,5836.04571

Week 1,13 Jun 2000,5820.99286,5849.02571
Week 2,20 Jun 2000,5855.51000,5884.64714
Week 3,27 Jun 2000,5877.71143,5903.52429
Week 4,04 Jul 2000,6195.00143,6229.22571

Week 1,11 Jul 2000,6345.71286,6375.73000
Week 2,18 Jul 2000,6115.89571,6149.31429
Week 3,25 Jul 2000,6087.13429,6123.98714
Week 4,01 Aug 2000,5857.43571,5893.05714

Week 1,08 Aug 2000,5682.05857,5711.13286
Week 2,15 Aug 2000,5617.55143,5643.23429
Week 3,22 Aug 2000,5593.38571,5626.28000
Week 4,29 Aug 2000,5622.20571,5649.65429

Week 1,05 Sep 2000,5650.05143,5673.91571
Week 2,12 Sep 2000,5839.64571,5877.31143
Week 3,19 Sep 2000,5881.32000,5915.07714
Week 4,26 Sep 2000,5893.66000,5924.29857

Week 1,03 Oct 2000,5840.11143,5871.78143
Week 2,10 Oct 2000,5891.62000,5917.35429
Week 3,17 Oct 2000,5875.02857,5895.89286
Week 4,24 Oct 2000,5926.43857,5957.43429

Week 1,31 Oct 2000,6009.83000,6048.46571
Week 2,07 Nov 2000,5976.18429,6007.76143
Week 3,14 Nov 2000,6043.42571,6070.02571
Week 4,21 Nov 2000,6100.74143,6129.12143

Week 1,28 Nov 2000,6143.37000,6175.16286
Week 2,05 Dec 2000,6228.66714,6275.33000
Week 3,12 Dec 2000,6152.72429,6185.80286
Week 4,19 Dec 2000,6094.69286,6131.13286

Week 1,26 Dec 2000,6309.63000,6376.04429
Week 2,02 Jan 2001,6344.34143,6378.16000
Week 3,09 Jan 2001,6374.21286,6400.88429
Week 4,16 Jan 2001,6222.49143,6299.82143

Week 1,23 Jan 2001,6228.25143,6282.20000
Week 2,30 Jan 2001,6309.79714,6371.24286
Week 3,06 Feb 2001,6333.77000,6401.85429
Week 4,13 Feb 2001,6249.50000,6318.90714

Week 1,20 Feb 2001,6247.86000,6298.12286
Week 2,27 Feb 2001,6373.09429,6441.97429
Week 3,06 Mar 2001,6444.64857,6491.29286
Week 4,13 Mar 2001,6509.57429,6615.97286

Week 1,20 Mar 2001,6620.12429,6646.68571
Week 2,27 Mar 2001,6615.98429,6659.78143
Week 3,03 Apr 2001,6781.89286,6808.53143
Week 4,10 Apr 2001,6803.31286,6828.74286

Week 1,17 Apr 2001,7241.32857,7299.53857
Week 2,24 Apr 2001,7662.34286,7744.15429
Week 3,01 May 2001,7224.84857,7294.32000
Week 4,08 May 2001,7186.48857,7224.89857

Week 1,15 May 2001,7384.14714,7413.54143
Week 2,22 May 2001,7397.13143,7420.62286
Week 3,29 May 2001,7365.82143,7419.74000
Week 4,05 Jun 2001,7357.70857,7388.52143

Week 1,12 Jun 2001,7380.40286,7403.85714
Week 2,19 Jun 2001,7410.96000,7430.34857
Week 3,26 Jun 2001,7500.88000,7515.71571
Week 4,03 Jul 2001,7466.98857,7484.27857

Week 1,10 Jul 2001,7410.91429,7425.70857
Week 2,17 Jul 2001,7285.21714,7296.78143
Week 3,24 Jul 2001,6517.19714,6597.90286
Week 4,31 Jul 2001,6228.54286,6278.34286

Week 1,07 Aug 2001,5992.27857,6021.67857
Week 2,14 Aug 2001,5626.45143,5667.10714
Week 3,21 Aug 2001,5589.10429,5614.73571
Week 4,28 Aug 2001,5753.33286,5782.08571

Week 1,04 Sep 2001,5793.25571,5828.72857
Week 2,11 Sep 2001,5807.48857,5816.35429
Week 3,18 Sep 2001,5968.54857,6061.81143
Week 4,25 Sep 2001,6049.47857,6179.08000

Week 1,02 Oct 2001,6276.74143,6366.99000
Week 2,09 Oct 2001,6375.86571,6410.99857
Week 3,16 Oct 2001,6380.95143,6405.61714
Week 4,23 Oct 2001,6479.80143,6498.45286

Week 1,30 Oct 2001,6616.70286,6649.20000
Week 2,06 Nov 2001,6589.76000,6649.12000
Week 3,13 Nov 2001,6661.60286,6700.28000
Week 4,20 Nov 2001,6563.86714,6588.49429

Week 1,27 Nov 2001,6522.10143,6647.13143
Week 2,04 Dec 2001,6597.23571,6629.56571
Week 3,11 Dec 2001,6468.68429,6496.87857
Week 4,18 Dec 2001,6413.72571,6444.73857

Week 1,25 Dec 2001,6471.76571,6501.75571
Week 2,01 Jan 2002,6503.14286,6542.34000
Week 3,08 Jan 2002,6518.17714,6532.22571
Week 4,15 Jan 2002,6470.50429,6485.51429

Week 1,22 Jan 2002,6458.24286,6487.90000
Week 2,29 Jan 2002,6478.81714,6494.59000
Week 3,05 Feb 2002,6411.19571,6447.76143
Week 4,12 Feb 2002,6417.66143,6433.35857

Week 1,19 Feb 2002,6379.32143,6434.87429
Week 2,26 Feb 2002,6321.18429,6355.29857
Week 3,05 Mar 2002,6297.31286,6313.28857
Week 4,12 Mar 2002,6273.63000,6301.82571

Week 1,19 Mar 2002,6247.34714,6262.72143
Week 2,26 Mar 2002,6101.15857,6136.36857
Week 3,02 Apr 2002,6053.62571,6083.69714
Week 4,09 Apr 2002,6003.95714,6031.50429

Week 1,16 Apr 2002,5943.69143,5964.31429
Week 2,23 Apr 2002,5953.48857,5976.53143
Week 3,30 Apr 2002,5935.53857,5987.22857
Week 4,07 May 2002,5882.84143,5996.74857

Week 1,14 May 2002,5885.72714,5934.52429
Week 2,21 May 2002,5847.97714,5867.10000
Week 3,28 May 2002,5728.71286,5750.59000
Week 4,04 Jun 2002,5739.72286,5796.74857

Week 1,11 Jun 2002,5605.99143,5695.35429
Week 2,18 Jun 2002,5631.08857,5644.43571
Week 3,25 Jun 2002,5658.40429,5770.74143
Week 4,02 Jul 2002,5766.83571,5834.24286

Week 1,09 Jul 2002,5895.76714,5913.18143
Week 2,16 Jul 2002,5734.57857,5802.23714
Week 3,23 Jul 2002,5697.34429,5776.86857
Week 4,30 Jul 2002,5719.43857,5802.79143

Week 1,06 Aug 2002,5680.70571,5753.13429
Week 2,13 Aug 2002,5625.83143,5674.76857
Week 3,20 Aug 2002,5671.30714,5687.14286
Week 4,27 Aug 2002,5690.62857,5704.21714

Week 1,03 Sep 2002,5655.71286,5693.82571
Week 2,10 Sep 2002,5621.09571,5685.24000
Week 3,17 Sep 2002,5709.80143,5737.24143
Week 4,24 Sep 2002,5707.65429,5715.91714

Week 1,01 Oct 2002,5622.01286,5711.52429
Week 2,08 Oct 2002,5613.05571,5706.71857
Week 3,15 Oct 2002,5844.99000,5871.22714
Week 4,22 Oct 2002,5839.37143,5934.28000

Week 1,29 Oct 2002,5860.33286,5966.13571
Week 2,05 Nov 2002,5887.68143,5913.63143
Week 3,12 Nov 2002,5730.39857,5740.22000
Week 4,19 Nov 2002,5675.52143,5687.62571

Week 1,26 Nov 2002,5715.35429,5725.80429
Week 2,03 Dec 2002,5751.87714,5762.93571
Week 3,10 Dec 2002,5702.03429,5710.65286
Week 4,17 Dec 2002,5713.44571,5723.59143

Week 1,24 Dec 2002,5701.91857,5712.34143
Week 2,31 Dec 2002,5684.31000,5697.71143
Week 3,07 Jan 2003,5742.47286,5751.98714
Week 4,14 Jan 2003,5765.46571,5774.87286

Week 1,21 Jan 2003,5807.66286,5834.77857
Week 2,28 Jan 2003,5814.84143,5824.99714
Week 3,04 Feb 2003,5833.87857,5842.77857
Week 4,11 Feb 2003,5847.43143,5858.83429

Week 1,18 Feb 2003,5885.35286,5894.46571
Week 2,25 Feb 2003,5963.06857,5971.16286
Week 3,04 Mar 2003,6025.99857,6034.85571
Week 4,11 Mar 2003,6032.86571,6041.57714

Week 1,18 Mar 2003,6055.24286,6067.20286
Week 2,25 Mar 2003,6044.47143,6057.71143
Week 3,01 Apr 2003,5993.47143,6081.85429
Week 4,08 Apr 2003,6032.28571,6095.66286

Week 1,15 Apr 2003,6027.45143,6065.45429
Week 2,22 Apr 2003,6016.02286,6032.34857
Week 3,29 Apr 2003,6056.73000,6092.19286
Week 4,06 May 2003,6106.92000,6123.42000

Week 1,13 May 2003,6120.40143,6134.32857
Week 2,20 May 2003,6074.60429,6107.58714
Week 3,27 May 2003,6011.85143,6029.02571
Week 4,03 Jun 2003,6024.25571,6062.62714

Week 1,10 Jun 2003,6063.20429,6156.23000
Week 2,17 Jun 2003,6081.01857,6112.73000
Week 3,24 Jun 2003,6091.95571,6110.72286
Week 4,01 Jul 2003,6100.31714,6140.77714

Week 1,08 Jul 2003,5915.00143,6059.93571
Week 2,15 Jul 2003,5862.64429,5979.02286
Week 3,22 Jul 2003,6065.92857,6110.86143
Week 4,29 Jul 2003,6042.38143,6186.69286

Week 1,05 Aug 2003,6104.31714,6174.32000
Week 2,12 Aug 2003,6156.44714,6171.91571
Week 3,19 Aug 2003,6020.62143,6034.86857
Week 4,26 Aug 2003,6087.94714,6101.51429

Week 1,02 Sep 2003,6106.46143,6201.66571
Week 2,09 Sep 2003,6125.64571,6247.94714
Week 3,16 Sep 2003,6202.58571,6241.63714
Week 4,23 Sep 2003,6239.19286,6250.61857

Week 1,30 Sep 2003,6225.50571,6239.73143
Week 2,07 Oct 2003,6296.09571,6309.06857
Week 3,14 Oct 2003,6380.30286,6393.45714
Week 4,21 Oct 2003,6481.32857,6492.72571

Week 1,28 Oct 2003,6490.03429,6501.00143
Week 2,04 Nov 2003,6386.65857,6399.32000
Week 3,11 Nov 2003,6493.79143,6507.08000
Week 4,18 Nov 2003,6507.37857,6529.81429

Week 1,25 Nov 2003,6511.24000,6527.42857
Week 2,02 Dec 2003,6504.72143,6515.47143
Week 3,09 Dec 2003,6457.93714,6469.26714
Week 4,16 Dec 2003,6377.41571,6386.59000

Week 1,23 Dec 2003,6466.74714,6479.64857
Week 2,30 Dec 2003,6507.85571,6528.07429
Week 3,06 Jan 2004,6522.49429,6539.26143
Week 4,13 Jan 2004,6478.22000,6491.28286

Week 1,20 Jan 2004,6438.98429,6452.31429
Week 2,27 Jan 2004,6375.10286,6384.95286
Week 3,03 Feb 2004,6347.75286,6358.43857
Week 4,10 Feb 2004,6367.58857,6379.34000

Week 1,17 Feb 2004,6359.64429,6370.17714
Week 2,24 Feb 2004,6316.85143,6330.41571
Week 3,02 Mar 2004,6423.85571,6433.74571
Week 4,09 Mar 2004,6484.48143,6496.58286

Week 1,16 Mar 2004,6441.90857,6451.92143
Week 2,23 Mar 2004,6489.66857,6499.00143
Week 3,30 Mar 2004,6575.71286,6586.40857
Week 4,06 Apr 2004,6490.33429,6501.21571

Week 1,13 Apr 2004,6408.65000,6419.09429
Week 2,20 Apr 2004,6356.79571,6366.53857
Week 3,27 Apr 2004,6337.52000,6416.13000
Week 4,04 May 2004,6341.97000,6370.55571

Week 1,11 May 2004,6467.62857,6482.26571
Week 2,18 May 2004,6557.08429,6572.45000
Week 3,25 May 2004,6760.41286,6778.82571
Week 4,01 Jun 2004,6922.87857,6939.91429

Week 1,08 Jun 2004,6864.57000,6886.86714
Week 2,15 Jun 2004,6861.71429,6880.97000
Week 3,22 Jun 2004,6919.13286,6934.73000
Week 4,29 Jun 2004,6951.82286,6970.67571

Week 1,06 Jul 2004,6787.08857,6804.55000
Week 2,13 Jul 2004,6771.05000,6788.80286
Week 3,20 Jul 2004,6848.81429,6866.08000
Week 4,27 Jul 2004,6855.97000,6872.92286

Week 1,03 Aug 2004,6944.79571,6962.04286
Week 2,10 Aug 2004,6992.89143,7011.16000
Week 3,17 Aug 2004,7096.92143,7115.94857
Week 4,24 Aug 2004,7092.30143,7111.23429

Week 1,31 Aug 2004,7114.86429,7138.00571
Week 2,07 Sep 2004,7181.36143,7201.08000
Week 3,14 Sep 2004,6992.87857,7010.41429
Week 4,21 Sep 2004,7092.64429,7107.64714

Week 1,28 Sep 2004,7246.38286,7262.36429
Week 2,05 Oct 2004,7216.46429,7234.99429
Week 3,12 Oct 2004,7243.90571,7260.27429
Week 4,19 Oct 2004,7294.52143,7311.20143

Week 1,26 Oct 2004,7425.11143,7443.21857
Week 2,02 Nov 2004,7509.96286,7530.38571
Week 3,09 Nov 2004,7519.96143,7536.29000
Week 4,16 Nov 2004,7499.12143,7517.69714

Week 1,23 Nov 2004,7605.46857,7620.25429
Week 2,30 Nov 2004,7578.52571,7596.86000
Week 3,07 Dec 2004,7537.02143,7554.88429
Week 4,14 Dec 2004,7545.64000,7561.22571

Week 1,21 Dec 2004,7526.98714,7545.95429
Week 2,28 Dec 2004,7723.38714,7740.21000
Week 3,04 Jan 2005,7573.61143,7589.21714
Week 4,11 Jan 2005,7577.49286,7592.78286

Week 1,18 Jan 2005,7476.26857,7492.54857
Week 2,25 Jan 2005,7393.16429,7407.42857
Week 3,01 Feb 2005,7386.75429,7407.19714
Week 4,08 Feb 2005,7449.15571,7471.39000

Week 1,15 Feb 2005,7511.05857,7527.42286
Week 2,22 Feb 2005,7470.85143,7489.84286
Week 3,01 Mar 2005,7523.21286,7543.59571
Week 4,08 Mar 2005,7727.90714,7743.59286

Week 1,15 Mar 2005,7767.76286,7785.36000
Week 2,22 Mar 2005,7737.24429,7759.65000
Week 3,29 Mar 2005,7797.60714,7816.70429
Week 4,05 Apr 2005,7737.76857,7757.03286

Week 1,12 Apr 2005,7652.17571,7669.99857
Week 2,19 Apr 2005,7772.51429,7788.94714
Week 3,26 Apr 2005,7670.65571,7693.02714
Week 4,03 May 2005,7617.18286,7638.35000

Week 1,10 May 2005,7548.92571,7565.89571
Week 2,17 May 2005,7460.85286,7483.27857
Week 3,24 May 2005,7522.32429,7540.91286
Week 4,31 May 2005,7643.23571,7662.37857

Week 1,07 Jun 2005,7664.63714,7696.75286
Week 2,14 Jun 2005,7742.64857,7764.11857
Week 3,21 Jun 2005,7817.63857,7835.17571
Week 4,28 Jun 2005,7881.62286,7902.71000

Week 1,05 Jul 2005,7974.12571,7994.18429
Week 2,12 Jul 2005,8045.27000,8069.02571
Week 3,19 Jul 2005,8024.29000,8050.18000
Week 4,26 Jul 2005,7998.81571,8012.91714

Week 1,02 Aug 2005,8013.84571,8034.65429
Week 2,09 Aug 2005,8114.42429,8139.44286
Week 3,16 Aug 2005,8212.71857,8232.79429
Week 4,23 Aug 2005,8558.88571,8585.20143

Week 1,30 Aug 2005,8684.64714,8787.41429
Week 2,06 Sep 2005,8696.74143,8753.34286
Week 3,13 Sep 2005,8538.05286,8566.96571
Week 4,20 Sep 2005,8723.46143,8746.35000

Week 1,27 Sep 2005,8795.26429,8818.76143
Week 2,04 Oct 2005,8585.01000,8610.25714
Week 3,11 Oct 2005,8540.64714,8563.33429
Week 4,18 Oct 2005,8527.70000,8548.62429

Week 1,25 Oct 2005,8510.40714,8528.09286
Week 2,01 Nov 2005,8514.72714,8538.46857
Week 3,08 Nov 2005,8416.53571,8437.15714
Week 4,15 Nov 2005,8420.31857,8438.54286

Week 1,22 Nov 2005,8556.17571,8576.60857
Week 2,29 Nov 2005,8580.84286,8598.34143
Week 3,06 Dec 2005,8468.41714,8484.76286
Week 4,13 Dec 2005,8477.02143,8493.18143

Week 1,20 Dec 2005,8451.64429,8470.79000
Week 2,27 Dec 2005,8424.03286,8444.33286
Week 3,03 Jan 2006,8287.51714,8305.52143
Week 4,10 Jan 2006,8055.38714,8074.61714

Week 1,17 Jan 2006,8109.17000,8128.49143
Week 2,24 Jan 2006,8150.26429,8166.77143
Week 3,31 Jan 2006,8151.45286,8173.42000
Week 4,07 Feb 2006,8040.16714,8274.58286

Week 1,14 Feb 2006,7978.11286,8060.60714
Week 2,21 Feb 2006,8047.34429,8066.39714
Week 3,28 Feb 2006,8099.11143,8117.11571
Week 4,07 Mar 2006,8009.43857,8034.77429

Week 1,14 Mar 2006,7886.84429,7904.24714
Week 2,21 Mar 2006,7810.29714,7830.56286
Week 3,28 Mar 2006,7741.39571,7760.30429
Week 4,04 Apr 2006,7754.87857,7773.77143

Week 1,11 Apr 2006,7811.22286,7829.42571
Week 2,18 Apr 2006,7807.29571,7827.29857
Week 3,25 Apr 2006,7796.46857,7814.30714
Week 4,02 May 2006,7908.73857,7927.23714

Week 1,09 May 2006,7891.52714,7909.84714
Week 2,16 May 2006,8159.01571,8177.64714
Week 3,23 May 2006,8336.60286,8357.06286
Week 4,30 May 2006,8397.59571,8414.84429

Week 1,06 Jun 2006,8433.72000,8449.42857
Week 2,13 Jun 2006,8415.70857,8435.99429
Week 3,20 Jun 2006,8332.47857,8350.23143
Week 4,27 Jun 2006,8333.99714,8353.94857

Week 1,04 Jul 2006,8377.25429,8397.46571
Week 2,11 Jul 2006,7990.91429,8172.39286
Week 3,18 Jul 2006,8098.33571,8114.12286
Week 4,25 Jul 2006,7988.91714,8004.18286

Week 1,01 Aug 2006,8039.30143,8051.79286
Week 2,08 Aug 2006,8076.23857,8093.08429
Week 3,15 Aug 2006,8068.76429,8089.79714
Week 4,22 Aug 2006,8172.88286,8192.25429

Week 1,29 Aug 2006,8211.14286,8229.48571
Week 2,05 Sep 2006,8179.09143,8198.43143
Week 3,12 Sep 2006,8144.39286,8163.58286
Week 4,19 Sep 2006,8145.21286,8165.45857

Week 1,26 Sep 2006,8251.26000,8270.83000
Week 2,03 Oct 2006,8201.50286,8220.41571
Week 3,10 Oct 2006,8144.90571,8166.34571
Week 4,17 Oct 2006,8066.03143,8086.06286

Week 1,24 Oct 2006,8120.96571,8142.23286
Week 2,31 Oct 2006,8059.32857,8077.16000
Week 3,07 Nov 2006,8045.69571,8064.55571
Week 4,14 Nov 2006,8018.92000,8035.65429

Week 1,21 Nov 2006,7992.92143,8011.65143
Week 2,28 Nov 2006,8029.71429,8050.66286
Week 3,05 Dec 2006,7960.82143,7979.46857
Week 4,12 Dec 2006,7865.13571,7882.42857

Week 1,19 Dec 2006,7856.83143,7875.16857
Week 2,26 Dec 2006,7772.81857,7792.77714
Week 3,02 Jan 2007,7679.25000,7696.54000
Week 4,09 Jan 2007,7722.03429,7740.94857

Week 1,16 Jan 2007,7745.86000,7762.84857
Week 2,23 Jan 2007,7694.89857,7709.72286
Week 3,30 Jan 2007,7676.68857,7694.46000
Week 4,06 Feb 2007,7664.79429,7681.52857

Week 1,13 Feb 2007,7753.88286,7770.86286
Week 2,20 Feb 2007,7789.16714,7807.28571
Week 3,27 Feb 2007,7792.42000,7808.46000
Week 4,06 Mar 2007,7807.02857,7824.29286

Week 1,13 Mar 2007,7828.97857,7846.31857
Week 2,20 Mar 2007,7848.83286,7864.07429
Week 3,27 Mar 2007,7864.10286,7877.36143
Week 4,03 Apr 2007,7884.16000,7901.62571

Week 1,10 Apr 2007,7951.87714,7967.45000
Week 2,17 Apr 2007,8045.35000,8060.01286
Week 3,24 Apr 2007,8098.90000,8110.50571
Week 4,01 May 2007,8138.24571,8153.08286

Week 1,08 May 2007,7973.84143,7988.16286
Week 2,15 May 2007,8005.71714,8022.80000
Week 3,22 May 2007,8088.51429,8102.65429
Week 4,29 May 2007,8224.55714,8239.54143

Week 1,05 Jun 2007,8381.94571,8398.52286
Week 2,12 Jun 2007,8506.13714,8519.16571
Week 3,19 Jun 2007,8409.67429,8424.70714
Week 4,26 Jun 2007,8473.19857,8488.36286

Week 1,03 Jul 2007,8536.19571,8556.00286
Week 2,10 Jul 2007,8588.69571,8602.98714
Week 3,17 Jul 2007,8660.47714,8681.90429
Week 4,24 Jul 2007,8655.36429,8671.05000

Week 1,31 Jul 2007,8697.45000,8716.36429
Week 2,07 Aug 2007,8778.73000,8795.16000
Week 3,14 Aug 2007,8846.53571,8865.63143
Week 4,21 Aug 2007,8889.41857,8905.92143

Week 1,28 Aug 2007,8908.18143,8927.05857
Week 2,04 Sep 2007,8932.74000,8949.61857
Week 3,11 Sep 2007,9025.59143,9044.05143
Week 4,18 Sep 2007,9113.74571,9132.71429

Week 1,25 Sep 2007,9124.09429,9143.10857
Week 2,02 Oct 2007,9163.61571,9182.87857
Week 3,09 Oct 2007,9258.91857,9278.49143
Week 4,16 Oct 2007,9306.06286,9325.62857

Week 1,23 Oct 2007,9430.56571,9450.19143
Week 2,30 Oct 2007,9584.51714,9603.24714
Week 3,06 Nov 2007,9769.57571,9789.89714
Week 4,13 Nov 2007,9423.61286,9443.29714

Week 1,20 Nov 2007,9504.01000,9523.16571
Week 2,27 Nov 2007,9444.82286,9463.19714
Week 3,04 Dec 2007,9211.09429,9230.01714
Week 4,11 Dec 2007,9175.31143,9194.92429

Week 1,18 Dec 2007,9390.74714,9406.14143
Week 2,25 Dec 2007,9540.57000,9555.20429
Week 3,01 Jan 2008,9485.37857,9500.58857
Week 4,08 Jan 2008,9328.75429,9342.83714

Week 1,15 Jan 2008,9212.50429,9228.17714
Week 2,22 Jan 2008,9213.79429,9231.68571
Week 3,29 Jan 2008,9254.81143,9272.44857
Week 4,05 Feb 2008,9222.89571,9240.34143

Week 1,12 Feb 2008,9191.24286,9207.77143
Week 2,19 Feb 2008,9041.48143,9057.34429
Week 3,26 Feb 2008,9171.63857,9189.59571
Week 4,04 Mar 2008,9157.45714,9175.14000

Week 1,11 Mar 2008,9265.21000,9280.99286
Week 2,18 Mar 2008,9059.36714,9072.87714
Week 3,25 Mar 2008,8989.25571,9004.90571
Week 4,01 Apr 2008,9057.11000,9075.20571

Week 1,08 Apr 2008,9019.12571,9032.32714
Week 2,15 Apr 2008,9077.58714,9095.51286
Week 3,22 Apr 2008,9072.87429,9090.77429
Week 4,29 Apr 2008,9137.06286,9153.54286

Week 1,06 May 2008,9133.83429,9150.77714
Week 2,13 May 2008,9229.15571,9248.78714
Week 3,20 May 2008,9384.36286,9403.36000
Week 4,27 May 2008,9410.71286,9432.29000

Week 1,03 Jun 2008,9186.61857,9203.44143
Week 2,10 Jun 2008,9137.08429,9155.54286
Week 3,17 Jun 2008,9103.86857,9119.62143
Week 4,24 Jun 2008,9112.65857,9128.92429

Week 1,01 Jul 2008,9034.73429,9055.01000
Week 2,08 Jul 2008,9026.77857,9040.97571
Week 3,15 Jul 2008,9095.55857,9109.86429
Week 4,22 Jul 2008,9042.34714,9055.58857

Week 1,29 Jul 2008,8898.19571,8913.15429
Week 2,05 Aug 2008,8692.41429,8707.16286
Week 3,12 Aug 2008,8666.53571,8681.15714
Week 4,19 Aug 2008,8757.95286,8771.00143

Week 1,26 Aug 2008,8738.78857,8752.27143
Week 2,02 Sep 2008,8773.59000,8789.81857
Week 3,09 Sep 2008,8800.36286,8817.96571
Week 4,16 Sep 2008,8810.57714,8825.27714

Week 1,23 Sep 2008,9016.12000,9035.77857
Week 2,30 Sep 2008,8887.47143,8907.15000
Week 3,07 Oct 2008,8493.83857,8512.86857
Week 4,14 Oct 2008,8340.93000,8363.85286

Week 1,21 Oct 2008,8027.37429,8050.49000
Week 2,28 Oct 2008,8627.02286,8692.65000
Week 3,04 Nov 2008,9243.72857,9294.02714
Week 4,11 Nov 2008,9255.16143,9310.42286

Week 1,18 Nov 2008,9541.21143,9628.90143
Week 2,25 Nov 2008,10109.13000,10193.17143
Week 3,02 Dec 2008,9651.73429,9722.89571
Week 4,09 Dec 2008,8820.95571,8883.05286

Week 1,16 Dec 2008,9069.47143,9134.03000
Week 2,23 Dec 2008,9113.31714,9178.35429
Week 3,30 Dec 2008,9112.68429,9180.78857
Week 4,06 Jan 2009,9248.20429,9314.27286

Week 1,13 Jan 2009,8963.12429,9028.08429
Week 2,20 Jan 2009,8971.08286,9037.28143
Week 3,27 Jan 2009,9188.13714,9253.47429
Week 4,03 Feb 2009,9425.58286,9491.09000

Week 1,10 Feb 2009,9528.83429,9594.33571
Week 2,17 Feb 2009,9471.91286,9521.33286
Week 3,24 Feb 2009,9501.99000,9536.64286
Week 4,03 Mar 2009,9365.55143,9417.62429

Week 1,10 Mar 2009,9317.58143,9369.01571
Week 2,17 Mar 2009,9445.71000,9502.82571
Week 3,24 Mar 2009,9403.67286,9468.84571
Week 4,31 Mar 2009,9214.19000,9263.44857

Week 1,07 Apr 2009,9220.72857,9260.64857
Week 2,14 Apr 2009,9189.09000,9232.66571
Week 3,21 Apr 2009,8797.84286,8848.41714
Week 4,28 Apr 2009,8910.84286,8966.39000

Week 1,05 May 2009,8946.03286,9073.46143
Week 2,12 May 2009,8830.16857,8950.76286
Week 3,19 May 2009,8973.72143,9029.03000
Week 4,26 May 2009,9264.15000,9323.14571

Week 1,02 Jun 2009,9131.31000,9185.50429
Week 2,09 Jun 2009,9022.53000,9065.91714
Week 3,16 Jun 2009,9083.92857,9121.95429
Week 4,23 Jun 2009,8930.71143,8968.93714

Week 1,30 Jun 2009,8811.82429,8845.37000
Week 2,07 Jul 2009,8792.15429,8819.09571
Week 3,14 Jul 2009,8964.61143,8978.88714
Week 4,21 Jul 2009,9153.12143,9186.21429

Week 1,28 Jul 2009,9145.72714,9180.86714
Week 2,04 Aug 2009,9142.13714,9170.86571
Week 3,11 Aug 2009,9092.97571,9116.67000
Week 4,18 Aug 2009,9153.16286,9181.26429

Week 1,25 Aug 2009,9212.55143,9240.12286
Week 2,01 Sep 2009,9215.22429,9236.77714
Week 3,08 Sep 2009,9205.54286,9230.41571
Week 4,15 Sep 2009,9065.22714,9091.65571

Week 1,22 Sep 2009,8939.20571,8961.88000
Week 2,29 Sep 2009,8937.56714,8956.64143
Week 3,06 Oct 2009,8963.52286,8984.65000
Week 4,13 Oct 2009,9056.18571,9073.18714

Week 1,20 Oct 2009,8967.40571,8986.16000
Week 2,27 Oct 2009,8913.19000,8928.54143
Week 3,03 Nov 2009,8874.56857,8889.94000
Week 4,10 Nov 2009,8888.51571,8907.20571

Week 1,17 Nov 2009,8890.13714,8928.32000
Week 2,24 Nov 2009,8893.33143,8910.92714
Week 3,01 Dec 2009,8953.54286,8972.36571
Week 4,08 Dec 2009,9097.15857,9114.30714

Week 1,15 Dec 2009,8988.12429,9002.49714
Week 2,22 Dec 2009,9014.08143,9029.45143
Week 3,29 Dec 2009,8954.90143,8984.39000
Week 4,05 Jan 2010,8960.36000,8985.24857

Week 1,12 Jan 2010,8900.01714,8919.86143
Week 2,19 Jan 2010,8840.46143,8880.30571
Week 3,26 Jan 2010,8721.86857,8786.01000
Week 4,02 Feb 2010,8800.90857,8824.08143

Week 1,09 Feb 2010,8824.91714,8848.99714
Week 2,16 Feb 2010,8955.22857,8978.27429
Week 3,23 Feb 2010,8861.59429,8887.79000
Week 4,02 Mar 2010,8852.17857,8876.90714

Week 1,09 Mar 2010,8921.94000,8943.33714
Week 2,16 Mar 2010,8997.18429,9019.21857
Week 3,23 Mar 2010,8920.94143,8945.67429
Week 4,30 Mar 2010,8950.03143,8980.73429

Week 1,06 Apr 2010,9018.49429,9040.20571
Week 2,13 Apr 2010,8954.65286,8975.94286
Week 3,20 Apr 2010,9001.02000,9021.17571
Week 4,27 Apr 2010,8931.82857,8952.01714

Week 1,04 May 2010,8858.49857,8894.91000
Week 2,11 May 2010,8903.30714,8988.04714
Week 3,18 May 2010,8731.95000,8762.09000
Week 4,25 May 2010,8769.94000,8804.16857

Week 1,01 Jun 2010,8813.30429,8833.33857
Week 2,08 Jun 2010,8863.09000,8879.70286
Week 3,15 Jun 2010,8896.12429,8931.98714
Week 4,22 Jun 2010,8750.67857,8793.39571

Week 1,29 Jun 2010,8572.34857,8608.47000
Week 2,06 Jul 2010,8646.76571,8683.26571
Week 3,13 Jul 2010,8657.52429,8688.30000
Week 4,20 Jul 2010,8657.54143,8678.04857

Week 1,27 Jul 2010,8660.14857,8701.09571
Week 2,03 Aug 2010,8664.33571,8704.81143
Week 3,10 Aug 2010,8632.98429,8709.34286
Week 4,17 Aug 2010,8589.17857,8716.41429

Week 1,24 Aug 2010,8523.82714,8554.54286
Week 2,31 Aug 2010,8595.14857,8609.42714
Week 3,07 Sep 2010,8700.72714,8715.28286
Week 4,14 Sep 2010,8652.37857,8806.97714

Week 1,21 Sep 2010,8639.08143,8792.34143
Week 2,28 Sep 2010,8617.73571,8796.57857
Week 3,05 Oct 2010,8699.51429,8893.60143
Week 4,12 Oct 2010,8817.23286,8878.31429

Week 1,19 Oct 2010,8689.69000,8735.82000
Week 2,26 Oct 2010,8723.13714,8742.16714
Week 3,02 Nov 2010,8814.43714,8831.66429
Week 4,09 Nov 2010,8771.51714,8949.87429

Week 1,16 Nov 2010,8687.40286,8907.51000
Week 2,23 Nov 2010,8719.82571,8937.16571
Week 3,30 Nov 2010,8784.66000,9014.71571
Week 4,07 Dec 2010,8833.47714,9043.91143

Week 1,14 Dec 2010,8832.59000,9054.85000
Week 2,21 Dec 2010,8854.38857,9022.85429
Week 3,28 Dec 2010,8912.53857,9086.47857
Week 4,04 Jan 2011,8935.70571,9163.74571

Week 1,11 Jan 2011,8999.72714,9266.37714
Week 2,18 Jan 2011,8969.93000,9243.30429
Week 3,25 Jan 2011,8946.37000,9177.71714
Week 4,01 Feb 2011,8981.24571,9204.69143

Week 1,08 Feb 2011,8935.84571,9095.57000
Week 2,15 Feb 2011,8885.45000,9110.06143
Week 3,22 Feb 2011,8942.91000,9071.60000
Week 4,01 Mar 2011,9020.66429,9066.94714

Week 1,08 Mar 2011,8999.70714,9046.53857
Week 2,15 Mar 2011,8892.74571,8942.40571
Week 3,22 Mar 2011,8877.79571,8938.89571
Week 4,29 Mar 2011,8931.60000,9005.22714

Week 1,05 Apr 2011,8979.45714,9044.36714
Week 2,12 Apr 2011,8990.80714,9053.41571
Week 3,19 Apr 2011,9028.08714,9067.45429
Week 4,26 Apr 2011,9022.09571,9089.06857

Week 1,03 May 2011,8926.66429,8987.41714
Week 2,10 May 2011,8877.71143,8925.84571
Week 3,17 May 2011,8764.26000,8833.45714
Week 4,24 May 2011,8696.51571,8836.14571

Week 1,31 May 2011,8709.63429,8788.83857
Week 2,07 Jun 2011,8669.71286,8766.96286
Week 3,14 Jun 2011,8728.92857,8800.79714
Week 4,21 Jun 2011,8742.56000,8800.97286

Week 1,28 Jun 2011,8826.38000,8852.65571
Week 2,05 Jul 2011,8817.28857,8913.62429
Week 3,12 Jul 2011,8868.05571,8925.85857
Week 4,19 Jul 2011,8964.05857,9009.21000

Week 1,26 Jul 2011,8924.92143,8979.40143
Week 2,02 Aug 2011,8664.58571,8848.28571
Week 3,09 Aug 2011,8573.13714,8701.99000
Week 4,16 Aug 2011,8610.89143,8712.42143

Week 1,23 Aug 2011,8638.73714,8693.68143
Week 2,30 Aug 2011,8664.10286,8732.97143
Week 3,06 Sep 2011,8599.86286,8675.87571
Week 4,13 Sep 2011,8824.16286,8868.09857

Week 1,20 Sep 2011,8704.95571,8764.32143
Week 2,27 Sep 2011,8639.52000,8675.72714
Week 3,04 Oct 2011,8561.28571,8613.53714
Week 4,11 Oct 2011,8678.26857,8733.12857

Week 1,18 Oct 2011,8704.91286,8763.16857
Week 2,25 Oct 2011,8815.92429,8866.98429
Week 3,01 Nov 2011,8778.86714,8850.35143
Week 4,08 Nov 2011,8790.05571,8842.61286

Week 1,15 Nov 2011,8747.95857,8844.86429
Week 2,22 Nov 2011,8638.98143,8703.50000
Week 3,29 Nov 2011,8814.64000,8918.70714
Week 4,06 Dec 2011,8884.40286,8933.43286

Week 1,13 Dec 2011,8750.47000,8832.12571
Week 2,20 Dec 2011,8813.21571,8880.26429
Week 3,27 Dec 2011,8840.86143,8941.29857
Week 4,03 Jan 2012,8889.18571,8970.63857

Week 1,10 Jan 2012,8907.71143,8966.36429
Week 2,17 Jan 2012,8855.00857,8916.15429
Week 3,24 Jan 2012,8892.05000,8940.68571
Week 4,31 Jan 2012,8958.70714,9013.44286

Week 1,07 Feb 2012,8950.16143,9025.50286
Week 2,14 Feb 2012,8982.05429,9069.65286
Week 3,21 Feb 2012,9033.46571,9103.08714
Week 4,28 Feb 2012,9119.08000,9192.03571

Week 1,06 Mar 2012,9161.66143,9217.27143
Week 2,13 Mar 2012,9198.40857,9254.41857
Week 3,20 Mar 2012,9148.67714,9264.24143
Week 4,27 Mar 2012,9152.49000,9220.28571

Week 1,03 Apr 2012,9172.72286,9219.31000
Week 2,10 Apr 2012,9125.83571,9228.88143
Week 3,17 Apr 2012,9202.37286,9279.32000
Week 4,24 Apr 2012,9299.22857,9347.61429

Week 1,01 May 2012,9234.22571,9372.81143
Week 2,08 May 2012,9182.17429,9261.85143
Week 3,15 May 2012,9099.25571,9163.69000
Week 4,22 May 2012,9033.72857,9095.47857

Week 1,29 May 2012,9046.18143,9169.50286
Week 2,05 Jun 2012,9014.30714,9159.40429
Week 3,12 Jun 2012,9124.65286,9267.73571
Week 4,19 Jun 2012,9172.77714,9275.19143

Week 1,26 Jun 2012,9187.04429,9244.73714
Week 2,03 Jul 2012,9199.32143,9312.42429
Week 3,10 Jul 2012,9233.58143,9317.74143
Week 4,17 Jul 2012,9310.33143,9368.42143

Week 1,24 Jul 2012,9331.14429,9388.40000
Week 2,31 Jul 2012,9409.31714,9465.66143
Week 3,07 Aug 2012,9493.75714,9548.93571
Week 4,14 Aug 2012,9571.42143,9597.52286

Week 1,21 Aug 2012,9562.84429,9607.92857
Week 2,28 Aug 2012,9612.79000,9673.57571
Week 3,04 Sep 2012,9697.12286,9754.76571
Week 4,11 Sep 2012,9752.24857,9864.51143

Week 1,18 Sep 2012,9728.06429,9807.33429
Week 2,25 Sep 2012,9724.16714,9780.55000
Week 3,02 Oct 2012,9721.99143,9801.34286
Week 4,09 Oct 2012,9757.02000,9833.95429

Week 1,16 Oct 2012,9695.28286,9755.48143
Week 2,23 Oct 2012,9631.54143,9689.96571
Week 3,30 Oct 2012,9600.13714,9673.17286
Week 4,06 Nov 2012,9598.45714,9696.71714

Week 1,13 Nov 2012,9575.26857,9650.64857
Week 2,20 Nov 2012,9592.96143,9711.84429
Week 3,27 Nov 2012,9625.89571,9698.91714
Week 4,04 Dec 2012,9665.64143,9726.86286

Week 1,11 Dec 2012,9746.31857,9805.51429
Week 2,18 Dec 2012,9729.83429,9782.42143
Week 3,25 Dec 2012,9688.14857,9734.60000
Week 4,01 Jan 2013,9721.64429,9801.21286

Week 1,08 Jan 2013,9770.03714,9839.55714
Week 2,15 Jan 2013,9746.90571,9829.10286
Week 3,22 Jan 2013,9612.00857,9732.83143
Week 4,29 Jan 2013,9667.25714,9730.38714

Week 1,05 Feb 2013,9657.85714,9721.96000
Week 2,12 Feb 2013,9586.55429,9636.91571
Week 3,19 Feb 2013,9513.08286,9574.16857
Week 4,26 Feb 2013,9409.38714,9466.49857

Week 1,05 Mar 2013,9390.39000,9444.86714
Week 2,12 Mar 2013,9443.56714,9503.76571
Week 3,19 Mar 2013,9475.10286,9525.20429
Week 4,26 Mar 2013,9513.78429,9579.89571

Week 1,02 Apr 2013,9565.04286,9632.16714
Week 2,09 Apr 2013,9547.91286,9608.87429
Week 3,16 Apr 2013,9454.28000,9511.27143
Week 4,23 Apr 2013,9481.39000,9538.70000

Week 1,30 Apr 2013,9610.56857,9659.28000
Week 2,07 May 2013,9631.71429,9690.37000
Week 3,14 May 2013,9506.72286,9633.76857
Week 4,21 May 2013,9443.15143,9517.11286

Week 1,28 May 2013,9430.37143,9532.24143
Week 2,04 Jun 2013,9518.88714,9651.83286
Week 3,11 Jun 2013,9631.23286,9744.84857
Week 4,18 Jun 2013,9576.55000,9648.05857

Week 1,25 Jun 2013,9429.12857,9485.57571
Week 2,02 Jul 2013,9398.48571,9456.91286
Week 3,09 Jul 2013,9508.19857,9601.66571
Week 4,16 Jul 2013,9659.31143,9706.60000

Week 1,23 Jul 2013,9856.15857,9926.80429
Week 2,30 Jul 2013,9898.34571,9985.33429
Week 3,06 Aug 2013,9901.71143,9967.13857
Week 4,13 Aug 2013,9990.61571,10082.33286

Week 1,20 Aug 2013,10235.30000,10348.24286
Week 2,27 Aug 2013,10346.81429,10411.84286
Week 3,03 Sep 2013,10569.78571,10626.12857
Week 4,10 Sep 2013,10925.52857,10980.57143

Week 1,17 Sep 2013,11023.50000,11079.77143
Week 2,24 Sep 2013,11130.37143,11188.94286
Week 3,01 Oct 2013,11058.18571,11180.47143
Week 4,08 Oct 2013,10960.40000,11063.28571

Week 1,15 Oct 2013,10926.30000,10999.82857
Week 2,22 Oct 2013,10648.31429,10755.45714
Week 3,29 Oct 2013,10698.25714,10768.18571
Week 4,05 Nov 2013,10868.78571,10924.85714

Week 1,12 Nov 2013,11039.50000,11097.28571
Week 2,19 Nov 2013,11086.75714,11153.51429
Week 3,26 Nov 2013,11052.54286,11218.24286
Week 4,03 Dec 2013,10994.42857,11247.32857

Week 1,10 Dec 2013,11248.88571,11304.04286
Week 2,17 Dec 2013,11343.57143,11360.45714
Week 3,24 Dec 2013,11402.24286,11423.04286
Week 4,31 Dec 2013,11398.34286,11411.41429

Week 1,07 Jan 2014,11099.97143,11116.51429
Week 2,14 Jan 2014,10856.12857,10902.97143
Week 3,21 Jan 2014,10903.27143,10919.50000
Week 4,28 Jan 2014,10903.91429,10934.22857

Week 1,04 Feb 2014,10858.42857,10883.28571
Week 2,11 Feb 2014,10770.48571,10797.48571
Week 3,18 Feb 2014,10578.65714,10626.72857
Week 4,25 Feb 2014,10453.05714,10478.85714

Week 1,04 Mar 2014,10373.07143,10401.47143
Week 2,11 Mar 2014,10238.92857,10265.42857
Week 3,18 Mar 2014,10164.67143,10186.08571
Week 4,25 Mar 2014,10221.50000,10245.75714

Week 1,01 Apr 2014,10254.28571,10274.21429
Week 2,08 Apr 2014,10361.37143,10387.82857
Week 3,15 Apr 2014,10386.87143,10411.95714
Week 4,22 Apr 2014,10464.42857,10485.92857

Week 1,29 Apr 2014,10502.34286,10522.17143
Week 2,06 May 2014,10568.77143,10592.25714
Week 3,13 May 2014,10492.50000,10513.22857
Week 4,20 May 2014,10552.07143,10586.62857

Week 1,27 May 2014,10705.34286,10727.44286
Week 2,03 Jun 2014,10816.30000,10838.27143
Week 3,10 Jun 2014,10840.72857,10856.25714
Week 4,17 Jun 2014,11019.38571,11037.98571

Week 1,24 Jun 2014,11230.44286,11249.51429
Week 2,01 Jul 2014,11149.27143,11171.21429
Week 3,08 Jul 2014,10898.38571,10942.10000
Week 4,15 Jul 2014,10839.07143,10890.04286

Week 1,22 Jul 2014,10718.98571,10747.10000
Week 2,29 Jul 2014,10722.40000,10774.28571
Week 3,05 Aug 2014,10745.54286,10782.57143
Week 4,12 Aug 2014,10694.48571,10718.68571

Week 1,19 Aug 2014,10675.30000,10699.38571
Week 2,26 Aug 2014,10729.55714,10747.64286
Week 3,02 Sep 2014,10775.62857,10798.80000
Week 4,09 Sep 2014,10727.18571,10747.55714

Week 1,16 Sep 2014,10876.22857,10903.20000
Week 2,23 Sep 2014,10822.60000,10842.27143
Week 3,30 Sep 2014,10867.15714,10892.11429
Week 4,07 Oct 2014,10907.81429,10935.58571

Week 1,14 Oct 2014,10796.98571,10822.84286
Week 2,21 Oct 2014,10715.35714,10741.24286
Week 3,28 Oct 2014,10773.80000,10798.84286
Week 4,04 Nov 2014,10685.78571,10705.60000

Week 1,11 Nov 2014,10755.97143,10787.11429
Week 2,18 Nov 2014,10742.61429,10785.45714
Week 3,25 Nov 2014,10740.72857,10765.45714
Week 4,02 Dec 2014,10788.90000,10816.32857

Week 1,09 Dec 2014,10778.64286,10810.40000
Week 2,16 Dec 2014,10808.37143,10919.24286
Week 3,23 Dec 2014,10683.10000,10744.18571
Week 4,30 Dec 2014,10654.01429,10703.67143

Week 1,06 Jan 2015,10625.82857,10754.05714
Week 2,13 Jan 2015,10429.81429,10641.80000
Week 3,20 Jan 2015,10143.50286,10312.21429
Week 4,27 Jan 2015,10009.98143,10051.05714

Week 1,03 Feb 2015,10059.50000,10148.34286
Week 2,10 Feb 2015,10136.81429,10241.71429
Week 3,17 Feb 2015,10228.74286,10326.22857
Week 4,24 Feb 2015,10303.54286,10340.05714

Week 1,03 Mar 2015,10366.52857,10431.38571
Week 2,10 Mar 2015,10337.81429,10412.01429
Week 3,17 Mar 2015,10312.07143,10346.14286
Week 4,24 Mar 2015,10355.52857,10401.21429

Week 1,31 Mar 2015,10299.81429,10379.20000
Week 2,07 Apr 2015,10302.58571,10361.65714
Week 3,14 Apr 2015,10410.71429,10447.98571
Week 4,21 Apr 2015,10578.04286,10617.30000

Week 1,28 Apr 2015,10704.78571,10742.28571
Week 2,05 May 2015,10775.30000,10852.60000
Week 3,12 May 2015,10893.85714,10919.15714
Week 4,19 May 2015,10735.98571,10819.75714

Week 1,26 May 2015,10621.55714,10654.98571
Week 2,02 Jun 2015,10626.98571,10710.67143
Week 3,09 Jun 2015,10781.72857,10827.98571
Week 4,16 Jun 2015,10845.67143,10867.22857

Week 1,23 Jun 2015,10773.41429,10809.08571
Week 2,30 Jun 2015,10644.45714,10673.27143
Week 3,07 Jul 2015,10492.67143,10523.72857
Week 4,14 Jul 2015,10350.92857,10375.10000

Week 1,21 Jul 2015,10293.52857,10320.92857
Week 2,28 Jul 2015,10310.17143,10407.20000
Week 3,04 Aug 2015,10262.62857,10310.22857
Week 4,11 Aug 2015,10405.90000,10580.08571

Week 1,18 Aug 2015,10464.04286,10675.82857
Week 2,25 Aug 2015,10472.17143,10770.24286
Week 3,01 Sep 2015,10551.58571,10802.14286
Week 4,08 Sep 2015,10691.21429,10837.72857

Week 1,15 Sep 2015,10853.02857,10934.41429
Week 2,22 Sep 2015,10958.37143,11018.42857
Week 3,29 Sep 2015,11012.18571,11105.58571
Week 4,06 Oct 2015,10613.21429,10811.95714

Week 1,13 Oct 2015,10354.77143,10514.41429
Week 2,20 Oct 2015,10384.82857,10452.84286
Week 3,27 Oct 2015,10361.35714,10415.00000
Week 4,03 Nov 2015,10275.77143,10465.10000

Week 1,10 Nov 2015,10238.80000,10279.21429
Week 2,17 Nov 2015,10241.84286,10337.67143
Week 3,24 Nov 2015,10135.22857,10447.25714
Week 4,01 Dec 2015,10298.04286,10377.65714

Week 1,08 Dec 2015,10230.67143,10260.74286
Week 2,15 Dec 2015,10040.97714,10171.61429
Week 3,22 Dec 2015,9785.99857,9896.62143
Week 4,29 Dec 2015,9886.29714,10000.25000

Week 1,05 Jan 2016,9820.29857,9943.61000
Week 2,12 Jan 2016,9578.71714,9774.49429
Week 3,19 Jan 2016,9628.17857,9681.18714
Week 4,26 Jan 2016,9778.63286,9911.30571

Week 1,02 Feb 2016,9781.92571,9877.60714
Week 2,09 Feb 2016,9695.32286,9799.33286
Week 3,16 Feb 2016,9699.94857,9846.79000
Week 4,23 Feb 2016,9819.50429,9847.50429

Week 1,01 Mar 2016,9788.41000,9925.11571
Week 2,08 Mar 2016,9730.94286,9912.14857
Week 3,15 Mar 2016,9938.19143,10020.47000
Week 4,22 Mar 2016,10007.39000,10062.54286

Week 1,29 Mar 2016,10101.80000,10152.95714
Week 2,05 Apr 2016,10049.25714,10098.21429
Week 3,12 Apr 2016,10220.65714,10260.97143
Week 4,19 Apr 2016,10347.54286,10372.51429

Week 1,26 Apr 2016,10434.95714,10504.54286
Week 2,03 May 2016,10379.91429,10425.57143
Week 3,10 May 2016,10294.00000,10315.94286
Week 4,17 May 2016,10315.15714,10376.74286

Week 1,24 May 2016,10403.04286,10450.94286
Week 2,31 May 2016,10396.04286,10421.98571
Week 3,07 Jun 2016,10400.01429,10430.48571
Week 4,14 Jun 2016,10354.22857,10373.20000

Week 1,21 Jun 2016,10296.30000,10432.87143
Week 2,28 Jun 2016,10148.75714,10195.48571
Week 3,05 Jul 2016,10096.34429,10171.85714
Week 4,12 Jul 2016,10056.05714,10097.45714

Week 1,19 Jul 2016,10024.75857,10043.34286
Week 2,26 Jul 2016,9970.55286,10007.42571
Week 3,02 Aug 2016,9992.79000,10012.47714
Week 4,09 Aug 2016,10047.57571,10064.12857

Week 1,16 Aug 2016,10193.11429,10214.05714
Week 2,23 Aug 2016,10232.07143,10249.30000
Week 3,30 Aug 2016,10136.77143,10195.25714
Week 4,06 Sep 2016,10133.62857,10142.57143

Week 1,13 Sep 2016,10009.12714,10023.84429
Week 2,20 Sep 2016,9959.27000,9973.59286
Week 3,27 Sep 2016,9873.62571,9884.36000
Week 4,04 Oct 2016,9823.43286,9837.15429

Week 1,11 Oct 2016,9874.88571,9887.50000
Week 2,18 Oct 2016,9863.81143,9878.17000
Week 3,25 Oct 2016,9739.18714,9758.88429
Week 4,01 Nov 2016,9690.40286,9806.20857

Week 1,08 Nov 2016,9760.93429,9891.29714
Week 2,15 Nov 2016,9866.23857,9960.39571
Week 3,22 Nov 2016,10004.95571,10025.12286
Week 4,29 Nov 2016,10102.17143,10119.22857

Week 1,06 Dec 2016,10090.75714,10103.77143
Week 2,13 Dec 2016,10078.81429,10102.98571
Week 3,20 Dec 2016,9981.54857,10003.13714
Week 4,27 Dec 2016,9968.56714,9984.33857

Week 1,03 Jan 2017,10007.73571,10102.27143
Week 2,10 Jan 2017,10101.65714,10125.28571
Week 3,17 Jan 2017,10101.00000,10114.08571
Week 4,24 Jan 2017,10137.74286,10154.71429

Week 1,31 Jan 2017,10215.32857,10239.50000
Week 2,07 Feb 2017,10149.91429,10164.90000
Week 3,14 Feb 2017,10164.51429,10224.85714
Week 4,21 Feb 2017,10169.18571,10184.60000

Week 1,28 Feb 2017,10026.99955,10044.71878
Week 2,07 Mar 2017,9926.55688,9940.97752
Week 3,14 Mar 2017,9964.37489,9978.16213
Week 4,21 Mar 2017,9965.77346,9976.08442

Week 1,28 Mar 2017,9959.10586,10011.77288
Week 2,04 Apr 2017,9930.51975,9961.04707
Week 3,11 Apr 2017,9966.95722,9982.61074
Week 4,18 Apr 2017,9899.54588,9911.28414

Week 1,25 Apr 2017,9747.27863,9814.33495
Week 2,02 May 2017,9726.20097,9736.77975
Week 3,09 May 2017,9727.79124,9740.64294
Week 4,16 May 2017,9801.98332,9817.49199

Week 1,23 May 2017,9867.94153,9881.07587
Week 2,30 May 2017,9867.77375,9879.31975
Week 3,06 Jun 2017,9810.22796,9912.29748
Week 4,13 Jun 2017,10015.93425,10030.78104

Week 1,20 Jun 2017,9981.75050,10084.25768
Week 2,27 Jun 2017,10125.72794,10234.49391
Week 3,04 Jul 2017,10302.01491,10392.23965
Week 4,11 Jul 2017,10380.60488,10504.85501

Week 1,18 Jul 2017,10496.38681,10631.21844
Week 2,25 Jul 2017,10585.36449,10725.84901
Week 3,01 Aug 2017,10541.13624,10686.97660
Week 4,08 Aug 2017,10417.64044,10579.61116

Week 1,15 Aug 2017,10456.33858,10646.80286
Week 2,22 Aug 2017,10566.85529,10676.51140
Week 3,29 Aug 2017,10666.01555,10747.11330
Week 4,05 Sep 2017,10795.77321,10907.31673

Week 1,12 Sep 2017,10811.21957,10926.39924
Week 2,19 Sep 2017,10751.46294,10870.49489
Week 3,26 Sep 2017,10758.53803,10889.58303
Week 4,03 Oct 2017,10707.99241,10858.52672

Week 1,10 Oct 2017,10736.67640,10887.70913
Week 2,17 Oct 2017,10711.83299,10837.68805
Week 3,24 Oct 2017,10598.21129,10706.95985
Week 4,31 Oct 2017,10516.84034,10620.64549

Week 1,07 Nov 2017,10572.11135,10685.65221
Week 2,14 Nov 2017,10563.56364,10664.87905
Week 3,21 Nov 2017,10532.91604,10637.15287
Week 4,28 Nov 2017,10533.20998,10638.80771

Week 1,05 Dec 2017,10645.28541,10659.41843

