CAD->EUR

Week 1,15 Dec 1998,0.55007,0.55061
Week 2,22 Dec 1998,0.55254,0.55309
Week 3,29 Dec 1998,0.55550,0.55612
Week 4,05 Jan 1999,0.56712,0.56775

Week 1,12 Jan 1999,0.56503,0.56566
Week 2,19 Jan 1999,0.56723,0.56784
Week 3,26 Jan 1999,0.57686,0.57750
Week 4,02 Feb 1999,0.59137,0.59202

Week 1,09 Feb 1999,0.59323,0.59385
Week 2,16 Feb 1999,0.60185,0.60250
Week 3,23 Feb 1999,0.60266,0.60330
Week 4,02 Mar 1999,0.60499,0.60564

Week 1,09 Mar 1999,0.60142,0.60215
Week 2,16 Mar 1999,0.60239,0.60305
Week 3,23 Mar 1999,0.61134,0.61212
Week 4,30 Mar 1999,0.61767,0.61838

Week 1,06 Apr 1999,0.61686,0.61757
Week 2,13 Apr 1999,0.62704,0.62776
Week 3,20 Apr 1999,0.63546,0.63617
Week 4,27 Apr 1999,0.64319,0.64393

Week 1,04 May 1999,0.64015,0.64093
Week 2,11 May 1999,0.64115,0.64187
Week 3,18 May 1999,0.64410,0.64480
Week 4,25 May 1999,0.64800,0.64871

Week 1,01 Jun 1999,0.65411,0.65485
Week 2,08 Jun 1999,0.65174,0.65240
Week 3,15 Jun 1999,0.65908,0.65973
Week 4,22 Jun 1999,0.65545,0.65614

Week 1,29 Jun 1999,0.66213,0.66285
Week 2,06 Jul 1999,0.66637,0.66708
Week 3,13 Jul 1999,0.66149,0.66216
Week 4,20 Jul 1999,0.63279,0.63343

Week 1,27 Jul 1999,0.62066,0.62130
Week 2,03 Aug 1999,0.62169,0.62232
Week 3,10 Aug 1999,0.63291,0.63355
Week 4,17 Aug 1999,0.63241,0.63300

Week 1,24 Aug 1999,0.63885,0.63951
Week 2,31 Aug 1999,0.63145,0.63208
Week 3,07 Sep 1999,0.64442,0.64513
Week 4,14 Sep 1999,0.65254,0.65321

Week 1,21 Sep 1999,0.64955,0.65022
Week 2,28 Sep 1999,0.63917,0.63985
Week 3,05 Oct 1999,0.63711,0.63779
Week 4,12 Oct 1999,0.62249,0.62312

Week 1,19 Oct 1999,0.62681,0.62747
Week 2,26 Oct 1999,0.64302,0.64372
Week 3,02 Nov 1999,0.65277,0.65347
Week 4,09 Nov 1999,0.65777,0.65849

Week 1,16 Nov 1999,0.66028,0.66101
Week 2,23 Nov 1999,0.66834,0.66908
Week 3,30 Nov 1999,0.67165,0.67245
Week 4,07 Dec 1999,0.66485,0.66568

Week 1,14 Dec 1999,0.66909,0.66983
Week 2,21 Dec 1999,0.67146,0.67231
Week 3,28 Dec 1999,0.68422,0.68504
Week 4,04 Jan 2000,0.66754,0.66829

Week 1,11 Jan 2000,0.67309,0.67384
Week 2,18 Jan 2000,0.68323,0.68401
Week 3,25 Jan 2000,0.70043,0.70122
Week 4,01 Feb 2000,0.70712,0.70792

Week 1,08 Feb 2000,0.69970,0.70050
Week 2,15 Feb 2000,0.69892,0.69977
Week 3,22 Feb 2000,0.69637,0.69716
Week 4,29 Feb 2000,0.71394,0.71470

Week 1,07 Mar 2000,0.71311,0.71393
Week 2,14 Mar 2000,0.70201,0.70291
Week 3,21 Mar 2000,0.70120,0.70211
Week 4,28 Mar 2000,0.71773,0.71865

Week 1,04 Apr 2000,0.71765,0.71847
Week 2,11 Apr 2000,0.70870,0.70945
Week 3,18 Apr 2000,0.71813,0.71893
Week 4,25 Apr 2000,0.73714,0.73799

Week 1,02 May 2000,0.74548,0.74637
Week 2,09 May 2000,0.73742,0.73827
Week 3,16 May 2000,0.74388,0.74480
Week 4,23 May 2000,0.72337,0.72423

Week 1,30 May 2000,0.71600,0.71684
Week 2,06 Jun 2000,0.70914,0.71006
Week 3,13 Jun 2000,0.70822,0.70908
Week 4,20 Jun 2000,0.71736,0.71819

Week 1,27 Jun 2000,0.71177,0.71262
Week 2,04 Jul 2000,0.70918,0.70994
Week 3,11 Jul 2000,0.71510,0.71584
Week 4,18 Jul 2000,0.72664,0.72748

Week 1,25 Jul 2000,0.72960,0.73048
Week 2,01 Aug 2000,0.73719,0.73802
Week 3,08 Aug 2000,0.74490,0.74576
Week 4,15 Aug 2000,0.74268,0.74355

Week 1,22 Aug 2000,0.74806,0.74889
Week 2,29 Aug 2000,0.75479,0.75570
Week 3,05 Sep 2000,0.77207,0.77301
Week 4,12 Sep 2000,0.78550,0.78645

Week 1,19 Sep 2000,0.77885,0.77985
Week 2,26 Sep 2000,0.75865,0.75972
Week 3,03 Oct 2000,0.76040,0.76298
Week 4,10 Oct 2000,0.76929,0.77045

Week 1,17 Oct 2000,0.78099,0.78215
Week 2,24 Oct 2000,0.78573,0.78687
Week 3,31 Oct 2000,0.75987,0.76091
Week 4,07 Nov 2000,0.75347,0.75455

Week 1,14 Nov 2000,0.75444,0.75539
Week 2,21 Nov 2000,0.76819,0.76914
Week 3,28 Nov 2000,0.74718,0.74814
Week 4,05 Dec 2000,0.73802,0.73894

Week 1,12 Dec 2000,0.74029,0.74120
Week 2,19 Dec 2000,0.72057,0.72146
Week 3,26 Dec 2000,0.71027,0.71112
Week 4,02 Jan 2001,0.70310,0.70398

Week 1,09 Jan 2001,0.70343,0.70431
Week 2,16 Jan 2001,0.70556,0.70648
Week 3,23 Jan 2001,0.71470,0.71561
Week 4,30 Jan 2001,0.71526,0.71617

Week 1,06 Feb 2001,0.71364,0.71450
Week 2,13 Feb 2001,0.71171,0.71261
Week 3,20 Feb 2001,0.71029,0.71125
Week 4,27 Feb 2001,0.70040,0.70123

Week 1,06 Mar 2001,0.69333,0.69418
Week 2,13 Mar 2001,0.70690,0.70774
Week 3,20 Mar 2001,0.71257,0.71346
Week 4,27 Mar 2001,0.72054,0.72147

Week 1,03 Apr 2001,0.70894,0.70981
Week 2,10 Apr 2001,0.71938,0.72025
Week 3,17 Apr 2001,0.71986,0.72080
Week 4,24 Apr 2001,0.72276,0.72369

Week 1,01 May 2001,0.73038,0.73126
Week 2,08 May 2001,0.73370,0.73462
Week 3,15 May 2001,0.73791,0.73894
Week 4,22 May 2001,0.75035,0.75133

Week 1,29 May 2001,0.76235,0.76332
Week 2,05 Jun 2001,0.77113,0.77199
Week 3,12 Jun 2001,0.76636,0.76722
Week 4,19 Jun 2001,0.76340,0.76422

Week 1,26 Jun 2001,0.77146,0.77242
Week 2,03 Jul 2001,0.77911,0.78000
Week 3,10 Jul 2001,0.76536,0.76619
Week 4,17 Jul 2001,0.74797,0.74875

Week 1,24 Jul 2001,0.74270,0.74350
Week 2,31 Jul 2001,0.74067,0.74143
Week 3,07 Aug 2001,0.73285,0.73364
Week 4,14 Aug 2001,0.71333,0.71409

Week 1,21 Aug 2001,0.70840,0.70913
Week 2,28 Aug 2001,0.70885,0.70948
Week 3,04 Sep 2001,0.71167,0.71241
Week 4,11 Sep 2001,0.69990,0.70075

Week 1,18 Sep 2001,0.69082,0.69147
Week 2,25 Sep 2001,0.69331,0.69378
Week 3,02 Oct 2001,0.69554,0.69609
Week 4,09 Oct 2001,0.70136,0.70200

Week 1,16 Oct 2001,0.70469,0.70519
Week 2,23 Oct 2001,0.71095,0.71148
Week 3,30 Oct 2001,0.69754,0.69809
Week 4,06 Nov 2001,0.69826,0.69882

Week 1,13 Nov 2001,0.70950,0.71013
Week 2,20 Nov 2001,0.71178,0.71244
Week 3,27 Nov 2001,0.70989,0.71062
Week 4,04 Dec 2001,0.71261,0.71329

Week 1,11 Dec 2001,0.71045,0.71111
Week 2,18 Dec 2001,0.70745,0.70793
Week 3,25 Dec 2001,0.71034,0.71086
Week 4,01 Jan 2002,0.69954,0.70022

Week 1,08 Jan 2002,0.70142,0.70200
Week 2,15 Jan 2002,0.70406,0.70457
Week 3,22 Jan 2002,0.71106,0.71157
Week 4,29 Jan 2002,0.72865,0.72921

Week 1,05 Feb 2002,0.71789,0.71850
Week 2,12 Feb 2002,0.71908,0.71960
Week 3,19 Feb 2002,0.71843,0.71906
Week 4,26 Feb 2002,0.72129,0.72189

Week 1,05 Mar 2002,0.72030,0.72088
Week 2,12 Mar 2002,0.71632,0.71683
Week 3,19 Mar 2002,0.71865,0.71919
Week 4,26 Mar 2002,0.71860,0.71919

Week 1,02 Apr 2002,0.71408,0.71461
Week 2,09 Apr 2002,0.71479,0.71542
Week 3,16 Apr 2002,0.71381,0.71430
Week 4,23 Apr 2002,0.71210,0.71263

Week 1,30 Apr 2002,0.70300,0.70350
Week 2,07 May 2002,0.70062,0.70100
Week 3,14 May 2002,0.70447,0.70501
Week 4,21 May 2002,0.70657,0.70721

Week 1,28 May 2002,0.70016,0.70086
Week 2,04 Jun 2002,0.69226,0.69289
Week 3,11 Jun 2002,0.68595,0.68668
Week 4,18 Jun 2002,0.67864,0.67920

Week 1,25 Jun 2002,0.66893,0.66956
Week 2,02 Jul 2002,0.66893,0.66960
Week 3,09 Jul 2002,0.66100,0.66163
Week 4,16 Jul 2002,0.64195,0.64240

Week 1,23 Jul 2002,0.63760,0.63844
Week 2,30 Jul 2002,0.64208,0.64267
Week 3,06 Aug 2002,0.65168,0.65234
Week 4,13 Aug 2002,0.65109,0.65172

Week 1,20 Aug 2002,0.65689,0.65727
Week 2,27 Aug 2002,0.65435,0.65492
Week 3,03 Sep 2002,0.64876,0.64924
Week 4,10 Sep 2002,0.65014,0.65060

Week 1,17 Sep 2002,0.64756,0.64815
Week 2,24 Sep 2002,0.64675,0.64719
Week 3,01 Oct 2002,0.63952,0.64004
Week 4,08 Oct 2002,0.63722,0.63770

Week 1,15 Oct 2002,0.64838,0.64883
Week 2,22 Oct 2002,0.65359,0.65416
Week 3,29 Oct 2002,0.64704,0.64755
Week 4,05 Nov 2002,0.63640,0.63681

Week 1,12 Nov 2002,0.62767,0.62814
Week 2,19 Nov 2002,0.63166,0.63204
Week 3,26 Nov 2002,0.64117,0.64167
Week 4,03 Dec 2002,0.63821,0.63872

Week 1,10 Dec 2002,0.63061,0.63103
Week 2,17 Dec 2002,0.62718,0.62770
Week 3,24 Dec 2002,0.61867,0.61916
Week 4,31 Dec 2002,0.60986,0.61024

Week 1,07 Jan 2003,0.61226,0.61273
Week 2,14 Jan 2003,0.61307,0.61351
Week 3,21 Jan 2003,0.60824,0.60866
Week 4,28 Jan 2003,0.60711,0.60752

Week 1,04 Feb 2003,0.60812,0.60856
Week 2,11 Feb 2003,0.60885,0.60930
Week 3,18 Feb 2003,0.61582,0.61617
Week 4,25 Feb 2003,0.62238,0.62274

Week 1,04 Mar 2003,0.61999,0.62033
Week 2,11 Mar 2003,0.62359,0.62400
Week 3,18 Mar 2003,0.63591,0.63626
Week 4,25 Mar 2003,0.63362,0.63407

Week 1,01 Apr 2003,0.62918,0.62975
Week 2,08 Apr 2003,0.63677,0.63749
Week 3,15 Apr 2003,0.63480,0.63535
Week 4,22 Apr 2003,0.62702,0.62770

Week 1,29 Apr 2003,0.62672,0.62729
Week 2,06 May 2003,0.62555,0.62615
Week 3,13 May 2003,0.62941,0.63006
Week 4,20 May 2003,0.62333,0.62391

Week 1,27 May 2003,0.61743,0.61791
Week 2,03 Jun 2003,0.62721,0.62776
Week 3,10 Jun 2003,0.62998,0.63056
Week 4,17 Jun 2003,0.63410,0.63467

Week 1,24 Jun 2003,0.64429,0.64488
Week 2,01 Jul 2003,0.64712,0.64798
Week 3,08 Jul 2003,0.64390,0.64478
Week 4,15 Jul 2003,0.63687,0.63768

Week 1,22 Jul 2003,0.62610,0.62689
Week 2,29 Jul 2003,0.63135,0.63221
Week 3,05 Aug 2003,0.63118,0.63198
Week 4,12 Aug 2003,0.63921,0.64009

Week 1,19 Aug 2003,0.64904,0.64991
Week 2,26 Aug 2003,0.65688,0.65764
Week 3,02 Sep 2003,0.66151,0.66219
Week 4,09 Sep 2003,0.65096,0.65189

Week 1,16 Sep 2003,0.65048,0.65123
Week 2,23 Sep 2003,0.64436,0.64509
Week 3,30 Sep 2003,0.63852,0.63920
Week 4,07 Oct 2003,0.63871,0.63935

Week 1,14 Oct 2003,0.64956,0.65017
Week 2,21 Oct 2003,0.64968,0.65030
Week 3,28 Oct 2003,0.65297,0.65361
Week 4,04 Nov 2003,0.65534,0.65604

Week 1,11 Nov 2003,0.65601,0.65668
Week 2,18 Nov 2003,0.64491,0.64567
Week 3,25 Nov 2003,0.64299,0.64366
Week 4,02 Dec 2003,0.63328,0.63391

Week 1,09 Dec 2003,0.62231,0.62286
Week 2,16 Dec 2003,0.60789,0.60846
Week 3,23 Dec 2003,0.61236,0.61304
Week 4,30 Dec 2003,0.61443,0.61509

Week 1,06 Jan 2004,0.61247,0.61308
Week 2,13 Jan 2004,0.61758,0.61818
Week 3,20 Jan 2004,0.60921,0.60978
Week 4,27 Jan 2004,0.60473,0.60542

Week 1,03 Feb 2004,0.59644,0.59705
Week 2,10 Feb 2004,0.59398,0.59456
Week 3,17 Feb 2004,0.59542,0.59595
Week 4,24 Feb 2004,0.59770,0.59831

Week 1,02 Mar 2004,0.60998,0.61050
Week 2,09 Mar 2004,0.61329,0.61380
Week 3,16 Mar 2004,0.61012,0.61066
Week 4,23 Mar 2004,0.61792,0.61845

Week 1,30 Mar 2004,0.62538,0.62586
Week 2,06 Apr 2004,0.62520,0.62572
Week 3,13 Apr 2004,0.62072,0.62127
Week 4,20 Apr 2004,0.62023,0.62077

Week 1,27 Apr 2004,0.61305,0.61351
Week 2,04 May 2004,0.60525,0.60579
Week 3,11 May 2004,0.60606,0.60657
Week 4,18 May 2004,0.60522,0.60567

Week 1,25 May 2004,0.60173,0.60223
Week 2,01 Jun 2004,0.60125,0.60169
Week 3,08 Jun 2004,0.60732,0.60785
Week 4,15 Jun 2004,0.60357,0.60408

Week 1,22 Jun 2004,0.60611,0.60658
Week 2,29 Jun 2004,0.61352,0.61412
Week 3,06 Jul 2004,0.61185,0.61242
Week 4,13 Jul 2004,0.61257,0.61305

Week 1,20 Jul 2004,0.62057,0.62107
Week 2,27 Jul 2004,0.62338,0.62387
Week 3,03 Aug 2004,0.62408,0.62461
Week 4,10 Aug 2004,0.61612,0.61664

Week 1,17 Aug 2004,0.62232,0.62280
Week 2,24 Aug 2004,0.63253,0.63302
Week 3,31 Aug 2004,0.63232,0.63293
Week 4,07 Sep 2004,0.63514,0.63565

Week 1,14 Sep 2004,0.63186,0.63231
Week 2,21 Sep 2004,0.63611,0.63659
Week 3,28 Sep 2004,0.63868,0.63923
Week 4,05 Oct 2004,0.64342,0.64390

Week 1,12 Oct 2004,0.64179,0.64228
Week 2,19 Oct 2004,0.63749,0.63792
Week 3,26 Oct 2004,0.64055,0.64115
Week 4,02 Nov 2004,0.64350,0.64402

Week 1,09 Nov 2004,0.64671,0.64719
Week 2,16 Nov 2004,0.64270,0.64323
Week 3,23 Nov 2004,0.64141,0.64194
Week 4,30 Nov 2004,0.62925,0.62966

Week 1,07 Dec 2004,0.61736,0.61790
Week 2,14 Dec 2004,0.61087,0.61135
Week 3,21 Dec 2004,0.60255,0.60305
Week 4,28 Dec 2004,0.60883,0.60937

Week 1,04 Jan 2005,0.61784,0.61829
Week 2,11 Jan 2005,0.62705,0.62756
Week 3,18 Jan 2005,0.62772,0.62833
Week 4,25 Jan 2005,0.62041,0.62086

Week 1,01 Feb 2005,0.62073,0.62127
Week 2,08 Feb 2005,0.62674,0.62719
Week 3,15 Feb 2005,0.62217,0.62271
Week 4,22 Feb 2005,0.61219,0.61266

Week 1,01 Mar 2005,0.61287,0.61336
Week 2,08 Mar 2005,0.61685,0.61733
Week 3,15 Mar 2005,0.62225,0.62276
Week 4,22 Mar 2005,0.63241,0.63292

Week 1,29 Mar 2005,0.63749,0.63796
Week 2,05 Apr 2005,0.63330,0.63380
Week 3,12 Apr 2005,0.62402,0.62456
Week 4,19 Apr 2005,0.61819,0.61865

Week 1,26 Apr 2005,0.61842,0.61893
Week 2,03 May 2005,0.62300,0.62348
Week 3,10 May 2005,0.62701,0.62755
Week 4,17 May 2005,0.62735,0.62790

Week 1,24 May 2005,0.63164,0.63213
Week 2,31 May 2005,0.65184,0.65236
Week 3,07 Jun 2005,0.65583,0.65636
Week 4,14 Jun 2005,0.66285,0.66335

Week 1,21 Jun 2005,0.66930,0.66978
Week 2,28 Jun 2005,0.67276,0.67325
Week 3,05 Jul 2005,0.68069,0.68124
Week 4,12 Jul 2005,0.68110,0.68162

Week 1,19 Jul 2005,0.67838,0.67907
Week 2,26 Jul 2005,0.67355,0.67408
Week 3,02 Aug 2005,0.66838,0.66885
Week 4,09 Aug 2005,0.66865,0.66932

Week 1,16 Aug 2005,0.67572,0.67628
Week 2,23 Aug 2005,0.68050,0.68111
Week 3,30 Aug 2005,0.67707,0.67760
Week 4,06 Sep 2005,0.67942,0.68002

Week 1,13 Sep 2005,0.69059,0.69123
Week 2,20 Sep 2005,0.70517,0.70574
Week 3,27 Sep 2005,0.71054,0.71120
Week 4,04 Oct 2005,0.70619,0.70682

Week 1,11 Oct 2005,0.70269,0.70335
Week 2,18 Oct 2005,0.70610,0.70663
Week 3,25 Oct 2005,0.70390,0.70444
Week 4,01 Nov 2005,0.70966,0.71025

Week 1,08 Nov 2005,0.71585,0.71653
Week 2,15 Nov 2005,0.71605,0.71661
Week 3,22 Nov 2005,0.72421,0.72477
Week 4,29 Nov 2005,0.72887,0.72950

Week 1,06 Dec 2005,0.73303,0.73366
Week 2,13 Dec 2005,0.72483,0.72545
Week 3,20 Dec 2005,0.71954,0.72016
Week 4,27 Dec 2005,0.72309,0.72380

Week 1,03 Jan 2006,0.71621,0.71704
Week 2,10 Jan 2006,0.70996,0.71057
Week 3,17 Jan 2006,0.71117,0.71175
Week 4,24 Jan 2006,0.71178,0.71215

Week 1,31 Jan 2006,0.72347,0.72394
Week 2,07 Feb 2006,0.72717,0.72779
Week 3,14 Feb 2006,0.72708,0.72771
Week 4,21 Feb 2006,0.73044,0.73107

Week 1,28 Feb 2006,0.73525,0.73565
Week 2,07 Mar 2006,0.72643,0.72706
Week 3,14 Mar 2006,0.71474,0.71535
Week 4,21 Mar 2006,0.71048,0.71109

Week 1,28 Mar 2006,0.70873,0.70933
Week 2,04 Apr 2006,0.70880,0.70940
Week 3,11 Apr 2006,0.71813,0.71876
Week 4,18 Apr 2006,0.71209,0.71271

Week 1,25 Apr 2006,0.71004,0.71065
Week 2,02 May 2006,0.71176,0.71241
Week 3,09 May 2006,0.70535,0.70593
Week 4,16 May 2006,0.69977,0.70041

Week 1,23 May 2006,0.70240,0.70304
Week 2,30 May 2006,0.70624,0.70689
Week 3,06 Jun 2006,0.70615,0.70654
Week 4,13 Jun 2006,0.71161,0.71223

Week 1,20 Jun 2006,0.71062,0.71123
Week 2,27 Jun 2006,0.70645,0.70705
Week 3,04 Jul 2006,0.70284,0.70345
Week 4,11 Jul 2006,0.69727,0.69787

Week 1,18 Jul 2006,0.69842,0.69878
Week 2,25 Jul 2006,0.69361,0.69394
Week 3,01 Aug 2006,0.69153,0.69210
Week 4,08 Aug 2006,0.69534,0.69593

Week 1,15 Aug 2006,0.69491,0.69551
Week 2,22 Aug 2006,0.70186,0.70248
Week 3,29 Aug 2006,0.70446,0.70508
Week 4,05 Sep 2006,0.70413,0.70474

Week 1,12 Sep 2006,0.70383,0.70443
Week 2,19 Sep 2006,0.70062,0.70122
Week 3,26 Sep 2006,0.70531,0.70591
Week 4,03 Oct 2006,0.70220,0.70270

Week 1,10 Oct 2006,0.70301,0.70361
Week 2,17 Oct 2006,0.70211,0.70270
Week 3,24 Oct 2006,0.70314,0.70374
Week 4,31 Oct 2006,0.69547,0.69606

Week 1,07 Nov 2006,0.69104,0.69162
Week 2,14 Nov 2006,0.68340,0.68397
Week 3,21 Nov 2006,0.67651,0.67707
Week 4,28 Nov 2006,0.66385,0.66439

Week 1,05 Dec 2006,0.65675,0.65729
Week 2,12 Dec 2006,0.65760,0.65814
Week 3,19 Dec 2006,0.65805,0.65860
Week 4,26 Dec 2006,0.65394,0.65463

Week 1,02 Jan 2007,0.65041,0.65105
Week 2,09 Jan 2007,0.65713,0.65767
Week 3,16 Jan 2007,0.65864,0.65918
Week 4,23 Jan 2007,0.65424,0.65477

Week 1,30 Jan 2007,0.65223,0.65275
Week 2,06 Feb 2007,0.65222,0.65274
Week 3,13 Feb 2007,0.65461,0.65514
Week 4,20 Feb 2007,0.65391,0.65443

Week 1,27 Feb 2007,0.64771,0.64806
Week 2,06 Mar 2007,0.64724,0.64776
Week 3,13 Mar 2007,0.64293,0.64345
Week 4,20 Mar 2007,0.64537,0.64588

Week 1,27 Mar 2007,0.64771,0.64823
Week 2,03 Apr 2007,0.64758,0.64811
Week 3,10 Apr 2007,0.65000,0.65054
Week 4,17 Apr 2007,0.65224,0.65277

Week 1,24 Apr 2007,0.65570,0.65623
Week 2,01 May 2007,0.66266,0.66321
Week 3,08 May 2007,0.66632,0.66687
Week 4,15 May 2007,0.67282,0.67335

Week 1,22 May 2007,0.68575,0.68630
Week 2,29 May 2007,0.69441,0.69497
Week 3,05 Jun 2007,0.70125,0.70181
Week 4,12 Jun 2007,0.70281,0.70337

Week 1,19 Jun 2007,0.69668,0.69724
Week 2,26 Jun 2007,0.69503,0.69558
Week 3,03 Jul 2007,0.69595,0.69651
Week 4,10 Jul 2007,0.69336,0.69390

Week 1,17 Jul 2007,0.69260,0.69314
Week 2,24 Jul 2007,0.69265,0.69321
Week 3,31 Jul 2007,0.68790,0.68845
Week 4,07 Aug 2007,0.69031,0.69085

Week 1,14 Aug 2007,0.69471,0.69530
Week 2,21 Aug 2007,0.69752,0.69808
Week 3,28 Aug 2007,0.69331,0.69386
Week 4,04 Sep 2007,0.69361,0.69417

Week 1,11 Sep 2007,0.69457,0.69512
Week 2,18 Sep 2007,0.70627,0.70684
Week 3,25 Sep 2007,0.70593,0.70649
Week 4,02 Oct 2007,0.71246,0.71304

Week 1,09 Oct 2007,0.72222,0.72281
Week 2,16 Oct 2007,0.72159,0.72218
Week 3,23 Oct 2007,0.72260,0.72319
Week 4,30 Oct 2007,0.73058,0.73101

Week 1,06 Nov 2007,0.73288,0.73348
Week 2,13 Nov 2007,0.70622,0.70681
Week 3,20 Nov 2007,0.68620,0.68677
Week 4,27 Nov 2007,0.68141,0.68189

Week 1,04 Dec 2007,0.67672,0.67729
Week 2,11 Dec 2007,0.67586,0.67641
Week 3,18 Dec 2007,0.69411,0.69469
Week 4,25 Dec 2007,0.69841,0.69921

Week 1,01 Jan 2008,0.68374,0.68451
Week 2,08 Jan 2008,0.67147,0.67200
Week 3,15 Jan 2008,0.66369,0.66421
Week 4,22 Jan 2008,0.67114,0.67167

Week 1,29 Jan 2008,0.67602,0.67656
Week 2,05 Feb 2008,0.68300,0.68356
Week 3,12 Feb 2008,0.68315,0.68368
Week 4,19 Feb 2008,0.66979,0.67031

Week 1,26 Feb 2008,0.67241,0.67294
Week 2,04 Mar 2008,0.66132,0.66183
Week 3,11 Mar 2008,0.65077,0.65128
Week 4,18 Mar 2008,0.63506,0.63562

Week 1,25 Mar 2008,0.62494,0.62544
Week 2,01 Apr 2008,0.62703,0.62754
Week 3,08 Apr 2008,0.62259,0.62307
Week 4,15 Apr 2008,0.62437,0.62485

Week 1,22 Apr 2008,0.62611,0.62659
Week 2,29 Apr 2008,0.63436,0.63486
Week 3,06 May 2008,0.64079,0.64130
Week 4,13 May 2008,0.64316,0.64367

Week 1,20 May 2008,0.64340,0.64392
Week 2,27 May 2008,0.64489,0.64542
Week 3,03 Jun 2008,0.63359,0.63402
Week 4,10 Jun 2008,0.62993,0.63044

Week 1,17 Jun 2008,0.63142,0.63193
Week 2,24 Jun 2008,0.63001,0.63050
Week 3,01 Jul 2008,0.62342,0.62391
Week 4,08 Jul 2008,0.62489,0.62537

Week 1,15 Jul 2008,0.62685,0.62733
Week 2,22 Jul 2008,0.62692,0.62743
Week 3,29 Jul 2008,0.62498,0.62549
Week 4,05 Aug 2008,0.62161,0.62209

Week 1,12 Aug 2008,0.63388,0.63437
Week 2,19 Aug 2008,0.64199,0.64239
Week 3,26 Aug 2008,0.64527,0.64576
Week 4,02 Sep 2008,0.65090,0.65142

Week 1,09 Sep 2008,0.66304,0.66358
Week 2,16 Sep 2008,0.65789,0.65850
Week 3,23 Sep 2008,0.65884,0.65941
Week 4,30 Sep 2008,0.66911,0.66973

Week 1,07 Oct 2008,0.65002,0.65080
Week 2,14 Oct 2008,0.63049,0.63127
Week 3,21 Oct 2008,0.62301,0.62361
Week 4,28 Oct 2008,0.63350,0.63454

Week 1,04 Nov 2008,0.66150,0.66223
Week 2,11 Nov 2008,0.64988,0.65060
Week 3,18 Nov 2008,0.63351,0.63418
Week 4,25 Nov 2008,0.62965,0.63036

Week 1,02 Dec 2008,0.62476,0.62541
Week 2,09 Dec 2008,0.60813,0.60859
Week 3,16 Dec 2008,0.58890,0.58955
Week 4,23 Dec 2008,0.58569,0.58656

Week 1,30 Dec 2008,0.58694,0.58793
Week 2,06 Jan 2009,0.61852,0.61912
Week 3,13 Jan 2009,0.61171,0.61225
Week 4,20 Jan 2009,0.61525,0.61581

Week 1,27 Jan 2009,0.62722,0.62783
Week 2,03 Feb 2009,0.63050,0.63109
Week 3,10 Feb 2009,0.62736,0.62793
Week 4,17 Feb 2009,0.62735,0.62792

Week 1,24 Feb 2009,0.62359,0.62413
Week 2,03 Mar 2009,0.61661,0.61714
Week 3,10 Mar 2009,0.60932,0.60984
Week 4,17 Mar 2009,0.59835,0.59889

Week 1,24 Mar 2009,0.60140,0.60195
Week 2,31 Mar 2009,0.60106,0.60159
Week 3,07 Apr 2009,0.61215,0.61270
Week 4,14 Apr 2009,0.62538,0.62593

Week 1,21 Apr 2009,0.62367,0.62413
Week 2,28 Apr 2009,0.63032,0.63086
Week 3,05 May 2009,0.63812,0.63867
Week 4,12 May 2009,0.62981,0.63035

Week 1,19 May 2009,0.63518,0.63572
Week 2,26 May 2009,0.64272,0.64328
Week 3,02 Jun 2009,0.64254,0.64311
Week 4,09 Jun 2009,0.64144,0.64202

Week 1,16 Jun 2009,0.63485,0.63544
Week 2,23 Jun 2009,0.62026,0.62081
Week 3,30 Jun 2009,0.61523,0.61576
Week 4,07 Jul 2009,0.61650,0.61703

Week 1,14 Jul 2009,0.63046,0.63105
Week 2,21 Jul 2009,0.64190,0.64246
Week 3,28 Jul 2009,0.65136,0.65195
Week 4,04 Aug 2009,0.64938,0.64996

Week 1,11 Aug 2009,0.64406,0.64464
Week 2,18 Aug 2009,0.64256,0.64314
Week 3,25 Aug 2009,0.64252,0.64305
Week 4,01 Sep 2009,0.63847,0.63903

Week 1,08 Sep 2009,0.63903,0.63956
Week 2,15 Sep 2009,0.63496,0.63547
Week 3,22 Sep 2009,0.62839,0.62893
Week 4,29 Sep 2009,0.63315,0.63361

Week 1,06 Oct 2009,0.64361,0.64416
Week 2,13 Oct 2009,0.65026,0.65078
Week 3,20 Oct 2009,0.63780,0.63824
Week 4,27 Oct 2009,0.62934,0.62981

Week 1,03 Nov 2009,0.62962,0.63010
Week 2,10 Nov 2009,0.63542,0.63589
Week 3,17 Nov 2009,0.63278,0.63325
Week 4,24 Nov 2009,0.62964,0.63011

Week 1,01 Dec 2009,0.63280,0.63326
Week 2,08 Dec 2009,0.64261,0.64309
Week 3,15 Dec 2009,0.64964,0.65012
Week 4,22 Dec 2009,0.66145,0.66204

Week 1,29 Dec 2009,0.66315,0.66402
Week 2,05 Jan 2010,0.67155,0.67207
Week 3,12 Jan 2010,0.67086,0.67137
Week 4,19 Jan 2010,0.67412,0.67460

Week 1,26 Jan 2010,0.67095,0.67143
Week 2,02 Feb 2010,0.67853,0.67902
Week 3,09 Feb 2010,0.68953,0.69002
Week 4,16 Feb 2010,0.70297,0.70360

Week 1,23 Feb 2010,0.69954,0.70016
Week 2,02 Mar 2010,0.71050,0.71114
Week 3,09 Mar 2010,0.71343,0.71407
Week 4,16 Mar 2010,0.72174,0.72240

Week 1,23 Mar 2010,0.72835,0.72894
Week 2,30 Mar 2010,0.73021,0.73086
Week 3,06 Apr 2010,0.74211,0.74275
Week 4,13 Apr 2010,0.73298,0.73366

Week 1,20 Apr 2010,0.74442,0.74486
Week 2,27 Apr 2010,0.74524,0.74593
Week 3,04 May 2010,0.75086,0.75156
Week 4,11 May 2010,0.77474,0.77546

Week 1,18 May 2010,0.76485,0.76553
Week 2,25 May 2010,0.76678,0.76749
Week 3,01 Jun 2010,0.78335,0.78408
Week 4,08 Jun 2010,0.79700,0.79774

Week 1,15 Jun 2010,0.79040,0.79102
Week 2,22 Jun 2010,0.78479,0.78552
Week 3,29 Jun 2010,0.76373,0.76442
Week 4,06 Jul 2010,0.75708,0.75779

Week 1,13 Jul 2010,0.74942,0.75009
Week 2,20 Jul 2010,0.74356,0.74424
Week 3,27 Jul 2010,0.74348,0.74420
Week 4,03 Aug 2010,0.73948,0.74017

Week 1,10 Aug 2010,0.74406,0.74474
Week 2,17 Aug 2010,0.75106,0.75174
Week 3,24 Aug 2010,0.74561,0.74628
Week 4,31 Aug 2010,0.74356,0.74423

Week 1,07 Sep 2010,0.75655,0.75726
Week 2,14 Sep 2010,0.74705,0.74771
Week 3,21 Sep 2010,0.72940,0.73006
Week 4,28 Sep 2010,0.71411,0.71474

Week 1,05 Oct 2010,0.70983,0.71046
Week 2,12 Oct 2010,0.70912,0.70975
Week 3,19 Oct 2010,0.70080,0.70141
Week 4,26 Oct 2010,0.70304,0.70365

Week 1,02 Nov 2010,0.70708,0.70762
Week 2,09 Nov 2010,0.72141,0.72195
Week 3,16 Nov 2010,0.72161,0.72215
Week 4,23 Nov 2010,0.73412,0.73469

Week 1,30 Nov 2010,0.74660,0.74718
Week 2,07 Dec 2010,0.74723,0.74782
Week 3,14 Dec 2010,0.74707,0.74765
Week 4,21 Dec 2010,0.75249,0.75314

Week 1,28 Dec 2010,0.75333,0.75398
Week 2,04 Jan 2011,0.76616,0.76678
Week 3,11 Jan 2011,0.76617,0.76677
Week 4,18 Jan 2011,0.74736,0.74794

Week 1,25 Jan 2011,0.73440,0.73496
Week 2,01 Feb 2011,0.73733,0.73790
Week 3,08 Feb 2011,0.74176,0.74234
Week 4,15 Feb 2011,0.74584,0.74642

Week 1,22 Feb 2011,0.74055,0.74113
Week 2,01 Mar 2011,0.73936,0.73985
Week 3,08 Mar 2011,0.73942,0.74000
Week 4,15 Mar 2011,0.72412,0.72469

Week 1,22 Mar 2011,0.72164,0.72219
Week 2,29 Mar 2011,0.72791,0.72847
Week 3,05 Apr 2011,0.72636,0.72710
Week 4,12 Apr 2011,0.72059,0.72115

Week 1,19 Apr 2011,0.72274,0.72332
Week 2,26 Apr 2011,0.71450,0.71506
Week 3,03 May 2011,0.71267,0.71324
Week 4,10 May 2011,0.72787,0.72844

Week 1,17 May 2011,0.72418,0.72474
Week 2,24 May 2011,0.72181,0.72236
Week 3,31 May 2011,0.70819,0.70873
Week 4,07 Jun 2011,0.70394,0.70448

Week 1,14 Jun 2011,0.71466,0.71521
Week 2,21 Jun 2011,0.71443,0.71498
Week 3,28 Jun 2011,0.71404,0.71459
Week 4,05 Jul 2011,0.72360,0.72422

Week 1,12 Jul 2011,0.73742,0.73801
Week 2,19 Jul 2011,0.73804,0.73862
Week 3,26 Jul 2011,0.73117,0.73172
Week 4,02 Aug 2011,0.72304,0.72410

Week 1,09 Aug 2011,0.71001,0.71058
Week 2,16 Aug 2011,0.70449,0.70502
Week 3,23 Aug 2011,0.70235,0.70288
Week 4,30 Aug 2011,0.71136,0.71189

Week 1,06 Sep 2011,0.72506,0.72563
Week 2,13 Sep 2011,0.73733,0.73793
Week 3,20 Sep 2011,0.72841,0.72908
Week 4,27 Sep 2011,0.71480,0.71535

Week 1,04 Oct 2011,0.71704,0.71759
Week 2,11 Oct 2011,0.71299,0.71353
Week 3,18 Oct 2011,0.71427,0.71482
Week 4,25 Oct 2011,0.71266,0.71320

Week 1,01 Nov 2011,0.71525,0.71579
Week 2,08 Nov 2011,0.71810,0.71864
Week 3,15 Nov 2011,0.72095,0.72149
Week 4,22 Nov 2011,0.71696,0.71750

Week 1,29 Nov 2011,0.72905,0.72960
Week 2,06 Dec 2011,0.73488,0.73544
Week 3,13 Dec 2011,0.73934,0.73988
Week 4,20 Dec 2011,0.74629,0.74686

Week 1,27 Dec 2011,0.75345,0.75411
Week 2,03 Jan 2012,0.76210,0.76276
Week 3,10 Jan 2012,0.76864,0.76921
Week 4,17 Jan 2012,0.76766,0.76824

Week 1,24 Jan 2012,0.75915,0.75972
Week 2,31 Jan 2012,0.76158,0.76216
Week 3,07 Feb 2012,0.75892,0.75948
Week 4,14 Feb 2012,0.76189,0.76249

Week 1,21 Feb 2012,0.75205,0.75259
Week 2,28 Feb 2012,0.75652,0.75708
Week 3,06 Mar 2012,0.76393,0.76449
Week 4,13 Mar 2012,0.76851,0.76908

Week 1,20 Mar 2012,0.75964,0.76019
Week 2,27 Mar 2012,0.75253,0.75309
Week 3,03 Apr 2012,0.76287,0.76345
Week 4,10 Apr 2012,0.76343,0.76401

Week 1,17 Apr 2012,0.76535,0.76597
Week 2,24 Apr 2012,0.76772,0.76831
Week 3,01 May 2012,0.76791,0.76849
Week 4,08 May 2012,0.77149,0.77208

Week 1,15 May 2012,0.77282,0.77347
Week 2,22 May 2012,0.77294,0.77354
Week 3,29 May 2012,0.77811,0.77873
Week 4,05 Jun 2012,0.77439,0.77508

Week 1,12 Jun 2012,0.77507,0.77565
Week 2,19 Jun 2012,0.77452,0.77510
Week 3,26 Jun 2012,0.77797,0.77856
Week 4,03 Jul 2012,0.78997,0.79037

Week 1,10 Jul 2012,0.80158,0.80198
Week 2,17 Jul 2012,0.80770,0.80808
Week 3,24 Jul 2012,0.80940,0.80981
Week 4,31 Jul 2012,0.81057,0.81095

Week 1,07 Aug 2012,0.81444,0.81483
Week 2,14 Aug 2012,0.81922,0.81961
Week 3,21 Aug 2012,0.80886,0.80925
Week 4,28 Aug 2012,0.80591,0.80630

Week 1,04 Sep 2012,0.80228,0.80268
Week 2,11 Sep 2012,0.79286,0.79326
Week 3,18 Sep 2012,0.78702,0.78745
Week 4,25 Sep 2012,0.79000,0.79039

Week 1,02 Oct 2012,0.78550,0.78589
Week 2,09 Oct 2012,0.78960,0.78999
Week 3,16 Oct 2012,0.77789,0.77827
Week 4,23 Oct 2012,0.77476,0.77511

Week 1,30 Oct 2012,0.77621,0.77658
Week 2,06 Nov 2012,0.78535,0.78572
Week 3,13 Nov 2012,0.78427,0.78463
Week 4,20 Nov 2012,0.77996,0.78031

Week 1,27 Nov 2012,0.77595,0.77632
Week 2,04 Dec 2012,0.77557,0.77592
Week 3,11 Dec 2012,0.77673,0.77707
Week 4,18 Dec 2012,0.76586,0.76618

Week 1,25 Dec 2012,0.76137,0.76166
Week 2,01 Jan 2013,0.76931,0.76963
Week 3,08 Jan 2013,0.76908,0.76944
Week 4,15 Jan 2013,0.75927,0.75964

Week 1,22 Jan 2013,0.74796,0.74826
Week 2,29 Jan 2013,0.73654,0.73684
Week 3,05 Feb 2013,0.74304,0.74355
Week 4,12 Feb 2013,0.74354,0.74386

Week 1,19 Feb 2013,0.74128,0.74163
Week 2,26 Feb 2013,0.74478,0.74507
Week 3,05 Mar 2013,0.74606,0.74636
Week 4,12 Mar 2013,0.74957,0.74988

Week 1,19 Mar 2013,0.75432,0.75466
Week 2,26 Mar 2013,0.76465,0.76511
Week 3,02 Apr 2013,0.76312,0.76362
Week 4,09 Apr 2013,0.75358,0.75407

Week 1,16 Apr 2013,0.74638,0.74678
Week 2,23 Apr 2013,0.75085,0.75132
Week 3,30 Apr 2013,0.75501,0.75538
Week 4,07 May 2013,0.75981,0.76029

Week 1,14 May 2013,0.76008,0.76044
Week 2,21 May 2013,0.75146,0.75206
Week 3,28 May 2013,0.74478,0.74537
Week 4,04 Jun 2013,0.73993,0.74042

Week 1,11 Jun 2013,0.73745,0.73792
Week 2,18 Jun 2013,0.73106,0.73161
Week 3,25 Jun 2013,0.72967,0.73015
Week 4,02 Jul 2013,0.73303,0.73364

Week 1,09 Jul 2013,0.73735,0.73771
Week 2,16 Jul 2013,0.73357,0.73406
Week 3,23 Jul 2013,0.73342,0.73389
Week 4,30 Jul 2013,0.72964,0.73015

Week 1,06 Aug 2013,0.72502,0.72554
Week 2,13 Aug 2013,0.72762,0.72810
Week 3,20 Aug 2013,0.71549,0.71602
Week 4,27 Aug 2013,0.71493,0.71544

Week 1,03 Sep 2013,0.72404,0.72458
Week 2,10 Sep 2013,0.72766,0.72808
Week 3,17 Sep 2013,0.72213,0.72247
Week 4,24 Sep 2013,0.71820,0.71867

Week 1,01 Oct 2013,0.71491,0.71523
Week 2,08 Oct 2013,0.71229,0.71293
Week 3,15 Oct 2013,0.71165,0.71206
Week 4,22 Oct 2013,0.69977,0.70018

Week 1,29 Oct 2013,0.70196,0.70228
Week 2,05 Nov 2013,0.71167,0.71213
Week 3,12 Nov 2013,0.71020,0.71058
Week 4,19 Nov 2013,0.70573,0.70608

Week 1,26 Nov 2013,0.69604,0.69641
Week 2,03 Dec 2013,0.68876,0.68916
Week 3,10 Dec 2013,0.68513,0.68556
Week 4,17 Dec 2013,0.68569,0.68610

Week 1,24 Dec 2013,0.68430,0.68486
Week 2,31 Dec 2013,0.68571,0.68614
Week 3,07 Jan 2014,0.67907,0.67949
Week 4,14 Jan 2014,0.67176,0.67215

Week 1,21 Jan 2014,0.66488,0.66527
Week 2,28 Jan 2014,0.66069,0.66120
Week 3,04 Feb 2014,0.66616,0.66648
Week 4,11 Feb 2014,0.66513,0.66560

Week 1,18 Feb 2014,0.65900,0.65951
Week 2,25 Feb 2014,0.65550,0.65596
Week 3,04 Mar 2014,0.65444,0.65486
Week 4,11 Mar 2014,0.64823,0.64867

Week 1,18 Mar 2014,0.64613,0.64637
Week 2,25 Mar 2014,0.65307,0.65331
Week 3,01 Apr 2014,0.66027,0.66053
Week 4,08 Apr 2014,0.66022,0.66052

Week 1,15 Apr 2014,0.65739,0.65793
Week 2,22 Apr 2014,0.65578,0.65604
Week 3,29 Apr 2014,0.65700,0.65733
Week 4,06 May 2014,0.66220,0.66258

Week 1,13 May 2014,0.66990,0.67020
Week 2,20 May 2014,0.67202,0.67244
Week 3,27 May 2014,0.67602,0.67646
Week 4,03 Jun 2014,0.67195,0.67229

Week 1,10 Jun 2014,0.67787,0.67822
Week 2,17 Jun 2014,0.68050,0.68081
Week 3,24 Jun 2014,0.68559,0.68597
Week 4,01 Jul 2014,0.68826,0.68853

Week 1,08 Jul 2014,0.68744,0.68784
Week 2,15 Jul 2014,0.68692,0.68720
Week 3,22 Jul 2014,0.68972,0.69018
Week 4,29 Jul 2014,0.68491,0.68527

Week 1,05 Aug 2014,0.68191,0.68220
Week 2,12 Aug 2014,0.68424,0.68470
Week 3,19 Aug 2014,0.68786,0.68831
Week 4,26 Aug 2014,0.69632,0.69667

Week 1,02 Sep 2014,0.70393,0.70429
Week 2,09 Sep 2014,0.70167,0.70205
Week 3,16 Sep 2014,0.70547,0.70574
Week 4,23 Sep 2014,0.70606,0.70642

Week 1,30 Sep 2014,0.70870,0.70909
Week 2,07 Oct 2014,0.70724,0.70770
Week 3,14 Oct 2014,0.69677,0.69725
Week 4,21 Oct 2014,0.70040,0.70071

Week 1,28 Oct 2014,0.70564,0.70598
Week 2,04 Nov 2014,0.70530,0.70563
Week 3,11 Nov 2014,0.70749,0.70786
Week 4,18 Nov 2014,0.70997,0.71046

Week 1,25 Nov 2014,0.70886,0.70933
Week 2,02 Dec 2014,0.70968,0.71018
Week 3,09 Dec 2014,0.70046,0.70083
Week 4,16 Dec 2014,0.69734,0.69767

Week 1,23 Dec 2014,0.70495,0.70551
Week 2,30 Dec 2014,0.70841,0.70879
Week 3,06 Jan 2015,0.71263,0.71315
Week 4,13 Jan 2015,0.71460,0.71530

Week 1,20 Jan 2015,0.71442,0.71496
Week 2,27 Jan 2015,0.70403,0.70471
Week 3,03 Feb 2015,0.70152,0.70211
Week 4,10 Feb 2015,0.70358,0.70426

Week 1,17 Feb 2015,0.70408,0.70451
Week 2,24 Feb 2015,0.70841,0.70910
Week 3,03 Mar 2015,0.72332,0.72379
Week 4,10 Mar 2015,0.74007,0.74056

Week 1,17 Mar 2015,0.73743,0.73790
Week 2,24 Mar 2015,0.73067,0.73110
Week 3,31 Mar 2015,0.73070,0.73153
Week 4,07 Apr 2015,0.74173,0.74226

Week 1,14 Apr 2015,0.75538,0.75601
Week 2,21 Apr 2015,0.75863,0.75909
Week 3,28 Apr 2015,0.74533,0.74583
Week 4,05 May 2015,0.73727,0.73789

Week 1,12 May 2015,0.73402,0.73444
Week 2,19 May 2015,0.73489,0.73550
Week 3,26 May 2015,0.73527,0.73569
Week 4,02 Jun 2015,0.72156,0.72207

Week 1,09 Jun 2015,0.72012,0.72061
Week 2,16 Jun 2015,0.71976,0.72032
Week 3,23 Jun 2015,0.72269,0.72337
Week 4,30 Jun 2015,0.71883,0.71963

Week 1,07 Jul 2015,0.71122,0.71200
Week 2,14 Jul 2015,0.71033,0.71065
Week 3,21 Jul 2015,0.70249,0.70309
Week 4,28 Jul 2015,0.69755,0.69792

Week 1,04 Aug 2015,0.69528,0.69573
Week 2,11 Aug 2015,0.68975,0.69012
Week 3,18 Aug 2015,0.67995,0.68043
Week 4,25 Aug 2015,0.66608,0.66650

Week 1,01 Sep 2015,0.67439,0.67489
Week 2,08 Sep 2015,0.67077,0.67138
Week 3,15 Sep 2015,0.66851,0.66896
Week 4,22 Sep 2015,0.67138,0.67198

Week 1,29 Sep 2015,0.67169,0.67205
Week 2,06 Oct 2015,0.68053,0.68084
Week 3,13 Oct 2015,0.67872,0.67945
Week 4,20 Oct 2015,0.68245,0.68282

Week 1,27 Oct 2015,0.69025,0.69070
Week 2,03 Nov 2015,0.69768,0.69799
Week 3,10 Nov 2015,0.69924,0.69964
Week 4,17 Nov 2015,0.70299,0.70346

Week 1,24 Nov 2015,0.70592,0.70638
Week 2,01 Dec 2015,0.69735,0.69775
Week 3,08 Dec 2015,0.67136,0.67174
Week 4,15 Dec 2015,0.66234,0.66273

Week 1,22 Dec 2015,0.65818,0.65857
Week 2,29 Dec 2015,0.66145,0.66171
Week 3,05 Jan 2016,0.65493,0.65531
Week 4,12 Jan 2016,0.63931,0.63967

Week 1,19 Jan 2016,0.64116,0.64150
Week 2,26 Jan 2016,0.65393,0.65430
Week 3,02 Feb 2016,0.65055,0.65099
Week 4,09 Feb 2016,0.63957,0.63996

Week 1,16 Feb 2016,0.65121,0.65155
Week 2,23 Feb 2016,0.66628,0.66666
Week 3,01 Mar 2016,0.68160,0.68206
Week 4,08 Mar 2016,0.67968,0.68006

Week 1,15 Mar 2016,0.67909,0.67948
Week 2,22 Mar 2016,0.67750,0.67801
Week 3,29 Mar 2016,0.67616,0.67661
Week 4,05 Apr 2016,0.67182,0.67229

Week 1,12 Apr 2016,0.68730,0.68779
Week 2,19 Apr 2016,0.69647,0.69695
Week 3,26 Apr 2016,0.69920,0.69959
Week 4,03 May 2016,0.68315,0.68341

Week 1,10 May 2016,0.68128,0.68167
Week 2,17 May 2016,0.68195,0.68231
Week 3,24 May 2016,0.68586,0.68624
Week 4,31 May 2016,0.68380,0.68417

Week 1,07 Jun 2016,0.69113,0.69145
Week 2,14 Jun 2016,0.68962,0.69004
Week 3,21 Jun 2016,0.69089,0.69161
Week 4,28 Jun 2016,0.69451,0.69520

Week 1,05 Jul 2016,0.69504,0.69550
Week 2,12 Jul 2016,0.69492,0.69542
Week 3,19 Jul 2016,0.69483,0.69532
Week 4,26 Jul 2016,0.68733,0.68781

Week 1,02 Aug 2016,0.68462,0.68502
Week 2,09 Aug 2016,0.68808,0.68856
Week 3,16 Aug 2016,0.68851,0.68900
Week 4,23 Aug 2016,0.68554,0.68601

Week 1,30 Aug 2016,0.68638,0.68680
Week 2,06 Sep 2016,0.68776,0.68819
Week 3,13 Sep 2016,0.67748,0.67790
Week 4,20 Sep 2016,0.67898,0.67942

Week 1,27 Sep 2016,0.67666,0.67712
Week 2,04 Oct 2016,0.67583,0.67621
Week 3,11 Oct 2016,0.68602,0.68641
Week 4,18 Oct 2016,0.69172,0.69219

Week 1,25 Oct 2016,0.68433,0.68475
Week 2,01 Nov 2016,0.67369,0.67409
Week 3,08 Nov 2016,0.67849,0.67897
Week 4,15 Nov 2016,0.69378,0.69419

Week 1,22 Nov 2016,0.69987,0.70037
Week 2,29 Nov 2016,0.70287,0.70336
Week 3,06 Dec 2016,0.70937,0.70980
Week 4,13 Dec 2016,0.71723,0.71773

Week 1,20 Dec 2016,0.71205,0.71256
Week 2,27 Dec 2016,0.70618,0.70683
Week 3,03 Jan 2017,0.71397,0.71462
Week 4,10 Jan 2017,0.71602,0.71652

Week 1,17 Jan 2017,0.70854,0.70900
Week 2,24 Jan 2017,0.70863,0.70913
Week 3,31 Jan 2017,0.71162,0.71211
Week 4,07 Feb 2017,0.71409,0.71451

Week 1,14 Feb 2017,0.71992,0.72042
Week 2,21 Feb 2017,0.72108,0.72160
Week 3,28 Feb 2017,0.71025,0.71080
Week 4,07 Mar 2017,0.70048,0.70094

Week 1,14 Mar 2017,0.69783,0.69824
Week 2,21 Mar 2017,0.69388,0.69429
Week 3,28 Mar 2017,0.69719,0.69765
Week 4,04 Apr 2017,0.70119,0.70167

Week 1,11 Apr 2017,0.70707,0.70748
Week 2,18 Apr 2017,0.69532,0.69586
Week 3,25 Apr 2017,0.67506,0.67558
Week 4,02 May 2017,0.66692,0.66743

Week 1,09 May 2017,0.66879,0.66923
Week 2,16 May 2017,0.66214,0.66249
Week 3,23 May 2017,0.66252,0.66303
Week 4,30 May 2017,0.66074,0.66104

Week 1,06 Jun 2017,0.66053,0.66092
Week 2,13 Jun 2017,0.67316,0.67341
Week 3,20 Jun 2017,0.67489,0.67522
Week 4,27 Jun 2017,0.67347,0.67388

Week 1,04 Jul 2017,0.67882,0.67922
Week 2,11 Jul 2017,0.68478,0.68502
Week 3,18 Jul 2017,0.68527,0.68550
Week 4,25 Jul 2017,0.68450,0.68481

Week 1,01 Aug 2017,0.67317,0.67349
Week 2,08 Aug 2017,0.66856,0.66891
Week 3,15 Aug 2017,0.67211,0.67237
Week 4,22 Aug 2017,0.67420,0.67443

Week 1,29 Aug 2017,0.67257,0.67283
Week 2,05 Sep 2017,0.68203,0.68226
Week 3,12 Sep 2017,0.68781,0.68814
Week 4,19 Sep 2017,0.68010,0.68035

Week 1,26 Sep 2017,0.68139,0.68179
Week 2,03 Oct 2017,0.68039,0.68071
Week 3,10 Oct 2017,0.67765,0.67789
Week 4,17 Oct 2017,0.67597,0.67622

Week 1,24 Oct 2017,0.66983,0.67006
Week 2,31 Oct 2017,0.67058,0.67083
Week 3,07 Nov 2017,0.67636,0.67654
Week 4,14 Nov 2017,0.66646,0.66670

Week 1,21 Nov 2017,0.66336,0.66372
Week 2,28 Nov 2017,0.65845,0.65868
Week 3,05 Dec 2017,0.66507,0.66524


