CAD->GBP

Week 1,01 Dec 1998,0.39350,0.39396
Week 2,08 Dec 1998,0.38777,0.38820
Week 3,15 Dec 1998,0.38512,0.38558
Week 4,22 Dec 1998,0.38464,0.38508

Week 1,29 Dec 1998,0.39219,0.39262
Week 2,05 Jan 1999,0.40130,0.40177
Week 3,12 Jan 1999,0.39777,0.39824
Week 4,19 Jan 1999,0.39754,0.39800

Week 1,26 Jan 1999,0.40003,0.40045
Week 2,02 Feb 1999,0.40886,0.40933
Week 3,09 Feb 1999,0.41071,0.41115
Week 4,16 Feb 1999,0.41139,0.41183

Week 1,23 Feb 1999,0.41370,0.41415
Week 2,02 Mar 1999,0.40857,0.40903
Week 3,09 Mar 1999,0.40389,0.40433
Week 4,16 Mar 1999,0.40429,0.40474

Week 1,23 Mar 1999,0.40694,0.40741
Week 2,30 Mar 1999,0.41387,0.41437
Week 3,06 Apr 1999,0.41545,0.41591
Week 4,13 Apr 1999,0.41681,0.41727

Week 1,20 Apr 1999,0.41843,0.41891
Week 2,27 Apr 1999,0.42315,0.42362
Week 3,04 May 1999,0.42168,0.42217
Week 4,11 May 1999,0.42270,0.42315

Week 1,18 May 1999,0.42496,0.42541
Week 2,25 May 1999,0.42467,0.42511
Week 3,01 Jun 1999,0.42147,0.42193
Week 4,08 Jun 1999,0.42416,0.42457

Week 1,15 Jun 1999,0.42858,0.42899
Week 2,22 Jun 1999,0.42954,0.42998
Week 3,29 Jun 1999,0.43151,0.43197
Week 4,06 Jul 1999,0.43667,0.43713

Week 1,13 Jul 1999,0.43149,0.43191
Week 2,20 Jul 1999,0.42102,0.42144
Week 3,27 Jul 1999,0.41181,0.41221
Week 4,03 Aug 1999,0.41319,0.41364

Week 1,10 Aug 1999,0.41843,0.41889
Week 2,17 Aug 1999,0.41657,0.41698
Week 3,24 Aug 1999,0.42105,0.42150
Week 4,31 Aug 1999,0.41732,0.41775

Week 1,07 Sep 1999,0.41744,0.41789
Week 2,14 Sep 1999,0.41955,0.41999
Week 3,21 Sep 1999,0.41437,0.41479
Week 4,28 Sep 1999,0.41251,0.41296

Week 1,05 Oct 1999,0.41124,0.41169
Week 2,12 Oct 1999,0.40508,0.40552
Week 3,19 Oct 1999,0.40532,0.40577
Week 4,26 Oct 1999,0.41464,0.41510

Week 1,02 Nov 1999,0.41780,0.41827
Week 2,09 Nov 1999,0.42104,0.42150
Week 3,16 Nov 1999,0.42110,0.42160
Week 4,23 Nov 1999,0.42267,0.42314

Week 1,30 Nov 1999,0.42214,0.42263
Week 2,07 Dec 1999,0.41675,0.41725
Week 3,14 Dec 1999,0.41995,0.42041
Week 4,21 Dec 1999,0.42091,0.42138

Week 1,28 Dec 1999,0.42610,0.42662
Week 2,04 Jan 2000,0.41924,0.41967
Week 3,11 Jan 2000,0.41947,0.41995
Week 4,18 Jan 2000,0.42013,0.42065

Week 1,25 Jan 2000,0.42448,0.42496
Week 2,01 Feb 2000,0.43267,0.43319
Week 3,08 Feb 2000,0.43087,0.43135
Week 4,15 Feb 2000,0.42985,0.43036

Week 1,22 Feb 2000,0.42955,0.43008
Week 2,29 Feb 2000,0.43556,0.43606
Week 3,07 Mar 2000,0.43480,0.43532
Week 4,14 Mar 2000,0.43202,0.43254

Week 1,21 Mar 2000,0.43001,0.43053
Week 2,28 Mar 2000,0.43194,0.43236
Week 3,04 Apr 2000,0.43370,0.43420
Week 4,11 Apr 2000,0.42855,0.42899

Week 1,18 Apr 2000,0.42836,0.42887
Week 2,25 Apr 2000,0.43207,0.43259
Week 3,02 May 2000,0.43491,0.43542
Week 4,09 May 2000,0.44170,0.44224

Week 1,16 May 2000,0.44848,0.44904
Week 2,23 May 2000,0.44739,0.44795
Week 3,30 May 2000,0.44700,0.44753
Week 4,06 Jun 2000,0.44668,0.44725

Week 1,13 Jun 2000,0.44980,0.45037
Week 2,20 Jun 2000,0.44896,0.44951
Week 3,27 Jun 2000,0.44625,0.44681
Week 4,04 Jul 2000,0.44548,0.44599

Week 1,11 Jul 2000,0.44783,0.44834
Week 2,18 Jul 2000,0.44950,0.45003
Week 3,25 Jul 2000,0.44979,0.45032
Week 4,01 Aug 2000,0.44835,0.44889

Week 1,08 Aug 2000,0.44801,0.44851
Week 2,15 Aug 2000,0.45163,0.45220
Week 3,22 Aug 2000,0.45600,0.45656
Week 4,29 Aug 2000,0.46324,0.46379

Week 1,05 Sep 2000,0.47190,0.47247
Week 2,12 Sep 2000,0.48040,0.48100
Week 3,19 Sep 2000,0.46933,0.46993
Week 4,26 Sep 2000,0.45614,0.45693

Week 1,03 Oct 2000,0.45641,0.45786
Week 2,10 Oct 2000,0.45573,0.45631
Week 3,17 Oct 2000,0.45543,0.45599
Week 4,24 Oct 2000,0.45358,0.45415

Week 1,31 Oct 2000,0.45036,0.45083
Week 2,07 Nov 2000,0.45411,0.45462
Week 3,14 Nov 2000,0.45089,0.45141
Week 4,21 Nov 2000,0.45975,0.46029

Week 1,28 Nov 2000,0.45368,0.45416
Week 2,05 Dec 2000,0.45264,0.45322
Week 3,12 Dec 2000,0.44831,0.44881
Week 4,19 Dec 2000,0.44576,0.44625

Week 1,26 Dec 2000,0.44540,0.44596
Week 2,02 Jan 2001,0.44494,0.44549
Week 3,09 Jan 2001,0.44876,0.44928
Week 4,16 Jan 2001,0.45064,0.45110

Week 1,23 Jan 2001,0.45345,0.45399
Week 2,30 Jan 2001,0.45466,0.45520
Week 3,06 Feb 2001,0.45568,0.45624
Week 4,13 Feb 2001,0.44990,0.45044

Week 1,20 Feb 2001,0.44849,0.44906
Week 2,27 Feb 2001,0.44551,0.44603
Week 3,06 Mar 2001,0.44043,0.44097
Week 4,13 Mar 2001,0.44432,0.44483

Week 1,20 Mar 2001,0.44671,0.44725
Week 2,27 Mar 2001,0.44661,0.44709
Week 3,03 Apr 2001,0.44396,0.44447
Week 4,10 Apr 2001,0.44525,0.44574

Week 1,17 Apr 2001,0.44738,0.44792
Week 2,24 Apr 2001,0.44949,0.45001
Week 3,01 May 2001,0.45370,0.45427
Week 4,08 May 2001,0.45420,0.45476

Week 1,15 May 2001,0.45364,0.45418
Week 2,22 May 2001,0.45467,0.45525
Week 3,29 May 2001,0.45699,0.45751
Week 4,05 Jun 2001,0.47055,0.47109

Week 1,12 Jun 2001,0.47162,0.47215
Week 2,19 Jun 2001,0.46438,0.46487
Week 3,26 Jun 2001,0.46570,0.46623
Week 4,03 Jul 2001,0.46764,0.46811

Week 1,10 Jul 2001,0.46476,0.46523
Week 2,17 Jul 2001,0.45711,0.45760
Week 3,24 Jul 2001,0.45690,0.45737
Week 4,31 Jul 2001,0.45649,0.45691

Week 1,07 Aug 2001,0.45748,0.45797
Week 2,14 Aug 2001,0.45160,0.45201
Week 3,21 Aug 2001,0.44807,0.44850
Week 4,28 Aug 2001,0.44510,0.44548

Week 1,04 Sep 2001,0.43977,0.44018
Week 2,11 Sep 2001,0.43434,0.43512
Week 3,18 Sep 2001,0.43517,0.43548
Week 4,25 Sep 2001,0.43113,0.43155

Week 1,02 Oct 2001,0.43149,0.43185
Week 2,09 Oct 2001,0.43926,0.43969
Week 3,16 Oct 2001,0.44154,0.44193
Week 4,23 Oct 2001,0.44337,0.44372

Week 1,30 Oct 2001,0.43190,0.43223
Week 2,06 Nov 2001,0.42891,0.42922
Week 3,13 Nov 2001,0.43721,0.43752
Week 4,20 Nov 2001,0.44292,0.44326

Week 1,27 Nov 2001,0.44435,0.44479
Week 2,04 Dec 2001,0.44476,0.44513
Week 3,11 Dec 2001,0.44108,0.44148
Week 4,18 Dec 2001,0.43757,0.43787

Week 1,25 Dec 2001,0.43246,0.43281
Week 2,01 Jan 2002,0.43290,0.43323
Week 3,08 Jan 2002,0.43379,0.43407
Week 4,15 Jan 2002,0.43287,0.43317

Week 1,22 Jan 2002,0.43775,0.43806
Week 2,29 Jan 2002,0.44405,0.44431
Week 3,05 Feb 2002,0.44151,0.44194
Week 4,12 Feb 2002,0.43946,0.43978

Week 1,19 Feb 2002,0.43877,0.43915
Week 2,26 Feb 2002,0.44014,0.44051
Week 3,05 Mar 2002,0.44268,0.44310
Week 4,12 Mar 2002,0.44331,0.44368

Week 1,19 Mar 2002,0.44374,0.44412
Week 2,26 Mar 2002,0.44011,0.44047
Week 3,02 Apr 2002,0.43758,0.43791
Week 4,09 Apr 2002,0.43738,0.43770

Week 1,16 Apr 2002,0.43890,0.43922
Week 2,23 Apr 2002,0.43896,0.43933
Week 3,30 Apr 2002,0.43646,0.43675
Week 4,07 May 2002,0.43699,0.43722

Week 1,14 May 2002,0.44210,0.44246
Week 2,21 May 2002,0.44660,0.44694
Week 3,28 May 2002,0.44713,0.44751
Week 4,04 Jun 2002,0.44682,0.44720

Week 1,11 Jun 2002,0.44034,0.44075
Week 2,18 Jun 2002,0.43704,0.43735
Week 3,25 Jun 2002,0.43247,0.43284
Week 4,02 Jul 2002,0.42931,0.42967

Week 1,09 Jul 2002,0.42234,0.42270
Week 2,16 Jul 2002,0.41175,0.41203
Week 3,23 Jul 2002,0.40348,0.40397
Week 4,30 Jul 2002,0.40305,0.40337

Week 1,06 Aug 2002,0.41253,0.41284
Week 2,13 Aug 2002,0.41629,0.41662
Week 3,20 Aug 2002,0.42001,0.42031
Week 4,27 Aug 2002,0.41638,0.41673

Week 1,03 Sep 2002,0.41057,0.41086
Week 2,10 Sep 2002,0.40759,0.40789
Week 3,17 Sep 2002,0.40899,0.40943
Week 4,24 Sep 2002,0.40605,0.40629

Week 1,01 Oct 2002,0.40126,0.40158
Week 2,08 Oct 2002,0.40214,0.40242
Week 3,15 Oct 2002,0.40852,0.40885
Week 4,22 Oct 2002,0.41217,0.41247

Week 1,29 Oct 2002,0.41028,0.41060
Week 2,05 Nov 2002,0.40661,0.40683
Week 3,12 Nov 2002,0.40007,0.40035
Week 4,19 Nov 2002,0.40015,0.40044

Week 1,26 Nov 2002,0.40943,0.40980
Week 2,03 Dec 2002,0.40759,0.40794
Week 3,10 Dec 2002,0.40502,0.40532
Week 4,17 Dec 2002,0.40237,0.40269

Week 1,24 Dec 2002,0.40096,0.40131
Week 2,31 Dec 2002,0.39641,0.39668
Week 3,07 Jan 2003,0.40020,0.40053
Week 4,14 Jan 2003,0.40432,0.40464

Week 1,21 Jan 2003,0.40334,0.40360
Week 2,28 Jan 2003,0.39867,0.39895
Week 3,04 Feb 2003,0.40166,0.40202
Week 4,11 Feb 2003,0.40541,0.40567

Week 1,18 Feb 2003,0.41692,0.41721
Week 2,25 Feb 2003,0.42533,0.42558
Week 3,04 Mar 2003,0.42573,0.42601
Week 4,11 Mar 2003,0.42491,0.42522

Week 1,18 Mar 2003,0.42982,0.43006
Week 2,25 Mar 2003,0.43183,0.43215
Week 3,01 Apr 2003,0.43284,0.43324
Week 4,08 Apr 2003,0.43702,0.43752

Week 1,15 Apr 2003,0.43816,0.43858
Week 2,22 Apr 2003,0.43481,0.43531
Week 3,29 Apr 2003,0.43723,0.43765
Week 4,06 May 2003,0.44594,0.44634

Week 1,13 May 2003,0.44865,0.44916
Week 2,20 May 2003,0.44745,0.44786
Week 3,27 May 2003,0.44446,0.44483
Week 4,03 Jun 2003,0.44610,0.44650

Week 1,10 Jun 2003,0.44627,0.44668
Week 2,17 Jun 2003,0.44308,0.44345
Week 3,24 Jun 2003,0.44553,0.44600
Week 4,01 Jul 2003,0.44727,0.44785

Week 1,08 Jul 2003,0.44551,0.44611
Week 2,15 Jul 2003,0.44846,0.44905
Week 3,22 Jul 2003,0.44503,0.44560
Week 4,29 Jul 2003,0.44299,0.44355

Week 1,05 Aug 2003,0.44465,0.44523
Week 2,12 Aug 2003,0.45036,0.45097
Week 3,19 Aug 2003,0.45092,0.45157
Week 4,26 Aug 2003,0.45569,0.45621

Week 1,02 Sep 2003,0.45977,0.46028
Week 2,09 Sep 2003,0.45808,0.45875
Week 3,16 Sep 2003,0.45456,0.45509
Week 4,23 Sep 2003,0.44629,0.44677

Week 1,30 Sep 2003,0.44525,0.44569
Week 2,07 Oct 2003,0.45171,0.45214
Week 3,14 Oct 2003,0.45294,0.45339
Week 4,21 Oct 2003,0.45191,0.45230

Week 1,28 Oct 2003,0.44802,0.44846
Week 2,04 Nov 2003,0.44923,0.44974
Week 3,11 Nov 2003,0.45587,0.45637
Week 4,18 Nov 2003,0.45052,0.45107

Week 1,25 Nov 2003,0.44722,0.44770
Week 2,02 Dec 2003,0.44392,0.44434
Week 3,09 Dec 2003,0.43718,0.43759
Week 4,16 Dec 2003,0.42668,0.42710

Week 1,23 Dec 2003,0.42986,0.43037
Week 2,30 Dec 2003,0.43219,0.43262
Week 3,06 Jan 2004,0.42637,0.42676
Week 4,13 Jan 2004,0.42504,0.42543

Week 1,20 Jan 2004,0.42048,0.42086
Week 2,27 Jan 2004,0.41531,0.41567
Week 3,03 Feb 2004,0.40840,0.40881
Week 4,10 Feb 2004,0.40259,0.40297

Week 1,17 Feb 2004,0.40078,0.40116
Week 2,24 Feb 2004,0.40009,0.40049
Week 3,02 Mar 2004,0.40751,0.40782
Week 4,09 Mar 2004,0.41526,0.41557

Week 1,16 Mar 2004,0.41112,0.41146
Week 2,23 Mar 2004,0.41268,0.41299
Week 3,30 Mar 2004,0.41605,0.41633
Week 4,06 Apr 2004,0.41229,0.41262

Week 1,13 Apr 2004,0.41262,0.41296
Week 2,20 Apr 2004,0.41390,0.41423
Week 3,27 Apr 2004,0.41130,0.41160
Week 4,04 May 2004,0.40581,0.40612

Week 1,11 May 2004,0.40785,0.40818
Week 2,18 May 2004,0.40750,0.40779
Week 3,25 May 2004,0.40169,0.40199
Week 4,01 Jun 2004,0.40062,0.40091

Week 1,08 Jun 2004,0.40237,0.40271
Week 2,15 Jun 2004,0.39871,0.39903
Week 3,22 Jun 2004,0.40332,0.40358
Week 4,29 Jun 2004,0.41092,0.41127

Week 1,06 Jul 2004,0.40880,0.40915
Week 2,13 Jul 2004,0.40758,0.40789
Week 3,20 Jul 2004,0.41161,0.41192
Week 4,27 Jul 2004,0.41212,0.41239

Week 1,03 Aug 2004,0.41405,0.41436
Week 2,10 Aug 2004,0.41294,0.41326
Week 3,17 Aug 2004,0.42058,0.42088
Week 4,24 Aug 2004,0.42528,0.42558

Week 1,31 Aug 2004,0.42852,0.42893
Week 2,07 Sep 2004,0.43304,0.43335
Week 3,14 Sep 2004,0.43022,0.43052
Week 4,21 Sep 2004,0.43387,0.43417

Week 1,28 Sep 2004,0.43792,0.43825
Week 2,05 Oct 2004,0.44455,0.44482
Week 3,12 Oct 2004,0.44282,0.44314
Week 4,19 Oct 2004,0.44195,0.44223

Week 1,26 Oct 2004,0.44558,0.44597
Week 2,02 Nov 2004,0.44804,0.44839
Week 3,09 Nov 2004,0.45143,0.45176
Week 4,16 Nov 2004,0.45054,0.45087

Week 1,23 Nov 2004,0.44987,0.45021
Week 2,30 Nov 2004,0.43619,0.43649
Week 3,07 Dec 2004,0.42634,0.42672
Week 4,14 Dec 2004,0.41998,0.42028

Week 1,21 Dec 2004,0.42132,0.42164
Week 2,28 Dec 2004,0.43026,0.43059
Week 3,04 Jan 2005,0.43368,0.43397
Week 4,11 Jan 2005,0.43906,0.43940

Week 1,18 Jan 2005,0.43665,0.43703
Week 2,25 Jan 2005,0.42965,0.42996
Week 3,01 Feb 2005,0.42762,0.42792
Week 4,08 Feb 2005,0.43145,0.43173

Week 1,15 Feb 2005,0.42873,0.42902
Week 2,22 Feb 2005,0.42295,0.42325
Week 3,01 Mar 2005,0.42158,0.42189
Week 4,08 Mar 2005,0.42958,0.42989

Week 1,15 Mar 2005,0.43262,0.43298
Week 2,22 Mar 2005,0.43851,0.43882
Week 3,29 Mar 2005,0.43811,0.43840
Week 4,05 Apr 2005,0.43409,0.43443

Week 1,12 Apr 2005,0.42578,0.42615
Week 2,19 Apr 2005,0.42196,0.42225
Week 3,26 Apr 2005,0.41873,0.41908
Week 4,03 May 2005,0.42321,0.42353

Week 1,10 May 2005,0.42781,0.42813
Week 2,17 May 2005,0.43156,0.43189
Week 3,24 May 2005,0.43495,0.43526
Week 4,31 May 2005,0.44077,0.44109

Week 1,07 Jun 2005,0.43935,0.43967
Week 2,14 Jun 2005,0.44314,0.44346
Week 3,21 Jun 2005,0.44460,0.44490
Week 4,28 Jun 2005,0.45180,0.45212

Week 1,05 Jul 2005,0.46537,0.46575
Week 2,12 Jul 2005,0.46806,0.46839
Week 3,19 Jul 2005,0.47060,0.47103
Week 4,26 Jul 2005,0.46517,0.46553

Week 1,02 Aug 2005,0.46312,0.46345
Week 2,09 Aug 2005,0.46036,0.46077
Week 3,16 Aug 2005,0.45900,0.45935
Week 4,23 Aug 2005,0.46353,0.46392

Week 1,30 Aug 2005,0.46151,0.46186
Week 2,06 Sep 2005,0.45937,0.45976
Week 3,13 Sep 2005,0.46658,0.46697
Week 4,20 Sep 2005,0.47719,0.47755

Week 1,27 Sep 2005,0.48400,0.48440
Week 2,04 Oct 2005,0.48269,0.48307
Week 3,11 Oct 2005,0.48124,0.48166
Week 4,18 Oct 2005,0.47944,0.47980

Week 1,25 Oct 2005,0.47838,0.47873
Week 2,01 Nov 2005,0.48059,0.48096
Week 3,08 Nov 2005,0.48252,0.48297
Week 4,15 Nov 2005,0.48779,0.48817

Week 1,22 Nov 2005,0.49552,0.49590
Week 2,29 Nov 2005,0.49679,0.49720
Week 3,06 Dec 2005,0.49525,0.49565
Week 4,13 Dec 2005,0.48982,0.49021

Week 1,20 Dec 2005,0.48942,0.48983
Week 2,27 Dec 2005,0.49602,0.49648
Week 3,03 Jan 2006,0.49245,0.49297
Week 4,10 Jan 2006,0.48583,0.48623

Week 1,17 Jan 2006,0.48784,0.48822
Week 2,24 Jan 2006,0.48838,0.48865
Week 3,31 Jan 2006,0.49342,0.49374
Week 4,07 Feb 2006,0.49790,0.49831

Week 1,14 Feb 2006,0.49780,0.49822
Week 2,21 Feb 2006,0.49825,0.49867
Week 3,28 Feb 2006,0.50240,0.50269
Week 4,07 Mar 2006,0.49921,0.49962

Week 1,14 Mar 2006,0.49442,0.49482
Week 2,21 Mar 2006,0.49140,0.49180
Week 3,28 Mar 2006,0.49151,0.49190
Week 4,04 Apr 2006,0.49407,0.49447

Week 1,11 Apr 2006,0.49732,0.49774
Week 2,18 Apr 2006,0.49283,0.49323
Week 3,25 Apr 2006,0.49265,0.49305
Week 4,02 May 2006,0.48870,0.48913

Week 1,09 May 2006,0.48194,0.48234
Week 2,16 May 2006,0.47569,0.47610
Week 3,23 May 2006,0.47986,0.48029
Week 4,30 May 2006,0.48425,0.48468

Week 1,06 Jun 2006,0.48562,0.48590
Week 2,13 Jun 2006,0.48634,0.48674
Week 3,20 Jun 2006,0.48743,0.48783
Week 4,27 Jun 2006,0.48823,0.48863

Week 1,04 Jul 2006,0.48731,0.48772
Week 2,11 Jul 2006,0.48125,0.48164
Week 3,18 Jul 2006,0.47805,0.47830
Week 4,25 Jul 2006,0.47429,0.47453

Week 1,01 Aug 2006,0.46991,0.47028
Week 2,08 Aug 2006,0.46866,0.46904
Week 3,15 Aug 2006,0.47116,0.47154
Week 4,22 Aug 2006,0.47546,0.47586

Week 1,29 Aug 2006,0.47496,0.47535
Week 2,05 Sep 2006,0.47736,0.47776
Week 3,12 Sep 2006,0.47582,0.47621
Week 4,19 Sep 2006,0.47160,0.47198

Week 1,26 Sep 2006,0.47557,0.47595
Week 2,03 Oct 2006,0.47375,0.47409
Week 3,10 Oct 2006,0.47442,0.47480
Week 4,17 Oct 2006,0.47130,0.47168

Week 1,24 Oct 2006,0.47174,0.47212
Week 2,31 Oct 2006,0.46535,0.46573
Week 3,07 Nov 2006,0.46377,0.46414
Week 4,14 Nov 2006,0.46221,0.46258

Week 1,21 Nov 2006,0.45772,0.45808
Week 2,28 Nov 2006,0.44809,0.44843
Week 3,05 Dec 2006,0.44348,0.44383
Week 4,12 Dec 2006,0.44212,0.44247

Week 1,19 Dec 2006,0.44148,0.44182
Week 2,26 Dec 2006,0.43918,0.43961
Week 3,02 Jan 2007,0.43835,0.43874
Week 4,09 Jan 2007,0.43778,0.43812

Week 1,16 Jan 2007,0.43307,0.43340
Week 2,23 Jan 2007,0.43042,0.43075
Week 3,30 Jan 2007,0.43085,0.43117
Week 4,06 Feb 2007,0.43240,0.43274

Week 1,13 Feb 2007,0.43899,0.43934
Week 2,20 Feb 2007,0.43939,0.43974
Week 3,27 Feb 2007,0.43695,0.43720
Week 4,06 Mar 2007,0.44026,0.44060

Week 1,13 Mar 2007,0.43961,0.43996
Week 2,20 Mar 2007,0.43858,0.43892
Week 3,27 Mar 2007,0.43950,0.43985
Week 4,03 Apr 2007,0.43940,0.43974

Week 1,10 Apr 2007,0.44255,0.44291
Week 2,17 Apr 2007,0.44279,0.44314
Week 3,24 Apr 2007,0.44682,0.44717
Week 4,01 May 2007,0.45210,0.45246

Week 1,08 May 2007,0.45402,0.45438
Week 2,15 May 2007,0.46020,0.46055
Week 3,22 May 2007,0.46584,0.46619
Week 4,29 May 2007,0.47141,0.47178

Week 1,05 Jun 2007,0.47573,0.47609
Week 2,12 Jun 2007,0.47546,0.47582
Week 3,19 Jun 2007,0.46963,0.46999
Week 4,26 Jun 2007,0.46800,0.46835

Week 1,03 Jul 2007,0.47052,0.47089
Week 2,10 Jul 2007,0.46974,0.47010
Week 3,17 Jul 2007,0.46663,0.46699
Week 4,24 Jul 2007,0.46510,0.46546

Week 1,31 Jul 2007,0.46381,0.46416
Week 2,07 Aug 2007,0.46787,0.46822
Week 3,14 Aug 2007,0.47121,0.47160
Week 4,21 Aug 2007,0.47356,0.47393

Week 1,28 Aug 2007,0.46968,0.47003
Week 2,04 Sep 2007,0.46943,0.46979
Week 3,11 Sep 2007,0.47611,0.47647
Week 4,18 Sep 2007,0.49212,0.49251

Week 1,25 Sep 2007,0.49310,0.49349
Week 2,02 Oct 2007,0.49440,0.49480
Week 3,09 Oct 2007,0.50160,0.50200
Week 4,16 Oct 2007,0.50301,0.50342

Week 1,23 Oct 2007,0.50470,0.50510
Week 2,30 Oct 2007,0.50876,0.50907
Week 3,06 Nov 2007,0.51177,0.51219
Week 4,13 Nov 2007,0.50178,0.50221

Week 1,20 Nov 2007,0.49277,0.49318
Week 2,27 Nov 2007,0.48726,0.48761
Week 3,04 Dec 2007,0.48623,0.48664
Week 4,11 Dec 2007,0.48499,0.48539

Week 1,18 Dec 2007,0.49963,0.50005
Week 2,25 Dec 2007,0.51111,0.51167
Week 3,01 Jan 2008,0.50745,0.50799
Week 4,08 Jan 2008,0.50403,0.50444

Week 1,15 Jan 2008,0.49829,0.49868
Week 2,22 Jan 2008,0.49927,0.49968
Week 3,29 Jan 2008,0.50523,0.50565
Week 4,05 Feb 2008,0.51015,0.51058

Week 1,12 Feb 2008,0.50932,0.50973
Week 2,19 Feb 2008,0.50489,0.50529
Week 3,26 Feb 2008,0.51072,0.51113
Week 4,04 Mar 2008,0.50581,0.50621

Week 1,11 Mar 2008,0.50009,0.50050
Week 2,18 Mar 2008,0.49644,0.49690
Week 3,25 Mar 2008,0.49092,0.49133
Week 4,01 Apr 2008,0.49517,0.49558

Week 1,08 Apr 2008,0.49716,0.49756
Week 2,15 Apr 2008,0.49876,0.49916
Week 3,22 Apr 2008,0.49766,0.49805
Week 4,29 Apr 2008,0.49792,0.49832

Week 1,06 May 2008,0.50535,0.50576
Week 2,13 May 2008,0.51118,0.51160
Week 3,20 May 2008,0.51252,0.51295
Week 4,27 May 2008,0.50935,0.50977

Week 1,03 Jun 2008,0.50300,0.50337
Week 2,10 Jun 2008,0.49890,0.49931
Week 3,17 Jun 2008,0.49901,0.49942
Week 4,24 Jun 2008,0.49864,0.49903

Week 1,01 Jul 2008,0.49422,0.49462
Week 2,08 Jul 2008,0.49820,0.49860
Week 3,15 Jul 2008,0.49797,0.49836
Week 4,22 Jul 2008,0.49553,0.49593

Week 1,29 Jul 2008,0.49256,0.49296
Week 2,05 Aug 2008,0.48971,0.49009
Week 3,12 Aug 2008,0.49948,0.49987
Week 4,19 Aug 2008,0.50934,0.50969

Week 1,26 Aug 2008,0.51750,0.51790
Week 2,02 Sep 2008,0.52799,0.52842
Week 3,09 Sep 2008,0.52928,0.52972
Week 4,16 Sep 2008,0.52067,0.52116

Week 1,23 Sep 2008,0.52239,0.52285
Week 2,30 Sep 2008,0.52625,0.52674
Week 3,07 Oct 2008,0.50987,0.51066
Week 4,14 Oct 2008,0.49157,0.49223

Week 1,21 Oct 2008,0.49144,0.49199
Week 2,28 Oct 2008,0.50296,0.50388
Week 3,04 Nov 2008,0.53454,0.53527
Week 4,11 Nov 2008,0.54381,0.54460

Week 1,18 Nov 2008,0.53441,0.53504
Week 2,25 Nov 2008,0.52764,0.52829
Week 3,02 Dec 2008,0.53553,0.53619
Week 4,09 Dec 2008,0.53709,0.53756

Week 1,16 Dec 2008,0.54197,0.54270
Week 2,23 Dec 2008,0.55725,0.55830
Week 3,30 Dec 2008,0.56459,0.56579
Week 4,06 Jan 2009,0.56055,0.56116

Week 1,13 Jan 2009,0.55067,0.55123
Week 2,20 Jan 2009,0.57251,0.57312
Week 3,27 Jan 2009,0.57261,0.57324
Week 4,03 Feb 2009,0.55850,0.55908

Week 1,10 Feb 2009,0.55840,0.55898
Week 2,17 Feb 2009,0.55705,0.55762
Week 3,24 Feb 2009,0.55279,0.55333
Week 4,03 Mar 2009,0.55079,0.55132

Week 1,10 Mar 2009,0.56085,0.56140
Week 2,17 Mar 2009,0.55901,0.55958
Week 3,24 Mar 2009,0.55934,0.55991
Week 4,31 Mar 2009,0.55130,0.55183

Week 1,07 Apr 2009,0.55186,0.55242
Week 2,14 Apr 2009,0.55456,0.55509
Week 3,21 Apr 2009,0.55770,0.55816
Week 4,28 Apr 2009,0.56360,0.56413

Week 1,05 May 2009,0.56797,0.56851
Week 2,12 May 2009,0.56305,0.56356
Week 3,19 May 2009,0.55890,0.55941
Week 4,26 May 2009,0.56210,0.56262

Week 1,02 Jun 2009,0.55904,0.55956
Week 2,09 Jun 2009,0.55033,0.55085
Week 3,16 Jun 2009,0.53822,0.53875
Week 4,23 Jun 2009,0.52792,0.52841

Week 1,30 Jun 2009,0.52563,0.52611
Week 2,07 Jul 2009,0.53063,0.53110
Week 3,14 Jul 2009,0.54273,0.54324
Week 4,21 Jul 2009,0.55420,0.55470

Week 1,28 Jul 2009,0.55858,0.55911
Week 2,04 Aug 2009,0.55245,0.55296
Week 3,11 Aug 2009,0.55302,0.55353
Week 4,18 Aug 2009,0.55454,0.55506

Week 1,25 Aug 2009,0.56329,0.56377
Week 2,01 Sep 2009,0.55919,0.55970
Week 3,08 Sep 2009,0.55980,0.56029
Week 4,15 Sep 2009,0.56728,0.56776

Week 1,22 Sep 2009,0.57269,0.57321
Week 2,29 Sep 2009,0.57962,0.58007
Week 3,06 Oct 2009,0.59451,0.59504
Week 4,13 Oct 2009,0.60028,0.60078

Week 1,20 Oct 2009,0.58193,0.58235
Week 2,27 Oct 2009,0.56765,0.56808
Week 3,03 Nov 2009,0.56456,0.56501
Week 4,10 Nov 2009,0.56945,0.56989

Week 1,17 Nov 2009,0.56608,0.56651
Week 2,24 Nov 2009,0.57028,0.57073
Week 3,01 Dec 2009,0.57369,0.57412
Week 4,08 Dec 2009,0.58010,0.58055

Week 1,15 Dec 2009,0.57920,0.57965
Week 2,22 Dec 2009,0.59299,0.59364
Week 3,29 Dec 2009,0.59259,0.59338
Week 4,05 Jan 2010,0.60261,0.60310

Week 1,12 Jan 2010,0.59769,0.59816
Week 2,19 Jan 2010,0.58974,0.59018
Week 3,26 Jan 2010,0.58297,0.58339
Week 4,02 Feb 2010,0.59239,0.59284

Week 1,09 Feb 2010,0.60260,0.60305
Week 2,16 Feb 2010,0.61421,0.61479
Week 3,23 Feb 2010,0.61964,0.62020
Week 4,02 Mar 2010,0.64198,0.64258

Week 1,09 Mar 2010,0.64710,0.64770
Week 2,16 Mar 2010,0.65046,0.65110
Week 3,23 Mar 2010,0.65419,0.65479
Week 4,30 Mar 2010,0.65016,0.65076

Week 1,06 Apr 2010,0.65179,0.65238
Week 2,13 Apr 2010,0.64519,0.64579
Week 3,20 Apr 2010,0.64891,0.64937
Week 4,27 Apr 2010,0.64662,0.64723

Week 1,04 May 2010,0.64584,0.64646
Week 2,11 May 2010,0.66179,0.66240
Week 3,18 May 2010,0.65963,0.66024
Week 4,25 May 2010,0.65322,0.65384

Week 1,01 Jun 2010,0.65357,0.65418
Week 2,08 Jun 2010,0.66008,0.66069
Week 3,15 Jun 2010,0.65888,0.65943
Week 4,22 Jun 2010,0.64806,0.64866

Week 1,29 Jun 2010,0.62701,0.62759
Week 2,06 Jul 2010,0.63168,0.63226
Week 3,13 Jul 2010,0.62918,0.62975
Week 4,20 Jul 2010,0.62593,0.62651

Week 1,27 Jul 2010,0.62033,0.62093
Week 2,03 Aug 2010,0.61421,0.61478
Week 3,10 Aug 2010,0.61327,0.61382
Week 4,17 Aug 2010,0.61669,0.61724

Week 1,24 Aug 2010,0.61121,0.61175
Week 2,31 Aug 2010,0.61670,0.61726
Week 3,07 Sep 2010,0.62568,0.62633
Week 4,14 Sep 2010,0.62377,0.62433

Week 1,21 Sep 2010,0.61936,0.61993
Week 2,28 Sep 2010,0.61611,0.61668
Week 3,05 Oct 2010,0.61921,0.61977
Week 4,12 Oct 2010,0.62137,0.62194

Week 1,19 Oct 2010,0.61939,0.61995
Week 2,26 Oct 2010,0.61522,0.61576
Week 3,02 Nov 2010,0.61565,0.61614
Week 4,09 Nov 2010,0.61669,0.61717

Week 1,16 Nov 2010,0.61468,0.61516
Week 2,23 Nov 2010,0.62347,0.62396
Week 3,30 Nov 2010,0.63096,0.63146
Week 4,07 Dec 2010,0.62827,0.62876

Week 1,14 Dec 2010,0.63308,0.63358
Week 2,21 Dec 2010,0.63900,0.63955
Week 3,28 Dec 2010,0.64474,0.64530
Week 4,04 Jan 2011,0.64712,0.64764

Week 1,11 Jan 2011,0.64133,0.64184
Week 2,18 Jan 2011,0.63113,0.63162
Week 3,25 Jan 2011,0.63091,0.63141
Week 4,01 Feb 2011,0.62640,0.62689

Week 1,08 Feb 2011,0.62788,0.62837
Week 2,15 Feb 2011,0.62752,0.62801
Week 3,22 Feb 2011,0.62903,0.62954
Week 4,01 Mar 2011,0.63151,0.63196

Week 1,08 Mar 2011,0.63694,0.63746
Week 2,15 Mar 2011,0.62992,0.63044
Week 3,22 Mar 2011,0.63070,0.63120
Week 4,29 Mar 2011,0.64161,0.64212

Week 1,05 Apr 2011,0.63892,0.63958
Week 2,12 Apr 2011,0.63806,0.63858
Week 3,19 Apr 2011,0.63687,0.63740
Week 4,26 Apr 2011,0.63374,0.63427

Week 1,03 May 2011,0.63247,0.63300
Week 2,10 May 2011,0.63617,0.63670
Week 3,17 May 2011,0.63424,0.63476
Week 4,24 May 2011,0.62657,0.62707

Week 1,31 May 2011,0.62386,0.62436
Week 2,07 Jun 2011,0.62551,0.62601
Week 3,14 Jun 2011,0.62958,0.63008
Week 4,21 Jun 2011,0.63433,0.63484

Week 1,28 Jun 2011,0.64231,0.64284
Week 2,05 Jul 2011,0.64799,0.64852
Week 3,12 Jul 2011,0.64848,0.64902
Week 4,19 Jul 2011,0.64930,0.64982

Week 1,26 Jul 2011,0.64286,0.64336
Week 2,02 Aug 2011,0.63065,0.63155
Week 3,09 Aug 2011,0.62170,0.62221
Week 4,16 Aug 2011,0.61611,0.61660

Week 1,23 Aug 2011,0.61810,0.61859
Week 2,30 Aug 2011,0.62694,0.62743
Week 3,06 Sep 2011,0.63123,0.63173
Week 4,13 Sep 2011,0.64110,0.64162

Week 1,20 Sep 2011,0.63605,0.63659
Week 2,27 Sep 2011,0.61898,0.61947
Week 3,04 Oct 2011,0.61763,0.61812
Week 4,11 Oct 2011,0.62324,0.62372

Week 1,18 Oct 2011,0.62325,0.62373
Week 2,25 Oct 2011,0.62307,0.62355
Week 3,01 Nov 2011,0.61665,0.61713
Week 4,08 Nov 2011,0.61465,0.61512

Week 1,15 Nov 2011,0.61698,0.61745
Week 2,22 Nov 2011,0.61647,0.61694
Week 3,29 Nov 2011,0.62541,0.62588
Week 4,06 Dec 2011,0.62870,0.62918

Week 1,13 Dec 2011,0.62252,0.62297
Week 2,20 Dec 2011,0.62378,0.62425
Week 3,27 Dec 2011,0.62967,0.63022
Week 4,03 Jan 2012,0.63171,0.63228

Week 1,10 Jan 2012,0.63660,0.63707
Week 2,17 Jan 2012,0.63804,0.63851
Week 3,24 Jan 2012,0.63516,0.63563
Week 4,31 Jan 2012,0.63426,0.63472

Week 1,07 Feb 2012,0.63395,0.63441
Week 2,14 Feb 2012,0.63502,0.63548
Week 3,21 Feb 2012,0.63410,0.63456
Week 4,28 Feb 2012,0.63483,0.63529

Week 1,06 Mar 2012,0.63851,0.63898
Week 2,13 Mar 2012,0.64073,0.64120
Week 3,20 Mar 2012,0.63376,0.63422
Week 4,27 Mar 2012,0.62847,0.62892

Week 1,03 Apr 2012,0.63157,0.63204
Week 2,10 Apr 2012,0.62977,0.63024
Week 3,17 Apr 2012,0.62818,0.62866
Week 4,24 Apr 2012,0.62672,0.62718

Week 1,01 May 2012,0.62400,0.62446
Week 2,08 May 2012,0.62034,0.62079
Week 3,15 May 2012,0.62005,0.62050
Week 4,22 May 2012,0.62065,0.62111

Week 1,29 May 2012,0.62499,0.62545
Week 2,05 Jun 2012,0.62713,0.62761
Week 3,12 Jun 2012,0.62561,0.62607
Week 4,19 Jun 2012,0.62432,0.62479

Week 1,26 Jun 2012,0.62505,0.62551
Week 2,03 Jul 2012,0.63132,0.63164
Week 3,10 Jul 2012,0.63279,0.63311
Week 4,17 Jul 2012,0.63165,0.63195

Week 1,24 Jul 2012,0.63268,0.63300
Week 2,31 Jul 2012,0.63785,0.63816
Week 3,07 Aug 2012,0.64233,0.64264
Week 4,14 Aug 2012,0.64343,0.64375

Week 1,21 Aug 2012,0.63869,0.63901
Week 2,28 Aug 2012,0.63872,0.63903
Week 3,04 Sep 2012,0.63779,0.63811
Week 4,11 Sep 2012,0.63715,0.63747

Week 1,18 Sep 2012,0.63152,0.63191
Week 2,25 Sep 2012,0.62892,0.62923
Week 3,02 Oct 2012,0.63092,0.63123
Week 4,09 Oct 2012,0.63649,0.63681

Week 1,16 Oct 2012,0.63112,0.63143
Week 2,23 Oct 2012,0.62600,0.62629
Week 3,30 Oct 2012,0.62340,0.62369
Week 4,06 Nov 2012,0.62797,0.62827

Week 1,13 Nov 2012,0.62909,0.62939
Week 2,20 Nov 2012,0.62896,0.62925
Week 3,27 Nov 2012,0.62821,0.62851
Week 4,04 Dec 2012,0.62771,0.62800

Week 1,11 Dec 2012,0.62901,0.62929
Week 2,18 Dec 2012,0.62342,0.62377
Week 3,25 Dec 2012,0.62299,0.62336
Week 4,01 Jan 2013,0.62531,0.62559

Week 1,08 Jan 2013,0.63026,0.63064
Week 2,15 Jan 2013,0.63328,0.63366
Week 3,22 Jan 2013,0.63222,0.63258
Week 4,29 Jan 2013,0.63406,0.63438

Week 1,05 Feb 2013,0.63604,0.63651
Week 2,12 Feb 2013,0.63899,0.63929
Week 3,19 Feb 2013,0.64277,0.64309
Week 4,26 Feb 2013,0.64468,0.64496

Week 1,05 Mar 2013,0.64706,0.64737
Week 2,12 Mar 2013,0.65070,0.65098
Week 3,19 Mar 2013,0.64403,0.64433
Week 4,26 Mar 2013,0.64672,0.64730

Week 1,02 Apr 2013,0.64631,0.64683
Week 2,09 Apr 2013,0.64265,0.64309
Week 3,16 Apr 2013,0.63876,0.63913
Week 4,23 Apr 2013,0.63671,0.63714

Week 1,30 Apr 2013,0.63714,0.63751
Week 2,07 May 2013,0.64174,0.64228
Week 3,14 May 2013,0.64328,0.64360
Week 4,21 May 2013,0.64067,0.64129

Week 1,28 May 2013,0.63714,0.63770
Week 2,04 Jun 2013,0.62989,0.63029
Week 3,11 Jun 2013,0.62708,0.62763
Week 4,18 Jun 2013,0.62347,0.62398

Week 1,25 Jun 2013,0.62201,0.62244
Week 2,02 Jul 2013,0.62875,0.62940
Week 3,09 Jul 2013,0.63630,0.63672
Week 4,16 Jul 2013,0.63318,0.63377

Week 1,23 Jul 2013,0.63185,0.63238
Week 2,30 Jul 2013,0.63421,0.63481
Week 3,06 Aug 2013,0.62545,0.62588
Week 4,13 Aug 2013,0.62249,0.62298

Week 1,20 Aug 2013,0.61263,0.61306
Week 2,27 Aug 2013,0.61221,0.61281
Week 3,03 Sep 2013,0.61154,0.61217
Week 4,10 Sep 2013,0.61166,0.61214

Week 1,17 Sep 2013,0.60767,0.60793
Week 2,24 Sep 2013,0.60369,0.60411
Week 3,01 Oct 2013,0.60097,0.60124
Week 4,08 Oct 2013,0.60318,0.60376

Week 1,15 Oct 2013,0.60269,0.60310
Week 2,22 Oct 2013,0.59551,0.59592
Week 3,29 Oct 2013,0.59747,0.59783
Week 4,05 Nov 2013,0.59693,0.59732

Week 1,12 Nov 2013,0.59566,0.59605
Week 2,19 Nov 2013,0.59018,0.59051
Week 3,26 Nov 2013,0.58005,0.58049
Week 4,03 Dec 2013,0.57365,0.57405

Week 1,10 Dec 2013,0.57579,0.57624
Week 2,17 Dec 2013,0.57544,0.57592
Week 3,24 Dec 2013,0.57166,0.57218
Week 4,31 Dec 2013,0.56975,0.57015

Week 1,07 Jan 2014,0.56274,0.56312
Week 2,14 Jan 2014,0.55712,0.55750
Week 3,21 Jan 2014,0.54840,0.54882
Week 4,28 Jan 2014,0.54378,0.54427

Week 1,04 Feb 2014,0.55243,0.55278
Week 2,11 Feb 2014,0.54760,0.54798
Week 3,18 Feb 2014,0.54273,0.54310
Week 4,25 Feb 2014,0.53985,0.54032

Week 1,04 Mar 2014,0.54062,0.54102
Week 2,11 Mar 2014,0.54103,0.54143
Week 3,18 Mar 2014,0.54049,0.54075
Week 4,25 Mar 2014,0.54272,0.54296

Week 1,01 Apr 2014,0.54619,0.54655
Week 2,08 Apr 2014,0.54617,0.54651
Week 3,15 Apr 2014,0.54173,0.54222
Week 4,22 Apr 2014,0.53940,0.53971

Week 1,29 Apr 2014,0.54012,0.54046
Week 2,06 May 2014,0.54245,0.54281
Week 3,13 May 2014,0.54620,0.54648
Week 4,20 May 2014,0.54522,0.54562

Week 1,27 May 2014,0.54917,0.54957
Week 2,03 Jun 2014,0.54579,0.54621
Week 3,10 Jun 2014,0.54481,0.54514
Week 4,17 Jun 2014,0.54374,0.54404

Week 1,24 Jun 2014,0.54881,0.54924
Week 2,01 Jul 2014,0.54757,0.54779
Week 3,08 Jul 2014,0.54621,0.54660
Week 4,15 Jul 2014,0.54417,0.54440

Week 1,22 Jul 2014,0.54564,0.54605
Week 2,29 Jul 2014,0.54387,0.54416
Week 3,05 Aug 2014,0.54299,0.54323
Week 4,12 Aug 2014,0.54740,0.54780

Week 1,19 Aug 2014,0.55012,0.55050
Week 2,26 Aug 2014,0.55305,0.55334
Week 3,02 Sep 2014,0.55889,0.55920
Week 4,09 Sep 2014,0.56025,0.56058

Week 1,16 Sep 2014,0.55827,0.55852
Week 2,23 Sep 2014,0.55261,0.55287
Week 3,30 Sep 2014,0.55403,0.55449
Week 4,07 Oct 2014,0.55611,0.55648

Week 1,14 Oct 2014,0.55328,0.55368
Week 2,21 Oct 2014,0.55277,0.55301
Week 3,28 Oct 2014,0.55501,0.55531
Week 4,04 Nov 2014,0.55244,0.55272

Week 1,11 Nov 2014,0.55975,0.56006
Week 2,18 Nov 2014,0.56560,0.56597
Week 3,25 Nov 2014,0.56244,0.56292
Week 4,02 Dec 2014,0.56049,0.56099

Week 1,09 Dec 2014,0.55379,0.55417
Week 2,16 Dec 2014,0.54978,0.55016
Week 3,23 Dec 2014,0.55251,0.55308
Week 4,30 Dec 2014,0.55323,0.55356

Week 1,06 Jan 2015,0.55743,0.55790
Week 2,13 Jan 2015,0.55100,0.55154
Week 3,20 Jan 2015,0.54160,0.54214
Week 4,27 Jan 2015,0.52680,0.52731

Week 1,03 Feb 2015,0.52514,0.52560
Week 2,10 Feb 2015,0.52169,0.52219
Week 3,17 Feb 2015,0.52039,0.52081
Week 4,24 Feb 2015,0.51719,0.51774

Week 1,03 Mar 2015,0.52388,0.52428
Week 2,10 Mar 2015,0.52717,0.52756
Week 3,17 Mar 2015,0.53125,0.53168
Week 4,24 Mar 2015,0.53530,0.53573

Week 1,31 Mar 2015,0.53451,0.53512
Week 2,07 Apr 2015,0.53983,0.54016
Week 3,14 Apr 2015,0.54479,0.54530
Week 4,21 Apr 2015,0.54423,0.54457

Week 1,28 Apr 2015,0.54142,0.54187
Week 2,05 May 2015,0.54084,0.54134
Week 3,12 May 2015,0.53036,0.53063
Week 4,19 May 2015,0.52580,0.52629

Week 1,26 May 2015,0.52431,0.52473
Week 2,02 Jun 2015,0.52463,0.52499
Week 3,09 Jun 2015,0.52441,0.52479
Week 4,16 Jun 2015,0.51639,0.51691

Week 1,23 Jun 2015,0.51446,0.51494
Week 2,30 Jun 2015,0.51077,0.51133
Week 3,07 Jul 2015,0.50905,0.50960
Week 4,14 Jul 2015,0.49806,0.49839

Week 1,21 Jul 2015,0.49388,0.49430
Week 2,28 Jul 2015,0.49224,0.49256
Week 3,04 Aug 2015,0.48906,0.48945
Week 4,11 Aug 2015,0.49012,0.49046

Week 1,18 Aug 2015,0.48605,0.48648
Week 2,25 Aug 2015,0.48619,0.48649
Week 3,01 Sep 2015,0.49440,0.49477
Week 4,08 Sep 2015,0.49047,0.49088

Week 1,15 Sep 2015,0.48851,0.48885
Week 2,22 Sep 2015,0.49123,0.49169
Week 3,29 Sep 2015,0.49627,0.49665
Week 4,06 Oct 2015,0.50262,0.50301

Week 1,13 Oct 2015,0.50165,0.50215
Week 2,20 Oct 2015,0.49638,0.49671
Week 3,27 Oct 2015,0.49513,0.49540
Week 4,03 Nov 2015,0.49663,0.49688

Week 1,10 Nov 2015,0.49543,0.49577
Week 2,17 Nov 2015,0.49304,0.49341
Week 3,24 Nov 2015,0.49664,0.49695
Week 4,01 Dec 2015,0.49675,0.49700

Week 1,08 Dec 2015,0.48509,0.48533
Week 2,15 Dec 2015,0.48158,0.48183
Week 3,22 Dec 2015,0.48326,0.48355
Week 4,29 Dec 2015,0.48758,0.48776

Week 1,05 Jan 2016,0.48637,0.48662
Week 2,12 Jan 2016,0.48361,0.48386
Week 3,19 Jan 2016,0.48907,0.48939
Week 4,26 Jan 2016,0.49731,0.49763

Week 1,02 Feb 2016,0.49678,0.49710
Week 2,09 Feb 2016,0.49685,0.49718
Week 3,16 Feb 2016,0.50479,0.50508
Week 4,23 Feb 2016,0.52404,0.52435

Week 1,01 Mar 2016,0.52923,0.52957
Week 2,08 Mar 2016,0.52681,0.52713
Week 3,15 Mar 2016,0.53017,0.53053
Week 4,22 Mar 2016,0.53409,0.53449

Week 1,29 Mar 2016,0.53585,0.53619
Week 2,05 Apr 2016,0.54086,0.54122
Week 3,12 Apr 2016,0.54788,0.54825
Week 4,19 Apr 2016,0.54788,0.54823

Week 1,26 Apr 2016,0.54491,0.54519
Week 2,03 May 2016,0.53908,0.53936
Week 3,10 May 2016,0.53724,0.53753
Week 4,17 May 2016,0.52934,0.52965

Week 1,24 May 2016,0.52380,0.52411
Week 2,31 May 2016,0.52862,0.52898
Week 3,07 Jun 2016,0.54287,0.54318
Week 4,14 Jun 2016,0.54505,0.54540

Week 1,21 Jun 2016,0.54326,0.54419
Week 2,28 Jun 2016,0.57825,0.57918
Week 3,05 Jul 2016,0.59134,0.59177
Week 4,12 Jul 2016,0.58360,0.58403

Week 1,19 Jul 2016,0.58128,0.58169
Week 2,26 Jul 2016,0.57776,0.57818
Week 3,02 Aug 2016,0.57856,0.57893
Week 4,09 Aug 2016,0.59044,0.59085

Week 1,16 Aug 2016,0.59593,0.59635
Week 2,23 Aug 2016,0.58665,0.58706
Week 3,30 Aug 2016,0.58068,0.58107
Week 4,06 Sep 2016,0.57963,0.58002

Week 1,13 Sep 2016,0.57684,0.57724
Week 2,20 Sep 2016,0.58452,0.58493
Week 3,27 Sep 2016,0.58524,0.58564
Week 4,04 Oct 2016,0.59909,0.59949

Week 1,11 Oct 2016,0.61861,0.61907
Week 2,18 Oct 2016,0.61835,0.61879
Week 3,25 Oct 2016,0.61286,0.61329
Week 4,01 Nov 2016,0.60315,0.60353

Week 1,08 Nov 2016,0.59462,0.59506
Week 2,15 Nov 2016,0.59612,0.59655
Week 3,22 Nov 2016,0.59581,0.59625
Week 4,29 Nov 2016,0.59453,0.59495

Week 1,06 Dec 2016,0.59805,0.59844
Week 2,13 Dec 2016,0.60110,0.60152
Week 3,20 Dec 2016,0.60221,0.60264
Week 4,27 Dec 2016,0.60221,0.60276

Week 1,03 Jan 2017,0.60961,0.61015
Week 2,10 Jan 2017,0.62304,0.62349
Week 3,17 Jan 2017,0.61556,0.61596
Week 4,24 Jan 2017,0.60566,0.60608

Week 1,31 Jan 2017,0.61088,0.61131
Week 2,07 Feb 2017,0.61049,0.61091
Week 3,14 Feb 2017,0.61337,0.61379
Week 4,21 Feb 2017,0.61106,0.61165

Week 1,28 Feb 2017,0.60896,0.60952
Week 2,07 Mar 2017,0.60958,0.61005
Week 3,14 Mar 2017,0.60766,0.60805
Week 4,21 Mar 2017,0.60076,0.60111

Week 1,28 Mar 2017,0.59892,0.59938
Week 2,04 Apr 2017,0.59957,0.60011
Week 3,11 Apr 2017,0.60073,0.60111
Week 4,18 Apr 2017,0.58370,0.58421

Week 1,25 Apr 2017,0.57090,0.57139
Week 2,02 May 2017,0.56447,0.56497
Week 3,09 May 2017,0.56481,0.56529
Week 4,16 May 2017,0.56729,0.56769

Week 1,23 May 2017,0.57474,0.57525
Week 2,30 May 2017,0.57641,0.57680
Week 3,06 Jun 2017,0.57757,0.57802
Week 4,13 Jun 2017,0.59111,0.59148

Week 1,20 Jun 2017,0.59345,0.59388
Week 2,27 Jun 2017,0.59229,0.59274
Week 3,04 Jul 2017,0.59770,0.59811
Week 4,11 Jul 2017,0.60385,0.60412

Week 1,18 Jul 2017,0.60974,0.61000
Week 2,25 Jul 2017,0.61198,0.61227
Week 3,01 Aug 2017,0.60517,0.60551
Week 4,08 Aug 2017,0.60579,0.60615

Week 1,15 Aug 2017,0.61267,0.61296
Week 2,22 Aug 2017,0.62073,0.62112
Week 3,29 Aug 2017,0.61948,0.61981
Week 4,05 Sep 2017,0.62399,0.62429

Week 1,12 Sep 2017,0.61397,0.61430
Week 2,19 Sep 2017,0.60095,0.60120
Week 3,26 Sep 2017,0.59922,0.59968
Week 4,03 Oct 2017,0.60632,0.60670

Week 1,10 Oct 2017,0.60506,0.60529
Week 2,17 Oct 2017,0.60366,0.60398
Week 3,24 Oct 2017,0.59513,0.59545
Week 4,31 Oct 2017,0.59293,0.59315

Week 1,07 Nov 2017,0.59784,0.59803
Week 2,14 Nov 2017,0.59508,0.59540
Week 3,21 Nov 2017,0.59039,0.59077
Week 4,28 Nov 2017,0.58291,0.58330

Week 1,05 Dec 2017,0.58605,0.58621


