CAD->AUD

Week 1,01 Dec 1998,1.04252,1.04424
Week 2,08 Dec 1998,1.04706,1.04868
Week 3,15 Dec 1998,1.04182,1.04370
Week 4,22 Dec 1998,1.05421,1.05614

Week 1,29 Dec 1998,1.05953,1.06121
Week 2,05 Jan 1999,1.04648,1.04819
Week 3,12 Jan 1999,1.03411,1.03576
Week 4,19 Jan 1999,1.03340,1.03504

Week 1,26 Jan 1999,1.04615,1.04779
Week 2,02 Feb 1999,1.03216,1.03372
Week 3,09 Feb 1999,1.03618,1.03777
Week 4,16 Feb 1999,1.04959,1.05127

Week 1,23 Feb 1999,1.06100,1.06268
Week 2,02 Mar 1999,1.05050,1.05217
Week 3,09 Mar 1999,1.03403,1.03573
Week 4,16 Mar 1999,1.04523,1.04709

Week 1,23 Mar 1999,1.04024,1.04191
Week 2,30 Mar 1999,1.05104,1.05292
Week 3,06 Apr 1999,1.05733,1.05909
Week 4,13 Apr 1999,1.04600,1.04766

Week 1,20 Apr 1999,1.03734,1.03910
Week 2,27 Apr 1999,1.03766,1.03927
Week 3,04 May 1999,1.02866,1.03041
Week 4,11 May 1999,1.02703,1.02876

Week 1,18 May 1999,1.03259,1.03424
Week 2,25 May 1999,1.04256,1.04423
Week 3,01 Jun 1999,1.03898,1.04068
Week 4,08 Jun 1999,1.02987,1.03157

Week 1,15 Jun 1999,1.04211,1.04380
Week 2,22 Jun 1999,1.03291,1.03462
Week 3,29 Jun 1999,1.02295,1.02462
Week 4,06 Jul 1999,1.02049,1.02226

Week 1,13 Jul 1999,1.02076,1.02260
Week 2,20 Jul 1999,1.02534,1.02696
Week 3,27 Jul 1999,1.02105,1.02279
Week 4,03 Aug 1999,1.01946,1.02117

Week 1,10 Aug 1999,1.03271,1.03434
Week 2,17 Aug 1999,1.04703,1.04882
Week 3,24 Aug 1999,1.05748,1.05931
Week 4,31 Aug 1999,1.04228,1.04408

Week 1,07 Sep 1999,1.03711,1.03874
Week 2,14 Sep 1999,1.04601,1.04772
Week 3,21 Sep 1999,1.04394,1.04564
Week 4,28 Sep 1999,1.03894,1.04070

Week 1,05 Oct 1999,1.03351,1.03524
Week 2,12 Oct 1999,1.03704,1.03867
Week 3,19 Oct 1999,1.03885,1.04058
Week 4,26 Oct 1999,1.05731,1.05904

Week 1,02 Nov 1999,1.06624,1.06821
Week 2,09 Nov 1999,1.05952,1.06143
Week 3,16 Nov 1999,1.06618,1.06796
Week 4,23 Nov 1999,1.07062,1.07260

Week 1,30 Nov 1999,1.06642,1.06819
Week 2,07 Dec 1999,1.06303,1.06509
Week 3,14 Dec 1999,1.05490,1.05680
Week 4,21 Dec 1999,1.05451,1.05637

Week 1,28 Dec 1999,1.05674,1.05861
Week 2,04 Jan 2000,1.04801,1.04949
Week 3,11 Jan 2000,1.03861,1.04017
Week 4,18 Jan 2000,1.04032,1.04188

Week 1,25 Jan 2000,1.07268,1.07445
Week 2,01 Feb 2000,1.08834,1.09055
Week 3,08 Feb 2000,1.09298,1.09475
Week 4,15 Feb 2000,1.09292,1.09487

Week 1,22 Feb 2000,1.10923,1.11105
Week 2,29 Feb 2000,1.12947,1.13114
Week 3,07 Mar 2000,1.12360,1.12533
Week 4,14 Mar 2000,1.11433,1.11627

Week 1,21 Mar 2000,1.12143,1.12331
Week 2,28 Mar 2000,1.12604,1.12838
Week 3,04 Apr 2000,1.13946,1.14192
Week 4,11 Apr 2000,1.13837,1.14026

Week 1,18 Apr 2000,1.14004,1.14221
Week 2,25 Apr 2000,1.15024,1.15228
Week 3,02 May 2000,1.13395,1.13594
Week 4,09 May 2000,1.15433,1.15672

Week 1,16 May 2000,1.16689,1.16884
Week 2,23 May 2000,1.16075,1.16267
Week 3,30 May 2000,1.16477,1.16708
Week 4,06 Jun 2000,1.15095,1.15285

Week 1,13 Jun 2000,1.12998,1.13188
Week 2,20 Jun 2000,1.13142,1.13329
Week 3,27 Jun 2000,1.12589,1.12761
Week 4,04 Jul 2000,1.13549,1.13736

Week 1,11 Jul 2000,1.15000,1.15176
Week 2,18 Jul 2000,1.16020,1.16200
Week 3,25 Jul 2000,1.15422,1.15635
Week 4,01 Aug 2000,1.15131,1.15356

Week 1,08 Aug 2000,1.15783,1.15986
Week 2,15 Aug 2000,1.14816,1.15015
Week 3,22 Aug 2000,1.16956,1.17131
Week 4,29 Aug 2000,1.17680,1.17916

Week 1,05 Sep 2000,1.20233,1.20492
Week 2,12 Sep 2000,1.22208,1.22428
Week 3,19 Sep 2000,1.23647,1.23843
Week 4,26 Sep 2000,1.22013,1.22230

Week 1,03 Oct 2000,1.23263,1.23817
Week 2,10 Oct 2000,1.24765,1.24965
Week 3,17 Oct 2000,1.25718,1.25928
Week 4,24 Oct 2000,1.25618,1.25821

Week 1,31 Oct 2000,1.24611,1.24813
Week 2,07 Nov 2000,1.23821,1.24014
Week 3,14 Nov 2000,1.23736,1.23929
Week 4,21 Nov 2000,1.24320,1.24520

Week 1,28 Nov 2000,1.22332,1.22540
Week 2,05 Dec 2000,1.19836,1.20024
Week 3,12 Dec 2000,1.20974,1.21164
Week 4,19 Dec 2000,1.18964,1.19162

Week 1,26 Dec 2000,1.18927,1.19131
Week 2,02 Jan 2001,1.18079,1.18262
Week 3,09 Jan 2001,1.19049,1.19233
Week 4,16 Jan 2001,1.19201,1.19387

Week 1,23 Jan 2001,1.21190,1.21381
Week 2,30 Jan 2001,1.21197,1.21388
Week 3,06 Feb 2001,1.22317,1.22525
Week 4,13 Feb 2001,1.23047,1.23244

Week 1,20 Feb 2001,1.23710,1.23919
Week 2,27 Feb 2001,1.22996,1.23208
Week 3,06 Mar 2001,1.25934,1.26145
Week 4,13 Mar 2001,1.28649,1.28861

Week 1,20 Mar 2001,1.28376,1.28614
Week 2,27 Mar 2001,1.29116,1.29343
Week 3,03 Apr 2001,1.29609,1.29833
Week 4,10 Apr 2001,1.26961,1.27189

Week 1,17 Apr 2001,1.25844,1.26068
Week 2,24 Apr 2001,1.27334,1.27549
Week 3,01 May 2001,1.25657,1.25862
Week 4,08 May 2001,1.24041,1.24247

Week 1,15 May 2001,1.23539,1.23740
Week 2,22 May 2001,1.24260,1.24465
Week 3,29 May 2001,1.26971,1.27177
Week 4,05 Jun 2001,1.26370,1.26563

Week 1,12 Jun 2001,1.25020,1.25210
Week 2,19 Jun 2001,1.26112,1.26310
Week 3,26 Jun 2001,1.28159,1.28372
Week 4,03 Jul 2001,1.28574,1.28777

Week 1,10 Jul 2001,1.28856,1.29057
Week 2,17 Jul 2001,1.27361,1.27559
Week 3,24 Jul 2001,1.28009,1.28214
Week 4,31 Jul 2001,1.26710,1.26914

Week 1,07 Aug 2001,1.26289,1.26483
Week 2,14 Aug 2001,1.22889,1.23103
Week 3,21 Aug 2001,1.21277,1.21461
Week 4,28 Aug 2001,1.21992,1.22158

Week 1,04 Sep 2001,1.22758,1.22947
Week 2,11 Sep 2001,1.23556,1.23758
Week 3,18 Sep 2001,1.29371,1.29584
Week 4,25 Sep 2001,1.29079,1.29249

Week 1,02 Oct 2001,1.27308,1.27468
Week 2,09 Oct 2001,1.26662,1.26846
Week 3,16 Oct 2001,1.24611,1.24738
Week 4,23 Oct 2001,1.25543,1.25677

Week 1,30 Oct 2001,1.24258,1.24403
Week 2,06 Nov 2001,1.21631,1.21787
Week 3,13 Nov 2001,1.20470,1.20609
Week 4,20 Nov 2001,1.20704,1.20872

Week 1,27 Nov 2001,1.21279,1.21426
Week 2,04 Dec 2001,1.23032,1.23177
Week 3,11 Dec 2001,1.23056,1.23216
Week 4,18 Dec 2001,1.24062,1.24197

Week 1,25 Dec 2001,1.23003,1.23148
Week 2,01 Jan 2002,1.21404,1.21588
Week 3,08 Jan 2002,1.19976,1.20119
Week 4,15 Jan 2002,1.20770,1.20912

Week 1,22 Jan 2002,1.20077,1.20207
Week 2,29 Jan 2002,1.23158,1.23280
Week 3,05 Feb 2002,1.22538,1.22684
Week 4,12 Feb 2002,1.22166,1.22306

Week 1,19 Feb 2002,1.21621,1.21774
Week 2,26 Feb 2002,1.20863,1.21004
Week 3,05 Mar 2002,1.20572,1.20712
Week 4,12 Mar 2002,1.20343,1.20462

Week 1,19 Mar 2002,1.19668,1.19795
Week 2,26 Mar 2002,1.18045,1.18183
Week 3,02 Apr 2002,1.18078,1.18202
Week 4,09 Apr 2002,1.18117,1.18251

Week 1,16 Apr 2002,1.17965,1.18099
Week 2,23 Apr 2002,1.17625,1.17757
Week 3,30 Apr 2002,1.18623,1.18729
Week 4,07 May 2002,1.17847,1.17960

Week 1,14 May 2002,1.17072,1.17210
Week 2,21 May 2002,1.16909,1.17037
Week 3,28 May 2002,1.15655,1.15799
Week 4,04 Jun 2002,1.13955,1.14095

Week 1,11 Jun 2002,1.14612,1.14762
Week 2,18 Jun 2002,1.14597,1.14711
Week 3,25 Jun 2002,1.16521,1.16633
Week 4,02 Jul 2002,1.17213,1.17360

Week 1,09 Jul 2002,1.16588,1.16727
Week 2,16 Jul 2002,1.16595,1.16712
Week 3,23 Jul 2002,1.17376,1.17561
Week 4,30 Jul 2002,1.16801,1.16945

Week 1,06 Aug 2002,1.18645,1.18801
Week 2,13 Aug 2002,1.17987,1.18132
Week 3,20 Aug 2002,1.17786,1.17895
Week 4,27 Aug 2002,1.16573,1.16703

Week 1,03 Sep 2002,1.17021,1.17157
Week 2,10 Sep 2002,1.15241,1.15377
Week 3,17 Sep 2002,1.15799,1.15958
Week 4,24 Sep 2002,1.16269,1.16387

Week 1,01 Oct 2002,1.15319,1.15441
Week 2,08 Oct 2002,1.14533,1.14649
Week 3,15 Oct 2002,1.15316,1.15440
Week 4,22 Oct 2002,1.15054,1.15165

Week 1,29 Oct 2002,1.14966,1.15108
Week 2,05 Nov 2002,1.13710,1.13820
Week 3,12 Nov 2002,1.12628,1.12743
Week 4,19 Nov 2002,1.12425,1.12536

Week 1,26 Nov 2002,1.13747,1.13865
Week 2,03 Dec 2002,1.14218,1.14344
Week 3,10 Dec 2002,1.13714,1.13830
Week 4,17 Dec 2002,1.13970,1.14106

Week 1,24 Dec 2002,1.14059,1.14198
Week 2,31 Dec 2002,1.12771,1.12885
Week 3,07 Jan 2003,1.11142,1.11255
Week 4,14 Jan 2003,1.10586,1.10715

Week 1,21 Jan 2003,1.10928,1.11041
Week 2,28 Jan 2003,1.11488,1.11596
Week 3,04 Feb 2003,1.11545,1.11666
Week 4,11 Feb 2003,1.10773,1.10879

Week 1,18 Feb 2003,1.11236,1.11338
Week 2,25 Feb 2003,1.10562,1.10670
Week 3,04 Mar 2003,1.10645,1.10748
Week 4,11 Mar 2003,1.12947,1.13067

Week 1,18 Mar 2003,1.13668,1.13773
Week 2,25 Mar 2003,1.13343,1.13467
Week 3,01 Apr 2003,1.12814,1.12953
Week 4,08 Apr 2003,1.13298,1.13467

Week 1,15 Apr 2003,1.12606,1.12761
Week 2,22 Apr 2003,1.11625,1.11790
Week 3,29 Apr 2003,1.11546,1.11689
Week 4,06 May 2003,1.11519,1.11663

Week 1,13 May 2003,1.11678,1.11833
Week 2,20 May 2003,1.11265,1.11405
Week 3,27 May 2003,1.11444,1.11574
Week 4,03 Jun 2003,1.11321,1.11456

Week 1,10 Jun 2003,1.11844,1.11988
Week 2,17 Jun 2003,1.10721,1.10853
Week 3,24 Jun 2003,1.11033,1.11170
Week 4,01 Jul 2003,1.09759,1.09930

Week 1,08 Jul 2003,1.10086,1.10256
Week 2,15 Jul 2003,1.09830,1.10006
Week 3,22 Jul 2003,1.08684,1.08852
Week 4,29 Jul 2003,1.09354,1.09528

Week 1,05 Aug 2003,1.10094,1.10271
Week 2,12 Aug 2003,1.09519,1.09707
Week 3,19 Aug 2003,1.08934,1.09115
Week 4,26 Aug 2003,1.11135,1.11302

Week 1,02 Sep 2003,1.12710,1.12885
Week 2,09 Sep 2003,1.10818,1.11018
Week 3,16 Sep 2003,1.10064,1.10233
Week 4,23 Sep 2003,1.09278,1.09442

Week 1,30 Sep 2003,1.08990,1.09145
Week 2,07 Oct 2003,1.09043,1.09186
Week 3,14 Oct 2003,1.09740,1.09896
Week 4,21 Oct 2003,1.09083,1.09217

Week 1,28 Oct 2003,1.07643,1.07777
Week 2,04 Nov 2003,1.06503,1.06652
Week 3,11 Nov 2003,1.06560,1.06710
Week 4,18 Nov 2003,1.06191,1.06351

Week 1,25 Nov 2003,1.06017,1.06161
Week 2,02 Dec 2003,1.04364,1.04496
Week 3,09 Dec 2003,1.02906,1.03020
Week 4,16 Dec 2003,1.01626,1.01748

Week 1,23 Dec 2003,1.02857,1.03001
Week 2,30 Dec 2003,1.02506,1.02646
Week 3,06 Jan 2004,1.01092,1.01217
Week 4,13 Jan 2004,1.00543,1.00667

Week 1,20 Jan 2004,0.99501,0.99623
Week 2,27 Jan 2004,0.98488,0.98605
Week 3,03 Feb 2004,0.98033,0.98161
Week 4,10 Feb 2004,0.96319,0.96441

Week 1,17 Feb 2004,0.96223,0.96343
Week 2,24 Feb 2004,0.96734,0.96862
Week 3,02 Mar 2004,0.98855,0.98968
Week 4,09 Mar 2004,1.01311,1.01424

Week 1,16 Mar 2004,1.00558,1.00675
Week 2,23 Mar 2004,1.00798,1.00905
Week 3,30 Mar 2004,1.00565,1.00667
Week 4,06 Apr 2004,0.99190,0.99307

Week 1,13 Apr 2004,0.99613,0.99731
Week 2,20 Apr 2004,1.00242,1.00361
Week 3,27 Apr 2004,1.00907,1.01013
Week 4,04 May 2004,1.01193,1.01312

Week 1,11 May 2004,1.03683,1.03800
Week 2,18 May 2004,1.04469,1.04597
Week 3,25 May 2004,1.02988,1.03109
Week 4,01 Jun 2004,1.05233,1.05354

Week 1,08 Jun 2004,1.05634,1.05769
Week 2,15 Jun 2004,1.05971,1.06097
Week 3,22 Jun 2004,1.05804,1.05936
Week 4,29 Jun 2004,1.06363,1.06497

Week 1,06 Jul 2004,1.05159,1.05292
Week 2,13 Jul 2004,1.04344,1.04471
Week 3,20 Jul 2004,1.05822,1.05955
Week 4,27 Jul 2004,1.07024,1.07136

Week 1,03 Aug 2004,1.07070,1.07190
Week 2,10 Aug 2004,1.05900,1.06036
Week 3,17 Aug 2004,1.06474,1.06593
Week 4,24 Aug 2004,1.08270,1.08400

Week 1,31 Aug 2004,1.09818,1.09978
Week 2,07 Sep 2004,1.11541,1.11670
Week 3,14 Sep 2004,1.10424,1.10559
Week 4,21 Sep 2004,1.09907,1.10030

Week 1,28 Sep 2004,1.09507,1.09618
Week 2,05 Oct 2004,1.08858,1.08975
Week 3,12 Oct 2004,1.09048,1.09173
Week 4,19 Oct 2004,1.09286,1.09415

Week 1,26 Oct 2004,1.09447,1.09593
Week 2,02 Nov 2004,1.09395,1.09506
Week 3,09 Nov 2004,1.09434,1.09565
Week 4,16 Nov 2004,1.07177,1.07289

Week 1,23 Nov 2004,1.07377,1.07482
Week 2,30 Nov 2004,1.07910,1.08026
Week 3,07 Dec 2004,1.08210,1.08342
Week 4,14 Dec 2004,1.06872,1.07000

Week 1,21 Dec 2004,1.05817,1.05929
Week 2,28 Dec 2004,1.06151,1.06281
Week 3,04 Jan 2005,1.06850,1.06971
Week 4,11 Jan 2005,1.08176,1.08294

Week 1,18 Jan 2005,1.07138,1.07265
Week 2,25 Jan 2005,1.04663,1.04775
Week 3,01 Feb 2005,1.03992,1.04104
Week 4,08 Feb 2005,1.03357,1.03470

Week 1,15 Feb 2005,1.02986,1.03098
Week 2,22 Feb 2005,1.02580,1.02690
Week 3,01 Mar 2005,1.02623,1.02735
Week 4,08 Mar 2005,1.04115,1.04223

Week 1,15 Mar 2005,1.04770,1.04884
Week 2,22 Mar 2005,1.06111,1.06219
Week 3,29 Mar 2005,1.06800,1.06911
Week 4,05 Apr 2005,1.06112,1.06234

Week 1,12 Apr 2005,1.04257,1.04387
Week 2,19 Apr 2005,1.03955,1.04066
Week 3,26 Apr 2005,1.02470,1.02600
Week 4,03 May 2005,1.03166,1.03277

Week 1,10 May 2005,1.03942,1.04055
Week 2,17 May 2005,1.04458,1.04598
Week 3,24 May 2005,1.04235,1.04342
Week 4,31 May 2005,1.05912,1.06034

Week 1,07 Jun 2005,1.04575,1.04700
Week 2,14 Jun 2005,1.04614,1.04726
Week 3,21 Jun 2005,1.04727,1.04832
Week 4,28 Jun 2005,1.06752,1.06871

Week 1,05 Jul 2005,1.09431,1.09555
Week 2,12 Jul 2005,1.09643,1.09770
Week 3,19 Jul 2005,1.07928,1.08085
Week 4,26 Jul 2005,1.07424,1.07542

Week 1,02 Aug 2005,1.07079,1.07203
Week 2,09 Aug 2005,1.07907,1.08051
Week 3,16 Aug 2005,1.09059,1.09183
Week 4,23 Aug 2005,1.10393,1.10524

Week 1,30 Aug 2005,1.10707,1.10830
Week 2,06 Sep 2005,1.09545,1.09673
Week 3,13 Sep 2005,1.10110,1.10246
Week 4,20 Sep 2005,1.11979,1.12106

Week 1,27 Sep 2005,1.12529,1.12668
Week 2,04 Oct 2005,1.12088,1.12218
Week 3,11 Oct 2005,1.12349,1.12479
Week 4,18 Oct 2005,1.12833,1.12946

Week 1,25 Oct 2005,1.12834,1.12969
Week 2,01 Nov 2005,1.14569,1.14702
Week 3,08 Nov 2005,1.14658,1.14820
Week 4,15 Nov 2005,1.14740,1.14862

Week 1,22 Nov 2005,1.15589,1.15715
Week 2,29 Nov 2005,1.15685,1.15814
Week 3,06 Dec 2005,1.15062,1.15189
Week 4,13 Dec 2005,1.15318,1.15447

Week 1,20 Dec 2005,1.16504,1.16644
Week 2,27 Dec 2005,1.17356,1.17514
Week 3,03 Jan 2006,1.15662,1.15842
Week 4,10 Jan 2006,1.14050,1.14176

Week 1,17 Jan 2006,1.14880,1.15003
Week 2,24 Jan 2006,1.15557,1.15635
Week 3,31 Jan 2006,1.16213,1.16310
Week 4,07 Feb 2006,1.17408,1.17540

Week 1,14 Feb 2006,1.17166,1.17299
Week 2,21 Feb 2006,1.17675,1.17807
Week 3,28 Feb 2006,1.18320,1.18402
Week 4,07 Mar 2006,1.17895,1.18028

Week 1,14 Mar 2006,1.17783,1.17917
Week 2,21 Mar 2006,1.19942,1.20080
Week 3,28 Mar 2006,1.20315,1.20449
Week 4,04 Apr 2006,1.19099,1.19232

Week 1,11 Apr 2006,1.19281,1.19420
Week 2,18 Apr 2006,1.18278,1.18412
Week 3,25 Apr 2006,1.17906,1.18038
Week 4,02 May 2006,1.17458,1.17598

Week 1,09 May 2006,1.16952,1.17089
Week 2,16 May 2006,1.17561,1.17702
Week 3,23 May 2006,1.18791,1.18933
Week 4,30 May 2006,1.20235,1.20382

Week 1,06 Jun 2006,1.20720,1.20807
Week 2,13 Jun 2006,1.21214,1.21352
Week 3,20 Jun 2006,1.21462,1.21601
Week 4,27 Jun 2006,1.21380,1.21517

Week 1,04 Jul 2006,1.20380,1.20521
Week 2,11 Jul 2006,1.17734,1.17869
Week 3,18 Jul 2006,1.17406,1.17487
Week 4,25 Jul 2006,1.15724,1.15795

Week 1,01 Aug 2006,1.15892,1.16020
Week 2,08 Aug 2006,1.16300,1.16431
Week 3,15 Aug 2006,1.16688,1.16819
Week 4,22 Aug 2006,1.18103,1.18240

Week 1,29 Aug 2006,1.18261,1.18395
Week 2,05 Sep 2006,1.17863,1.17998
Week 3,12 Sep 2006,1.18622,1.18757
Week 4,19 Sep 2006,1.18454,1.18588

Week 1,26 Sep 2006,1.19609,1.19745
Week 2,03 Oct 2006,1.19501,1.19618
Week 3,10 Oct 2006,1.17968,1.18100
Week 4,17 Oct 2006,1.16754,1.16884

Week 1,24 Oct 2006,1.16545,1.16674
Week 2,31 Oct 2006,1.14828,1.14955
Week 3,07 Nov 2006,1.14925,1.15052
Week 4,14 Nov 2006,1.14284,1.14410

Week 1,21 Nov 2006,1.13155,1.13278
Week 2,28 Nov 2006,1.11810,1.11931
Week 3,05 Dec 2006,1.10743,1.10863
Week 4,12 Dec 2006,1.10474,1.10595

Week 1,19 Dec 2006,1.10396,1.10517
Week 2,26 Dec 2006,1.09327,1.09484
Week 3,02 Jan 2007,1.08546,1.08688
Week 4,09 Jan 2007,1.08949,1.09067

Week 1,16 Jan 2007,1.08358,1.08475
Week 2,23 Jan 2007,1.08539,1.08657
Week 3,30 Jan 2007,1.09331,1.09449
Week 4,06 Feb 2007,1.09008,1.09127

Week 1,13 Feb 2007,1.09560,1.09679
Week 2,20 Feb 2007,1.08912,1.09030
Week 3,27 Feb 2007,1.08556,1.08653
Week 4,06 Mar 2007,1.09282,1.09400

Week 1,13 Mar 2007,1.07891,1.08008
Week 2,20 Mar 2007,1.06928,1.07043
Week 3,27 Mar 2007,1.06913,1.07028
Week 4,03 Apr 2007,1.06147,1.06263

Week 1,10 Apr 2007,1.05800,1.05916
Week 2,17 Apr 2007,1.06019,1.06132
Week 3,24 Apr 2007,1.07555,1.07670
Week 4,01 May 2007,1.09292,1.09411

Week 1,08 May 2007,1.08823,1.08941
Week 2,15 May 2007,1.10064,1.10178
Week 3,22 May 2007,1.12440,1.12557
Week 4,29 May 2007,1.13116,1.13235

Week 1,05 Jun 2007,1.12098,1.12213
Week 2,12 Jun 2007,1.11529,1.11643
Week 3,19 Jun 2007,1.10590,1.10704
Week 4,26 Jun 2007,1.10652,1.10765

Week 1,03 Jul 2007,1.10532,1.10647
Week 2,10 Jul 2007,1.10117,1.10229
Week 3,17 Jul 2007,1.08983,1.09092
Week 4,24 Jul 2007,1.09120,1.09233

Week 1,31 Jul 2007,1.10340,1.10453
Week 2,07 Aug 2007,1.11334,1.11448
Week 3,14 Aug 2007,1.15429,1.15559
Week 4,21 Aug 2007,1.16301,1.16431

Week 1,28 Aug 2007,1.15292,1.15416
Week 2,04 Sep 2007,1.15027,1.15148
Week 3,11 Sep 2007,1.15109,1.15229
Week 4,18 Sep 2007,1.15593,1.15717

Week 1,25 Sep 2007,1.13958,1.14077
Week 2,02 Oct 2007,1.13206,1.13325
Week 3,09 Oct 2007,1.13407,1.13527
Week 4,16 Oct 2007,1.15029,1.15151

Week 1,23 Oct 2007,1.14333,1.14452
Week 2,30 Oct 2007,1.14528,1.14630
Week 3,06 Nov 2007,1.16245,1.16369
Week 4,13 Nov 2007,1.15702,1.15828

Week 1,20 Nov 2007,1.15387,1.15514
Week 2,27 Nov 2007,1.14045,1.14160
Week 3,04 Dec 2007,1.13275,1.13400
Week 4,11 Dec 2007,1.12838,1.12959

Week 1,18 Dec 2007,1.15724,1.15852
Week 2,25 Dec 2007,1.16289,1.16461
Week 3,01 Jan 2008,1.14592,1.14758
Week 4,08 Jan 2008,1.11851,1.11968

Week 1,15 Jan 2008,1.10431,1.10545
Week 2,22 Jan 2008,1.12307,1.12427
Week 3,29 Jan 2008,1.11925,1.12043
Week 4,05 Feb 2008,1.11127,1.11247

Week 1,12 Feb 2008,1.10331,1.10444
Week 2,19 Feb 2008,1.07492,1.07602
Week 3,26 Feb 2008,1.08396,1.08508
Week 4,04 Mar 2008,1.08681,1.08793

Week 1,11 Mar 2008,1.08249,1.08361
Week 2,18 Mar 2008,1.08317,1.08444
Week 3,25 Mar 2008,1.07062,1.07177
Week 4,01 Apr 2008,1.07475,1.07590

Week 1,08 Apr 2008,1.05700,1.05810
Week 2,15 Apr 2008,1.06108,1.06216
Week 3,22 Apr 2008,1.05072,1.05179
Week 4,29 Apr 2008,1.05242,1.05350

Week 1,06 May 2008,1.04991,1.05100
Week 2,13 May 2008,1.05531,1.05637
Week 3,20 May 2008,1.05334,1.05445
Week 4,27 May 2008,1.05192,1.05303

Week 1,03 Jun 2008,1.03120,1.03222
Week 2,10 Jun 2008,1.03336,1.03446
Week 3,17 Jun 2008,1.03539,1.03646
Week 4,24 Jun 2008,1.03123,1.03227

Week 1,01 Jul 2008,1.02216,1.02319
Week 2,08 Jul 2008,1.02720,1.02822
Week 3,15 Jul 2008,1.02245,1.02346
Week 4,22 Jul 2008,1.02502,1.02609

Week 1,29 Jul 2008,1.03626,1.03737
Week 2,05 Aug 2008,1.04885,1.04991
Week 3,12 Aug 2008,1.07750,1.07861
Week 4,19 Aug 2008,1.08924,1.09027

Week 1,26 Aug 2008,1.10286,1.10397
Week 2,02 Sep 2008,1.13122,1.13244
Week 3,09 Sep 2008,1.15309,1.15436
Week 4,16 Sep 2008,1.16023,1.16169

Week 1,23 Sep 2008,1.15575,1.15712
Week 2,30 Sep 2008,1.18823,1.18975
Week 3,07 Oct 2008,1.28674,1.28981
Week 4,14 Oct 2008,1.23955,1.24217

Week 1,21 Oct 2008,1.22635,1.22881
Week 2,28 Oct 2008,1.23828,1.24158
Week 3,04 Nov 2008,1.24711,1.24953
Week 4,11 Nov 2008,1.24873,1.25128

Week 1,18 Nov 2008,1.25116,1.25317
Week 2,25 Nov 2008,1.24166,1.24397
Week 3,02 Dec 2008,1.22964,1.23150
Week 4,09 Dec 2008,1.21036,1.21187

Week 1,16 Dec 2008,1.20284,1.20499
Week 2,23 Dec 2008,1.20022,1.20324
Week 3,30 Dec 2008,1.17404,1.17707
Week 4,06 Jan 2009,1.18299,1.18467

Week 1,13 Jan 2009,1.20504,1.20666
Week 2,20 Jan 2009,1.21649,1.21815
Week 3,27 Jan 2009,1.25201,1.25381
Week 4,03 Feb 2009,1.24296,1.24467

Week 1,10 Feb 2009,1.22564,1.22731
Week 2,17 Feb 2009,1.23783,1.23949
Week 3,24 Feb 2009,1.23183,1.23344
Week 4,03 Mar 2009,1.21577,1.21702

Week 1,10 Mar 2009,1.20149,1.20303
Week 2,17 Mar 2009,1.18198,1.18353
Week 3,24 Mar 2009,1.16147,1.16297
Week 4,31 Mar 2009,1.14206,1.14349

Week 1,07 Apr 2009,1.13460,1.13603
Week 2,14 Apr 2009,1.13814,1.13955
Week 3,21 Apr 2009,1.14415,1.14546
Week 4,28 Apr 2009,1.15298,1.15438

Week 1,05 May 2009,1.13883,1.14019
Week 2,12 May 2009,1.12972,1.13104
Week 3,19 May 2009,1.13076,1.13206
Week 4,26 May 2009,1.14210,1.14340

Week 1,02 Jun 2009,1.12822,1.12954
Week 2,09 Jun 2009,1.11464,1.11596
Week 3,16 Jun 2009,1.10268,1.10402
Week 4,23 Jun 2009,1.08509,1.08634

Week 1,30 Jun 2009,1.07651,1.07776
Week 2,07 Jul 2009,1.09528,1.09654
Week 3,14 Jul 2009,1.11315,1.11455
Week 4,21 Jul 2009,1.11814,1.11943

Week 1,28 Jul 2009,1.11672,1.11804
Week 2,04 Aug 2009,1.10667,1.10793
Week 3,11 Aug 2009,1.09561,1.09686
Week 4,18 Aug 2009,1.10218,1.10347

Week 1,25 Aug 2009,1.09692,1.09811
Week 2,01 Sep 2009,1.08330,1.08453
Week 3,08 Sep 2009,1.07691,1.07808
Week 4,15 Sep 2009,1.07526,1.07641

Week 1,22 Sep 2009,1.06410,1.06528
Week 2,29 Sep 2009,1.06109,1.06213
Week 3,06 Oct 2009,1.05837,1.05950
Week 4,13 Oct 2009,1.05815,1.05921

Week 1,20 Oct 2009,1.03413,1.03510
Week 2,27 Oct 2009,1.02508,1.02607
Week 3,03 Nov 2009,1.02469,1.02571
Week 4,10 Nov 2009,1.02042,1.02138

Week 1,17 Nov 2009,1.02109,1.02206
Week 2,24 Nov 2009,1.03125,1.03224
Week 3,01 Dec 2009,1.03126,1.03223
Week 4,08 Dec 2009,1.03670,1.03769

Week 1,15 Dec 2009,1.04662,1.04763
Week 2,22 Dec 2009,1.07507,1.07639
Week 3,29 Dec 2009,1.06390,1.06564
Week 4,05 Jan 2010,1.05303,1.05405

Week 1,12 Jan 2010,1.04760,1.04859
Week 2,19 Jan 2010,1.05048,1.05148
Week 3,26 Jan 2010,1.04989,1.05085
Week 4,02 Feb 2010,1.06916,1.07016

Week 1,09 Feb 2010,1.07146,1.07242
Week 2,16 Feb 2010,1.06754,1.06876
Week 3,23 Feb 2010,1.06288,1.06405
Week 4,02 Mar 2010,1.07014,1.07132

Week 1,09 Mar 2010,1.06796,1.06914
Week 2,16 Mar 2010,1.07263,1.07382
Week 3,23 Mar 2010,1.07441,1.07549
Week 4,30 Mar 2010,1.07323,1.07442

Week 1,06 Apr 2010,1.07382,1.07503
Week 2,13 Apr 2010,1.07029,1.07148
Week 3,20 Apr 2010,1.07616,1.07707
Week 4,27 Apr 2010,1.06943,1.07063

Week 1,04 May 2010,1.07283,1.07408
Week 2,11 May 2010,1.09004,1.09127
Week 3,18 May 2010,1.12489,1.12619
Week 4,25 May 2010,1.12737,1.12871

Week 1,01 Jun 2010,1.13947,1.14081
Week 2,08 Jun 2010,1.14716,1.14849
Week 3,15 Jun 2010,1.12574,1.12685
Week 4,22 Jun 2010,1.10806,1.10933

Week 1,29 Jun 2010,1.11497,1.11627
Week 2,06 Jul 2010,1.10578,1.10714
Week 3,13 Jul 2010,1.09549,1.09675
Week 4,20 Jul 2010,1.08207,1.08330

Week 1,27 Jul 2010,1.07473,1.07598
Week 2,03 Aug 2010,1.06762,1.06883
Week 3,10 Aug 2010,1.06761,1.06882
Week 4,17 Aug 2010,1.07223,1.07378

Week 1,24 Aug 2010,1.06314,1.06433
Week 2,31 Aug 2010,1.04998,1.05127
Week 3,07 Sep 2010,1.04572,1.04698
Week 4,14 Sep 2010,1.03654,1.03766

Week 1,21 Sep 2010,1.01961,1.02074
Week 2,28 Sep 2010,1.00625,1.00736
Week 3,05 Oct 2010,1.00716,1.00825
Week 4,12 Oct 2010,1.00149,1.00258

Week 1,19 Oct 2010,0.99284,0.99391
Week 2,26 Oct 2010,0.99581,0.99686
Week 3,02 Nov 2010,0.98802,0.98893
Week 4,09 Nov 2010,0.99475,0.99565

Week 1,16 Nov 2010,0.99835,0.99925
Week 2,23 Nov 2010,1.00701,1.00794
Week 3,30 Nov 2010,1.01299,1.01391
Week 4,07 Dec 2010,1.00528,1.00620

Week 1,14 Dec 2010,1.00062,1.00153
Week 2,21 Dec 2010,0.98772,0.98876
Week 3,28 Dec 2010,0.98402,0.98499
Week 4,04 Jan 2011,1.00270,1.00362

Week 1,11 Jan 2011,1.01804,1.01898
Week 2,18 Jan 2011,1.01436,1.01529
Week 3,25 Jan 2011,1.00859,1.00950
Week 4,01 Feb 2011,0.99915,1.00005

Week 1,08 Feb 2011,1.00123,1.00214
Week 2,15 Feb 2011,1.00617,1.00708
Week 3,22 Feb 2011,1.00649,1.00743
Week 4,01 Mar 2011,1.01192,1.01276

Week 1,08 Mar 2011,1.01762,1.01856
Week 2,15 Mar 2011,1.02253,1.02352
Week 3,22 Mar 2011,1.00446,1.00537
Week 4,29 Mar 2011,0.99751,0.99842

Week 1,05 Apr 2011,0.99578,0.99698
Week 2,12 Apr 2011,0.98915,0.99007
Week 3,19 Apr 2011,0.98137,0.98228
Week 4,26 Apr 2011,0.96861,0.96950

Week 1,03 May 2011,0.96687,0.96777
Week 2,10 May 2011,0.97053,0.97142
Week 3,17 May 2011,0.96747,0.96835
Week 4,24 May 2011,0.96388,0.96475

Week 1,31 May 2011,0.95812,0.95898
Week 2,07 Jun 2011,0.96168,0.96256
Week 3,14 Jun 2011,0.96395,0.96482
Week 4,21 Jun 2011,0.96700,0.96788

Week 1,28 Jun 2011,0.96734,0.96822
Week 2,05 Jul 2011,0.96804,0.96892
Week 3,12 Jul 2011,0.97557,0.97648
Week 4,19 Jul 2011,0.97778,0.97867

Week 1,26 Jul 2011,0.95945,0.96031
Week 2,02 Aug 2011,0.96694,0.96860
Week 3,09 Aug 2011,0.98233,0.98327
Week 4,16 Aug 2011,0.97074,0.97162

Week 1,23 Aug 2011,0.96587,0.96674
Week 2,30 Aug 2011,0.95629,0.95714
Week 3,06 Sep 2011,0.95672,0.95757
Week 4,13 Sep 2011,0.98102,0.98193

Week 1,20 Sep 2011,0.98925,0.99037
Week 2,27 Sep 2011,0.98762,0.98853
Week 3,04 Oct 2011,0.98933,0.99024
Week 4,11 Oct 2011,0.96642,0.96727

Week 1,18 Oct 2011,0.95918,0.96004
Week 2,25 Oct 2011,0.94694,0.94778
Week 3,01 Nov 2011,0.94940,0.95026
Week 4,08 Nov 2011,0.95925,0.96010

Week 1,15 Nov 2011,0.96740,0.96827
Week 2,22 Nov 2011,0.98073,0.98161
Week 3,29 Nov 2011,0.96460,0.96544
Week 4,06 Dec 2011,0.96212,0.96296

Week 1,13 Dec 2011,0.96652,0.96734
Week 2,20 Dec 2011,0.96560,0.96645
Week 3,27 Dec 2011,0.96313,0.96412
Week 4,03 Jan 2012,0.95429,0.95525

Week 1,10 Jan 2012,0.95028,0.95109
Week 2,17 Jan 2012,0.94661,0.94740
Week 3,24 Jan 2012,0.93932,0.94012
Week 4,31 Jan 2012,0.93640,0.93719

Week 1,07 Feb 2012,0.93315,0.93393
Week 2,14 Feb 2012,0.93396,0.93490
Week 3,21 Feb 2012,0.93669,0.93747
Week 4,28 Feb 2012,0.93742,0.93820

Week 1,06 Mar 2012,0.94822,0.94900
Week 2,13 Mar 2012,0.95652,0.95733
Week 3,20 Mar 2012,0.95904,0.95986
Week 4,27 Mar 2012,0.96325,0.96424

Week 1,03 Apr 2012,0.97307,0.97392
Week 2,10 Apr 2012,0.96711,0.96795
Week 3,17 Apr 2012,0.97057,0.97148
Week 4,24 Apr 2012,0.97708,0.97802

Week 1,01 May 2012,0.98193,0.98303
Week 2,08 May 2012,0.99138,0.99247
Week 3,15 May 2012,0.99578,0.99666
Week 4,22 May 2012,0.99615,0.99702

Week 1,29 May 2012,0.99300,0.99397
Week 2,05 Jun 2012,0.98334,0.98434
Week 3,12 Jun 2012,0.97559,0.97642
Week 4,19 Jun 2012,0.96649,0.96733

Week 1,26 Jun 2012,0.96507,0.96591
Week 2,03 Jul 2012,0.95988,0.96042
Week 3,10 Jul 2012,0.96260,0.96313
Week 4,17 Jul 2012,0.95511,0.95560

Week 1,24 Jul 2012,0.95314,0.95366
Week 2,31 Jul 2012,0.94801,0.94851
Week 3,07 Aug 2012,0.95097,0.95146
Week 4,14 Aug 2012,0.96384,0.96436

Week 1,21 Aug 2012,0.96624,0.96677
Week 2,28 Aug 2012,0.97740,0.97793
Week 3,04 Sep 2012,0.98742,0.98800
Week 4,11 Sep 2012,0.98056,0.98113

Week 1,18 Sep 2012,0.97988,0.98050
Week 2,25 Sep 2012,0.97927,0.97980
Week 3,02 Oct 2012,0.99358,0.99413
Week 4,09 Oct 2012,0.99839,0.99894

Week 1,16 Oct 2012,0.98272,0.98324
Week 2,23 Oct 2012,0.97204,0.97254
Week 3,30 Oct 2012,0.96687,0.96737
Week 4,06 Nov 2012,0.96364,0.96414

Week 1,13 Nov 2012,0.96257,0.96306
Week 2,20 Nov 2012,0.96449,0.96498
Week 3,27 Nov 2012,0.96352,0.96402
Week 4,04 Dec 2012,0.96355,0.96402

Week 1,11 Dec 2012,0.96283,0.96330
Week 2,18 Dec 2012,0.96517,0.96581
Week 3,25 Dec 2012,0.96959,0.97004
Week 4,01 Jan 2013,0.96695,0.96752

Week 1,08 Jan 2013,0.96355,0.96416
Week 2,15 Jan 2013,0.96100,0.96154
Week 3,22 Jan 2013,0.95398,0.95446
Week 4,29 Jan 2013,0.95844,0.95891

Week 1,05 Feb 2013,0.96723,0.96792
Week 2,12 Feb 2013,0.96511,0.96564
Week 3,19 Feb 2013,0.95438,0.95492
Week 4,26 Feb 2013,0.95191,0.95238

Week 1,05 Mar 2013,0.94962,0.95020
Week 2,12 Mar 2013,0.94409,0.94458
Week 3,19 Mar 2013,0.93802,0.93851
Week 4,26 Mar 2013,0.94076,0.94143

Week 1,02 Apr 2013,0.94422,0.94516
Week 2,09 Apr 2013,0.93907,0.93998
Week 3,16 Apr 2013,0.94488,0.94544
Week 4,23 Apr 2013,0.95168,0.95265

Week 1,30 Apr 2013,0.96045,0.96113
Week 2,07 May 2013,0.97927,0.98009
Week 3,14 May 2013,0.99589,0.99682
Week 4,21 May 2013,0.99795,0.99921

Week 1,28 May 2013,1.00392,1.00505
Week 2,04 Jun 2013,1.01660,1.01743
Week 3,11 Jun 2013,1.03156,1.03242
Week 4,18 Jun 2013,1.03605,1.03737

Week 1,25 Jun 2013,1.03247,1.03352
Week 2,02 Jul 2013,1.03933,1.04072
Week 3,09 Jul 2013,1.04836,1.04914
Week 4,16 Jul 2013,1.04869,1.04964

Week 1,23 Jul 2013,1.05018,1.05146
Week 2,30 Jul 2013,1.07490,1.07591
Week 3,06 Aug 2013,1.06549,1.06676
Week 4,13 Aug 2013,1.05726,1.05819

Week 1,20 Aug 2013,1.05672,1.05801
Week 2,27 Aug 2013,1.06236,1.06358
Week 3,03 Sep 2013,1.04635,1.04770
Week 4,10 Sep 2013,1.04341,1.04418

Week 1,17 Sep 2013,1.03447,1.03509
Week 2,24 Sep 2013,1.03616,1.03710
Week 3,01 Oct 2013,1.03182,1.03255
Week 4,08 Oct 2013,1.02123,1.02212

Week 1,15 Oct 2013,1.01026,1.01101
Week 2,22 Oct 2013,1.00038,1.00137
Week 3,29 Oct 2013,1.00915,1.00984
Week 4,05 Nov 2013,1.01190,1.01239

Week 1,12 Nov 2013,1.02208,1.02292
Week 2,19 Nov 2013,1.02658,1.02771
Week 3,26 Nov 2013,1.03595,1.03667
Week 4,03 Dec 2013,1.03317,1.03421

Week 1,10 Dec 2013,1.04336,1.04408
Week 2,17 Dec 2013,1.05491,1.05595
Week 3,24 Dec 2013,1.05429,1.05507
Week 4,31 Dec 2013,1.05204,1.05297

Week 1,07 Jan 2014,1.03452,1.03535
Week 2,14 Jan 2014,1.02936,1.03030
Week 3,21 Jan 2014,1.03285,1.03377
Week 4,28 Jan 2014,1.02508,1.02621

Week 1,04 Feb 2014,1.01413,1.01477
Week 2,11 Feb 2014,1.00866,1.00984
Week 3,18 Feb 2014,1.00489,1.00597
Week 4,25 Feb 2014,1.00514,1.00609

Week 1,04 Mar 2014,1.00213,1.00311
Week 2,11 Mar 2014,0.99789,0.99883
Week 3,18 Mar 2014,0.98553,0.98633
Week 4,25 Mar 2014,0.97713,0.97765

Week 1,01 Apr 2014,0.97997,0.98048
Week 2,08 Apr 2014,0.97497,0.97557
Week 3,15 Apr 2014,0.97085,0.97198
Week 4,22 Apr 2014,0.97469,0.97538

Week 1,29 Apr 2014,0.98181,0.98228
Week 2,06 May 2014,0.98164,0.98237
Week 3,13 May 2014,0.98081,0.98164
Week 4,20 May 2014,0.99219,0.99271

Week 1,27 May 2014,0.99288,0.99356
Week 2,03 Jun 2014,0.98463,0.98522
Week 3,10 Jun 2014,0.97891,0.97987
Week 4,17 Jun 2014,0.98495,0.98572

Week 1,24 Jun 2014,0.99204,0.99312
Week 2,01 Jul 2014,0.99835,0.99891
Week 3,08 Jul 2014,0.99637,0.99708
Week 4,15 Jul 2014,0.99242,0.99308

Week 1,22 Jul 2014,0.98735,0.98814
Week 2,29 Jul 2014,0.98364,0.98442
Week 3,05 Aug 2014,0.98261,0.98313
Week 4,12 Aug 2014,0.98455,0.98534

Week 1,19 Aug 2014,0.98199,0.98268
Week 2,26 Aug 2014,0.98277,0.98355
Week 3,02 Sep 2014,0.98263,0.98321
Week 4,09 Sep 2014,0.99221,0.99282

Week 1,16 Sep 2014,1.01246,1.01305
Week 2,23 Sep 2014,1.02150,1.02229
Week 3,30 Sep 2014,1.02405,1.02478
Week 4,07 Oct 2014,1.02212,1.02306

Week 1,14 Oct 2014,1.01433,1.01520
Week 2,21 Oct 2014,1.01199,1.01303
Week 3,28 Oct 2014,1.01039,1.01108
Week 4,04 Nov 2014,1.01656,1.01766

Week 1,11 Nov 2014,1.01373,1.01480
Week 2,18 Nov 2014,1.02098,1.02187
Week 3,25 Nov 2014,1.03255,1.03353
Week 4,02 Dec 2014,1.04455,1.04566

Week 1,09 Dec 2014,1.04898,1.05014
Week 2,16 Dec 2014,1.05268,1.05332
Week 3,23 Dec 2014,1.05887,1.05999
Week 4,30 Dec 2014,1.05262,1.05335

Week 1,06 Jan 2015,1.03935,1.04027
Week 2,13 Jan 2015,1.01984,1.02123
Week 3,20 Jan 2015,1.01191,1.01336
Week 4,27 Jan 2015,1.01263,1.01405

Week 1,03 Feb 2015,1.02424,1.02545
Week 2,10 Feb 2015,1.02945,1.03089
Week 3,17 Feb 2015,1.02556,1.02663
Week 4,24 Feb 2015,1.02119,1.02243

Week 1,03 Mar 2015,1.02602,1.02693
Week 2,10 Mar 2015,1.02793,1.02873
Week 3,17 Mar 2015,1.02451,1.02576
Week 4,24 Mar 2015,1.02009,1.02101

Week 1,31 Mar 2015,1.04106,1.04237
Week 2,07 Apr 2015,1.03963,1.04058
Week 3,14 Apr 2015,1.04909,1.05051
Week 4,21 Apr 2015,1.05260,1.05394

Week 1,28 Apr 2015,1.04583,1.04664
Week 2,05 May 2015,1.04468,1.04548
Week 3,12 May 2015,1.03758,1.03855
Week 4,19 May 2015,1.03623,1.03763

Week 1,26 May 2015,1.04418,1.04530
Week 2,02 Jun 2015,1.04427,1.04562
Week 3,09 Jun 2015,1.05085,1.05211
Week 4,16 Jun 2015,1.04948,1.05071

Week 1,23 Jun 2015,1.05202,1.05306
Week 2,30 Jun 2015,1.04954,1.05119
Week 3,07 Jul 2015,1.05705,1.05869
Week 4,14 Jul 2015,1.04869,1.04946

Week 1,21 Jul 2015,1.04582,1.04690
Week 2,28 Jul 2015,1.05132,1.05266
Week 3,04 Aug 2015,1.03250,1.03324
Week 4,11 Aug 2015,1.03826,1.03950

Week 1,18 Aug 2015,1.03778,1.03921
Week 2,25 Aug 2015,1.05309,1.05391
Week 3,01 Sep 2015,1.07750,1.07888
Week 4,08 Sep 2015,1.07234,1.07336

Week 1,15 Sep 2015,1.05540,1.05648
Week 2,22 Sep 2015,1.06540,1.06695
Week 3,29 Sep 2015,1.07125,1.07212
Week 4,06 Oct 2015,1.06331,1.06409

Week 1,13 Oct 2015,1.05894,1.06069
Week 2,20 Oct 2015,1.05596,1.05731
Week 3,27 Oct 2015,1.06210,1.06290
Week 4,03 Nov 2015,1.06537,1.06600

Week 1,10 Nov 2015,1.06031,1.06106
Week 2,17 Nov 2015,1.04684,1.04828
Week 3,24 Nov 2015,1.03880,1.03959
Week 4,01 Dec 2015,1.02452,1.02529

Week 1,08 Dec 2015,1.01483,1.01563
Week 2,15 Dec 2015,1.00473,1.00551
Week 3,22 Dec 2015,0.99436,0.99510
Week 4,29 Dec 2015,0.99038,0.99083

Week 1,05 Jan 2016,1.00624,1.00692
Week 2,12 Jan 2016,1.00308,1.00388
Week 3,19 Jan 2016,1.00246,1.00313
Week 4,26 Jan 2016,1.00768,1.00844

Week 1,02 Feb 2016,1.01242,1.01334
Week 2,09 Feb 2016,1.01490,1.01584
Week 3,16 Feb 2016,1.01608,1.01679
Week 4,23 Feb 2016,1.02085,1.02158

Week 1,01 Mar 2016,1.02058,1.02146
Week 2,08 Mar 2016,1.00397,1.00481
Week 3,15 Mar 2016,1.00634,1.00724
Week 4,22 Mar 2016,1.00487,1.00585

Week 1,29 Mar 2016,1.00249,1.00334
Week 2,05 Apr 2016,1.01095,1.01185
Week 3,12 Apr 2016,1.01390,1.01480
Week 4,19 Apr 2016,1.01464,1.01539

Week 1,26 Apr 2016,1.03817,1.03874
Week 2,03 May 2016,1.04751,1.04810
Week 3,10 May 2016,1.05787,1.05869
Week 4,17 May 2016,1.05804,1.05867

Week 1,24 May 2016,1.06304,1.06380
Week 2,31 May 2016,1.05518,1.05586
Week 3,07 Jun 2016,1.05643,1.05713
Week 4,14 Jun 2016,1.05099,1.05184

Week 1,21 Jun 2016,1.03735,1.03875
Week 2,28 Jun 2016,1.03505,1.03629
Week 3,05 Jul 2016,1.02432,1.02520
Week 4,12 Jul 2016,1.01280,1.01370

Week 1,19 Jul 2016,1.02053,1.02139
Week 2,26 Jul 2016,1.01045,1.01133
Week 3,02 Aug 2016,1.00289,1.00367
Week 4,09 Aug 2016,0.99950,1.00014

Week 1,16 Aug 2016,1.01476,1.01544
Week 2,23 Aug 2016,1.01548,1.01637
Week 3,30 Aug 2016,1.01488,1.01565
Week 4,06 Sep 2016,1.01432,1.01511

Week 1,13 Sep 2016,1.01273,1.01342
Week 2,20 Sep 2016,1.00060,1.00147
Week 3,27 Sep 2016,0.99267,0.99342
Week 4,04 Oct 2016,0.99382,0.99440

Week 1,11 Oct 2016,0.99815,0.99901
Week 2,18 Oct 2016,0.99092,0.99156
Week 3,25 Oct 2016,0.98149,0.98222
Week 4,01 Nov 2016,0.97449,0.97520

Week 1,08 Nov 2016,0.97398,0.97483
Week 2,15 Nov 2016,0.99439,0.99527
Week 3,22 Nov 2016,1.00087,1.00176
Week 4,29 Nov 2016,1.00397,1.00484

Week 1,06 Dec 2016,1.01331,1.01409
Week 2,13 Dec 2016,1.01987,1.02070
Week 3,20 Dec 2016,1.02872,1.02959
Week 4,27 Dec 2016,1.02825,1.02942

Week 1,03 Jan 2017,1.03192,1.03310
Week 2,10 Jan 2017,1.02094,1.02170
Week 3,17 Jan 2017,1.00291,1.00371
Week 4,24 Jan 2017,1.00515,1.00601

Week 1,31 Jan 2017,1.00445,1.00530
Week 2,07 Feb 2017,0.99619,0.99691
Week 3,14 Feb 2017,0.99576,0.99660
Week 4,21 Feb 2017,0.99185,0.99298

Week 1,28 Feb 2017,0.98466,0.98533
Week 2,07 Mar 2017,0.98371,0.98437
Week 3,14 Mar 2017,0.97694,0.97778
Week 4,21 Mar 2017,0.97702,0.97753

Week 1,28 Mar 2017,0.98094,0.98150
Week 2,04 Apr 2017,0.98814,0.98924
Week 3,11 Apr 2017,0.99493,0.99582
Week 4,18 Apr 2017,0.98628,0.98739

Week 1,25 Apr 2017,0.97975,0.98050
Week 2,02 May 2017,0.97942,0.98041
Week 3,09 May 2017,0.98877,0.98954
Week 4,16 May 2017,0.98983,0.99038

Week 1,23 May 2017,0.99442,0.99528
Week 2,30 May 2017,0.99776,0.99834
Week 3,06 Jun 2017,0.98631,0.98707
Week 4,13 Jun 2017,0.99350,0.99435

Week 1,20 Jun 2017,0.99539,0.99603
Week 2,27 Jun 2017,1.00024,1.00109
Week 3,04 Jul 2017,1.01481,1.01551
Week 4,11 Jul 2017,1.01436,1.01483

Week 1,18 Jul 2017,1.00411,1.00455
Week 2,25 Jul 2017,1.00544,1.00603
Week 3,01 Aug 2017,0.99933,1.00047
Week 4,08 Aug 2017,0.99806,0.99870

Week 1,15 Aug 2017,1.00042,1.00096
Week 2,22 Aug 2017,1.00762,1.00809
Week 3,29 Aug 2017,1.00777,1.00857
Week 4,05 Sep 2017,1.01799,1.01863

Week 1,12 Sep 2017,1.02543,1.02612
Week 2,19 Sep 2017,1.01849,1.01894
Week 3,26 Sep 2017,1.02280,1.02352
Week 4,03 Oct 2017,1.02345,1.02417

Week 1,10 Oct 2017,1.02266,1.02340
Week 2,17 Oct 2017,1.01637,1.01687
Week 3,24 Oct 2017,1.01543,1.01594
Week 4,31 Oct 2017,1.01680,1.01731

Week 1,07 Nov 2017,1.02574,1.02629
Week 2,14 Nov 2017,1.03251,1.03313
Week 3,21 Nov 2017,1.03273,1.03347
Week 4,28 Nov 2017,1.03027,1.03080

Week 1,05 Dec 2017,1.03592,1.03624


