CAD->SAR

Week 1,01 Dec 1998,2.44693,2.44886
Week 2,08 Dec 1998,2.43235,2.43578
Week 3,15 Dec 1998,2.43056,2.43337
Week 4,22 Dec 1998,2.41702,2.41904

Week 1,29 Dec 1998,2.43938,2.44149
Week 2,05 Jan 1999,2.47885,2.48083
Week 3,12 Jan 1999,2.46039,2.46325
Week 4,19 Jan 1999,2.46611,2.47156

Week 1,26 Jan 1999,2.47405,2.47614
Week 2,02 Feb 1999,2.50504,2.50729
Week 3,09 Feb 1999,2.51263,2.51494
Week 4,16 Feb 1999,2.51359,2.51559

Week 1,23 Feb 1999,2.48973,2.49185
Week 2,02 Mar 1999,2.46522,2.46722
Week 3,09 Mar 1999,2.46224,2.46444
Week 4,16 Mar 1999,2.46807,2.47002

Week 1,23 Mar 1999,2.48302,2.48537
Week 2,30 Mar 1999,2.49543,2.49741
Week 3,06 Apr 1999,2.49906,2.50124
Week 4,13 Apr 1999,2.52332,2.52547

Week 1,20 Apr 1999,2.53160,2.53356
Week 2,27 Apr 1999,2.55905,2.56109
Week 3,04 May 1999,2.57580,2.57802
Week 4,11 May 1999,2.56743,2.56938

Week 1,18 May 1999,2.56454,2.56634
Week 2,25 May 1999,2.55005,2.55179
Week 3,01 Jun 1999,2.54221,2.54403
Week 4,08 Jun 1999,2.55996,2.56163

Week 1,15 Jun 1999,2.56319,2.56488
Week 2,22 Jun 1999,2.55329,2.55503
Week 3,29 Jun 1999,2.55415,2.55579
Week 4,06 Jul 1999,2.54851,2.55031

Week 1,13 Jul 1999,2.52825,2.52982
Week 2,20 Jul 1999,2.49424,2.49584
Week 3,27 Jul 1999,2.48559,2.48721
Week 4,03 Aug 1999,2.50080,2.50281

Week 1,10 Aug 1999,2.52459,2.52636
Week 2,17 Aug 1999,2.51529,2.51693
Week 3,24 Aug 1999,2.51032,2.51207
Week 4,31 Aug 1999,2.51385,2.51541

Week 1,07 Sep 1999,2.53364,2.53529
Week 2,14 Sep 1999,2.54447,2.54609
Week 3,21 Sep 1999,2.54636,2.54805
Week 4,28 Sep 1999,2.55362,2.55550

Week 1,05 Oct 1999,2.54991,2.55178
Week 2,12 Oct 1999,2.52613,2.52779
Week 3,19 Oct 1999,2.52932,2.53106
Week 4,26 Oct 1999,2.54806,2.54987

Week 1,02 Nov 1999,2.55830,2.56034
Week 2,09 Nov 1999,2.55720,2.55899
Week 3,16 Nov 1999,2.56025,2.56217
Week 4,23 Nov 1999,2.55421,2.55615

Week 1,30 Nov 1999,2.53604,2.53807
Week 2,07 Dec 1999,2.53823,2.54035
Week 3,14 Dec 1999,2.53530,2.53712
Week 4,21 Dec 1999,2.54797,2.54992

Week 1,28 Dec 1999,2.58382,2.58604
Week 2,04 Jan 2000,2.57878,2.58058
Week 3,11 Jan 2000,2.58155,2.58326
Week 4,18 Jan 2000,2.59288,2.59482

Week 1,25 Jan 2000,2.60069,2.60236
Week 2,01 Feb 2000,2.59921,2.60114
Week 3,08 Feb 2000,2.58981,2.59171
Week 4,15 Feb 2000,2.58134,2.58321

Week 1,22 Feb 2000,2.57843,2.58037
Week 2,29 Feb 2000,2.58344,2.58526
Week 3,07 Mar 2000,2.57401,2.57596
Week 4,14 Mar 2000,2.55372,2.55567

Week 1,21 Mar 2000,2.55589,2.55784
Week 2,28 Mar 2000,2.57919,2.58103
Week 3,04 Apr 2000,2.57916,2.58104
Week 4,11 Apr 2000,2.55148,2.55297

Week 1,18 Apr 2000,2.53862,2.54054
Week 2,25 Apr 2000,2.53885,2.54078
Week 3,02 May 2000,2.51774,2.51963
Week 4,09 May 2000,2.51787,2.51976

Week 1,16 May 2000,2.50914,2.51102
Week 2,23 May 2000,2.49246,2.49420
Week 3,30 May 2000,2.51805,2.51994
Week 4,06 Jun 2000,2.53904,2.54097

Week 1,13 Jun 2000,2.55048,2.55242
Week 2,20 Jun 2000,2.53938,2.54130
Week 3,27 Jun 2000,2.53129,2.53321
Week 4,04 Jul 2000,2.52722,2.52901

Week 1,11 Jul 2000,2.52958,2.53136
Week 2,18 Jul 2000,2.54298,2.54475
Week 3,25 Jul 2000,2.54818,2.55002
Week 4,01 Aug 2000,2.52177,2.52366

Week 1,08 Aug 2000,2.52595,2.52776
Week 2,15 Aug 2000,2.53573,2.53781
Week 3,22 Aug 2000,2.52899,2.53091
Week 4,29 Aug 2000,2.53926,2.54107

Week 1,05 Sep 2000,2.53823,2.54009
Week 2,12 Sep 2000,2.52815,2.53005
Week 3,19 Sep 2000,2.52197,2.52385
Week 4,26 Sep 2000,2.50509,2.50744

Week 1,03 Oct 2000,2.49535,2.49769
Week 2,10 Oct 2000,2.48999,2.49186
Week 3,17 Oct 2000,2.47601,2.47795
Week 4,24 Oct 2000,2.46367,2.46563

Week 1,31 Oct 2000,2.44908,2.45086
Week 2,07 Nov 2000,2.43379,2.43561
Week 3,14 Nov 2000,2.41419,2.41577
Week 4,21 Nov 2000,2.42625,2.42805

Week 1,28 Nov 2000,2.43243,2.43416
Week 2,05 Dec 2000,2.45479,2.45662
Week 3,12 Dec 2000,2.46413,2.46605
Week 4,19 Dec 2000,2.46541,2.46752

Week 1,26 Dec 2000,2.49033,2.49262
Week 2,02 Jan 2001,2.50259,2.50469
Week 3,09 Jan 2001,2.50267,2.50469
Week 4,16 Jan 2001,2.48354,2.48546

Week 1,23 Jan 2001,2.48768,2.48948
Week 2,30 Jan 2001,2.50238,2.50444
Week 3,06 Feb 2001,2.48288,2.48480
Week 4,13 Feb 2001,2.44800,2.45003

Week 1,20 Feb 2001,2.43881,2.44054
Week 2,27 Feb 2001,2.43525,2.43687
Week 3,06 Mar 2001,2.42422,2.42600
Week 4,13 Mar 2001,2.40368,2.40540

Week 1,20 Mar 2001,2.39127,2.39315
Week 2,27 Mar 2001,2.38863,2.39046
Week 3,03 Apr 2001,2.38616,2.38796
Week 4,10 Apr 2001,2.40130,2.40303

Week 1,17 Apr 2001,2.41400,2.41571
Week 2,24 Apr 2001,2.42560,2.42742
Week 3,01 May 2001,2.44382,2.44549
Week 4,08 May 2001,2.42543,2.42724

Week 1,15 May 2001,2.43678,2.43861
Week 2,22 May 2001,2.42735,2.42914
Week 3,29 May 2001,2.43551,2.43732
Week 4,05 Jun 2001,2.45879,2.46053

Week 1,12 Jun 2001,2.46402,2.46570
Week 2,19 Jun 2001,2.45320,2.45486
Week 3,26 Jun 2001,2.47080,2.47262
Week 4,03 Jul 2001,2.47241,2.47399

Week 1,10 Jul 2001,2.45289,2.45449
Week 2,17 Jul 2001,2.43360,2.43516
Week 3,24 Jul 2001,2.44096,2.44270
Week 4,31 Jul 2001,2.44756,2.44904

Week 1,07 Aug 2001,2.44007,2.44169
Week 2,14 Aug 2001,2.43754,2.43909
Week 3,21 Aug 2001,2.43001,2.43147
Week 4,28 Aug 2001,2.42443,2.42564

Week 1,04 Sep 2001,2.40228,2.40377
Week 2,11 Sep 2001,2.39604,2.39787
Week 3,18 Sep 2001,2.38721,2.38858
Week 4,25 Sep 2001,2.38085,2.38250

Week 1,02 Oct 2001,2.39330,2.39478
Week 2,09 Oct 2001,2.39689,2.39866
Week 3,16 Oct 2001,2.38687,2.38835
Week 4,23 Oct 2001,2.37985,2.38124

Week 1,30 Oct 2001,2.36216,2.36366
Week 2,06 Nov 2001,2.34501,2.34631
Week 3,13 Nov 2001,2.35452,2.35599
Week 4,20 Nov 2001,2.34653,2.34807

Week 1,27 Nov 2001,2.36961,2.37092
Week 2,04 Dec 2001,2.38117,2.38245
Week 3,11 Dec 2001,2.39234,2.39374
Week 4,18 Dec 2001,2.37586,2.37676

Week 1,25 Dec 2001,2.35111,2.35235
Week 2,01 Jan 2002,2.35034,2.35163
Week 3,08 Jan 2002,2.34788,2.34891
Week 4,15 Jan 2002,2.33650,2.33777

Week 1,22 Jan 2002,2.33146,2.33239
Week 2,29 Jan 2002,2.35521,2.35596
Week 3,05 Feb 2002,2.34460,2.34601
Week 4,12 Feb 2002,2.35698,2.35788

Week 1,19 Feb 2002,2.35354,2.35483
Week 2,26 Feb 2002,2.34333,2.34464
Week 3,05 Mar 2002,2.36375,2.36498
Week 4,12 Mar 2002,2.36273,2.36357

Week 1,19 Mar 2002,2.37327,2.37433
Week 2,26 Mar 2002,2.35367,2.35464
Week 3,02 Apr 2002,2.35516,2.35620
Week 4,09 Apr 2002,2.35830,2.35927

Week 1,16 Apr 2002,2.37846,2.37933
Week 2,23 Apr 2002,2.39415,2.39511
Week 3,30 Apr 2002,2.39785,2.39864
Week 4,07 May 2002,2.39831,2.39894

Week 1,14 May 2002,2.41608,2.41714
Week 2,21 May 2002,2.44184,2.44291
Week 3,28 May 2002,2.44662,2.44832
Week 4,04 Jun 2002,2.44733,2.44910

Week 1,11 Jun 2002,2.43220,2.43409
Week 2,18 Jun 2002,2.44757,2.44885
Week 3,25 Jun 2002,2.47098,2.47222
Week 4,02 Jul 2002,2.45873,2.46039

Week 1,09 Jul 2002,2.45684,2.45816
Week 2,16 Jul 2002,2.43188,2.43325
Week 3,23 Jul 2002,2.37688,2.37897
Week 4,30 Jul 2002,2.36947,2.37079

Week 1,06 Aug 2002,2.37428,2.37566
Week 2,13 Aug 2002,2.39956,2.40075
Week 3,20 Aug 2002,2.40158,2.40261
Week 4,27 Aug 2002,2.40687,2.40823

Week 1,03 Sep 2002,2.40206,2.40316
Week 2,10 Sep 2002,2.37664,2.37768
Week 3,17 Sep 2002,2.37828,2.37973
Week 4,24 Sep 2002,2.37309,2.37421

Week 1,01 Oct 2002,2.35880,2.35991
Week 2,08 Oct 2002,2.35596,2.35708
Week 3,15 Oct 2002,2.37551,2.37697
Week 4,22 Oct 2002,2.39377,2.39479

Week 1,29 Oct 2002,2.40327,2.40493
Week 2,05 Nov 2002,2.40462,2.40549
Week 3,12 Nov 2002,2.37551,2.37631
Week 4,19 Nov 2002,2.37059,2.37177

Week 1,26 Nov 2002,2.38846,2.38986
Week 2,03 Dec 2002,2.40190,2.40342
Week 3,10 Dec 2002,2.40394,2.40537
Week 4,17 Dec 2002,2.41487,2.41665

Week 1,24 Dec 2002,2.40513,2.40666
Week 2,31 Dec 2002,2.38886,2.38998
Week 3,07 Jan 2003,2.41376,2.41518
Week 4,14 Jan 2003,2.43916,2.44088

Week 1,21 Jan 2003,2.45712,2.45870
Week 2,28 Jan 2003,2.46051,2.46204
Week 3,04 Feb 2003,2.46807,2.46975
Week 4,11 Feb 2003,2.45867,2.46018

Week 1,18 Feb 2003,2.48274,2.48407
Week 2,25 Feb 2003,2.51714,2.51856
Week 3,04 Mar 2003,2.54845,2.54987
Week 4,11 Mar 2003,2.54406,2.54570

Week 1,18 Mar 2003,2.52409,2.52545
Week 2,25 Mar 2003,2.54682,2.54842
Week 3,01 Apr 2003,2.54722,2.54914
Week 4,08 Apr 2003,2.56627,2.56861

Week 1,15 Apr 2003,2.58427,2.58569
Week 2,22 Apr 2003,2.58558,2.58743
Week 3,29 Apr 2003,2.62517,2.62665
Week 4,06 May 2003,2.68466,2.68618

Week 1,13 May 2003,2.72248,2.72438
Week 2,20 May 2003,2.74544,2.74708
Week 3,27 May 2003,2.73362,2.73501
Week 4,03 Jun 2003,2.75788,2.75963

Week 1,10 Jun 2003,2.78559,2.78775
Week 2,17 Jun 2003,2.77993,2.78175
Week 3,24 Jun 2003,2.77283,2.77504
Week 4,01 Jul 2003,2.79315,2.79625

Week 1,08 Jul 2003,2.73398,2.73669
Week 2,15 Jul 2003,2.68488,2.68771
Week 3,22 Jul 2003,2.68978,2.69222
Week 4,29 Jul 2003,2.68451,2.68696

Week 1,05 Aug 2003,2.68424,2.68672
Week 2,12 Aug 2003,2.70543,2.70841
Week 3,19 Aug 2003,2.67623,2.67928
Week 4,26 Aug 2003,2.69086,2.69355

Week 1,02 Sep 2003,2.72429,2.72686
Week 2,09 Sep 2003,2.74135,2.74495
Week 3,16 Sep 2003,2.75868,2.76156
Week 4,23 Sep 2003,2.77297,2.77588

Week 1,30 Sep 2003,2.78447,2.78716
Week 2,07 Oct 2003,2.82103,2.82329
Week 3,14 Oct 2003,2.84254,2.84506
Week 4,21 Oct 2003,2.86129,2.86365

Week 1,28 Oct 2003,2.85069,2.85309
Week 2,04 Nov 2003,2.82113,2.82389
Week 3,11 Nov 2003,2.87184,2.87472
Week 4,18 Nov 2003,2.87462,2.87781

Week 1,25 Nov 2003,2.87157,2.87438
Week 2,02 Dec 2003,2.87455,2.87711
Week 3,09 Dec 2003,2.85880,2.86109
Week 4,16 Dec 2003,2.82089,2.82325

Week 1,23 Dec 2003,2.85433,2.85711
Week 2,30 Dec 2003,2.89460,2.89715
Week 3,06 Jan 2004,2.93022,2.93216
Week 4,13 Jan 2004,2.90709,2.90920

Week 1,20 Jan 2004,2.87329,2.87558
Week 2,27 Jan 2004,2.83266,2.83456
Week 3,03 Feb 2004,2.81438,2.81639
Week 4,10 Feb 2004,2.83981,2.84207

Week 1,17 Feb 2004,2.82476,2.82690
Week 2,24 Feb 2004,2.80655,2.80920
Week 3,02 Mar 2004,2.81544,2.81755
Week 4,09 Mar 2004,2.82548,2.82703

Week 1,16 Mar 2004,2.81148,2.81330
Week 2,23 Mar 2004,2.82398,2.82559
Week 3,30 Mar 2004,2.85941,2.86137
Week 4,06 Apr 2004,2.83446,2.83675

Week 1,13 Apr 2004,2.79208,2.79440
Week 2,20 Apr 2004,2.76212,2.76423
Week 3,27 Apr 2004,2.74570,2.74767
Week 4,04 May 2004,2.72082,2.72352

Week 1,11 May 2004,2.69816,2.70021
Week 2,18 May 2004,2.71989,2.72214
Week 3,25 May 2004,2.74520,2.74764
Week 4,01 Jun 2004,2.76090,2.76313

Week 1,08 Jun 2004,2.75944,2.76210
Week 2,15 Jun 2004,2.73922,2.74190
Week 3,22 Jun 2004,2.75877,2.76124
Week 4,29 Jun 2004,2.81256,2.81553

Week 1,06 Jul 2004,2.83750,2.84042
Week 2,13 Jul 2004,2.84863,2.85144
Week 3,20 Jul 2004,2.84472,2.84753
Week 4,27 Jul 2004,2.81841,2.82091

Week 1,03 Aug 2004,2.84493,2.84769
Week 2,10 Aug 2004,2.84162,2.84474
Week 3,17 Aug 2004,2.87929,2.88196
Week 4,24 Aug 2004,2.86215,2.86486

Week 1,31 Aug 2004,2.87097,2.87429
Week 2,07 Sep 2004,2.90375,2.90654
Week 3,14 Sep 2004,2.88913,2.89194
Week 4,21 Sep 2004,2.92555,2.92826

Week 1,28 Sep 2004,2.96211,2.96490
Week 2,05 Oct 2004,2.97835,2.98080
Week 3,12 Oct 2004,2.98667,2.98951
Week 4,19 Oct 2004,3.01468,3.01664

Week 1,26 Oct 2004,3.06842,3.07080
Week 2,02 Nov 2004,3.10480,3.10682
Week 3,09 Nov 2004,3.13791,3.13987
Week 4,16 Nov 2004,3.13389,3.13622

Week 1,23 Nov 2004,3.17607,3.17842
Week 2,30 Nov 2004,3.15295,3.15462
Week 3,07 Dec 2004,3.08046,3.08278
Week 4,14 Dec 2004,3.04993,3.05209

Week 1,21 Dec 2004,3.04309,3.04505
Week 2,28 Dec 2004,3.10343,3.10574
Week 3,04 Jan 2005,3.05638,3.05807
Week 4,11 Jan 2005,3.09053,3.09255

Week 1,18 Jan 2005,3.06613,3.06842
Week 2,25 Jan 2005,3.03366,3.03550
Week 3,01 Feb 2005,3.01523,3.01727
Week 4,08 Feb 2005,3.01537,3.01712

Week 1,15 Feb 2005,3.04306,3.04503
Week 2,22 Feb 2005,3.03283,3.03482
Week 3,01 Mar 2005,3.03423,3.03626
Week 4,08 Mar 2005,3.09843,3.10076

Week 1,15 Mar 2005,3.11469,3.11719
Week 2,22 Mar 2005,3.08518,3.08711
Week 3,29 Mar 2005,3.08689,3.08881
Week 4,05 Apr 2005,3.06150,3.06366

Week 1,12 Apr 2005,3.01930,3.02160
Week 2,19 Apr 2005,3.02870,3.03054
Week 3,26 Apr 2005,2.99551,2.99765
Week 4,03 May 2005,3.00816,3.01005

Week 1,10 May 2005,2.99231,2.99440
Week 2,17 May 2005,2.96491,2.96701
Week 3,24 May 2005,2.97825,2.98003
Week 4,31 May 2005,3.00061,3.00255

Week 1,07 Jun 2005,2.99880,3.00076
Week 2,14 Jun 2005,3.02685,3.02881
Week 3,21 Jun 2005,3.03982,3.04169
Week 4,28 Jun 2005,3.03617,3.03795

Week 1,05 Jul 2005,3.04859,3.05076
Week 2,12 Jul 2005,3.08733,3.08928
Week 3,19 Jul 2005,3.07591,3.07835
Week 4,26 Jul 2005,3.05573,3.05776

Week 1,02 Aug 2005,3.08510,3.08703
Week 2,09 Aug 2005,3.11275,3.11536
Week 3,16 Aug 2005,3.10125,3.10312
Week 4,23 Aug 2005,3.13168,3.13381

Week 1,30 Aug 2005,3.15190,3.15388
Week 2,06 Sep 2005,3.16933,3.17169
Week 3,13 Sep 2005,3.17384,3.17599
Week 4,20 Sep 2005,3.20298,3.20497

Week 1,27 Sep 2005,3.20845,3.21072
Week 2,04 Oct 2005,3.19212,3.19450
Week 3,11 Oct 2005,3.17692,3.17936
Week 4,18 Oct 2005,3.17251,3.17447

Week 1,25 Oct 2005,3.18599,3.18814
Week 2,01 Nov 2005,3.17655,3.17846
Week 3,08 Nov 2005,3.15397,3.15657
Week 4,15 Nov 2005,3.15242,3.15453

Week 1,22 Nov 2005,3.19578,3.19751
Week 2,29 Nov 2005,3.21195,3.21391
Week 3,06 Dec 2005,3.23458,3.23657
Week 4,13 Dec 2005,3.24683,3.24882

Week 1,20 Dec 2005,3.21624,3.21821
Week 2,27 Dec 2005,3.21483,3.21699
Week 3,03 Jan 2006,3.22641,3.22885
Week 4,10 Jan 2006,3.22288,3.22487

Week 1,17 Jan 2006,3.23069,3.23263
Week 2,24 Jan 2006,3.25775,3.25932
Week 3,31 Jan 2006,3.27588,3.27761
Week 4,07 Feb 2006,3.26096,3.26297

Week 1,14 Feb 2006,3.24703,3.24906
Week 2,21 Feb 2006,3.26210,3.26412
Week 3,28 Feb 2006,3.29766,3.29926
Week 4,07 Mar 2006,3.25174,3.25374

Week 1,14 Mar 2006,3.23858,3.24057
Week 2,21 Mar 2006,3.21639,3.21836
Week 3,28 Mar 2006,3.20978,3.21172
Week 4,04 Apr 2006,3.23452,3.23649

Week 1,11 Apr 2006,3.26284,3.26490
Week 2,18 Apr 2006,3.28753,3.28960
Week 3,25 Apr 2006,3.32803,3.33014
Week 4,02 May 2006,3.38084,3.38316

Week 1,09 May 2006,3.38841,3.39079
Week 2,16 May 2006,3.35992,3.36226
Week 3,23 May 2006,3.36605,3.36841
Week 4,30 May 2006,3.40152,3.40391

Week 1,06 Jun 2006,3.37774,3.37942
Week 2,13 Jun 2006,3.36662,3.36877
Week 3,20 Jun 2006,3.34991,3.35203
Week 4,27 Jun 2006,3.35171,3.35382

Week 1,04 Jul 2006,3.37098,3.37317
Week 2,11 Jul 2006,3.32236,3.32445
Week 3,18 Jul 2006,3.30320,3.30476
Week 4,25 Jul 2006,3.30058,3.30210

Week 1,01 Aug 2006,3.32317,3.32524
Week 2,08 Aug 2006,3.33782,3.34034
Week 3,15 Aug 2006,3.33637,3.33899
Week 4,22 Aug 2006,3.36876,3.37149

Week 1,29 Aug 2006,3.38690,3.38961
Week 2,05 Sep 2006,3.37021,3.37288
Week 3,12 Sep 2006,3.34890,3.35151
Week 4,19 Sep 2006,3.34592,3.34851

Week 1,26 Sep 2006,3.36135,3.36397
Week 2,03 Oct 2006,3.33755,3.33978
Week 3,10 Oct 2006,3.30783,3.31039
Week 4,17 Oct 2006,3.30904,3.31160

Week 1,24 Oct 2006,3.33266,3.33525
Week 2,31 Oct 2006,3.32187,3.32443
Week 3,07 Nov 2006,3.31616,3.31870
Week 4,14 Nov 2006,3.28582,3.28834

Week 1,21 Nov 2006,3.28685,3.28937
Week 2,28 Nov 2006,3.29290,3.29542
Week 3,05 Dec 2006,3.27013,3.27263
Week 4,12 Dec 2006,3.24799,3.25046

Week 1,19 Dec 2006,3.24551,3.24799
Week 2,26 Dec 2006,3.22703,3.22994
Week 3,02 Jan 2007,3.20268,3.20552
Week 4,09 Jan 2007,3.19369,3.19608

Week 1,16 Jan 2007,3.19881,3.20133
Week 2,23 Jan 2007,3.17873,3.18110
Week 3,30 Jan 2007,3.17362,3.17597
Week 4,06 Feb 2007,3.17747,3.17985

Week 1,13 Feb 2007,3.21257,3.21498
Week 2,20 Feb 2007,3.22422,3.22666
Week 3,27 Feb 2007,3.20496,3.20667
Week 4,06 Mar 2007,3.18600,3.18838

Week 1,13 Mar 2007,3.19178,3.19418
Week 2,20 Mar 2007,3.22082,3.22325
Week 3,27 Mar 2007,3.23873,3.24120
Week 4,03 Apr 2007,3.24825,3.25082

Week 1,10 Apr 2007,3.28199,3.28456
Week 2,17 Apr 2007,3.32254,3.32509
Week 3,24 Apr 2007,3.34981,3.35239
Week 4,01 May 2007,3.37993,3.38256

Week 1,08 May 2007,3.38413,3.38676
Week 2,15 May 2007,3.41389,3.41643
Week 3,22 May 2007,3.45978,3.46234
Week 4,29 May 2007,3.50238,3.50503

Week 1,05 Jun 2007,3.53579,3.53843
Week 2,12 Jun 2007,3.51740,3.52000
Week 3,19 Jun 2007,3.50811,3.51089
Week 4,26 Jun 2007,3.51483,3.51744

Week 1,03 Jul 2007,3.55289,3.55559
Week 2,10 Jul 2007,3.57200,3.57468
Week 3,17 Jul 2007,3.58579,3.58847
Week 4,24 Jul 2007,3.56647,3.56920

Week 1,31 Jul 2007,3.53705,3.53973
Week 2,07 Aug 2007,3.55753,3.56016
Week 3,14 Aug 2007,3.52042,3.52319
Week 4,21 Aug 2007,3.54921,3.55194

Week 1,28 Aug 2007,3.54706,3.54972
Week 2,04 Sep 2007,3.55880,3.56149
Week 3,11 Sep 2007,3.60886,3.61159
Week 4,18 Sep 2007,3.70011,3.70835

Week 1,25 Sep 2007,3.73446,3.74699
Week 2,02 Oct 2007,3.76569,3.78008
Week 3,09 Oct 2007,3.81032,3.82482
Week 4,16 Oct 2007,3.83416,3.84875

Week 1,23 Oct 2007,3.86001,3.87378
Week 2,30 Oct 2007,3.94669,3.95675
Week 3,06 Nov 2007,4.00135,4.01550
Week 4,13 Nov 2007,3.85601,3.86972

Week 1,20 Nov 2007,3.76934,3.78534
Week 2,27 Nov 2007,3.72847,3.74331
Week 3,04 Dec 2007,3.70207,3.71794
Week 4,11 Dec 2007,3.68441,3.69937

Week 1,18 Dec 2007,3.74165,3.75694
Week 2,25 Dec 2007,3.80708,3.82593
Week 3,01 Jan 2008,3.76434,3.78228
Week 4,08 Jan 2008,3.70667,3.71988

Week 1,15 Jan 2008,3.65924,3.67198
Week 2,22 Jan 2008,3.67564,3.68855
Week 3,29 Jan 2008,3.74599,3.75857
Week 4,05 Feb 2008,3.73714,3.75014

Week 1,12 Feb 2008,3.73828,3.75048
Week 2,19 Feb 2008,3.70140,3.71396
Week 3,26 Feb 2008,3.78814,3.80124
Week 4,04 Mar 2008,3.78511,3.79819

Week 1,11 Mar 2008,3.78103,3.79441
Week 2,18 Mar 2008,3.70439,3.71672
Week 3,25 Mar 2008,3.67071,3.68419
Week 4,01 Apr 2008,3.68720,3.70050

Week 1,08 Apr 2008,3.67756,3.69066
Week 2,15 Apr 2008,3.70515,3.71814
Week 3,22 Apr 2008,3.70043,3.71337
Week 4,29 Apr 2008,3.68956,3.70253

Week 1,06 May 2008,3.71125,3.72427
Week 2,13 May 2008,3.73670,3.74984
Week 3,20 May 2008,3.78277,3.79662
Week 4,27 May 2008,3.77479,3.78865

Week 1,03 Jun 2008,3.70046,3.71096
Week 2,10 Jun 2008,3.65301,3.66630
Week 3,17 Jun 2008,3.67336,3.68675
Week 4,24 Jun 2008,3.69829,3.71103

Week 1,01 Jul 2008,3.67961,3.69233
Week 2,08 Jul 2008,3.69480,3.70763
Week 3,15 Jul 2008,3.72597,3.73897
Week 4,22 Jul 2008,3.69986,3.71271

Week 1,29 Jul 2008,3.65344,3.66654
Week 2,05 Aug 2008,3.56470,3.57587
Week 3,12 Aug 2008,3.52067,3.53171
Week 4,19 Aug 2008,3.55402,3.56210

Week 1,26 Aug 2008,3.55544,3.56653
Week 2,02 Sep 2008,3.51469,3.52663
Week 3,09 Sep 2008,3.51224,3.52454
Week 4,16 Sep 2008,3.53226,3.54531

Week 1,23 Sep 2008,3.61841,3.63108
Week 2,30 Sep 2008,3.52268,3.53426
Week 3,07 Oct 2008,3.31082,3.31956
Week 4,14 Oct 2008,3.19509,3.20772

Week 1,21 Oct 2008,3.01531,3.02367
Week 2,28 Oct 2008,3.02021,3.03000
Week 3,04 Nov 2008,3.17280,3.18146
Week 4,11 Nov 2008,3.07977,3.08896

Week 1,18 Nov 2008,2.98827,2.99727
Week 2,25 Nov 2008,3.02423,3.03269
Week 3,02 Dec 2008,2.97197,2.98333
Week 4,09 Dec 2008,2.99444,3.00076

Week 1,16 Dec 2008,3.08251,3.08902
Week 2,23 Dec 2008,3.07492,3.08462
Week 3,30 Dec 2008,3.08290,3.09374
Week 4,06 Jan 2009,3.14947,3.15619

Week 1,13 Jan 2009,3.03941,3.04866
Week 2,20 Jan 2009,2.99860,3.00545
Week 3,27 Jan 2009,3.05727,3.06330
Week 4,03 Feb 2009,3.04325,3.05037

Week 1,10 Feb 2009,3.03324,3.03938
Week 2,17 Feb 2009,2.98662,2.99541
Week 3,24 Feb 2009,2.97649,2.98530
Week 4,03 Mar 2009,2.91176,2.92120

Week 1,10 Mar 2009,2.92170,2.93131
Week 2,17 Mar 2009,2.98887,2.99798
Week 3,24 Mar 2009,3.03565,3.04523
Week 4,31 Mar 2009,3.00570,3.01518

Week 1,07 Apr 2009,3.04071,3.04952
Week 2,14 Apr 2009,3.08384,3.09348
Week 3,21 Apr 2009,3.05836,3.06488
Week 4,28 Apr 2009,3.12022,3.12872

Week 1,05 May 2009,3.21032,3.22113
Week 2,12 May 2009,3.20366,3.21305
Week 3,19 May 2009,3.28050,3.28983
Week 4,26 May 2009,3.37506,3.38528

Week 1,02 Jun 2009,3.39825,3.40889
Week 2,09 Jun 2009,3.36549,3.37572
Week 3,16 Jun 2009,3.30782,3.31725
Week 4,23 Jun 2009,3.25369,3.26206

Week 1,30 Jun 2009,3.23562,3.24364
Week 2,07 Jul 2009,3.22088,3.22876
Week 3,14 Jul 2009,3.32016,3.32978
Week 4,21 Jul 2009,3.41665,3.42540

Week 1,28 Jul 2009,3.46227,3.47214
Week 2,04 Aug 2009,3.48227,3.49155
Week 3,11 Aug 2009,3.42732,3.43634
Week 4,18 Aug 2009,3.42424,3.43338

Week 1,25 Aug 2009,3.44318,3.45273
Week 2,01 Sep 2009,3.41609,3.42573
Week 3,08 Sep 2009,3.47452,3.48342
Week 4,15 Sep 2009,3.49237,3.50115

Week 1,22 Sep 2009,3.46447,3.47374
Week 2,29 Sep 2009,3.46211,3.47062
Week 3,06 Oct 2009,3.54760,3.55760
Week 4,13 Oct 2009,3.62292,3.63233

Week 1,20 Oct 2009,3.58128,3.58680
Week 2,27 Oct 2009,3.49217,3.49874
Week 3,03 Nov 2009,3.49571,3.50189
Week 4,10 Nov 2009,3.55822,3.56391

Week 1,17 Nov 2009,3.53515,3.54070
Week 2,24 Nov 2009,3.53642,3.54481
Week 3,01 Dec 2009,3.55615,3.56434
Week 4,08 Dec 2009,3.54608,3.55181

Week 1,15 Dec 2009,3.51980,3.52896
Week 2,22 Dec 2009,3.55700,3.56463
Week 3,29 Dec 2009,3.56777,3.57836
Week 4,05 Jan 2010,3.61858,3.62708

Week 1,12 Jan 2010,3.62836,3.64833
Week 2,19 Jan 2010,3.58720,3.59368
Week 3,26 Jan 2010,3.51958,3.52719
Week 4,02 Feb 2010,3.51204,3.51991

Week 1,09 Feb 2010,3.53538,3.54332
Week 2,16 Feb 2010,3.58377,3.59930
Week 3,23 Feb 2010,3.55747,3.57343
Week 4,02 Mar 2010,3.62037,3.63483

Week 1,09 Mar 2010,3.65756,3.66892
Week 2,16 Mar 2010,3.68579,3.70085
Week 3,23 Mar 2010,3.65885,3.67412
Week 4,30 Mar 2010,3.69509,3.70594

Week 1,06 Apr 2010,3.73582,3.74614
Week 2,13 Apr 2010,3.72164,3.73751
Week 3,20 Apr 2010,3.73449,3.74557
Week 4,27 Apr 2010,3.70516,3.72103

Week 1,04 May 2010,3.62200,3.63789
Week 2,11 May 2010,3.64537,3.66475
Week 3,18 May 2010,3.55984,3.57615
Week 4,25 May 2010,3.52958,3.55124

Week 1,01 Jun 2010,3.56114,3.57732
Week 2,08 Jun 2010,3.59227,3.60870
Week 3,15 Jun 2010,3.64842,3.66297
Week 4,22 Jun 2010,3.62249,3.63887

Week 1,29 Jun 2010,3.54576,3.56094
Week 2,06 Jul 2010,3.57668,3.59287
Week 3,13 Jul 2010,3.58910,3.60498
Week 4,20 Jul 2010,3.58932,3.60508

Week 1,27 Jul 2010,3.62515,3.64015
Week 2,03 Aug 2010,3.65788,3.67353
Week 3,10 Aug 2010,3.60408,3.61786
Week 4,17 Aug 2010,3.59679,3.61214

Week 1,24 Aug 2010,3.54636,3.56335
Week 2,31 Aug 2010,3.56347,3.57986
Week 3,07 Sep 2010,3.60615,3.62281
Week 4,14 Sep 2010,3.63603,3.64944

Week 1,21 Sep 2010,3.64041,3.65615
Week 2,28 Sep 2010,3.64726,3.66381
Week 3,05 Oct 2010,3.68678,3.70192
Week 4,12 Oct 2010,3.71001,3.72470

Week 1,19 Oct 2010,3.65320,3.66786
Week 2,26 Oct 2010,3.66498,3.67346
Week 3,02 Nov 2010,3.72168,3.73025
Week 4,09 Nov 2010,3.72219,3.73062

Week 1,16 Nov 2010,3.68310,3.69147
Week 2,23 Nov 2010,3.68218,3.69055
Week 3,30 Nov 2010,3.69967,3.70816
Week 4,07 Dec 2010,3.71419,3.72263

Week 1,14 Dec 2010,3.71326,3.72169
Week 2,21 Dec 2010,3.70143,3.71002
Week 3,28 Dec 2010,3.74310,3.75226
Week 4,04 Jan 2011,3.76495,3.77358

Week 1,11 Jan 2011,3.78104,3.78969
Week 2,18 Jan 2011,3.77410,3.78269
Week 3,25 Jan 2011,3.75684,3.76536
Week 4,01 Feb 2011,3.77897,3.78761

Week 1,08 Feb 2011,3.77982,3.78847
Week 2,15 Feb 2011,3.79802,3.80686
Week 3,22 Feb 2011,3.81041,3.81931
Week 4,01 Mar 2011,3.84856,3.85811

Week 1,08 Mar 2011,3.85251,3.86138
Week 2,15 Mar 2011,3.80978,3.81866
Week 3,22 Mar 2011,3.82482,3.83355
Week 4,29 Mar 2011,3.86063,3.86950

Week 1,05 Apr 2011,3.90538,3.90940
Week 2,12 Apr 2011,3.90490,3.90840
Week 3,19 Apr 2011,3.92220,3.92576
Week 4,26 Apr 2011,3.94746,3.95120

Week 1,03 May 2011,3.90859,3.91216
Week 2,10 May 2011,3.88820,3.89169
Week 3,17 May 2011,3.85627,3.85971
Week 4,24 May 2011,3.83594,3.83934

Week 1,31 May 2011,3.84169,3.84511
Week 2,07 Jun 2011,3.83207,3.83546
Week 3,14 Jun 2011,3.83332,3.83671
Week 4,21 Jun 2011,3.82242,3.82578

Week 1,28 Jun 2011,3.86102,3.86450
Week 2,05 Jul 2011,3.89704,3.90085
Week 3,12 Jul 2011,3.90413,3.90769
Week 4,19 Jul 2011,3.94541,3.94898

Week 1,26 Jul 2011,3.94630,3.94976
Week 2,02 Aug 2011,3.86720,3.87215
Week 3,09 Aug 2011,3.79346,3.79722
Week 4,16 Aug 2011,3.79982,3.80313

Week 1,23 Aug 2011,3.80207,3.80542
Week 2,30 Aug 2011,3.82457,3.82789
Week 3,06 Sep 2011,3.78245,3.78573
Week 4,13 Sep 2011,3.79848,3.80187

Week 1,20 Sep 2011,3.70892,3.71224
Week 2,27 Sep 2011,3.61848,3.62160
Week 3,04 Oct 2011,3.58786,3.59096
Week 4,11 Oct 2011,3.67517,3.67832

Week 1,18 Oct 2011,3.69930,3.70252
Week 2,25 Oct 2011,3.74922,3.75248
Week 3,01 Nov 2011,3.70260,3.70577
Week 4,08 Nov 2011,3.69280,3.69596

Week 1,15 Nov 2011,3.66203,3.66517
Week 2,22 Nov 2011,3.59376,3.59679
Week 3,29 Nov 2011,3.66106,3.66416
Week 4,06 Dec 2011,3.69012,3.69326

Week 1,13 Dec 2011,3.62743,3.63039
Week 2,20 Dec 2011,3.65240,3.65546
Week 3,27 Dec 2011,3.67116,3.67497
Week 4,03 Jan 2012,3.67519,3.67859

Week 1,10 Jan 2012,3.66998,3.67302
Week 2,17 Jan 2012,3.69566,3.69873
Week 3,24 Jan 2012,3.72792,3.73105
Week 4,31 Jan 2012,3.75440,3.75755

Week 1,07 Feb 2012,3.75705,3.76017
Week 2,14 Feb 2012,3.75500,3.75814
Week 3,21 Feb 2012,3.75872,3.76183
Week 4,28 Feb 2012,3.78019,3.78336

Week 1,06 Mar 2012,3.77186,3.77499
Week 2,13 Mar 2012,3.78011,3.78331
Week 3,20 Mar 2012,3.76932,3.77245
Week 4,27 Mar 2012,3.76072,3.76386

Week 1,03 Apr 2012,3.76809,3.77128
Week 2,10 Apr 2012,3.75156,3.75475
Week 3,17 Apr 2012,3.77275,3.77595
Week 4,24 Apr 2012,3.80397,3.80722

Week 1,01 May 2012,3.78917,3.79236
Week 2,08 May 2012,3.74978,3.75296
Week 3,15 May 2012,3.70033,3.70341
Week 4,22 May 2012,3.65811,3.66115

Week 1,29 May 2012,3.63241,3.63540
Week 2,05 Jun 2012,3.63227,3.63558
Week 3,12 Jun 2012,3.65796,3.66100
Week 4,19 Jun 2012,3.66395,3.66711

Week 1,26 Jun 2012,3.66176,3.66489
Week 2,03 Jul 2012,3.68771,3.69236
Week 3,10 Jul 2012,3.68168,3.68639
Week 4,17 Jul 2012,3.70276,3.70742

Week 1,24 Jul 2012,3.70413,3.70962
Week 2,31 Jul 2012,3.73759,3.74232
Week 3,07 Aug 2012,3.76719,3.77190
Week 4,14 Aug 2012,3.78536,3.79018

Week 1,21 Aug 2012,3.78260,3.78747
Week 2,28 Aug 2012,3.79004,3.79495
Week 3,04 Sep 2012,3.80981,3.81479
Week 4,11 Sep 2012,3.85113,3.85610

Week 1,18 Sep 2012,3.84273,3.84790
Week 2,25 Sep 2012,3.81777,3.82271
Week 3,02 Oct 2012,3.81681,3.82178
Week 4,09 Oct 2012,3.82855,3.83352

Week 1,16 Oct 2012,3.80123,3.80606
Week 2,23 Oct 2012,3.76806,3.77278
Week 3,30 Oct 2012,3.75522,3.76000
Week 4,06 Nov 2012,3.75660,3.76137

Week 1,13 Nov 2012,3.74343,3.74810
Week 2,20 Nov 2012,3.76305,3.76766
Week 3,27 Nov 2012,3.77207,3.77772
Week 4,04 Dec 2012,3.78087,3.78556

Week 1,11 Dec 2012,3.80210,3.80678
Week 2,18 Dec 2012,3.78993,3.79458
Week 3,25 Dec 2012,3.77082,3.77521
Week 4,01 Jan 2013,3.78781,3.79242

Week 1,08 Jan 2013,3.80245,3.80727
Week 2,15 Jan 2013,3.79502,3.79994
Week 3,22 Jan 2013,3.75024,3.75479
Week 4,29 Jan 2013,3.74374,3.74836

Week 1,05 Feb 2013,3.75202,3.75712
Week 2,12 Feb 2013,3.73180,3.73640
Week 3,19 Feb 2013,3.68768,3.69231
Week 4,26 Feb 2013,3.65202,3.65643

Week 1,05 Mar 2013,3.64318,3.64761
Week 2,12 Mar 2013,3.66071,3.66520
Week 3,19 Mar 2013,3.66016,3.66469
Week 4,26 Mar 2013,3.68129,3.68634

Week 1,02 Apr 2013,3.68926,3.69401
Week 2,09 Apr 2013,3.69446,3.69950
Week 3,16 Apr 2013,3.65875,3.66346
Week 4,23 Apr 2013,3.66720,3.67199

Week 1,30 Apr 2013,3.71286,3.71766
Week 2,07 May 2013,3.72065,3.72560
Week 3,14 May 2013,3.67447,3.67901
Week 4,21 May 2013,3.63521,3.64067

Week 1,28 May 2013,3.61998,3.62304
Week 2,04 Jun 2013,3.64683,3.64929
Week 3,11 Jun 2013,3.68106,3.68363
Week 4,18 Jun 2013,3.63360,3.63645

Week 1,25 Jun 2013,3.57108,3.57369
Week 2,02 Jul 2013,3.55619,3.55914
Week 3,09 Jul 2013,3.58581,3.58779
Week 4,16 Jul 2013,3.60811,3.61089

Week 1,23 Jul 2013,3.63977,3.64268
Week 2,30 Jul 2013,3.62965,3.63257
Week 3,06 Aug 2013,3.62254,3.62555
Week 4,13 Aug 2013,3.63044,3.63319

Week 1,20 Aug 2013,3.58708,3.58970
Week 2,27 Aug 2013,3.56450,3.56740
Week 3,03 Sep 2013,3.57778,3.58091
Week 4,10 Sep 2013,3.62254,3.62475

Week 1,17 Sep 2013,3.64388,3.64574
Week 2,24 Sep 2013,3.63799,3.64079
Week 3,01 Oct 2013,3.63491,3.63674
Week 4,08 Oct 2013,3.61916,3.62203

Week 1,15 Oct 2013,3.63216,3.63512
Week 2,22 Oct 2013,3.61237,3.61496
Week 3,29 Oct 2013,3.59074,3.59301
Week 4,05 Nov 2013,3.58810,3.59026

Week 1,12 Nov 2013,3.58184,3.58433
Week 2,19 Nov 2013,3.57642,3.57869
Week 3,26 Nov 2013,3.54347,3.54594
Week 4,03 Dec 2013,3.52081,3.52334

Week 1,10 Dec 2013,3.53283,3.53502
Week 2,17 Dec 2013,3.52490,3.52730
Week 3,24 Dec 2013,3.51950,3.52207
Week 4,31 Dec 2013,3.52211,3.52474

Week 1,07 Jan 2014,3.47020,3.47269
Week 2,14 Jan 2014,3.42778,3.43027
Week 3,21 Jan 2014,3.39442,3.39670
Week 4,28 Jan 2014,3.36688,3.36965

Week 1,04 Feb 2014,3.38834,3.39070
Week 2,11 Feb 2014,3.40728,3.40999
Week 3,18 Feb 2014,3.39327,3.39594
Week 4,25 Feb 2014,3.37993,3.38237

Week 1,04 Mar 2014,3.38837,3.39063
Week 2,11 Mar 2014,3.37695,3.37951
Week 3,18 Mar 2014,3.35485,3.35650
Week 4,25 Mar 2014,3.37408,3.37577

Week 1,01 Apr 2014,3.40319,3.40479
Week 2,08 Apr 2014,3.42435,3.42626
Week 3,15 Apr 2014,3.40759,3.40995
Week 4,22 Apr 2014,3.39919,3.40110

Week 1,29 Apr 2014,3.41419,3.41653
Week 2,06 May 2014,3.43834,3.44187
Week 3,13 May 2014,3.44547,3.44771
Week 4,20 May 2014,3.44466,3.44675

Week 1,27 May 2014,3.45481,3.45704
Week 2,03 Jun 2014,3.43391,3.43590
Week 3,10 Jun 2014,3.44686,3.44859
Week 4,17 Jun 2014,3.46627,3.46862

Week 1,24 Jun 2014,3.50232,3.50536
Week 2,01 Jul 2014,3.51910,3.52108
Week 3,08 Jul 2014,3.50866,3.51061
Week 4,15 Jul 2014,3.49093,3.49280

Week 1,22 Jul 2014,3.48322,3.48592
Week 2,29 Jul 2014,3.44640,3.44828
Week 3,05 Aug 2014,3.42572,3.42732
Week 4,12 Aug 2014,3.43410,3.43636

Week 1,19 Aug 2014,3.42841,3.43159
Week 2,26 Aug 2014,3.43917,3.44202
Week 3,02 Sep 2014,3.44396,3.44584
Week 4,09 Sep 2014,3.40376,3.40609

Week 1,16 Sep 2014,3.41129,3.41341
Week 2,23 Sep 2014,3.38143,3.38336
Week 3,30 Sep 2014,3.35060,3.35276
Week 4,07 Oct 2014,3.35419,3.35660

Week 1,14 Oct 2014,3.32883,3.33218
Week 2,21 Oct 2014,3.33615,3.33903
Week 3,28 Oct 2014,3.34147,3.34368
Week 4,04 Nov 2014,3.29950,3.30270

Week 1,11 Nov 2014,3.31083,3.31448
Week 2,18 Nov 2014,3.32310,3.32603
Week 3,25 Nov 2014,3.31208,3.31503
Week 4,02 Dec 2014,3.29108,3.29466

Week 1,09 Dec 2014,3.25951,3.26213
Week 2,16 Dec 2014,3.23114,3.23366
Week 3,23 Dec 2014,3.22752,3.23174
Week 4,30 Dec 2014,3.21341,3.21918

Week 1,06 Jan 2015,3.17257,3.17610
Week 2,13 Jan 2015,3.13636,3.14165
Week 3,20 Jan 2015,3.06646,3.07183
Week 4,27 Jan 2015,2.98759,2.99248

Week 1,03 Feb 2015,2.99324,2.99799
Week 2,10 Feb 2015,2.99667,3.00129
Week 3,17 Feb 2015,3.00541,3.00914
Week 4,24 Feb 2015,2.99579,3.00009

Week 1,03 Mar 2015,2.99140,2.99446
Week 2,10 Mar 2015,2.94940,2.95287
Week 3,17 Mar 2015,2.95713,2.96028
Week 4,24 Mar 2015,2.98920,2.99245

Week 1,31 Mar 2015,2.97802,2.98255
Week 2,07 Apr 2015,2.99097,2.99465
Week 3,14 Apr 2015,3.03176,3.03521
Week 4,21 Apr 2015,3.06994,3.07410

Week 1,28 Apr 2015,3.09697,3.10012
Week 2,05 May 2015,3.10109,3.10462
Week 3,12 May 2015,3.11862,3.12110
Week 4,19 May 2015,3.06993,3.07307

Week 1,26 May 2015,3.01893,3.02195
Week 2,02 Jun 2015,3.00767,3.01126
Week 3,09 Jun 2015,3.03951,3.04269
Week 4,16 Jun 2015,3.05255,3.05648

Week 1,23 Jun 2015,3.04017,3.04373
Week 2,30 Jun 2015,2.99431,3.00027
Week 3,07 Jul 2015,2.95494,2.95887
Week 4,14 Jul 2015,2.91162,2.91430

Week 1,21 Jul 2015,2.87976,2.88315
Week 2,28 Jul 2015,2.87908,2.88180
Week 3,04 Aug 2015,2.85147,2.85446
Week 4,11 Aug 2015,2.86644,2.87181

Week 1,18 Aug 2015,2.85488,2.86087
Week 2,25 Aug 2015,2.83090,2.83517
Week 3,01 Sep 2015,2.83083,2.83479
Week 4,08 Sep 2015,2.82639,2.83274

Week 1,15 Sep 2015,2.83634,2.84037
Week 2,22 Sep 2015,2.81789,2.82219
Week 3,29 Sep 2015,2.82233,2.82596
Week 4,06 Oct 2015,2.87878,2.88295

Week 1,13 Oct 2015,2.89456,2.90120
Week 2,20 Oct 2015,2.86596,2.86978
Week 3,27 Oct 2015,2.84965,2.85342
Week 4,03 Nov 2015,2.84442,2.84720

Week 1,10 Nov 2015,2.82021,2.82306
Week 2,17 Nov 2015,2.81349,2.81713
Week 3,24 Nov 2015,2.81091,2.81597
Week 4,01 Dec 2015,2.80668,2.81160

Week 1,08 Dec 2015,2.75354,2.75784
Week 2,15 Dec 2015,2.70810,2.71318
Week 3,22 Dec 2015,2.70049,2.70424
Week 4,29 Dec 2015,2.70740,2.71030

Week 1,05 Jan 2016,2.66789,2.67194
Week 2,12 Jan 2016,2.61000,2.61379
Week 3,19 Jan 2016,2.61087,2.61503
Week 4,26 Jan 2016,2.66142,2.66553

Week 1,02 Feb 2016,2.69492,2.69939
Week 2,09 Feb 2016,2.69727,2.70169
Week 3,16 Feb 2016,2.72030,2.72346
Week 4,23 Feb 2016,2.74777,2.75065

Week 1,01 Mar 2016,2.79305,2.79635
Week 2,08 Mar 2016,2.81983,2.82314
Week 3,15 Mar 2016,2.85228,2.85745
Week 4,22 Mar 2016,2.84267,2.84803

Week 1,29 Mar 2016,2.86943,2.87279
Week 2,05 Apr 2016,2.86808,2.87176
Week 3,12 Apr 2016,2.91592,2.92191
Week 4,19 Apr 2016,2.94736,2.95102

Week 1,26 Apr 2016,2.97655,2.97974
Week 2,03 May 2016,2.93381,2.93713
Week 3,10 May 2016,2.90242,2.90561
Week 4,17 May 2016,2.87824,2.88162

Week 1,24 May 2016,2.86984,2.87333
Week 2,31 May 2016,2.87666,2.88009
Week 3,07 Jun 2016,2.93343,2.93669
Week 4,14 Jun 2016,2.90991,2.91346

Week 1,21 Jun 2016,2.90998,2.91409
Week 2,28 Jun 2016,2.88966,2.89306
Week 3,05 Jul 2016,2.88809,2.89308
Week 4,12 Jul 2016,2.88415,2.88844

Week 1,19 Jul 2016,2.86896,2.87332
Week 2,26 Jul 2016,2.85331,2.85757
Week 3,02 Aug 2016,2.85937,2.86353
Week 4,09 Aug 2016,2.87340,2.87768

Week 1,16 Aug 2016,2.91219,2.91667
Week 2,23 Aug 2016,2.89500,2.89909
Week 3,30 Aug 2016,2.87309,2.87707
Week 4,06 Sep 2016,2.89373,2.89869

Week 1,13 Sep 2016,2.84757,2.85167
Week 2,20 Sep 2016,2.85045,2.85442
Week 3,27 Sep 2016,2.84928,2.85498
Week 4,04 Oct 2016,2.83601,2.84129

Week 1,11 Oct 2016,2.83896,2.84490
Week 2,18 Oct 2016,2.83708,2.84246
Week 3,25 Oct 2016,2.80189,2.80712
Week 4,01 Nov 2016,2.79751,2.80098

Week 1,08 Nov 2016,2.78551,2.79085
Week 2,15 Nov 2016,2.77557,2.78105
Week 3,22 Nov 2016,2.77956,2.78475
Week 4,29 Nov 2016,2.80276,2.80814

Week 1,06 Dec 2016,2.83216,2.83730
Week 2,13 Dec 2016,2.82911,2.83394
Week 3,20 Dec 2016,2.78589,2.79072
Week 4,27 Dec 2016,2.77538,2.78101

Week 1,03 Jan 2017,2.81324,2.81870
Week 2,10 Jan 2017,2.84544,2.85025
Week 3,17 Jan 2017,2.83293,2.83773
Week 4,24 Jan 2017,2.84678,2.85176

Week 1,31 Jan 2017,2.87076,2.87564
Week 2,07 Feb 2017,2.85817,2.86262
Week 3,14 Feb 2017,2.86506,2.86937
Week 4,21 Feb 2017,2.85687,2.86146

Week 1,28 Feb 2017,2.81581,2.82046
Week 2,07 Mar 2017,2.78564,2.78973
Week 3,14 Mar 2017,2.79984,2.80334
Week 4,21 Mar 2017,2.80626,2.80900

Week 1,28 Mar 2017,2.80925,2.81202
Week 2,04 Apr 2017,2.79715,2.80024
Week 3,11 Apr 2017,2.81280,2.81718
Week 4,18 Apr 2017,2.78945,2.79446

Week 1,25 Apr 2017,2.75591,2.76085
Week 2,02 May 2017,2.73687,2.74157
Week 3,09 May 2017,2.73465,2.73935
Week 4,16 May 2017,2.75823,2.76272

Week 1,23 May 2017,2.78169,2.78671
Week 2,30 May 2017,2.77939,2.78383
Week 3,06 Jun 2017,2.78023,2.78508
Week 4,13 Jun 2017,2.82496,2.82950

Week 1,20 Jun 2017,2.82579,2.83064
Week 2,27 Jun 2017,2.86663,2.87101
Week 3,04 Jul 2017,2.89558,2.90102
Week 4,11 Jul 2017,2.93501,2.93951

Week 1,18 Jul 2017,2.97505,2.97963
Week 2,25 Jul 2017,3.00153,3.00623
Week 3,01 Aug 2017,2.97957,2.98432
Week 4,08 Aug 2017,2.95334,2.95825

Week 1,15 Aug 2017,2.96142,2.96565
Week 2,22 Aug 2017,2.99075,2.99570
Week 3,29 Aug 2017,3.00320,3.00755
Week 4,05 Sep 2017,3.06052,3.06498

Week 1,12 Sep 2017,3.07899,3.08406
Week 2,19 Sep 2017,3.04599,3.05046
Week 3,26 Sep 2017,3.01548,3.02059
Week 4,03 Oct 2017,2.99343,2.99838

Week 1,10 Oct 2017,3.00032,3.00495
Week 2,17 Oct 2017,2.98698,2.99161
Week 3,24 Oct 2017,2.93660,2.94124
Week 4,31 Oct 2017,2.92292,2.92761

Week 1,07 Nov 2017,2.94725,2.95223
Week 2,14 Nov 2017,2.93834,2.94381
Week 3,21 Nov 2017,2.94089,2.94608
Week 4,28 Nov 2017,2.93352,2.93854

Week 1,05 Dec 2017,2.95136,2.95540


