CAD->JPY

Week 1,01 Dec 1998,78.36117,78.45964
Week 2,08 Dec 1998,76.07820,76.17357
Week 3,15 Dec 1998,75.04563,75.14756
Week 4,22 Dec 1998,74.90956,75.00003

Week 1,29 Dec 1998,74.09610,74.19291
Week 2,05 Jan 1999,73.33373,73.43519
Week 3,12 Jan 1999,74.36731,74.45759
Week 4,19 Jan 1999,74.88884,74.97629

Week 1,26 Jan 1999,76.08430,76.17707
Week 2,02 Feb 1999,75.49850,75.59027
Week 3,09 Feb 1999,76.71677,76.80933
Week 4,16 Feb 1999,80.38439,80.47869

Week 1,23 Feb 1999,79.62326,79.72150
Week 2,02 Mar 1999,80.26864,80.36297
Week 3,09 Mar 1999,78.55233,78.64536
Week 4,16 Mar 1999,77.49224,77.58451

Week 1,23 Mar 1999,78.87524,78.97673
Week 2,30 Mar 1999,80.00860,80.11174
Week 3,06 Apr 1999,80.50330,80.59851
Week 4,13 Apr 1999,79.80234,79.90124

Week 1,20 Apr 1999,80.40824,80.50771
Week 2,27 Apr 1999,81.48829,81.58781
Week 3,04 May 1999,82.94794,83.04770
Week 4,11 May 1999,83.53881,83.63836

Week 1,18 May 1999,84.71447,84.80636
Week 2,25 May 1999,82.78627,82.88064
Week 3,01 Jun 1999,82.36161,82.45934
Week 4,08 Jun 1999,81.32479,81.41490

Week 1,15 Jun 1999,82.35501,82.44010
Week 2,22 Jun 1999,82.79317,82.88481
Week 3,29 Jun 1999,82.50837,82.60183
Week 4,06 Jul 1999,83.09317,83.18707

Week 1,13 Jul 1999,81.42369,81.51176
Week 2,20 Jul 1999,78.04054,78.13384
Week 3,27 Jul 1999,76.34496,76.42893
Week 4,03 Aug 1999,76.58484,76.67519

Week 1,10 Aug 1999,77.58287,77.67241
Week 2,17 Aug 1999,75.13159,75.21084
Week 3,24 Aug 1999,74.53431,74.61846
Week 4,31 Aug 1999,73.45150,73.53281

Week 1,07 Sep 1999,73.74023,73.82859
Week 2,14 Sep 1999,72.16629,72.24229
Week 3,21 Sep 1999,70.98410,71.06546
Week 4,28 Sep 1999,72.06047,72.14663

Week 1,05 Oct 1999,72.91136,72.99513
Week 2,12 Oct 1999,71.36546,71.44909
Week 3,19 Oct 1999,71.33789,71.42747
Week 4,26 Oct 1999,70.86441,70.94594

Week 1,02 Nov 1999,71.74493,71.83101
Week 2,09 Nov 1999,71.61626,71.69819
Week 3,16 Nov 1999,72.29481,72.38004
Week 4,23 Nov 1999,70.41730,70.50464

Week 1,30 Nov 1999,69.26761,69.35819
Week 2,07 Dec 1999,69.41946,69.51519
Week 3,14 Dec 1999,69.72139,69.80931
Week 4,21 Dec 1999,69.52860,69.61661

Week 1,28 Dec 1999,70.42827,70.53686
Week 2,04 Jan 2000,71.70230,71.77677
Week 3,11 Jan 2000,72.83620,72.93090
Week 4,18 Jan 2000,72.67087,72.77600

Week 1,25 Jan 2000,73.65936,73.74230
Week 2,01 Feb 2000,74.51780,74.61781
Week 3,08 Feb 2000,75.30309,75.40137
Week 4,15 Feb 2000,75.79051,75.88193

Week 1,22 Feb 2000,76.14270,76.24707
Week 2,29 Feb 2000,74.59303,74.68549
Week 3,07 Mar 2000,73.05546,73.15580
Week 4,14 Mar 2000,72.15764,72.23583

Week 1,21 Mar 2000,72.94814,73.04206
Week 2,28 Mar 2000,71.90009,71.99367
Week 3,04 Apr 2000,72.25177,72.34631
Week 4,11 Apr 2000,71.83097,71.92269

Week 1,18 Apr 2000,71.20981,71.31241
Week 2,25 Apr 2000,72.36223,72.46204
Week 3,02 May 2000,72.91023,73.00921
Week 4,09 May 2000,73.04994,73.15037

Week 1,16 May 2000,72.42934,72.53129
Week 2,23 May 2000,71.45690,71.56543
Week 3,30 May 2000,72.39837,72.51427
Week 4,06 Jun 2000,73.00141,73.11861

Week 1,13 Jun 2000,72.48127,72.57989
Week 2,20 Jun 2000,71.17054,71.27681
Week 3,27 Jun 2000,71.29391,71.39554
Week 4,04 Jul 2000,72.16790,72.26879

Week 1,11 Jul 2000,72.65156,72.75126
Week 2,18 Jul 2000,73.50971,73.60754
Week 3,25 Jul 2000,74.24670,74.34079
Week 4,01 Aug 2000,73.15051,73.25863

Week 1,08 Aug 2000,73.11203,73.20526
Week 2,15 Aug 2000,73.48123,73.57966
Week 3,22 Aug 2000,72.37734,72.47226
Week 4,29 Aug 2000,71.88159,71.98504

Week 1,05 Sep 2000,71.60949,71.70237
Week 2,12 Sep 2000,72.11513,72.21293
Week 3,19 Sep 2000,72.12581,72.22733
Week 4,26 Sep 2000,71.87707,72.00374

Week 1,03 Oct 2000,72.43006,72.55070
Week 2,10 Oct 2000,71.60876,71.70750
Week 3,17 Oct 2000,71.53006,71.63556
Week 4,24 Oct 2000,71.16230,71.25771

Week 1,31 Oct 2000,70.44793,70.54791
Week 2,07 Nov 2000,69.77459,69.86561
Week 3,14 Nov 2000,69.87940,69.97119
Week 4,21 Nov 2000,71.53824,71.64126

Week 1,28 Nov 2000,71.90136,72.00399
Week 2,05 Dec 2000,72.58766,72.69526
Week 3,12 Dec 2000,73.59401,73.69156
Week 4,19 Dec 2000,74.00466,74.11406

Week 1,26 Dec 2000,75.72297,75.82897
Week 2,02 Jan 2001,76.99464,77.10634
Week 3,09 Jan 2001,78.36449,78.47873
Week 4,16 Jan 2001,78.00051,78.11704

Week 1,23 Jan 2001,77.65531,77.76699
Week 2,30 Jan 2001,77.32966,77.44340
Week 3,06 Feb 2001,77.06221,77.17327
Week 4,13 Feb 2001,75.81941,75.92634

Week 1,20 Feb 2001,75.48141,75.58397
Week 2,27 Feb 2001,76.47466,76.58030
Week 3,06 Mar 2001,77.17639,77.28130
Week 4,13 Mar 2001,78.03969,78.14653

Week 1,20 Mar 2001,78.37760,78.47647
Week 2,27 Mar 2001,79.11324,79.22101
Week 3,03 Apr 2001,79.34339,79.44843
Week 4,10 Apr 2001,79.58516,79.69857

Week 1,17 Apr 2001,78.90616,79.01723
Week 2,24 Apr 2001,79.51884,79.62969
Week 3,01 May 2001,79.35347,79.46247
Week 4,08 May 2001,78.94160,79.05084

Week 1,15 May 2001,80.12441,80.23501
Week 2,22 May 2001,78.29489,78.41034
Week 3,29 May 2001,77.75987,77.86873
Week 4,05 Jun 2001,78.92286,79.00501

Week 1,12 Jun 2001,80.28654,80.38474
Week 2,19 Jun 2001,81.09419,81.18277
Week 3,26 Jun 2001,81.93971,82.04497
Week 4,03 Jul 2001,82.52669,82.61141

Week 1,10 Jul 2001,81.60740,81.69691
Week 2,17 Jul 2001,80.33829,80.43086
Week 3,24 Jul 2001,80.52510,80.62657
Week 4,31 Jul 2001,81.05274,81.13279

Week 1,07 Aug 2001,79.81807,79.90161
Week 2,14 Aug 2001,78.37107,78.45351
Week 3,21 Aug 2001,77.83081,77.91394
Week 4,28 Aug 2001,77.22701,77.29700

Week 1,04 Sep 2001,76.82871,76.91704
Week 2,11 Sep 2001,75.75574,75.84571
Week 3,18 Sep 2001,74.48904,74.63466
Week 4,25 Sep 2001,75.37276,75.42573

Week 1,02 Oct 2001,76.90146,76.96163
Week 2,09 Oct 2001,77.17713,77.24757
Week 3,16 Oct 2001,77.11476,77.16397
Week 4,23 Oct 2001,77.88746,77.92944

Week 1,30 Oct 2001,76.77589,76.84470
Week 2,06 Nov 2001,75.49024,75.53690
Week 3,13 Nov 2001,76.65243,76.70497
Week 4,20 Nov 2001,77.36514,77.42724

Week 1,27 Nov 2001,78.06367,78.13467
Week 2,04 Dec 2001,79.26194,79.32023
Week 3,11 Dec 2001,80.77037,80.84226
Week 4,18 Dec 2001,81.50113,81.55334

Week 1,25 Dec 2001,82.07899,82.13243
Week 2,01 Jan 2002,82.34620,82.41036
Week 3,08 Jan 2002,82.78153,82.83489
Week 4,15 Jan 2002,82.35984,82.41046

Week 1,22 Jan 2002,83.38916,83.44024
Week 2,29 Jan 2002,83.76663,83.81043
Week 3,05 Feb 2002,83.72710,83.79473
Week 4,12 Feb 2002,83.44500,83.49973

Week 1,19 Feb 2002,83.94723,84.00727
Week 2,26 Feb 2002,83.61016,83.67567
Week 3,05 Mar 2002,81.73066,81.79447
Week 4,12 Mar 2002,81.28734,81.34196

Week 1,19 Mar 2002,83.65429,83.70799
Week 2,26 Mar 2002,83.35006,83.41137
Week 3,02 Apr 2002,83.15109,83.20356
Week 4,09 Apr 2002,82.70309,82.76070

Week 1,16 Apr 2002,82.87570,82.92707
Week 2,23 Apr 2002,82.25874,82.30959
Week 3,30 Apr 2002,81.54244,81.59080
Week 4,07 May 2002,81.78800,81.82210

Week 1,14 May 2002,81.88747,81.94129
Week 2,21 May 2002,81.19366,81.24847
Week 3,28 May 2002,81.08230,81.14226
Week 4,04 Jun 2002,81.05579,81.11427

Week 1,11 Jun 2002,80.90463,80.96257
Week 2,18 Jun 2002,80.19474,80.24799
Week 3,25 Jun 2002,79.19006,79.25009
Week 4,02 Jul 2002,78.66947,78.73510

Week 1,09 Jul 2002,76.88677,76.95026
Week 2,16 Jul 2002,75.29596,75.34103
Week 3,23 Jul 2002,74.54124,74.61787
Week 4,30 Jul 2002,75.43274,75.49636

Week 1,06 Aug 2002,76.14381,76.21709
Week 2,13 Aug 2002,75.42394,75.48856
Week 3,20 Aug 2002,76.37004,76.41739
Week 4,27 Aug 2002,76.11237,76.16861

Week 1,03 Sep 2002,75.69769,75.74806
Week 2,10 Sep 2002,76.44583,76.49273
Week 3,17 Sep 2002,77.64570,77.70831
Week 4,24 Sep 2002,77.75059,77.78744

Week 1,01 Oct 2002,77.21990,77.27124
Week 2,08 Oct 2002,77.86683,77.91666
Week 3,15 Oct 2002,79.16587,79.22497
Week 4,22 Oct 2002,79.49823,79.55170

Week 1,29 Oct 2002,78.59194,78.65484
Week 2,05 Nov 2002,77.53047,77.57740
Week 3,12 Nov 2002,76.11380,76.15980
Week 4,19 Nov 2002,77.40301,77.45307

Week 1,26 Nov 2002,77.87133,77.93507
Week 2,03 Dec 2002,79.49867,79.55070
Week 3,10 Dec 2002,78.29167,78.34514
Week 4,17 Dec 2002,77.75556,77.82247

Week 1,24 Dec 2002,77.01591,77.07899
Week 2,31 Dec 2002,75.98847,76.03830
Week 3,07 Jan 2003,76.83373,76.89187
Week 4,14 Jan 2003,76.79316,76.84414

Week 1,21 Jan 2003,77.30141,77.36503
Week 2,28 Jan 2003,78.18433,78.24034
Week 3,04 Feb 2003,79.03271,79.09080
Week 4,11 Feb 2003,79.18040,79.23039

Week 1,18 Feb 2003,78.73007,78.77664
Week 2,25 Feb 2003,79.02907,79.08041
Week 3,04 Mar 2003,79.74106,79.78667
Week 4,11 Mar 2003,79.91736,79.97379

Week 1,18 Mar 2003,80.97419,81.01904
Week 2,25 Mar 2003,81.53504,81.58184
Week 3,01 Apr 2003,80.98211,81.05740
Week 4,08 Apr 2003,82.18891,82.28110

Week 1,15 Apr 2003,82.61611,82.69133
Week 2,22 Apr 2003,82.84077,82.93387
Week 3,29 Apr 2003,83.47079,83.55297
Week 4,06 May 2003,84.00037,84.08216

Week 1,13 May 2003,84.46809,84.56660
Week 2,20 May 2003,85.64331,85.74479
Week 3,27 May 2003,86.30576,86.38359
Week 4,03 Jun 2003,87.23259,87.31827

Week 1,10 Jun 2003,87.39911,87.49011
Week 2,17 Jun 2003,87.58624,87.67711
Week 3,24 Jun 2003,87.86851,87.95413
Week 4,01 Jul 2003,88.27530,88.40386

Week 1,08 Jul 2003,85.94413,86.06959
Week 2,15 Jul 2003,84.70593,84.82086
Week 3,22 Jul 2003,85.21513,85.34131
Week 4,29 Jul 2003,85.94696,86.06527

Week 1,05 Aug 2003,85.53194,85.65384
Week 2,12 Aug 2003,85.85230,85.97721
Week 3,19 Aug 2003,84.23890,84.37177
Week 4,26 Aug 2003,84.05174,84.17057

Week 1,02 Sep 2003,84.65707,84.75384
Week 2,09 Sep 2003,85.60191,85.74374
Week 3,16 Sep 2003,84.84154,84.95043
Week 4,23 Sep 2003,82.70893,82.81059

Week 1,30 Sep 2003,82.33930,82.44694
Week 2,07 Oct 2003,82.23311,82.33957
Week 3,14 Oct 2003,82.86377,82.95723
Week 4,21 Oct 2003,83.52409,83.61849

Week 1,28 Oct 2003,82.90913,83.01016
Week 2,04 Nov 2003,82.61579,82.72716
Week 3,11 Nov 2003,83.03453,83.14691
Week 4,18 Nov 2003,83.36287,83.47486

Week 1,25 Nov 2003,83.77380,83.87290
Week 2,02 Dec 2003,82.93134,83.02580
Week 3,09 Dec 2003,82.10434,82.19390
Week 4,16 Dec 2003,80.95406,81.03577

Week 1,23 Dec 2003,81.73187,81.83467
Week 2,30 Dec 2003,82.67189,82.77199
Week 3,06 Jan 2004,83.13406,83.22850
Week 4,13 Jan 2004,82.54394,82.62721

Week 1,20 Jan 2004,81.79717,81.88977
Week 2,27 Jan 2004,80.02586,80.10543
Week 3,03 Feb 2004,79.23947,79.32470
Week 4,10 Feb 2004,79.86114,79.94881

Week 1,17 Feb 2004,80.92756,81.01277
Week 2,24 Feb 2004,81.50710,81.60104
Week 3,02 Mar 2004,83.28650,83.36489
Week 4,09 Mar 2004,83.75484,83.82757

Week 1,16 Mar 2004,80.79489,80.87160
Week 2,23 Mar 2004,79.98950,80.06717
Week 3,30 Mar 2004,79.83664,79.89849
Week 4,06 Apr 2004,80.06377,80.13620

Week 1,13 Apr 2004,80.03430,80.10817
Week 2,20 Apr 2004,80.27166,80.34756
Week 3,27 Apr 2004,80.46750,80.53407
Week 4,04 May 2004,80.35503,80.43379

Week 1,11 May 2004,81.91469,81.98167
Week 2,18 May 2004,81.96810,82.03263
Week 3,25 May 2004,81.35609,81.42626
Week 4,01 Jun 2004,81.40577,81.47421

Week 1,08 Jun 2004,80.85751,80.93581
Week 2,15 Jun 2004,79.99647,80.06956
Week 3,22 Jun 2004,79.53857,79.60621
Week 4,29 Jun 2004,81.24101,81.32513

Week 1,06 Jul 2004,82.18541,82.26281
Week 2,13 Jul 2004,82.69583,82.76671
Week 3,20 Jul 2004,83.10746,83.18090
Week 4,27 Jul 2004,83.57916,83.64513

Week 1,03 Aug 2004,84.05063,84.11956
Week 2,10 Aug 2004,83.97114,84.04016
Week 3,17 Aug 2004,84.11591,84.18197
Week 4,24 Aug 2004,83.74453,83.81721

Week 1,31 Aug 2004,84.16456,84.25197
Week 2,07 Sep 2004,84.88911,84.95956
Week 3,14 Sep 2004,84.69333,84.75926
Week 4,21 Sep 2004,86.13541,86.20260

Week 1,28 Sep 2004,87.48437,87.55287
Week 2,05 Oct 2004,87.69927,87.76407
Week 3,12 Oct 2004,87.18501,87.25887
Week 4,19 Oct 2004,86.71444,86.77227

Week 1,26 Oct 2004,86.89744,86.98940
Week 2,02 Nov 2004,87.67031,87.74564
Week 3,09 Nov 2004,88.65621,88.72851
Week 4,16 Nov 2004,86.92993,87.00100

Week 1,23 Nov 2004,87.11379,87.18579
Week 2,30 Nov 2004,86.19539,86.26971
Week 3,07 Dec 2004,85.65643,85.74667
Week 4,14 Dec 2004,85.01731,85.08969

Week 1,21 Dec 2004,84.30346,84.37224
Week 2,28 Dec 2004,85.19757,85.28040
Week 3,04 Jan 2005,85.09386,85.16547
Week 4,11 Jan 2005,84.57084,84.64839

Week 1,18 Jan 2005,83.93404,84.01533
Week 2,25 Jan 2005,83.54081,83.61044
Week 3,01 Feb 2005,83.59503,83.66507
Week 4,08 Feb 2005,84.90251,84.97377

Week 1,15 Feb 2005,85.48436,85.55247
Week 2,22 Feb 2005,84.98380,85.04833
Week 3,01 Mar 2005,84.72050,84.79813
Week 4,08 Mar 2005,86.13100,86.20456

Week 1,15 Mar 2005,86.88246,86.96629
Week 2,22 Mar 2005,87.21009,87.28380
Week 3,29 Mar 2005,88.41716,88.49049
Week 4,05 Apr 2005,88.47451,88.55089

Week 1,12 Apr 2005,86.75071,86.82787
Week 2,19 Apr 2005,85.96863,86.04116
Week 3,26 Apr 2005,84.24234,84.31906
Week 4,03 May 2005,84.10713,84.17613

Week 1,10 May 2005,84.99656,85.07044
Week 2,17 May 2005,85.07863,85.16157
Week 3,24 May 2005,85.61731,85.68781
Week 4,31 May 2005,86.50317,86.57550

Week 1,07 Jun 2005,86.14833,86.21886
Week 2,14 Jun 2005,87.98969,88.06220
Week 3,21 Jun 2005,88.28526,88.35161
Week 4,28 Jun 2005,89.72699,89.80229

Week 1,05 Jul 2005,91.04774,91.13227
Week 2,12 Jul 2005,92.14361,92.21283
Week 3,19 Jul 2005,91.55649,91.64257
Week 4,26 Jul 2005,91.46081,91.54363

Week 1,02 Aug 2005,91.88979,91.96231
Week 2,09 Aug 2005,91.62771,91.72163
Week 3,16 Aug 2005,91.00291,91.08569
Week 4,23 Aug 2005,91.88414,91.97479

Week 1,30 Aug 2005,92.62836,92.70879
Week 2,06 Sep 2005,92.68784,92.77170
Week 3,13 Sep 2005,93.80077,93.89004
Week 4,20 Sep 2005,95.63653,95.71850

Week 1,27 Sep 2005,96.75180,96.84410
Week 2,04 Oct 2005,96.86437,96.95023
Week 3,11 Oct 2005,96.72629,96.81989
Week 4,18 Oct 2005,97.74723,97.81867

Week 1,25 Oct 2005,98.17763,98.25320
Week 2,01 Nov 2005,99.34781,99.42987
Week 3,08 Nov 2005,99.04476,99.14744
Week 4,15 Nov 2005,100.00010,100.08786

Week 1,22 Nov 2005,101.50357,101.58514
Week 2,29 Nov 2005,102.67943,102.77043
Week 3,06 Dec 2005,104.15414,104.24629
Week 4,13 Dec 2005,102.45897,102.55026

Week 1,20 Dec 2005,99.90026,99.99173
Week 2,27 Dec 2005,100.42274,100.52520
Week 3,03 Jan 2006,99.96969,100.09149
Week 4,10 Jan 2006,98.20579,98.29520

Week 1,17 Jan 2006,99.25010,99.33693
Week 2,24 Jan 2006,100.68507,100.74261
Week 3,31 Jan 2006,103.20543,103.27614
Week 4,07 Feb 2006,102.81114,102.90343

Week 1,14 Feb 2006,102.04171,102.13471
Week 2,21 Feb 2006,102.34571,102.43843
Week 3,28 Feb 2006,102.20686,102.26657
Week 4,07 Mar 2006,102.37700,102.46843

Week 1,14 Mar 2006,101.21746,101.30800
Week 2,21 Mar 2006,100.44373,100.53386
Week 3,28 Mar 2006,100.52647,100.61697
Week 4,04 Apr 2006,101.65171,101.74186

Week 1,11 Apr 2006,103.09271,103.18771
Week 2,18 Apr 2006,102.81200,102.90586
Week 3,25 Apr 2006,101.56286,101.65686
Week 4,02 May 2006,102.04029,102.14186

Week 1,09 May 2006,100.05616,100.14890
Week 2,16 May 2006,99.28044,99.38054
Week 3,23 May 2006,100.72830,100.82980
Week 4,30 May 2006,101.74429,101.84714

Week 1,06 Jun 2006,102.08029,102.14300
Week 2,13 Jun 2006,103.12100,103.21743
Week 3,20 Jun 2006,103.35271,103.44871
Week 4,27 Jun 2006,103.24400,103.33943

Week 1,04 Jul 2006,103.03486,103.13300
Week 2,11 Jul 2006,102.03300,102.12771
Week 3,18 Jul 2006,102.76786,102.82714
Week 4,25 Jul 2006,101.95314,102.00643

Week 1,01 Aug 2006,101.55657,101.64900
Week 2,08 Aug 2006,102.80314,102.89814
Week 3,15 Aug 2006,103.18271,103.27800
Week 4,22 Aug 2006,104.74571,104.84486

Week 1,29 Aug 2006,105.73857,105.83800
Week 2,05 Sep 2006,104.70214,104.80057
Week 3,12 Sep 2006,104.95386,105.05171
Week 4,19 Sep 2006,104.43243,104.52829

Week 1,26 Sep 2006,105.25800,105.35457
Week 2,03 Oct 2006,105.22443,105.30286
Week 3,10 Oct 2006,105.35843,105.45300
Week 4,17 Oct 2006,104.86571,104.96014

Week 1,24 Oct 2006,105.41729,105.51229
Week 2,31 Oct 2006,104.06800,104.16143
Week 3,07 Nov 2006,104.14000,104.23257
Week 4,14 Nov 2006,103.24314,103.33514

Week 1,21 Nov 2006,102.36100,102.45214
Week 2,28 Nov 2006,101.69871,101.78843
Week 3,05 Dec 2006,100.73300,100.80971
Week 4,12 Dec 2006,101.76057,101.85171

Week 1,19 Dec 2006,102.44600,102.53786
Week 2,26 Dec 2006,102.30786,102.42329
Week 3,02 Jan 2007,101.49614,101.60229
Week 4,09 Jan 2007,101.94029,102.02914

Week 1,16 Jan 2007,103.09386,103.18343
Week 2,23 Jan 2007,102.86571,102.95386
Week 3,30 Jan 2007,102.58457,102.67243
Week 4,06 Feb 2007,102.54571,102.63443

Week 1,13 Feb 2007,103.11371,103.20371
Week 2,20 Feb 2007,103.72386,103.81500
Week 3,27 Feb 2007,101.09624,101.15447
Week 4,06 Mar 2007,99.46926,99.55650

Week 1,13 Mar 2007,99.61990,99.70779
Week 2,20 Mar 2007,101.12544,101.21427
Week 3,27 Mar 2007,101.71057,101.80071
Week 4,03 Apr 2007,102.82186,102.91429

Week 1,10 Apr 2007,104.28271,104.37771
Week 2,17 Apr 2007,105.24771,105.34229
Week 3,24 Apr 2007,106.35243,106.44800
Week 4,01 May 2007,108.13029,108.22814

Week 1,08 May 2007,108.30357,108.40143
Week 2,15 May 2007,109.94043,110.03443
Week 3,22 May 2007,112.14186,112.23714
Week 4,29 May 2007,113.74000,113.83843

Week 1,05 Jun 2007,114.57471,114.67257
Week 2,12 Jun 2007,115.01714,115.11471
Week 3,19 Jun 2007,115.71157,115.81100
Week 4,26 Jun 2007,115.45514,115.55271

Week 1,03 Jul 2007,116.39786,116.49900
Week 2,10 Jul 2007,116.53871,116.63800
Week 3,17 Jul 2007,116.40943,116.50843
Week 4,24 Jul 2007,113.88843,113.98700

Week 1,31 Jul 2007,111.81257,111.90929
Week 2,07 Aug 2007,112.41186,112.50843
Week 3,14 Aug 2007,108.73600,108.83829
Week 4,21 Aug 2007,109.34857,109.44771

Week 1,28 Aug 2007,109.36914,109.46443
Week 2,04 Sep 2007,109.01086,109.10829
Week 3,11 Sep 2007,110.18657,110.28486
Week 4,18 Sep 2007,114.10300,114.20800

Week 1,25 Sep 2007,115.07329,115.17829
Week 2,02 Oct 2007,117.33129,117.43957
Week 3,09 Oct 2007,119.89171,120.00271
Week 4,16 Oct 2007,119.15357,119.26486

Week 1,23 Oct 2007,118.08957,118.19914
Week 2,30 Oct 2007,121.23771,121.31586
Week 3,06 Nov 2007,120.75557,120.87214
Week 4,13 Nov 2007,114.41671,114.52786

Week 1,20 Nov 2007,110.66543,110.77214
Week 2,27 Nov 2007,110.41229,110.49957
Week 3,04 Dec 2007,110.08757,110.19486
Week 4,11 Dec 2007,110.73614,110.84000

Week 1,18 Dec 2007,113.26929,113.37857
Week 2,25 Dec 2007,115.32929,115.47900
Week 3,01 Jan 2008,110.64914,110.79286
Week 4,08 Jan 2008,108.02600,108.12600

Week 1,15 Jan 2008,104.73414,104.83057
Week 2,22 Jan 2008,104.60214,104.70129
Week 3,29 Jan 2008,106.64900,106.75171
Week 4,05 Feb 2008,106.76843,106.87171

Week 1,12 Feb 2008,107.38786,107.48757
Week 2,19 Feb 2008,106.33357,106.43257
Week 3,26 Feb 2008,107.06329,107.16514
Week 4,04 Mar 2008,104.18071,104.28071

Week 1,11 Mar 2008,101.94729,102.04643
Week 2,18 Mar 2008,97.78714,97.89473
Week 3,25 Mar 2008,97.66444,97.76251
Week 4,01 Apr 2008,99.82241,99.92237

Week 1,08 Apr 2008,99.85773,99.95387
Week 2,15 Apr 2008,101.20126,101.29793
Week 3,22 Apr 2008,102.54071,102.63757
Week 4,29 Apr 2008,103.01286,103.11071

Week 1,06 May 2008,103.05257,103.15157
Week 2,13 May 2008,104.01214,104.11171
Week 3,20 May 2008,104.64229,104.74643
Week 4,27 May 2008,105.55729,105.66171

Week 1,03 Jun 2008,103.84543,103.93443
Week 2,10 Jun 2008,104.72214,104.82371
Week 3,17 Jun 2008,105.71429,105.81443
Week 4,24 Jun 2008,105.77814,105.87729

Week 1,01 Jul 2008,104.49071,104.58986
Week 2,08 Jul 2008,105.38271,105.48100
Week 3,15 Jul 2008,105.48986,105.58857
Week 4,22 Jul 2008,106.09729,106.19957

Week 1,29 Jul 2008,105.16300,105.26486
Week 2,05 Aug 2008,103.86243,103.95571
Week 3,12 Aug 2008,103.33329,103.42600
Week 4,19 Aug 2008,104.08229,104.16143

Week 1,26 Aug 2008,103.66771,103.75914
Week 2,02 Sep 2008,101.27360,101.36664
Week 3,09 Sep 2008,100.96716,101.06354
Week 4,16 Sep 2008,100.01190,100.11946

Week 1,23 Sep 2008,102.22671,102.33086
Week 2,30 Sep 2008,98.90503,99.00963
Week 3,07 Oct 2008,88.93450,89.07003
Week 4,14 Oct 2008,86.30380,86.42846

Week 1,21 Oct 2008,78.47574,78.58723
Week 2,28 Oct 2008,78.14534,78.29503
Week 3,04 Nov 2008,83.31521,83.42217
Week 4,11 Nov 2008,79.92557,80.02639

Week 1,18 Nov 2008,76.54647,76.63827
Week 2,25 Nov 2008,77.09564,77.19603
Week 3,02 Dec 2008,73.85250,73.94150
Week 4,09 Dec 2008,73.36254,73.42397

Week 1,16 Dec 2008,73.47659,73.57324
Week 2,23 Dec 2008,74.19000,74.31856
Week 3,30 Dec 2008,74.77774,74.92777
Week 4,06 Jan 2009,77.15123,77.23841

Week 1,13 Jan 2009,72.92967,73.00810
Week 2,20 Jan 2009,71.53871,71.61651
Week 3,27 Jan 2009,73.05083,73.13289
Week 4,03 Feb 2009,73.46837,73.54864

Week 1,10 Feb 2009,73.77097,73.84891
Week 2,17 Feb 2009,74.13264,74.20776
Week 3,24 Feb 2009,76.81603,76.88941
Week 4,03 Mar 2009,76.32859,76.40181

Week 1,10 Mar 2009,76.51019,76.58553
Week 2,17 Mar 2009,77.18076,77.26051
Week 3,24 Mar 2009,79.17906,79.26016
Week 4,31 Mar 2009,79.58193,79.66109

Week 1,07 Apr 2009,81.42467,81.50707
Week 2,14 Apr 2009,81.81859,81.89906
Week 3,21 Apr 2009,79.82187,79.89367
Week 4,28 Apr 2009,81.53646,81.61600

Week 1,05 May 2009,84.71083,84.79653
Week 2,12 May 2009,82.16599,82.24584
Week 3,19 May 2009,83.28664,83.37013
Week 4,26 May 2009,85.97087,86.05764

Week 1,02 Jun 2009,87.91719,88.00693
Week 2,09 Jun 2009,88.17349,88.26424
Week 3,16 Jun 2009,85.29440,85.38431
Week 4,23 Jun 2009,82.96067,83.04437

Week 1,30 Jun 2009,82.96439,83.04674
Week 2,07 Jul 2009,80.46269,80.54239
Week 3,14 Jul 2009,82.99176,83.08323
Week 4,21 Jul 2009,86.06749,86.15517

Week 1,28 Jul 2009,87.69709,87.78969
Week 2,04 Aug 2009,89.15669,89.24796
Week 3,11 Aug 2009,87.59311,87.68289
Week 4,18 Aug 2009,86.24573,86.33721

Week 1,25 Aug 2009,86.32723,86.43804
Week 2,01 Sep 2009,84.64031,84.72826
Week 3,08 Sep 2009,85.06746,85.15296
Week 4,15 Sep 2009,84.85767,84.94160

Week 1,22 Sep 2009,83.90147,83.98777
Week 2,29 Sep 2009,82.87603,82.95061
Week 3,06 Oct 2009,84.48377,84.57076
Week 4,13 Oct 2009,87.25877,87.34439

Week 1,20 Oct 2009,87.23963,87.31189
Week 2,27 Oct 2009,84.92350,84.98943
Week 3,03 Nov 2009,84.13960,84.21926
Week 4,10 Nov 2009,85.27021,85.34824

Week 1,17 Nov 2009,84.00250,84.07899
Week 2,24 Nov 2009,82.50210,82.57859
Week 3,01 Dec 2009,83.77464,83.85044
Week 4,08 Dec 2009,84.02669,84.10297

Week 1,15 Dec 2009,84.32550,84.40187
Week 2,22 Dec 2009,86.63633,86.73727
Week 3,29 Dec 2009,88.01057,88.14394
Week 4,05 Jan 2010,89.39286,89.47436

Week 1,12 Jan 2010,88.56249,88.64230
Week 2,19 Jan 2010,86.68746,86.75876
Week 3,26 Jan 2010,84.56374,84.63576
Week 4,02 Feb 2010,84.34129,84.41473

Week 1,09 Feb 2010,84.65950,84.73176
Week 2,16 Feb 2010,87.06140,87.15649
Week 3,23 Feb 2010,85.29516,85.38731
Week 4,02 Mar 2010,86.44887,86.54323

Week 1,09 Mar 2010,88.26176,88.35857
Week 2,16 Mar 2010,89.03944,89.14183
Week 3,23 Mar 2010,89.62519,89.72057
Week 4,30 Mar 2010,92.22746,92.31361

Week 1,06 Apr 2010,93.23851,93.34186
Week 2,13 Apr 2010,92.24851,92.34707
Week 3,20 Apr 2010,93.02400,93.09436
Week 4,27 Apr 2010,92.92316,93.02403

Week 1,04 May 2010,90.01926,90.11707
Week 2,11 May 2010,90.34097,90.43700
Week 3,18 May 2010,86.55534,86.64650
Week 4,25 May 2010,85.45634,85.54886

Week 1,01 Jun 2010,87.38241,87.47516
Week 2,08 Jun 2010,87.81690,87.91073
Week 3,15 Jun 2010,88.77059,88.85126
Week 4,22 Jun 2010,87.02656,87.12244

Week 1,29 Jun 2010,83.57659,83.66729
Week 2,06 Jul 2010,84.19341,84.28711
Week 3,13 Jul 2010,84.02877,84.12059
Week 4,20 Jul 2010,83.52927,83.62186

Week 1,27 Jul 2010,84.18233,84.28004
Week 2,03 Aug 2010,83.88771,83.98337
Week 3,10 Aug 2010,82.57791,82.66863
Week 4,17 Aug 2010,82.13831,82.22881

Week 1,24 Aug 2010,80.41659,80.50459
Week 2,31 Aug 2010,80.31121,80.40049
Week 3,07 Sep 2010,80.88969,81.00333
Week 4,14 Sep 2010,82.61500,82.70441

Week 1,21 Sep 2010,82.37350,82.46649
Week 2,28 Sep 2010,81.43034,81.52231
Week 3,05 Oct 2010,81.33291,81.42480
Week 4,12 Oct 2010,80.84627,80.93853

Week 1,19 Oct 2010,79.31414,79.40363
Week 2,26 Oct 2010,79.10173,79.18939
Week 3,02 Nov 2010,80.37046,80.44936
Week 4,09 Nov 2010,81.42241,81.49940

Week 1,16 Nov 2010,81.87430,81.95189
Week 2,23 Nov 2010,82.17664,82.25461
Week 3,30 Nov 2010,82.41707,82.49649
Week 4,07 Dec 2010,82.81354,82.89324

Week 1,14 Dec 2010,83.13113,83.20991
Week 2,21 Dec 2010,82.26841,82.35337
Week 3,28 Dec 2010,81.71027,81.79691
Week 4,04 Jan 2011,83.05154,83.13199

Week 1,11 Jan 2011,83.70440,83.78379
Week 2,18 Jan 2011,83.15083,83.23033
Week 3,25 Jan 2011,82.57339,82.65133
Week 4,01 Feb 2011,82.55071,82.62897

Week 1,08 Feb 2011,83.55850,83.63687
Week 2,15 Feb 2011,84.50463,84.58497
Week 3,22 Feb 2011,83.66011,83.74141
Week 4,01 Mar 2011,84.30610,84.37039

Week 1,08 Mar 2011,84.65340,84.73553
Week 2,15 Mar 2011,82.04499,82.13049
Week 3,22 Mar 2011,82.76657,82.84577
Week 4,29 Mar 2011,85.55221,85.63436

Week 1,05 Apr 2011,88.28669,88.40140
Week 2,12 Apr 2011,87.12457,87.20829
Week 3,19 Apr 2011,86.00870,86.09440
Week 4,26 Apr 2011,85.88749,85.97360

Week 1,03 May 2011,84.14163,84.22623
Week 2,10 May 2011,83.74986,83.83213
Week 3,17 May 2011,83.77240,83.85324
Week 4,24 May 2011,83.29420,83.37340

Week 1,31 May 2011,82.74380,82.82391
Week 2,07 Jun 2011,81.92729,82.00643
Week 3,14 Jun 2011,82.15693,82.23580
Week 4,21 Jun 2011,81.89241,81.97060

Week 1,28 Jun 2011,83.18157,83.26240
Week 2,05 Jul 2011,84.04141,84.12333
Week 3,12 Jul 2011,82.67776,82.76256
Week 4,19 Jul 2011,82.85614,82.93833

Week 1,26 Jul 2011,81.64354,81.72471
Week 2,02 Aug 2011,80.39293,80.53711
Week 3,09 Aug 2011,77.86261,77.94470
Week 4,16 Aug 2011,77.64951,77.72534

Week 1,23 Aug 2011,77.88146,77.95711
Week 2,30 Aug 2011,78.29970,78.37496
Week 3,06 Sep 2011,77.99949,78.07593
Week 4,13 Sep 2011,77.86517,77.94276

Week 1,20 Sep 2011,75.67097,75.74749
Week 2,27 Sep 2011,74.01061,74.08223
Week 3,04 Oct 2011,73.43571,73.50667
Week 4,11 Oct 2011,75.41580,75.48741

Week 1,18 Oct 2011,75.60439,75.67734
Week 2,25 Oct 2011,75.93169,76.00504
Week 3,01 Nov 2011,77.12739,77.20069
Week 4,08 Nov 2011,76.39650,76.46847

Week 1,15 Nov 2011,75.15581,75.22681
Week 2,22 Nov 2011,74.05854,74.12710
Week 3,29 Nov 2011,76.00653,76.07683
Week 4,06 Dec 2011,76.44280,76.51333

Week 1,13 Dec 2011,75.30837,75.37499
Week 2,20 Dec 2011,75.97190,76.04247
Week 3,27 Dec 2011,75.89293,75.97180
Week 4,03 Jan 2012,75.36817,75.44679

Week 1,10 Jan 2012,75.24206,75.31013
Week 2,17 Jan 2012,75.78950,75.85759
Week 3,24 Jan 2012,76.72220,76.79139
Week 4,31 Jan 2012,76.47713,76.54697

Week 1,07 Feb 2012,77.34260,77.41326
Week 2,14 Feb 2012,78.80897,78.88397
Week 3,21 Feb 2012,80.51570,80.58666
Week 4,28 Feb 2012,81.80757,81.88056

Week 1,06 Mar 2012,82.15051,82.22273
Week 2,13 Mar 2012,83.83287,83.90749
Week 3,20 Mar 2012,83.40727,83.48059
Week 4,27 Mar 2012,82.96276,83.03777

Week 1,03 Apr 2012,82.53374,82.60979
Week 2,10 Apr 2012,81.05987,81.13469
Week 3,17 Apr 2012,81.73341,81.81699
Week 4,24 Apr 2012,82.02399,82.11219

Week 1,01 May 2012,80.87147,80.94631
Week 2,08 May 2012,79.84036,79.92097
Week 3,15 May 2012,78.59731,78.67856
Week 4,22 May 2012,77.61026,77.68071

Week 1,29 May 2012,76.27509,76.34450
Week 2,05 Jun 2012,76.57403,76.65263
Week 3,12 Jun 2012,77.22483,77.29507
Week 4,19 Jun 2012,77.90724,77.97916

Week 1,26 Jun 2012,77.78569,77.85830
Week 2,03 Jul 2012,78.43730,78.47883
Week 3,10 Jul 2012,77.93986,77.98011
Week 4,17 Jul 2012,77.76943,77.80741

Week 1,24 Jul 2012,77.37046,77.41204
Week 2,31 Jul 2012,78.08896,78.12867
Week 3,07 Aug 2012,78.77561,78.81537
Week 4,14 Aug 2012,79.84037,79.88083

Week 1,21 Aug 2012,79.64274,79.68381
Week 2,28 Aug 2012,79.40361,79.44477
Week 3,04 Sep 2012,79.68264,79.72543
Week 4,11 Sep 2012,80.20007,80.24283

Week 1,18 Sep 2012,80.34229,80.39497
Week 2,25 Sep 2012,79.26109,79.30264
Week 3,02 Oct 2012,79.82321,79.86567
Week 4,09 Oct 2012,80.02277,80.06506

Week 1,16 Oct 2012,80.15827,80.19913
Week 2,23 Oct 2012,80.21601,80.25496
Week 3,30 Oct 2012,80.17996,80.21914
Week 4,06 Nov 2012,80.01283,80.05217

Week 1,13 Nov 2012,80.35687,80.39556
Week 2,20 Nov 2012,82.37486,82.41676
Week 3,27 Nov 2012,82.77620,82.81803
Week 4,04 Dec 2012,83.03474,83.07317

Week 1,11 Dec 2012,84.29199,84.33111
Week 2,18 Dec 2012,85.07563,85.11520
Week 3,25 Dec 2012,85.94497,85.98327
Week 4,01 Jan 2013,88.21831,88.26141

Week 1,08 Jan 2013,89.60371,89.64547
Week 2,15 Jan 2013,90.50021,90.54743
Week 3,22 Jan 2013,89.90819,89.94620
Week 4,29 Jan 2013,91.50343,91.55456

Week 1,05 Feb 2013,93.07560,93.14940
Week 2,12 Feb 2013,92.93937,92.99369
Week 3,19 Feb 2013,91.98020,92.03020
Week 4,26 Feb 2013,90.46310,90.50627

Week 1,05 Mar 2013,91.89504,91.94150
Week 2,12 Mar 2013,93.57960,93.62174
Week 3,19 Mar 2013,92.70924,92.78059
Week 4,26 Mar 2013,92.59364,92.66784

Week 1,02 Apr 2013,93.73126,93.80876
Week 2,09 Apr 2013,97.53483,97.62670
Week 3,16 Apr 2013,96.12261,96.18607
Week 4,23 Apr 2013,96.72217,96.79784

Week 1,30 Apr 2013,97.17163,97.24033
Week 2,07 May 2013,99.36694,99.43690
Week 3,14 May 2013,100.41500,100.47214
Week 4,21 May 2013,98.94510,99.04017

Week 1,28 May 2013,97.52709,97.63323
Week 2,04 Jun 2013,95.90064,95.96353
Week 3,11 Jun 2013,93.96081,94.04004
Week 4,18 Jun 2013,93.54064,93.60780

Week 1,25 Jun 2013,93.67183,93.74271
Week 2,02 Jul 2013,95.15331,95.22679
Week 3,09 Jul 2013,95.52930,95.58611
Week 4,16 Jul 2013,96.24040,96.33549

Week 1,23 Jul 2013,96.28330,96.37973
Week 2,30 Jul 2013,95.38119,95.47170
Week 3,06 Aug 2013,93.70007,93.78216
Week 4,13 Aug 2013,94.42931,94.50426

Week 1,20 Aug 2013,93.89917,93.98507
Week 2,27 Aug 2013,93.18033,93.27979
Week 3,03 Sep 2013,94.81381,94.89456
Week 4,10 Sep 2013,96.26520,96.31699

Week 1,17 Sep 2013,96.30833,96.38186
Week 2,24 Sep 2013,95.66603,95.74071
Week 3,01 Oct 2013,94.62014,94.65666
Week 4,08 Oct 2013,94.37963,94.45373

Week 1,15 Oct 2013,95.02909,95.12107
Week 2,22 Oct 2013,94.02704,94.09220
Week 3,29 Oct 2013,94.05700,94.13236
Week 4,05 Nov 2013,94.42833,94.48426

Week 1,12 Nov 2013,95.30214,95.36313
Week 2,19 Nov 2013,95.96657,96.02874
Week 3,26 Nov 2013,96.40194,96.47066
Week 4,03 Dec 2013,96.30580,96.37093

Week 1,10 Dec 2013,97.09240,97.16531
Week 2,17 Dec 2013,97.40093,97.48267
Week 3,24 Dec 2013,98.18937,98.26040
Week 4,31 Dec 2013,98.59277,98.65700

Week 1,07 Jan 2014,96.71447,96.77994
Week 2,14 Jan 2014,95.17474,95.25346
Week 3,21 Jan 2014,93.69871,93.78281
Week 4,28 Jan 2014,91.94931,92.04464

Week 1,04 Feb 2014,92.01853,92.09791
Week 2,11 Feb 2014,92.77539,92.85144
Week 3,18 Feb 2014,92.53167,92.60531
Week 4,25 Feb 2014,92.02943,92.10063

Week 1,04 Mar 2014,92.63863,92.72583
Week 2,11 Mar 2014,92.10483,92.16826
Week 3,18 Mar 2014,91.24267,91.29166
Week 4,25 Mar 2014,92.15940,92.19783

Week 1,01 Apr 2014,93.90810,93.95364
Week 2,08 Apr 2014,93.16111,93.20489
Week 3,15 Apr 2014,92.80994,92.89193
Week 4,22 Apr 2014,92.79031,92.83353

Week 1,29 Apr 2014,93.16290,93.22297
Week 2,06 May 2014,93.36421,93.42626
Week 3,13 May 2014,93.51730,93.57051
Week 4,20 May 2014,93.34173,93.39824

Week 1,27 May 2014,93.76153,93.84749
Week 2,03 Jun 2014,93.78797,93.83923
Week 3,10 Jun 2014,93.86746,93.91839
Week 4,17 Jun 2014,94.28597,94.33619

Week 1,24 Jun 2014,94.96653,95.05073
Week 2,01 Jul 2014,95.53400,95.59117
Week 3,08 Jul 2014,94.97621,95.05326
Week 4,15 Jul 2014,94.44447,94.49687

Week 1,22 Jul 2014,94.38194,94.45104
Week 2,29 Jul 2014,94.12853,94.17257
Week 3,05 Aug 2014,93.40009,93.44094
Week 4,12 Aug 2014,93.71444,93.77269

Week 1,19 Aug 2014,94.54730,94.61024
Week 2,26 Aug 2014,95.35551,95.41211
Week 3,02 Sep 2014,96.34456,96.39400
Week 4,09 Sep 2014,96.83813,96.89104

Week 1,16 Sep 2014,98.42624,98.47696
Week 2,23 Sep 2014,98.28000,98.32500
Week 3,30 Sep 2014,97.72743,97.78219
Week 4,07 Oct 2014,96.73494,96.79846

Week 1,14 Oct 2014,94.76441,94.84126
Week 2,21 Oct 2014,95.64647,95.68773
Week 3,28 Oct 2014,97.81494,97.86240
Week 4,04 Nov 2014,100.52766,100.57646

Week 1,11 Nov 2014,102.08900,102.13814
Week 2,18 Nov 2014,104.02386,104.10586
Week 3,25 Nov 2014,104.27900,104.36714
Week 4,02 Dec 2014,105.24529,105.32714

Week 1,09 Dec 2014,103.61357,103.68186
Week 2,16 Dec 2014,102.04329,102.10143
Week 3,23 Dec 2014,103.44571,103.53600
Week 4,30 Dec 2014,102.90957,102.99571

Week 1,06 Jan 2015,100.72757,100.79677
Week 2,13 Jan 2015,98.27784,98.37357
Week 3,20 Jan 2015,96.26610,96.35023
Week 4,27 Jan 2015,93.67896,93.76339

Week 1,03 Feb 2015,94.12804,94.19277
Week 2,10 Feb 2015,95.14859,95.23839
Week 3,17 Feb 2015,95.25513,95.31869
Week 4,24 Feb 2015,95.25700,95.35623

Week 1,03 Mar 2015,95.88019,95.93037
Week 2,10 Mar 2015,95.42580,95.49304
Week 3,17 Mar 2015,95.20417,95.26741
Week 4,24 Mar 2015,95.16449,95.21393

Week 1,31 Mar 2015,94.89820,95.00211
Week 2,07 Apr 2015,95.70504,95.78294
Week 3,14 Apr 2015,96.47397,96.56153
Week 4,21 Apr 2015,97.71826,97.78010

Week 1,28 Apr 2015,98.68660,98.76576
Week 2,05 May 2015,99.11204,99.20204
Week 3,12 May 2015,99.42231,99.49346
Week 4,19 May 2015,98.95896,99.03723

Week 1,26 May 2015,99.31690,99.37431
Week 2,02 Jun 2015,100.09270,100.17044
Week 3,09 Jun 2015,100.34914,100.42314
Week 4,16 Jun 2015,100.24149,100.33743

Week 1,23 Jun 2015,100.26721,100.34929
Week 2,30 Jun 2015,98.09274,98.19721
Week 3,07 Jul 2015,96.32566,96.42699
Week 4,14 Jul 2015,96.07730,96.14257

Week 1,21 Jul 2015,95.20857,95.27233
Week 2,28 Jul 2015,95.04516,95.11189
Week 3,04 Aug 2015,94.56436,94.62461
Week 4,11 Aug 2015,95.18266,95.23723

Week 1,18 Aug 2015,93.97121,94.05201
Week 2,25 Aug 2015,91.03037,91.10499
Week 3,01 Sep 2015,90.53029,90.57610
Week 4,08 Sep 2015,90.72097,90.79404

Week 1,15 Sep 2015,90.92123,90.98253
Week 2,22 Sep 2015,90.42384,90.49666
Week 3,29 Sep 2015,90.28460,90.34113
Week 4,06 Oct 2015,92.26504,92.33287

Week 1,13 Oct 2015,92.26530,92.35826
Week 2,20 Oct 2015,92.04259,92.09607
Week 3,27 Oct 2015,91.76040,91.80511
Week 4,03 Nov 2015,92.42156,92.46311

Week 1,10 Nov 2015,92.44191,92.49586
Week 2,17 Nov 2015,92.30576,92.38707
Week 3,24 Nov 2015,91.94857,92.01910
Week 4,01 Dec 2015,92.09084,92.13751

Week 1,08 Dec 2015,89.58933,89.63847
Week 2,15 Dec 2015,87.76387,87.80927
Week 3,22 Dec 2015,86.87804,86.92813
Week 4,29 Dec 2015,86.83883,86.86859

Week 1,05 Jan 2016,84.07206,84.11863
Week 2,12 Jan 2016,81.78450,81.82924
Week 3,19 Jan 2016,82.01607,82.06496
Week 4,26 Jan 2016,84.85451,84.90264

Week 1,02 Feb 2016,85.15651,85.21427
Week 2,09 Feb 2016,82.01199,82.07110
Week 3,16 Feb 2016,82.31004,82.36179
Week 4,23 Feb 2016,82.77331,82.81336

Week 1,01 Mar 2016,84.64256,84.69994
Week 2,08 Mar 2016,85.31873,85.36849
Week 3,15 Mar 2016,85.53256,85.58914
Week 4,22 Mar 2016,85.36387,85.42900

Week 1,29 Mar 2016,86.07156,86.12934
Week 2,05 Apr 2016,83.68844,83.74851
Week 3,12 Apr 2016,84.62240,84.68437
Week 4,19 Apr 2016,86.53680,86.58583

Week 1,26 Apr 2016,86.49536,86.54459
Week 2,03 May 2016,83.61537,83.65363
Week 3,10 May 2016,84.10307,84.15304
Week 4,17 May 2016,84.19363,84.24831

Week 1,24 May 2016,84.15047,84.20603
Week 2,31 May 2016,83.53820,83.59497
Week 3,07 Jun 2016,83.73861,83.77576
Week 4,14 Jun 2016,81.55111,81.60714

Week 1,21 Jun 2016,80.48814,80.57609
Week 2,28 Jun 2016,78.96100,79.03473
Week 3,05 Jul 2016,77.92689,77.98321
Week 4,12 Jul 2016,80.28180,80.34253

Week 1,19 Jul 2016,81.23123,81.29130
Week 2,26 Jul 2016,79.24044,79.29996
Week 3,02 Aug 2016,77.52597,77.57886
Week 4,09 Aug 2016,77.91969,77.97176

Week 1,16 Aug 2016,78.00783,78.06141
Week 2,23 Aug 2016,77.87596,77.93441
Week 3,30 Aug 2016,79.11131,79.16970
Week 4,06 Sep 2016,79.16486,79.22117

Week 1,13 Sep 2016,77.66859,77.72244
Week 2,20 Sep 2016,76.95943,77.01707
Week 3,27 Sep 2016,76.73246,76.78967
Week 4,04 Oct 2016,77.81277,77.86389

Week 1,11 Oct 2016,78.66336,78.71790
Week 2,18 Oct 2016,78.59043,78.63590
Week 3,25 Oct 2016,78.18556,78.23271
Week 4,01 Nov 2016,77.33477,77.38224

Week 1,08 Nov 2016,78.44289,78.50123
Week 2,15 Nov 2016,81.11986,81.17771
Week 3,22 Nov 2016,83.25286,83.31369
Week 4,29 Nov 2016,84.70389,84.76314

Week 1,06 Dec 2016,86.42950,86.48937
Week 2,13 Dec 2016,88.13347,88.19296
Week 3,20 Dec 2016,87.28617,87.34531
Week 4,27 Dec 2016,86.67717,86.75336

Week 1,03 Jan 2017,87.77049,87.84724
Week 2,10 Jan 2017,87.50419,87.56451
Week 3,17 Jan 2017,86.33309,86.39319
Week 4,24 Jan 2017,86.73381,86.79399

Week 1,31 Jan 2017,86.62729,86.68751
Week 2,07 Feb 2017,85.93801,85.99703
Week 3,14 Feb 2017,86.72040,86.77936
Week 4,21 Feb 2017,85.97380,86.05736

Week 1,28 Feb 2017,85.26464,85.33140
Week 2,07 Mar 2017,85.06206,85.11694
Week 3,14 Mar 2017,84.91951,84.98448
Week 4,21 Mar 2017,83.54654,83.59163

Week 1,28 Mar 2017,83.27257,83.31369
Week 2,04 Apr 2017,82.73349,82.78994
Week 3,11 Apr 2017,82.15502,82.20880
Week 4,18 Apr 2017,81.05447,81.11854

Week 1,25 Apr 2017,81.65080,81.70614
Week 2,02 May 2017,82.03088,82.09505
Week 3,09 May 2017,82.83144,82.88482
Week 4,16 May 2017,82.40034,82.44778

Week 1,23 May 2017,82.70771,82.77208
Week 2,30 May 2017,82.22101,82.26516
Week 3,06 Jun 2017,81.65252,81.71133
Week 4,13 Jun 2017,83.20882,83.25158

Week 1,20 Jun 2017,83.91156,83.96495
Week 2,27 Jun 2017,85.73407,85.79233
Week 3,04 Jul 2017,87.63918,87.69095
Week 4,11 Jul 2017,88.68489,88.71696

Week 1,18 Jul 2017,88.71737,88.75189
Week 2,25 Jul 2017,88.96217,89.00501
Week 3,01 Aug 2017,87.85645,87.90547
Week 4,08 Aug 2017,86.47755,86.52485

Week 1,15 Aug 2017,86.70004,86.73960
Week 2,22 Aug 2017,87.22934,87.26555
Week 3,29 Aug 2017,87.98138,88.01839
Week 4,05 Sep 2017,88.69913,88.73078

Week 1,12 Sep 2017,90.59508,90.64270
Week 2,19 Sep 2017,90.93928,90.96946
Week 3,26 Sep 2017,90.42983,90.50620
Week 4,03 Oct 2017,90.04729,90.09575

Week 1,10 Oct 2017,89.81489,89.85511
Week 2,17 Oct 2017,89.92544,89.95593
Week 3,24 Oct 2017,89.17371,89.20275
Week 4,31 Oct 2017,88.80302,88.83749

Week 1,07 Nov 2017,89.41528,89.44235
Week 2,14 Nov 2017,88.45336,88.48915
Week 3,21 Nov 2017,87.69440,87.74224
Week 4,28 Nov 2017,87.57244,87.60632

Week 1,05 Dec 2017,88.61462,88.63660

