CAD->TRY

Week 1,01 Dec 1998,0.19809,0.19852
Week 2,08 Dec 1998,0.19796,0.19833
Week 3,15 Dec 1998,0.19969,0.20006
Week 4,22 Dec 1998,0.20165,0.20202

Week 1,29 Dec 1998,0.20478,0.20519
Week 2,05 Jan 1999,0.21071,0.21113
Week 3,12 Jan 1999,0.21155,0.21198
Week 4,19 Jan 1999,0.21532,0.21590

Week 1,26 Jan 1999,0.21870,0.21909
Week 2,02 Feb 1999,0.22515,0.22557
Week 3,09 Feb 1999,0.22821,0.22862
Week 4,16 Feb 1999,0.23215,0.23259

Week 1,23 Feb 1999,0.23400,0.23444
Week 2,02 Mar 1999,0.23541,0.23585
Week 3,09 Mar 1999,0.23679,0.23719
Week 4,16 Mar 1999,0.23967,0.24011

Week 1,23 Mar 1999,0.24465,0.24525
Week 2,30 Mar 1999,0.24870,0.24926
Week 3,06 Apr 1999,0.25090,0.25137
Week 4,13 Apr 1999,0.25649,0.25694

Week 1,20 Apr 1999,0.26065,0.26116
Week 2,27 Apr 1999,0.26609,0.26662
Week 3,04 May 1999,0.26832,0.26879
Week 4,11 May 1999,0.27033,0.27084

Week 1,18 May 1999,0.27284,0.27337
Week 2,25 May 1999,0.27471,0.27517
Week 3,01 Jun 1999,0.27547,0.27595
Week 4,08 Jun 1999,0.27912,0.27960

Week 1,15 Jun 1999,0.28384,0.28435
Week 2,22 Jun 1999,0.28413,0.28459
Week 3,29 Jun 1999,0.28705,0.28758
Week 4,06 Jul 1999,0.29074,0.29126

Week 1,13 Jul 1999,0.29058,0.29107
Week 2,20 Jul 1999,0.28496,0.28547
Week 3,27 Jul 1999,0.28397,0.28445
Week 4,03 Aug 1999,0.28692,0.28740

Week 1,10 Aug 1999,0.29261,0.29310
Week 2,17 Aug 1999,0.29476,0.29527
Week 3,24 Aug 1999,0.29818,0.29872
Week 4,31 Aug 1999,0.29914,0.29968

Week 1,07 Sep 1999,0.30500,0.30551
Week 2,14 Sep 1999,0.31083,0.31134
Week 3,21 Sep 1999,0.31290,0.31343
Week 4,28 Sep 1999,0.31385,0.31439

Week 1,05 Oct 1999,0.31551,0.31606
Week 2,12 Oct 1999,0.31415,0.31476
Week 3,19 Oct 1999,0.31882,0.31938
Week 4,26 Oct 1999,0.32627,0.32680

Week 1,02 Nov 1999,0.33115,0.33172
Week 2,09 Nov 1999,0.33807,0.33865
Week 3,16 Nov 1999,0.34266,0.34325
Week 4,23 Nov 1999,0.34814,0.34873

Week 1,30 Nov 1999,0.34803,0.34865
Week 2,07 Dec 1999,0.35336,0.35402
Week 3,14 Dec 1999,0.35858,0.35919
Week 4,21 Dec 1999,0.36415,0.36476

Week 1,28 Dec 1999,0.37340,0.37413
Week 2,04 Jan 2000,0.37007,0.37071
Week 3,11 Jan 2000,0.37320,0.37384
Week 4,18 Jan 2000,0.37846,0.37917

Week 1,25 Jan 2000,0.38463,0.38532
Week 2,01 Feb 2000,0.38813,0.38883
Week 3,08 Feb 2000,0.38754,0.38825
Week 4,15 Feb 2000,0.38850,0.38920

Week 1,22 Feb 2000,0.38936,0.39006
Week 2,29 Feb 2000,0.39607,0.39676
Week 3,07 Mar 2000,0.39687,0.39759
Week 4,14 Mar 2000,0.39403,0.39474

Week 1,21 Mar 2000,0.39639,0.39710
Week 2,28 Mar 2000,0.40392,0.40462
Week 3,04 Apr 2000,0.40545,0.40615
Week 4,11 Apr 2000,0.40192,0.40249

Week 1,18 Apr 2000,0.40058,0.40106
Week 2,25 Apr 2000,0.41129,0.41204
Week 3,02 May 2000,0.41312,0.41386
Week 4,09 May 2000,0.41337,0.41411

Week 1,16 May 2000,0.41529,0.41603
Week 2,23 May 2000,0.41094,0.41166
Week 3,30 May 2000,0.41237,0.41311
Week 4,06 Jun 2000,0.41427,0.41501

Week 1,13 Jun 2000,0.41647,0.41734
Week 2,20 Jun 2000,0.41942,0.42018
Week 3,27 Jun 2000,0.41895,0.41977
Week 4,04 Jul 2000,0.41913,0.41991

Week 1,11 Jul 2000,0.42200,0.42281
Week 2,18 Jul 2000,0.42753,0.42831
Week 3,25 Jul 2000,0.42973,0.43062
Week 4,01 Aug 2000,0.43013,0.43093

Week 1,08 Aug 2000,0.43390,0.43472
Week 2,15 Aug 2000,0.43564,0.43649
Week 3,22 Aug 2000,0.43746,0.43835
Week 4,29 Aug 2000,0.44163,0.44240

Week 1,05 Sep 2000,0.44672,0.44754
Week 2,12 Sep 2000,0.44922,0.45012
Week 3,19 Sep 2000,0.44886,0.44975
Week 4,26 Sep 2000,0.44389,0.44480

Week 1,03 Oct 2000,0.44496,0.44595
Week 2,10 Oct 2000,0.44701,0.44787
Week 3,17 Oct 2000,0.44923,0.45002
Week 4,24 Oct 2000,0.45009,0.45080

Week 1,31 Oct 2000,0.44355,0.44423
Week 2,07 Nov 2000,0.44162,0.44232
Week 3,14 Nov 2000,0.44027,0.44103
Week 4,21 Nov 2000,0.44636,0.44722

Week 1,28 Nov 2000,0.44350,0.44424
Week 2,05 Dec 2000,0.44401,0.44490
Week 3,12 Dec 2000,0.44669,0.44749
Week 4,19 Dec 2000,0.44327,0.44414

Week 1,26 Dec 2000,0.44504,0.44600
Week 2,02 Jan 2001,0.44396,0.44479
Week 3,09 Jan 2001,0.44493,0.44585
Week 4,16 Jan 2001,0.44462,0.44556

Week 1,23 Jan 2001,0.44834,0.44930
Week 2,30 Jan 2001,0.45090,0.45178
Week 3,06 Feb 2001,0.44948,0.45038
Week 4,13 Feb 2001,0.44684,0.44772

Week 1,20 Feb 2001,0.44653,0.44731
Week 2,27 Feb 2001,0.57851,0.60119
Week 3,06 Mar 2001,0.56240,0.61633
Week 4,13 Mar 2001,0.61542,0.64920

Week 1,20 Mar 2001,0.61941,0.63485
Week 2,27 Mar 2001,0.63547,0.66858
Week 3,03 Apr 2001,0.75545,0.76891
Week 4,10 Apr 2001,0.76591,0.79021

Week 1,17 Apr 2001,0.78211,0.79825
Week 2,24 Apr 2001,0.75671,0.77338
Week 3,01 May 2001,0.73544,0.76009
Week 4,08 May 2001,0.73654,0.75164

Week 1,15 May 2001,0.72400,0.73586
Week 2,22 May 2001,0.71660,0.72823
Week 3,29 May 2001,0.73525,0.75485
Week 4,05 Jun 2001,0.75391,0.76840

Week 1,12 Jun 2001,0.78320,0.79606
Week 2,19 Jun 2001,0.82005,0.83980
Week 3,26 Jun 2001,0.82748,0.84357
Week 4,03 Jul 2001,0.84711,0.87862

Week 1,10 Jul 2001,0.86353,0.89391
Week 2,17 Jul 2001,0.86176,0.88036
Week 3,24 Jul 2001,0.85188,0.87048
Week 4,31 Jul 2001,0.86266,0.88455

Week 1,07 Aug 2001,0.89062,0.90434
Week 2,14 Aug 2001,0.90756,0.92873
Week 3,21 Aug 2001,0.93793,0.94676
Week 4,28 Aug 2001,0.88656,0.90044

Week 1,04 Sep 2001,0.89568,0.90861
Week 2,11 Sep 2001,0.93385,0.93970
Week 3,18 Sep 2001,0.95641,0.98157
Week 4,25 Sep 2001,0.96298,0.99859

Week 1,02 Oct 2001,0.99622,1.03191
Week 2,09 Oct 2001,1.00733,1.04342
Week 3,16 Oct 2001,1.02456,1.06064
Week 4,23 Oct 2001,1.00600,1.04187

Week 1,30 Oct 2001,0.98101,1.01624
Week 2,06 Nov 2001,0.95536,0.99244
Week 3,13 Nov 2001,0.94517,0.98129
Week 4,20 Nov 2001,0.91438,0.94586

Week 1,27 Nov 2001,0.91855,0.95487
Week 2,04 Dec 2001,0.91047,0.94730
Week 3,11 Dec 2001,0.90029,0.93631
Week 4,18 Dec 2001,0.91393,0.94963

Week 1,25 Dec 2001,0.89809,0.93390
Week 2,01 Jan 2002,0.87793,0.91332
Week 3,08 Jan 2002,0.85204,0.88784
Week 4,15 Jan 2002,0.82943,0.86678

Week 1,22 Jan 2002,0.81991,0.85751
Week 2,29 Jan 2002,0.80798,0.84479
Week 3,05 Feb 2002,0.82655,0.86388
Week 4,12 Feb 2002,0.83576,0.87201

Week 1,19 Feb 2002,0.84836,0.88495
Week 2,26 Feb 2002,0.85441,0.89167
Week 3,05 Mar 2002,0.84662,0.88323
Week 4,12 Mar 2002,0.83739,0.87436

Week 1,19 Mar 2002,0.83623,0.87332
Week 2,26 Mar 2002,0.82338,0.85965
Week 3,02 Apr 2002,0.81234,0.84833
Week 4,09 Apr 2002,0.80315,0.83976

Week 1,16 Apr 2002,0.80986,0.84589
Week 2,23 Apr 2002,0.84142,0.87937
Week 3,30 Apr 2002,0.84928,0.88523
Week 4,07 May 2002,0.86406,0.90037

Week 1,14 May 2002,0.90102,0.93666
Week 2,21 May 2002,0.90757,0.94325
Week 3,28 May 2002,0.91358,0.94902
Week 4,04 Jun 2002,0.92877,0.96646

Week 1,11 Jun 2002,0.98353,1.02166
Week 2,18 Jun 2002,1.00435,1.04244
Week 3,25 Jun 2002,1.03361,1.07108
Week 4,02 Jul 2002,1.03925,1.07493

Week 1,09 Jul 2002,1.07680,1.11306
Week 2,16 Jul 2002,1.06480,1.09923
Week 3,23 Jul 2002,1.05256,1.08622
Week 4,30 Jul 2002,1.03736,1.07160

Week 1,06 Aug 2002,1.02360,1.05668
Week 2,13 Aug 2002,1.03259,1.06562
Week 3,20 Aug 2002,1.03249,1.06564
Week 4,27 Aug 2002,1.03024,1.06425

Week 1,03 Sep 2002,1.02443,1.06066
Week 2,10 Sep 2002,1.03971,1.07335
Week 3,17 Sep 2002,1.04015,1.07308
Week 4,24 Sep 2002,1.03413,1.06672

Week 1,01 Oct 2002,1.01901,1.05299
Week 2,08 Oct 2002,1.01944,1.05168
Week 3,15 Oct 2002,1.03074,1.06357
Week 4,22 Oct 2002,1.05339,1.08724

Week 1,29 Oct 2002,1.06303,1.09592
Week 2,05 Nov 2002,1.03038,1.06730
Week 3,12 Nov 2002,1.00711,1.03975
Week 4,19 Nov 2002,0.98514,1.01698

Week 1,26 Nov 2002,0.97103,1.00439
Week 2,03 Dec 2002,0.97549,1.00874
Week 3,10 Dec 2002,0.97499,1.01188
Week 4,17 Dec 2002,1.02499,1.05791

Week 1,24 Dec 2002,1.04450,1.07938
Week 2,31 Dec 2002,1.03018,1.06766
Week 3,07 Jan 2003,1.05997,1.09562
Week 4,14 Jan 2003,1.06982,1.10449

Week 1,21 Jan 2003,1.07750,1.10835
Week 2,28 Jan 2003,1.06949,1.10030
Week 3,04 Feb 2003,1.06136,1.09610
Week 4,11 Feb 2003,1.06770,1.09975

Week 1,18 Feb 2003,1.05866,1.09745
Week 2,25 Feb 2003,1.06228,1.09504
Week 3,04 Mar 2003,1.08707,1.12117
Week 4,11 Mar 2003,1.08850,1.12153

Week 1,18 Mar 2003,1.14068,1.17282
Week 2,25 Mar 2003,1.14751,1.18352
Week 3,01 Apr 2003,1.12028,1.16023
Week 4,08 Apr 2003,1.11090,1.14478

Week 1,15 Apr 2003,1.09704,1.13192
Week 2,22 Apr 2003,1.08947,1.12155
Week 3,29 Apr 2003,1.07873,1.11069
Week 4,06 May 2003,1.07083,1.10606

Week 1,13 May 2003,1.06623,1.10875
Week 2,20 May 2003,1.06595,1.09950
Week 3,27 May 2003,1.03317,1.06818
Week 4,03 Jun 2003,1.03537,1.07264

Week 1,10 Jun 2003,1.04052,1.07632
Week 2,17 Jun 2003,1.04007,1.07223
Week 3,24 Jun 2003,1.04241,1.07520
Week 4,01 Jul 2003,1.02547,1.06223

Week 1,08 Jul 2003,1.00247,1.04382
Week 2,15 Jul 2003,0.97776,1.01526
Week 3,22 Jul 2003,0.99146,1.03042
Week 4,29 Jul 2003,1.00595,1.04341

Week 1,05 Aug 2003,0.98537,1.02752
Week 2,12 Aug 2003,0.99431,1.02726
Week 3,19 Aug 2003,0.97955,1.01292
Week 4,26 Aug 2003,0.98599,1.02098

Week 1,02 Sep 2003,0.99119,1.02794
Week 2,09 Sep 2003,0.98845,1.03020
Week 3,16 Sep 2003,0.98798,1.02808
Week 4,23 Sep 2003,0.99325,1.02973

Week 1,30 Sep 2003,1.01975,1.05963
Week 2,07 Oct 2003,1.02426,1.06059
Week 3,14 Oct 2003,1.06318,1.10750
Week 4,21 Oct 2003,1.10935,1.14431

Week 1,28 Oct 2003,1.12202,1.15902
Week 2,04 Nov 2003,1.09916,1.14162
Week 3,11 Nov 2003,1.11279,1.15195
Week 4,18 Nov 2003,1.10973,1.14492

Week 1,25 Nov 2003,1.10569,1.13865
Week 2,02 Dec 2003,1.09506,1.12745
Week 3,09 Dec 2003,1.07875,1.11678
Week 4,16 Dec 2003,1.06100,1.09206

Week 1,23 Dec 2003,1.07353,1.10503
Week 2,30 Dec 2003,1.06411,1.09733
Week 3,06 Jan 2004,1.04937,1.08061
Week 4,13 Jan 2004,1.02860,1.06461

Week 1,20 Jan 2004,1.00263,1.04261
Week 2,27 Jan 2004,0.99001,1.03371
Week 3,03 Feb 2004,0.98472,1.02160
Week 4,10 Feb 2004,0.98038,1.02420

Week 1,17 Feb 2004,0.98417,1.01896
Week 2,24 Feb 2004,0.97084,1.01647
Week 3,02 Mar 2004,0.97686,1.01201
Week 4,09 Mar 2004,0.97712,1.01460

Week 1,16 Mar 2004,0.97218,1.00746
Week 2,23 Mar 2004,0.97844,1.01185
Week 3,30 Mar 2004,0.97940,1.02355
Week 4,06 Apr 2004,0.99124,1.02510

Week 1,13 Apr 2004,0.99558,1.03106
Week 2,20 Apr 2004,0.99873,1.03220
Week 3,27 Apr 2004,1.02254,1.05556
Week 4,04 May 2004,1.05714,1.09377

Week 1,11 May 2004,1.08943,1.12219
Week 2,18 May 2004,1.10761,1.14019
Week 3,25 May 2004,1.08967,1.12034
Week 4,01 Jun 2004,1.09099,1.12158

Week 1,08 Jun 2004,1.08203,1.11304
Week 2,15 Jun 2004,1.07556,1.10829
Week 3,22 Jun 2004,1.07940,1.11415
Week 4,29 Jun 2004,1.08108,1.12271

Week 1,06 Jul 2004,1.07643,1.10982
Week 2,13 Jul 2004,1.07156,1.10701
Week 3,20 Jul 2004,1.08992,1.12357
Week 4,27 Jul 2004,1.09510,1.12675

Week 1,03 Aug 2004,1.09459,1.12841
Week 2,10 Aug 2004,1.09067,1.12417
Week 3,17 Aug 2004,1.10987,1.14796
Week 4,24 Aug 2004,1.13940,1.17157

Week 1,31 Aug 2004,1.13751,1.17501
Week 2,07 Sep 2004,1.14089,1.17947
Week 3,14 Sep 2004,1.14653,1.17865
Week 4,21 Sep 2004,1.15868,1.19109

Week 1,28 Sep 2004,1.16810,1.21173
Week 2,05 Oct 2004,1.17529,1.21010
Week 3,12 Oct 2004,1.16822,1.20755
Week 4,19 Oct 2004,1.17907,1.20371

Week 1,26 Oct 2004,1.19784,1.21864
Week 2,02 Nov 2004,1.20918,1.21355
Week 3,09 Nov 2004,1.21376,1.22638
Week 4,16 Nov 2004,1.20338,1.21575

Week 1,23 Nov 2004,1.19724,1.22354
Week 2,30 Nov 2004,1.18584,1.19524
Week 3,07 Dec 2004,1.16322,1.17449
Week 4,14 Dec 2004,1.14232,1.15217

Week 1,21 Dec 2004,1.12012,1.12445
Week 2,28 Dec 2004,1.10928,1.12748
Week 3,04 Jan 2005,1.12352,1.12936
Week 4,11 Jan 2005,1.12033,1.12537

Week 1,18 Jan 2005,1.09862,1.10514
Week 2,25 Jan 2005,1.07789,1.08288
Week 3,01 Feb 2005,1.06080,1.06740
Week 4,08 Feb 2005,1.06338,1.06997

Week 1,15 Feb 2005,1.06175,1.06750
Week 2,22 Feb 2005,1.04723,1.05282
Week 3,01 Mar 2005,1.02422,1.03343
Week 4,08 Mar 2005,1.04099,1.05389

Week 1,15 Mar 2005,1.08760,1.09713
Week 2,22 Mar 2005,1.11184,1.11649
Week 3,29 Mar 2005,1.12004,1.12692
Week 4,05 Apr 2005,1.10218,1.10909

Week 1,12 Apr 2005,1.09156,1.09625
Week 2,19 Apr 2005,1.09645,1.10151
Week 3,26 Apr 2005,1.09941,1.10800
Week 4,03 May 2005,1.08273,1.09381

Week 1,10 May 2005,1.08721,1.09978
Week 2,17 May 2005,1.08292,1.09428
Week 3,24 May 2005,1.09026,1.10155
Week 4,31 May 2005,1.08279,1.09533

Week 1,07 Jun 2005,1.08679,1.09820
Week 2,14 Jun 2005,1.09923,1.10959
Week 3,21 Jun 2005,1.09371,1.10638
Week 4,28 Jun 2005,1.07973,1.09119

Week 1,05 Jul 2005,1.09177,1.09968
Week 2,12 Jul 2005,1.09251,1.10421
Week 3,19 Jul 2005,1.09190,1.10116
Week 4,26 Jul 2005,1.08197,1.09478

Week 1,02 Aug 2005,1.08153,1.08654
Week 2,09 Aug 2005,1.10639,1.11250
Week 3,16 Aug 2005,1.12991,1.13417
Week 4,23 Aug 2005,1.13598,1.14030

Week 1,30 Aug 2005,1.12632,1.13462
Week 2,06 Sep 2005,1.12430,1.13090
Week 3,13 Sep 2005,1.13240,1.13934
Week 4,20 Sep 2005,1.14889,1.15255

Week 1,27 Sep 2005,1.15125,1.15560
Week 2,04 Oct 2005,1.14622,1.15171
Week 3,11 Oct 2005,1.15146,1.15812
Week 4,18 Oct 2005,1.15249,1.15829

Week 1,25 Oct 2005,1.14740,1.15342
Week 2,01 Nov 2005,1.14458,1.15008
Week 3,08 Nov 2005,1.14305,1.14908
Week 4,15 Nov 2005,1.14221,1.14704

Week 1,22 Nov 2005,1.15638,1.16054
Week 2,29 Nov 2005,1.16095,1.16592
Week 3,06 Dec 2005,1.16616,1.17376
Week 4,13 Dec 2005,1.16451,1.17187

Week 1,20 Dec 2005,1.15507,1.16238
Week 2,27 Dec 2005,1.15471,1.15948
Week 3,03 Jan 2006,1.14932,1.15422
Week 4,10 Jan 2006,1.14757,1.15504

Week 1,17 Jan 2006,1.14756,1.15496
Week 2,24 Jan 2006,1.14719,1.15520
Week 3,31 Jan 2006,1.15483,1.16330
Week 4,07 Feb 2006,1.15247,1.16098

Week 1,14 Feb 2006,1.14533,1.15411
Week 2,21 Feb 2006,1.14497,1.15332
Week 3,28 Feb 2006,1.14717,1.15627
Week 4,07 Mar 2006,1.15779,1.16699

Week 1,14 Mar 2006,1.14661,1.15578
Week 2,21 Mar 2006,1.14534,1.15562
Week 3,28 Mar 2006,1.14878,1.16218
Week 4,04 Apr 2006,1.14800,1.16068

Week 1,11 Apr 2006,1.16698,1.18021
Week 2,18 Apr 2006,1.16259,1.17635
Week 3,25 Apr 2006,1.16729,1.18121
Week 4,02 May 2006,1.18229,1.19651

Week 1,09 May 2006,1.22949,1.24378
Week 2,16 May 2006,1.31598,1.33010
Week 3,23 May 2006,1.36989,1.38405
Week 4,30 May 2006,1.41136,1.42584

Week 1,06 Jun 2006,1.39522,1.40929
Week 2,13 Jun 2006,1.42078,1.43501
Week 3,20 Jun 2006,1.48177,1.49596
Week 4,27 Jun 2006,1.43545,1.44961

Week 1,04 Jul 2006,1.39884,1.41312
Week 2,11 Jul 2006,1.38421,1.39824
Week 3,18 Jul 2006,1.37073,1.38450
Week 4,25 Jul 2006,1.32498,1.33864

Week 1,01 Aug 2006,1.31110,1.32437
Week 2,08 Aug 2006,1.28910,1.30314
Week 3,15 Aug 2006,1.28636,1.29898
Week 4,22 Aug 2006,1.31760,1.33106

Week 1,29 Aug 2006,1.32267,1.33637
Week 2,05 Sep 2006,1.31392,1.32763
Week 3,12 Sep 2006,1.30826,1.32202
Week 4,19 Sep 2006,1.32458,1.33867

Week 1,26 Sep 2006,1.34755,1.36170
Week 2,03 Oct 2006,1.32959,1.34303
Week 3,10 Oct 2006,1.30259,1.31650
Week 4,17 Oct 2006,1.28844,1.30236

Week 1,24 Oct 2006,1.28753,1.30155
Week 2,31 Oct 2006,1.28620,1.30037
Week 3,07 Nov 2006,1.27411,1.28805
Week 4,14 Nov 2006,1.26365,1.27718

Week 1,21 Nov 2006,1.28001,1.29383
Week 2,28 Nov 2006,1.27583,1.28966
Week 3,05 Dec 2006,1.24900,1.26265
Week 4,12 Dec 2006,1.22880,1.24187

Week 1,19 Dec 2006,1.23011,1.24349
Week 2,26 Dec 2006,1.21644,1.23012
Week 3,02 Jan 2007,1.20928,1.22282
Week 4,09 Jan 2007,1.21804,1.23137

Week 1,16 Jan 2007,1.20690,1.21987
Week 2,23 Jan 2007,1.20003,1.21204
Week 3,30 Jan 2007,1.19063,1.20259
Week 4,06 Feb 2007,1.18297,1.19515

Week 1,13 Feb 2007,1.18972,1.20169
Week 2,20 Feb 2007,1.18344,1.19610
Week 3,27 Feb 2007,1.20629,1.21775
Week 4,06 Mar 2007,1.20583,1.21778

Week 1,13 Mar 2007,1.19616,1.20819
Week 2,20 Mar 2007,1.18841,1.20092
Week 3,27 Mar 2007,1.19618,1.20862
Week 4,03 Apr 2007,1.18225,1.19555

Week 1,10 Apr 2007,1.19627,1.20708
Week 2,17 Apr 2007,1.18940,1.20215
Week 3,24 Apr 2007,1.18774,1.20008
Week 4,01 May 2007,1.21956,1.22738

Week 1,08 May 2007,1.20335,1.21358
Week 2,15 May 2007,1.20435,1.21332
Week 3,22 May 2007,1.22094,1.22901
Week 4,29 May 2007,1.22720,1.23826

Week 1,05 Jun 2007,1.24747,1.26110
Week 2,12 Jun 2007,1.23568,1.24925
Week 3,19 Jun 2007,1.21901,1.22824
Week 4,26 Jun 2007,1.23049,1.23972

Week 1,03 Jul 2007,1.22295,1.23089
Week 2,10 Jul 2007,1.21457,1.22364
Week 3,17 Jul 2007,1.21235,1.22303
Week 4,24 Jul 2007,1.21118,1.21908

Week 1,31 Jul 2007,1.20640,1.21589
Week 2,07 Aug 2007,1.21316,1.22214
Week 3,14 Aug 2007,1.26073,1.26871
Week 4,21 Aug 2007,1.26220,1.27033

Week 1,28 Aug 2007,1.23804,1.24705
Week 2,04 Sep 2007,1.22854,1.24226
Week 3,11 Sep 2007,1.21972,1.23103
Week 4,18 Sep 2007,1.22304,1.23219

Week 1,25 Sep 2007,1.21381,1.22378
Week 2,02 Oct 2007,1.20465,1.21257
Week 3,09 Oct 2007,1.21083,1.22168
Week 4,16 Oct 2007,1.24071,1.24596

Week 1,23 Oct 2007,1.24401,1.24866
Week 2,30 Oct 2007,1.24507,1.25362
Week 3,06 Nov 2007,1.26857,1.27705
Week 4,13 Nov 2007,1.22653,1.23460

Week 1,20 Nov 2007,1.21421,1.21969
Week 2,27 Nov 2007,1.19616,1.20353
Week 3,04 Dec 2007,1.16813,1.17050
Week 4,11 Dec 2007,1.15956,1.16340

Week 1,18 Dec 2007,1.18692,1.19332
Week 2,25 Dec 2007,1.19381,1.20083
Week 3,01 Jan 2008,1.17178,1.17980
Week 4,08 Jan 2008,1.14302,1.14915

Week 1,15 Jan 2008,1.14505,1.15086
Week 2,22 Jan 2008,1.17363,1.17943
Week 3,29 Jan 2008,1.17254,1.17878
Week 4,05 Feb 2008,1.19000,1.19601

Week 1,12 Feb 2008,1.20133,1.20727
Week 2,19 Feb 2008,1.18786,1.19172
Week 3,26 Feb 2008,1.20835,1.21430
Week 4,04 Mar 2008,1.24394,1.24803

Week 1,11 Mar 2008,1.24624,1.25273
Week 2,18 Mar 2008,1.22902,1.23192
Week 3,25 Mar 2008,1.24439,1.25117
Week 4,01 Apr 2008,1.27792,1.28428

Week 1,08 Apr 2008,1.27263,1.27725
Week 2,15 Apr 2008,1.30003,1.30668
Week 3,22 Apr 2008,1.27622,1.28272
Week 4,29 Apr 2008,1.25349,1.25626

Week 1,06 May 2008,1.25040,1.25305
Week 2,13 May 2008,1.23713,1.24417
Week 3,20 May 2008,1.25347,1.25986
Week 4,27 May 2008,1.23498,1.24179

Week 1,03 Jun 2008,1.22049,1.22370
Week 2,10 Jun 2008,1.21959,1.22613
Week 3,17 Jun 2008,1.20562,1.20813
Week 4,24 Jun 2008,1.20819,1.21482

Week 1,01 Jul 2008,1.21184,1.21761
Week 2,08 Jul 2008,1.20576,1.21208
Week 3,15 Jul 2008,1.19469,1.20078
Week 4,22 Jul 2008,1.18456,1.19087

Week 1,29 Jul 2008,1.14254,1.14848
Week 2,05 Aug 2008,1.11253,1.11530
Week 3,12 Aug 2008,1.11072,1.11701
Week 4,19 Aug 2008,1.12444,1.13016

Week 1,26 Aug 2008,1.12535,1.12760
Week 2,02 Sep 2008,1.14280,1.14643
Week 3,09 Sep 2008,1.16250,1.16461
Week 4,16 Sep 2008,1.19140,1.19433

Week 1,23 Sep 2008,1.19402,1.19635
Week 2,30 Sep 2008,1.20707,1.20940
Week 3,07 Oct 2008,1.23404,1.23780
Week 4,14 Oct 2008,1.23915,1.24271

Week 1,21 Oct 2008,1.31733,1.32233
Week 2,28 Oct 2008,1.25701,1.26126
Week 3,04 Nov 2008,1.29462,1.29781
Week 4,11 Nov 2008,1.32255,1.32688

Week 1,18 Nov 2008,1.33672,1.34070
Week 2,25 Nov 2008,1.27176,1.27485
Week 3,02 Dec 2008,1.25579,1.25962
Week 4,09 Dec 2008,1.24508,1.24900

Week 1,16 Dec 2008,1.26039,1.26322
Week 2,23 Dec 2008,1.24340,1.24694
Week 3,30 Dec 2008,1.25711,1.26238
Week 4,06 Jan 2009,1.29575,1.29946

Week 1,13 Jan 2009,1.30243,1.30515
Week 2,20 Jan 2009,1.32925,1.33173
Week 3,27 Jan 2009,1.33236,1.33545
Week 4,03 Feb 2009,1.32705,1.32951

Week 1,10 Feb 2009,1.32444,1.32709
Week 2,17 Feb 2009,1.34886,1.35200
Week 3,24 Feb 2009,1.34469,1.34695
Week 4,03 Mar 2009,1.36520,1.36745

Week 1,10 Mar 2009,1.35547,1.35813
Week 2,17 Mar 2009,1.35419,1.35684
Week 3,24 Mar 2009,1.34847,1.35082
Week 4,31 Mar 2009,1.30586,1.30834

Week 1,07 Apr 2009,1.28175,1.28426
Week 2,14 Apr 2009,1.31587,1.31808
Week 3,21 Apr 2009,1.33140,1.33356
Week 4,28 Apr 2009,1.33515,1.33729

Week 1,05 May 2009,1.33673,1.33890
Week 2,12 May 2009,1.33755,1.33981
Week 3,19 May 2009,1.34757,1.34956
Week 4,26 May 2009,1.39041,1.40457

Week 1,02 Jun 2009,1.38711,1.39767
Week 2,09 Jun 2009,1.38479,1.38819
Week 3,16 Jun 2009,1.36361,1.37402
Week 4,23 Jun 2009,1.34286,1.35325

Week 1,30 Jun 2009,1.31999,1.33018
Week 2,07 Jul 2009,1.32940,1.33617
Week 3,14 Jul 2009,1.35478,1.36531
Week 4,21 Jul 2009,1.35775,1.36848

Week 1,28 Jul 2009,1.36185,1.37042
Week 2,04 Aug 2009,1.36024,1.36855
Week 3,11 Aug 2009,1.35940,1.36661
Week 4,18 Aug 2009,1.35194,1.37959

Week 1,25 Aug 2009,1.36264,1.38965
Week 2,01 Sep 2009,1.36796,1.37274
Week 3,08 Sep 2009,1.38216,1.38833
Week 4,15 Sep 2009,1.37940,1.38260

Week 1,22 Sep 2009,1.37139,1.37474
Week 2,29 Sep 2009,1.37731,1.38039
Week 3,06 Oct 2009,1.38941,1.39295
Week 4,13 Oct 2009,1.40657,1.40982

Week 1,20 Oct 2009,1.39664,1.40169
Week 2,27 Oct 2009,1.39264,1.39833
Week 3,03 Nov 2009,1.39110,1.39412
Week 4,10 Nov 2009,1.40089,1.40426

Week 1,17 Nov 2009,1.40137,1.40526
Week 2,24 Nov 2009,1.42399,1.42764
Week 3,01 Dec 2009,1.42046,1.42460
Week 4,08 Dec 2009,1.42055,1.42459

Week 1,15 Dec 2009,1.42002,1.42615
Week 2,22 Dec 2009,1.43924,1.44400
Week 3,29 Dec 2009,1.42990,1.43640
Week 4,05 Jan 2010,1.41858,1.42243

Week 1,12 Jan 2010,1.40830,1.41658
Week 2,19 Jan 2010,1.41093,1.41461
Week 3,26 Jan 2010,1.40119,1.40511
Week 4,02 Feb 2010,1.41096,1.41451

Week 1,09 Feb 2010,1.42895,1.43379
Week 2,16 Feb 2010,1.44965,1.45325
Week 3,23 Feb 2010,1.46392,1.46821
Week 4,02 Mar 2010,1.48842,1.49240

Week 1,09 Mar 2010,1.49445,1.49887
Week 2,16 Mar 2010,1.50348,1.50729
Week 3,23 Mar 2010,1.50420,1.50798
Week 4,30 Mar 2010,1.49801,1.50121

Week 1,06 Apr 2010,1.49144,1.49505
Week 2,13 Apr 2010,1.47252,1.47600
Week 3,20 Apr 2010,1.48068,1.48401
Week 4,27 Apr 2010,1.46984,1.47337

Week 1,04 May 2010,1.48641,1.49036
Week 2,11 May 2010,1.48991,1.49316
Week 3,18 May 2010,1.49187,1.49485
Week 4,25 May 2010,1.48170,1.48567

Week 1,01 Jun 2010,1.50724,1.51058
Week 2,08 Jun 2010,1.52609,1.52917
Week 3,15 Jun 2010,1.52245,1.52579
Week 4,22 Jun 2010,1.51908,1.52249

Week 1,29 Jun 2010,1.49108,1.49444
Week 2,06 Jul 2010,1.48482,1.48824
Week 3,13 Jul 2010,1.47970,1.48306
Week 4,20 Jul 2010,1.46321,1.46687

Week 1,27 Jul 2010,1.46185,1.46533
Week 2,03 Aug 2010,1.46043,1.46421
Week 3,10 Aug 2010,1.45239,1.45540
Week 4,17 Aug 2010,1.44873,1.45211

Week 1,24 Aug 2010,1.44194,1.44526
Week 2,31 Aug 2010,1.43827,1.44201
Week 3,07 Sep 2010,1.45037,1.45415
Week 4,14 Sep 2010,1.45087,1.45431

Week 1,21 Sep 2010,1.44243,1.44559
Week 2,28 Sep 2010,1.41671,1.41982
Week 3,05 Oct 2010,1.40259,1.40608
Week 4,12 Oct 2010,1.39657,1.39983

Week 1,19 Oct 2010,1.38964,1.39247
Week 2,26 Oct 2010,1.39803,1.40114
Week 3,02 Nov 2010,1.39498,1.39792
Week 4,09 Nov 2010,1.41466,1.41802

Week 1,16 Nov 2010,1.42251,1.42617
Week 2,23 Nov 2010,1.44923,1.45236
Week 3,30 Nov 2010,1.46858,1.47177
Week 4,07 Dec 2010,1.48072,1.48494

Week 1,14 Dec 2010,1.51091,1.51555
Week 2,21 Dec 2010,1.53001,1.53451
Week 3,28 Dec 2010,1.54854,1.55232
Week 4,04 Jan 2011,1.56554,1.56882

Week 1,11 Jan 2011,1.57569,1.57861
Week 2,18 Jan 2011,1.56953,1.57324
Week 3,25 Jan 2011,1.59006,1.59350
Week 4,01 Feb 2011,1.60118,1.60459

Week 1,08 Feb 2011,1.59762,1.60328
Week 2,15 Feb 2011,1.60419,1.60730
Week 3,22 Feb 2011,1.62374,1.62647
Week 4,01 Mar 2011,1.64665,1.65045

Week 1,08 Mar 2011,1.63080,1.63461
Week 2,15 Mar 2011,1.60724,1.61102
Week 3,22 Mar 2011,1.59165,1.59522
Week 4,29 Mar 2011,1.59157,1.59454

Week 1,05 Apr 2011,1.58002,1.58383
Week 2,12 Apr 2011,1.57772,1.58113
Week 3,19 Apr 2011,1.59072,1.59448
Week 4,26 Apr 2011,1.59992,1.60427

Week 1,03 May 2011,1.60053,1.60403
Week 2,10 May 2011,1.63447,1.63778
Week 3,17 May 2011,1.62704,1.63282
Week 4,24 May 2011,1.63910,1.64214

Week 1,31 May 2011,1.62570,1.62912
Week 2,07 Jun 2011,1.61158,1.61521
Week 3,14 Jun 2011,1.62727,1.63069
Week 4,21 Jun 2011,1.65045,1.65604

Week 1,28 Jun 2011,1.66889,1.67256
Week 2,05 Jul 2011,1.68737,1.69078
Week 3,12 Jul 2011,1.71313,1.71669
Week 4,19 Jul 2011,1.75973,1.76370

Week 1,26 Jul 2011,1.78351,1.78709
Week 2,02 Aug 2011,1.77081,1.77562
Week 3,09 Aug 2011,1.79114,1.79591
Week 4,16 Aug 2011,1.80181,1.80588

Week 1,23 Aug 2011,1.79029,1.79457
Week 2,30 Aug 2011,1.77050,1.77529
Week 3,06 Sep 2011,1.78756,1.79188
Week 4,13 Sep 2011,1.80145,1.80579

Week 1,20 Sep 2011,1.79819,1.80255
Week 2,27 Sep 2011,1.78655,1.79074
Week 3,04 Oct 2011,1.78088,1.78546
Week 4,11 Oct 2011,1.79569,1.79988

Week 1,18 Oct 2011,1.82379,1.82781
Week 2,25 Oct 2011,1.76668,1.77091
Week 3,01 Nov 2011,1.74585,1.74954
Week 4,08 Nov 2011,1.75116,1.75575

Week 1,15 Nov 2011,1.76491,1.76848
Week 2,22 Nov 2011,1.78749,1.79113
Week 3,29 Nov 2011,1.79524,1.79962
Week 4,06 Dec 2011,1.80779,1.81152

Week 1,13 Dec 2011,1.81408,1.81737
Week 2,20 Dec 2011,1.84250,1.84663
Week 3,27 Dec 2011,1.85733,1.86193
Week 4,03 Jan 2012,1.84167,1.84625

Week 1,10 Jan 2012,1.82158,1.82485
Week 2,17 Jan 2012,1.80949,1.81299
Week 3,24 Jan 2012,1.78981,1.79313
Week 4,31 Jan 2012,1.76646,1.76987

Week 1,07 Feb 2012,1.75953,1.76300
Week 2,14 Feb 2012,1.76218,1.76544
Week 3,21 Feb 2012,1.75986,1.76323
Week 4,28 Feb 2012,1.77348,1.77681

Week 1,06 Mar 2012,1.79120,1.79466
Week 2,13 Mar 2012,1.80928,1.81269
Week 3,20 Mar 2012,1.81520,1.81858
Week 4,27 Mar 2012,1.78944,1.79261

Week 1,03 Apr 2012,1.79686,1.80014
Week 2,10 Apr 2012,1.79989,1.80290
Week 3,17 Apr 2012,1.80235,1.80543
Week 4,24 Apr 2012,1.79835,1.80194

Week 1,01 May 2012,1.77637,1.77946
Week 2,08 May 2012,1.77974,1.78281
Week 3,15 May 2012,1.79884,1.80168
Week 4,22 May 2012,1.79652,1.79951

Week 1,29 May 2012,1.79084,1.79372
Week 2,05 Jun 2012,1.77695,1.78001
Week 3,12 Jun 2012,1.77240,1.77552
Week 4,19 Jun 2012,1.76433,1.76739

Week 1,26 Jun 2012,1.77265,1.77619
Week 2,03 Jul 2012,1.77976,1.78281
Week 3,10 Jul 2012,1.78223,1.78510
Week 4,17 Jul 2012,1.78389,1.78680

Week 1,24 Jul 2012,1.79523,1.79832
Week 2,31 Jul 2012,1.78686,1.78986
Week 3,07 Aug 2012,1.78993,1.79318
Week 4,14 Aug 2012,1.81572,1.81915

Week 1,21 Aug 2012,1.81239,1.81553
Week 2,28 Aug 2012,1.83361,1.83625
Week 3,04 Sep 2012,1.83928,1.84148
Week 4,11 Sep 2012,1.84898,1.85124

Week 1,18 Sep 2012,1.84055,1.84293
Week 2,25 Sep 2012,1.82675,1.82905
Week 3,02 Oct 2012,1.83107,1.83352
Week 4,09 Oct 2012,1.84909,1.85151

Week 1,16 Oct 2012,1.82515,1.82794
Week 2,23 Oct 2012,1.80852,1.81090
Week 3,30 Oct 2012,1.79743,1.79976
Week 4,06 Nov 2012,1.78834,1.79079

Week 1,13 Nov 2012,1.79817,1.80052
Week 2,20 Nov 2012,1.80351,1.80571
Week 3,27 Nov 2012,1.80071,1.80307
Week 4,04 Dec 2012,1.80217,1.80460

Week 1,11 Dec 2012,1.80653,1.80887
Week 2,18 Dec 2012,1.80710,1.80952
Week 3,25 Dec 2012,1.80213,1.80495
Week 4,01 Jan 2013,1.80075,1.80330

Week 1,08 Jan 2013,1.79918,1.80174
Week 2,15 Jan 2013,1.78474,1.78732
Week 3,22 Jan 2013,1.76730,1.76956
Week 4,29 Jan 2013,1.75736,1.75951

Week 1,05 Feb 2013,1.76733,1.76940
Week 2,12 Feb 2013,1.76038,1.76255
Week 3,19 Feb 2013,1.75643,1.75840
Week 4,26 Feb 2013,1.75374,1.75597

Week 1,05 Mar 2013,1.74864,1.75055
Week 2,12 Mar 2013,1.76292,1.76539
Week 3,19 Mar 2013,1.77279,1.77501
Week 4,26 Mar 2013,1.78000,1.78254

Week 1,02 Apr 2013,1.77494,1.77693
Week 2,09 Apr 2013,1.76104,1.76379
Week 3,16 Apr 2013,1.75184,1.75416
Week 4,23 Apr 2013,1.76110,1.76372

Week 1,30 Apr 2013,1.77635,1.77887
Week 2,07 May 2013,1.78344,1.78600
Week 3,14 May 2013,1.78806,1.79034
Week 4,21 May 2013,1.78895,1.79214

Week 1,28 May 2013,1.79870,1.80194
Week 2,04 Jun 2013,1.83043,1.83320
Week 3,11 Jun 2013,1.84024,1.84329
Week 4,18 Jun 2013,1.84946,1.85263

Week 1,25 Jun 2013,1.83935,1.84247
Week 2,02 Jul 2013,1.84497,1.84845
Week 3,09 Jul 2013,1.86378,1.86678
Week 4,16 Jul 2013,1.84993,1.85272

Week 1,23 Jul 2013,1.86171,1.86440
Week 2,30 Jul 2013,1.86762,1.87050
Week 3,06 Aug 2013,1.85861,1.86127
Week 4,13 Aug 2013,1.87227,1.87478

Week 1,20 Aug 2013,1.88649,1.88900
Week 2,27 Aug 2013,1.92802,1.93119
Week 3,03 Sep 2013,1.95373,1.95702
Week 4,10 Sep 2013,1.95503,1.95775

Week 1,17 Sep 2013,1.92633,1.92899
Week 2,24 Sep 2013,1.95181,1.95460
Week 3,01 Oct 2013,1.94177,1.94406
Week 4,08 Oct 2013,1.91465,1.91763

Week 1,15 Oct 2013,1.91208,1.91527
Week 2,22 Oct 2013,1.90521,1.90795
Week 3,29 Oct 2013,1.91354,1.91621
Week 4,05 Nov 2013,1.94253,1.94502

Week 1,12 Nov 2013,1.94731,1.94977
Week 2,19 Nov 2013,1.91981,1.92220
Week 3,26 Nov 2013,1.90340,1.90612
Week 4,03 Dec 2013,1.90954,1.91249

Week 1,10 Dec 2013,1.91765,1.92036
Week 2,17 Dec 2013,1.93847,1.94117
Week 3,24 Dec 2013,1.98431,1.98740
Week 4,31 Dec 2013,2.02683,2.03033

Week 1,07 Jan 2014,2.01034,2.01324
Week 2,14 Jan 2014,2.01371,2.01720
Week 3,21 Jan 2014,2.06661,2.06958
Week 4,28 Jan 2014,2.03212,2.03597

Week 1,04 Feb 2014,2.01837,2.02254
Week 2,11 Feb 2014,1.99270,1.99602
Week 3,18 Feb 2014,1.97780,1.98095
Week 4,25 Feb 2014,1.99044,1.99359

Week 1,04 Mar 2014,1.99294,1.99595
Week 2,11 Mar 2014,2.00198,2.00501
Week 3,18 Mar 2014,1.99333,1.99628
Week 4,25 Mar 2014,1.98343,1.98599

Week 1,01 Apr 2014,1.93382,1.93688
Week 2,08 Apr 2014,1.92629,1.92908
Week 3,15 Apr 2014,1.93319,1.93627
Week 4,22 Apr 2014,1.93667,1.93863

Week 1,29 Apr 2014,1.92403,1.92619
Week 2,06 May 2014,1.91139,1.91382
Week 3,13 May 2014,1.91561,1.91770
Week 4,20 May 2014,1.91952,1.92216

Week 1,27 May 2014,1.92861,1.93125
Week 2,03 Jun 2014,1.92004,1.92255
Week 3,10 Jun 2014,1.93416,1.93654
Week 4,17 Jun 2014,1.97654,1.97975

Week 1,24 Jun 2014,1.98930,1.99179
Week 2,01 Jul 2014,1.99695,1.99938
Week 3,08 Jul 2014,1.98559,1.98795
Week 4,15 Jul 2014,1.97755,1.98013

Week 1,22 Jul 2014,1.95013,1.95305
Week 2,29 Jul 2014,1.95081,1.95342
Week 3,05 Aug 2014,1.96249,1.96479
Week 4,12 Aug 2014,1.97609,1.97893

Week 1,19 Aug 2014,1.98611,1.98931
Week 2,26 Aug 2014,1.98538,1.98799
Week 3,02 Sep 2014,1.98456,1.98670
Week 4,09 Sep 2014,1.99559,1.99815

Week 1,16 Sep 2014,2.02126,2.02379
Week 2,23 Sep 2014,2.02816,2.03021
Week 3,30 Sep 2014,2.03821,2.04078
Week 4,07 Oct 2014,2.03701,2.03981

Week 1,14 Oct 2014,2.00659,2.00924
Week 2,21 Oct 2014,1.99109,1.99340
Week 3,28 Oct 2014,1.97739,1.97976
Week 4,04 Nov 2014,1.97502,1.97720

Week 1,11 Nov 2014,1.98144,1.98369
Week 2,18 Nov 2014,1.97127,1.97335
Week 3,25 Nov 2014,1.96104,1.96297
Week 4,02 Dec 2014,1.96402,1.96695

Week 1,09 Dec 2014,1.97840,1.98077
Week 2,16 Dec 2014,2.00656,2.00904
Week 3,23 Dec 2014,1.99229,1.99730
Week 4,30 Dec 2014,1.99662,2.00032

Week 1,06 Jan 2015,1.95398,1.95691
Week 2,13 Jan 2015,1.92617,1.92905
Week 3,20 Jan 2015,1.91401,1.91722
Week 4,27 Jan 2015,1.90816,1.91090

Week 1,03 Feb 2015,1.94948,1.95416
Week 2,10 Feb 2015,1.97757,1.98089
Week 3,17 Feb 2015,1.96479,1.96910
Week 4,24 Feb 2015,1.98782,1.99287

Week 1,03 Mar 2015,2.05336,2.05750
Week 2,10 Mar 2015,2.06115,2.06449
Week 3,17 Mar 2015,2.04767,2.05121
Week 4,24 Mar 2015,2.06020,2.06365

Week 1,31 Mar 2015,2.05638,2.06031
Week 2,07 Apr 2015,2.07554,2.07966
Week 3,14 Apr 2015,2.16557,2.16862
Week 4,21 Apr 2015,2.21514,2.21934

Week 1,28 Apr 2015,2.21721,2.22136
Week 2,05 May 2015,2.23000,2.23680
Week 3,12 May 2015,2.18328,2.18640
Week 4,19 May 2015,2.11904,2.12358

Week 1,26 May 2015,2.12893,2.13159
Week 2,02 Jun 2015,2.14394,2.14859
Week 3,09 Jun 2015,2.21286,2.21803
Week 4,16 Jun 2015,2.21002,2.21332

Week 1,23 Jun 2015,2.16519,2.16776
Week 2,30 Jun 2015,2.14834,2.15252
Week 3,07 Jul 2015,2.11045,2.11387
Week 4,14 Jul 2015,2.05730,2.06039

Week 1,21 Jul 2015,2.08440,2.08626
Week 2,28 Jul 2015,2.12475,2.12752
Week 3,04 Aug 2015,2.11392,2.11619
Week 4,11 Aug 2015,2.14309,2.14584

Week 1,18 Aug 2015,2.21198,2.21507
Week 2,25 Aug 2015,2.20995,2.21352
Week 3,01 Sep 2015,2.23563,2.23837
Week 4,08 Sep 2015,2.28670,2.29072

Week 1,15 Sep 2015,2.28357,2.28658
Week 2,22 Sep 2015,2.27852,2.28276
Week 3,29 Sep 2015,2.27388,2.27680
Week 4,06 Oct 2015,2.25731,2.25988

Week 1,13 Oct 2015,2.24934,2.25340
Week 2,20 Oct 2015,2.21445,2.21749
Week 3,27 Oct 2015,2.21114,2.21333
Week 4,03 Nov 2015,2.18076,2.18231

Week 1,10 Nov 2015,2.17167,2.17354
Week 2,17 Nov 2015,2.13870,2.14325
Week 3,24 Nov 2015,2.16824,2.17161
Week 4,01 Dec 2015,2.16531,2.16962

Week 1,08 Dec 2015,2.15348,2.15672
Week 2,15 Dec 2015,2.12253,2.12559
Week 3,22 Dec 2015,2.10060,2.10505
Week 4,29 Dec 2015,2.10278,2.10559

Week 1,05 Jan 2016,2.12817,2.13109
Week 2,12 Jan 2016,2.11236,2.11548
Week 3,19 Jan 2016,2.10520,2.10784
Week 4,26 Jan 2016,2.11795,2.12215

Week 1,02 Feb 2016,2.10732,2.11006
Week 2,09 Feb 2016,2.10974,2.11313
Week 3,16 Feb 2016,2.14451,2.14778
Week 4,23 Feb 2016,2.16533,2.16859

Week 1,01 Mar 2016,2.18183,2.18419
Week 2,08 Mar 2016,2.17618,2.17870
Week 3,15 Mar 2016,2.18577,2.18851
Week 4,22 Mar 2016,2.17923,2.18162

Week 1,29 Mar 2016,2.17212,2.17467
Week 2,05 Apr 2016,2.17246,2.17532
Week 3,12 Apr 2016,2.21456,2.21798
Week 4,19 Apr 2016,2.22997,2.23325

Week 1,26 Apr 2016,2.23562,2.23872
Week 2,03 May 2016,2.25741,2.25951
Week 3,10 May 2016,2.28722,2.29020
Week 4,17 May 2016,2.28608,2.28837

Week 1,24 May 2016,2.26370,2.26592
Week 2,31 May 2016,2.25127,2.25389
Week 3,07 Jun 2016,2.27479,2.27925
Week 4,14 Jun 2016,2.27146,2.27550

Week 1,21 Jun 2016,2.25681,2.26191
Week 2,28 Jun 2016,2.23768,2.24111
Week 3,05 Jul 2016,2.24183,2.24798
Week 4,12 Jul 2016,2.25166,2.25819

Week 1,19 Jul 2016,2.32553,2.33155
Week 2,26 Jul 2016,2.29528,2.29937
Week 3,02 Aug 2016,2.28820,2.29155
Week 4,09 Aug 2016,2.27198,2.27639

Week 1,16 Aug 2016,2.27750,2.28172
Week 2,23 Aug 2016,2.27349,2.27867
Week 3,30 Aug 2016,2.26427,2.26810
Week 4,06 Sep 2016,2.27642,2.27969

Week 1,13 Sep 2016,2.26067,2.26456
Week 2,20 Sep 2016,2.25382,2.25733
Week 3,27 Sep 2016,2.27154,2.27528
Week 4,04 Oct 2016,2.30192,2.30495

Week 1,11 Oct 2016,2.33388,2.33825
Week 2,18 Oct 2016,2.33075,2.33557
Week 3,25 Oct 2016,2.31212,2.31579
Week 4,01 Nov 2016,2.33241,2.33605

Week 1,08 Nov 2016,2.38722,2.39410
Week 2,15 Nov 2016,2.46399,2.46914
Week 3,22 Nov 2016,2.52916,2.53519
Week 4,29 Nov 2016,2.59153,2.59845

Week 1,06 Dec 2016,2.61827,2.62417
Week 2,13 Dec 2016,2.63974,2.64648
Week 3,20 Dec 2016,2.60903,2.61618
Week 4,27 Dec 2016,2.60518,2.61429

Week 1,03 Jan 2017,2.69517,2.70283
Week 2,10 Jan 2017,2.85424,2.85951
Week 3,17 Jan 2017,2.85772,2.86441
Week 4,24 Jan 2017,2.90429,2.91142

Week 1,31 Jan 2017,2.86972,2.87762
Week 2,07 Feb 2017,2.82047,2.82823
Week 3,14 Feb 2017,2.79192,2.79882
Week 4,21 Feb 2017,2.74639,2.75124

Week 1,28 Feb 2017,2.75337,2.75991
Week 2,07 Mar 2017,2.76699,2.77410
Week 3,14 Mar 2017,2.74570,2.75309
Week 4,21 Mar 2017,2.70842,2.71241

Week 1,28 Mar 2017,2.72091,2.72698
Week 2,04 Apr 2017,2.75501,2.76145
Week 3,11 Apr 2017,2.77873,2.78635
Week 4,18 Apr 2017,2.71841,2.72522

Week 1,25 Apr 2017,2.62330,2.62799
Week 2,02 May 2017,2.58713,2.59122
Week 3,09 May 2017,2.60983,2.61565
Week 4,16 May 2017,2.62865,2.63353

Week 1,23 May 2017,2.64933,2.65376
Week 2,30 May 2017,2.62158,2.62526
Week 3,06 Jun 2017,2.61703,2.62160
Week 4,13 Jun 2017,2.64504,2.64846

Week 1,20 Jun 2017,2.65073,2.65433
Week 2,27 Jun 2017,2.68673,2.69074
Week 3,04 Jul 2017,2.77556,2.77905
Week 4,11 Jul 2017,2.79705,2.80049

Week 1,18 Jul 2017,2.80200,2.80510
Week 2,25 Jul 2017,2.83479,2.83907
Week 3,01 Aug 2017,2.80546,2.80918
Week 4,08 Aug 2017,2.78561,2.78874

Week 1,15 Aug 2017,2.78257,2.78654
Week 2,22 Aug 2017,2.77183,2.77558
Week 3,29 Aug 2017,2.75711,2.76123
Week 4,05 Sep 2017,2.79246,2.79617

Week 1,12 Sep 2017,2.82058,2.82407
Week 2,19 Sep 2017,2.83665,2.84090
Week 3,26 Sep 2017,2.86287,2.86606
Week 4,03 Oct 2017,2.86796,2.87179

Week 1,10 Oct 2017,2.93124,2.93491
Week 2,17 Oct 2017,2.91963,2.92265
Week 3,24 Oct 2017,2.94780,2.95085
Week 4,31 Oct 2017,2.98545,2.98856

Week 1,07 Nov 2017,3.03819,3.04135
Week 2,14 Nov 2017,3.03849,3.04181
Week 3,21 Nov 2017,3.08707,3.09288
Week 4,28 Nov 2017,3.07497,3.07830

Week 1,05 Dec 2017,3.04817,3.05079


