CHI->USD

Week 1,01 Dec 1998,0.12080,0.12080
Week 2,08 Dec 1998,0.12081,0.12081
Week 3,15 Dec 1998,0.12081,0.12081
Week 4,22 Dec 1998,0.12080,0.12080

Week 1,29 Dec 1998,0.12079,0.12079
Week 2,05 Jan 1999,0.12078,0.12078
Week 3,12 Jan 1999,0.12079,0.12079
Week 4,19 Jan 1999,0.12079,0.12079

Week 1,26 Jan 1999,0.12080,0.12080
Week 2,02 Feb 1999,0.12081,0.12081
Week 3,09 Feb 1999,0.12081,0.12081
Week 4,16 Feb 1999,0.12081,0.12081

Week 1,23 Feb 1999,0.12079,0.12079
Week 2,02 Mar 1999,0.12079,0.12079
Week 3,09 Mar 1999,0.12079,0.12079
Week 4,16 Mar 1999,0.12079,0.12079

Week 1,23 Mar 1999,0.12078,0.12078
Week 2,30 Mar 1999,0.12078,0.12078
Week 3,06 Apr 1999,0.12078,0.12078
Week 4,13 Apr 1999,0.12079,0.12079

Week 1,20 Apr 1999,0.12080,0.12080
Week 2,27 Apr 1999,0.12079,0.12079
Week 3,04 May 1999,0.12079,0.12079
Week 4,11 May 1999,0.12080,0.12080

Week 1,18 May 1999,0.12080,0.12080
Week 2,25 May 1999,0.12080,0.12080
Week 3,01 Jun 1999,0.12079,0.12079
Week 4,08 Jun 1999,0.12080,0.12080

Week 1,15 Jun 1999,0.12081,0.12081
Week 2,22 Jun 1999,0.12081,0.12081
Week 3,29 Jun 1999,0.12081,0.12081
Week 4,06 Jul 1999,0.12080,0.12080

Week 1,13 Jul 1999,0.12081,0.12081
Week 2,20 Jul 1999,0.12081,0.12081
Week 3,27 Jul 1999,0.12081,0.12081
Week 4,03 Aug 1999,0.12081,0.12081

Week 1,10 Aug 1999,0.12081,0.12081
Week 2,17 Aug 1999,0.12081,0.12081
Week 3,24 Aug 1999,0.12081,0.12081
Week 4,31 Aug 1999,0.12081,0.12081

Week 1,07 Sep 1999,0.12081,0.12081
Week 2,14 Sep 1999,0.12081,0.12081
Week 3,21 Sep 1999,0.12081,0.12081
Week 4,28 Sep 1999,0.12081,0.12081

Week 1,05 Oct 1999,0.12081,0.12081
Week 2,12 Oct 1999,0.12081,0.12081
Week 3,19 Oct 1999,0.12081,0.12081
Week 4,26 Oct 1999,0.12081,0.12081

Week 1,02 Nov 1999,0.12080,0.12080
Week 2,09 Nov 1999,0.12080,0.12080
Week 3,16 Nov 1999,0.12080,0.12080
Week 4,23 Nov 1999,0.12123,0.12123

Week 1,30 Nov 1999,0.12140,0.12140
Week 2,07 Dec 1999,0.12140,0.12140
Week 3,14 Dec 1999,0.12078,0.12078
Week 4,21 Dec 1999,0.12078,0.12078

Week 1,28 Dec 1999,0.12077,0.12078
Week 2,04 Jan 2000,0.12077,0.12078
Week 3,11 Jan 2000,0.12077,0.12078
Week 4,18 Jan 2000,0.12077,0.12078

Week 1,25 Jan 2000,0.12079,0.12080
Week 2,01 Feb 2000,0.12079,0.12080
Week 3,08 Feb 2000,0.12078,0.12079
Week 4,15 Feb 2000,0.12080,0.12081

Week 1,22 Feb 2000,0.12079,0.12080
Week 2,29 Feb 2000,0.12078,0.12079
Week 3,07 Mar 2000,0.12078,0.12079
Week 4,14 Mar 2000,0.12079,0.12080

Week 1,21 Mar 2000,0.12078,0.12079
Week 2,28 Mar 2000,0.12078,0.12079
Week 3,04 Apr 2000,0.12077,0.12078
Week 4,11 Apr 2000,0.12077,0.12078

Week 1,18 Apr 2000,0.12078,0.12079
Week 2,25 Apr 2000,0.12077,0.12078
Week 3,02 May 2000,0.12076,0.12077
Week 4,09 May 2000,0.12078,0.12080

Week 1,16 May 2000,0.12080,0.12082
Week 2,23 May 2000,0.12080,0.12082
Week 3,30 May 2000,0.12080,0.12082
Week 4,06 Jun 2000,0.12080,0.12081

Week 1,13 Jun 2000,0.12081,0.12082
Week 2,20 Jun 2000,0.12081,0.12082
Week 3,27 Jun 2000,0.12079,0.12080
Week 4,04 Jul 2000,0.12077,0.12079

Week 1,11 Jul 2000,0.12077,0.12078
Week 2,18 Jul 2000,0.12077,0.12078
Week 3,25 Jul 2000,0.12077,0.12078
Week 4,01 Aug 2000,0.12077,0.12078

Week 1,08 Aug 2000,0.12076,0.12078
Week 2,15 Aug 2000,0.12077,0.12078
Week 3,22 Aug 2000,0.12076,0.12078
Week 4,29 Aug 2000,0.12077,0.12079

Week 1,05 Sep 2000,0.12077,0.12079
Week 2,12 Sep 2000,0.12079,0.12081
Week 3,19 Sep 2000,0.12079,0.12080
Week 4,26 Sep 2000,0.12077,0.12078

Week 1,03 Oct 2000,0.12077,0.12079
Week 2,10 Oct 2000,0.12078,0.12079
Week 3,17 Oct 2000,0.12079,0.12080
Week 4,24 Oct 2000,0.12078,0.12079

Week 1,31 Oct 2000,0.12080,0.12081
Week 2,07 Nov 2000,0.12080,0.12082
Week 3,14 Nov 2000,0.12080,0.12082
Week 4,21 Nov 2000,0.12079,0.12081

Week 1,28 Nov 2000,0.12080,0.12081
Week 2,05 Dec 2000,0.12081,0.12082
Week 3,12 Dec 2000,0.12081,0.12082
Week 4,19 Dec 2000,0.12080,0.12081

Week 1,26 Dec 2000,0.12080,0.12081
Week 2,02 Jan 2001,0.12080,0.12081
Week 3,09 Jan 2001,0.12081,0.12082
Week 4,16 Jan 2001,0.12081,0.12083

Week 1,23 Jan 2001,0.12078,0.12079
Week 2,30 Jan 2001,0.12079,0.12080
Week 3,06 Feb 2001,0.12081,0.12082
Week 4,13 Feb 2001,0.12081,0.12082

Week 1,20 Feb 2001,0.12080,0.12082
Week 2,27 Feb 2001,0.12079,0.12080
Week 3,06 Mar 2001,0.12080,0.12081
Week 4,13 Mar 2001,0.12080,0.12081

Week 1,20 Mar 2001,0.12080,0.12081
Week 2,27 Mar 2001,0.12080,0.12081
Week 3,03 Apr 2001,0.12081,0.12082
Week 4,10 Apr 2001,0.12081,0.12082

Week 1,17 Apr 2001,0.12080,0.12081
Week 2,24 Apr 2001,0.12080,0.12081
Week 3,01 May 2001,0.12080,0.12081
Week 4,08 May 2001,0.12080,0.12081

Week 1,15 May 2001,0.12081,0.12082
Week 2,22 May 2001,0.12080,0.12081
Week 3,29 May 2001,0.12080,0.12081
Week 4,05 Jun 2001,0.12081,0.12082

Week 1,12 Jun 2001,0.12080,0.12081
Week 2,19 Jun 2001,0.12080,0.12082
Week 3,26 Jun 2001,0.12081,0.12082
Week 4,03 Jul 2001,0.12081,0.12082

Week 1,10 Jul 2001,0.12081,0.12082
Week 2,17 Jul 2001,0.12081,0.12082
Week 3,24 Jul 2001,0.12080,0.12082
Week 4,31 Jul 2001,0.12081,0.12082

Week 1,07 Aug 2001,0.12080,0.12082
Week 2,14 Aug 2001,0.12081,0.12082
Week 3,21 Aug 2001,0.12080,0.12082
Week 4,28 Aug 2001,0.12081,0.12082

Week 1,04 Sep 2001,0.12081,0.12082
Week 2,11 Sep 2001,0.12082,0.12082
Week 3,18 Sep 2001,0.12072,0.12093
Week 4,25 Sep 2001,0.12067,0.12096

Week 1,02 Oct 2001,0.12067,0.12097
Week 2,09 Oct 2001,0.12068,0.12097
Week 3,16 Oct 2001,0.12067,0.12097
Week 4,23 Oct 2001,0.12067,0.12096

Week 1,30 Oct 2001,0.12067,0.12096
Week 2,06 Nov 2001,0.12068,0.12097
Week 3,13 Nov 2001,0.12067,0.12096
Week 4,20 Nov 2001,0.12069,0.12094

Week 1,27 Nov 2001,0.12067,0.12096
Week 2,04 Dec 2001,0.12067,0.12096
Week 3,11 Dec 2001,0.12067,0.12097
Week 4,18 Dec 2001,0.12067,0.12097

Week 1,25 Dec 2001,0.12068,0.12097
Week 2,01 Jan 2002,0.12068,0.12097
Week 3,08 Jan 2002,0.12068,0.12097
Week 4,15 Jan 2002,0.12067,0.12097

Week 1,22 Jan 2002,0.12068,0.12097
Week 2,29 Jan 2002,0.12068,0.12097
Week 3,05 Feb 2002,0.12068,0.12097
Week 4,12 Feb 2002,0.12067,0.12097

Week 1,19 Feb 2002,0.12068,0.12097
Week 2,26 Feb 2002,0.12068,0.12097
Week 3,05 Mar 2002,0.12067,0.12096
Week 4,12 Mar 2002,0.12067,0.12096

Week 1,19 Mar 2002,0.12067,0.12096
Week 2,26 Mar 2002,0.12067,0.12096
Week 3,02 Apr 2002,0.12067,0.12096
Week 4,09 Apr 2002,0.12067,0.12096

Week 1,16 Apr 2002,0.12067,0.12096
Week 2,23 Apr 2002,0.12067,0.12096
Week 3,30 Apr 2002,0.12067,0.12096
Week 4,07 May 2002,0.12067,0.12096

Week 1,14 May 2002,0.12067,0.12096
Week 2,21 May 2002,0.12067,0.12096
Week 3,28 May 2002,0.12068,0.12097
Week 4,04 Jun 2002,0.12067,0.12096

Week 1,11 Jun 2002,0.12067,0.12096
Week 2,18 Jun 2002,0.12067,0.12096
Week 3,25 Jun 2002,0.12067,0.12096
Week 4,02 Jul 2002,0.12067,0.12097

Week 1,09 Jul 2002,0.12068,0.12097
Week 2,16 Jul 2002,0.12067,0.12096
Week 3,23 Jul 2002,0.12067,0.12096
Week 4,30 Jul 2002,0.12068,0.12097

Week 1,06 Aug 2002,0.12068,0.12097
Week 2,13 Aug 2002,0.12067,0.12097
Week 3,20 Aug 2002,0.12068,0.12097
Week 4,27 Aug 2002,0.12067,0.12097

Week 1,03 Sep 2002,0.12067,0.12096
Week 2,10 Sep 2002,0.12067,0.12096
Week 3,17 Sep 2002,0.12071,0.12101
Week 4,24 Sep 2002,0.12067,0.12096

Week 1,01 Oct 2002,0.12067,0.12096
Week 2,08 Oct 2002,0.12067,0.12096
Week 3,15 Oct 2002,0.12067,0.12097
Week 4,22 Oct 2002,0.12067,0.12096

Week 1,29 Oct 2002,0.12067,0.12096
Week 2,05 Nov 2002,0.12067,0.12096
Week 3,12 Nov 2002,0.12067,0.12096
Week 4,19 Nov 2002,0.12067,0.12096

Week 1,26 Nov 2002,0.12067,0.12096
Week 2,03 Dec 2002,0.12067,0.12096
Week 3,10 Dec 2002,0.12067,0.12096
Week 4,17 Dec 2002,0.12067,0.12096

Week 1,24 Dec 2002,0.12067,0.12096
Week 2,31 Dec 2002,0.12067,0.12096
Week 3,07 Jan 2003,0.12067,0.12096
Week 4,14 Jan 2003,0.12066,0.12096

Week 1,21 Jan 2003,0.12067,0.12096
Week 2,28 Jan 2003,0.12067,0.12096
Week 3,04 Feb 2003,0.12063,0.12093
Week 4,11 Feb 2003,0.12066,0.12096

Week 1,18 Feb 2003,0.12066,0.12096
Week 2,25 Feb 2003,0.12066,0.12096
Week 3,04 Mar 2003,0.12066,0.12096
Week 4,11 Mar 2003,0.12067,0.12096

Week 1,18 Mar 2003,0.12067,0.12096
Week 2,25 Mar 2003,0.12067,0.12096
Week 3,01 Apr 2003,0.12067,0.12096
Week 4,08 Apr 2003,0.12067,0.12096

Week 1,15 Apr 2003,0.12067,0.12096
Week 2,22 Apr 2003,0.12067,0.12096
Week 3,29 Apr 2003,0.12067,0.12096
Week 4,06 May 2003,0.12067,0.12096

Week 1,13 May 2003,0.12067,0.12096
Week 2,20 May 2003,0.12067,0.12096
Week 3,27 May 2003,0.12067,0.12096
Week 4,03 Jun 2003,0.12067,0.12096

Week 1,10 Jun 2003,0.12067,0.12096
Week 2,17 Jun 2003,0.12067,0.12096
Week 3,24 Jun 2003,0.12067,0.12096
Week 4,01 Jul 2003,0.12066,0.12095

Week 1,08 Jul 2003,0.12067,0.12096
Week 2,15 Jul 2003,0.12067,0.12096
Week 3,22 Jul 2003,0.12067,0.12096
Week 4,29 Jul 2003,0.12067,0.12096

Week 1,05 Aug 2003,0.12067,0.12096
Week 2,12 Aug 2003,0.12067,0.12096
Week 3,19 Aug 2003,0.12068,0.12097
Week 4,26 Aug 2003,0.12067,0.12096

Week 1,02 Sep 2003,0.12067,0.12096
Week 2,09 Sep 2003,0.12067,0.12096
Week 3,16 Sep 2003,0.12067,0.12096
Week 4,23 Sep 2003,0.12067,0.12096

Week 1,30 Sep 2003,0.12067,0.12096
Week 2,07 Oct 2003,0.12067,0.12096
Week 3,14 Oct 2003,0.12068,0.12097
Week 4,21 Oct 2003,0.12068,0.12097

Week 1,28 Oct 2003,0.12068,0.12097
Week 2,04 Nov 2003,0.12067,0.12097
Week 3,11 Nov 2003,0.12067,0.12096
Week 4,18 Nov 2003,0.12067,0.12096

Week 1,25 Nov 2003,0.12067,0.12096
Week 2,02 Dec 2003,0.12067,0.12096
Week 3,09 Dec 2003,0.12067,0.12096
Week 4,16 Dec 2003,0.12067,0.12096

Week 1,23 Dec 2003,0.12067,0.12096
Week 2,30 Dec 2003,0.12067,0.12097
Week 3,06 Jan 2004,0.12067,0.12096
Week 4,13 Jan 2004,0.12067,0.12097

Week 1,20 Jan 2004,0.12067,0.12096
Week 2,27 Jan 2004,0.12067,0.12096
Week 3,03 Feb 2004,0.12067,0.12096
Week 4,10 Feb 2004,0.12067,0.12096

Week 1,17 Feb 2004,0.12067,0.12096
Week 2,24 Feb 2004,0.12067,0.12096
Week 3,02 Mar 2004,0.12067,0.12096
Week 4,09 Mar 2004,0.12067,0.12096

Week 1,16 Mar 2004,0.12067,0.12096
Week 2,23 Mar 2004,0.12067,0.12096
Week 3,30 Mar 2004,0.12067,0.12096
Week 4,06 Apr 2004,0.12067,0.12096

Week 1,13 Apr 2004,0.12067,0.12096
Week 2,20 Apr 2004,0.12065,0.12099
Week 3,27 Apr 2004,0.12063,0.12101
Week 4,04 May 2004,0.12067,0.12096

Week 1,11 May 2004,0.12067,0.12096
Week 2,18 May 2004,0.12067,0.12096
Week 3,25 May 2004,0.12067,0.12096
Week 4,01 Jun 2004,0.12067,0.12097

Week 1,08 Jun 2004,0.12067,0.12097
Week 2,15 Jun 2004,0.12068,0.12097
Week 3,22 Jun 2004,0.12068,0.12097
Week 4,29 Jun 2004,0.12068,0.12097

Week 1,06 Jul 2004,0.12063,0.12101
Week 2,13 Jul 2004,0.12068,0.12097
Week 3,20 Jul 2004,0.12068,0.12097
Week 4,27 Jul 2004,0.12067,0.12097

Week 1,03 Aug 2004,0.12049,0.12115
Week 2,10 Aug 2004,0.12067,0.12096
Week 3,17 Aug 2004,0.12067,0.12097
Week 4,24 Aug 2004,0.12068,0.12097

Week 1,31 Aug 2004,0.12068,0.12097
Week 2,07 Sep 2004,0.12068,0.12097
Week 3,14 Sep 2004,0.12068,0.12097
Week 4,21 Sep 2004,0.12068,0.12097

Week 1,28 Sep 2004,0.12068,0.12097
Week 2,05 Oct 2004,0.12068,0.12097
Week 3,12 Oct 2004,0.12064,0.12101
Week 4,19 Oct 2004,0.12068,0.12097

Week 1,26 Oct 2004,0.12068,0.12097
Week 2,02 Nov 2004,0.12068,0.12097
Week 3,09 Nov 2004,0.12068,0.12097
Week 4,16 Nov 2004,0.12068,0.12097

Week 1,23 Nov 2004,0.12068,0.12097
Week 2,30 Nov 2004,0.12068,0.12097
Week 3,07 Dec 2004,0.12068,0.12097
Week 4,14 Dec 2004,0.12068,0.12097

Week 1,21 Dec 2004,0.12068,0.12097
Week 2,28 Dec 2004,0.12068,0.12097
Week 3,04 Jan 2005,0.12068,0.12097
Week 4,11 Jan 2005,0.12068,0.12097

Week 1,18 Jan 2005,0.12068,0.12097
Week 2,25 Jan 2005,0.12068,0.12097
Week 3,01 Feb 2005,0.12068,0.12097
Week 4,08 Feb 2005,0.12068,0.12097

Week 1,15 Feb 2005,0.12068,0.12097
Week 2,22 Feb 2005,0.12068,0.12097
Week 3,01 Mar 2005,0.12068,0.12097
Week 4,08 Mar 2005,0.12068,0.12097

Week 1,15 Mar 2005,0.12068,0.12097
Week 2,22 Mar 2005,0.12068,0.12097
Week 3,29 Mar 2005,0.12068,0.12097
Week 4,05 Apr 2005,0.12068,0.12097

Week 1,12 Apr 2005,0.12068,0.12097
Week 2,19 Apr 2005,0.12068,0.12097
Week 3,26 Apr 2005,0.12068,0.12097
Week 4,03 May 2005,0.12068,0.12097

Week 1,10 May 2005,0.12068,0.12097
Week 2,17 May 2005,0.12068,0.12097
Week 3,24 May 2005,0.12068,0.12097
Week 4,31 May 2005,0.12068,0.12097

Week 1,07 Jun 2005,0.12068,0.12097
Week 2,14 Jun 2005,0.12068,0.12097
Week 3,21 Jun 2005,0.12068,0.12097
Week 4,28 Jun 2005,0.12068,0.12097

Week 1,05 Jul 2005,0.12068,0.12097
Week 2,12 Jul 2005,0.12068,0.12097
Week 3,19 Jul 2005,0.12173,0.12203
Week 4,26 Jul 2005,0.12318,0.12348

Week 1,02 Aug 2005,0.12325,0.12355
Week 2,09 Aug 2005,0.12327,0.12357
Week 3,16 Aug 2005,0.12328,0.12358
Week 4,23 Aug 2005,0.12331,0.12362

Week 1,30 Aug 2005,0.12337,0.12368
Week 2,06 Sep 2005,0.12335,0.12377
Week 3,13 Sep 2005,0.12339,0.12378
Week 4,20 Sep 2005,0.12342,0.12384

Week 1,27 Sep 2005,0.12335,0.12380
Week 2,04 Oct 2005,0.12336,0.12379
Week 3,11 Oct 2005,0.12346,0.12384
Week 4,18 Oct 2005,0.12342,0.12382

Week 1,25 Oct 2005,0.12346,0.12384
Week 2,01 Nov 2005,0.12354,0.12382
Week 3,08 Nov 2005,0.12359,0.12376
Week 4,15 Nov 2005,0.12361,0.12384

Week 1,22 Nov 2005,0.12369,0.12381
Week 2,29 Nov 2005,0.12373,0.12384
Week 3,06 Dec 2005,0.12373,0.12388
Week 4,13 Dec 2005,0.12377,0.12393

Week 1,20 Dec 2005,0.12376,0.12392
Week 2,27 Dec 2005,0.12382,0.12391
Week 3,03 Jan 2006,0.12391,0.12400
Week 4,10 Jan 2006,0.12387,0.12404

Week 1,17 Jan 2006,0.12392,0.12407
Week 2,24 Jan 2006,0.12397,0.12409
Week 3,31 Jan 2006,0.12399,0.12408
Week 4,07 Feb 2006,0.12410,0.12423

Week 1,14 Feb 2006,0.12417,0.12431
Week 2,21 Feb 2006,0.12422,0.12435
Week 3,28 Feb 2006,0.12434,0.12447
Week 4,07 Mar 2006,0.12424,0.12432

Week 1,14 Mar 2006,0.12433,0.12447
Week 2,21 Mar 2006,0.12444,0.12465
Week 3,28 Mar 2006,0.12452,0.12483
Week 4,04 Apr 2006,0.12464,0.12495

Week 1,11 Apr 2006,0.12462,0.12493
Week 2,18 Apr 2006,0.12458,0.12489
Week 3,25 Apr 2006,0.12461,0.12492
Week 4,02 May 2006,0.12463,0.12494

Week 1,09 May 2006,0.12475,0.12507
Week 2,16 May 2006,0.12466,0.12497
Week 3,23 May 2006,0.12449,0.12480
Week 4,30 May 2006,0.12447,0.12478

Week 1,06 Jun 2006,0.12460,0.12492
Week 2,13 Jun 2006,0.12477,0.12508
Week 3,20 Jun 2006,0.12482,0.12514
Week 4,27 Jun 2006,0.12490,0.12522

Week 1,04 Jul 2006,0.12497,0.12529
Week 2,11 Jul 2006,0.12495,0.12526
Week 3,18 Jul 2006,0.12497,0.12528
Week 4,25 Jul 2006,0.12518,0.12549

Week 1,01 Aug 2006,0.12523,0.12555
Week 2,08 Aug 2006,0.12524,0.12556
Week 3,15 Aug 2006,0.12512,0.12543
Week 4,22 Aug 2006,0.12528,0.12559

Week 1,29 Aug 2006,0.12550,0.12582
Week 2,05 Sep 2006,0.12570,0.12602
Week 3,12 Sep 2006,0.12567,0.12599
Week 4,19 Sep 2006,0.12600,0.12632

Week 1,26 Sep 2006,0.12630,0.12662
Week 2,03 Oct 2006,0.12631,0.12663
Week 3,10 Oct 2006,0.12633,0.12665
Week 4,17 Oct 2006,0.12632,0.12664

Week 1,24 Oct 2006,0.12650,0.12682
Week 2,31 Oct 2006,0.12684,0.12717
Week 3,07 Nov 2006,0.12692,0.12725
Week 4,14 Nov 2006,0.12691,0.12724

Week 1,21 Nov 2006,0.12703,0.12735
Week 2,28 Nov 2006,0.12746,0.12778
Week 3,05 Dec 2006,0.12762,0.12794
Week 4,12 Dec 2006,0.12760,0.12792

Week 1,19 Dec 2006,0.12775,0.12807
Week 2,26 Dec 2006,0.12783,0.12816
Week 3,02 Jan 2007,0.12785,0.12817
Week 4,09 Jan 2007,0.12800,0.12833

Week 1,16 Jan 2007,0.12837,0.12870
Week 2,23 Jan 2007,0.12846,0.12879
Week 3,30 Jan 2007,0.12862,0.12896
Week 4,06 Feb 2007,0.12883,0.12917

Week 1,13 Feb 2007,0.12879,0.12912
Week 2,20 Feb 2007,0.12886,0.12920
Week 3,27 Feb 2007,0.12897,0.12931
Week 4,06 Mar 2007,0.12898,0.12931

Week 1,13 Mar 2007,0.12901,0.12935
Week 2,20 Mar 2007,0.12914,0.12948
Week 3,27 Mar 2007,0.12918,0.12951
Week 4,03 Apr 2007,0.12922,0.12955

Week 1,10 Apr 2007,0.12928,0.12961
Week 2,17 Apr 2007,0.12933,0.12967
Week 3,24 Apr 2007,0.12932,0.12966
Week 4,01 May 2007,0.12961,0.12995

Week 1,08 May 2007,0.12989,0.13023
Week 2,15 May 2007,0.13010,0.13044
Week 3,22 May 2007,0.13047,0.13081
Week 4,29 May 2007,0.13059,0.13093

Week 1,05 Jun 2007,0.13056,0.13091
Week 2,12 Jun 2007,0.13081,0.13115
Week 3,19 Jun 2007,0.13102,0.13136
Week 4,26 Jun 2007,0.13113,0.13148

Week 1,03 Jul 2007,0.13142,0.13176
Week 2,10 Jul 2007,0.13184,0.13219
Week 3,17 Jul 2007,0.13198,0.13233
Week 4,24 Jul 2007,0.13208,0.13243

Week 1,31 Jul 2007,0.13195,0.13230
Week 2,07 Aug 2007,0.13191,0.13226
Week 3,14 Aug 2007,0.13157,0.13192
Week 4,21 Aug 2007,0.13173,0.13208

Week 1,28 Aug 2007,0.13228,0.13263
Week 2,04 Sep 2007,0.13240,0.13275
Week 3,11 Sep 2007,0.13284,0.13320
Week 4,18 Sep 2007,0.13295,0.13331

Week 1,25 Sep 2007,0.13298,0.13333
Week 2,02 Oct 2007,0.13305,0.13340
Week 3,09 Oct 2007,0.13300,0.13335
Week 4,16 Oct 2007,0.13292,0.13327

Week 1,23 Oct 2007,0.13327,0.13363
Week 2,30 Oct 2007,0.13381,0.13417
Week 3,06 Nov 2007,0.13442,0.13478
Week 4,13 Nov 2007,0.13452,0.13488

Week 1,20 Nov 2007,0.13477,0.13513
Week 2,27 Nov 2007,0.13507,0.13544
Week 3,04 Dec 2007,0.13492,0.13529
Week 4,11 Dec 2007,0.13538,0.13575

Week 1,18 Dec 2007,0.13546,0.13584
Week 2,25 Dec 2007,0.13620,0.13658
Week 3,01 Jan 2008,0.13707,0.13745
Week 4,08 Jan 2008,0.13746,0.13784

Week 1,15 Jan 2008,0.13786,0.13825
Week 2,22 Jan 2008,0.13823,0.13861
Week 3,29 Jan 2008,0.13892,0.13932
Week 4,05 Feb 2008,0.13891,0.13930

Week 1,12 Feb 2008,0.13896,0.13935
Week 2,19 Feb 2008,0.13971,0.14010
Week 3,26 Feb 2008,0.14009,0.14048
Week 4,04 Mar 2008,0.14048,0.14088

Week 1,11 Mar 2008,0.14070,0.14110
Week 2,18 Mar 2008,0.14136,0.14182
Week 3,25 Mar 2008,0.14213,0.14254
Week 4,01 Apr 2008,0.14231,0.14272

Week 1,08 Apr 2008,0.14262,0.14303
Week 2,15 Apr 2008,0.14278,0.14320
Week 3,22 Apr 2008,0.14269,0.14310
Week 4,29 Apr 2008,0.14285,0.14326

Week 1,06 May 2008,0.14285,0.14326
Week 2,13 May 2008,0.14280,0.14321
Week 3,20 May 2008,0.14358,0.14400
Week 4,27 May 2008,0.14384,0.14425

Week 1,03 Jun 2008,0.14408,0.14449
Week 2,10 Jun 2008,0.14448,0.14490
Week 3,17 Jun 2008,0.14503,0.14545
Week 4,24 Jun 2008,0.14544,0.14586

Week 1,01 Jul 2008,0.14561,0.14611
Week 2,08 Jul 2008,0.14581,0.14624
Week 3,15 Jul 2008,0.14637,0.14680
Week 4,22 Jul 2008,0.14632,0.14675

Week 1,29 Jul 2008,0.14607,0.14650
Week 2,05 Aug 2008,0.14563,0.14606
Week 3,12 Aug 2008,0.14546,0.14588
Week 4,19 Aug 2008,0.14581,0.14623

Week 1,26 Aug 2008,0.14600,0.14644
Week 2,02 Sep 2008,0.14601,0.14644
Week 3,09 Sep 2008,0.14599,0.14642
Week 4,16 Sep 2008,0.14589,0.14657

Week 1,23 Sep 2008,0.14606,0.14669
Week 2,30 Sep 2008,0.14588,0.14630
Week 3,07 Oct 2008,0.14618,0.14666
Week 4,14 Oct 2008,0.14610,0.14661

Week 1,21 Oct 2008,0.14588,0.14661
Week 2,28 Oct 2008,0.14585,0.14649
Week 3,04 Nov 2008,0.14605,0.14679
Week 4,11 Nov 2008,0.14628,0.14672

Week 1,18 Nov 2008,0.14618,0.14661
Week 2,25 Nov 2008,0.14626,0.14669
Week 3,02 Dec 2008,0.14515,0.14558
Week 4,09 Dec 2008,0.14562,0.14605

Week 1,16 Dec 2008,0.14571,0.14658
Week 2,23 Dec 2008,0.14579,0.14623
Week 3,30 Dec 2008,0.14600,0.14678
Week 4,06 Jan 2009,0.14610,0.14653

Week 1,13 Jan 2009,0.14607,0.14649
Week 2,20 Jan 2009,0.14601,0.14645
Week 3,27 Jan 2009,0.14599,0.14642
Week 4,03 Feb 2009,0.14606,0.14649

Week 1,10 Feb 2009,0.14608,0.14651
Week 2,17 Feb 2009,0.14608,0.14651
Week 3,24 Feb 2009,0.14603,0.14645
Week 4,03 Mar 2009,0.14595,0.14638

Week 1,10 Mar 2009,0.14600,0.14643
Week 2,17 Mar 2009,0.14617,0.14660
Week 3,24 Mar 2009,0.14616,0.14659
Week 4,31 Mar 2009,0.14609,0.14652

Week 1,07 Apr 2009,0.14608,0.14651
Week 2,14 Apr 2009,0.14614,0.14657
Week 3,21 Apr 2009,0.14623,0.14665
Week 4,28 Apr 2009,0.14636,0.14679

Week 1,05 May 2009,0.14639,0.14682
Week 2,12 May 2009,0.14634,0.14677
Week 3,19 May 2009,0.14631,0.14674
Week 4,26 May 2009,0.14624,0.14667

Week 1,02 Jun 2009,0.14618,0.14660
Week 2,09 Jun 2009,0.14610,0.14653
Week 3,16 Jun 2009,0.14606,0.14649
Week 4,23 Jun 2009,0.14610,0.14653

Week 1,30 Jun 2009,0.14614,0.14657
Week 2,07 Jul 2009,0.14615,0.14652
Week 3,14 Jul 2009,0.14615,0.14658
Week 4,21 Jul 2009,0.14615,0.14658

Week 1,28 Jul 2009,0.14618,0.14658
Week 2,04 Aug 2009,0.14615,0.14661
Week 3,11 Aug 2009,0.14614,0.14651
Week 4,18 Aug 2009,0.14613,0.14656

Week 1,25 Aug 2009,0.14617,0.14660
Week 2,01 Sep 2009,0.14613,0.14665
Week 3,08 Sep 2009,0.14626,0.14672
Week 4,15 Sep 2009,0.14624,0.14667

Week 1,22 Sep 2009,0.14624,0.14667
Week 2,29 Sep 2009,0.14627,0.14669
Week 3,06 Oct 2009,0.14628,0.14671
Week 4,13 Oct 2009,0.14628,0.14671

Week 1,20 Oct 2009,0.14631,0.14668
Week 2,27 Oct 2009,0.14626,0.14663
Week 3,03 Nov 2009,0.14630,0.14661
Week 4,10 Nov 2009,0.14633,0.14664

Week 1,17 Nov 2009,0.14628,0.14665
Week 2,24 Nov 2009,0.14626,0.14663
Week 3,01 Dec 2009,0.14629,0.14666
Week 4,08 Dec 2009,0.14627,0.14664

Week 1,15 Dec 2009,0.14622,0.14668
Week 2,22 Dec 2009,0.14636,0.14666
Week 3,29 Dec 2009,0.14634,0.14655
Week 4,05 Jan 2010,0.14631,0.14662

Week 1,12 Jan 2010,0.14632,0.14663
Week 2,19 Jan 2010,0.14629,0.14666
Week 3,26 Jan 2010,0.14629,0.14666
Week 4,02 Feb 2010,0.14629,0.14666

Week 1,09 Feb 2010,0.14623,0.14655
Week 2,16 Feb 2010,0.14619,0.14656
Week 3,23 Feb 2010,0.14630,0.14670
Week 4,02 Mar 2010,0.14627,0.14670

Week 1,09 Mar 2010,0.14631,0.14668
Week 2,16 Mar 2010,0.14627,0.14670
Week 3,23 Mar 2010,0.14626,0.14669
Week 4,30 Mar 2010,0.14631,0.14668

Week 1,06 Apr 2010,0.14636,0.14668
Week 2,13 Apr 2010,0.14647,0.14687
Week 3,20 Apr 2010,0.14629,0.14666
Week 4,27 Apr 2010,0.14628,0.14671

Week 1,04 May 2010,0.14628,0.14671
Week 2,11 May 2010,0.14626,0.14669
Week 3,18 May 2010,0.14629,0.14666
Week 4,25 May 2010,0.14626,0.14657

Week 1,01 Jun 2010,0.14622,0.14665
Week 2,08 Jun 2010,0.14618,0.14661
Week 3,15 Jun 2010,0.14618,0.14661
Week 4,22 Jun 2010,0.14684,0.14727

Week 1,29 Jun 2010,0.14724,0.14767
Week 2,06 Jul 2010,0.14737,0.14781
Week 3,13 Jul 2010,0.14741,0.14784
Week 4,20 Jul 2010,0.14733,0.14770

Week 1,27 Jul 2010,0.14736,0.14776
Week 2,03 Aug 2010,0.14747,0.14790
Week 3,10 Aug 2010,0.14721,0.14764
Week 4,17 Aug 2010,0.14700,0.14743

Week 1,24 Aug 2010,0.14687,0.14730
Week 2,31 Aug 2010,0.14675,0.14713
Week 3,07 Sep 2010,0.14727,0.14766
Week 4,14 Sep 2010,0.14824,0.14868

Week 1,21 Sep 2010,0.14893,0.14932
Week 2,28 Sep 2010,0.14926,0.14965
Week 3,05 Oct 2010,0.14945,0.14984
Week 4,12 Oct 2010,0.15003,0.15048

Week 1,19 Oct 2010,0.15013,0.15052
Week 2,26 Oct 2010,0.14970,0.15008
Week 3,02 Nov 2010,0.14974,0.15019
Week 4,09 Nov 2010,0.15030,0.15076

Week 1,16 Nov 2010,0.15039,0.15085
Week 2,23 Nov 2010,0.15002,0.15047
Week 3,30 Nov 2010,0.14986,0.15028
Week 4,07 Dec 2010,0.15009,0.15048

Week 1,14 Dec 2010,0.14996,0.15041
Week 2,21 Dec 2010,0.15018,0.15057
Week 3,28 Dec 2010,0.15113,0.15146
Week 4,04 Jan 2011,0.15098,0.15138

Week 1,11 Jan 2011,0.15124,0.15157
Week 2,18 Jan 2011,0.15165,0.15205
Week 3,25 Jan 2011,0.15172,0.15211
Week 4,01 Feb 2011,0.15197,0.15244

Week 1,08 Feb 2011,0.15171,0.15227
Week 2,15 Feb 2011,0.15170,0.15210
Week 3,22 Feb 2011,0.15187,0.15234
Week 4,01 Mar 2011,0.15199,0.15239

Week 1,08 Mar 2011,0.15204,0.15245
Week 2,15 Mar 2011,0.15196,0.15236
Week 3,22 Mar 2011,0.15221,0.15267
Week 4,29 Mar 2011,0.15233,0.15279

Week 1,05 Apr 2011,0.15269,0.15309
Week 2,12 Apr 2011,0.15282,0.15329
Week 3,19 Apr 2011,0.15334,0.15381
Week 4,26 Apr 2011,0.15362,0.15399

Week 1,03 May 2011,0.15383,0.15415
Week 2,10 May 2011,0.15384,0.15404
Week 3,17 May 2011,0.15359,0.15405
Week 4,24 May 2011,0.15383,0.15409

Week 1,31 May 2011,0.15416,0.15442
Week 2,07 Jun 2011,0.15413,0.15449
Week 3,14 Jun 2011,0.15421,0.15456
Week 4,21 Jun 2011,0.15439,0.15478

Week 1,28 Jun 2011,0.15454,0.15464
Week 2,05 Jul 2011,0.15454,0.15480
Week 3,12 Jul 2011,0.15488,0.15496
Week 4,19 Jul 2011,0.15481,0.15534

Week 1,26 Jul 2011,0.15515,0.15568
Week 2,02 Aug 2011,0.15525,0.15579
Week 3,09 Aug 2011,0.15597,0.15654
Week 4,16 Aug 2011,0.15656,0.15710

Week 1,23 Aug 2011,0.15641,0.15694
Week 2,30 Aug 2011,0.15653,0.15709
Week 3,06 Sep 2011,0.15621,0.15679
Week 4,13 Sep 2011,0.15638,0.15699

Week 1,20 Sep 2011,0.15591,0.15659
Week 2,27 Sep 2011,0.15608,0.15670
Week 3,04 Oct 2011,0.15646,0.15710
Week 4,11 Oct 2011,0.15652,0.15714

Week 1,18 Oct 2011,0.15633,0.15691
Week 2,25 Oct 2011,0.15691,0.15748
Week 3,01 Nov 2011,0.15713,0.15772
Week 4,08 Nov 2011,0.15751,0.15798

Week 1,15 Nov 2011,0.15725,0.15770
Week 2,22 Nov 2011,0.15652,0.15710
Week 3,29 Nov 2011,0.15695,0.15754
Week 4,06 Dec 2011,0.15733,0.15793

Week 1,13 Dec 2011,0.15628,0.15696
Week 2,20 Dec 2011,0.15683,0.15744
Week 3,27 Dec 2011,0.15698,0.15763
Week 4,03 Jan 2012,0.15770,0.15834

Week 1,10 Jan 2012,0.15810,0.15865
Week 2,17 Jan 2012,0.15834,0.15889
Week 3,24 Jan 2012,0.15856,0.15915
Week 4,31 Jan 2012,0.15859,0.15916

Week 1,07 Feb 2012,0.15865,0.15920
Week 2,14 Feb 2012,0.15855,0.15910
Week 3,21 Feb 2012,0.15854,0.15907
Week 4,28 Feb 2012,0.15849,0.15903

Week 1,06 Mar 2012,0.15813,0.15868
Week 2,13 Mar 2012,0.15769,0.15829
Week 3,20 Mar 2012,0.15790,0.15848
Week 4,27 Mar 2012,0.15796,0.15854

Week 1,03 Apr 2012,0.15808,0.15871
Week 2,10 Apr 2012,0.15806,0.15865
Week 3,17 Apr 2012,0.15809,0.15864
Week 4,24 Apr 2012,0.15815,0.15872

Week 1,01 May 2012,0.15832,0.15890
Week 2,08 May 2012,0.15815,0.15871
Week 3,15 May 2012,0.15778,0.15838
Week 4,22 May 2012,0.15766,0.15823

Week 1,29 May 2012,0.15736,0.15793
Week 2,05 Jun 2012,0.15764,0.15822
Week 3,12 Jun 2012,0.15794,0.15853
Week 4,19 Jun 2012,0.15820,0.15876

Week 1,26 Jun 2012,0.15805,0.15860
Week 2,03 Jul 2012,0.15830,0.15859
Week 3,10 Jul 2012,0.15825,0.15853
Week 4,17 Jul 2012,0.15841,0.15867

Week 1,24 Jul 2012,0.15789,0.15814
Week 2,31 Jul 2012,0.15812,0.15839
Week 3,07 Aug 2012,0.15796,0.15822
Week 4,14 Aug 2012,0.15766,0.15794

Week 1,21 Aug 2012,0.15779,0.15803
Week 2,28 Aug 2012,0.15771,0.15793
Week 3,04 Sep 2012,0.15769,0.15799
Week 4,11 Sep 2012,0.15789,0.15813

Week 1,18 Sep 2012,0.15785,0.15810
Week 2,25 Sep 2012,0.15782,0.15807
Week 3,02 Oct 2012,0.15801,0.15828
Week 4,09 Oct 2012,0.15826,0.15854

Week 1,16 Oct 2012,0.15871,0.15898
Week 2,23 Oct 2012,0.15886,0.15910
Week 3,30 Oct 2012,0.15888,0.15912
Week 4,06 Nov 2012,0.15892,0.15914

Week 1,13 Nov 2012,0.15917,0.15938
Week 2,20 Nov 2012,0.15920,0.15942
Week 3,27 Nov 2012,0.15941,0.15961
Week 4,04 Dec 2012,0.15903,0.15925

Week 1,11 Dec 2012,0.15894,0.15915
Week 2,18 Dec 2012,0.15875,0.15896
Week 3,25 Dec 2012,0.15842,0.15861
Week 4,01 Jan 2013,0.15857,0.15877

Week 1,08 Jan 2013,0.15913,0.15934
Week 2,15 Jan 2013,0.15971,0.15990
Week 3,22 Jan 2013,0.15911,0.15932
Week 4,29 Jan 2013,0.15890,0.15911

Week 1,05 Feb 2013,0.15882,0.15905
Week 2,12 Feb 2013,0.15891,0.15922
Week 3,19 Feb 2013,0.15893,0.15917
Week 4,26 Feb 2013,0.15899,0.15924

Week 1,05 Mar 2013,0.15914,0.15939
Week 2,12 Mar 2013,0.15949,0.15970
Week 3,19 Mar 2013,0.15921,0.15944
Week 4,26 Mar 2013,0.15926,0.15948

Week 1,02 Apr 2013,0.15951,0.15971
Week 2,09 Apr 2013,0.15985,0.16005
Week 3,16 Apr 2013,0.16020,0.16040
Week 4,23 Apr 2013,0.16047,0.16067

Week 1,30 Apr 2013,0.16095,0.16115
Week 2,07 May 2013,0.16122,0.16143
Week 3,14 May 2013,0.16111,0.16132
Week 4,21 May 2013,0.16149,0.16169

Week 1,28 May 2013,0.16163,0.16184
Week 2,04 Jun 2013,0.16188,0.16209
Week 3,11 Jun 2013,0.16210,0.16233
Week 4,18 Jun 2013,0.16177,0.16198

Week 1,25 Jun 2013,0.16146,0.16167
Week 2,02 Jul 2013,0.16165,0.16186
Week 3,09 Jul 2013,0.16173,0.16194
Week 4,16 Jul 2013,0.16181,0.16202

Week 1,23 Jul 2013,0.16190,0.16211
Week 2,30 Jul 2013,0.16181,0.16202
Week 3,06 Aug 2013,0.16212,0.16232
Week 4,13 Aug 2013,0.16218,0.16239

Week 1,20 Aug 2013,0.16218,0.16239
Week 2,27 Aug 2013,0.16216,0.16237
Week 3,03 Sep 2013,0.16204,0.16225
Week 4,10 Sep 2013,0.16234,0.16256

Week 1,17 Sep 2013,0.16262,0.16288
Week 2,24 Sep 2013,0.16265,0.16288
Week 3,01 Oct 2013,0.16281,0.16302
Week 4,08 Oct 2013,0.16291,0.16313

Week 1,15 Oct 2013,0.16315,0.16336
Week 2,22 Oct 2013,0.16326,0.16339
Week 3,29 Oct 2013,0.16306,0.16319
Week 4,05 Nov 2013,0.16295,0.16307

Week 1,12 Nov 2013,0.16305,0.16318
Week 2,19 Nov 2013,0.16312,0.16327
Week 3,26 Nov 2013,0.16307,0.16322
Week 4,03 Dec 2013,0.16323,0.16338

Week 1,10 Dec 2013,0.16357,0.16368
Week 2,17 Dec 2013,0.16345,0.16357
Week 3,24 Dec 2013,0.16342,0.16356
Week 4,31 Dec 2013,0.16370,0.16381

Week 1,07 Jan 2014,0.16386,0.16395
Week 2,14 Jan 2014,0.16408,0.16420
Week 3,21 Jan 2014,0.16385,0.16398
Week 4,28 Jan 2014,0.16372,0.16385

Week 1,04 Feb 2014,0.16378,0.16389
Week 2,11 Feb 2014,0.16386,0.16395
Week 3,18 Feb 2014,0.16355,0.16366
Week 4,25 Feb 2014,0.16314,0.16325

Week 1,04 Mar 2014,0.16315,0.16326
Week 2,11 Mar 2014,0.16277,0.16290
Week 3,18 Mar 2014,0.16247,0.16259
Week 4,25 Mar 2014,0.16236,0.16246

Week 1,01 Apr 2014,0.16196,0.16207
Week 2,08 Apr 2014,0.16207,0.16219
Week 3,15 Apr 2014,0.16187,0.16204
Week 4,22 Apr 2014,0.16188,0.16200

Week 1,29 Apr 2014,0.16220,0.16231
Week 2,06 May 2014,0.16238,0.16249
Week 3,13 May 2014,0.16209,0.16221
Week 4,20 May 2014,0.16205,0.16216

Week 1,27 May 2014,0.16195,0.16207
Week 2,03 Jun 2014,0.16208,0.16220
Week 3,10 Jun 2014,0.16258,0.16271
Week 4,17 Jun 2014,0.16225,0.16237

Week 1,24 Jun 2014,0.16228,0.16238
Week 2,01 Jul 2014,0.16199,0.16215
Week 3,08 Jul 2014,0.16203,0.16214
Week 4,15 Jul 2014,0.16188,0.16206

Week 1,22 Jul 2014,0.16222,0.16232
Week 2,29 Jul 2014,0.16210,0.16220
Week 3,05 Aug 2014,0.16222,0.16238
Week 4,12 Aug 2014,0.16246,0.16256

Week 1,19 Aug 2014,0.16236,0.16247
Week 2,26 Aug 2014,0.16226,0.16243
Week 3,02 Sep 2014,0.16226,0.16236
Week 4,09 Sep 2014,0.16256,0.16266

Week 1,16 Sep 2014,0.16254,0.16265
Week 2,23 Sep 2014,0.16272,0.16282
Week 3,30 Sep 2014,0.16251,0.16261
Week 4,07 Oct 2014,0.16289,0.16300

Week 1,14 Oct 2014,0.16282,0.16296
Week 2,21 Oct 2014,0.16284,0.16293
Week 3,28 Oct 2014,0.16289,0.16299
Week 4,04 Nov 2014,0.16271,0.16280

Week 1,11 Nov 2014,0.16276,0.16285
Week 2,18 Nov 2014,0.16281,0.16290
Week 3,25 Nov 2014,0.16290,0.16302
Week 4,02 Dec 2014,0.16280,0.16310

Week 1,09 Dec 2014,0.16303,0.16328
Week 2,16 Dec 2014,0.16293,0.16324
Week 3,23 Dec 2014,0.16265,0.16305
Week 4,30 Dec 2014,0.16252,0.16291

Week 1,06 Jan 2015,0.16287,0.16327
Week 2,13 Jan 2015,0.16307,0.16347
Week 3,20 Jan 2015,0.16268,0.16308
Week 4,27 Jan 2015,0.16212,0.16252

Week 1,03 Feb 2015,0.16231,0.16268
Week 2,10 Feb 2015,0.16257,0.16297
Week 3,17 Feb 2015,0.16244,0.16284
Week 4,24 Feb 2015,0.16225,0.16264

Week 1,03 Mar 2015,0.16215,0.16267
Week 2,10 Mar 2015,0.16206,0.16262
Week 3,17 Mar 2015,0.16273,0.16334
Week 4,24 Mar 2015,0.16298,0.16360

Week 1,31 Mar 2015,0.16330,0.16392
Week 2,07 Apr 2015,0.16333,0.16394
Week 3,14 Apr 2015,0.16341,0.16406
Week 4,21 Apr 2015,0.16340,0.16418

Week 1,28 Apr 2015,0.16345,0.16426
Week 2,05 May 2015,0.16342,0.16428
Week 3,12 May 2015,0.16357,0.16454
Week 4,19 May 2015,0.16345,0.16445

Week 1,26 May 2015,0.16325,0.16424
Week 2,02 Jun 2015,0.16308,0.16414
Week 3,09 Jun 2015,0.16297,0.16403
Week 4,16 Jun 2015,0.16315,0.16422

Week 1,23 Jun 2015,0.16322,0.16430
Week 2,30 Jun 2015,0.16320,0.16428
Week 3,07 Jul 2015,0.16314,0.16422
Week 4,14 Jul 2015,0.16320,0.16427

Week 1,21 Jul 2015,0.16327,0.16435
Week 2,28 Jul 2015,0.16185,0.16260
Week 3,04 Aug 2015,0.16078,0.16130
Week 4,11 Aug 2015,0.15701,0.15751

Week 1,18 Aug 2015,0.15618,0.15667
Week 2,25 Aug 2015,0.15600,0.15649
Week 3,01 Sep 2015,0.15695,0.15744
Week 4,08 Sep 2015,0.15666,0.15715

Week 1,15 Sep 2015,0.15682,0.15731
Week 2,22 Sep 2015,0.15659,0.15708
Week 3,29 Sep 2015,0.15701,0.15750
Week 4,06 Oct 2015,0.15724,0.15766

Week 1,13 Oct 2015,0.15740,0.15782
Week 2,20 Oct 2015,0.15721,0.15763
Week 3,27 Oct 2015,0.15740,0.15782
Week 4,03 Nov 2015,0.15739,0.15782

Week 1,10 Nov 2015,0.15686,0.15721
Week 2,17 Nov 2015,0.15650,0.15692
Week 3,24 Nov 2015,0.15627,0.15669
Week 4,01 Dec 2015,0.15602,0.15651

Week 1,08 Dec 2015,0.15546,0.15555
Week 2,15 Dec 2015,0.15448,0.15450
Week 3,22 Dec 2015,0.15447,0.15451
Week 4,29 Dec 2015,0.15398,0.15397

Week 1,05 Jan 2016,0.15231,0.15238
Week 2,12 Jan 2016,0.15209,0.15214
Week 3,19 Jan 2016,0.15199,0.15205
Week 4,26 Jan 2016,0.15191,0.15197

Week 1,02 Feb 2016,0.15203,0.15209
Week 2,09 Feb 2016,0.15218,0.15224
Week 3,16 Feb 2016,0.15329,0.15334
Week 4,23 Feb 2016,0.15313,0.15317

Week 1,01 Mar 2016,0.15278,0.15282
Week 2,08 Mar 2016,0.15381,0.15383
Week 3,15 Mar 2016,0.15411,0.15416
Week 4,22 Mar 2016,0.15366,0.15370

Week 1,29 Mar 2016,0.15435,0.15440
Week 2,05 Apr 2016,0.15450,0.15456
Week 3,12 Apr 2016,0.15445,0.15451
Week 4,19 Apr 2016,0.15424,0.15429

Week 1,26 Apr 2016,0.15418,0.15422
Week 2,03 May 2016,0.15403,0.15408
Week 3,10 May 2016,0.15339,0.15343
Week 4,17 May 2016,0.15292,0.15297

Week 1,24 May 2016,0.15244,0.15248
Week 2,31 May 2016,0.15201,0.15206
Week 3,07 Jun 2016,0.15229,0.15234
Week 4,14 Jun 2016,0.15176,0.15179

Week 1,21 Jun 2016,0.15160,0.15167
Week 2,28 Jun 2016,0.15037,0.15042
Week 3,05 Jul 2016,0.14965,0.14969
Week 4,12 Jul 2016,0.14949,0.14952

Week 1,19 Jul 2016,0.14958,0.14963
Week 2,26 Jul 2016,0.15012,0.15016
Week 3,02 Aug 2016,0.15050,0.15055
Week 4,09 Aug 2016,0.15047,0.15052

Week 1,16 Aug 2016,0.15059,0.15063
Week 2,23 Aug 2016,0.15010,0.15014
Week 3,30 Aug 2016,0.14969,0.14972
Week 4,06 Sep 2016,0.14975,0.14978

Week 1,13 Sep 2016,0.14978,0.14983
Week 2,20 Sep 2016,0.14986,0.14991
Week 3,27 Sep 2016,0.14991,0.14995
Week 4,04 Oct 2016,0.14986,0.14990

Week 1,11 Oct 2016,0.14878,0.14882
Week 2,18 Oct 2016,0.14816,0.14820
Week 3,25 Oct 2016,0.14753,0.14757
Week 4,01 Nov 2016,0.14781,0.14786

Week 1,08 Nov 2016,0.14709,0.14714
Week 2,15 Nov 2016,0.14557,0.14561
Week 3,22 Nov 2016,0.14468,0.14474
Week 4,29 Nov 2016,0.14512,0.14516

Week 1,06 Dec 2016,0.14418,0.14439
Week 2,13 Dec 2016,0.14424,0.14435
Week 3,20 Dec 2016,0.14388,0.14393
Week 4,27 Dec 2016,0.14388,0.14392

Week 1,03 Jan 2017,0.14432,0.14436
Week 2,10 Jan 2017,0.14453,0.14458
Week 3,17 Jan 2017,0.14546,0.14555
Week 4,24 Jan 2017,0.14544,0.14549

Week 1,31 Jan 2017,0.14538,0.14542
Week 2,07 Feb 2017,0.14548,0.14551
Week 3,14 Feb 2017,0.14559,0.14561
Week 4,21 Feb 2017,0.14547,0.14552

Week 1,28 Feb 2017,0.14524,0.14526
Week 2,07 Mar 2017,0.14483,0.14486
Week 3,14 Mar 2017,0.14484,0.14487
Week 4,21 Mar 2017,0.14517,0.14521

Week 1,28 Mar 2017,0.14522,0.14525
Week 2,04 Apr 2017,0.14502,0.14505
Week 3,11 Apr 2017,0.14507,0.14510
Week 4,18 Apr 2017,0.14529,0.14531

Week 1,25 Apr 2017,0.14521,0.14524
Week 2,02 May 2017,0.14504,0.14507
Week 3,09 May 2017,0.14486,0.14489
Week 4,16 May 2017,0.14516,0.14519

Week 1,23 May 2017,0.14550,0.14552
Week 2,30 May 2017,0.14648,0.14650
Week 3,06 Jun 2017,0.14707,0.14713
Week 4,13 Jun 2017,0.14699,0.14702

Week 1,20 Jun 2017,0.14640,0.14644
Week 2,27 Jun 2017,0.14714,0.14716
Week 3,04 Jul 2017,0.14704,0.14707
Week 4,11 Jul 2017,0.14734,0.14736

Week 1,18 Jul 2017,0.14787,0.14790
Week 2,25 Jul 2017,0.14824,0.14828
Week 3,01 Aug 2017,0.14869,0.14873
Week 4,08 Aug 2017,0.14968,0.14971

Week 1,15 Aug 2017,0.14977,0.14981
Week 2,22 Aug 2017,0.15022,0.15026
Week 3,29 Aug 2017,0.15181,0.15185
Week 4,05 Sep 2017,0.15365,0.15369

Week 1,12 Sep 2017,0.15284,0.15287
Week 2,19 Sep 2017,0.15185,0.15188
Week 3,26 Sep 2017,0.15047,0.15050
Week 4,03 Oct 2017,0.15030,0.15033

Week 1,10 Oct 2017,0.15174,0.15176
Week 2,17 Oct 2017,0.15111,0.15116
Week 3,24 Oct 2017,0.15052,0.15055
Week 4,31 Oct 2017,0.15084,0.15088

Week 1,07 Nov 2017,0.15066,0.15069
Week 2,14 Nov 2017,0.15078,0.15081
Week 3,21 Nov 2017,0.15134,0.15136
Week 4,28 Nov 2017,0.15129,0.15132

Week 1,05 Dec 2017,0.15110,0.15115


