CHI->EUR

Week 1,15 Dec 1998,0.10257,0.10260
Week 2,22 Dec 1998,0.10357,0.10361
Week 3,29 Dec 1998,0.10316,0.10321
Week 4,05 Jan 1999,0.10362,0.10367

Week 1,12 Jan 1999,0.10406,0.10411
Week 2,19 Jan 1999,0.10421,0.10426
Week 3,26 Jan 1999,0.10563,0.10568
Week 4,02 Feb 1999,0.10695,0.10700

Week 1,09 Feb 1999,0.10696,0.10700
Week 2,16 Feb 1999,0.10849,0.10854
Week 3,23 Feb 1999,0.10968,0.10972
Week 4,02 Mar 1999,0.11117,0.11122

Week 1,09 Mar 1999,0.11063,0.11069
Week 2,16 Mar 1999,0.11055,0.11061
Week 3,23 Mar 1999,0.11151,0.11158
Week 4,30 Mar 1999,0.11211,0.11217

Week 1,06 Apr 1999,0.11179,0.11185
Week 2,13 Apr 1999,0.11255,0.11261
Week 3,20 Apr 1999,0.11371,0.11376
Week 4,27 Apr 1999,0.11385,0.11390

Week 1,04 May 1999,0.11258,0.11264
Week 2,11 May 1999,0.11313,0.11318
Week 3,18 May 1999,0.11378,0.11384
Week 4,25 May 1999,0.11512,0.11518

Week 1,01 Jun 1999,0.11656,0.11662
Week 2,08 Jun 1999,0.11534,0.11539
Week 3,15 Jun 1999,0.11650,0.11655
Week 4,22 Jun 1999,0.11631,0.11636

Week 1,29 Jun 1999,0.11745,0.11752
Week 2,06 Jul 1999,0.11846,0.11851
Week 3,13 Jul 1999,0.11854,0.11860
Week 4,20 Jul 1999,0.11494,0.11499

Week 1,27 Jul 1999,0.11314,0.11319
Week 2,03 Aug 1999,0.11262,0.11267
Week 3,10 Aug 1999,0.11358,0.11363
Week 4,17 Aug 1999,0.11391,0.11395

Week 1,24 Aug 1999,0.11530,0.11535
Week 2,31 Aug 1999,0.11381,0.11386
Week 3,07 Sep 1999,0.11524,0.11530
Week 4,14 Sep 1999,0.11619,0.11625

Week 1,21 Sep 1999,0.11557,0.11562
Week 2,28 Sep 1999,0.11339,0.11344
Week 3,05 Oct 1999,0.11319,0.11325
Week 4,12 Oct 1999,0.11164,0.11169

Week 1,19 Oct 1999,0.11228,0.11233
Week 2,26 Oct 1999,0.11433,0.11438
Week 3,02 Nov 1999,0.11559,0.11564
Week 4,09 Nov 1999,0.11653,0.11659

Week 1,16 Nov 1999,0.11683,0.11688
Week 2,23 Nov 1999,0.11896,0.11902
Week 3,30 Nov 1999,0.12057,0.12064
Week 4,07 Dec 1999,0.11926,0.11932

Week 1,14 Dec 1999,0.11954,0.11960
Week 2,21 Dec 1999,0.11936,0.11944
Week 3,28 Dec 1999,0.11993,0.12000
Week 4,04 Jan 2000,0.11723,0.11731

Week 1,11 Jan 2000,0.11808,0.11815
Week 2,18 Jan 2000,0.11934,0.11941
Week 3,25 Jan 2000,0.12201,0.12208
Week 4,01 Feb 2000,0.12323,0.12330

Week 1,08 Feb 2000,0.12237,0.12244
Week 2,15 Feb 2000,0.12266,0.12274
Week 3,22 Feb 2000,0.12234,0.12241
Week 4,29 Feb 2000,0.12518,0.12524

Week 1,07 Mar 2000,0.12549,0.12556
Week 2,14 Mar 2000,0.12452,0.12460
Week 3,21 Mar 2000,0.12426,0.12435
Week 4,28 Mar 2000,0.12604,0.12613

Week 1,04 Apr 2000,0.12603,0.12610
Week 2,11 Apr 2000,0.12581,0.12589
Week 3,18 Apr 2000,0.12813,0.12820
Week 4,25 Apr 2000,0.13151,0.13159

Week 1,02 May 2000,0.13410,0.13419
Week 2,09 May 2000,0.13266,0.13274
Week 3,16 May 2000,0.13432,0.13441
Week 4,23 May 2000,0.13149,0.13157

Week 1,30 May 2000,0.12883,0.12891
Week 2,06 Jun 2000,0.12653,0.12663
Week 3,13 Jun 2000,0.12581,0.12589
Week 4,20 Jun 2000,0.12799,0.12807

Week 1,27 Jun 2000,0.12738,0.12746
Week 2,04 Jul 2000,0.12711,0.12718
Week 3,11 Jul 2000,0.12804,0.12811
Week 4,18 Jul 2000,0.12943,0.12951

Week 1,25 Jul 2000,0.12969,0.12978
Week 2,01 Aug 2000,0.13241,0.13248
Week 3,08 Aug 2000,0.13357,0.13365
Week 4,15 Aug 2000,0.13265,0.13273

Week 1,22 Aug 2000,0.13397,0.13405
Week 2,29 Aug 2000,0.13464,0.13474
Week 3,05 Sep 2000,0.13778,0.13788
Week 4,12 Sep 2000,0.14076,0.14085

Week 1,19 Sep 2000,0.13990,0.14000
Week 2,26 Sep 2000,0.13717,0.13726
Week 3,03 Oct 2000,0.13803,0.13840
Week 4,10 Oct 2000,0.13996,0.14009

Week 1,17 Oct 2000,0.14290,0.14303
Week 2,24 Oct 2000,0.14448,0.14461
Week 3,31 Oct 2000,0.14058,0.14070
Week 4,07 Nov 2000,0.14027,0.14040

Week 1,14 Nov 2000,0.14160,0.14171
Week 2,21 Nov 2000,0.14344,0.14354
Week 3,28 Nov 2000,0.13917,0.13927
Week 4,05 Dec 2000,0.13622,0.13631

Week 1,12 Dec 2000,0.13611,0.13620
Week 2,19 Dec 2000,0.13241,0.13250
Week 3,26 Dec 2000,0.12921,0.12929
Week 4,02 Jan 2001,0.12727,0.12736

Week 1,09 Jan 2001,0.12734,0.12743
Week 2,16 Jan 2001,0.12872,0.12882
Week 3,23 Jan 2001,0.13014,0.13023
Week 4,30 Jan 2001,0.12948,0.12957

Week 1,06 Feb 2001,0.13022,0.13031
Week 2,13 Feb 2001,0.13171,0.13180
Week 3,20 Feb 2001,0.13195,0.13206
Week 4,27 Feb 2001,0.13028,0.13037

Week 1,06 Mar 2001,0.12957,0.12965
Week 2,13 Mar 2001,0.13324,0.13332
Week 3,20 Mar 2001,0.13499,0.13509
Week 4,27 Mar 2001,0.13665,0.13676

Week 1,03 Apr 2001,0.13460,0.13469
Week 2,10 Apr 2001,0.13572,0.13581
Week 3,17 Apr 2001,0.13510,0.13521
Week 4,24 Apr 2001,0.13499,0.13509

Week 1,01 May 2001,0.13539,0.13549
Week 2,08 May 2001,0.13704,0.13714
Week 3,15 May 2001,0.13720,0.13731
Week 4,22 May 2001,0.14005,0.14015

Week 1,29 May 2001,0.14180,0.14191
Week 2,05 Jun 2001,0.14208,0.14218
Week 3,12 Jun 2001,0.14090,0.14099
Week 4,19 Jun 2001,0.14098,0.14106

Week 1,26 Jun 2001,0.14146,0.14156
Week 2,03 Jul 2001,0.14277,0.14287
Week 3,10 Jul 2001,0.14136,0.14145
Week 4,17 Jul 2001,0.13923,0.13931

Week 1,24 Jul 2001,0.13781,0.13789
Week 2,31 Jul 2001,0.13710,0.13719
Week 3,07 Aug 2001,0.13606,0.13615
Week 4,14 Aug 2001,0.13258,0.13266

Week 1,21 Aug 2001,0.13205,0.13213
Week 2,28 Aug 2001,0.13243,0.13250
Week 3,04 Sep 2001,0.13421,0.13429
Week 4,11 Sep 2001,0.13234,0.13241

Week 1,18 Sep 2001,0.13101,0.13131
Week 2,25 Sep 2001,0.13179,0.13214
Week 3,02 Oct 2001,0.13151,0.13189
Week 4,09 Oct 2001,0.13242,0.13280

Week 1,16 Oct 2001,0.13361,0.13398
Week 2,23 Oct 2001,0.13519,0.13557
Week 3,30 Oct 2001,0.13362,0.13400
Week 4,06 Nov 2001,0.13474,0.13514

Week 1,13 Nov 2001,0.13635,0.13676
Week 2,20 Nov 2001,0.13728,0.13763
Week 3,27 Nov 2001,0.13557,0.13598
Week 4,04 Dec 2001,0.13542,0.13582

Week 1,11 Dec 2001,0.13439,0.13477
Week 2,18 Dec 2001,0.13476,0.13513
Week 3,25 Dec 2001,0.13672,0.13710
Week 4,01 Jan 2002,0.13469,0.13510

Week 1,08 Jan 2002,0.13520,0.13559
Week 2,15 Jan 2002,0.13636,0.13674
Week 3,22 Jan 2002,0.13802,0.13841
Week 4,29 Jan 2002,0.14001,0.14042

Week 1,05 Feb 2002,0.13856,0.13894
Week 2,12 Feb 2002,0.13806,0.13845
Week 3,19 Feb 2002,0.13815,0.13853
Week 4,26 Feb 2002,0.13929,0.13968

Week 1,05 Mar 2002,0.13790,0.13829
Week 2,12 Mar 2002,0.13719,0.13758
Week 3,19 Mar 2002,0.13702,0.13741
Week 4,26 Mar 2002,0.13816,0.13856

Week 1,02 Apr 2002,0.13719,0.13758
Week 2,09 Apr 2002,0.13716,0.13756
Week 3,16 Apr 2002,0.13581,0.13619
Week 4,23 Apr 2002,0.13460,0.13497

Week 1,30 Apr 2002,0.13267,0.13305
Week 2,07 May 2002,0.13220,0.13256
Week 3,14 May 2002,0.13195,0.13232
Week 4,21 May 2002,0.13095,0.13133

Week 1,28 May 2002,0.12949,0.12988
Week 2,04 Jun 2002,0.12799,0.12836
Week 3,11 Jun 2002,0.12762,0.12800
Week 4,18 Jun 2002,0.12547,0.12584

Week 1,25 Jun 2002,0.12251,0.12287
Week 2,02 Jul 2002,0.12311,0.12348
Week 3,09 Jul 2002,0.12176,0.12211
Week 4,16 Jul 2002,0.11945,0.11978

Week 1,23 Jul 2002,0.12140,0.12175
Week 2,30 Jul 2002,0.12263,0.12298
Week 3,06 Aug 2002,0.12421,0.12458
Week 4,13 Aug 2002,0.12280,0.12316

Week 1,20 Aug 2002,0.12378,0.12411
Week 2,27 Aug 2002,0.12303,0.12338
Week 3,03 Sep 2002,0.12222,0.12256
Week 4,10 Sep 2002,0.12380,0.12414

Week 1,17 Sep 2002,0.12326,0.12361
Week 2,24 Sep 2002,0.12332,0.12367
Week 3,01 Oct 2002,0.12268,0.12304
Week 4,08 Oct 2002,0.12239,0.12274

Week 1,15 Oct 2002,0.12351,0.12385
Week 2,22 Oct 2002,0.12356,0.12392
Week 3,29 Oct 2002,0.12183,0.12216
Week 4,05 Nov 2002,0.11976,0.12010

Week 1,12 Nov 2002,0.11957,0.11992
Week 2,19 Nov 2002,0.12057,0.12090
Week 3,26 Nov 2002,0.12147,0.12181
Week 4,03 Dec 2002,0.12023,0.12057

Week 1,10 Dec 2002,0.11870,0.11902
Week 2,17 Dec 2002,0.11752,0.11784
Week 3,24 Dec 2002,0.11639,0.11671
Week 4,31 Dec 2002,0.11552,0.11584

Week 1,07 Jan 2003,0.11478,0.11510
Week 2,14 Jan 2003,0.11372,0.11403
Week 3,21 Jan 2003,0.11201,0.11232
Week 4,28 Jan 2003,0.11164,0.11195

Week 1,04 Feb 2003,0.11146,0.11176
Week 2,11 Feb 2003,0.11204,0.11236
Week 3,18 Feb 2003,0.11223,0.11253
Week 4,25 Feb 2003,0.11187,0.11218

Week 1,04 Mar 2003,0.11008,0.11037
Week 2,11 Mar 2003,0.11091,0.11121
Week 3,18 Mar 2003,0.11400,0.11430
Week 4,25 Mar 2003,0.11257,0.11288

Week 1,01 Apr 2003,0.11176,0.11208
Week 2,08 Apr 2003,0.11227,0.11260
Week 3,15 Apr 2003,0.11115,0.11147
Week 4,22 Apr 2003,0.10974,0.11005

Week 1,29 Apr 2003,0.10804,0.10835
Week 2,06 May 2003,0.10545,0.10575
Week 3,13 May 2003,0.10462,0.10492
Week 4,20 May 2003,0.10274,0.10303

Week 1,27 May 2003,0.10221,0.10250
Week 2,03 Jun 2003,0.10291,0.10321
Week 3,10 Jun 2003,0.10234,0.10263
Week 4,17 Jun 2003,0.10322,0.10352

Week 1,24 Jun 2003,0.10513,0.10543
Week 2,01 Jul 2003,0.10482,0.10513
Week 3,08 Jul 2003,0.10658,0.10689
Week 4,15 Jul 2003,0.10734,0.10764

Week 1,22 Jul 2003,0.10534,0.10564
Week 2,29 Jul 2003,0.10642,0.10674
Week 3,05 Aug 2003,0.10640,0.10671
Week 4,12 Aug 2003,0.10692,0.10722

Week 1,19 Aug 2003,0.10975,0.11006
Week 2,26 Aug 2003,0.11046,0.11077
Week 3,02 Sep 2003,0.10988,0.11018
Week 4,09 Sep 2003,0.10745,0.10775

Week 1,16 Sep 2003,0.10670,0.10699
Week 2,23 Sep 2003,0.10514,0.10544
Week 3,30 Sep 2003,0.10376,0.10405
Week 4,07 Oct 2003,0.10245,0.10274

Week 1,14 Oct 2003,0.10340,0.10369
Week 2,21 Oct 2003,0.10275,0.10304
Week 3,28 Oct 2003,0.10365,0.10394
Week 4,04 Nov 2003,0.10511,0.10541

Week 1,11 Nov 2003,0.10336,0.10364
Week 2,18 Nov 2003,0.10152,0.10180
Week 3,25 Nov 2003,0.10132,0.10160
Week 4,02 Dec 2003,0.09968,0.09996

Week 1,09 Dec 2003,0.09850,0.09877
Week 2,16 Dec 2003,0.09751,0.09778
Week 3,23 Dec 2003,0.09708,0.09735
Week 4,30 Dec 2003,0.09606,0.09633

Week 1,06 Jan 2004,0.09459,0.09485
Week 2,13 Jan 2004,0.09615,0.09641
Week 3,20 Jan 2004,0.09594,0.09620
Week 4,27 Jan 2004,0.09661,0.09690

Week 1,03 Feb 2004,0.09590,0.09617
Week 2,10 Feb 2004,0.09465,0.09491
Week 3,17 Feb 2004,0.09539,0.09564
Week 4,24 Feb 2004,0.09636,0.09663

Week 1,02 Mar 2004,0.09801,0.09828
Week 2,09 Mar 2004,0.09822,0.09849
Week 3,16 Mar 2004,0.09820,0.09847
Week 4,23 Mar 2004,0.09901,0.09929

Week 1,30 Mar 2004,0.09896,0.09923
Week 2,06 Apr 2004,0.09980,0.10007
Week 3,13 Apr 2004,0.10058,0.10086
Week 4,20 Apr 2004,0.10159,0.10190

Week 1,27 Apr 2004,0.10099,0.10134
Week 2,04 May 2004,0.10065,0.10093
Week 3,11 May 2004,0.10164,0.10192
Week 4,18 May 2004,0.10068,0.10095

Week 1,25 May 2004,0.09918,0.09945
Week 2,01 Jun 2004,0.09854,0.09881
Week 3,08 Jun 2004,0.09959,0.09986
Week 4,15 Jun 2004,0.09970,0.09997

Week 1,22 Jun 2004,0.09941,0.09968
Week 2,29 Jun 2004,0.09870,0.09898
Week 3,06 Jul 2004,0.09753,0.09787
Week 4,13 Jul 2004,0.09730,0.09756

Week 1,20 Jul 2004,0.09871,0.09898
Week 2,27 Jul 2004,0.10007,0.10035
Week 3,03 Aug 2004,0.09910,0.09968
Week 4,10 Aug 2004,0.09810,0.09836

Week 1,17 Aug 2004,0.09779,0.09806
Week 2,24 Aug 2004,0.09999,0.10026
Week 3,31 Aug 2004,0.09965,0.09992
Week 4,07 Sep 2004,0.09897,0.09924

Week 1,14 Sep 2004,0.09895,0.09922
Week 2,21 Sep 2004,0.09838,0.09865
Week 3,28 Sep 2004,0.09756,0.09783
Week 4,05 Oct 2004,0.09775,0.09802

Week 1,12 Oct 2004,0.09719,0.09753
Week 2,19 Oct 2004,0.09569,0.09595
Week 3,26 Oct 2004,0.09447,0.09473
Week 4,02 Nov 2004,0.09380,0.09405

Week 1,09 Nov 2004,0.09327,0.09352
Week 2,16 Nov 2004,0.09280,0.09306
Week 3,23 Nov 2004,0.09139,0.09164
Week 4,30 Nov 2004,0.09032,0.09055

Week 1,07 Dec 2004,0.09070,0.09094
Week 2,14 Dec 2004,0.09063,0.09088
Week 3,21 Dec 2004,0.08960,0.08985
Week 4,28 Dec 2004,0.08878,0.08902

Week 1,04 Jan 2005,0.09149,0.09173
Week 2,11 Jan 2005,0.09182,0.09207
Week 3,18 Jan 2005,0.09265,0.09291
Week 4,25 Jan 2005,0.09255,0.09280

Week 1,01 Feb 2005,0.09317,0.09343
Week 2,08 Feb 2005,0.09406,0.09432
Week 3,15 Feb 2005,0.09253,0.09278
Week 4,22 Feb 2005,0.09134,0.09159

Week 1,01 Mar 2005,0.09141,0.09166
Week 2,08 Mar 2005,0.09009,0.09034
Week 3,15 Mar 2005,0.09040,0.09064
Week 4,22 Mar 2005,0.09276,0.09302

Week 1,29 Mar 2005,0.09346,0.09371
Week 2,05 Apr 2005,0.09361,0.09386
Week 3,12 Apr 2005,0.09353,0.09378
Week 4,19 Apr 2005,0.09237,0.09262

Week 1,26 Apr 2005,0.09343,0.09368
Week 2,03 May 2005,0.09372,0.09398
Week 3,10 May 2005,0.09483,0.09509
Week 4,17 May 2005,0.09575,0.09601

Week 1,24 May 2005,0.09598,0.09624
Week 2,31 May 2005,0.09831,0.09857
Week 3,07 Jun 2005,0.09897,0.09924
Week 4,14 Jun 2005,0.09911,0.09937

Week 1,21 Jun 2005,0.09964,0.09991
Week 2,28 Jun 2005,0.10028,0.10055
Week 3,05 Jul 2005,0.10104,0.10131
Week 4,12 Jul 2005,0.09984,0.10011

Week 1,19 Jul 2005,0.10069,0.10097
Week 2,26 Jul 2005,0.10182,0.10209
Week 3,02 Aug 2005,0.10013,0.10040
Week 4,09 Aug 2005,0.09930,0.09958

Week 1,16 Aug 2005,0.10074,0.10102
Week 2,23 Aug 2005,0.10049,0.10076
Week 3,30 Aug 2005,0.09939,0.09966
Week 4,06 Sep 2005,0.09916,0.09952

Week 1,13 Sep 2005,0.10069,0.10105
Week 2,20 Sep 2005,0.10189,0.10227
Week 3,27 Sep 2005,0.10248,0.10289
Week 4,04 Oct 2005,0.10238,0.10277

Week 1,11 Oct 2005,0.10243,0.10278
Week 2,18 Oct 2005,0.10302,0.10338
Week 3,25 Oct 2005,0.10229,0.10263
Week 4,01 Nov 2005,0.10351,0.10378

Week 1,08 Nov 2005,0.10520,0.10537
Week 2,15 Nov 2005,0.10529,0.10551
Week 3,22 Nov 2005,0.10512,0.10525
Week 4,29 Nov 2005,0.10528,0.10541

Week 1,06 Dec 2005,0.10515,0.10532
Week 2,13 Dec 2005,0.10362,0.10379
Week 3,20 Dec 2005,0.10382,0.10400
Week 4,27 Dec 2005,0.10444,0.10456

Week 1,03 Jan 2006,0.10315,0.10328
Week 2,10 Jan 2006,0.10233,0.10250
Week 3,17 Jan 2006,0.10229,0.10245
Week 4,24 Jan 2006,0.10156,0.10168

Week 1,31 Jan 2006,0.10268,0.10278
Week 2,07 Feb 2006,0.10378,0.10392
Week 3,14 Feb 2006,0.10427,0.10442
Week 4,21 Feb 2006,0.10431,0.10445

Week 1,28 Feb 2006,0.10395,0.10408
Week 2,07 Mar 2006,0.10408,0.10418
Week 3,14 Mar 2006,0.10289,0.10304
Week 4,21 Mar 2006,0.10307,0.10328

Week 1,28 Mar 2006,0.10310,0.10339
Week 2,04 Apr 2006,0.10242,0.10271
Week 3,11 Apr 2006,0.10285,0.10314
Week 4,18 Apr 2006,0.10120,0.10148

Week 1,25 Apr 2006,0.09970,0.09998
Week 2,02 May 2006,0.09839,0.09867
Week 3,09 May 2006,0.09735,0.09762
Week 4,16 May 2006,0.09731,0.09758

Week 1,23 May 2006,0.09740,0.09768
Week 2,30 May 2006,0.09690,0.09718
Week 3,06 Jun 2006,0.09768,0.09794
Week 4,13 Jun 2006,0.09889,0.09917

Week 1,20 Jun 2006,0.09929,0.09957
Week 2,27 Jun 2006,0.09873,0.09901
Week 3,04 Jul 2006,0.09772,0.09799
Week 4,11 Jul 2006,0.09834,0.09862

Week 1,18 Jul 2006,0.09908,0.09934
Week 2,25 Jul 2006,0.09865,0.09891
Week 3,01 Aug 2006,0.09773,0.09801
Week 4,08 Aug 2006,0.09784,0.09811

Week 1,15 Aug 2006,0.09772,0.09800
Week 2,22 Aug 2006,0.09787,0.09815
Week 3,29 Aug 2006,0.09788,0.09816
Week 4,05 Sep 2006,0.09848,0.09876

Week 1,12 Sep 2006,0.09904,0.09933
Week 2,19 Sep 2006,0.09894,0.09922
Week 3,26 Sep 2006,0.09938,0.09967
Week 4,03 Oct 2006,0.09966,0.09993

Week 1,10 Oct 2006,0.10068,0.10097
Week 2,17 Oct 2006,0.10045,0.10074
Week 3,24 Oct 2006,0.10000,0.10029
Week 4,31 Oct 2006,0.09957,0.09986

Week 1,07 Nov 2006,0.09918,0.09946
Week 2,14 Nov 2006,0.09898,0.09927
Week 3,21 Nov 2006,0.09805,0.09833
Week 4,28 Nov 2006,0.09635,0.09663

Week 1,05 Dec 2006,0.09611,0.09639
Week 2,12 Dec 2006,0.09687,0.09715
Week 3,19 Dec 2006,0.09713,0.09741
Week 4,26 Dec 2006,0.09714,0.09743

Week 1,02 Jan 2007,0.09737,0.09766
Week 2,09 Jan 2007,0.09877,0.09906
Week 3,16 Jan 2007,0.09913,0.09942
Week 4,23 Jan 2007,0.09916,0.09945

Week 1,30 Jan 2007,0.09914,0.09943
Week 2,06 Feb 2007,0.09917,0.09946
Week 3,13 Feb 2007,0.09841,0.09870
Week 4,20 Feb 2007,0.09800,0.09829

Week 1,27 Feb 2007,0.09774,0.09801
Week 2,06 Mar 2007,0.09823,0.09851
Week 3,13 Mar 2007,0.09742,0.09770
Week 4,20 Mar 2007,0.09701,0.09729

Week 1,27 Mar 2007,0.09686,0.09714
Week 2,03 Apr 2007,0.09660,0.09688
Week 3,10 Apr 2007,0.09602,0.09629
Week 4,17 Apr 2007,0.09521,0.09548

Week 1,24 Apr 2007,0.09492,0.09520
Week 2,01 May 2007,0.09529,0.09556
Week 3,08 May 2007,0.09590,0.09618
Week 4,15 May 2007,0.09615,0.09643

Week 1,22 May 2007,0.09697,0.09725
Week 2,29 May 2007,0.09709,0.09737
Week 3,05 Jun 2007,0.09711,0.09739
Week 4,12 Jun 2007,0.09801,0.09830

Week 1,19 Jun 2007,0.09757,0.09785
Week 2,26 Jun 2007,0.09724,0.09753
Week 3,03 Jul 2007,0.09654,0.09682
Week 4,10 Jul 2007,0.09598,0.09626

Week 1,17 Jul 2007,0.09560,0.09588
Week 2,24 Jul 2007,0.09619,0.09648
Week 3,31 Jul 2007,0.09624,0.09652
Week 4,07 Aug 2007,0.09599,0.09627

Week 1,14 Aug 2007,0.09738,0.09767
Week 2,21 Aug 2007,0.09710,0.09738
Week 3,28 Aug 2007,0.09697,0.09726
Week 4,04 Sep 2007,0.09677,0.09706

Week 1,11 Sep 2007,0.09588,0.09616
Week 2,18 Sep 2007,0.09497,0.09525
Week 3,25 Sep 2007,0.09383,0.09410
Week 4,02 Oct 2007,0.09396,0.09424

Week 1,09 Oct 2007,0.09402,0.09430
Week 2,16 Oct 2007,0.09331,0.09358
Week 3,23 Oct 2007,0.09315,0.09342
Week 4,30 Oct 2007,0.09254,0.09280

Week 1,06 Nov 2007,0.09193,0.09220
Week 2,13 Nov 2007,0.09191,0.09218
Week 3,20 Nov 2007,0.09106,0.09133
Week 4,27 Nov 2007,0.09150,0.09177

Week 1,04 Dec 2007,0.09201,0.09229
Week 2,11 Dec 2007,0.09275,0.09303
Week 3,18 Dec 2007,0.09417,0.09446
Week 4,25 Dec 2007,0.09360,0.09389

Week 1,01 Jan 2008,0.09322,0.09352
Week 2,08 Jan 2008,0.09326,0.09354
Week 3,15 Jan 2008,0.09365,0.09393
Week 4,22 Jan 2008,0.09452,0.09481

Week 1,29 Jan 2008,0.09387,0.09416
Week 2,05 Feb 2008,0.09506,0.09535
Week 3,12 Feb 2008,0.09511,0.09540
Week 4,19 Feb 2008,0.09468,0.09497

Week 1,26 Feb 2008,0.09305,0.09333
Week 2,04 Mar 2008,0.09188,0.09217
Week 3,11 Mar 2008,0.09063,0.09091
Week 4,18 Mar 2008,0.09073,0.09105

Week 1,25 Mar 2008,0.09062,0.09090
Week 2,01 Apr 2008,0.09060,0.09089
Week 3,08 Apr 2008,0.09042,0.09070
Week 4,15 Apr 2008,0.09014,0.09042

Week 1,22 Apr 2008,0.09045,0.09073
Week 2,29 Apr 2008,0.09201,0.09229
Week 3,06 May 2008,0.09239,0.09268
Week 4,13 May 2008,0.09207,0.09236

Week 1,20 May 2008,0.09145,0.09174
Week 2,27 May 2008,0.09201,0.09230
Week 3,03 Jun 2008,0.09240,0.09268
Week 4,10 Jun 2008,0.09328,0.09358

Week 1,17 Jun 2008,0.09332,0.09362
Week 2,24 Jun 2008,0.09277,0.09307
Week 3,01 Jul 2008,0.09238,0.09272
Week 4,08 Jul 2008,0.09237,0.09266

Week 1,15 Jul 2008,0.09220,0.09249
Week 2,22 Jul 2008,0.09284,0.09314
Week 3,29 Jul 2008,0.09356,0.09386
Week 4,05 Aug 2008,0.09515,0.09545

Week 1,12 Aug 2008,0.09810,0.09841
Week 2,19 Aug 2008,0.09870,0.09901
Week 3,26 Aug 2008,0.09926,0.09958
Week 4,02 Sep 2008,0.10127,0.10160

Week 1,09 Sep 2008,0.10321,0.10354
Week 2,16 Sep 2008,0.10180,0.10231
Week 3,23 Sep 2008,0.09971,0.10017
Week 4,30 Sep 2008,0.10409,0.10443

Week 1,07 Oct 2008,0.10790,0.10831
Week 2,14 Oct 2008,0.10814,0.10857
Week 3,21 Oct 2008,0.11302,0.11363
Week 4,28 Oct 2008,0.11466,0.11521

Week 1,04 Nov 2008,0.11422,0.11484
Week 2,11 Nov 2008,0.11566,0.11605
Week 3,18 Nov 2008,0.11615,0.11653
Week 4,25 Nov 2008,0.11414,0.11451

Week 1,02 Dec 2008,0.11434,0.11471
Week 2,09 Dec 2008,0.11090,0.11124
Week 3,16 Dec 2008,0.10438,0.10503
Week 4,23 Dec 2008,0.10406,0.10442

Week 1,30 Dec 2008,0.10420,0.10481
Week 2,06 Jan 2009,0.10760,0.10795
Week 3,13 Jan 2009,0.11015,0.11051
Week 4,20 Jan 2009,0.11225,0.11262

Week 1,27 Jan 2009,0.11229,0.11265
Week 2,03 Feb 2009,0.11341,0.11378
Week 3,10 Feb 2009,0.11325,0.11361
Week 4,17 Feb 2009,0.11496,0.11533

Week 1,24 Feb 2009,0.11462,0.11499
Week 2,03 Mar 2009,0.11573,0.11612
Week 3,10 Mar 2009,0.11402,0.11438
Week 4,17 Mar 2009,0.10965,0.11000

Week 1,24 Mar 2009,0.10846,0.10881
Week 2,31 Mar 2009,0.10942,0.10977
Week 3,07 Apr 2009,0.11017,0.11053
Week 4,14 Apr 2009,0.11100,0.11136

Week 1,21 Apr 2009,0.11175,0.11211
Week 2,28 Apr 2009,0.11076,0.11112
Week 3,05 May 2009,0.10894,0.10929
Week 4,12 May 2009,0.10777,0.10811

Week 1,19 May 2009,0.10613,0.10647
Week 2,26 May 2009,0.10431,0.10464
Week 3,02 Jun 2009,0.10351,0.10384
Week 4,09 Jun 2009,0.10430,0.10464

Week 1,16 Jun 2009,0.10502,0.10535
Week 2,23 Jun 2009,0.10435,0.10469
Week 3,30 Jun 2009,0.10412,0.10445
Week 4,07 Jul 2009,0.10482,0.10512

Week 1,14 Jul 2009,0.10397,0.10431
Week 2,21 Jul 2009,0.10288,0.10321
Week 3,28 Jul 2009,0.10303,0.10334
Week 4,04 Aug 2009,0.10212,0.10247

Week 1,11 Aug 2009,0.10289,0.10318
Week 2,18 Aug 2009,0.10274,0.10307
Week 3,25 Aug 2009,0.10218,0.10250
Week 4,01 Sep 2009,0.10231,0.10271

Week 1,08 Sep 2009,0.10079,0.10113
Week 2,15 Sep 2009,0.09963,0.09994
Week 3,22 Sep 2009,0.09938,0.09970
Week 4,29 Sep 2009,0.10022,0.10054

Week 1,06 Oct 2009,0.09941,0.09973
Week 2,13 Oct 2009,0.09836,0.09867
Week 3,20 Oct 2009,0.09765,0.09792
Week 4,27 Oct 2009,0.09879,0.09906

Week 1,03 Nov 2009,0.09876,0.09900
Week 2,10 Nov 2009,0.09795,0.09818
Week 3,17 Nov 2009,0.09815,0.09842
Week 4,24 Nov 2009,0.09757,0.09784

Week 1,01 Dec 2009,0.09755,0.09782
Week 2,08 Dec 2009,0.09937,0.09964
Week 3,15 Dec 2009,0.10112,0.10147
Week 4,22 Dec 2009,0.10201,0.10225

Week 1,29 Dec 2009,0.10193,0.10210
Week 2,05 Jan 2010,0.10173,0.10197
Week 3,12 Jan 2010,0.10120,0.10143
Week 4,19 Jan 2010,0.10301,0.10330

Week 1,26 Jan 2010,0.10450,0.10480
Week 2,02 Feb 2010,0.10591,0.10621
Week 3,09 Feb 2010,0.10687,0.10712
Week 4,16 Feb 2010,0.10734,0.10764

Week 1,23 Feb 2010,0.10768,0.10800
Week 2,02 Mar 2010,0.10747,0.10782
Week 3,09 Mar 2010,0.10689,0.10720
Week 4,16 Mar 2010,0.10724,0.10759

Week 1,23 Mar 2010,0.10900,0.10935
Week 2,30 Mar 2010,0.10839,0.10870
Week 3,06 Apr 2010,0.10898,0.10924
Week 4,13 Apr 2010,0.10799,0.10832

Week 1,20 Apr 2010,0.10922,0.10952
Week 2,27 Apr 2010,0.11014,0.11050
Week 3,04 May 2010,0.11353,0.11390
Week 4,11 May 2010,0.11629,0.11667

Week 1,18 May 2010,0.11762,0.11796
Week 2,25 May 2010,0.11884,0.11914
Week 3,01 Jun 2010,0.12039,0.12079
Week 4,08 Jun 2010,0.12140,0.12180

Week 1,15 Jun 2010,0.11857,0.11895
Week 2,22 Jun 2010,0.11904,0.11943
Week 3,29 Jun 2010,0.11870,0.11910
Week 4,06 Jul 2010,0.11676,0.11715

Week 1,13 Jul 2010,0.11520,0.11558
Week 2,20 Jul 2010,0.11424,0.11457
Week 3,27 Jul 2010,0.11314,0.11349
Week 4,03 Aug 2010,0.11160,0.11196

Week 1,10 Aug 2010,0.11379,0.11417
Week 2,17 Aug 2010,0.11490,0.11528
Week 3,24 Aug 2010,0.11556,0.11594
Week 4,31 Aug 2010,0.11461,0.11494

Week 1,07 Sep 2010,0.11563,0.11598
Week 2,14 Sep 2010,0.11402,0.11440
Week 3,21 Sep 2010,0.11170,0.11203
Week 4,28 Sep 2010,0.10939,0.10970

Week 1,05 Oct 2010,0.10772,0.10803
Week 2,12 Oct 2010,0.10736,0.10772
Week 3,19 Oct 2010,0.10782,0.10813
Week 4,26 Oct 2010,0.10759,0.10790

Week 1,02 Nov 2010,0.10658,0.10693
Week 2,09 Nov 2010,0.10914,0.10950
Week 3,16 Nov 2010,0.11040,0.11076
Week 4,23 Nov 2010,0.11207,0.11244

Week 1,30 Nov 2010,0.11332,0.11367
Week 2,07 Dec 2010,0.11314,0.11347
Week 3,14 Dec 2010,0.11304,0.11342
Week 4,21 Dec 2010,0.11440,0.11473

Week 1,28 Dec 2010,0.11396,0.11424
Week 2,04 Jan 2011,0.11511,0.11545
Week 3,11 Jan 2011,0.11482,0.11511
Week 4,18 Jan 2011,0.11252,0.11285

Week 1,25 Jan 2011,0.11113,0.11145
Week 2,01 Feb 2011,0.11111,0.11148
Week 3,08 Feb 2011,0.11156,0.11200
Week 4,15 Feb 2011,0.11163,0.11195

Week 1,22 Feb 2011,0.11061,0.11098
Week 2,01 Mar 2011,0.10942,0.10973
Week 3,08 Mar 2011,0.10935,0.10968
Week 4,15 Mar 2011,0.10823,0.10854

Week 1,22 Mar 2011,0.10761,0.10797
Week 2,29 Mar 2011,0.10762,0.10798
Week 3,05 Apr 2011,0.10649,0.10681
Week 4,12 Apr 2011,0.10574,0.10610

Week 1,19 Apr 2011,0.10596,0.10631
Week 2,26 Apr 2011,0.10426,0.10454
Week 3,03 May 2011,0.10518,0.10543
Week 4,10 May 2011,0.10798,0.10815

Week 1,17 May 2011,0.10814,0.10849
Week 2,24 May 2011,0.10854,0.10875
Week 3,31 May 2011,0.10655,0.10676
Week 4,07 Jun 2011,0.10616,0.10644

Week 1,14 Jun 2011,0.10780,0.10807
Week 2,21 Jun 2011,0.10820,0.10850
Week 3,28 Jun 2011,0.10716,0.10726
Week 4,05 Jul 2011,0.10758,0.10781

Week 1,12 Jul 2011,0.10969,0.10978
Week 2,19 Jul 2011,0.10859,0.10898
Week 3,26 Jul 2011,0.10778,0.10818
Week 4,02 Aug 2011,0.10883,0.10927

Week 1,09 Aug 2011,0.10945,0.10988
Week 2,16 Aug 2011,0.10883,0.10923
Week 3,23 Aug 2011,0.10833,0.10873
Week 4,30 Aug 2011,0.10917,0.10958

Week 1,06 Sep 2011,0.11228,0.11273
Week 2,13 Sep 2011,0.11381,0.11429
Week 3,20 Sep 2011,0.11482,0.11537
Week 4,27 Sep 2011,0.11561,0.11611

Week 1,04 Oct 2011,0.11725,0.11776
Week 2,11 Oct 2011,0.11387,0.11435
Week 3,18 Oct 2011,0.11318,0.11362
Week 4,25 Oct 2011,0.11183,0.11226

Week 1,01 Nov 2011,0.11381,0.11428
Week 2,08 Nov 2011,0.11485,0.11522
Week 3,15 Nov 2011,0.11608,0.11644
Week 4,22 Nov 2011,0.11709,0.11756

Week 1,29 Nov 2011,0.11720,0.11767
Week 2,06 Dec 2011,0.11749,0.11796
Week 3,13 Dec 2011,0.11944,0.11999
Week 4,20 Dec 2011,0.12015,0.12065

Week 1,27 Dec 2011,0.12079,0.12133
Week 2,03 Jan 2012,0.12262,0.12316
Week 3,10 Jan 2012,0.12415,0.12463
Week 4,17 Jan 2012,0.12332,0.12379

Week 1,24 Jan 2012,0.12107,0.12156
Week 2,31 Jan 2012,0.12062,0.12109
Week 3,07 Feb 2012,0.12016,0.12061
Week 4,14 Feb 2012,0.12062,0.12107

Week 1,21 Feb 2012,0.11893,0.11937
Week 2,28 Feb 2012,0.11893,0.11937
Week 3,06 Mar 2012,0.12009,0.12054
Week 4,13 Mar 2012,0.12021,0.12070

Week 1,20 Mar 2012,0.11932,0.11979
Week 2,27 Mar 2012,0.11851,0.11899
Week 3,03 Apr 2012,0.12000,0.12051
Week 4,10 Apr 2012,0.12060,0.12108

Week 1,17 Apr 2012,0.12025,0.12071
Week 2,24 Apr 2012,0.11967,0.12014
Week 3,01 May 2012,0.12031,0.12078
Week 4,08 May 2012,0.12200,0.12248

Week 1,15 May 2012,0.12356,0.12407
Week 2,22 May 2012,0.12491,0.12540
Week 3,29 May 2012,0.12639,0.12690
Week 4,05 Jun 2012,0.12602,0.12654

Week 1,12 Jun 2012,0.12549,0.12599
Week 2,19 Jun 2012,0.12540,0.12588
Week 3,26 Jun 2012,0.12591,0.12638
Week 4,03 Jul 2012,0.12711,0.12737

Week 1,10 Jul 2012,0.12916,0.12941
Week 2,17 Jul 2012,0.12952,0.12976
Week 3,24 Jul 2012,0.12931,0.12954
Week 4,31 Jul 2012,0.12853,0.12878

Week 1,07 Aug 2012,0.12800,0.12824
Week 2,14 Aug 2012,0.12790,0.12815
Week 3,21 Aug 2012,0.12647,0.12668
Week 4,28 Aug 2012,0.12570,0.12590

Week 1,04 Sep 2012,0.12448,0.12474
Week 2,11 Sep 2012,0.12185,0.12205
Week 3,18 Sep 2012,0.12118,0.12140
Week 4,25 Sep 2012,0.12241,0.12262

Week 1,02 Oct 2012,0.12189,0.12212
Week 2,09 Oct 2012,0.12234,0.12258
Week 3,16 Oct 2012,0.12174,0.12197
Week 4,23 Oct 2012,0.12243,0.12264

Week 1,30 Oct 2012,0.12310,0.12331
Week 2,06 Nov 2012,0.12453,0.12473
Week 3,13 Nov 2012,0.12500,0.12518
Week 4,20 Nov 2012,0.12369,0.12388

Week 1,27 Nov 2012,0.12290,0.12307
Week 2,04 Dec 2012,0.12228,0.12247
Week 3,11 Dec 2012,0.12171,0.12189
Week 4,18 Dec 2012,0.12025,0.12042

Week 1,25 Dec 2012,0.11990,0.12007
Week 2,01 Jan 2013,0.12072,0.12089
Week 3,08 Jan 2013,0.12065,0.12082
Week 4,15 Jan 2013,0.11978,0.11993

Week 1,22 Jan 2013,0.11895,0.11912
Week 2,29 Jan 2013,0.11718,0.11735
Week 3,05 Feb 2013,0.11790,0.11810
Week 4,12 Feb 2013,0.11868,0.11894

Week 1,19 Feb 2013,0.11975,0.11996
Week 2,26 Feb 2013,0.12154,0.12175
Week 3,05 Mar 2013,0.12216,0.12237
Week 4,12 Mar 2013,0.12241,0.12259

Week 1,19 Mar 2013,0.12299,0.12319
Week 2,26 Mar 2013,0.12400,0.12420
Week 3,02 Apr 2013,0.12368,0.12387
Week 4,09 Apr 2013,0.12222,0.12240

Week 1,16 Apr 2013,0.12250,0.12268
Week 2,23 Apr 2013,0.12315,0.12335
Week 3,30 Apr 2013,0.12268,0.12286
Week 4,07 May 2013,0.12342,0.12361

Week 1,14 May 2013,0.12493,0.12511
Week 2,21 May 2013,0.12513,0.12532
Week 3,28 May 2013,0.12469,0.12488
Week 4,04 Jun 2013,0.12317,0.12335

Week 1,11 Jun 2013,0.12177,0.12197
Week 2,18 Jun 2013,0.12205,0.12224
Week 3,25 Jun 2013,0.12371,0.12389
Week 4,02 Jul 2013,0.12495,0.12515

Week 1,09 Jul 2013,0.12472,0.12491
Week 2,16 Jul 2013,0.12336,0.12355
Week 3,23 Jul 2013,0.12233,0.12251
Week 4,30 Jul 2013,0.12197,0.12216

Week 1,06 Aug 2013,0.12166,0.12185
Week 2,13 Aug 2013,0.12188,0.12207
Week 3,20 Aug 2013,0.12130,0.12149
Week 4,27 Aug 2013,0.12196,0.12215

Week 1,03 Sep 2013,0.12297,0.12315
Week 2,10 Sep 2013,0.12228,0.12247
Week 3,17 Sep 2013,0.12084,0.12107
Week 4,24 Sep 2013,0.12040,0.12059

Week 1,01 Oct 2013,0.12006,0.12025
Week 2,08 Oct 2013,0.12023,0.12043
Week 3,15 Oct 2013,0.11986,0.12004
Week 4,22 Oct 2013,0.11859,0.11870

Week 1,29 Oct 2013,0.11953,0.11964
Week 2,05 Nov 2013,0.12119,0.12133
Week 3,12 Nov 2013,0.12123,0.12134
Week 4,19 Nov 2013,0.12070,0.12083

Week 1,26 Nov 2013,0.12011,0.12024
Week 2,03 Dec 2013,0.11974,0.11987
Week 3,10 Dec 2013,0.11895,0.11907
Week 4,17 Dec 2013,0.11923,0.11934

Week 1,24 Dec 2013,0.11915,0.11930
Week 2,31 Dec 2013,0.11952,0.11961
Week 3,07 Jan 2014,0.12024,0.12033
Week 4,14 Jan 2014,0.12058,0.12069

Week 1,21 Jan 2014,0.12035,0.12046
Week 2,28 Jan 2014,0.12048,0.12060
Week 3,04 Feb 2014,0.12074,0.12084
Week 4,11 Feb 2014,0.11994,0.12004

Week 1,18 Feb 2014,0.11910,0.11921
Week 2,25 Feb 2014,0.11864,0.11875
Week 3,04 Mar 2014,0.11816,0.11827
Week 4,11 Mar 2014,0.11716,0.11728

Week 1,18 Mar 2014,0.11734,0.11744
Week 2,25 Mar 2014,0.11784,0.11793
Week 3,01 Apr 2014,0.11783,0.11794
Week 4,08 Apr 2014,0.11718,0.11728

Week 1,15 Apr 2014,0.11710,0.11727
Week 2,22 Apr 2014,0.11711,0.11721
Week 3,29 Apr 2014,0.11703,0.11715
Week 4,06 May 2014,0.11725,0.11735

Week 1,13 May 2014,0.11818,0.11828
Week 2,20 May 2014,0.11855,0.11867
Week 3,27 May 2014,0.11884,0.11895
Week 4,03 Jun 2014,0.11894,0.11904

Week 1,10 Jun 2014,0.11991,0.12003
Week 2,17 Jun 2014,0.11945,0.11955
Week 3,24 Jun 2014,0.11911,0.11921
Week 4,01 Jul 2014,0.11880,0.11894

Week 1,08 Jul 2014,0.11905,0.11916
Week 2,15 Jul 2014,0.11945,0.11960
Week 3,22 Jul 2014,0.12045,0.12055
Week 4,29 Jul 2014,0.12081,0.12091

Week 1,05 Aug 2014,0.12109,0.12123
Week 2,12 Aug 2014,0.12139,0.12149
Week 3,19 Aug 2014,0.12215,0.12225
Week 4,26 Aug 2014,0.12318,0.12333

Week 1,02 Sep 2014,0.12437,0.12447
Week 2,09 Sep 2014,0.12566,0.12576
Week 3,16 Sep 2014,0.12605,0.12615
Week 4,23 Sep 2014,0.12742,0.12753

Week 1,30 Sep 2014,0.12894,0.12904
Week 2,07 Oct 2014,0.12882,0.12894
Week 3,14 Oct 2014,0.12781,0.12794
Week 4,21 Oct 2014,0.12823,0.12833

Week 1,28 Oct 2014,0.12904,0.12914
Week 2,04 Nov 2014,0.13045,0.13054
Week 3,11 Nov 2014,0.13044,0.13055
Week 4,18 Nov 2014,0.13046,0.13058

Week 1,25 Nov 2014,0.13079,0.13093
Week 2,02 Dec 2014,0.13172,0.13200
Week 3,09 Dec 2014,0.13145,0.13168
Week 4,16 Dec 2014,0.13195,0.13223

Week 1,23 Dec 2014,0.13330,0.13366
Week 2,30 Dec 2014,0.13441,0.13476
Week 3,06 Jan 2015,0.13730,0.13767
Week 4,13 Jan 2015,0.13939,0.13980

Week 1,20 Jan 2015,0.14236,0.14274
Week 2,27 Jan 2015,0.14353,0.14395
Week 3,03 Feb 2015,0.14271,0.14310
Week 4,10 Feb 2015,0.14312,0.14354

Week 1,17 Feb 2015,0.14270,0.14309
Week 2,24 Feb 2015,0.14383,0.14424
Week 3,03 Mar 2015,0.14700,0.14752
Week 4,10 Mar 2015,0.15246,0.15304

Week 1,17 Mar 2015,0.15216,0.15278
Week 2,24 Mar 2015,0.14938,0.14998
Week 3,31 Mar 2015,0.15024,0.15088
Week 4,07 Apr 2015,0.15187,0.15250

Week 1,14 Apr 2015,0.15266,0.15332
Week 2,21 Apr 2015,0.15135,0.15211
Week 3,28 Apr 2015,0.14747,0.14824
Week 4,05 May 2015,0.14565,0.14648

Week 1,12 May 2015,0.14434,0.14524
Week 2,19 May 2015,0.14670,0.14765
Week 3,26 May 2015,0.14906,0.15000
Week 4,02 Jun 2015,0.14667,0.14766

Week 1,09 Jun 2015,0.14474,0.14575
Week 2,16 Jun 2015,0.14422,0.14520
Week 3,23 Jun 2015,0.14546,0.14649
Week 4,30 Jun 2015,0.14684,0.14788

Week 1,07 Jul 2015,0.14722,0.14826
Week 2,14 Jul 2015,0.14928,0.15029
Week 3,21 Jul 2015,0.14931,0.15036
Week 4,28 Jul 2015,0.14701,0.14772

Week 1,04 Aug 2015,0.14697,0.14749
Week 2,11 Aug 2015,0.14161,0.14210
Week 3,18 Aug 2015,0.13940,0.13988
Week 4,25 Aug 2015,0.13760,0.13807

Week 1,01 Sep 2015,0.14016,0.14067
Week 2,08 Sep 2015,0.13931,0.13979
Week 3,15 Sep 2015,0.13854,0.13903
Week 4,22 Sep 2015,0.13985,0.14035

Week 1,29 Sep 2015,0.14007,0.14055
Week 2,06 Oct 2015,0.13932,0.13972
Week 3,13 Oct 2015,0.13827,0.13870
Week 4,20 Oct 2015,0.14033,0.14074

Week 1,27 Oct 2015,0.14291,0.14335
Week 2,03 Nov 2015,0.14473,0.14516
Week 3,10 Nov 2015,0.14580,0.14618
Week 4,17 Nov 2015,0.14659,0.14702

Week 1,24 Nov 2015,0.14720,0.14765
Week 2,01 Dec 2015,0.14536,0.14587
Week 3,08 Dec 2015,0.14210,0.14224
Week 4,15 Dec 2015,0.14165,0.14173

Week 1,22 Dec 2015,0.14120,0.14127
Week 2,29 Dec 2015,0.14111,0.14113
Week 3,05 Jan 2016,0.14031,0.14042
Week 4,12 Jan 2016,0.13966,0.13976

Week 1,19 Jan 2016,0.13995,0.14003
Week 2,26 Jan 2016,0.13990,0.13999
Week 3,02 Feb 2016,0.13754,0.13765
Week 4,09 Feb 2016,0.13525,0.13533

Week 1,16 Feb 2016,0.13756,0.13765
Week 2,23 Feb 2016,0.13919,0.13928
Week 3,01 Mar 2016,0.13976,0.13984
Week 4,08 Mar 2016,0.13897,0.13902

Week 1,15 Mar 2016,0.13750,0.13758
Week 2,22 Mar 2016,0.13724,0.13732
Week 3,29 Mar 2016,0.13635,0.13645
Week 4,05 Apr 2016,0.13565,0.13575

Week 1,12 Apr 2016,0.13641,0.13650
Week 2,19 Apr 2016,0.13663,0.13671
Week 3,26 Apr 2016,0.13577,0.13586
Week 4,03 May 2016,0.13445,0.13451

Week 1,10 May 2016,0.13497,0.13505
Week 2,17 May 2016,0.13585,0.13592
Week 3,24 May 2016,0.13658,0.13665
Week 4,31 May 2016,0.13546,0.13553

Week 1,07 Jun 2016,0.13451,0.13458
Week 2,14 Jun 2016,0.13482,0.13489
Week 3,21 Jun 2016,0.13492,0.13507
Week 4,28 Jun 2016,0.13551,0.13563

Week 1,05 Jul 2016,0.13501,0.13509
Week 2,12 Jul 2016,0.13501,0.13509
Week 3,19 Jul 2016,0.13578,0.13587
Week 4,26 Jul 2016,0.13555,0.13563

Week 1,02 Aug 2016,0.13506,0.13515
Week 2,09 Aug 2016,0.13506,0.13514
Week 3,16 Aug 2016,0.13344,0.13352
Week 4,23 Aug 2016,0.13323,0.13330

Week 1,30 Aug 2016,0.13405,0.13411
Week 2,06 Sep 2016,0.13340,0.13347
Week 3,13 Sep 2016,0.13360,0.13368
Week 4,20 Sep 2016,0.13383,0.13392

Week 1,27 Sep 2016,0.13347,0.13356
Week 2,04 Oct 2016,0.13385,0.13393
Week 3,11 Oct 2016,0.13473,0.13480
Week 4,18 Oct 2016,0.13539,0.13547

Week 1,25 Oct 2016,0.13503,0.13511
Week 2,01 Nov 2016,0.13344,0.13352
Week 3,08 Nov 2016,0.13427,0.13437
Week 4,15 Nov 2016,0.13636,0.13643

Week 1,22 Nov 2016,0.13654,0.13664
Week 2,29 Nov 2016,0.13640,0.13648
Week 3,06 Dec 2016,0.13535,0.13558
Week 4,13 Dec 2016,0.13707,0.13722

Week 1,20 Dec 2016,0.13786,0.13795
Week 2,27 Dec 2016,0.13724,0.13734
Week 3,03 Jan 2017,0.13728,0.13739
Week 4,10 Jan 2017,0.13632,0.13641

Week 1,17 Jan 2017,0.13635,0.13648
Week 2,24 Jan 2017,0.13568,0.13578
Week 3,31 Jan 2017,0.13507,0.13515
Week 4,07 Feb 2017,0.13624,0.13630

Week 1,14 Feb 2017,0.13712,0.13719
Week 2,21 Feb 2017,0.13761,0.13771
Week 3,28 Feb 2017,0.13730,0.13737
Week 4,07 Mar 2017,0.13650,0.13657

Week 1,14 Mar 2017,0.13532,0.13537
Week 2,21 Mar 2017,0.13457,0.13464
Week 3,28 Mar 2017,0.13511,0.13518
Week 4,04 Apr 2017,0.13629,0.13635

Week 1,11 Apr 2017,0.13668,0.13674
Week 2,18 Apr 2017,0.13572,0.13580
Week 3,25 Apr 2017,0.13330,0.13338
Week 4,02 May 2017,0.13247,0.13254

Week 1,09 May 2017,0.13278,0.13284
Week 2,16 May 2017,0.13060,0.13066
Week 3,23 May 2017,0.12987,0.12994
Week 4,30 May 2017,0.13050,0.13055

Week 1,06 Jun 2017,0.13096,0.13104
Week 2,13 Jun 2017,0.13126,0.13131
Week 3,20 Jun 2017,0.13104,0.13110
Week 4,27 Jun 2017,0.12957,0.12963

Week 1,04 Jul 2017,0.12917,0.12924
Week 2,11 Jul 2017,0.12883,0.12887
Week 3,18 Jul 2017,0.12764,0.12769
Week 4,25 Jul 2017,0.12670,0.12676

Week 1,01 Aug 2017,0.12590,0.12596
Week 2,08 Aug 2017,0.12698,0.12703
Week 3,15 Aug 2017,0.12740,0.12745
Week 4,22 Aug 2017,0.12691,0.12696

Week 1,29 Aug 2017,0.12742,0.12747
Week 2,05 Sep 2017,0.12833,0.12838
Week 3,12 Sep 2017,0.12796,0.12800
Week 4,19 Sep 2017,0.12707,0.12712

Week 1,26 Sep 2017,0.12743,0.12748
Week 2,03 Oct 2017,0.12803,0.12807
Week 3,10 Oct 2017,0.12844,0.12848
Week 4,17 Oct 2017,0.12816,0.12823

Week 1,24 Oct 2017,0.12867,0.12872
Week 2,31 Oct 2017,0.12968,0.12973
Week 3,07 Nov 2017,0.12957,0.12961
Week 4,14 Nov 2017,0.12815,0.12819

Week 1,21 Nov 2017,0.12792,0.12797
Week 2,28 Nov 2017,0.12726,0.12730
Week 3,05 Dec 2017,0.12761,0.12767


