CHI->ARS

Week 1,01 Dec 1998,0.12080,0.12086
Week 2,08 Dec 1998,0.12081,0.12086
Week 3,15 Dec 1998,0.12078,0.12081
Week 4,22 Dec 1998,0.12077,0.12080

Week 1,29 Dec 1998,0.12070,0.12075
Week 2,05 Jan 1999,0.12077,0.12079
Week 3,12 Jan 1999,0.12077,0.12080
Week 4,19 Jan 1999,0.12078,0.12080

Week 1,26 Jan 1999,0.12102,0.12107
Week 2,02 Feb 1999,0.12094,0.12098
Week 3,09 Feb 1999,0.12075,0.12077
Week 4,16 Feb 1999,0.12075,0.12077

Week 1,23 Feb 1999,0.12075,0.12076
Week 2,02 Mar 1999,0.12076,0.12077
Week 3,09 Mar 1999,0.12077,0.12078
Week 4,16 Mar 1999,0.12077,0.12079

Week 1,23 Mar 1999,0.12074,0.12075
Week 2,30 Mar 1999,0.12076,0.12077
Week 3,06 Apr 1999,0.12076,0.12078
Week 4,13 Apr 1999,0.12078,0.12079

Week 1,20 Apr 1999,0.12078,0.12080
Week 2,27 Apr 1999,0.12077,0.12079
Week 3,04 May 1999,0.12078,0.12079
Week 4,11 May 1999,0.12078,0.12080

Week 1,18 May 1999,0.12078,0.12080
Week 2,25 May 1999,0.12077,0.12080
Week 3,01 Jun 1999,0.12077,0.12079
Week 4,08 Jun 1999,0.12077,0.12080

Week 1,15 Jun 1999,0.12078,0.12081
Week 2,22 Jun 1999,0.12078,0.12081
Week 3,29 Jun 1999,0.12078,0.12081
Week 4,06 Jul 1999,0.12078,0.12080

Week 1,13 Jul 1999,0.12078,0.12081
Week 2,20 Jul 1999,0.12078,0.12081
Week 3,27 Jul 1999,0.12079,0.12081
Week 4,03 Aug 1999,0.12079,0.12081

Week 1,10 Aug 1999,0.12079,0.12081
Week 2,17 Aug 1999,0.12079,0.12081
Week 3,24 Aug 1999,0.12079,0.12081
Week 4,31 Aug 1999,0.12076,0.12078

Week 1,07 Sep 1999,0.12073,0.12075
Week 2,14 Sep 1999,0.12073,0.12075
Week 3,21 Sep 1999,0.12072,0.12075
Week 4,28 Sep 1999,0.12077,0.12080

Week 1,05 Oct 1999,0.12078,0.12081
Week 2,12 Oct 1999,0.12079,0.12081
Week 3,19 Oct 1999,0.12079,0.12081
Week 4,26 Oct 1999,0.12078,0.12081

Week 1,02 Nov 1999,0.12078,0.12080
Week 2,09 Nov 1999,0.12078,0.12080
Week 3,16 Nov 1999,0.12077,0.12080
Week 4,23 Nov 1999,0.12120,0.12123

Week 1,30 Nov 1999,0.12138,0.12140
Week 2,07 Dec 1999,0.12136,0.12137
Week 3,14 Dec 1999,0.12073,0.12073
Week 4,21 Dec 1999,0.12073,0.12073

Week 1,28 Dec 1999,0.12074,0.12076
Week 2,04 Jan 2000,0.12073,0.12075
Week 3,11 Jan 2000,0.12072,0.12073
Week 4,18 Jan 2000,0.12073,0.12074

Week 1,25 Jan 2000,0.12077,0.12079
Week 2,01 Feb 2000,0.12074,0.12075
Week 3,08 Feb 2000,0.12043,0.12046
Week 4,15 Feb 2000,0.12075,0.12076

Week 1,22 Feb 2000,0.12075,0.12076
Week 2,29 Feb 2000,0.12074,0.12076
Week 3,07 Mar 2000,0.12075,0.12076
Week 4,14 Mar 2000,0.12075,0.12076

Week 1,21 Mar 2000,0.12074,0.12076
Week 2,28 Mar 2000,0.12074,0.12075
Week 3,04 Apr 2000,0.12073,0.12074
Week 4,11 Apr 2000,0.12073,0.12074

Week 1,18 Apr 2000,0.12071,0.12072
Week 2,25 Apr 2000,0.12072,0.12073
Week 3,02 May 2000,0.12071,0.12072
Week 4,09 May 2000,0.12074,0.12075

Week 1,16 May 2000,0.12076,0.12078
Week 2,23 May 2000,0.12075,0.12077
Week 3,30 May 2000,0.12076,0.12078
Week 4,06 Jun 2000,0.12078,0.12079

Week 1,13 Jun 2000,0.12075,0.12077
Week 2,20 Jun 2000,0.12075,0.12077
Week 3,27 Jun 2000,0.12075,0.12077
Week 4,04 Jul 2000,0.12073,0.12074

Week 1,11 Jul 2000,0.12072,0.12074
Week 2,18 Jul 2000,0.12072,0.12074
Week 3,25 Jul 2000,0.12073,0.12074
Week 4,01 Aug 2000,0.12073,0.12074

Week 1,08 Aug 2000,0.12072,0.12074
Week 2,15 Aug 2000,0.12072,0.12073
Week 3,22 Aug 2000,0.12071,0.12073
Week 4,29 Aug 2000,0.12072,0.12073

Week 1,05 Sep 2000,0.12072,0.12074
Week 2,12 Sep 2000,0.12075,0.12076
Week 3,19 Sep 2000,0.12074,0.12075
Week 4,26 Sep 2000,0.12075,0.12077

Week 1,03 Oct 2000,0.12072,0.12073
Week 2,10 Oct 2000,0.12072,0.12074
Week 3,17 Oct 2000,0.12073,0.12075
Week 4,24 Oct 2000,0.12073,0.12075

Week 1,31 Oct 2000,0.12073,0.12075
Week 2,07 Nov 2000,0.12073,0.12074
Week 3,14 Nov 2000,0.12076,0.12077
Week 4,21 Nov 2000,0.12072,0.12074

Week 1,28 Nov 2000,0.12075,0.12076
Week 2,05 Dec 2000,0.12077,0.12078
Week 3,12 Dec 2000,0.12072,0.12074
Week 4,19 Dec 2000,0.12072,0.12073

Week 1,26 Dec 2000,0.12066,0.12067
Week 2,02 Jan 2001,0.12072,0.12073
Week 3,09 Jan 2001,0.12075,0.12076
Week 4,16 Jan 2001,0.12077,0.12079

Week 1,23 Jan 2001,0.12074,0.12076
Week 2,30 Jan 2001,0.12076,0.12077
Week 3,06 Feb 2001,0.12078,0.12079
Week 4,13 Feb 2001,0.12077,0.12078

Week 1,20 Feb 2001,0.12077,0.12079
Week 2,27 Feb 2001,0.12076,0.12077
Week 3,06 Mar 2001,0.12076,0.12078
Week 4,13 Mar 2001,0.12079,0.12083

Week 1,20 Mar 2001,0.12074,0.12077
Week 2,27 Mar 2001,0.12069,0.12071
Week 3,03 Apr 2001,0.12073,0.12075
Week 4,10 Apr 2001,0.12071,0.12073

Week 1,17 Apr 2001,0.12074,0.12076
Week 2,24 Apr 2001,0.12075,0.12076
Week 3,01 May 2001,0.12073,0.12074
Week 4,08 May 2001,0.12073,0.12075

Week 1,15 May 2001,0.12076,0.12078
Week 2,22 May 2001,0.12075,0.12077
Week 3,29 May 2001,0.12076,0.12078
Week 4,05 Jun 2001,0.12077,0.12079

Week 1,12 Jun 2001,0.12077,0.12078
Week 2,19 Jun 2001,0.12076,0.12077
Week 3,26 Jun 2001,0.12077,0.12079
Week 4,03 Jul 2001,0.12076,0.12078

Week 1,10 Jul 2001,0.12070,0.12074
Week 2,17 Jul 2001,0.12070,0.12072
Week 3,24 Jul 2001,0.12066,0.12071
Week 4,31 Jul 2001,0.12070,0.12073

Week 1,07 Aug 2001,0.12071,0.12073
Week 2,14 Aug 2001,0.12069,0.12072
Week 3,21 Aug 2001,0.12069,0.12072
Week 4,28 Aug 2001,0.12068,0.12071

Week 1,04 Sep 2001,0.12071,0.12074
Week 2,11 Sep 2001,0.12071,0.12072
Week 3,18 Sep 2001,0.12065,0.12086
Week 4,25 Sep 2001,0.12062,0.12092

Week 1,02 Oct 2001,0.12063,0.12092
Week 2,09 Oct 2001,0.12063,0.12092
Week 3,16 Oct 2001,0.12063,0.12092
Week 4,23 Oct 2001,0.12062,0.12092

Week 1,30 Oct 2001,0.12062,0.12092
Week 2,06 Nov 2001,0.12063,0.12092
Week 3,13 Nov 2001,0.12062,0.12092
Week 4,20 Nov 2001,0.12060,0.12085

Week 1,27 Nov 2001,0.12057,0.12086
Week 2,04 Dec 2001,0.12057,0.12086
Week 3,11 Dec 2001,0.12058,0.12087
Week 4,18 Dec 2001,0.12058,0.12087

Week 1,25 Dec 2001,0.11996,0.12042
Week 2,01 Jan 2002,0.11971,0.12024
Week 3,08 Jan 2002,0.16895,0.16935
Week 4,15 Jan 2002,0.16894,0.16935

Week 1,22 Jan 2002,0.21334,0.21887
Week 2,29 Jan 2002,0.22127,0.22250
Week 3,05 Feb 2002,0.24397,0.24497
Week 4,12 Feb 2002,0.24376,0.24496

Week 1,19 Feb 2002,0.25514,0.25671
Week 2,26 Feb 2002,0.25954,0.26086
Week 3,05 Mar 2002,0.26039,0.26154
Week 4,12 Mar 2002,0.27899,0.28486

Week 1,19 Mar 2002,0.28960,0.29635
Week 2,26 Mar 2002,0.36045,0.36754
Week 3,02 Apr 2002,0.33891,0.34405
Week 4,09 Apr 2002,0.33632,0.33973

Week 1,16 Apr 2002,0.34321,0.34663
Week 2,23 Apr 2002,0.37469,0.37981
Week 3,30 Apr 2002,0.36373,0.36772
Week 4,07 May 2002,0.38234,0.38655

Week 1,14 May 2002,0.38650,0.38916
Week 2,21 May 2002,0.38735,0.38950
Week 3,28 May 2002,0.42513,0.42875
Week 4,04 Jun 2002,0.43683,0.44031

Week 1,11 Jun 2002,0.41925,0.42268
Week 2,18 Jun 2002,0.43285,0.43580
Week 3,25 Jun 2002,0.45906,0.46259
Week 4,02 Jul 2002,0.43546,0.43807

Week 1,09 Jul 2002,0.42788,0.43133
Week 2,16 Jul 2002,0.42822,0.43081
Week 3,23 Jul 2002,0.43770,0.44083
Week 4,30 Jul 2002,0.43805,0.44136

Week 1,06 Aug 2002,0.43753,0.43998
Week 2,13 Aug 2002,0.43770,0.43997
Week 3,20 Aug 2002,0.43322,0.43617
Week 4,27 Aug 2002,0.43650,0.43894

Week 1,03 Sep 2002,0.43648,0.43961
Week 2,10 Sep 2002,0.43718,0.43962
Week 3,17 Sep 2002,0.44026,0.44323
Week 4,24 Sep 2002,0.44199,0.44427

Week 1,01 Oct 2002,0.45129,0.45376
Week 2,08 Oct 2002,0.44734,0.44997
Week 3,15 Oct 2002,0.43770,0.44031
Week 4,22 Oct 2002,0.43458,0.43684

Week 1,29 Oct 2002,0.42699,0.42923
Week 2,05 Nov 2002,0.42717,0.42941
Week 3,12 Nov 2002,0.42648,0.42872
Week 4,19 Nov 2002,0.42321,0.42475

Week 1,26 Nov 2002,0.42062,0.42285
Week 2,03 Dec 2002,0.42455,0.42803
Week 3,10 Dec 2002,0.42203,0.42440
Week 4,17 Dec 2002,0.42062,0.42285

Week 1,24 Dec 2002,0.41114,0.41386
Week 2,31 Dec 2002,0.40204,0.40660
Week 3,07 Jan 2003,0.40011,0.40297
Week 4,14 Jan 2003,0.39319,0.39553

Week 1,21 Jan 2003,0.37779,0.37957
Week 2,28 Jan 2003,0.39269,0.39485
Week 3,04 Feb 2003,0.38017,0.38230
Week 4,11 Feb 2003,0.37682,0.37876

Week 1,18 Feb 2003,0.38095,0.38308
Week 2,25 Feb 2003,0.38319,0.38619
Week 3,04 Mar 2003,0.38302,0.38533
Week 4,11 Mar 2003,0.37666,0.37878

Week 1,18 Mar 2003,0.36510,0.36720
Week 2,25 Mar 2003,0.35011,0.35217
Week 3,01 Apr 2003,0.35309,0.35882
Week 4,08 Apr 2003,0.35004,0.35355

Week 1,15 Apr 2003,0.35311,0.35986
Week 2,22 Apr 2003,0.34631,0.35779
Week 3,29 Apr 2003,0.34181,0.35779
Week 4,06 May 2003,0.33511,0.34216

Week 1,13 May 2003,0.33743,0.34691
Week 2,20 May 2003,0.34543,0.34907
Week 3,27 May 2003,0.34719,0.35519
Week 4,03 Jun 2003,0.34128,0.34509

Week 1,10 Jun 2003,0.33878,0.35710
Week 2,17 Jun 2003,0.33765,0.35986
Week 3,24 Jun 2003,0.33526,0.35682
Week 4,01 Jul 2003,0.33708,0.35984

Week 1,08 Jul 2003,0.33404,0.35985
Week 2,15 Jul 2003,0.33586,0.35635
Week 3,22 Jul 2003,0.33745,0.34218
Week 4,29 Jul 2003,0.34922,0.35356

Week 1,05 Aug 2003,0.35279,0.35864
Week 2,12 Aug 2003,0.34877,0.35114
Week 3,19 Aug 2003,0.35139,0.35988
Week 4,26 Aug 2003,0.35353,0.35673

Week 1,02 Sep 2003,0.35357,0.35684
Week 2,09 Sep 2003,0.35210,0.35943
Week 3,16 Sep 2003,0.34812,0.35836
Week 4,23 Sep 2003,0.34727,0.35494

Week 1,30 Sep 2003,0.34686,0.35612
Week 2,07 Oct 2003,0.34154,0.35140
Week 3,14 Oct 2003,0.33993,0.35341
Week 4,21 Oct 2003,0.34147,0.35103

Week 1,28 Oct 2003,0.34213,0.35246
Week 2,04 Nov 2003,0.34185,0.35039
Week 3,11 Nov 2003,0.34267,0.35390
Week 4,18 Nov 2003,0.34241,0.35288

Week 1,25 Nov 2003,0.35349,0.35958
Week 2,02 Dec 2003,0.35657,0.36142
Week 3,09 Dec 2003,0.35454,0.35853
Week 4,16 Dec 2003,0.35496,0.36101

Week 1,23 Dec 2003,0.35386,0.36101
Week 2,30 Dec 2003,0.35113,0.35700
Week 3,06 Jan 2004,0.34634,0.35113
Week 4,13 Jan 2004,0.34316,0.34923

Week 1,20 Jan 2004,0.34839,0.35286
Week 2,27 Jan 2004,0.34680,0.35633
Week 3,03 Feb 2004,0.35377,0.35834
Week 4,10 Feb 2004,0.35155,0.35648

Week 1,17 Feb 2004,0.35145,0.35616
Week 2,24 Feb 2004,0.35106,0.35604
Week 3,02 Mar 2004,0.35035,0.35527
Week 4,09 Mar 2004,0.34964,0.35481

Week 1,16 Mar 2004,0.34737,0.35252
Week 2,23 Mar 2004,0.34469,0.34971
Week 3,30 Mar 2004,0.34208,0.34784
Week 4,06 Apr 2004,0.33743,0.34347

Week 1,13 Apr 2004,0.33767,0.34386
Week 2,20 Apr 2004,0.34233,0.34770
Week 3,27 Apr 2004,0.34048,0.34825
Week 4,04 May 2004,0.34404,0.34917

Week 1,11 May 2004,0.35040,0.35704
Week 2,18 May 2004,0.34376,0.35365
Week 3,25 May 2004,0.34789,0.35768
Week 4,01 Jun 2004,0.35299,0.36275

Week 1,08 Jun 2004,0.35448,0.36211
Week 2,15 Jun 2004,0.35406,0.36060
Week 3,22 Jun 2004,0.35257,0.36017
Week 4,29 Jun 2004,0.35608,0.35807

Week 1,06 Jul 2004,0.35360,0.35917
Week 2,13 Jul 2004,0.35330,0.35752
Week 3,20 Jul 2004,0.35526,0.35955
Week 4,27 Jul 2004,0.35797,0.36108

Week 1,03 Aug 2004,0.36490,0.36915
Week 2,10 Aug 2004,0.36359,0.36568
Week 3,17 Aug 2004,0.36242,0.36504
Week 4,24 Aug 2004,0.36196,0.36335

Week 1,31 Aug 2004,0.36065,0.36461
Week 2,07 Sep 2004,0.36062,0.36466
Week 3,14 Sep 2004,0.35971,0.36355
Week 4,21 Sep 2004,0.36060,0.36456

Week 1,28 Sep 2004,0.35637,0.36487
Week 2,05 Oct 2004,0.35546,0.36049
Week 3,12 Oct 2004,0.35576,0.36214
Week 4,19 Oct 2004,0.35621,0.35906

Week 1,26 Oct 2004,0.35853,0.36053
Week 2,02 Nov 2004,0.35712,0.35838
Week 3,09 Nov 2004,0.35665,0.36038
Week 4,16 Nov 2004,0.35312,0.35904

Week 1,23 Nov 2004,0.35362,0.35725
Week 2,30 Nov 2004,0.35678,0.35850
Week 3,07 Dec 2004,0.35931,0.36089
Week 4,14 Dec 2004,0.35916,0.36070

Week 1,21 Dec 2004,0.35674,0.35823
Week 2,28 Dec 2004,0.35683,0.36141
Week 3,04 Jan 2005,0.35738,0.35928
Week 4,11 Jan 2005,0.35543,0.35676

Week 1,18 Jan 2005,0.35262,0.35814
Week 2,25 Jan 2005,0.34922,0.35900
Week 3,01 Feb 2005,0.34847,0.35823
Week 4,08 Feb 2005,0.34710,0.35697

Week 1,15 Feb 2005,0.35055,0.35218
Week 2,22 Feb 2005,0.35094,0.35655
Week 3,01 Mar 2005,0.35479,0.35643
Week 4,08 Mar 2005,0.35264,0.35436

Week 1,15 Mar 2005,0.35188,0.35334
Week 2,22 Mar 2005,0.35140,0.35292
Week 3,29 Mar 2005,0.35218,0.35337
Week 4,05 Apr 2005,0.34981,0.35159

Week 1,12 Apr 2005,0.34868,0.35014
Week 2,19 Apr 2005,0.34962,0.35137
Week 3,26 Apr 2005,0.35014,0.35180
Week 4,03 May 2005,0.34950,0.35097

Week 1,10 May 2005,0.34905,0.35059
Week 2,17 May 2005,0.34776,0.34955
Week 3,24 May 2005,0.34799,0.34913
Week 4,31 May 2005,0.34820,0.34934

Week 1,07 Jun 2005,0.34887,0.35012
Week 2,14 Jun 2005,0.34673,0.34788
Week 3,21 Jun 2005,0.34656,0.34770
Week 4,28 Jun 2005,0.34846,0.34960

Week 1,05 Jul 2005,0.34704,0.34818
Week 2,12 Jul 2005,0.34150,0.35172
Week 3,19 Jul 2005,0.34424,0.35468
Week 4,26 Jul 2005,0.35233,0.35351

Week 1,02 Aug 2005,0.35250,0.35372
Week 2,09 Aug 2005,0.35444,0.35567
Week 3,16 Aug 2005,0.35622,0.35794
Week 4,23 Aug 2005,0.35821,0.35985

Week 1,30 Aug 2005,0.35881,0.36031
Week 2,06 Sep 2005,0.35845,0.36027
Week 3,13 Sep 2005,0.35946,0.36125
Week 4,20 Sep 2005,0.35897,0.36082

Week 1,27 Sep 2005,0.35860,0.36087
Week 2,04 Oct 2005,0.36094,0.36261
Week 3,11 Oct 2005,0.36564,0.36721
Week 4,18 Oct 2005,0.36710,0.36876

Week 1,25 Oct 2005,0.37019,0.37167
Week 2,01 Nov 2005,0.36900,0.37060
Week 3,08 Nov 2005,0.36682,0.36769
Week 4,15 Nov 2005,0.36417,0.36514

Week 1,22 Nov 2005,0.36417,0.36613
Week 2,29 Nov 2005,0.36811,0.36875
Week 3,06 Dec 2005,0.36560,0.37586
Week 4,13 Dec 2005,0.36986,0.37534

Week 1,20 Dec 2005,0.37466,0.37648
Week 2,27 Dec 2005,0.37584,0.37641
Week 3,03 Jan 2006,0.37696,0.37753
Week 4,10 Jan 2006,0.37475,0.38059

Week 1,17 Jan 2006,0.37198,0.38200
Week 2,24 Jan 2006,0.37351,0.38345
Week 3,31 Jan 2006,0.37598,0.38520
Week 4,07 Feb 2006,0.37640,0.38656

Week 1,14 Feb 2006,0.37564,0.38580
Week 2,21 Feb 2006,0.37683,0.38700
Week 3,28 Feb 2006,0.37655,0.38663
Week 4,07 Mar 2006,0.38025,0.38551

Week 1,14 Mar 2006,0.37742,0.38738
Week 2,21 Mar 2006,0.37624,0.38872
Week 3,28 Mar 2006,0.37284,0.39443
Week 4,04 Apr 2006,0.37567,0.39408

Week 1,11 Apr 2006,0.36957,0.39877
Week 2,18 Apr 2006,0.37167,0.39285
Week 3,25 Apr 2006,0.37501,0.38452
Week 4,02 May 2006,0.37875,0.38034

Week 1,09 May 2006,0.37824,0.38034
Week 2,16 May 2006,0.37959,0.38147
Week 3,23 May 2006,0.38251,0.38437
Week 4,30 May 2006,0.38298,0.38485

Week 1,06 Jun 2006,0.38342,0.38520
Week 2,13 Jun 2006,0.38374,0.38577
Week 3,20 Jun 2006,0.38395,0.38585
Week 4,27 Jun 2006,0.38464,0.38656

Week 1,04 Jul 2006,0.38501,0.38695
Week 2,11 Jul 2006,0.38477,0.38700
Week 3,18 Jul 2006,0.38459,0.38650
Week 4,25 Jul 2006,0.38474,0.38665

Week 1,01 Aug 2006,0.38397,0.38586
Week 2,08 Aug 2006,0.38394,0.38587
Week 3,15 Aug 2006,0.38458,0.38646
Week 4,22 Aug 2006,0.38627,0.38815

Week 1,29 Aug 2006,0.38696,0.39095
Week 2,05 Sep 2006,0.38896,0.39090
Week 3,12 Sep 2006,0.38917,0.39110
Week 4,19 Sep 2006,0.39003,0.39199

Week 1,26 Sep 2006,0.39129,0.39331
Week 2,03 Oct 2006,0.39162,0.39349
Week 3,10 Oct 2006,0.39164,0.39364
Week 4,17 Oct 2006,0.39059,0.39243

Week 1,24 Oct 2006,0.39046,0.39247
Week 2,31 Oct 2006,0.39122,0.39311
Week 3,07 Nov 2006,0.38984,0.39177
Week 4,14 Nov 2006,0.38944,0.39140

Week 1,21 Nov 2006,0.39005,0.39199
Week 2,28 Nov 2006,0.39088,0.39287
Week 3,05 Dec 2006,0.38968,0.39162
Week 4,12 Dec 2006,0.38964,0.39161

Week 1,19 Dec 2006,0.38965,0.39155
Week 2,26 Dec 2006,0.39136,0.39327
Week 3,02 Jan 2007,0.39141,0.39328
Week 4,09 Jan 2007,0.39391,0.39580

Week 1,16 Jan 2007,0.39526,0.39715
Week 2,23 Jan 2007,0.39769,0.39967
Week 3,30 Jan 2007,0.39866,0.40066
Week 4,06 Feb 2007,0.39964,0.40166

Week 1,13 Feb 2007,0.39914,0.40111
Week 2,20 Feb 2007,0.39953,0.40159
Week 3,27 Feb 2007,0.39916,0.40117
Week 4,06 Mar 2007,0.39969,0.40166

Week 1,13 Mar 2007,0.39956,0.40155
Week 2,20 Mar 2007,0.39983,0.40177
Week 3,27 Mar 2007,0.40020,0.40225
Week 4,03 Apr 2007,0.40017,0.40205

Week 1,10 Apr 2007,0.39935,0.40126
Week 2,17 Apr 2007,0.39863,0.40067
Week 3,24 Apr 2007,0.39873,0.40069
Week 4,01 May 2007,0.39940,0.40133

Week 1,08 May 2007,0.39932,0.40193
Week 2,15 May 2007,0.39981,0.40189
Week 3,22 May 2007,0.40146,0.40352
Week 4,29 May 2007,0.40075,0.40460

Week 1,05 Jun 2007,0.40117,0.40310
Week 2,12 Jun 2007,0.40010,0.40415
Week 3,19 Jun 2007,0.40094,0.40638
Week 4,26 Jun 2007,0.40359,0.40696

Week 1,03 Jul 2007,0.40574,0.40912
Week 2,10 Jul 2007,0.40854,0.41078
Week 3,17 Jul 2007,0.40781,0.41245
Week 4,24 Jul 2007,0.41307,0.41833

Week 1,31 Jul 2007,0.41094,0.41558
Week 2,07 Aug 2007,0.41393,0.41590
Week 3,14 Aug 2007,0.41414,0.41617
Week 4,21 Aug 2007,0.41613,0.41915

Week 1,28 Aug 2007,0.41691,0.42125
Week 2,04 Sep 2007,0.41689,0.42096
Week 3,11 Sep 2007,0.41606,0.41959
Week 4,18 Sep 2007,0.41569,0.41905

Week 1,25 Sep 2007,0.41660,0.42089
Week 2,02 Oct 2007,0.41824,0.42162
Week 3,09 Oct 2007,0.41881,0.42189
Week 4,16 Oct 2007,0.41984,0.42180

Week 1,23 Oct 2007,0.42113,0.42542
Week 2,30 Oct 2007,0.41942,0.42293
Week 3,06 Nov 2007,0.41901,0.42365
Week 4,13 Nov 2007,0.42068,0.42265

Week 1,20 Nov 2007,0.42176,0.42616
Week 2,27 Nov 2007,0.42445,0.42711
Week 3,04 Dec 2007,0.42203,0.42545
Week 4,11 Dec 2007,0.42474,0.42674

Week 1,18 Dec 2007,0.42436,0.42669
Week 2,25 Dec 2007,0.42569,0.42995
Week 3,01 Jan 2008,0.42959,0.43542
Week 4,08 Jan 2008,0.42911,0.43263

Week 1,15 Jan 2008,0.43302,0.43539
Week 2,22 Jan 2008,0.43388,0.43977
Week 3,29 Jan 2008,0.43726,0.44139
Week 4,05 Feb 2008,0.43716,0.44317

Week 1,12 Feb 2008,0.43748,0.44161
Week 2,19 Feb 2008,0.43892,0.44304
Week 3,26 Feb 2008,0.44036,0.44553
Week 4,04 Mar 2008,0.44252,0.44498

Week 1,11 Mar 2008,0.44112,0.44617
Week 2,18 Mar 2008,0.44215,0.44637
Week 3,25 Mar 2008,0.44797,0.45229
Week 4,01 Apr 2008,0.44819,0.45361

Week 1,08 Apr 2008,0.44958,0.45194
Week 2,15 Apr 2008,0.45031,0.45637
Week 3,22 Apr 2008,0.45193,0.45614
Week 4,29 Apr 2008,0.45141,0.45553

Week 1,06 May 2008,0.45347,0.45560
Week 2,13 May 2008,0.44935,0.45545
Week 3,20 May 2008,0.44985,0.45283
Week 4,27 May 2008,0.44755,0.45009

Week 1,03 Jun 2008,0.44138,0.44400
Week 2,10 Jun 2008,0.44144,0.44368
Week 3,17 Jun 2008,0.43823,0.44256
Week 4,24 Jun 2008,0.43899,0.44111

Week 1,01 Jul 2008,0.44016,0.44283
Week 2,08 Jul 2008,0.43863,0.44202
Week 3,15 Jul 2008,0.44226,0.44457
Week 4,22 Jul 2008,0.44162,0.44376

Week 1,29 Jul 2008,0.44227,0.44442
Week 2,05 Aug 2008,0.44180,0.44717
Week 3,12 Aug 2008,0.44044,0.44366
Week 4,19 Aug 2008,0.44000,0.44432

Week 1,26 Aug 2008,0.44031,0.44470
Week 2,02 Sep 2008,0.44161,0.44604
Week 3,09 Sep 2008,0.44742,0.44966
Week 4,16 Sep 2008,0.44886,0.45532

Week 1,23 Sep 2008,0.45283,0.45690
Week 2,30 Sep 2008,0.45632,0.46089
Week 3,07 Oct 2008,0.46899,0.47437
Week 4,14 Oct 2008,0.46825,0.47127

Week 1,21 Oct 2008,0.46923,0.47640
Week 2,28 Oct 2008,0.48714,0.49241
Week 3,04 Nov 2008,0.48376,0.49093
Week 4,11 Nov 2008,0.48304,0.48708

Week 1,18 Nov 2008,0.48539,0.48950
Week 2,25 Nov 2008,0.48851,0.49345
Week 3,02 Dec 2008,0.49571,0.49940
Week 4,09 Dec 2008,0.49589,0.50269

Week 1,16 Dec 2008,0.49433,0.50162
Week 2,23 Dec 2008,0.49532,0.50247
Week 3,30 Dec 2008,0.50429,0.51067
Week 4,06 Jan 2009,0.50399,0.51029

Week 1,13 Jan 2009,0.50264,0.50600
Week 2,20 Jan 2009,0.50419,0.50685
Week 3,27 Jan 2009,0.50622,0.51238
Week 4,03 Feb 2009,0.50864,0.51116

Week 1,10 Feb 2009,0.50872,0.51291
Week 2,17 Feb 2009,0.50702,0.51495
Week 3,24 Feb 2009,0.51576,0.52286
Week 4,03 Mar 2009,0.52746,0.53037

Week 1,10 Mar 2009,0.52827,0.53526
Week 2,17 Mar 2009,0.53197,0.53552
Week 3,24 Mar 2009,0.53935,0.54192
Week 4,31 Mar 2009,0.54063,0.54321

Week 1,07 Apr 2009,0.53617,0.53873
Week 2,14 Apr 2009,0.54098,0.54400
Week 3,21 Apr 2009,0.53883,0.54295
Week 4,28 Apr 2009,0.54260,0.54541

Week 1,05 May 2009,0.54327,0.54586
Week 2,12 May 2009,0.54371,0.54881
Week 3,19 May 2009,0.54474,0.54759
Week 4,26 May 2009,0.54659,0.54916

Week 1,02 Jun 2009,0.54531,0.55072
Week 2,09 Jun 2009,0.54911,0.55184
Week 3,16 Jun 2009,0.54994,0.55343
Week 4,23 Jun 2009,0.55278,0.55574

Week 1,30 Jun 2009,0.55449,0.55726
Week 2,07 Jul 2009,0.55566,0.55802
Week 3,14 Jul 2009,0.55388,0.56022
Week 4,21 Jul 2009,0.55412,0.56086

Week 1,28 Jul 2009,0.55811,0.56079
Week 2,04 Aug 2009,0.55858,0.56500
Week 3,11 Aug 2009,0.55997,0.56251
Week 4,18 Aug 2009,0.56026,0.56552

Week 1,25 Aug 2009,0.56048,0.56711
Week 2,01 Sep 2009,0.56172,0.56487
Week 3,08 Sep 2009,0.56287,0.56557
Week 4,15 Sep 2009,0.55842,0.56490

Week 1,22 Sep 2009,0.55870,0.56553
Week 2,29 Sep 2009,0.56028,0.56497
Week 3,06 Oct 2009,0.56028,0.56331
Week 4,13 Oct 2009,0.55688,0.56330

Week 1,20 Oct 2009,0.55860,0.56110
Week 2,27 Oct 2009,0.55704,0.56342
Week 3,03 Nov 2009,0.55759,0.55991
Week 4,10 Nov 2009,0.55734,0.55941

Week 1,17 Nov 2009,0.55487,0.56091
Week 2,24 Nov 2009,0.55308,0.55915
Week 3,01 Dec 2009,0.55641,0.55927
Week 4,08 Dec 2009,0.55523,0.56155

Week 1,15 Dec 2009,0.55629,0.55916
Week 2,22 Dec 2009,0.55157,0.56149
Week 3,29 Dec 2009,0.55326,0.56302
Week 4,05 Jan 2010,0.55449,0.55735

Week 1,12 Jan 2010,0.55306,0.55903
Week 2,19 Jan 2010,0.55578,0.55835
Week 3,26 Jan 2010,0.55772,0.56085
Week 4,02 Feb 2010,0.56064,0.56302

Week 1,09 Feb 2010,0.56211,0.56428
Week 2,16 Feb 2010,0.56092,0.56667
Week 3,23 Feb 2010,0.56161,0.56796
Week 4,02 Mar 2010,0.56047,0.56803

Week 1,09 Mar 2010,0.56386,0.56649
Week 2,16 Mar 2010,0.56429,0.56716
Week 3,23 Mar 2010,0.56452,0.56808
Week 4,30 Mar 2010,0.56266,0.57181

Week 1,06 Apr 2010,0.56539,0.56990
Week 2,13 Apr 2010,0.56561,0.57142
Week 3,20 Apr 2010,0.56530,0.56798
Week 4,27 Apr 2010,0.56605,0.56975

Week 1,04 May 2010,0.56743,0.57453
Week 2,11 May 2010,0.56871,0.57342
Week 3,18 May 2010,0.56994,0.57310
Week 4,25 May 2010,0.57125,0.57559

Week 1,01 Jun 2010,0.57274,0.58023
Week 2,08 Jun 2010,0.57233,0.57535
Week 3,15 Jun 2010,0.57187,0.57732
Week 4,22 Jun 2010,0.57529,0.57806

Week 1,29 Jun 2010,0.57634,0.58225
Week 2,06 Jul 2010,0.57907,0.58183
Week 3,13 Jul 2010,0.57710,0.58471
Week 4,20 Jul 2010,0.57815,0.58286

Week 1,27 Jul 2010,0.57946,0.58204
Week 2,03 Aug 2010,0.57957,0.58229
Week 3,10 Aug 2010,0.57854,0.58127
Week 4,17 Aug 2010,0.57560,0.58249

Week 1,24 Aug 2010,0.57562,0.58311
Week 2,31 Aug 2010,0.57596,0.58283
Week 3,07 Sep 2010,0.58100,0.58386
Week 4,14 Sep 2010,0.58342,0.58960

Week 1,21 Sep 2010,0.58789,0.59041
Week 2,28 Sep 2010,0.59069,0.59321
Week 3,05 Oct 2010,0.58894,0.59516
Week 4,12 Oct 2010,0.59162,0.59662

Week 1,19 Oct 2010,0.59312,0.59591
Week 2,26 Oct 2010,0.59114,0.59364
Week 3,02 Nov 2010,0.59193,0.59467
Week 4,09 Nov 2010,0.59504,0.59782

Week 1,16 Nov 2010,0.59640,0.59919
Week 2,23 Nov 2010,0.59549,0.59829
Week 3,30 Nov 2010,0.59556,0.59824
Week 4,07 Dec 2010,0.59623,0.59880

Week 1,14 Dec 2010,0.59493,0.59822
Week 2,21 Dec 2010,0.59283,0.60207
Week 3,28 Dec 2010,0.59705,0.60494
Week 4,04 Jan 2011,0.59984,0.60245

Week 1,11 Jan 2011,0.59871,0.60387
Week 2,18 Jan 2011,0.59866,0.60746
Week 3,25 Jan 2011,0.60434,0.60787
Week 4,01 Feb 2011,0.60813,0.61272

Week 1,08 Feb 2011,0.60850,0.61218
Week 2,15 Feb 2011,0.60948,0.61209
Week 3,22 Feb 2011,0.61102,0.61389
Week 4,01 Mar 2011,0.61185,0.61445

Week 1,08 Mar 2011,0.61177,0.61442
Week 2,15 Mar 2011,0.61229,0.61488
Week 3,22 Mar 2011,0.61423,0.61809
Week 4,29 Mar 2011,0.61573,0.61950

Week 1,05 Apr 2011,0.61728,0.62014
Week 2,12 Apr 2011,0.62004,0.62290
Week 3,19 Apr 2011,0.62465,0.62753
Week 4,26 Apr 2011,0.62569,0.62815

Week 1,03 May 2011,0.62923,0.63151
Week 2,10 May 2011,0.62822,0.63022
Week 3,17 May 2011,0.62619,0.63018
Week 4,24 May 2011,0.62786,0.62990

Week 1,31 May 2011,0.62910,0.63112
Week 2,07 Jun 2011,0.62920,0.63534
Week 3,14 Jun 2011,0.63066,0.63394
Week 4,21 Jun 2011,0.63266,0.63513

Week 1,28 Jun 2011,0.63345,0.63478
Week 2,05 Jul 2011,0.63373,0.63579
Week 3,12 Jul 2011,0.63632,0.63769
Week 4,19 Jul 2011,0.63867,0.64183

Week 1,26 Jul 2011,0.64101,0.64419
Week 2,02 Aug 2011,0.64156,0.64671
Week 3,09 Aug 2011,0.64709,0.65071
Week 4,16 Aug 2011,0.65076,0.65590

Week 1,23 Aug 2011,0.65353,0.65673
Week 2,30 Aug 2011,0.65625,0.65956
Week 3,06 Sep 2011,0.65652,0.65998
Week 4,13 Sep 2011,0.65660,0.66020

Week 1,20 Sep 2011,0.65486,0.65875
Week 2,27 Sep 2011,0.65735,0.66102
Week 3,04 Oct 2011,0.65857,0.66383
Week 4,11 Oct 2011,0.65581,0.66381

Week 1,18 Oct 2011,0.65912,0.66350
Week 2,25 Oct 2011,0.66378,0.66719
Week 3,01 Nov 2011,0.66660,0.67015
Week 4,08 Nov 2011,0.67062,0.67366

Week 1,15 Nov 2011,0.66901,0.67513
Week 2,22 Nov 2011,0.66599,0.67048
Week 3,29 Nov 2011,0.66989,0.67642
Week 4,06 Dec 2011,0.67260,0.67619

Week 1,13 Dec 2011,0.66824,0.67346
Week 2,20 Dec 2011,0.67223,0.67593
Week 3,27 Dec 2011,0.67441,0.67828
Week 4,03 Jan 2012,0.67907,0.68293

Week 1,10 Jan 2012,0.68138,0.68490
Week 2,17 Jan 2012,0.68296,0.68647
Week 3,24 Jan 2012,0.68614,0.68991
Week 4,31 Jan 2012,0.68647,0.68999

Week 1,07 Feb 2012,0.68800,0.69155
Week 2,14 Feb 2012,0.68870,0.69217
Week 3,21 Feb 2012,0.68929,0.69269
Week 4,28 Feb 2012,0.68787,0.69299

Week 1,06 Mar 2012,0.68514,0.68858
Week 2,13 Mar 2012,0.68532,0.68897
Week 3,20 Mar 2012,0.68624,0.69344
Week 4,27 Mar 2012,0.68967,0.69426

Week 1,03 Apr 2012,0.69177,0.69562
Week 2,10 Apr 2012,0.69200,0.69883
Week 3,17 Apr 2012,0.69461,0.69910
Week 4,24 Apr 2012,0.69724,0.70083

Week 1,01 May 2012,0.69766,0.70539
Week 2,08 May 2012,0.70088,0.70549
Week 3,15 May 2012,0.70134,0.70512
Week 4,22 May 2012,0.70162,0.70975

Week 1,29 May 2012,0.69768,0.70863
Week 2,05 Jun 2012,0.70193,0.71097
Week 3,12 Jun 2012,0.70484,0.71384
Week 4,19 Jun 2012,0.70944,0.71579

Week 1,26 Jun 2012,0.71182,0.71710
Week 2,03 Jul 2012,0.71476,0.72281
Week 3,10 Jul 2012,0.71405,0.72198
Week 4,17 Jul 2012,0.71999,0.72406

Week 1,24 Jul 2012,0.72026,0.72414
Week 2,31 Jul 2012,0.72171,0.72708
Week 3,07 Aug 2012,0.72526,0.72761
Week 4,14 Aug 2012,0.72639,0.72880

Week 1,21 Aug 2012,0.72560,0.73165
Week 2,28 Aug 2012,0.72878,0.73232
Week 3,04 Sep 2012,0.73125,0.73553
Week 4,11 Sep 2012,0.73290,0.73962

Week 1,18 Sep 2012,0.73681,0.74104
Week 2,25 Sep 2012,0.73900,0.74284
Week 3,02 Oct 2012,0.74156,0.74542
Week 4,09 Oct 2012,0.74393,0.74848

Week 1,16 Oct 2012,0.74849,0.75327
Week 2,23 Oct 2012,0.75237,0.75624
Week 3,30 Oct 2012,0.75517,0.76019
Week 4,06 Nov 2012,0.75572,0.76271

Week 1,13 Nov 2012,0.76098,0.76439
Week 2,20 Nov 2012,0.76182,0.76922
Week 3,27 Nov 2012,0.76672,0.77352
Week 4,04 Dec 2012,0.76965,0.77400

Week 1,11 Dec 2012,0.77031,0.77689
Week 2,18 Dec 2012,0.77558,0.77874
Week 3,25 Dec 2012,0.77541,0.77995
Week 4,01 Jan 2013,0.77890,0.78243

Week 1,08 Jan 2013,0.78352,0.78725
Week 2,15 Jan 2013,0.78852,0.79355
Week 3,22 Jan 2013,0.78751,0.79169
Week 4,29 Jan 2013,0.78880,0.79350

Week 1,05 Feb 2013,0.79124,0.79542
Week 2,12 Feb 2013,0.79330,0.79809
Week 3,19 Feb 2013,0.79511,0.80164
Week 4,26 Feb 2013,0.79899,0.80497

Week 1,05 Mar 2013,0.80377,0.80976
Week 2,12 Mar 2013,0.80899,0.81266
Week 3,19 Mar 2013,0.81132,0.81509
Week 4,26 Mar 2013,0.81259,0.81843

Week 1,02 Apr 2013,0.81345,0.82315
Week 2,09 Apr 2013,0.81757,0.82489
Week 3,16 Apr 2013,0.82360,0.82984
Week 4,23 Apr 2013,0.82876,0.83154

Week 1,30 Apr 2013,0.83237,0.83831
Week 2,07 May 2013,0.83825,0.84455
Week 3,14 May 2013,0.84251,0.84524
Week 4,21 May 2013,0.84633,0.85222

Week 1,28 May 2013,0.85025,0.85619
Week 2,04 Jun 2013,0.85390,0.86217
Week 3,11 Jun 2013,0.85985,0.86504
Week 4,18 Jun 2013,0.86291,0.86867

Week 1,25 Jun 2013,0.86495,0.87231
Week 2,02 Jul 2013,0.87114,0.87494
Week 3,09 Jul 2013,0.87300,0.87899
Week 4,16 Jul 2013,0.87650,0.88417

Week 1,23 Jul 2013,0.88192,0.88922
Week 2,30 Jul 2013,0.88858,0.89276
Week 3,06 Aug 2013,0.89415,0.90163
Week 4,13 Aug 2013,0.89954,0.90797

Week 1,20 Aug 2013,0.90536,0.91281
Week 2,27 Aug 2013,0.91442,0.91962
Week 3,03 Sep 2013,0.91769,0.92557
Week 4,10 Sep 2013,0.92560,0.93102

Week 1,17 Sep 2013,0.93343,0.93675
Week 2,24 Sep 2013,0.93677,0.94299
Week 3,01 Oct 2013,0.94328,0.94795
Week 4,08 Oct 2013,0.94721,0.95191

Week 1,15 Oct 2013,0.95156,0.95644
Week 2,22 Oct 2013,0.95412,0.96075
Week 3,29 Oct 2013,0.96110,0.96555
Week 4,05 Nov 2013,0.96804,0.97251

Week 1,12 Nov 2013,0.97237,0.97787
Week 2,19 Nov 2013,0.98580,0.98777
Week 3,26 Nov 2013,0.99477,0.99922
Week 4,03 Dec 2013,1.00949,1.01428

Week 1,10 Dec 2013,1.02269,1.02824
Week 2,17 Dec 2013,1.04024,1.04275
Week 3,24 Dec 2013,1.05258,1.05963
Week 4,31 Dec 2013,1.06773,1.07221

Week 1,07 Jan 2014,1.08072,1.08535
Week 2,14 Jan 2014,1.10392,1.10836
Week 3,21 Jan 2014,1.19696,1.20410
Week 4,28 Jan 2014,1.30957,1.31429

Week 1,04 Feb 2014,1.29429,1.30147
Week 2,11 Feb 2014,1.27734,1.28514
Week 3,18 Feb 2014,1.27265,1.27825
Week 4,25 Feb 2014,1.28107,1.28814

Week 1,04 Mar 2014,1.28405,1.28801
Week 2,11 Mar 2014,1.27940,1.28479
Week 3,18 Mar 2014,1.28634,1.29412
Week 4,25 Mar 2014,1.29410,1.30149

Week 1,01 Apr 2014,1.29235,1.30020
Week 2,08 Apr 2014,1.29359,1.30134
Week 3,15 Apr 2014,1.29321,1.30001
Week 4,22 Apr 2014,1.29413,1.29819

Week 1,29 Apr 2014,1.29640,1.29952
Week 2,06 May 2014,1.29828,1.30104
Week 3,13 May 2014,1.30053,1.30544
Week 4,20 May 2014,1.30513,1.30825

Week 1,27 May 2014,1.30589,1.30943
Week 2,03 Jun 2014,1.31421,1.31629
Week 3,10 Jun 2014,1.32089,1.32377
Week 4,17 Jun 2014,1.31830,1.32121

Week 1,24 Jun 2014,1.31876,1.32146
Week 2,01 Jul 2014,1.31730,1.31997
Week 3,08 Jul 2014,1.31873,1.32140
Week 4,15 Jul 2014,1.31682,1.32275

Week 1,22 Jul 2014,1.32346,1.32653
Week 2,29 Jul 2014,1.32891,1.33162
Week 3,05 Aug 2014,1.33964,1.34221
Week 4,12 Aug 2014,1.34273,1.34558

Week 1,19 Aug 2014,1.35256,1.35531
Week 2,26 Aug 2014,1.36143,1.36946
Week 3,02 Sep 2014,1.36042,1.36828
Week 4,09 Sep 2014,1.36128,1.36978

Week 1,16 Sep 2014,1.36276,1.37137
Week 2,23 Sep 2014,1.36858,1.37723
Week 3,30 Sep 2014,1.37254,1.38119
Week 4,07 Oct 2014,1.37682,1.38458

Week 1,14 Oct 2014,1.37889,1.38165
Week 2,21 Oct 2014,1.37745,1.38509
Week 3,28 Oct 2014,1.38213,1.39113
Week 4,04 Nov 2014,1.37864,1.38732

Week 1,11 Nov 2014,1.37788,1.38661
Week 2,18 Nov 2014,1.38535,1.38779
Week 3,25 Nov 2014,1.38501,1.39304
Week 4,02 Dec 2014,1.38915,1.39415

Week 1,09 Dec 2014,1.39335,1.39670
Week 2,16 Dec 2014,1.39233,1.39692
Week 3,23 Dec 2014,1.38996,1.39460
Week 4,30 Dec 2014,1.38389,1.39107

Week 1,06 Jan 2015,1.39584,1.40054
Week 2,13 Jan 2015,1.40114,1.40585
Week 3,20 Jan 2015,1.40132,1.40675
Week 4,27 Jan 2015,1.39858,1.40332

Week 1,03 Feb 2015,1.40360,1.40820
Week 2,10 Feb 2015,1.40910,1.41387
Week 3,17 Feb 2015,1.41074,1.41550
Week 4,24 Feb 2015,1.41273,1.41834

Week 1,03 Mar 2015,1.41701,1.42290
Week 2,10 Mar 2015,1.42144,1.42782
Week 3,17 Mar 2015,1.42953,1.43634
Week 4,24 Mar 2015,1.43330,1.44006

Week 1,31 Mar 2015,1.43439,1.44379
Week 2,07 Apr 2015,1.43912,1.44799
Week 3,14 Apr 2015,1.44836,1.45557
Week 4,21 Apr 2015,1.45117,1.45942

Week 1,28 Apr 2015,1.45529,1.46584
Week 2,05 May 2015,1.45806,1.46704
Week 3,12 May 2015,1.46247,1.47326
Week 4,19 May 2015,1.46525,1.47566

Week 1,26 May 2015,1.46751,1.47787
Week 2,02 Jun 2015,1.46981,1.48080
Week 3,09 Jun 2015,1.47243,1.48345
Week 4,16 Jun 2015,1.47864,1.48974

Week 1,23 Jun 2015,1.48167,1.49277
Week 2,30 Jun 2015,1.48535,1.49646
Week 3,07 Jul 2015,1.48756,1.49953
Week 4,14 Jul 2015,1.48915,1.50117

Week 1,21 Jul 2015,1.49655,1.50787
Week 2,28 Jul 2015,1.48632,1.49462
Week 3,04 Aug 2015,1.48037,1.48728
Week 4,11 Aug 2015,1.44914,1.45503

Week 1,18 Aug 2015,1.44522,1.45103
Week 2,25 Aug 2015,1.44710,1.45290
Week 3,01 Sep 2015,1.46104,1.46693
Week 4,08 Sep 2015,1.46252,1.46839

Week 1,15 Sep 2015,1.46940,1.47536
Week 2,22 Sep 2015,1.47142,1.47732
Week 3,29 Sep 2015,1.47947,1.48541
Week 4,06 Oct 2015,1.48207,1.48737

Week 1,13 Oct 2015,1.48928,1.49459
Week 2,20 Oct 2015,1.49308,1.49839
Week 3,27 Oct 2015,1.49734,1.50269
Week 4,03 Nov 2015,1.49586,1.50185

Week 1,10 Nov 2015,1.50395,1.50911
Week 2,17 Nov 2015,1.50638,1.51797
Week 3,24 Nov 2015,1.50647,1.51935
Week 4,01 Dec 2015,1.50838,1.52116

Week 1,08 Dec 2015,1.50787,1.51669
Week 2,15 Dec 2015,1.73459,1.73731
Week 3,22 Dec 2015,2.00343,2.01166
Week 4,29 Dec 2015,1.99522,2.00532

Week 1,05 Jan 2016,2.07230,2.08165
Week 2,12 Jan 2016,2.04282,2.05190
Week 3,19 Jan 2016,2.04341,2.05458
Week 4,26 Jan 2016,2.09852,2.10703

Week 1,02 Feb 2016,2.15567,2.15894
Week 2,09 Feb 2016,2.19766,2.20546
Week 3,16 Feb 2016,2.28387,2.28998
Week 4,23 Feb 2016,2.35040,2.35892

Week 1,01 Mar 2016,2.35959,2.36843
Week 2,08 Mar 2016,2.35142,2.36008
Week 3,15 Mar 2016,2.27257,2.27648
Week 4,22 Mar 2016,2.22745,2.23264

Week 1,29 Mar 2016,2.26229,2.26675
Week 2,05 Apr 2016,2.25279,2.25560
Week 3,12 Apr 2016,2.20940,2.21217
Week 4,19 Apr 2016,2.19628,2.19814

Week 1,26 Apr 2016,2.20039,2.20546
Week 2,03 May 2016,2.18980,2.19280
Week 3,10 May 2016,2.17669,2.17931
Week 4,17 May 2016,2.15813,2.16091

Week 1,24 May 2016,2.13223,2.13480
Week 2,31 May 2016,2.11740,2.11941
Week 3,07 Jun 2016,2.10534,2.10725
Week 4,14 Jun 2016,2.09475,2.10218

Week 1,21 Jun 2016,2.17671,2.17994
Week 2,28 Jun 2016,2.25337,2.26278
Week 3,05 Jul 2016,2.21312,2.22181
Week 4,12 Jul 2016,2.20035,2.20497

Week 1,19 Jul 2016,2.24443,2.24992
Week 2,26 Jul 2016,2.24663,2.25138
Week 3,02 Aug 2016,2.23724,2.24499
Week 4,09 Aug 2016,2.20792,2.21597

Week 1,16 Aug 2016,2.22521,2.23255
Week 2,23 Aug 2016,2.23111,2.23883
Week 3,30 Aug 2016,2.23822,2.24614
Week 4,06 Sep 2016,2.24896,2.25702

Week 1,13 Sep 2016,2.25059,2.25863
Week 2,20 Sep 2016,2.26660,2.27477
Week 3,27 Sep 2016,2.28619,2.29414
Week 4,04 Oct 2016,2.27257,2.28050

Week 1,11 Oct 2016,2.25196,2.25979
Week 2,18 Oct 2016,2.24622,2.25429
Week 3,25 Oct 2016,2.23212,2.24019
Week 4,01 Nov 2016,2.22759,2.23513

Week 1,08 Nov 2016,2.21959,2.22305
Week 2,15 Nov 2016,2.25458,2.25824
Week 3,22 Nov 2016,2.24045,2.24520
Week 4,29 Nov 2016,2.28764,2.28969

Week 1,06 Dec 2016,2.30115,2.30637
Week 2,13 Dec 2016,2.30070,2.30988
Week 3,20 Dec 2016,2.25975,2.26185
Week 4,27 Dec 2016,2.26577,2.27483

Week 1,03 Jan 2017,2.29505,2.29765
Week 2,10 Jan 2017,2.28603,2.29415
Week 3,17 Jan 2017,2.30556,2.31443
Week 4,24 Jan 2017,2.31328,2.31970

Week 1,31 Jan 2017,2.28780,2.29438
Week 2,07 Feb 2017,2.27296,2.27699
Week 3,14 Feb 2017,2.25154,2.25808
Week 4,21 Feb 2017,2.26287,2.27012

Week 1,28 Feb 2017,2.23898,2.24291
Week 2,07 Mar 2017,2.24565,2.24749
Week 3,14 Mar 2017,2.24697,2.25287
Week 4,21 Mar 2017,2.26222,2.27009

Week 1,28 Mar 2017,2.24506,2.24720
Week 2,04 Apr 2017,2.23057,2.23696
Week 3,11 Apr 2017,2.20559,2.20759
Week 4,18 Apr 2017,2.22773,2.23106

Week 1,25 Apr 2017,2.23692,2.24031
Week 2,02 May 2017,2.22375,2.22631
Week 3,09 May 2017,2.23213,2.24021
Week 4,16 May 2017,2.28282,2.28889

Week 1,23 May 2017,2.33612,2.33831
Week 2,30 May 2017,2.34925,2.35236
Week 3,06 Jun 2017,2.34513,2.35316
Week 4,13 Jun 2017,2.34435,2.34621

Week 1,20 Jun 2017,2.35980,2.36667
Week 2,27 Jun 2017,2.41004,2.41775
Week 3,04 Jul 2017,2.49332,2.49999
Week 4,11 Jul 2017,2.49160,2.49897

Week 1,18 Jul 2017,2.53930,2.54146
Week 2,25 Jul 2017,2.60665,2.60919
Week 3,01 Aug 2017,2.62269,2.62488
Week 4,08 Aug 2017,2.64214,2.64954

Week 1,15 Aug 2017,2.58353,2.59102
Week 2,22 Aug 2017,2.57900,2.58675
Week 3,29 Aug 2017,2.62939,2.63695
Week 4,05 Sep 2017,2.64682,2.64873

Week 1,12 Sep 2017,2.60376,2.61115
Week 2,19 Sep 2017,2.60793,2.61562
Week 3,26 Sep 2017,2.63398,2.64166
Week 4,03 Oct 2017,2.60810,2.61548

Week 1,10 Oct 2017,2.63928,2.64736
Week 2,17 Oct 2017,2.62632,2.63427
Week 3,24 Oct 2017,2.63869,2.64083
Week 4,31 Oct 2017,2.65713,2.65977

Week 1,07 Nov 2017,2.63972,2.64778
Week 2,14 Nov 2017,2.63364,2.64126
Week 3,21 Nov 2017,2.63558,2.63754
Week 4,28 Nov 2017,2.61909,2.62650

Week 1,05 Dec 2017,2.61208,2.61471


