CHI->MXN

Week 1,01 Dec 1998,1.20668,1.20874
Week 2,08 Dec 1998,1.20013,1.20169
Week 3,15 Dec 1998,1.18694,1.18801
Week 4,22 Dec 1998,1.18966,1.19101

Week 1,29 Dec 1998,1.19447,1.19582
Week 2,05 Jan 1999,1.18729,1.18855
Week 3,12 Jan 1999,1.24307,1.25097
Week 4,19 Jan 1999,1.23897,1.24146

Week 1,26 Jan 1999,1.22630,1.22827
Week 2,02 Feb 1999,1.21767,1.21900
Week 3,09 Feb 1999,1.20806,1.20939
Week 4,16 Feb 1999,1.19864,1.20038

Week 1,23 Feb 1999,1.19812,1.19947
Week 2,02 Mar 1999,1.19573,1.19699
Week 3,09 Mar 1999,1.17573,1.17703
Week 4,16 Mar 1999,1.16850,1.16999

Week 1,23 Mar 1999,1.16027,1.16193
Week 2,30 Mar 1999,1.14730,1.14975
Week 3,06 Apr 1999,1.14918,1.15107
Week 4,13 Apr 1999,1.14585,1.14761

Week 1,20 Apr 1999,1.12631,1.12765
Week 2,27 Apr 1999,1.12149,1.12268
Week 3,04 May 1999,1.12454,1.12597
Week 4,11 May 1999,1.12589,1.12730

Week 1,18 May 1999,1.12910,1.13050
Week 2,25 May 1999,1.16826,1.17039
Week 3,01 Jun 1999,1.16988,1.17139
Week 4,08 Jun 1999,1.16184,1.16356

Week 1,15 Jun 1999,1.13736,1.13896
Week 2,22 Jun 1999,1.14069,1.14183
Week 3,29 Jun 1999,1.13502,1.13621
Week 4,06 Jul 1999,1.12924,1.13080

Week 1,13 Jul 1999,1.12848,1.13083
Week 2,20 Jul 1999,1.13219,1.13389
Week 3,27 Jul 1999,1.13412,1.13572
Week 4,03 Aug 1999,1.14047,1.14168

Week 1,10 Aug 1999,1.13332,1.13457
Week 2,17 Aug 1999,1.12906,1.13031
Week 3,24 Aug 1999,1.12935,1.13063
Week 4,31 Aug 1999,1.13094,1.13217

Week 1,07 Sep 1999,1.12683,1.12815
Week 2,14 Sep 1999,1.12803,1.12934
Week 3,21 Sep 1999,1.12508,1.12636
Week 4,28 Sep 1999,1.13396,1.13521

Week 1,05 Oct 1999,1.14261,1.14383
Week 2,12 Oct 1999,1.14287,1.14408
Week 3,19 Oct 1999,1.16296,1.16429
Week 4,26 Oct 1999,1.16203,1.16300

Week 1,02 Nov 1999,1.14844,1.14950
Week 2,09 Nov 1999,1.13477,1.13598
Week 3,16 Nov 1999,1.12782,1.12903
Week 4,23 Nov 1999,1.13050,1.13240

Week 1,30 Nov 1999,1.12904,1.13511
Week 2,07 Dec 1999,1.14287,1.14415
Week 3,14 Dec 1999,1.12932,1.13053
Week 4,21 Dec 1999,1.13391,1.13511

Week 1,28 Dec 1999,1.14442,1.14712
Week 2,04 Jan 2000,1.14619,1.14752
Week 3,11 Jan 2000,1.14192,1.14403
Week 4,18 Jan 2000,1.13905,1.14082

Week 1,25 Jan 2000,1.15354,1.15525
Week 2,01 Feb 2000,1.14756,1.14895
Week 3,08 Feb 2000,1.13698,1.13857
Week 4,15 Feb 2000,1.13225,1.13403

Week 1,22 Feb 2000,1.13367,1.13525
Week 2,29 Feb 2000,1.12730,1.12871
Week 3,07 Mar 2000,1.12303,1.12432
Week 4,14 Mar 2000,1.12562,1.12714

Week 1,21 Mar 2000,1.11585,1.11727
Week 2,28 Mar 2000,1.11654,1.11777
Week 3,04 Apr 2000,1.12473,1.12600
Week 4,11 Apr 2000,1.13969,1.14112

Week 1,18 Apr 2000,1.13642,1.13792
Week 2,25 Apr 2000,1.13550,1.13695
Week 3,02 May 2000,1.13569,1.13710
Week 4,09 May 2000,1.15466,1.15600

Week 1,16 May 2000,1.15361,1.15480
Week 2,23 May 2000,1.15074,1.15218
Week 3,30 May 2000,1.14996,1.15107
Week 4,06 Jun 2000,1.18653,1.18911

Week 1,13 Jun 2000,1.18835,1.19037
Week 2,20 Jun 2000,1.19648,1.19817
Week 3,27 Jun 2000,1.19550,1.19865
Week 4,04 Jul 2000,1.14955,1.15142

Week 1,11 Jul 2000,1.13712,1.13882
Week 2,18 Jul 2000,1.13025,1.13163
Week 3,25 Jul 2000,1.12911,1.13289
Week 4,01 Aug 2000,1.12799,1.12970

Week 1,08 Aug 2000,1.12271,1.12388
Week 2,15 Aug 2000,1.11619,1.11762
Week 3,22 Aug 2000,1.11513,1.11618
Week 4,29 Aug 2000,1.11282,1.11385

Week 1,05 Sep 2000,1.12190,1.12311
Week 2,12 Sep 2000,1.12627,1.12725
Week 3,19 Sep 2000,1.13745,1.13859
Week 4,26 Sep 2000,1.13905,1.14023

Week 1,03 Oct 2000,1.14016,1.14180
Week 2,10 Oct 2000,1.14783,1.14885
Week 3,17 Oct 2000,1.15312,1.15393
Week 4,24 Oct 2000,1.16145,1.16317

Week 1,31 Oct 2000,1.16051,1.16182
Week 2,07 Nov 2000,1.16070,1.16224
Week 3,14 Nov 2000,1.14431,1.14610
Week 4,21 Nov 2000,1.13445,1.13582

Week 1,28 Nov 2000,1.13515,1.13697
Week 2,05 Dec 2000,1.13703,1.13914
Week 3,12 Dec 2000,1.13819,1.13953
Week 4,19 Dec 2000,1.14964,1.15189

Week 1,26 Dec 2000,1.15941,1.16135
Week 2,02 Jan 2001,1.17467,1.17626
Week 3,09 Jan 2001,1.18717,1.18870
Week 4,16 Jan 2001,1.18894,1.19024

Week 1,23 Jan 2001,1.17075,1.17193
Week 2,30 Jan 2001,1.17399,1.17563
Week 3,06 Feb 2001,1.17343,1.17493
Week 4,13 Feb 2001,1.17104,1.17280

Week 1,20 Feb 2001,1.17073,1.17232
Week 2,27 Feb 2001,1.16787,1.16916
Week 3,06 Mar 2001,1.16482,1.16606
Week 4,13 Mar 2001,1.15866,1.15997

Week 1,20 Mar 2001,1.15339,1.15480
Week 2,27 Mar 2001,1.14677,1.14788
Week 3,03 Apr 2001,1.13557,1.13720
Week 4,10 Apr 2001,1.12278,1.12434

Week 1,17 Apr 2001,1.12541,1.12660
Week 2,24 Apr 2001,1.12190,1.12340
Week 3,01 May 2001,1.11829,1.12011
Week 4,08 May 2001,1.11145,1.11282

Week 1,15 May 2001,1.09619,1.09804
Week 2,22 May 2001,1.09374,1.09524
Week 3,29 May 2001,1.10423,1.10624
Week 4,05 Jun 2001,1.09816,1.09976

Week 1,12 Jun 2001,1.09277,1.09482
Week 2,19 Jun 2001,1.09352,1.09522
Week 3,26 Jun 2001,1.09155,1.09377
Week 4,03 Jul 2001,1.09731,1.09870

Week 1,10 Jul 2001,1.11904,1.12126
Week 2,17 Jul 2001,1.10868,1.11112
Week 3,24 Jul 2001,1.10512,1.10692
Week 4,31 Jul 2001,1.10748,1.10923

Week 1,07 Aug 2001,1.09876,1.10078
Week 2,14 Aug 2001,1.09933,1.10107
Week 3,21 Aug 2001,1.09980,1.10188
Week 4,28 Aug 2001,1.10767,1.10939

Week 1,04 Sep 2001,1.12154,1.12304
Week 2,11 Sep 2001,1.14983,1.15121
Week 3,18 Sep 2001,1.13871,1.14102
Week 4,25 Sep 2001,1.14288,1.14763

Week 1,02 Oct 2001,1.15061,1.15736
Week 2,09 Oct 2001,1.13168,1.13914
Week 3,16 Oct 2001,1.11020,1.11737
Week 4,23 Oct 2001,1.11488,1.12130

Week 1,30 Oct 2001,1.11686,1.12328
Week 2,06 Nov 2001,1.11011,1.11833
Week 3,13 Nov 2001,1.11217,1.11815
Week 4,20 Nov 2001,1.10405,1.10961

Week 1,27 Nov 2001,1.11447,1.12086
Week 2,04 Dec 2001,1.11162,1.11816
Week 3,11 Dec 2001,1.09888,1.10598
Week 4,18 Dec 2001,1.09982,1.10580

Week 1,25 Dec 2001,1.10013,1.10688
Week 2,01 Jan 2002,1.09953,1.10707
Week 3,08 Jan 2002,1.11012,1.11676
Week 4,15 Jan 2002,1.10324,1.11058

Week 1,22 Jan 2002,1.10048,1.10712
Week 2,29 Jan 2002,1.10364,1.10893
Week 3,05 Feb 2002,1.10026,1.10696
Week 4,12 Feb 2002,1.09200,1.09873

Week 1,19 Feb 2002,1.09513,1.10125
Week 2,26 Feb 2002,1.09586,1.10200
Week 3,05 Mar 2002,1.09306,1.09946
Week 4,12 Mar 2002,1.09529,1.10165

Week 1,19 Mar 2002,1.09084,1.09767
Week 2,26 Mar 2002,1.08588,1.09429
Week 3,02 Apr 2002,1.08733,1.09348
Week 4,09 Apr 2002,1.09135,1.10004

Week 1,16 Apr 2002,1.11195,1.12132
Week 2,23 Apr 2002,1.12158,1.12811
Week 3,30 Apr 2002,1.13806,1.14472
Week 4,07 May 2002,1.14288,1.15031

Week 1,14 May 2002,1.14306,1.14964
Week 2,21 May 2002,1.14882,1.15473
Week 3,28 May 2002,1.16216,1.16825
Week 4,04 Jun 2002,1.17260,1.17916

Week 1,11 Jun 2002,1.16479,1.17218
Week 2,18 Jun 2002,1.18284,1.18990
Week 3,25 Jun 2002,1.19625,1.20290
Week 4,02 Jul 2002,1.19704,1.20399

Week 1,09 Jul 2002,1.17869,1.18551
Week 2,16 Jul 2002,1.16758,1.17507
Week 3,23 Jul 2002,1.16844,1.17507
Week 4,30 Jul 2002,1.18034,1.18769

Week 1,06 Aug 2002,1.17530,1.18181
Week 2,13 Aug 2002,1.19021,1.19721
Week 3,20 Aug 2002,1.18220,1.18934
Week 4,27 Aug 2002,1.19461,1.20142

Week 1,03 Sep 2002,1.20246,1.20996
Week 2,10 Sep 2002,1.20172,1.20687
Week 3,17 Sep 2002,1.22065,1.22902
Week 4,24 Sep 2002,1.23033,1.23652

Week 1,01 Oct 2002,1.22532,1.23061
Week 2,08 Oct 2002,1.22334,1.23140
Week 3,15 Oct 2002,1.20880,1.21549
Week 4,22 Oct 2002,1.19310,1.20129

Week 1,29 Oct 2002,1.22559,1.23237
Week 2,05 Nov 2002,1.23660,1.24285
Week 3,12 Nov 2002,1.23578,1.24248
Week 4,19 Nov 2002,1.22057,1.22676

Week 1,26 Nov 2002,1.22421,1.23035
Week 2,03 Dec 2002,1.23009,1.23726
Week 3,10 Dec 2002,1.22800,1.23590
Week 4,17 Dec 2002,1.22879,1.23618

Week 1,24 Dec 2002,1.23491,1.24082
Week 2,31 Dec 2002,1.25133,1.25748
Week 3,07 Jan 2003,1.25783,1.26526
Week 4,14 Jan 2003,1.26997,1.27769

Week 1,21 Jan 2003,1.30218,1.31150
Week 2,28 Jan 2003,1.31526,1.32312
Week 3,04 Feb 2003,1.31793,1.32690
Week 4,11 Feb 2003,1.31650,1.32373

Week 1,18 Feb 2003,1.31273,1.31983
Week 2,25 Feb 2003,1.32952,1.33597
Week 3,04 Mar 2003,1.34296,1.34887
Week 4,11 Mar 2003,1.31177,1.31970

Week 1,18 Mar 2003,1.30122,1.30760
Week 2,25 Mar 2003,1.29035,1.29767
Week 3,01 Apr 2003,1.28879,1.29595
Week 4,08 Apr 2003,1.28892,1.29613

Week 1,15 Apr 2003,1.27363,1.28090
Week 2,22 Apr 2003,1.26052,1.26782
Week 3,29 Apr 2003,1.23528,1.24254
Week 4,06 May 2003,1.22657,1.23306

Week 1,13 May 2003,1.23883,1.24513
Week 2,20 May 2003,1.23695,1.24246
Week 3,27 May 2003,1.24496,1.25070
Week 4,03 Jun 2003,1.27110,1.27634

Week 1,10 Jun 2003,1.27643,1.28288
Week 2,17 Jun 2003,1.26685,1.27375
Week 3,24 Jun 2003,1.25916,1.26587
Week 4,01 Jul 2003,1.25787,1.26498

Week 1,08 Jul 2003,1.26015,1.26595
Week 2,15 Jul 2003,1.25154,1.25802
Week 3,22 Jul 2003,1.26416,1.27135
Week 4,29 Jul 2003,1.27006,1.27692

Week 1,05 Aug 2003,1.28884,1.29451
Week 2,12 Aug 2003,1.29204,1.30058
Week 3,19 Aug 2003,1.30600,1.31326
Week 4,26 Aug 2003,1.32544,1.33248

Week 1,02 Sep 2003,1.31704,1.32399
Week 2,09 Sep 2003,1.32374,1.33064
Week 3,16 Sep 2003,1.31370,1.32061
Week 4,23 Sep 2003,1.31448,1.31963

Week 1,30 Sep 2003,1.34123,1.34725
Week 2,07 Oct 2003,1.35287,1.36003
Week 3,14 Oct 2003,1.35317,1.35982
Week 4,21 Oct 2003,1.34545,1.35123

Week 1,28 Oct 2003,1.33254,1.33827
Week 2,04 Nov 2003,1.32361,1.33084
Week 3,11 Nov 2003,1.33714,1.34273
Week 4,18 Nov 2003,1.34934,1.35634

Week 1,25 Nov 2003,1.36738,1.37542
Week 2,02 Dec 2003,1.35653,1.36257
Week 3,09 Dec 2003,1.35279,1.35847
Week 4,16 Dec 2003,1.35589,1.36212

Week 1,23 Dec 2003,1.35696,1.36154
Week 2,30 Dec 2003,1.34546,1.35107
Week 3,06 Jan 2004,1.31063,1.31791
Week 4,13 Jan 2004,1.30614,1.31314

Week 1,20 Jan 2004,1.31624,1.32203
Week 2,27 Jan 2004,1.33010,1.33852
Week 3,03 Feb 2004,1.33896,1.34683
Week 4,10 Feb 2004,1.32703,1.33406

Week 1,17 Feb 2004,1.31871,1.32629
Week 2,24 Feb 2004,1.33331,1.34015
Week 3,02 Mar 2004,1.32063,1.32756
Week 4,09 Mar 2004,1.32067,1.32668

Week 1,16 Mar 2004,1.32374,1.33030
Week 2,23 Mar 2004,1.33231,1.33931
Week 3,30 Mar 2004,1.34609,1.35463
Week 4,06 Apr 2004,1.34855,1.35580

Week 1,13 Apr 2004,1.35742,1.36428
Week 2,20 Apr 2004,1.36347,1.37177
Week 3,27 Apr 2004,1.37003,1.37901
Week 4,04 May 2004,1.38577,1.39225

Week 1,11 May 2004,1.39998,1.40741
Week 2,18 May 2004,1.39240,1.40100
Week 3,25 May 2004,1.37783,1.38682
Week 4,01 Jun 2004,1.37823,1.38628

Week 1,08 Jun 2004,1.36899,1.37643
Week 2,15 Jun 2004,1.36954,1.37757
Week 3,22 Jun 2004,1.36584,1.37340
Week 4,29 Jun 2004,1.38237,1.39188

Week 1,06 Jul 2004,1.38414,1.39360
Week 2,13 Jul 2004,1.37849,1.38909
Week 3,20 Jul 2004,1.37738,1.38613
Week 4,27 Jul 2004,1.37885,1.38773

Week 1,03 Aug 2004,1.37262,1.38640
Week 2,10 Aug 2004,1.37315,1.38265
Week 3,17 Aug 2004,1.36613,1.37500
Week 4,24 Aug 2004,1.37082,1.38031

Week 1,31 Aug 2004,1.38170,1.39049
Week 2,07 Sep 2004,1.39484,1.40523
Week 3,14 Sep 2004,1.38508,1.39629
Week 4,21 Sep 2004,1.37523,1.38473

Week 1,28 Sep 2004,1.37113,1.37937
Week 2,05 Oct 2004,1.35580,1.36780
Week 3,12 Oct 2004,1.36659,1.37741
Week 4,19 Oct 2004,1.38235,1.39135

Week 1,26 Oct 2004,1.38970,1.39831
Week 2,02 Nov 2004,1.37335,1.38284
Week 3,09 Nov 2004,1.37182,1.38130
Week 4,16 Nov 2004,1.36806,1.37766

Week 1,23 Nov 2004,1.35871,1.36902
Week 2,30 Nov 2004,1.34375,1.35305
Week 3,07 Dec 2004,1.35723,1.36610
Week 4,14 Dec 2004,1.35230,1.36090

Week 1,21 Dec 2004,1.34146,1.35043
Week 2,28 Dec 2004,1.34603,1.35455
Week 3,04 Jan 2005,1.36272,1.37054
Week 4,11 Jan 2005,1.35160,1.35839

Week 1,18 Jan 2005,1.35408,1.36296
Week 2,25 Jan 2005,1.35725,1.36425
Week 3,01 Feb 2005,1.34384,1.35269
Week 4,08 Feb 2005,1.34482,1.35321

Week 1,15 Feb 2005,1.34065,1.34749
Week 2,22 Feb 2005,1.33623,1.34356
Week 3,01 Mar 2005,1.33408,1.34206
Week 4,08 Mar 2005,1.32989,1.33668

Week 1,15 Mar 2005,1.34877,1.35516
Week 2,22 Mar 2005,1.35791,1.36396
Week 3,29 Mar 2005,1.35182,1.35832
Week 4,05 Apr 2005,1.34754,1.35336

Week 1,12 Apr 2005,1.33810,1.34438
Week 2,19 Apr 2005,1.33446,1.33950
Week 3,26 Apr 2005,1.33489,1.34063
Week 4,03 May 2005,1.32205,1.32867

Week 1,10 May 2005,1.32643,1.33447
Week 2,17 May 2005,1.32263,1.32893
Week 3,24 May 2005,1.31712,1.32293
Week 4,31 May 2005,1.30853,1.31317

Week 1,07 Jun 2005,1.31050,1.31571
Week 2,14 Jun 2005,1.30246,1.30990
Week 3,21 Jun 2005,1.29889,1.30489
Week 4,28 Jun 2005,1.29646,1.30226

Week 1,05 Jul 2005,1.29700,1.30290
Week 2,12 Jul 2005,1.28464,1.28935
Week 3,19 Jul 2005,1.29094,1.29907
Week 4,26 Jul 2005,1.30998,1.31489

Week 1,02 Aug 2005,1.30508,1.30980
Week 2,09 Aug 2005,1.30875,1.31414
Week 3,16 Aug 2005,1.31674,1.32222
Week 4,23 Aug 2005,1.33463,1.33890

Week 1,30 Aug 2005,1.32424,1.32894
Week 2,06 Sep 2005,1.31767,1.32652
Week 3,13 Sep 2005,1.33141,1.33878
Week 4,20 Sep 2005,1.33636,1.34193

Week 1,27 Sep 2005,1.33292,1.34004
Week 2,04 Oct 2005,1.32735,1.33334
Week 3,11 Oct 2005,1.34225,1.34838
Week 4,18 Oct 2005,1.34003,1.34642

Week 1,25 Oct 2005,1.34005,1.34561
Week 2,01 Nov 2005,1.32802,1.33299
Week 3,08 Nov 2005,1.32073,1.32497
Week 4,15 Nov 2005,1.31659,1.32181

Week 1,22 Nov 2005,1.31199,1.31604
Week 2,29 Nov 2005,1.30399,1.30836
Week 3,06 Dec 2005,1.29716,1.30211
Week 4,13 Dec 2005,1.32110,1.32614

Week 1,20 Dec 2005,1.32208,1.32717
Week 2,27 Dec 2005,1.32250,1.32734
Week 3,03 Jan 2006,1.31175,1.31666
Week 4,10 Jan 2006,1.30876,1.31365

Week 1,17 Jan 2006,1.30618,1.31093
Week 2,24 Jan 2006,1.29923,1.30312
Week 3,31 Jan 2006,1.29663,1.30042
Week 4,07 Feb 2006,1.30147,1.30607

Week 1,14 Feb 2006,1.30140,1.30553
Week 2,21 Feb 2006,1.29934,1.30345
Week 3,28 Feb 2006,1.30614,1.31038
Week 4,07 Mar 2006,1.32656,1.32973

Week 1,14 Mar 2006,1.32651,1.33121
Week 2,21 Mar 2006,1.34732,1.35235
Week 3,28 Mar 2006,1.35904,1.36511
Week 4,04 Apr 2006,1.37165,1.37728

Week 1,11 Apr 2006,1.38037,1.38708
Week 2,18 Apr 2006,1.37273,1.37852
Week 3,25 Apr 2006,1.38107,1.38710
Week 4,02 May 2006,1.36906,1.37553

Week 1,09 May 2006,1.36668,1.37268
Week 2,16 May 2006,1.38828,1.39479
Week 3,23 May 2006,1.39231,1.39908
Week 4,30 May 2006,1.39998,1.40688

Week 1,06 Jun 2006,1.41435,1.41900
Week 2,13 Jun 2006,1.42442,1.43122
Week 3,20 Jun 2006,1.42564,1.43261
Week 4,27 Jun 2006,1.42024,1.42722

Week 1,04 Jul 2006,1.38534,1.39215
Week 2,11 Jul 2006,1.37354,1.38025
Week 3,18 Jul 2006,1.36610,1.37255
Week 4,25 Jul 2006,1.36272,1.36990

Week 1,01 Aug 2006,1.36864,1.37515
Week 2,08 Aug 2006,1.35753,1.36424
Week 3,15 Aug 2006,1.34992,1.35656
Week 4,22 Aug 2006,1.36349,1.37014

Week 1,29 Aug 2006,1.36541,1.37202
Week 2,05 Sep 2006,1.37495,1.38185
Week 3,12 Sep 2006,1.37914,1.38604
Week 4,19 Sep 2006,1.38325,1.39012

Week 1,26 Sep 2006,1.39023,1.39713
Week 2,03 Oct 2006,1.39148,1.39810
Week 3,10 Oct 2006,1.38331,1.39019
Week 4,17 Oct 2006,1.36730,1.37410

Week 1,24 Oct 2006,1.36184,1.36872
Week 2,31 Oct 2006,1.36749,1.37432
Week 3,07 Nov 2006,1.37706,1.38391
Week 4,14 Nov 2006,1.38148,1.38813

Week 1,21 Nov 2006,1.39400,1.40010
Week 2,28 Nov 2006,1.40390,1.40994
Week 3,05 Dec 2006,1.38713,1.39312
Week 4,12 Dec 2006,1.37803,1.38409

Week 1,19 Dec 2006,1.38368,1.38944
Week 2,26 Dec 2006,1.38599,1.39249
Week 3,02 Jan 2007,1.38662,1.39305
Week 4,09 Jan 2007,1.40366,1.40955

Week 1,16 Jan 2007,1.40163,1.40752
Week 2,23 Jan 2007,1.40923,1.41510
Week 3,30 Jan 2007,1.41422,1.42010
Week 4,06 Feb 2007,1.41074,1.41667

Week 1,13 Feb 2007,1.41317,1.41889
Week 2,20 Feb 2007,1.41777,1.42369
Week 3,27 Feb 2007,1.43845,1.44338
Week 4,06 Mar 2007,1.43810,1.44412

Week 1,13 Mar 2007,1.43946,1.44552
Week 2,20 Mar 2007,1.42765,1.43369
Week 3,27 Mar 2007,1.42516,1.43114
Week 4,03 Apr 2007,1.41961,1.42565

Week 1,10 Apr 2007,1.42055,1.42698
Week 2,17 Apr 2007,1.42045,1.42644
Week 3,24 Apr 2007,1.41477,1.42073
Week 4,01 May 2007,1.41361,1.41959

Week 1,08 May 2007,1.40504,1.41102
Week 2,15 May 2007,1.40395,1.40993
Week 3,22 May 2007,1.40733,1.41333
Week 4,29 May 2007,1.40370,1.40972

Week 1,05 Jun 2007,1.41619,1.42222
Week 2,12 Jun 2007,1.42199,1.42804
Week 3,19 Jun 2007,1.41433,1.42034
Week 4,26 Jun 2007,1.41853,1.42460

Week 1,03 Jul 2007,1.41474,1.42085
Week 2,10 Jul 2007,1.42002,1.42612
Week 3,17 Jul 2007,1.42004,1.42600
Week 4,24 Jul 2007,1.43807,1.44422

Week 1,31 Jul 2007,1.44661,1.45279
Week 2,07 Aug 2007,1.44765,1.45375
Week 3,14 Aug 2007,1.46008,1.46617
Week 4,21 Aug 2007,1.45624,1.46230

Week 1,28 Aug 2007,1.46210,1.46835
Week 2,04 Sep 2007,1.46550,1.47174
Week 3,11 Sep 2007,1.47499,1.48129
Week 4,18 Sep 2007,1.46363,1.46990

Week 1,25 Sep 2007,1.45277,1.45901
Week 2,02 Oct 2007,1.44721,1.45345
Week 3,09 Oct 2007,1.43897,1.44517
Week 4,16 Oct 2007,1.43647,1.44267

Week 1,23 Oct 2007,1.43774,1.44395
Week 2,30 Oct 2007,1.43112,1.43626
Week 3,06 Nov 2007,1.44954,1.45584
Week 4,13 Nov 2007,1.46724,1.47359

Week 1,20 Nov 2007,1.47778,1.48412
Week 2,27 Nov 2007,1.47706,1.48366
Week 3,04 Dec 2007,1.46380,1.47017
Week 4,11 Dec 2007,1.46517,1.47156

Week 1,18 Dec 2007,1.46670,1.47343
Week 2,25 Dec 2007,1.47627,1.48438
Week 3,01 Jan 2008,1.49381,1.50148
Week 4,08 Jan 2008,1.50113,1.50773

Week 1,15 Jan 2008,1.50496,1.51158
Week 2,22 Jan 2008,1.50843,1.51510
Week 3,29 Jan 2008,1.50462,1.51126
Week 4,05 Feb 2008,1.49812,1.50476

Week 1,12 Feb 2008,1.49355,1.50019
Week 2,19 Feb 2008,1.50351,1.51023
Week 3,26 Feb 2008,1.50116,1.50787
Week 4,04 Mar 2008,1.51057,1.51733

Week 1,11 Mar 2008,1.51641,1.52324
Week 2,18 Mar 2008,1.51568,1.52314
Week 3,25 Mar 2008,1.51882,1.52604
Week 4,01 Apr 2008,1.50582,1.51281

Week 1,08 Apr 2008,1.50334,1.50993
Week 2,15 Apr 2008,1.49484,1.50172
Week 3,22 Apr 2008,1.49369,1.50051
Week 4,29 Apr 2008,1.49622,1.50307

Week 1,06 May 2008,1.50328,1.51027
Week 2,13 May 2008,1.49265,1.49947
Week 3,20 May 2008,1.48982,1.49687
Week 4,27 May 2008,1.48744,1.49446

Week 1,03 Jun 2008,1.48710,1.49381
Week 2,10 Jun 2008,1.49840,1.50547
Week 3,17 Jun 2008,1.49306,1.50005
Week 4,24 Jun 2008,1.49574,1.50268

Week 1,01 Jul 2008,1.50477,1.51254
Week 2,08 Jul 2008,1.50221,1.50920
Week 3,15 Jul 2008,1.49777,1.50476
Week 4,22 Jul 2008,1.47435,1.48138

Week 1,29 Jul 2008,1.46005,1.46686
Week 2,05 Aug 2008,1.45697,1.46361
Week 3,12 Aug 2008,1.47843,1.48510
Week 4,19 Aug 2008,1.47822,1.48438

Week 1,26 Aug 2008,1.48898,1.49585
Week 2,02 Sep 2008,1.51954,1.52654
Week 3,09 Sep 2008,1.54013,1.54723
Week 4,16 Sep 2008,1.56094,1.57163

Week 1,23 Sep 2008,1.56741,1.57731
Week 2,30 Sep 2008,1.61344,1.62162
Week 3,07 Oct 2008,1.83135,1.84141
Week 4,14 Oct 2008,1.85545,1.87252

Week 1,21 Oct 2008,1.94671,1.97214
Week 2,28 Oct 2008,1.88562,1.91418
Week 3,04 Nov 2008,1.86330,1.88413
Week 4,11 Nov 2008,1.89077,1.90705

Week 1,18 Nov 2008,1.96347,1.97663
Week 2,25 Nov 2008,1.95207,1.96698
Week 3,02 Dec 2008,1.96964,1.98683
Week 4,09 Dec 2008,1.96118,1.97334

Week 1,16 Dec 2008,1.92019,1.94214
Week 2,23 Dec 2008,1.93198,1.95218
Week 3,30 Dec 2008,1.99033,2.02167
Week 4,06 Jan 2009,1.97713,1.99073

Week 1,13 Jan 2009,2.02673,2.03869
Week 2,20 Jan 2009,2.03613,2.04833
Week 3,27 Jan 2009,2.06731,2.08014
Week 4,03 Feb 2009,2.09485,2.10740

Week 1,10 Feb 2009,2.10374,2.11557
Week 2,17 Feb 2009,2.14075,2.15443
Week 3,24 Feb 2009,2.18958,2.19913
Week 4,03 Mar 2009,2.22790,2.23795

Week 1,10 Mar 2009,2.18074,2.19119
Week 2,17 Mar 2009,2.06867,2.07986
Week 3,24 Mar 2009,2.08353,2.09560
Week 4,31 Mar 2009,2.03005,2.04051

Week 1,07 Apr 2009,1.94582,1.95638
Week 2,14 Apr 2009,1.91464,1.92488
Week 3,21 Apr 2009,1.93434,1.94351
Week 4,28 Apr 2009,2.01763,2.02858

Week 1,05 May 2009,1.93044,1.94060
Week 2,12 May 2009,1.93439,1.94508
Week 3,19 May 2009,1.91437,1.92405
Week 4,26 May 2009,1.92458,1.93453

Week 1,02 Jun 2009,1.93414,1.94446
Week 2,09 Jun 2009,1.96285,1.97365
Week 3,16 Jun 2009,1.95513,1.96557
Week 4,23 Jun 2009,1.93710,1.94776

Week 1,30 Jun 2009,1.92668,1.93738
Week 2,07 Jul 2009,1.97122,1.98092
Week 3,14 Jul 2009,1.97884,1.98897
Week 4,21 Jul 2009,1.93410,1.94428

Week 1,28 Jul 2009,1.93084,1.94089
Week 2,04 Aug 2009,1.90503,1.91567
Week 3,11 Aug 2009,1.88523,1.89403
Week 4,18 Aug 2009,1.88223,1.89181

Week 1,25 Aug 2009,1.91314,1.92252
Week 2,01 Sep 2009,1.96447,1.97517
Week 3,08 Sep 2009,1.95321,1.96333
Week 4,15 Sep 2009,1.94166,1.95009

Week 1,22 Sep 2009,1.96336,1.97286
Week 2,29 Sep 2009,1.98774,1.99678
Week 3,06 Oct 2009,1.95985,1.96978
Week 4,13 Oct 2009,1.91919,1.92904

Week 1,20 Oct 2009,1.90188,1.91109
Week 2,27 Oct 2009,1.92873,1.93765
Week 3,03 Nov 2009,1.94560,1.95367
Week 4,10 Nov 2009,1.92557,1.93370

Week 1,17 Nov 2009,1.90587,1.91488
Week 2,24 Nov 2009,1.89147,1.90051
Week 3,01 Dec 2009,1.86358,1.87215
Week 4,08 Dec 2009,1.87716,1.88585

Week 1,15 Dec 2009,1.87123,1.88106
Week 2,22 Dec 2009,1.88273,1.89246
Week 3,29 Dec 2009,1.90575,1.91303
Week 4,05 Jan 2010,1.86968,1.87760

Week 1,12 Jan 2010,1.85833,1.86635
Week 2,19 Jan 2010,1.87293,1.88163
Week 3,26 Jan 2010,1.89717,1.90587
Week 4,02 Feb 2010,1.90504,1.91379

Week 1,09 Feb 2010,1.90491,1.91279
Week 2,16 Feb 2010,1.87841,1.88574
Week 3,23 Feb 2010,1.87295,1.88057
Week 4,02 Mar 2010,1.85525,1.86328

Week 1,09 Mar 2010,1.84127,1.84835
Week 2,16 Mar 2010,1.83273,1.84070
Week 3,23 Mar 2010,1.83193,1.83984
Week 4,30 Mar 2010,1.80584,1.81324

Week 1,06 Apr 2010,1.78887,1.79511
Week 2,13 Apr 2010,1.78861,1.79585
Week 3,20 Apr 2010,1.78700,1.79245
Week 4,27 Apr 2010,1.79345,1.80116

Week 1,04 May 2010,1.85394,1.86215
Week 2,11 May 2010,1.82807,1.83610
Week 3,18 May 2010,1.88224,1.88997
Week 4,25 May 2010,1.89722,1.90425

Week 1,01 Jun 2010,1.88458,1.89306
Week 2,08 Jun 2010,1.86790,1.87606
Week 3,15 Jun 2010,1.83880,1.84604
Week 4,22 Jun 2010,1.85137,1.85949

Week 1,29 Jun 2010,1.90309,1.91148
Week 2,06 Jul 2010,1.89660,1.90488
Week 3,13 Jul 2010,1.88795,1.89607
Week 4,20 Jul 2010,1.88395,1.89137

Week 1,27 Jul 2010,1.86648,1.87397
Week 2,03 Aug 2010,1.85826,1.86623
Week 3,10 Aug 2010,1.86939,1.87751
Week 4,17 Aug 2010,1.86493,1.87293

Week 1,24 Aug 2010,1.90423,1.91236
Week 2,31 Aug 2010,1.91283,1.92019
Week 3,07 Sep 2010,1.90957,1.91713
Week 4,14 Sep 2010,1.89907,1.90748

Week 1,21 Sep 2010,1.88243,1.88979
Week 2,28 Sep 2010,1.86854,1.87588
Week 3,05 Oct 2010,1.86532,1.87267
Week 4,12 Oct 2010,1.86200,1.87015

Week 1,19 Oct 2010,1.86052,1.86792
Week 2,26 Oct 2010,1.85096,1.85854
Week 3,02 Nov 2010,1.83385,1.84337
Week 4,09 Nov 2010,1.84333,1.85292

Week 1,16 Nov 2010,1.85000,1.85956
Week 2,23 Nov 2010,1.85924,1.86878
Week 3,30 Nov 2010,1.85653,1.86579
Week 4,07 Dec 2010,1.86382,1.87269

Week 1,14 Dec 2010,1.85934,1.86887
Week 2,21 Dec 2010,1.85503,1.86411
Week 3,28 Dec 2010,1.86586,1.87449
Week 4,04 Jan 2011,1.84679,1.85571

Week 1,11 Jan 2011,1.83064,1.83866
Week 2,18 Jan 2011,1.82535,1.83408
Week 3,25 Jan 2011,1.83366,1.84249
Week 4,01 Feb 2011,1.82765,1.83722

Week 1,08 Feb 2011,1.82434,1.83500
Week 2,15 Feb 2011,1.82626,1.83493
Week 3,22 Feb 2011,1.83861,1.84818
Week 4,01 Mar 2011,1.83112,1.83925

Week 1,08 Mar 2011,1.81795,1.82689
Week 2,15 Mar 2011,1.82636,1.83532
Week 3,22 Mar 2011,1.82266,1.83220
Week 4,29 Mar 2011,1.81150,1.82089

Week 1,05 Apr 2011,1.79762,1.80630
Week 2,12 Apr 2011,1.79163,1.80110
Week 3,19 Apr 2011,1.78300,1.79259
Week 4,26 Apr 2011,1.77183,1.78023

Week 1,03 May 2011,1.78386,1.79173
Week 2,10 May 2011,1.79131,1.79753
Week 3,17 May 2011,1.79318,1.80246
Week 4,24 May 2011,1.79232,1.79918

Week 1,31 May 2011,1.79159,1.79859
Week 2,07 Jun 2011,1.81810,1.82631
Week 3,14 Jun 2011,1.83211,1.84013
Week 4,21 Jun 2011,1.82951,1.83813

Week 1,28 Jun 2011,1.81315,1.81840
Week 2,05 Jul 2011,1.79207,1.79922
Week 3,12 Jul 2011,1.81534,1.82022
Week 4,19 Jul 2011,1.80382,1.81380

Week 1,26 Jul 2011,1.81062,1.82086
Week 2,02 Aug 2011,1.84247,1.85361
Week 3,09 Aug 2011,1.91559,1.92697
Week 4,16 Aug 2011,1.91860,1.92931

Week 1,23 Aug 2011,1.93869,1.94920
Week 2,30 Aug 2011,1.93989,1.95070
Week 3,06 Sep 2011,1.95994,1.97135
Week 4,13 Sep 2011,2.02091,2.03301

Week 1,20 Sep 2011,2.10169,2.11551
Week 2,27 Sep 2011,2.12905,2.14199
Week 3,04 Oct 2011,2.13295,2.14609
Week 4,11 Oct 2011,2.07985,2.09256

Week 1,18 Oct 2011,2.11203,2.12425
Week 2,25 Oct 2011,2.07840,2.09055
Week 3,01 Nov 2011,2.10967,2.12258
Week 4,08 Nov 2011,2.12306,2.13402

Week 1,15 Nov 2011,2.14171,2.15228
Week 2,22 Nov 2011,2.20535,2.21767
Week 3,29 Nov 2011,2.15590,2.16876
Week 4,06 Dec 2011,2.13071,2.14344

Week 1,13 Dec 2011,2.16050,2.17431
Week 2,20 Dec 2011,2.16667,2.17971
Week 3,27 Dec 2011,2.18601,2.19997
Week 4,03 Jan 2012,2.16875,2.18183

Week 1,10 Jan 2012,2.15187,2.16377
Week 2,17 Jan 2012,2.10971,2.12115
Week 3,24 Jan 2012,2.06435,2.07623
Week 4,31 Jan 2012,2.03437,2.04557

Week 1,07 Feb 2012,2.01716,2.02816
Week 2,14 Feb 2012,2.02352,2.03469
Week 3,21 Feb 2012,2.02899,2.03984
Week 4,28 Feb 2012,2.02856,2.03943

Week 1,06 Mar 2012,2.01868,2.02953
Week 2,13 Mar 2012,1.99441,2.00608
Week 3,20 Mar 2012,2.00682,2.01854
Week 4,27 Mar 2012,2.01308,2.02447

Week 1,03 Apr 2012,2.03066,2.04307
Week 2,10 Apr 2012,2.06968,2.08148
Week 3,17 Apr 2012,2.07688,2.08820
Week 4,24 Apr 2012,2.06989,2.08147

Week 1,01 May 2012,2.06133,2.07310
Week 2,08 May 2012,2.12245,2.13425
Week 3,15 May 2012,2.17078,2.18294
Week 4,22 May 2012,2.19435,2.20629

Week 1,29 May 2012,2.22602,2.23833
Week 2,05 Jun 2012,2.21793,2.23014
Week 3,12 Jun 2012,2.20192,2.21423
Week 4,19 Jun 2012,2.18288,2.19483

Week 1,26 Jun 2012,2.14941,2.16086
Week 2,03 Jul 2012,2.11462,2.12133
Week 3,10 Jul 2012,2.11183,2.11816
Week 4,17 Jul 2012,2.09824,2.10463

Week 1,24 Jul 2012,2.12192,2.12774
Week 2,31 Jul 2012,2.09375,2.09992
Week 3,07 Aug 2012,2.07332,2.07903
Week 4,14 Aug 2012,2.07046,2.07672

Week 1,21 Aug 2012,2.07306,2.07874
Week 2,28 Aug 2012,2.08637,2.09202
Week 3,04 Sep 2012,2.06270,2.06922
Week 4,11 Sep 2012,2.03374,2.03930

Week 1,18 Sep 2012,2.02405,2.02984
Week 2,25 Sep 2012,2.03023,2.03608
Week 3,02 Oct 2012,2.02316,2.02905
Week 4,09 Oct 2012,2.03494,2.04125

Week 1,16 Oct 2012,2.03725,2.04321
Week 2,23 Oct 2012,2.05802,2.06323
Week 3,30 Oct 2012,2.07202,2.07775
Week 4,06 Nov 2012,2.08035,2.08556

Week 1,13 Nov 2012,2.09973,2.10466
Week 2,20 Nov 2012,2.07201,2.07695
Week 3,27 Nov 2012,2.06754,2.07196
Week 4,04 Dec 2012,2.05124,2.05584

Week 1,11 Dec 2012,2.02875,2.03328
Week 2,18 Dec 2012,2.03298,2.03724
Week 3,25 Dec 2012,2.05790,2.06199
Week 4,01 Jan 2013,2.03291,2.03665

Week 1,08 Jan 2013,2.02081,2.02476
Week 2,15 Jan 2013,2.01728,2.02100
Week 3,22 Jan 2013,2.01674,2.02057
Week 4,29 Jan 2013,2.01572,2.01971

Week 1,05 Feb 2013,2.01508,2.01926
Week 2,12 Feb 2013,2.01846,2.02402
Week 3,19 Feb 2013,2.01818,2.02281
Week 4,26 Feb 2013,2.03037,2.03492

Week 1,05 Mar 2013,2.02235,2.02694
Week 2,12 Mar 2013,1.98762,1.99162
Week 3,19 Mar 2013,1.97299,1.97716
Week 4,26 Mar 2013,1.96396,1.96854

Week 1,02 Apr 2013,1.95730,1.96116
Week 2,09 Apr 2013,1.93504,1.93891
Week 3,16 Apr 2013,1.95658,1.96057
Week 4,23 Apr 2013,1.95700,1.96102

Week 1,30 Apr 2013,1.95256,1.95661
Week 2,07 May 2013,1.94315,1.94720
Week 3,14 May 2013,1.97167,1.97565
Week 4,21 May 2013,2.00557,2.00971

Week 1,28 May 2013,2.04921,2.05345
Week 2,04 Jun 2013,2.06892,2.07318
Week 3,11 Jun 2013,2.07182,2.07644
Week 4,18 Jun 2013,2.11878,2.12326

Week 1,25 Jun 2013,2.11576,2.12025
Week 2,02 Jul 2013,2.10067,2.10522
Week 3,09 Jul 2013,2.08054,2.08495
Week 4,16 Jul 2013,2.03554,2.03990

Week 1,23 Jul 2013,2.03790,2.04220
Week 2,30 Jul 2013,2.05935,2.06376
Week 3,06 Aug 2013,2.04829,2.05266
Week 4,13 Aug 2013,2.07287,2.07731

Week 1,20 Aug 2013,2.11338,2.11787
Week 2,27 Aug 2013,2.15329,2.15794
Week 3,03 Sep 2013,2.15322,2.15778
Week 4,10 Sep 2013,2.12314,2.12767

Week 1,17 Sep 2013,2.08768,2.09263
Week 2,24 Sep 2013,2.11525,2.11979
Week 3,01 Oct 2013,2.13719,2.14167
Week 4,08 Oct 2013,2.13204,2.13652

Week 1,15 Oct 2013,2.10310,2.10760
Week 2,22 Oct 2013,2.10823,2.11156
Week 3,29 Oct 2013,2.11432,2.11769
Week 4,05 Nov 2013,2.13968,2.14293

Week 1,12 Nov 2013,2.12870,2.13210
Week 2,19 Nov 2013,2.11626,2.11978
Week 3,26 Nov 2013,2.13203,2.13567
Week 4,03 Dec 2013,2.13122,2.13485

Week 1,10 Dec 2013,2.11089,2.11411
Week 2,17 Dec 2013,2.11708,2.12048
Week 3,24 Dec 2013,2.12884,2.13249
Week 4,31 Dec 2013,2.14277,2.14589

Week 1,07 Jan 2014,2.13761,2.14037
Week 2,14 Jan 2014,2.16109,2.16425
Week 3,21 Jan 2014,2.18817,2.19150
Week 4,28 Jan 2014,2.18552,2.18891

Week 1,04 Feb 2014,2.18176,2.18504
Week 2,11 Feb 2014,2.17542,2.17836
Week 3,18 Feb 2014,2.16809,2.17125
Week 4,25 Feb 2014,2.16303,2.16611

Week 1,04 Mar 2014,2.15802,2.16113
Week 2,11 Mar 2014,2.15369,2.15705
Week 3,18 Mar 2014,2.14717,2.15040
Week 4,25 Mar 2014,2.12914,2.13206

Week 1,01 Apr 2014,2.11386,2.11699
Week 2,08 Apr 2014,2.11105,2.11417
Week 3,15 Apr 2014,2.11286,2.11700
Week 4,22 Apr 2014,2.11811,2.12111

Week 1,29 Apr 2014,2.11868,2.12183
Week 2,06 May 2014,2.10723,2.11038
Week 3,13 May 2014,2.09416,2.09709
Week 4,20 May 2014,2.08806,2.09112

Week 1,27 May 2014,2.08200,2.08515
Week 2,03 Jun 2014,2.09218,2.09525
Week 3,10 Jun 2014,2.11384,2.11700
Week 4,17 Jun 2014,2.11234,2.11545

Week 1,24 Jun 2014,2.10927,2.11218
Week 2,01 Jul 2014,2.10057,2.10412
Week 3,08 Jul 2014,2.10435,2.10723
Week 4,15 Jul 2014,2.09646,2.10022

Week 1,22 Jul 2014,2.10004,2.10278
Week 2,29 Jul 2014,2.12628,2.12908
Week 3,05 Aug 2014,2.14826,2.15171
Week 4,12 Aug 2014,2.13111,2.13393

Week 1,19 Aug 2014,2.12581,2.12881
Week 2,26 Aug 2014,2.12477,2.12845
Week 3,02 Sep 2014,2.12236,2.12484
Week 4,09 Sep 2014,2.14530,2.14812

Week 1,16 Sep 2014,2.14812,2.15107
Week 2,23 Sep 2014,2.17118,2.17400
Week 3,30 Sep 2014,2.18656,2.18938
Week 4,07 Oct 2014,2.18803,2.19103

Week 1,14 Oct 2014,2.19752,2.20068
Week 2,21 Oct 2014,2.20505,2.20792
Week 3,28 Oct 2014,2.19629,2.19915
Week 4,04 Nov 2014,2.20706,2.20979

Week 1,11 Nov 2014,2.20742,2.20999
Week 2,18 Nov 2014,2.21334,2.21602
Week 3,25 Nov 2014,2.24245,2.24572
Week 4,02 Dec 2014,2.30413,2.30989

Week 1,09 Dec 2014,2.37739,2.38265
Week 2,16 Dec 2014,2.38611,2.39252
Week 3,23 Dec 2014,2.38988,2.39767
Week 4,30 Dec 2014,2.40011,2.40774

Week 1,06 Jan 2015,2.39987,2.40745
Week 2,13 Jan 2015,2.37905,2.38661
Week 3,20 Jan 2015,2.38322,2.39087
Week 4,27 Jan 2015,2.39558,2.40323

Week 1,03 Feb 2015,2.40594,2.41335
Week 2,10 Feb 2015,2.42422,2.43191
Week 3,17 Feb 2015,2.42868,2.43637
Week 4,24 Feb 2015,2.42966,2.43715

Week 1,03 Mar 2015,2.46269,2.47211
Week 2,10 Mar 2015,2.51025,2.52073
Week 3,17 Mar 2015,2.48049,2.49163
Week 4,24 Mar 2015,2.45624,2.46727

Week 1,31 Mar 2015,2.45836,2.46948
Week 2,07 Apr 2015,2.45341,2.46422
Week 3,14 Apr 2015,2.49750,2.50924
Week 4,21 Apr 2015,2.51531,2.52898

Week 1,28 Apr 2015,2.51552,2.52973
Week 2,05 May 2015,2.50005,2.51490
Week 3,12 May 2015,2.47923,2.49566
Week 4,19 May 2015,2.48234,2.49918

Week 1,26 May 2015,2.50115,2.51788
Week 2,02 Jun 2015,2.53682,2.55461
Week 3,09 Jun 2015,2.52422,2.54247
Week 4,16 Jun 2015,2.50566,2.52373

Week 1,23 Jun 2015,2.52329,2.54153
Week 2,30 Jun 2015,2.56385,2.58247
Week 3,07 Jul 2015,2.57100,2.58963
Week 4,14 Jul 2015,2.57904,2.59773

Week 1,21 Jul 2015,2.63194,2.65093
Week 2,28 Jul 2015,2.62450,2.63842
Week 3,04 Aug 2015,2.60772,2.61779
Week 4,11 Aug 2015,2.56086,2.57076

Week 1,18 Aug 2015,2.60552,2.61538
Week 2,25 Aug 2015,2.64337,2.65348
Week 3,01 Sep 2015,2.64770,2.65775
Week 4,08 Sep 2015,2.63927,2.64937

Week 1,15 Sep 2015,2.61116,2.62111
Week 2,22 Sep 2015,2.64560,2.65571
Week 3,29 Sep 2015,2.65263,2.66284
Week 4,06 Oct 2015,2.60498,2.61376

Week 1,13 Oct 2015,2.59077,2.59954
Week 2,20 Oct 2015,2.60088,2.60959
Week 3,27 Oct 2015,2.60406,2.61289
Week 4,03 Nov 2015,2.61255,2.62120

Week 1,10 Nov 2015,2.62468,2.63225
Week 2,17 Nov 2015,2.60572,2.61435
Week 3,24 Nov 2015,2.58833,2.59699
Week 4,01 Dec 2015,2.59158,2.60139

Week 1,08 Dec 2015,2.66142,2.66463
Week 2,15 Dec 2015,2.64848,2.65072
Week 3,22 Dec 2015,2.65665,2.65943
Week 4,29 Dec 2015,2.65586,2.65741

Week 1,05 Jan 2016,2.68343,2.68645
Week 2,12 Jan 2016,2.74008,2.74282
Week 3,19 Jan 2016,2.79608,2.79896
Week 4,26 Jan 2016,2.78463,2.78746

Week 1,02 Feb 2016,2.78722,2.79013
Week 2,09 Feb 2016,2.86917,2.87209
Week 3,16 Feb 2016,2.83161,2.83444
Week 4,23 Feb 2016,2.78515,2.78780

Week 1,01 Mar 2016,2.73673,2.73925
Week 2,08 Mar 2016,2.73252,2.73477
Week 3,15 Mar 2016,2.70853,2.71215
Week 4,22 Mar 2016,2.68775,2.69148

Week 1,29 Mar 2016,2.67748,2.68143
Week 2,05 Apr 2016,2.73085,2.73447
Week 3,12 Apr 2016,2.70889,2.71252
Week 4,19 Apr 2016,2.68713,2.69046

Week 1,26 Apr 2016,2.67034,2.67304
Week 2,03 May 2016,2.71926,2.72263
Week 3,10 May 2016,2.76940,2.77276
Week 4,17 May 2016,2.80378,2.80715

Week 1,24 May 2016,2.81192,2.81521
Week 2,31 May 2016,2.81797,2.82140
Week 3,07 Jun 2016,2.81225,2.81559
Week 4,14 Jun 2016,2.86162,2.86446

Week 1,21 Jun 2016,2.83496,2.83926
Week 2,28 Jun 2016,2.79606,2.80015
Week 3,05 Jul 2016,2.78436,2.78895
Week 4,12 Jul 2016,2.75659,2.76066

Week 1,19 Jul 2016,2.77321,2.77582
Week 2,26 Jul 2016,2.81711,2.82012
Week 3,02 Aug 2016,2.83355,2.83788
Week 4,09 Aug 2016,2.76496,2.76869

Week 1,16 Aug 2016,2.73351,2.73713
Week 2,23 Aug 2016,2.76740,2.77175
Week 3,30 Aug 2016,2.79504,2.79877
Week 4,06 Sep 2016,2.78704,2.79043

Week 1,13 Sep 2016,2.88876,2.89251
Week 2,20 Sep 2016,2.95284,2.95747
Week 3,27 Sep 2016,2.92191,2.92660
Week 4,04 Oct 2016,2.88921,2.89384

Week 1,11 Oct 2016,2.82006,2.82364
Week 2,18 Oct 2016,2.76380,2.76819
Week 3,25 Oct 2016,2.76491,2.76862
Week 4,01 Nov 2016,2.82169,2.82602

Week 1,08 Nov 2016,2.92730,2.93303
Week 2,15 Nov 2016,2.98490,2.99020
Week 3,22 Nov 2016,2.98105,2.98655
Week 4,29 Nov 2016,2.99223,2.99700

Week 1,06 Dec 2016,2.94335,2.95102
Week 2,13 Dec 2016,2.93577,2.94174
Week 3,20 Dec 2016,2.95601,2.96073
Week 4,27 Dec 2016,2.97542,2.98008

Week 1,03 Jan 2017,3.04816,3.05284
Week 2,10 Jan 2017,3.11750,3.12181
Week 3,17 Jan 2017,3.15231,3.15841
Week 4,24 Jan 2017,3.07961,3.08473

Week 1,31 Jan 2017,2.99362,2.99830
Week 2,07 Feb 2017,2.97268,2.97723
Week 3,14 Feb 2017,2.96174,2.96596
Week 4,21 Feb 2017,2.91262,2.91632

Week 1,28 Feb 2017,2.87390,2.87731
Week 2,07 Mar 2017,2.84058,2.84357
Week 3,14 Mar 2017,2.79948,2.80176
Week 4,21 Mar 2017,2.75022,2.75247

Week 1,28 Mar 2017,2.72677,2.73088
Week 2,04 Apr 2017,2.71555,2.71961
Week 3,11 Apr 2017,2.69914,2.70332
Week 4,18 Apr 2017,2.71692,2.72104

Week 1,25 Apr 2017,2.73952,2.74308
Week 2,02 May 2017,2.73984,2.74394
Week 3,09 May 2017,2.74434,2.74826
Week 4,16 May 2017,2.71955,2.72349

Week 1,23 May 2017,2.69740,2.70142
Week 2,30 May 2017,2.72707,2.73071
Week 3,06 Jun 2017,2.68451,2.68854
Week 4,13 Jun 2017,2.64678,2.65070

Week 1,20 Jun 2017,2.64251,2.64672
Week 2,27 Jun 2017,2.64759,2.65115
Week 3,04 Jul 2017,2.67269,2.67696
Week 4,11 Jul 2017,2.61526,2.61778

Week 1,18 Jul 2017,2.59756,2.59992
Week 2,25 Jul 2017,2.62616,2.62970
Week 3,01 Aug 2017,2.65313,2.65662
Week 4,08 Aug 2017,2.67796,2.68058

Week 1,15 Aug 2017,2.65863,2.66148
Week 2,22 Aug 2017,2.65326,2.65595
Week 3,29 Aug 2017,2.70450,2.70667
Week 4,05 Sep 2017,2.72991,2.73243

Week 1,12 Sep 2017,2.70362,2.70579
Week 2,19 Sep 2017,2.69733,2.69970
Week 3,26 Sep 2017,2.72418,2.72630
Week 4,03 Oct 2017,2.76105,2.76330

Week 1,10 Oct 2017,2.85038,2.85328
Week 2,17 Oct 2017,2.86108,2.86407
Week 3,24 Oct 2017,2.87764,2.88034
Week 4,31 Oct 2017,2.88732,2.89006

Week 1,07 Nov 2017,2.87664,2.87823
Week 2,14 Nov 2017,2.87397,2.87626
Week 3,21 Nov 2017,2.83209,2.83486
Week 4,28 Nov 2017,2.81226,2.81430

Week 1,05 Dec 2017,2.82639,2.82857


