CHI->CAD

Week 1,01 Dec 1998,0.18505,0.18517
Week 2,08 Dec 1998,0.18612,0.18623
Week 3,15 Dec 1998,0.18634,0.18646
Week 4,22 Dec 1998,0.18733,0.18744

Week 1,29 Dec 1998,0.18560,0.18572
Week 2,05 Jan 1999,0.18260,0.18272
Week 3,12 Jan 1999,0.18405,0.18417
Week 4,19 Jan 1999,0.18361,0.18373

Week 1,26 Jan 1999,0.18301,0.18312
Week 2,02 Feb 1999,0.18075,0.18087
Week 3,09 Feb 1999,0.18018,0.18030
Week 4,16 Feb 1999,0.18016,0.18027

Week 1,23 Feb 1999,0.18188,0.18199
Week 2,02 Mar 1999,0.18364,0.18376
Week 3,09 Mar 1999,0.18383,0.18394
Week 4,16 Mar 1999,0.18341,0.18353

Week 1,23 Mar 1999,0.18227,0.18240
Week 2,30 Mar 1999,0.18139,0.18151
Week 3,06 Apr 1999,0.18111,0.18123
Week 4,13 Apr 1999,0.17939,0.17951

Week 1,20 Apr 1999,0.17882,0.17894
Week 2,27 Apr 1999,0.17689,0.17701
Week 3,04 May 1999,0.17574,0.17586
Week 4,11 May 1999,0.17634,0.17645

Week 1,18 May 1999,0.17655,0.17666
Week 2,25 May 1999,0.17755,0.17766
Week 3,01 Jun 1999,0.17809,0.17820
Week 4,08 Jun 1999,0.17687,0.17697

Week 1,15 Jun 1999,0.17666,0.17676
Week 2,22 Jun 1999,0.17734,0.17745
Week 3,29 Jun 1999,0.17729,0.17739
Week 4,06 Jul 1999,0.17766,0.17776

Week 1,13 Jul 1999,0.17910,0.17920
Week 2,20 Jul 1999,0.18154,0.18165
Week 3,27 Jul 1999,0.18218,0.18228
Week 4,03 Aug 1999,0.18105,0.18116

Week 1,10 Aug 1999,0.17937,0.17947
Week 2,17 Aug 1999,0.18003,0.18013
Week 3,24 Aug 1999,0.18037,0.18048
Week 4,31 Aug 1999,0.18014,0.18024

Week 1,07 Sep 1999,0.17873,0.17883
Week 2,14 Sep 1999,0.17796,0.17806
Week 3,21 Sep 1999,0.17782,0.17792
Week 4,28 Sep 1999,0.17730,0.17741

Week 1,05 Oct 1999,0.17756,0.17767
Week 2,12 Oct 1999,0.17925,0.17936
Week 3,19 Oct 1999,0.17903,0.17913
Week 4,26 Oct 1999,0.17769,0.17780

Week 1,02 Nov 1999,0.17697,0.17708
Week 2,09 Nov 1999,0.17706,0.17717
Week 3,16 Nov 1999,0.17682,0.17694
Week 4,23 Nov 1999,0.17788,0.17799

Week 1,30 Nov 1999,0.17940,0.17952
Week 2,07 Dec 1999,0.17924,0.17938
Week 3,14 Dec 1999,0.17855,0.17867
Week 4,21 Dec 1999,0.17765,0.17777

Week 1,28 Dec 1999,0.17516,0.17529
Week 2,04 Jan 2000,0.17553,0.17564
Week 3,11 Jan 2000,0.17533,0.17545
Week 4,18 Jan 2000,0.17456,0.17470

Week 1,25 Jan 2000,0.17408,0.17420
Week 2,01 Feb 2000,0.17416,0.17429
Week 3,08 Feb 2000,0.17478,0.17491
Week 4,15 Feb 2000,0.17538,0.17552

Week 1,22 Feb 2000,0.17557,0.17571
Week 2,29 Feb 2000,0.17522,0.17535
Week 3,07 Mar 2000,0.17585,0.17599
Week 4,14 Mar 2000,0.17725,0.17739

Week 1,21 Mar 2000,0.17709,0.17723
Week 2,28 Mar 2000,0.17550,0.17563
Week 3,04 Apr 2000,0.17550,0.17563
Week 4,11 Apr 2000,0.17743,0.17754

Week 1,18 Apr 2000,0.17831,0.17845
Week 2,25 Apr 2000,0.17829,0.17843
Week 3,02 May 2000,0.17976,0.17990
Week 4,09 May 2000,0.17978,0.17992

Week 1,16 May 2000,0.18044,0.18058
Week 2,23 May 2000,0.18166,0.18179
Week 3,30 May 2000,0.17981,0.17995
Week 4,06 Jun 2000,0.17831,0.17845

Week 1,13 Jun 2000,0.17752,0.17766
Week 2,20 Jun 2000,0.17829,0.17843
Week 3,27 Jun 2000,0.17885,0.17898
Week 4,04 Jul 2000,0.17912,0.17925

Week 1,11 Jul 2000,0.17894,0.17907
Week 2,18 Jul 2000,0.17801,0.17814
Week 3,25 Jul 2000,0.17764,0.17777
Week 4,01 Aug 2000,0.17950,0.17963

Week 1,08 Aug 2000,0.17920,0.17933
Week 2,15 Aug 2000,0.17849,0.17863
Week 3,22 Aug 2000,0.17898,0.17911
Week 4,29 Aug 2000,0.17828,0.17841

Week 1,05 Sep 2000,0.17834,0.17847
Week 2,12 Sep 2000,0.17908,0.17922
Week 3,19 Sep 2000,0.17951,0.17965
Week 4,26 Sep 2000,0.18066,0.18084

Week 1,03 Oct 2000,0.18137,0.18155
Week 2,10 Oct 2000,0.18181,0.18194
Week 3,17 Oct 2000,0.18285,0.18299
Week 4,24 Oct 2000,0.18376,0.18390

Week 1,31 Oct 2000,0.18490,0.18503
Week 2,07 Nov 2000,0.18606,0.18619
Week 3,14 Nov 2000,0.18757,0.18770
Week 4,21 Nov 2000,0.18662,0.18675

Week 1,28 Nov 2000,0.18614,0.18628
Week 2,05 Dec 2000,0.18446,0.18460
Week 3,12 Dec 2000,0.18374,0.18388
Week 4,19 Dec 2000,0.18363,0.18377

Week 1,26 Dec 2000,0.18179,0.18193
Week 2,02 Jan 2001,0.18089,0.18103
Week 3,09 Jan 2001,0.18091,0.18105
Week 4,16 Jan 2001,0.18232,0.18246

Week 1,23 Jan 2001,0.18197,0.18211
Week 2,30 Jan 2001,0.18090,0.18104
Week 3,06 Feb 2001,0.18235,0.18249
Week 4,13 Feb 2001,0.18494,0.18508

Week 1,20 Feb 2001,0.18565,0.18579
Week 2,27 Feb 2001,0.18591,0.18604
Week 3,06 Mar 2001,0.18676,0.18690
Week 4,13 Mar 2001,0.18835,0.18849

Week 1,20 Mar 2001,0.18932,0.18946
Week 2,27 Mar 2001,0.18953,0.18967
Week 3,03 Apr 2001,0.18974,0.18988
Week 4,10 Apr 2001,0.18855,0.18869

Week 1,17 Apr 2001,0.18755,0.18769
Week 2,24 Apr 2001,0.18665,0.18679
Week 3,01 May 2001,0.18527,0.18539
Week 4,08 May 2001,0.18666,0.18680

Week 1,15 May 2001,0.18580,0.18594
Week 2,22 May 2001,0.18652,0.18666
Week 3,29 May 2001,0.18589,0.18603
Week 4,05 Jun 2001,0.18415,0.18428

Week 1,12 Jun 2001,0.18376,0.18388
Week 2,19 Jun 2001,0.18457,0.18470
Week 3,26 Jun 2001,0.18325,0.18339
Week 4,03 Jul 2001,0.18315,0.18327

Week 1,10 Jul 2001,0.18461,0.18473
Week 2,17 Jul 2001,0.18605,0.18617
Week 3,24 Jul 2001,0.18545,0.18558
Week 4,31 Jul 2001,0.18501,0.18512

Week 1,07 Aug 2001,0.18556,0.18569
Week 2,14 Aug 2001,0.18576,0.18588
Week 3,21 Aug 2001,0.18631,0.18643
Week 4,28 Aug 2001,0.18674,0.18684

Week 1,04 Sep 2001,0.18849,0.18860
Week 2,11 Sep 2001,0.18895,0.18910
Week 3,18 Sep 2001,0.18957,0.18997
Week 4,25 Sep 2001,0.19000,0.19054

Week 1,02 Oct 2001,0.18901,0.18953
Week 2,09 Oct 2001,0.18872,0.18927
Week 3,16 Oct 2001,0.18953,0.19006
Week 4,23 Oct 2001,0.19009,0.19061

Week 1,30 Oct 2001,0.19150,0.19203
Week 2,06 Nov 2001,0.19292,0.19344
Week 3,13 Nov 2001,0.19212,0.19265
Week 4,20 Nov 2001,0.19278,0.19327

Week 1,27 Nov 2001,0.19089,0.19144
Week 2,04 Dec 2001,0.18995,0.19050
Week 3,11 Dec 2001,0.18907,0.18963
Week 4,18 Dec 2001,0.19042,0.19094

Week 1,25 Dec 2001,0.19240,0.19294
Week 2,01 Jan 2002,0.19247,0.19301
Week 3,08 Jan 2002,0.19268,0.19322
Week 4,15 Jan 2002,0.19361,0.19415

Week 1,22 Jan 2002,0.19404,0.19458
Week 2,29 Jan 2002,0.19210,0.19261
Week 3,05 Feb 2002,0.19291,0.19348
Week 4,12 Feb 2002,0.19194,0.19246

Week 1,19 Feb 2002,0.19220,0.19276
Week 2,26 Feb 2002,0.19303,0.19358
Week 3,05 Mar 2002,0.19137,0.19191
Week 4,12 Mar 2002,0.19147,0.19199

Week 1,19 Mar 2002,0.19060,0.19113
Week 2,26 Mar 2002,0.19219,0.19273
Week 3,02 Apr 2002,0.19207,0.19259
Week 4,09 Apr 2002,0.19182,0.19235

Week 1,16 Apr 2002,0.19020,0.19072
Week 2,23 Apr 2002,0.18894,0.18947
Week 3,30 Apr 2002,0.18867,0.18918
Week 4,07 May 2002,0.18864,0.18914

Week 1,14 May 2002,0.18723,0.18776
Week 2,21 May 2002,0.18525,0.18577
Week 3,28 May 2002,0.18487,0.18540
Week 4,04 Jun 2002,0.18481,0.18534

Week 1,11 Jun 2002,0.18595,0.18650
Week 2,18 Jun 2002,0.18483,0.18533
Week 3,25 Jun 2002,0.18306,0.18359
Week 4,02 Jul 2002,0.18396,0.18449

Week 1,09 Jul 2002,0.18412,0.18465
Week 2,16 Jul 2002,0.18601,0.18653
Week 3,23 Jul 2002,0.19024,0.19086
Week 4,30 Jul 2002,0.19090,0.19146

Week 1,06 Aug 2002,0.19052,0.19107
Week 2,13 Aug 2002,0.18852,0.18906
Week 3,20 Aug 2002,0.18838,0.18889
Week 4,27 Aug 2002,0.18794,0.18848

Week 1,03 Sep 2002,0.18833,0.18885
Week 2,10 Sep 2002,0.19035,0.19088
Week 3,17 Sep 2002,0.19025,0.19081
Week 4,24 Sep 2002,0.19063,0.19114

Week 1,01 Oct 2002,0.19177,0.19230
Week 2,08 Oct 2002,0.19201,0.19253
Week 3,15 Oct 2002,0.19042,0.19096
Week 4,22 Oct 2002,0.18898,0.18950

Week 1,29 Oct 2002,0.18819,0.18874
Week 2,05 Nov 2002,0.18815,0.18865
Week 3,12 Nov 2002,0.19045,0.19096
Week 4,19 Nov 2002,0.19083,0.19134

Week 1,26 Nov 2002,0.18938,0.18991
Week 2,03 Dec 2002,0.18832,0.18884
Week 3,10 Dec 2002,0.18816,0.18868
Week 4,17 Dec 2002,0.18729,0.18783

Week 1,24 Dec 2002,0.18806,0.18860
Week 2,31 Dec 2002,0.18937,0.18989
Week 3,07 Jan 2003,0.18740,0.18792
Week 4,14 Jan 2003,0.18541,0.18595

Week 1,21 Jan 2003,0.18408,0.18460
Week 2,28 Jan 2003,0.18382,0.18434
Week 3,04 Feb 2003,0.18320,0.18372
Week 4,11 Feb 2003,0.18396,0.18447

Week 1,18 Feb 2003,0.18219,0.18269
Week 2,25 Feb 2003,0.17970,0.18019
Week 3,04 Mar 2003,0.17749,0.17797
Week 4,11 Mar 2003,0.17779,0.17829

Week 1,18 Mar 2003,0.17922,0.17970
Week 2,25 Mar 2003,0.17760,0.17809
Week 3,01 Apr 2003,0.17755,0.17806
Week 4,08 Apr 2003,0.17620,0.17675

Week 1,15 Apr 2003,0.17502,0.17552
Week 2,22 Apr 2003,0.17490,0.17544
Week 3,29 Apr 2003,0.17230,0.17280
Week 4,06 May 2003,0.16848,0.16897

Week 1,13 May 2003,0.16613,0.16663
Week 2,20 May 2003,0.16476,0.16524
Week 3,27 May 2003,0.16548,0.16595
Week 4,03 Jun 2003,0.16401,0.16448

Week 1,10 Jun 2003,0.16237,0.16285
Week 2,17 Jun 2003,0.16271,0.16318
Week 3,24 Jun 2003,0.16309,0.16358
Week 4,01 Jul 2003,0.16185,0.16238

Week 1,08 Jul 2003,0.16539,0.16594
Week 2,15 Jul 2003,0.16841,0.16896
Week 3,22 Jul 2003,0.16811,0.16865
Week 4,29 Jul 2003,0.16843,0.16897

Week 1,05 Aug 2003,0.16844,0.16899
Week 2,12 Aug 2003,0.16711,0.16767
Week 3,19 Aug 2003,0.16894,0.16950
Week 4,26 Aug 2003,0.16803,0.16856

Week 1,02 Sep 2003,0.16599,0.16650
Week 2,09 Sep 2003,0.16489,0.16546
Week 3,16 Sep 2003,0.16389,0.16442
Week 4,23 Sep 2003,0.16305,0.16357

Week 1,30 Sep 2003,0.16239,0.16290
Week 2,07 Oct 2003,0.16031,0.16080
Week 3,14 Oct 2003,0.15909,0.15958
Week 4,21 Oct 2003,0.15806,0.15853

Week 1,28 Oct 2003,0.15864,0.15912
Week 2,04 Nov 2003,0.16029,0.16079
Week 3,11 Nov 2003,0.15745,0.15794
Week 4,18 Nov 2003,0.15728,0.15779

Week 1,25 Nov 2003,0.15747,0.15796
Week 2,02 Dec 2003,0.15731,0.15779
Week 3,09 Dec 2003,0.15820,0.15867
Week 4,16 Dec 2003,0.16032,0.16080

Week 1,23 Dec 2003,0.15843,0.15893
Week 2,30 Dec 2003,0.15623,0.15672
Week 3,06 Jan 2004,0.15434,0.15481
Week 4,13 Jan 2004,0.15558,0.15605

Week 1,20 Jan 2004,0.15739,0.15787
Week 2,27 Jan 2004,0.15967,0.16015
Week 3,03 Feb 2004,0.16069,0.16118
Week 4,10 Feb 2004,0.15924,0.15973

Week 1,17 Feb 2004,0.16010,0.16058
Week 2,24 Feb 2004,0.16111,0.16161
Week 3,02 Mar 2004,0.16060,0.16107
Week 4,09 Mar 2004,0.16008,0.16054

Week 1,16 Mar 2004,0.16086,0.16134
Week 2,23 Mar 2004,0.16017,0.16063
Week 3,30 Mar 2004,0.15816,0.15861
Week 4,06 Apr 2004,0.15955,0.16002

Week 1,13 Apr 2004,0.16196,0.16244
Week 2,20 Apr 2004,0.16370,0.16424
Week 3,27 Apr 2004,0.16468,0.16526
Week 4,04 May 2004,0.16620,0.16669

Week 1,11 May 2004,0.16762,0.16811
Week 2,18 May 2004,0.16629,0.16676
Week 3,25 May 2004,0.16474,0.16522
Week 4,01 Jun 2004,0.16382,0.16429

Week 1,08 Jun 2004,0.16388,0.16437
Week 2,15 Jun 2004,0.16510,0.16558
Week 3,22 Jun 2004,0.16395,0.16442
Week 4,29 Jun 2004,0.16079,0.16127

Week 1,06 Jul 2004,0.15931,0.15990
Week 2,13 Jul 2004,0.15876,0.15922
Week 3,20 Jul 2004,0.15897,0.15944
Week 4,27 Jul 2004,0.16046,0.16092

Week 1,03 Aug 2004,0.15871,0.15967
Week 2,10 Aug 2004,0.15913,0.15961
Week 3,17 Aug 2004,0.15707,0.15752
Week 4,24 Aug 2004,0.15801,0.15847

Week 1,31 Aug 2004,0.15749,0.15798
Week 2,07 Sep 2004,0.15574,0.15619
Week 3,14 Sep 2004,0.15654,0.15698
Week 4,21 Sep 2004,0.15459,0.15504

Week 1,28 Sep 2004,0.15268,0.15312
Week 2,05 Oct 2004,0.15187,0.15229
Week 3,12 Oct 2004,0.15137,0.15191
Week 4,19 Oct 2004,0.15005,0.15047

Week 1,26 Oct 2004,0.14739,0.14784
Week 2,02 Nov 2004,0.14569,0.14612
Week 3,09 Nov 2004,0.14415,0.14457
Week 4,16 Nov 2004,0.14432,0.14475

Week 1,23 Nov 2004,0.14240,0.14282
Week 2,30 Nov 2004,0.14347,0.14388
Week 3,07 Dec 2004,0.14682,0.14727
Week 4,14 Dec 2004,0.14829,0.14873

Week 1,21 Dec 2004,0.14863,0.14907
Week 2,28 Dec 2004,0.14574,0.14617
Week 3,04 Jan 2005,0.14801,0.14843
Week 4,11 Jan 2005,0.14635,0.14679

Week 1,18 Jan 2005,0.14751,0.14796
Week 2,25 Jan 2005,0.14911,0.14954
Week 3,01 Feb 2005,0.15002,0.15045
Week 4,08 Feb 2005,0.15002,0.15045

Week 1,15 Feb 2005,0.14864,0.14907
Week 2,22 Feb 2005,0.14914,0.14957
Week 3,01 Mar 2005,0.14907,0.14951
Week 4,08 Mar 2005,0.14598,0.14641

Week 1,15 Mar 2005,0.14520,0.14564
Week 2,22 Mar 2005,0.14661,0.14704
Week 3,29 Mar 2005,0.14653,0.14695
Week 4,05 Apr 2005,0.14773,0.14817

Week 1,12 Apr 2005,0.14979,0.15025
Week 2,19 Apr 2005,0.14935,0.14979
Week 3,26 Apr 2005,0.15099,0.15144
Week 4,03 May 2005,0.15037,0.15080

Week 1,10 May 2005,0.15116,0.15161
Week 2,17 May 2005,0.15254,0.15300
Week 3,24 May 2005,0.15188,0.15232
Week 4,31 May 2005,0.15074,0.15118

Week 1,07 Jun 2005,0.15083,0.15127
Week 2,14 Jun 2005,0.14945,0.14988
Week 3,21 Jun 2005,0.14880,0.14923
Week 4,28 Jun 2005,0.14899,0.14941

Week 1,05 Jul 2005,0.14837,0.14881
Week 2,12 Jul 2005,0.14651,0.14694
Week 3,19 Jul 2005,0.14832,0.14878
Week 4,26 Jul 2005,0.15109,0.15154

Week 1,02 Aug 2005,0.14974,0.15018
Week 2,09 Aug 2005,0.14841,0.14888
Week 3,16 Aug 2005,0.14900,0.14945
Week 4,23 Aug 2005,0.14758,0.14803

Week 1,30 Aug 2005,0.14672,0.14716
Week 2,06 Sep 2005,0.14587,0.14645
Week 3,13 Sep 2005,0.14572,0.14627
Week 4,20 Sep 2005,0.14442,0.14499

Week 1,27 Sep 2005,0.14414,0.14476
Week 2,04 Oct 2005,0.14490,0.14548
Week 3,11 Oct 2005,0.14568,0.14622
Week 4,18 Oct 2005,0.14583,0.14637

Week 1,25 Oct 2005,0.14524,0.14577
Week 2,01 Nov 2005,0.14578,0.14618
Week 3,08 Nov 2005,0.14685,0.14716
Week 4,15 Nov 2005,0.14697,0.14732

Week 1,22 Nov 2005,0.14508,0.14529
Week 2,29 Nov 2005,0.14437,0.14458
Week 3,06 Dec 2005,0.14337,0.14362
Week 4,13 Dec 2005,0.14288,0.14314

Week 1,20 Dec 2005,0.14422,0.14448
Week 2,27 Dec 2005,0.14435,0.14454
Week 3,03 Jan 2006,0.14393,0.14413
Week 4,10 Jan 2006,0.14406,0.14432

Week 1,17 Jan 2006,0.14377,0.14401
Week 2,24 Jan 2006,0.14264,0.14284
Week 3,31 Jan 2006,0.14187,0.14204
Week 4,07 Feb 2006,0.14264,0.14287

Week 1,14 Feb 2006,0.14333,0.14357
Week 2,21 Feb 2006,0.14273,0.14294
Week 3,28 Feb 2006,0.14133,0.14154
Week 4,07 Mar 2006,0.14320,0.14336

Week 1,14 Mar 2006,0.14388,0.14411
Week 2,21 Mar 2006,0.14500,0.14531
Week 3,28 Mar 2006,0.14540,0.14583
Week 4,04 Apr 2006,0.14443,0.14487

Week 1,11 Apr 2006,0.14314,0.14358
Week 2,18 Apr 2006,0.14204,0.14247
Week 3,25 Apr 2006,0.14034,0.14076
Week 4,02 May 2006,0.13815,0.13858

Week 1,09 May 2006,0.13794,0.13836
Week 2,16 May 2006,0.13897,0.13940
Week 3,23 May 2006,0.13860,0.13902
Week 4,30 May 2006,0.13713,0.13755

Week 1,06 Jun 2006,0.13827,0.13867
Week 2,13 Jun 2006,0.13889,0.13932
Week 3,20 Jun 2006,0.13965,0.14008
Week 4,27 Jun 2006,0.13968,0.14010

Week 1,04 Jul 2006,0.13896,0.13938
Week 2,11 Jul 2006,0.14096,0.14139
Week 3,18 Jul 2006,0.14181,0.14222
Week 4,25 Jul 2006,0.14218,0.14259

Week 1,01 Aug 2006,0.14125,0.14168
Week 2,08 Aug 2006,0.14063,0.14106
Week 3,15 Aug 2006,0.14055,0.14098
Week 4,22 Aug 2006,0.13937,0.13980

Week 1,29 Aug 2006,0.13887,0.13930
Week 2,05 Sep 2006,0.13979,0.14022
Week 3,12 Sep 2006,0.14064,0.14108
Week 4,19 Sep 2006,0.14115,0.14158

Week 1,26 Sep 2006,0.14083,0.14126
Week 2,03 Oct 2006,0.14186,0.14228
Week 3,10 Oct 2006,0.14315,0.14358
Week 4,17 Oct 2006,0.14300,0.14344

Week 1,24 Oct 2006,0.14214,0.14258
Week 2,31 Oct 2006,0.14310,0.14354
Week 3,07 Nov 2006,0.14345,0.14389
Week 4,14 Nov 2006,0.14477,0.14521

Week 1,21 Nov 2006,0.14486,0.14530
Week 2,28 Nov 2006,0.14508,0.14552
Week 3,05 Dec 2006,0.14627,0.14672
Week 4,12 Dec 2006,0.14724,0.14769

Week 1,19 Dec 2006,0.14753,0.14798
Week 2,26 Dec 2006,0.14846,0.14893
Week 3,02 Jan 2007,0.14961,0.15008
Week 4,09 Jan 2007,0.15023,0.15070

Week 1,16 Jan 2007,0.15043,0.15090
Week 2,23 Jan 2007,0.15149,0.15196
Week 3,30 Jan 2007,0.15193,0.15240
Week 4,06 Feb 2007,0.15198,0.15245

Week 1,13 Feb 2007,0.15026,0.15073
Week 2,20 Feb 2007,0.14980,0.15026
Week 3,27 Feb 2007,0.15085,0.15129
Week 4,06 Mar 2007,0.15169,0.15216

Week 1,13 Mar 2007,0.15144,0.15191
Week 2,20 Mar 2007,0.15025,0.15071
Week 3,27 Mar 2007,0.14947,0.14993
Week 4,03 Apr 2007,0.14910,0.14956

Week 1,10 Apr 2007,0.14764,0.14810
Week 2,17 Apr 2007,0.14589,0.14635
Week 3,24 Apr 2007,0.14469,0.14514
Week 4,01 May 2007,0.14372,0.14417

Week 1,08 May 2007,0.14385,0.14431
Week 2,15 May 2007,0.14284,0.14329
Week 3,22 May 2007,0.14134,0.14178
Week 4,29 May 2007,0.13975,0.14018

Week 1,05 Jun 2007,0.13841,0.13884
Week 2,12 Jun 2007,0.13939,0.13982
Week 3,19 Jun 2007,0.13998,0.14042
Week 4,26 Jun 2007,0.13985,0.14028

Week 1,03 Jul 2007,0.13864,0.13908
Week 2,10 Jul 2007,0.13835,0.13879
Week 3,17 Jul 2007,0.13796,0.13839
Week 4,24 Jul 2007,0.13881,0.13925

Week 1,31 Jul 2007,0.13983,0.14027
Week 2,07 Aug 2007,0.13898,0.13942
Week 3,14 Aug 2007,0.14010,0.14055
Week 4,21 Aug 2007,0.13913,0.13957

Week 1,28 Aug 2007,0.13980,0.14024
Week 2,04 Sep 2007,0.13945,0.13989
Week 3,11 Sep 2007,0.13798,0.13841
Week 4,18 Sep 2007,0.13440,0.13483

Week 1,25 Sep 2007,0.13284,0.13327
Week 2,02 Oct 2007,0.13182,0.13224
Week 3,09 Oct 2007,0.13012,0.13054
Week 4,16 Oct 2007,0.12924,0.12966

Week 1,23 Oct 2007,0.12884,0.12925
Week 2,30 Oct 2007,0.12662,0.12702
Week 3,06 Nov 2007,0.12539,0.12580
Week 4,13 Nov 2007,0.13008,0.13050

Week 1,20 Nov 2007,0.13264,0.13307
Week 2,27 Nov 2007,0.13422,0.13465
Week 3,04 Dec 2007,0.13590,0.13634
Week 4,11 Dec 2007,0.13716,0.13761

Week 1,18 Dec 2007,0.13560,0.13605
Week 2,25 Dec 2007,0.13392,0.13439
Week 3,01 Jan 2008,0.13625,0.13673
Week 4,08 Jan 2008,0.13882,0.13928

Week 1,15 Jan 2008,0.14103,0.14149
Week 2,22 Jan 2008,0.14077,0.14123
Week 3,29 Jan 2008,0.13877,0.13925
Week 4,05 Feb 2008,0.13910,0.13956

Week 1,12 Feb 2008,0.13916,0.13962
Week 2,19 Feb 2008,0.14129,0.14176
Week 3,26 Feb 2008,0.13830,0.13877
Week 4,04 Mar 2008,0.13887,0.13933

Week 1,11 Mar 2008,0.13920,0.13967
Week 2,18 Mar 2008,0.14280,0.14335
Week 3,25 Mar 2008,0.14492,0.14542
Week 4,01 Apr 2008,0.14442,0.14492

Week 1,08 Apr 2008,0.14516,0.14565
Week 2,15 Apr 2008,0.14429,0.14479
Week 3,22 Apr 2008,0.14438,0.14487
Week 4,29 Apr 2008,0.14496,0.14545

Week 1,06 May 2008,0.14411,0.14460
Week 2,13 May 2008,0.14307,0.14356
Week 3,20 May 2008,0.14205,0.14254
Week 4,27 May 2008,0.14260,0.14309

Week 1,03 Jun 2008,0.14577,0.14627
Week 2,10 Jun 2008,0.14800,0.14851
Week 3,17 Jun 2008,0.14772,0.14823
Week 4,24 Jun 2008,0.14718,0.14769

Week 1,01 Jul 2008,0.14811,0.14870
Week 2,08 Jul 2008,0.14773,0.14824
Week 3,15 Jul 2008,0.14700,0.14751
Week 4,22 Jul 2008,0.14801,0.14853

Week 1,29 Jul 2008,0.14962,0.15014
Week 2,05 Aug 2008,0.15299,0.15351
Week 3,12 Aug 2008,0.15468,0.15521
Week 4,19 Aug 2008,0.15368,0.15420

Week 1,26 Aug 2008,0.15376,0.15429
Week 2,02 Sep 2008,0.15552,0.15605
Week 3,09 Sep 2008,0.15558,0.15612
Week 4,16 Sep 2008,0.15464,0.15546

Week 1,23 Sep 2008,0.15126,0.15200
Week 2,30 Sep 2008,0.15547,0.15602
Week 3,07 Oct 2008,0.16600,0.16667
Week 4,14 Oct 2008,0.17139,0.17213

Week 1,21 Oct 2008,0.18133,0.18236
Week 2,28 Oct 2008,0.18087,0.18187
Week 3,04 Nov 2008,0.17255,0.17356
Week 4,11 Nov 2008,0.17786,0.17854

Week 1,18 Nov 2008,0.18325,0.18392
Week 2,25 Nov 2008,0.18112,0.18180
Week 3,02 Dec 2008,0.18291,0.18357
Week 4,09 Dec 2008,0.18225,0.18288

Week 1,16 Dec 2008,0.17709,0.17829
Week 2,23 Dec 2008,0.17749,0.17821
Week 3,30 Dec 2008,0.17732,0.17850
Week 4,06 Jan 2009,0.17386,0.17448

Week 1,13 Jan 2009,0.17999,0.18062
Week 2,20 Jan 2009,0.18235,0.18301
Week 3,27 Jan 2009,0.17890,0.17954
Week 4,03 Feb 2009,0.17977,0.18041

Week 1,10 Feb 2009,0.18041,0.18105
Week 2,17 Feb 2009,0.18313,0.18378
Week 3,24 Feb 2009,0.18371,0.18435
Week 4,03 Mar 2009,0.18759,0.18825

Week 1,10 Mar 2009,0.18701,0.18767
Week 2,17 Mar 2009,0.18312,0.18376
Week 3,24 Mar 2009,0.18024,0.18087
Week 4,31 Mar 2009,0.18194,0.18258

Week 1,07 Apr 2009,0.17987,0.18051
Week 2,14 Apr 2009,0.17740,0.17802
Week 3,21 Apr 2009,0.17910,0.17971
Week 4,28 Apr 2009,0.17564,0.17625

Week 1,05 May 2009,0.17063,0.17122
Week 2,12 May 2009,0.17102,0.17161
Week 3,19 May 2009,0.16699,0.16758
Week 4,26 May 2009,0.16221,0.16278

Week 1,02 Jun 2009,0.16100,0.16157
Week 2,09 Jun 2009,0.16251,0.16309
Week 3,16 Jun 2009,0.16532,0.16591
Week 4,23 Jun 2009,0.16814,0.16873

Week 1,30 Jun 2009,0.16914,0.16973
Week 2,07 Jul 2009,0.16993,0.17046
Week 3,14 Jul 2009,0.16484,0.16543
Week 4,21 Jul 2009,0.16019,0.16075

Week 1,28 Jul 2009,0.15808,0.15861
Week 2,04 Aug 2009,0.15716,0.15775
Week 3,11 Aug 2009,0.15966,0.16016
Week 4,18 Aug 2009,0.15979,0.16036

Week 1,25 Aug 2009,0.15894,0.15950
Week 2,01 Sep 2009,0.16015,0.16082
Week 3,08 Sep 2009,0.15763,0.15822
Week 4,15 Sep 2009,0.15682,0.15736

Week 1,22 Sep 2009,0.15807,0.15862
Week 2,29 Sep 2009,0.15822,0.15876
Week 3,06 Oct 2009,0.15438,0.15493
Week 4,13 Oct 2009,0.15118,0.15171

Week 1,20 Oct 2009,0.15305,0.15351
Week 2,27 Oct 2009,0.15689,0.15737
Week 3,03 Nov 2009,0.15678,0.15719
Week 4,10 Nov 2009,0.15407,0.15448

Week 1,17 Nov 2009,0.15504,0.15551
Week 2,24 Nov 2009,0.15489,0.15536
Week 3,01 Dec 2009,0.15408,0.15454
Week 4,08 Dec 2009,0.15456,0.15502

Week 1,15 Dec 2009,0.15558,0.15615
Week 2,22 Dec 2009,0.15413,0.15454
Week 3,29 Dec 2009,0.15355,0.15391
Week 4,05 Jan 2010,0.15141,0.15181

Week 1,12 Jan 2010,0.15077,0.15116
Week 2,19 Jan 2010,0.15274,0.15321
Week 3,26 Jan 2010,0.15568,0.15615
Week 4,02 Feb 2010,0.15601,0.15648

Week 1,09 Feb 2010,0.15493,0.15533
Week 2,16 Feb 2010,0.15261,0.15308
Week 3,23 Feb 2010,0.15384,0.15435
Week 4,02 Mar 2010,0.15118,0.15171

Week 1,09 Mar 2010,0.14974,0.15020
Week 2,16 Mar 2010,0.14850,0.14903
Week 3,23 Mar 2010,0.14957,0.15009
Week 4,30 Mar 2010,0.14836,0.14881

Week 1,06 Apr 2010,0.14677,0.14717
Week 2,13 Apr 2010,0.14724,0.14773
Week 3,20 Apr 2010,0.14666,0.14710
Week 4,27 Apr 2010,0.14771,0.14823

Week 1,04 May 2010,0.15111,0.15164
Week 2,11 May 2010,0.15001,0.15054
Week 3,18 May 2010,0.15374,0.15421
Week 4,25 May 2010,0.15491,0.15533

Week 1,01 Jun 2010,0.15360,0.15414
Week 2,08 Jun 2010,0.15224,0.15277
Week 3,15 Jun 2010,0.14993,0.15045
Week 4,22 Jun 2010,0.15161,0.15214

Week 1,29 Jun 2010,0.15537,0.15591
Week 2,06 Jul 2010,0.15415,0.15469
Week 3,13 Jul 2010,0.15366,0.15420
Week 4,20 Jul 2010,0.15356,0.15404

Week 1,27 Jul 2010,0.15209,0.15259
Week 2,03 Aug 2010,0.15083,0.15136
Week 3,10 Aug 2010,0.15285,0.15338
Week 4,17 Aug 2010,0.15290,0.15344

Week 1,24 Aug 2010,0.15490,0.15544
Week 2,31 Aug 2010,0.15405,0.15453
Week 3,07 Sep 2010,0.15276,0.15325
Week 4,14 Sep 2010,0.15255,0.15309

Week 1,21 Sep 2010,0.15305,0.15354
Week 2,28 Sep 2010,0.15309,0.15357
Week 3,05 Oct 2010,0.15166,0.15214
Week 4,12 Oct 2010,0.15131,0.15185

Week 1,19 Oct 2010,0.15377,0.15425
Week 2,26 Oct 2010,0.15296,0.15344
Week 3,02 Nov 2010,0.15066,0.15119
Week 4,09 Nov 2010,0.15122,0.15175

Week 1,16 Nov 2010,0.15292,0.15345
Week 2,23 Nov 2010,0.15258,0.15312
Week 3,30 Nov 2010,0.15170,0.15220
Week 4,07 Dec 2010,0.15134,0.15181

Week 1,14 Dec 2010,0.15124,0.15177
Week 2,21 Dec 2010,0.15195,0.15242
Week 3,28 Dec 2010,0.15119,0.15160
Week 4,04 Jan 2011,0.15018,0.15065

Week 1,11 Jan 2011,0.14979,0.15020
Week 2,18 Jan 2011,0.15049,0.15096
Week 3,25 Jan 2011,0.15125,0.15172
Week 4,01 Feb 2011,0.15063,0.15116

Week 1,08 Feb 2011,0.15033,0.15096
Week 2,15 Feb 2011,0.14959,0.15006
Week 3,22 Feb 2011,0.14929,0.14983
Week 4,01 Mar 2011,0.14792,0.14838

Week 1,08 Mar 2011,0.14781,0.14829
Week 2,15 Mar 2011,0.14939,0.14986
Week 3,22 Mar 2011,0.14905,0.14958
Week 4,29 Mar 2011,0.14778,0.14830

Week 1,05 Apr 2011,0.14652,0.14699
Week 2,12 Apr 2011,0.14667,0.14720
Week 3,19 Apr 2011,0.14653,0.14705
Week 4,26 Apr 2011,0.14585,0.14628

Week 1,03 May 2011,0.14751,0.14790
Week 2,10 May 2011,0.14827,0.14854
Week 3,17 May 2011,0.14925,0.14978
Week 4,24 May 2011,0.15029,0.15062

Week 1,31 May 2011,0.15039,0.15072
Week 2,07 Jun 2011,0.15074,0.15116
Week 3,14 Jun 2011,0.15076,0.15118
Week 4,21 Jun 2011,0.15137,0.15183

Week 1,28 Jun 2011,0.15001,0.15019
Week 2,05 Jul 2011,0.14860,0.14893
Week 3,12 Jul 2011,0.14867,0.14883
Week 4,19 Jul 2011,0.14705,0.14763

Week 1,26 Jul 2011,0.14734,0.14792
Week 2,02 Aug 2011,0.15040,0.15106
Week 3,09 Aug 2011,0.15407,0.15471
Week 4,16 Aug 2011,0.15440,0.15501

Week 1,23 Aug 2011,0.15417,0.15476
Week 2,30 Aug 2011,0.15339,0.15401
Week 3,06 Sep 2011,0.15478,0.15543
Week 4,13 Sep 2011,0.15428,0.15496

Week 1,20 Sep 2011,0.15758,0.15835
Week 2,27 Sep 2011,0.16167,0.16240
Week 3,04 Oct 2011,0.16345,0.16419
Week 4,11 Oct 2011,0.15962,0.16033

Week 1,18 Oct 2011,0.15837,0.15903
Week 2,25 Oct 2011,0.15684,0.15748
Week 3,01 Nov 2011,0.15905,0.15973
Week 4,08 Nov 2011,0.15986,0.16041

Week 1,15 Nov 2011,0.16094,0.16147
Week 2,22 Nov 2011,0.16323,0.16392
Week 3,29 Nov 2011,0.16068,0.16135
Week 4,06 Dec 2011,0.15980,0.16047

Week 1,13 Dec 2011,0.16148,0.16225
Week 2,20 Dec 2011,0.16093,0.16162
Week 3,27 Dec 2011,0.16023,0.16098
Week 4,03 Jan 2012,0.16080,0.16154

Week 1,10 Jan 2012,0.16145,0.16209
Week 2,17 Jan 2012,0.16057,0.16121
Week 3,24 Jan 2012,0.15940,0.16007
Week 4,31 Jan 2012,0.15832,0.15895

Week 1,07 Feb 2012,0.15826,0.15888
Week 2,14 Feb 2012,0.15824,0.15886
Week 3,21 Feb 2012,0.15808,0.15868
Week 4,28 Feb 2012,0.15714,0.15775

Week 1,06 Mar 2012,0.15713,0.15774
Week 2,13 Mar 2012,0.15635,0.15701
Week 3,20 Mar 2012,0.15701,0.15766
Week 4,27 Mar 2012,0.15742,0.15807

Week 1,03 Apr 2012,0.15722,0.15792
Week 2,10 Apr 2012,0.15790,0.15856
Week 3,17 Apr 2012,0.15704,0.15766
Week 4,24 Apr 2012,0.15581,0.15644

Week 1,01 May 2012,0.15660,0.15724
Week 2,08 May 2012,0.15806,0.15870
Week 3,15 May 2012,0.15981,0.16049
Week 4,22 May 2012,0.16153,0.16218

Week 1,29 May 2012,0.16236,0.16303
Week 2,05 Jun 2012,0.16266,0.16334
Week 3,12 Jun 2012,0.16183,0.16250
Week 4,19 Jun 2012,0.16183,0.16248

Week 1,26 Jun 2012,0.16177,0.16241
Week 2,03 Jul 2012,0.16086,0.16121
Week 3,10 Jul 2012,0.16108,0.16141
Week 4,17 Jul 2012,0.16031,0.16063

Week 1,24 Jul 2012,0.15971,0.16001
Week 2,31 Jul 2012,0.15853,0.15885
Week 3,07 Aug 2012,0.15713,0.15743
Week 4,14 Aug 2012,0.15608,0.15640

Week 1,21 Aug 2012,0.15631,0.15660
Week 2,28 Aug 2012,0.15593,0.15620
Week 3,04 Sep 2012,0.15510,0.15545
Week 4,11 Sep 2012,0.15363,0.15391

Week 1,18 Sep 2012,0.15392,0.15422
Week 2,25 Sep 2012,0.15490,0.15519
Week 3,02 Oct 2012,0.15512,0.15544
Week 4,09 Oct 2012,0.15490,0.15522

Week 1,16 Oct 2012,0.15646,0.15677
Week 2,23 Oct 2012,0.15798,0.15827
Week 3,30 Oct 2012,0.15854,0.15883
Week 4,06 Nov 2012,0.15853,0.15879

Week 1,13 Nov 2012,0.15934,0.15959
Week 2,20 Nov 2012,0.15854,0.15880
Week 3,27 Nov 2012,0.15834,0.15858
Week 4,04 Dec 2012,0.15762,0.15788

Week 1,11 Dec 2012,0.15666,0.15691
Week 2,18 Dec 2012,0.15696,0.15722
Week 3,25 Dec 2012,0.15745,0.15768
Week 4,01 Jan 2013,0.15689,0.15712

Week 1,08 Jan 2013,0.15682,0.15708
Week 2,15 Jan 2013,0.15770,0.15794
Week 3,22 Jan 2013,0.15900,0.15925
Week 4,29 Jan 2013,0.15906,0.15931

Week 1,05 Feb 2013,0.15861,0.15889
Week 2,12 Feb 2013,0.15957,0.15993
Week 3,19 Feb 2013,0.16150,0.16180
Week 4,26 Feb 2013,0.16315,0.16345

Week 1,05 Mar 2013,0.16370,0.16400
Week 2,12 Mar 2013,0.16327,0.16353
Week 3,19 Mar 2013,0.16301,0.16328
Week 4,26 Mar 2013,0.16210,0.16239

Week 1,02 Apr 2013,0.16202,0.16227
Week 2,09 Apr 2013,0.16212,0.16239
Week 3,16 Apr 2013,0.16407,0.16433
Week 4,23 Apr 2013,0.16397,0.16423

Week 1,30 Apr 2013,0.16243,0.16269
Week 2,07 May 2013,0.16237,0.16264
Week 3,14 May 2013,0.16432,0.16457
Week 4,21 May 2013,0.16642,0.16673

Week 1,28 May 2013,0.16733,0.16764
Week 2,04 Jun 2013,0.16639,0.16667
Week 3,11 Jun 2013,0.16506,0.16536
Week 4,18 Jun 2013,0.16688,0.16717

Week 1,25 Jun 2013,0.16947,0.16976
Week 2,02 Jul 2013,0.17037,0.17068
Week 3,09 Jul 2013,0.16910,0.16936
Week 4,16 Jul 2013,0.16810,0.16838

Week 1,23 Jul 2013,0.16672,0.16701
Week 2,30 Jul 2013,0.16709,0.16739
Week 3,06 Aug 2013,0.16773,0.16802
Week 4,13 Aug 2013,0.16744,0.16772

Week 1,20 Aug 2013,0.16947,0.16976
Week 2,27 Aug 2013,0.17051,0.17082
Week 3,03 Sep 2013,0.16975,0.17006
Week 4,10 Sep 2013,0.16799,0.16827

Week 1,17 Sep 2013,0.16730,0.16761
Week 2,24 Sep 2013,0.16756,0.16787
Week 3,01 Oct 2013,0.16791,0.16816
Week 4,08 Oct 2013,0.16871,0.16901

Week 1,15 Oct 2013,0.16835,0.16865
Week 2,22 Oct 2013,0.16940,0.16961
Week 3,29 Oct 2013,0.17022,0.17042
Week 4,05 Nov 2013,0.17024,0.17041

Week 1,12 Nov 2013,0.17062,0.17083
Week 2,19 Nov 2013,0.17097,0.17118
Week 3,26 Nov 2013,0.17250,0.17273
Week 4,03 Dec 2013,0.17378,0.17401

Week 1,10 Dec 2013,0.17356,0.17374
Week 2,17 Dec 2013,0.17381,0.17401
Week 3,24 Dec 2013,0.17404,0.17427
Week 4,31 Dec 2013,0.17422,0.17441

Week 1,07 Jan 2014,0.17700,0.17718
Week 2,14 Jan 2014,0.17942,0.17963
Week 3,21 Jan 2014,0.18094,0.18115
Week 4,28 Jan 2014,0.18226,0.18249

Week 1,04 Feb 2014,0.18119,0.18138
Week 2,11 Feb 2014,0.18024,0.18044
Week 3,18 Feb 2014,0.18064,0.18086
Week 4,25 Feb 2014,0.18091,0.18112

Week 1,04 Mar 2014,0.18048,0.18068
Week 2,11 Mar 2014,0.18066,0.18088
Week 3,18 Mar 2014,0.18156,0.18174
Week 4,25 Mar 2014,0.18040,0.18056

Week 1,01 Apr 2014,0.17842,0.17859
Week 2,08 Apr 2014,0.17743,0.17761
Week 3,15 Apr 2014,0.17805,0.17832
Week 4,22 Apr 2014,0.17853,0.17871

Week 1,29 Apr 2014,0.17809,0.17826
Week 2,06 May 2014,0.17699,0.17719
Week 3,13 May 2014,0.17635,0.17654
Week 4,20 May 2014,0.17635,0.17653

Week 1,27 May 2014,0.17572,0.17592
Week 2,03 Jun 2014,0.17694,0.17714
Week 3,10 Jun 2014,0.17684,0.17702
Week 4,17 Jun 2014,0.17548,0.17566

Week 1,24 Jun 2014,0.17367,0.17385
Week 2,01 Jul 2014,0.17257,0.17279
Week 3,08 Jul 2014,0.17312,0.17329
Week 4,15 Jul 2014,0.17384,0.17408

Week 1,22 Jul 2014,0.17455,0.17475
Week 2,29 Jul 2014,0.17633,0.17650
Week 3,05 Aug 2014,0.17753,0.17775
Week 4,12 Aug 2014,0.17733,0.17752

Week 1,19 Aug 2014,0.17749,0.17769
Week 2,26 Aug 2014,0.17684,0.17709
Week 3,02 Sep 2014,0.17663,0.17679
Week 4,09 Sep 2014,0.17903,0.17921

Week 1,16 Sep 2014,0.17863,0.17879
Week 2,23 Sep 2014,0.18042,0.18058
Week 3,30 Sep 2014,0.18186,0.18204
Week 4,07 Oct 2014,0.18206,0.18227

Week 1,14 Oct 2014,0.18335,0.18359
Week 2,21 Oct 2014,0.18303,0.18319
Week 3,28 Oct 2014,0.18281,0.18298
Week 4,04 Nov 2014,0.18490,0.18506

Week 1,11 Nov 2014,0.18432,0.18448
Week 2,18 Nov 2014,0.18371,0.18387
Week 3,25 Nov 2014,0.18444,0.18466
Week 4,02 Dec 2014,0.18553,0.18595

Week 1,09 Dec 2014,0.18762,0.18796
Week 2,16 Dec 2014,0.18918,0.18959
Week 3,23 Dec 2014,0.18899,0.18956
Week 4,30 Dec 2014,0.18966,0.19020

Week 1,06 Jan 2015,0.19258,0.19314
Week 2,13 Jan 2015,0.19496,0.19553
Week 3,20 Jan 2015,0.19917,0.19976
Week 4,27 Jan 2015,0.20379,0.20438

Week 1,03 Feb 2015,0.20334,0.20391
Week 2,10 Feb 2015,0.20332,0.20392
Week 3,17 Feb 2015,0.20261,0.20317
Week 4,24 Feb 2015,0.20292,0.20353

Week 1,03 Mar 2015,0.20317,0.20387
Week 2,10 Mar 2015,0.20592,0.20672
Week 3,17 Mar 2015,0.20627,0.20710
Week 4,24 Mar 2015,0.20438,0.20521

Week 1,31 Mar 2015,0.20548,0.20638
Week 2,07 Apr 2015,0.20468,0.20552
Week 3,14 Apr 2015,0.20201,0.20291
Week 4,21 Apr 2015,0.19943,0.20045

Week 1,28 Apr 2015,0.19780,0.19884
Week 2,05 May 2015,0.19747,0.19859
Week 3,12 May 2015,0.19660,0.19781
Week 4,19 May 2015,0.19953,0.20084

Week 1,26 May 2015,0.20267,0.20396
Week 2,02 Jun 2015,0.20319,0.20457
Week 3,09 Jun 2015,0.20094,0.20232
Week 4,16 Jun 2015,0.20027,0.20169

Week 1,23 Jun 2015,0.20119,0.20260
Week 2,30 Jun 2015,0.20416,0.20563
Week 3,07 Jul 2015,0.20687,0.20835
Week 4,14 Jul 2015,0.21010,0.21153

Week 1,21 Jul 2015,0.21247,0.21394
Week 2,28 Jul 2015,0.21068,0.21174
Week 3,04 Aug 2015,0.21130,0.21207
Week 4,11 Aug 2015,0.20526,0.20595

Week 1,18 Aug 2015,0.20494,0.20567
Week 2,25 Aug 2015,0.20651,0.20723
Week 3,01 Sep 2015,0.20778,0.20849
Week 4,08 Sep 2015,0.20756,0.20834

Week 1,15 Sep 2015,0.20717,0.20788
Week 2,22 Sep 2015,0.20821,0.20896
Week 3,29 Sep 2015,0.20849,0.20920
Week 4,06 Oct 2015,0.20466,0.20527

Week 1,13 Oct 2015,0.20359,0.20428
Week 2,20 Oct 2015,0.20555,0.20617
Week 3,27 Oct 2015,0.20699,0.20761
Week 4,03 Nov 2015,0.20741,0.20801

Week 1,10 Nov 2015,0.20846,0.20898
Week 2,17 Nov 2015,0.20844,0.20909
Week 3,24 Nov 2015,0.20846,0.20909
Week 4,01 Dec 2015,0.20840,0.20910

Week 1,08 Dec 2015,0.21164,0.21181
Week 2,15 Dec 2015,0.21382,0.21391
Week 3,22 Dec 2015,0.21445,0.21459
Week 4,29 Dec 2015,0.21329,0.21333

Week 1,05 Jan 2016,0.21419,0.21433
Week 2,12 Jan 2016,0.21843,0.21855
Week 3,19 Jan 2016,0.21825,0.21841
Week 4,26 Jan 2016,0.21388,0.21403

Week 1,02 Feb 2016,0.21135,0.21151
Week 2,09 Feb 2016,0.21139,0.21154
Week 3,16 Feb 2016,0.21119,0.21132
Week 4,23 Feb 2016,0.20888,0.20899

Week 1,01 Mar 2016,0.20498,0.20509
Week 2,08 Mar 2016,0.20440,0.20449
Week 3,15 Mar 2016,0.20242,0.20256
Week 4,22 Mar 2016,0.20249,0.20262

Week 1,29 Mar 2016,0.20159,0.20173
Week 2,05 Apr 2016,0.20184,0.20199
Week 3,12 Apr 2016,0.19840,0.19854
Week 4,19 Apr 2016,0.19611,0.19624

Week 1,26 Apr 2016,0.19414,0.19423
Week 2,03 May 2016,0.19678,0.19688
Week 3,10 May 2016,0.19807,0.19817
Week 4,17 May 2016,0.19915,0.19927

Week 1,24 May 2016,0.19908,0.19920
Week 2,31 May 2016,0.19802,0.19816
Week 3,07 Jun 2016,0.19457,0.19469
Week 4,14 Jun 2016,0.19544,0.19555

Week 1,21 Jun 2016,0.19521,0.19537
Week 2,28 Jun 2016,0.19504,0.19517
Week 3,05 Jul 2016,0.19419,0.19430
Week 4,12 Jul 2016,0.19421,0.19433

Week 1,19 Jul 2016,0.19535,0.19548
Week 2,26 Jul 2016,0.19714,0.19726
Week 3,02 Aug 2016,0.19723,0.19735
Week 4,09 Aug 2016,0.19622,0.19634

Week 1,16 Aug 2016,0.19374,0.19386
Week 2,23 Aug 2016,0.19427,0.19439
Week 3,30 Aug 2016,0.19523,0.19534
Week 4,06 Sep 2016,0.19391,0.19401

Week 1,13 Sep 2016,0.19714,0.19726
Week 2,20 Sep 2016,0.19704,0.19717
Week 3,27 Sep 2016,0.19719,0.19731
Week 4,04 Oct 2016,0.19800,0.19811

Week 1,11 Oct 2016,0.19634,0.19646
Week 2,18 Oct 2016,0.19566,0.19578
Week 3,25 Oct 2016,0.19726,0.19738
Week 4,01 Nov 2016,0.19802,0.19813

Week 1,08 Nov 2016,0.19782,0.19796
Week 2,15 Nov 2016,0.19648,0.19660
Week 3,22 Nov 2016,0.19502,0.19517
Week 4,29 Nov 2016,0.19399,0.19411

Week 1,06 Dec 2016,0.19074,0.19107
Week 2,13 Dec 2016,0.19105,0.19125
Week 3,20 Dec 2016,0.19354,0.19367
Week 4,27 Dec 2016,0.19425,0.19439

Week 1,03 Jan 2017,0.19220,0.19234
Week 2,10 Jan 2017,0.19032,0.19045
Week 3,17 Jan 2017,0.19239,0.19257
Week 4,24 Jan 2017,0.19141,0.19154

Week 1,31 Jan 2017,0.18974,0.18985
Week 2,07 Feb 2017,0.19072,0.19082
Week 3,14 Feb 2017,0.19040,0.19049
Week 4,21 Feb 2017,0.19077,0.19091

Week 1,28 Feb 2017,0.19324,0.19336
Week 2,07 Mar 2017,0.19481,0.19490
Week 3,14 Mar 2017,0.19384,0.19396
Week 4,21 Mar 2017,0.19388,0.19398

Week 1,28 Mar 2017,0.19373,0.19383
Week 2,04 Apr 2017,0.19429,0.19441
Week 3,11 Apr 2017,0.19325,0.19334
Week 4,18 Apr 2017,0.19512,0.19524

Week 1,25 Apr 2017,0.19739,0.19751
Week 2,02 May 2017,0.19854,0.19867
Week 3,09 May 2017,0.19846,0.19857
Week 4,16 May 2017,0.19719,0.19728

Week 1,23 May 2017,0.19594,0.19606
Week 2,30 May 2017,0.19746,0.19754
Week 3,06 Jun 2017,0.19819,0.19834
Week 4,13 Jun 2017,0.19496,0.19503

Week 1,20 Jun 2017,0.19411,0.19422
Week 2,27 Jun 2017,0.19234,0.19243
Week 3,04 Jul 2017,0.19024,0.19032
Week 4,11 Jul 2017,0.18811,0.18818

Week 1,18 Jul 2017,0.18623,0.18631
Week 2,25 Jul 2017,0.18505,0.18513
Week 3,01 Aug 2017,0.18696,0.18709
Week 4,08 Aug 2017,0.18987,0.18997

Week 1,15 Aug 2017,0.18951,0.18960
Week 2,22 Aug 2017,0.18820,0.18828
Week 3,29 Aug 2017,0.18942,0.18950
Week 4,05 Sep 2017,0.18813,0.18821

Week 1,12 Sep 2017,0.18597,0.18607
Week 2,19 Sep 2017,0.18680,0.18688
Week 3,26 Sep 2017,0.18694,0.18705
Week 4,03 Oct 2017,0.18811,0.18821

Week 1,10 Oct 2017,0.18950,0.18956
Week 2,17 Oct 2017,0.18956,0.18967
Week 3,24 Oct 2017,0.19206,0.19214
Week 4,31 Oct 2017,0.19335,0.19343

Week 1,07 Nov 2017,0.19155,0.19161
Week 2,14 Nov 2017,0.19224,0.19232
Week 3,21 Nov 2017,0.19278,0.19287
Week 4,28 Nov 2017,0.19324,0.19331

Week 1,05 Dec 2017,0.19185,0.19195



