CHI->BRL

Week 1,01 Dec 1998,0.14518,0.14520
Week 2,08 Dec 1998,0.14541,0.14543
Week 3,15 Dec 1998,0.14568,0.14570
Week 4,22 Dec 1998,0.14585,0.14586

Week 1,29 Dec 1998,0.14589,0.14593
Week 2,05 Jan 1999,0.14609,0.14613
Week 3,12 Jan 1999,0.16605,0.16773
Week 4,19 Jan 1999,0.19620,0.19844

Week 1,26 Jan 1999,0.23712,0.24099
Week 2,02 Feb 1999,0.21900,0.22125
Week 3,09 Feb 1999,0.22988,0.23221
Week 4,16 Feb 1999,0.23160,0.23385

Week 1,23 Feb 1999,0.24504,0.24659
Week 2,02 Mar 1999,0.24720,0.24901
Week 3,09 Mar 1999,0.22855,0.22950
Week 4,16 Mar 1999,0.22384,0.22492

Week 1,23 Mar 1999,0.21671,0.21748
Week 2,30 Mar 1999,0.20757,0.20929
Week 3,06 Apr 1999,0.20661,0.20730
Week 4,13 Apr 1999,0.20133,0.20210

Week 1,20 Apr 1999,0.20492,0.20589
Week 2,27 Apr 1999,0.20200,0.20239
Week 3,04 May 1999,0.20180,0.20203
Week 4,11 May 1999,0.19997,0.20023

Week 1,18 May 1999,0.20374,0.20406
Week 2,25 May 1999,0.20863,0.20884
Week 3,01 Jun 1999,0.20861,0.20897
Week 4,08 Jun 1999,0.21210,0.21239

Week 1,15 Jun 1999,0.21326,0.21361
Week 2,22 Jun 1999,0.21617,0.21647
Week 3,29 Jun 1999,0.21458,0.21488
Week 4,06 Jul 1999,0.21630,0.21655

Week 1,13 Jul 1999,0.21804,0.21834
Week 2,20 Jul 1999,0.21823,0.21845
Week 3,27 Jul 1999,0.21752,0.21783
Week 4,03 Aug 1999,0.22048,0.22084

Week 1,10 Aug 1999,0.22439,0.22468
Week 2,17 Aug 1999,0.22910,0.22968
Week 3,24 Aug 1999,0.23263,0.23308
Week 4,31 Aug 1999,0.23206,0.23246

Week 1,07 Sep 1999,0.22718,0.22756
Week 2,14 Sep 1999,0.22716,0.22742
Week 3,21 Sep 1999,0.22957,0.22984
Week 4,28 Sep 1999,0.23387,0.23417

Week 1,05 Oct 1999,0.23424,0.23469
Week 2,12 Oct 1999,0.23353,0.23413
Week 3,19 Oct 1999,0.23981,0.24006
Week 4,26 Oct 1999,0.23720,0.23766

Week 1,02 Nov 1999,0.23301,0.23353
Week 2,09 Nov 1999,0.23322,0.23356
Week 3,16 Nov 1999,0.23324,0.23349
Week 4,23 Nov 1999,0.23350,0.23363

Week 1,30 Nov 1999,0.23346,0.23358
Week 2,07 Dec 1999,0.22713,0.22735
Week 3,14 Dec 1999,0.22030,0.22073
Week 4,21 Dec 1999,0.22059,0.22092

Week 1,28 Dec 1999,0.21877,0.21912
Week 2,04 Jan 2000,0.22131,0.22165
Week 3,11 Jan 2000,0.21879,0.21904
Week 4,18 Jan 2000,0.21518,0.21537

Week 1,25 Jan 2000,0.21536,0.21569
Week 2,01 Feb 2000,0.21464,0.21494
Week 3,08 Feb 2000,0.21361,0.21380
Week 4,15 Feb 2000,0.21440,0.21466

Week 1,22 Feb 2000,0.21466,0.21490
Week 2,29 Feb 2000,0.21209,0.21239
Week 3,07 Mar 2000,0.21056,0.21087
Week 4,14 Mar 2000,0.21005,0.21028

Week 1,21 Mar 2000,0.20907,0.20934
Week 2,28 Mar 2000,0.21009,0.21025
Week 3,04 Apr 2000,0.21047,0.21073
Week 4,11 Apr 2000,0.21314,0.21341

Week 1,18 Apr 2000,0.21481,0.21503
Week 2,25 Apr 2000,0.21735,0.21762
Week 3,02 May 2000,0.21786,0.21815
Week 4,09 May 2000,0.22024,0.22050

Week 1,16 May 2000,0.22157,0.22175
Week 2,23 May 2000,0.22264,0.22294
Week 3,30 May 2000,0.21929,0.21956
Week 4,06 Jun 2000,0.21733,0.21760

Week 1,13 Jun 2000,0.21815,0.21843
Week 2,20 Jun 2000,0.21913,0.21940
Week 3,27 Jun 2000,0.21895,0.21916
Week 4,04 Jul 2000,0.21781,0.21807

Week 1,11 Jul 2000,0.21754,0.21782
Week 2,18 Jul 2000,0.21697,0.21727
Week 3,25 Jul 2000,0.21564,0.21590
Week 4,01 Aug 2000,0.21616,0.21640

Week 1,08 Aug 2000,0.21705,0.21733
Week 2,15 Aug 2000,0.21862,0.21885
Week 3,22 Aug 2000,0.21983,0.22009
Week 4,29 Aug 2000,0.22033,0.22050

Week 1,05 Sep 2000,0.21965,0.21994
Week 2,12 Sep 2000,0.22172,0.22186
Week 3,19 Sep 2000,0.22337,0.22356
Week 4,26 Sep 2000,0.22273,0.22298

Week 1,03 Oct 2000,0.22368,0.22394
Week 2,10 Oct 2000,0.22491,0.22516
Week 3,17 Oct 2000,0.22671,0.22696
Week 4,24 Oct 2000,0.23133,0.23160

Week 1,31 Oct 2000,0.23251,0.23283
Week 2,07 Nov 2000,0.23608,0.23633
Week 3,14 Nov 2000,0.23628,0.23656
Week 4,21 Nov 2000,0.23451,0.23478

Week 1,28 Nov 2000,0.23798,0.23822
Week 2,05 Dec 2000,0.23786,0.23813
Week 3,12 Dec 2000,0.23717,0.23737
Week 4,19 Dec 2000,0.23632,0.23657

Week 1,26 Dec 2000,0.23592,0.23619
Week 2,02 Jan 2001,0.23513,0.23531
Week 3,09 Jan 2001,0.23530,0.23559
Week 4,16 Jan 2001,0.23607,0.23633

Week 1,23 Jan 2001,0.23766,0.23791
Week 2,30 Jan 2001,0.23912,0.23942
Week 3,06 Feb 2001,0.24057,0.24079
Week 4,13 Feb 2001,0.24073,0.24098

Week 1,20 Feb 2001,0.24502,0.24524
Week 2,27 Feb 2001,0.24560,0.24594
Week 3,06 Mar 2001,0.24625,0.24649
Week 4,13 Mar 2001,0.25333,0.25361

Week 1,20 Mar 2001,0.25973,0.25997
Week 2,27 Mar 2001,0.25863,0.25886
Week 3,03 Apr 2001,0.26158,0.26181
Week 4,10 Apr 2001,0.25986,0.26017

Week 1,17 Apr 2001,0.26845,0.26864
Week 2,24 Apr 2001,0.27012,0.27044
Week 3,01 May 2001,0.26711,0.26733
Week 4,08 May 2001,0.27303,0.27332

Week 1,15 May 2001,0.27943,0.27971
Week 2,22 May 2001,0.28229,0.28255
Week 3,29 May 2001,0.28515,0.28535
Week 4,05 Jun 2001,0.28639,0.28661

Week 1,12 Jun 2001,0.29115,0.29143
Week 2,19 Jun 2001,0.28775,0.28798
Week 3,26 Jun 2001,0.27954,0.27974
Week 4,03 Jul 2001,0.29084,0.29107

Week 1,10 Jul 2001,0.30588,0.30616
Week 2,17 Jul 2001,0.30082,0.30116
Week 3,24 Jul 2001,0.29721,0.29741
Week 4,31 Jul 2001,0.29967,0.29991

Week 1,07 Aug 2001,0.29798,0.29824
Week 2,14 Aug 2001,0.30297,0.30316
Week 3,21 Aug 2001,0.30642,0.30665
Week 4,28 Aug 2001,0.30851,0.30876

Week 1,04 Sep 2001,0.31113,0.31137
Week 2,11 Sep 2001,0.32173,0.32183
Week 3,18 Sep 2001,0.32091,0.33645
Week 4,25 Sep 2001,0.31598,0.33781

Week 1,02 Oct 2001,0.31592,0.33783
Week 2,09 Oct 2001,0.32440,0.34645
Week 3,16 Oct 2001,0.32136,0.34356
Week 4,23 Oct 2001,0.31834,0.34080

Week 1,30 Oct 2001,0.31528,0.33742
Week 2,06 Nov 2001,0.30302,0.32537
Week 3,13 Nov 2001,0.29596,0.31856
Week 4,20 Nov 2001,0.29581,0.31528

Week 1,27 Nov 2001,0.29128,0.31384
Week 2,04 Dec 2001,0.28277,0.30518
Week 3,11 Dec 2001,0.27541,0.29766
Week 4,18 Dec 2001,0.27083,0.29304

Week 1,25 Dec 2001,0.26882,0.29128
Week 2,01 Jan 2002,0.26671,0.28897
Week 3,08 Jan 2002,0.27824,0.30063
Week 4,15 Jan 2002,0.27685,0.29940

Week 1,22 Jan 2002,0.27676,0.29953
Week 2,29 Jan 2002,0.28034,0.30349
Week 3,05 Feb 2002,0.28227,0.30528
Week 4,12 Feb 2002,0.28356,0.30644

Week 1,19 Feb 2002,0.28128,0.30417
Week 2,26 Feb 2002,0.27582,0.29878
Week 3,05 Mar 2002,0.27292,0.29573
Week 4,12 Mar 2002,0.27194,0.29462

Week 1,19 Mar 2002,0.27175,0.29438
Week 2,26 Mar 2002,0.27349,0.29004
Week 3,02 Apr 2002,0.27332,0.28352
Week 4,09 Apr 2002,0.27064,0.28090

Week 1,16 Apr 2002,0.27400,0.28719
Week 2,23 Apr 2002,0.27991,0.28995
Week 3,30 Apr 2002,0.28282,0.29284
Week 4,07 May 2002,0.29161,0.30150

Week 1,14 May 2002,0.29443,0.30732
Week 2,21 May 2002,0.29187,0.31361
Week 3,28 May 2002,0.30385,0.30481
Week 4,04 Jun 2002,0.31561,0.31663

Week 1,11 Jun 2002,0.32257,0.33221
Week 2,18 Jun 2002,0.33321,0.33423
Week 3,25 Jun 2002,0.34032,0.34137
Week 4,02 Jul 2002,0.33970,0.35193

Week 1,09 Jul 2002,0.33625,0.34571
Week 2,16 Jul 2002,0.34139,0.35052
Week 3,23 Jul 2002,0.35544,0.35925
Week 4,30 Jul 2002,0.38369,0.39376

Week 1,06 Aug 2002,0.36227,0.36690
Week 2,13 Aug 2002,0.38021,0.38182
Week 3,20 Aug 2002,0.37167,0.38173
Week 4,27 Aug 2002,0.36841,0.37813

Week 1,03 Sep 2002,0.37520,0.37943
Week 2,10 Sep 2002,0.37226,0.38192
Week 3,17 Sep 2002,0.40285,0.41259
Week 4,24 Sep 2002,0.44472,0.45489

Week 1,01 Oct 2002,0.44007,0.45024
Week 2,08 Oct 2002,0.45975,0.47259
Week 3,15 Oct 2002,0.46219,0.46988
Week 4,22 Oct 2002,0.46022,0.47045

Week 1,29 Oct 2002,0.44058,0.45066
Week 2,05 Nov 2002,0.42657,0.43639
Week 3,12 Nov 2002,0.43433,0.44669
Week 4,19 Nov 2002,0.42082,0.43317

Week 1,26 Nov 2002,0.43026,0.44002
Week 2,03 Dec 2002,0.44703,0.45719
Week 3,10 Dec 2002,0.44985,0.46027
Week 4,17 Dec 2002,0.41815,0.42792

Week 1,24 Dec 2002,0.42243,0.43162
Week 2,31 Dec 2002,0.41987,0.42972
Week 3,07 Jan 2003,0.39489,0.40677
Week 4,14 Jan 2003,0.39558,0.40471

Week 1,21 Jan 2003,0.42123,0.43043
Week 2,28 Jan 2003,0.42595,0.43510
Week 3,04 Feb 2003,0.42633,0.43796
Week 4,11 Feb 2003,0.43314,0.44246

Week 1,18 Feb 2003,0.42842,0.44262
Week 2,25 Feb 2003,0.42932,0.43351
Week 3,04 Mar 2003,0.42012,0.43165
Week 4,11 Mar 2003,0.40919,0.42316

Week 1,18 Mar 2003,0.41304,0.42308
Week 2,25 Mar 2003,0.40464,0.41622
Week 3,01 Apr 2003,0.39101,0.40263
Week 4,08 Apr 2003,0.38082,0.39322

Week 1,15 Apr 2003,0.36872,0.38781
Week 2,22 Apr 2003,0.35840,0.37651
Week 3,29 Apr 2003,0.34584,0.36460
Week 4,06 May 2003,0.34777,0.36560

Week 1,13 May 2003,0.34416,0.36185
Week 2,20 May 2003,0.35187,0.36921
Week 3,27 May 2003,0.35055,0.36778
Week 4,03 Jun 2003,0.34227,0.35957

Week 1,10 Jun 2003,0.33675,0.35402
Week 2,17 Jun 2003,0.33916,0.35648
Week 3,24 Jun 2003,0.33957,0.35725
Week 4,01 Jul 2003,0.33314,0.35079

Week 1,08 Jul 2003,0.33833,0.35623
Week 2,15 Jul 2003,0.33742,0.35548
Week 3,22 Jul 2003,0.33990,0.35766
Week 4,29 Jul 2003,0.34653,0.36448

Week 1,05 Aug 2003,0.35443,0.37238
Week 2,12 Aug 2003,0.35457,0.37259
Week 3,19 Aug 2003,0.35290,0.37132
Week 4,26 Aug 2003,0.34931,0.36794

Week 1,02 Sep 2003,0.35070,0.35932
Week 2,09 Sep 2003,0.35113,0.35222
Week 3,16 Sep 2003,0.35003,0.35112
Week 4,23 Sep 2003,0.35300,0.35410

Week 1,30 Sep 2003,0.34939,0.35050
Week 2,07 Oct 2003,0.34276,0.34390
Week 3,14 Oct 2003,0.34391,0.34500
Week 4,21 Oct 2003,0.34591,0.34699

Week 1,28 Oct 2003,0.34501,0.34609
Week 2,04 Nov 2003,0.34552,0.34660
Week 3,11 Nov 2003,0.35295,0.35406
Week 4,18 Nov 2003,0.35367,0.35477

Week 1,25 Nov 2003,0.35477,0.35587
Week 2,02 Dec 2003,0.35391,0.35501
Week 3,09 Dec 2003,0.35436,0.35545
Week 4,16 Dec 2003,0.35315,0.35423

Week 1,23 Dec 2003,0.35069,0.35178
Week 2,30 Dec 2003,0.34807,0.34916
Week 3,06 Jan 2004,0.34341,0.34448
Week 4,13 Jan 2004,0.33973,0.34080

Week 1,20 Jan 2004,0.34263,0.34371
Week 2,27 Jan 2004,0.35039,0.35155
Week 3,03 Feb 2004,0.35340,0.35450
Week 4,10 Feb 2004,0.35087,0.35196

Week 1,17 Feb 2004,0.35494,0.35604
Week 2,24 Feb 2004,0.35336,0.35447
Week 3,02 Mar 2004,0.34746,0.34856
Week 4,09 Mar 2004,0.34884,0.34992

Week 1,16 Mar 2004,0.35021,0.35130
Week 2,23 Mar 2004,0.35335,0.35445
Week 3,30 Mar 2004,0.35008,0.35117
Week 4,06 Apr 2004,0.34744,0.34853

Week 1,13 Apr 2004,0.34993,0.35102
Week 2,20 Apr 2004,0.35182,0.35304
Week 3,27 Apr 2004,0.35372,0.35507
Week 4,04 May 2004,0.36335,0.36447

Week 1,11 May 2004,0.37495,0.37610
Week 2,18 May 2004,0.38227,0.38343
Week 3,25 May 2004,0.37679,0.37796
Week 4,01 Jun 2004,0.37926,0.38042

Week 1,08 Jun 2004,0.37720,0.37845
Week 2,15 Jun 2004,0.37877,0.37998
Week 3,22 Jun 2004,0.37585,0.37701
Week 4,29 Jun 2004,0.37080,0.37194

Week 1,06 Jul 2004,0.36672,0.36810
Week 2,13 Jul 2004,0.36391,0.36501
Week 3,20 Jul 2004,0.36584,0.36705
Week 4,27 Jul 2004,0.36759,0.36875

Week 1,03 Aug 2004,0.36679,0.36908
Week 2,10 Aug 2004,0.36533,0.36645
Week 3,17 Aug 2004,0.35961,0.36072
Week 4,24 Aug 2004,0.35649,0.35760

Week 1,31 Aug 2004,0.35374,0.35483
Week 2,07 Sep 2004,0.35024,0.35133
Week 3,14 Sep 2004,0.34844,0.34953
Week 4,21 Sep 2004,0.34663,0.34772

Week 1,28 Sep 2004,0.34396,0.34504
Week 2,05 Oct 2004,0.34165,0.34272
Week 3,12 Oct 2004,0.34307,0.34438
Week 4,19 Oct 2004,0.34595,0.34703

Week 1,26 Oct 2004,0.34550,0.34658
Week 2,02 Nov 2004,0.34139,0.34246
Week 3,09 Nov 2004,0.33909,0.34015
Week 4,16 Nov 2004,0.33550,0.33656

Week 1,23 Nov 2004,0.33097,0.33201
Week 2,30 Nov 2004,0.32799,0.32919
Week 3,07 Dec 2004,0.33299,0.33428
Week 4,14 Dec 2004,0.32987,0.33097

Week 1,21 Dec 2004,0.32543,0.32654
Week 2,28 Dec 2004,0.32189,0.32319
Week 3,04 Jan 2005,0.32691,0.32796
Week 4,11 Jan 2005,0.32617,0.32729

Week 1,18 Jan 2005,0.32593,0.32702
Week 2,25 Jan 2005,0.32115,0.32221
Week 3,01 Feb 2005,0.31551,0.31646
Week 4,08 Feb 2005,0.31475,0.31585

Week 1,15 Feb 2005,0.31138,0.31248
Week 2,22 Feb 2005,0.31527,0.31631
Week 3,01 Mar 2005,0.31864,0.31985
Week 4,08 Mar 2005,0.31980,0.32118

Week 1,15 Mar 2005,0.32431,0.32549
Week 2,22 Mar 2005,0.33024,0.33133
Week 3,29 Mar 2005,0.32307,0.32408
Week 4,05 Apr 2005,0.31401,0.31503

Week 1,12 Apr 2005,0.31266,0.31367
Week 2,19 Apr 2005,0.30851,0.30951
Week 3,26 Apr 2005,0.30480,0.30583
Week 4,03 May 2005,0.29860,0.29969

Week 1,10 May 2005,0.29724,0.29839
Week 2,17 May 2005,0.29622,0.29727
Week 3,24 May 2005,0.28981,0.29089
Week 4,31 May 2005,0.29147,0.29251

Week 1,07 Jun 2005,0.29775,0.29887
Week 2,14 Jun 2005,0.29023,0.29124
Week 3,21 Jun 2005,0.28732,0.28835
Week 4,28 Jun 2005,0.28420,0.28525

Week 1,05 Jul 2005,0.28613,0.28710
Week 2,12 Jul 2005,0.28229,0.28332
Week 3,19 Jul 2005,0.28816,0.28917
Week 4,26 Jul 2005,0.29707,0.29804

Week 1,02 Aug 2005,0.28649,0.28751
Week 2,09 Aug 2005,0.28819,0.28929
Week 3,16 Aug 2005,0.29487,0.29597
Week 4,23 Aug 2005,0.29633,0.29742

Week 1,30 Aug 2005,0.29020,0.29128
Week 2,06 Sep 2005,0.28598,0.28731
Week 3,13 Sep 2005,0.28478,0.28608
Week 4,20 Sep 2005,0.28064,0.28197

Week 1,27 Sep 2005,0.27527,0.27665
Week 2,04 Oct 2005,0.27837,0.27967
Week 3,11 Oct 2005,0.27670,0.27796
Week 4,18 Oct 2005,0.27764,0.27891

Week 1,25 Oct 2005,0.28022,0.28134
Week 2,01 Nov 2005,0.27542,0.27641
Week 3,08 Nov 2005,0.26840,0.26915
Week 4,15 Nov 2005,0.27332,0.27421

Week 1,22 Nov 2005,0.27634,0.27698
Week 2,29 Nov 2005,0.27312,0.27372
Week 3,06 Dec 2005,0.27372,0.27442
Week 4,13 Dec 2005,0.28307,0.28378

Week 1,20 Dec 2005,0.28830,0.28903
Week 2,27 Dec 2005,0.28985,0.29042
Week 3,03 Jan 2006,0.28528,0.28587
Week 4,10 Jan 2006,0.28098,0.28170

Week 1,17 Jan 2006,0.28383,0.28454
Week 2,24 Jan 2006,0.27712,0.27777
Week 3,31 Jan 2006,0.27446,0.27504
Week 4,07 Feb 2006,0.26996,0.27062

Week 1,14 Feb 2006,0.26452,0.26515
Week 2,21 Feb 2006,0.26520,0.26583
Week 3,28 Feb 2006,0.26366,0.26434
Week 4,07 Mar 2006,0.26737,0.26789

Week 1,14 Mar 2006,0.26385,0.26448
Week 2,21 Mar 2006,0.26741,0.26845
Week 3,28 Mar 2006,0.27203,0.27359
Week 4,04 Apr 2006,0.26616,0.26771

Week 1,11 Apr 2006,0.26634,0.26787
Week 2,18 Apr 2006,0.26419,0.26569
Week 3,25 Apr 2006,0.26255,0.26404
Week 4,02 May 2006,0.25738,0.25893

Week 1,09 May 2006,0.26074,0.26223
Week 2,16 May 2006,0.27133,0.27287
Week 3,23 May 2006,0.28421,0.28575
Week 4,30 May 2006,0.28350,0.28528

Week 1,06 Jun 2006,0.28198,0.28355
Week 2,13 Jun 2006,0.28274,0.28440
Week 3,20 Jun 2006,0.27958,0.28116
Week 4,27 Jun 2006,0.27448,0.27604

Week 1,04 Jul 2006,0.27131,0.27289
Week 2,11 Jul 2006,0.26879,0.28114
Week 3,18 Jul 2006,0.27385,0.27544
Week 4,25 Jul 2006,0.27373,0.27532

Week 1,01 Aug 2006,0.27234,0.27394
Week 2,08 Aug 2006,0.27128,0.27292
Week 3,15 Aug 2006,0.26830,0.26984
Week 4,22 Aug 2006,0.26879,0.27035

Week 1,29 Aug 2006,0.26836,0.27110
Week 2,05 Sep 2006,0.26934,0.27089
Week 3,12 Sep 2006,0.27127,0.27293
Week 4,19 Sep 2006,0.27461,0.27621

Week 1,26 Sep 2006,0.27565,0.27724
Week 2,03 Oct 2006,0.27290,0.27450
Week 3,10 Oct 2006,0.27114,0.27274
Week 4,17 Oct 2006,0.26938,0.27101

Week 1,24 Oct 2006,0.27023,0.27182
Week 2,31 Oct 2006,0.27124,0.27285
Week 3,07 Nov 2006,0.27168,0.27324
Week 4,14 Nov 2006,0.27341,0.27498

Week 1,21 Nov 2006,0.27451,0.27618
Week 2,28 Nov 2006,0.27634,0.27790
Week 3,05 Dec 2006,0.27380,0.27548
Week 4,12 Dec 2006,0.27320,0.27481

Week 1,19 Dec 2006,0.27466,0.27629
Week 2,26 Dec 2006,0.27340,0.27497
Week 3,02 Jan 2007,0.27344,0.27509
Week 4,09 Jan 2007,0.27431,0.27593

Week 1,16 Jan 2007,0.27363,0.27525
Week 2,23 Jan 2007,0.27363,0.27522
Week 3,30 Jan 2007,0.27154,0.27308
Week 4,06 Feb 2007,0.26951,0.27107

Week 1,13 Feb 2007,0.26991,0.27143
Week 2,20 Feb 2007,0.26853,0.27003
Week 3,27 Feb 2007,0.27230,0.27381
Week 4,06 Mar 2007,0.27211,0.27363

Week 1,13 Mar 2007,0.26976,0.27128
Week 2,20 Mar 2007,0.26687,0.26842
Week 3,27 Mar 2007,0.26588,0.26743
Week 4,03 Apr 2007,0.26285,0.26435

Week 1,10 Apr 2007,0.26172,0.26324
Week 2,17 Apr 2007,0.26207,0.26358
Week 3,24 Apr 2007,0.26206,0.26354
Week 4,01 May 2007,0.26252,0.26406

Week 1,08 May 2007,0.26217,0.26376
Week 2,15 May 2007,0.25680,0.25826
Week 3,22 May 2007,0.25389,0.25542
Week 4,29 May 2007,0.25136,0.25285

Week 1,05 Jun 2007,0.25468,0.25609
Week 2,12 Jun 2007,0.25205,0.25357
Week 3,19 Jun 2007,0.25070,0.25226
Week 4,26 Jun 2007,0.25368,0.25523

Week 1,03 Jul 2007,0.25063,0.25217
Week 2,10 Jul 2007,0.24806,0.24955
Week 3,17 Jul 2007,0.24531,0.24675
Week 4,24 Jul 2007,0.24850,0.25010

Week 1,31 Jul 2007,0.24765,0.24924
Week 2,07 Aug 2007,0.25275,0.25429
Week 3,14 Aug 2007,0.26406,0.26555
Week 4,21 Aug 2007,0.26350,0.26503

Week 1,28 Aug 2007,0.26004,0.26160
Week 2,04 Sep 2007,0.25791,0.26077
Week 3,11 Sep 2007,0.25402,0.25546
Week 4,18 Sep 2007,0.24915,0.25056

Week 1,25 Sep 2007,0.24558,0.24696
Week 2,02 Oct 2007,0.24174,0.24315
Week 3,09 Oct 2007,0.23939,0.24079
Week 4,16 Oct 2007,0.23774,0.24157

Week 1,23 Oct 2007,0.23840,0.23979
Week 2,30 Oct 2007,0.23407,0.23545
Week 3,06 Nov 2007,0.23431,0.23570
Week 4,13 Nov 2007,0.23537,0.23674

Week 1,20 Nov 2007,0.23958,0.24091
Week 2,27 Nov 2007,0.24292,0.24426
Week 3,04 Dec 2007,0.24038,0.24173
Week 4,11 Dec 2007,0.24029,0.24167

Week 1,18 Dec 2007,0.24350,0.24491
Week 2,25 Dec 2007,0.24165,0.24303
Week 3,01 Jan 2008,0.24068,0.24452
Week 4,08 Jan 2008,0.24125,0.24305

Week 1,15 Jan 2008,0.24387,0.24531
Week 2,22 Jan 2008,0.24811,0.24960
Week 3,29 Jan 2008,0.24476,0.24620
Week 4,05 Feb 2008,0.24376,0.24537

Week 1,12 Feb 2008,0.24247,0.24516
Week 2,19 Feb 2008,0.24029,0.24164
Week 3,26 Feb 2008,0.23565,0.23718
Week 4,04 Mar 2008,0.23573,0.23713

Week 1,11 Mar 2008,0.23872,0.24019
Week 2,18 Mar 2008,0.24365,0.24535
Week 3,25 Mar 2008,0.24676,0.24813
Week 4,01 Apr 2008,0.24538,0.24684

Week 1,08 Apr 2008,0.24117,0.24255
Week 2,15 Apr 2008,0.23812,0.23980
Week 3,22 Apr 2008,0.23743,0.23876
Week 4,29 Apr 2008,0.23774,0.23916

Week 1,06 May 2008,0.23915,0.24050
Week 2,13 May 2008,0.23648,0.23781
Week 3,20 May 2008,0.23687,0.23831
Week 4,27 May 2008,0.23652,0.23792

Week 1,03 Jun 2008,0.23417,0.23558
Week 2,10 Jun 2008,0.23587,0.23729
Week 3,17 Jun 2008,0.23322,0.23460
Week 4,24 Jun 2008,0.23287,0.23432

Week 1,01 Jul 2008,0.23322,0.23485
Week 2,08 Jul 2008,0.23389,0.23530
Week 3,15 Jul 2008,0.23292,0.23433
Week 4,22 Jul 2008,0.23073,0.23214

Week 1,29 Jul 2008,0.22820,0.22960
Week 2,05 Aug 2008,0.23085,0.23282
Week 3,12 Aug 2008,0.23598,0.23756
Week 4,19 Aug 2008,0.23631,0.23779

Week 1,26 Aug 2008,0.23743,0.23894
Week 2,02 Sep 2008,0.24643,0.24798
Week 3,09 Sep 2008,0.25838,0.25998
Week 4,16 Sep 2008,0.26754,0.27010

Week 1,23 Sep 2008,0.26750,0.26984
Week 2,30 Sep 2008,0.28480,0.28762
Week 3,07 Oct 2008,0.32827,0.33212
Week 4,14 Oct 2008,0.31147,0.31788

Week 1,21 Oct 2008,0.32859,0.33206
Week 2,28 Oct 2008,0.31304,0.31985
Week 3,04 Nov 2008,0.31345,0.31680
Week 4,11 Nov 2008,0.32774,0.33267

Week 1,18 Nov 2008,0.34678,0.35052
Week 2,25 Nov 2008,0.33690,0.34023
Week 3,02 Dec 2008,0.35794,0.36341
Week 4,09 Dec 2008,0.35056,0.35506

Week 1,16 Dec 2008,0.34462,0.34832
Week 2,23 Dec 2008,0.34122,0.35311
Week 3,30 Dec 2008,0.34138,0.34524
Week 4,06 Jan 2009,0.33008,0.33341

Week 1,13 Jan 2009,0.33874,0.34375
Week 2,20 Jan 2009,0.34014,0.34629
Week 3,27 Jan 2009,0.33584,0.33863
Week 4,03 Feb 2009,0.33294,0.33730

Week 1,10 Feb 2009,0.33019,0.33456
Week 2,17 Feb 2009,0.33969,0.34573
Week 3,24 Feb 2009,0.34462,0.34908
Week 4,03 Mar 2009,0.34739,0.35254

Week 1,10 Mar 2009,0.33893,0.34238
Week 2,17 Mar 2009,0.32870,0.33386
Week 3,24 Mar 2009,0.32966,0.33173
Week 4,31 Mar 2009,0.32879,0.33349

Week 1,07 Apr 2009,0.32080,0.32277
Week 2,14 Apr 2009,0.31879,0.32082
Week 3,21 Apr 2009,0.32155,0.32625
Week 4,28 Apr 2009,0.31881,0.32141

Week 1,05 May 2009,0.30742,0.31235
Week 2,12 May 2009,0.30380,0.30602
Week 3,19 May 2009,0.29831,0.30015
Week 4,26 May 2009,0.29325,0.29501

Week 1,02 Jun 2009,0.28396,0.28894
Week 2,09 Jun 2009,0.28394,0.28577
Week 3,16 Jun 2009,0.28358,0.28919
Week 4,23 Jun 2009,0.28698,0.28885

Week 1,30 Jun 2009,0.28336,0.28723
Week 2,07 Jul 2009,0.28891,0.29293
Week 3,14 Jul 2009,0.28441,0.28619
Week 4,21 Jul 2009,0.27739,0.27915

Week 1,28 Jul 2009,0.27412,0.27561
Week 2,04 Aug 2009,0.26579,0.26950
Week 3,11 Aug 2009,0.26851,0.27005
Week 4,18 Aug 2009,0.26823,0.27251

Week 1,25 Aug 2009,0.26969,0.27467
Week 2,01 Sep 2009,0.27273,0.27477
Week 3,08 Sep 2009,0.26687,0.26840
Week 4,15 Sep 2009,0.26407,0.26574

Week 1,22 Sep 2009,0.26220,0.26597
Week 2,29 Sep 2009,0.25931,0.26296
Week 3,06 Oct 2009,0.25398,0.25882
Week 4,13 Oct 2009,0.24910,0.25394

Week 1,20 Oct 2009,0.25203,0.25340
Week 2,27 Oct 2009,0.25346,0.25667
Week 3,03 Nov 2009,0.25304,0.25448
Week 4,10 Nov 2009,0.25128,0.25250

Week 1,17 Nov 2009,0.25176,0.25324
Week 2,24 Nov 2009,0.25358,0.25488
Week 3,01 Dec 2009,0.25224,0.25355
Week 4,08 Dec 2009,0.25620,0.25770

Week 1,15 Dec 2009,0.25837,0.25985
Week 2,22 Dec 2009,0.25648,0.26198
Week 3,29 Dec 2009,0.25446,0.25605
Week 4,05 Jan 2010,0.25302,0.25421

Week 1,12 Jan 2010,0.25571,0.25832
Week 2,19 Jan 2010,0.26212,0.26392
Week 3,26 Jan 2010,0.27007,0.27289
Week 4,02 Feb 2010,0.27239,0.27437

Week 1,09 Feb 2010,0.27055,0.27393
Week 2,16 Feb 2010,0.26643,0.26929
Week 3,23 Feb 2010,0.26474,0.26778
Week 4,02 Mar 2010,0.25919,0.26450

Week 1,09 Mar 2010,0.25879,0.26041
Week 2,16 Mar 2010,0.25985,0.26177
Week 3,23 Mar 2010,0.26147,0.26734
Week 4,30 Mar 2010,0.26004,0.26213

Week 1,06 Apr 2010,0.25757,0.26022
Week 2,13 Apr 2010,0.25623,0.25859
Week 3,20 Apr 2010,0.25686,0.25829
Week 4,27 Apr 2010,0.25291,0.25731

Week 1,04 May 2010,0.26133,0.26659
Week 2,11 May 2010,0.26105,0.26309
Week 3,18 May 2010,0.26886,0.27079
Week 4,25 May 2010,0.26785,0.27091

Week 1,01 Jun 2010,0.26544,0.27081
Week 2,08 Jun 2010,0.26756,0.26920
Week 3,15 Jun 2010,0.25911,0.26411
Week 4,22 Jun 2010,0.26083,0.26286

Week 1,29 Jun 2010,0.26096,0.26651
Week 2,06 Jul 2010,0.25990,0.26163
Week 3,13 Jul 2010,0.25828,0.26355
Week 4,20 Jul 2010,0.26016,0.26316

Week 1,27 Jul 2010,0.25937,0.26086
Week 2,03 Aug 2010,0.25846,0.26014
Week 3,10 Aug 2010,0.25946,0.26107
Week 4,17 Aug 2010,0.25628,0.26149

Week 1,24 Aug 2010,0.25668,0.26077
Week 2,31 Aug 2010,0.25403,0.25713
Week 3,07 Sep 2010,0.25352,0.25504
Week 4,14 Sep 2010,0.25241,0.25705

Week 1,21 Sep 2010,0.25537,0.25723
Week 2,28 Sep 2010,0.25197,0.25545
Week 3,05 Oct 2010,0.24979,0.25259
Week 4,12 Oct 2010,0.24780,0.25150

Week 1,19 Oct 2010,0.25257,0.25422
Week 2,26 Oct 2010,0.25481,0.25623
Week 3,02 Nov 2010,0.25234,0.25415
Week 4,09 Nov 2010,0.25665,0.25811

Week 1,16 Nov 2010,0.25853,0.26010
Week 2,23 Nov 2010,0.25852,0.26004
Week 3,30 Nov 2010,0.25519,0.25662
Week 4,07 Dec 2010,0.25419,0.25563

Week 1,14 Dec 2010,0.25433,0.25790
Week 2,21 Dec 2010,0.25421,0.25646
Week 3,28 Dec 2010,0.25193,0.25443
Week 4,04 Jan 2011,0.25227,0.25384

Week 1,11 Jan 2011,0.25387,0.25542
Week 2,18 Jan 2011,0.25231,0.25569
Week 3,25 Jan 2011,0.25374,0.25537
Week 4,01 Feb 2011,0.25246,0.25619

Week 1,08 Feb 2011,0.25275,0.25459
Week 2,15 Feb 2011,0.25255,0.25409
Week 3,22 Feb 2011,0.25264,0.25415
Week 4,01 Mar 2011,0.25119,0.25244

Week 1,08 Mar 2011,0.25179,0.25301
Week 2,15 Mar 2011,0.25340,0.25473
Week 3,22 Mar 2011,0.25251,0.25398
Week 4,29 Mar 2011,0.24904,0.25026

Week 1,05 Apr 2011,0.24347,0.24479
Week 2,12 Apr 2011,0.24120,0.24250
Week 3,19 Apr 2011,0.24066,0.24210
Week 4,26 Apr 2011,0.24096,0.24210

Week 1,03 May 2011,0.24564,0.24677
Week 2,10 May 2011,0.24960,0.25037
Week 3,17 May 2011,0.24865,0.25004
Week 4,24 May 2011,0.24861,0.24960

Week 1,31 May 2011,0.24375,0.24476
Week 2,07 Jun 2011,0.24418,0.24543
Week 3,14 Jun 2011,0.24563,0.24691
Week 4,21 Jun 2011,0.24613,0.24724

Week 1,28 Jun 2011,0.24225,0.24327
Week 2,05 Jul 2011,0.24105,0.24206
Week 3,12 Jul 2011,0.24351,0.24434
Week 4,19 Jul 2011,0.24167,0.24291

Week 1,26 Jul 2011,0.24037,0.24165
Week 2,02 Aug 2011,0.24438,0.24612
Week 3,09 Aug 2011,0.25148,0.25336
Week 4,16 Aug 2011,0.24951,0.25147

Week 1,23 Aug 2011,0.25078,0.25232
Week 2,30 Aug 2011,0.25164,0.25313
Week 3,06 Sep 2011,0.25925,0.26085
Week 4,13 Sep 2011,0.26684,0.26840

Week 1,20 Sep 2011,0.28465,0.28674
Week 2,27 Sep 2011,0.28601,0.28788
Week 3,04 Oct 2011,0.28479,0.28683
Week 4,11 Oct 2011,0.27385,0.27577

Week 1,18 Oct 2011,0.27590,0.27761
Week 2,25 Oct 2011,0.27121,0.27275
Week 3,01 Nov 2011,0.27156,0.27345
Week 4,08 Nov 2011,0.27540,0.27695

Week 1,15 Nov 2011,0.27812,0.28001
Week 2,22 Nov 2011,0.28913,0.29126
Week 3,29 Nov 2011,0.28501,0.28795
Week 4,06 Dec 2011,0.28292,0.28479

Week 1,13 Dec 2011,0.28893,0.29110
Week 2,20 Dec 2011,0.29086,0.29279
Week 3,27 Dec 2011,0.29238,0.29436
Week 4,03 Jan 2012,0.29097,0.29295

Week 1,10 Jan 2012,0.28512,0.28681
Week 2,17 Jan 2012,0.28017,0.28203
Week 3,24 Jan 2012,0.27699,0.27886
Week 4,31 Jan 2012,0.27427,0.27581

Week 1,07 Feb 2012,0.27284,0.27453
Week 2,14 Feb 2012,0.27217,0.27385
Week 3,21 Feb 2012,0.27113,0.27270
Week 4,28 Feb 2012,0.27175,0.27339

Week 1,06 Mar 2012,0.27899,0.28054
Week 2,13 Mar 2012,0.28361,0.28541
Week 3,20 Mar 2012,0.28610,0.28852
Week 4,27 Mar 2012,0.28752,0.28929

Week 1,03 Apr 2012,0.28858,0.29027
Week 2,10 Apr 2012,0.28911,0.29109
Week 3,17 Apr 2012,0.29461,0.29627
Week 4,24 Apr 2012,0.29743,0.29912

Week 1,01 May 2012,0.30175,0.30464
Week 2,08 May 2012,0.30802,0.30985
Week 3,15 May 2012,0.31593,0.31774
Week 4,22 May 2012,0.31904,0.32108

Week 1,29 May 2012,0.31650,0.31836
Week 2,05 Jun 2012,0.31934,0.32241
Week 3,12 Jun 2012,0.32385,0.32619
Week 4,19 Jun 2012,0.32431,0.32611

Week 1,26 Jun 2012,0.32453,0.32657
Week 2,03 Jul 2012,0.31859,0.32099
Week 3,10 Jul 2012,0.32180,0.32314
Week 4,17 Jul 2012,0.32050,0.32194

Week 1,24 Jul 2012,0.32025,0.32139
Week 2,31 Jul 2012,0.32192,0.32309
Week 3,07 Aug 2012,0.31900,0.32013
Week 4,14 Aug 2012,0.31823,0.31915

Week 1,21 Aug 2012,0.31846,0.31998
Week 2,28 Aug 2012,0.32086,0.32243
Week 3,04 Sep 2012,0.32004,0.32169
Week 4,11 Sep 2012,0.31829,0.31982

Week 1,18 Sep 2012,0.31889,0.32043
Week 2,25 Sep 2012,0.31959,0.32110
Week 3,02 Oct 2012,0.31932,0.32130
Week 4,09 Oct 2012,0.32183,0.32385

Week 1,16 Oct 2012,0.32214,0.32338
Week 2,23 Oct 2012,0.32161,0.32274
Week 3,30 Oct 2012,0.32243,0.32354
Week 4,06 Nov 2012,0.32364,0.32496

Week 1,13 Nov 2012,0.32866,0.32990
Week 2,20 Nov 2012,0.33190,0.33324
Week 3,27 Nov 2012,0.33503,0.33612
Week 4,04 Dec 2012,0.33298,0.33407

Week 1,11 Dec 2012,0.33044,0.33150
Week 2,18 Dec 2012,0.32918,0.33176
Week 3,25 Dec 2012,0.32597,0.32699
Week 4,01 Jan 2013,0.32372,0.32480

Week 1,08 Jan 2013,0.32339,0.32449
Week 2,15 Jan 2013,0.32508,0.32660
Week 3,22 Jan 2013,0.32353,0.32472
Week 4,29 Jan 2013,0.31618,0.31792

Week 1,05 Feb 2013,0.31420,0.31530
Week 2,12 Feb 2013,0.31224,0.31352
Week 3,19 Feb 2013,0.31199,0.31359
Week 4,26 Feb 2013,0.31404,0.31569

Week 1,05 Mar 2013,0.31180,0.31295
Week 2,12 Mar 2013,0.31385,0.31507
Week 3,19 Mar 2013,0.31748,0.31890
Week 4,26 Mar 2013,0.32069,0.32217

Week 1,02 Apr 2013,0.32037,0.32178
Week 2,09 Apr 2013,0.31536,0.31751
Week 3,16 Apr 2013,0.31986,0.32146
Week 4,23 Apr 2013,0.32177,0.32330

Week 1,30 Apr 2013,0.32244,0.32389
Week 2,07 May 2013,0.32393,0.32527
Week 3,14 May 2013,0.32529,0.32716
Week 4,21 May 2013,0.32930,0.33134

Week 1,28 May 2013,0.33829,0.34027
Week 2,04 Jun 2013,0.34415,0.34639
Week 3,11 Jun 2013,0.34624,0.34827
Week 4,18 Jun 2013,0.35704,0.35890

Week 1,25 Jun 2013,0.35687,0.35945
Week 2,02 Jul 2013,0.36292,0.36461
Week 3,09 Jul 2013,0.36539,0.36712
Week 4,16 Jul 2013,0.36158,0.36305

Week 1,23 Jul 2013,0.36230,0.36418
Week 2,30 Jul 2013,0.36850,0.37042
Week 3,06 Aug 2013,0.37063,0.37208
Week 4,13 Aug 2013,0.37823,0.37986

Week 1,20 Aug 2013,0.38964,0.39194
Week 2,27 Aug 2013,0.38402,0.38567
Week 3,03 Sep 2013,0.37965,0.38142
Week 4,10 Sep 2013,0.36964,0.37198

Week 1,17 Sep 2013,0.36221,0.36404
Week 2,24 Sep 2013,0.36170,0.36370
Week 3,01 Oct 2013,0.35967,0.36185
Week 4,08 Oct 2013,0.35647,0.35901

Week 1,15 Oct 2013,0.35397,0.35569
Week 2,22 Oct 2013,0.35588,0.35748
Week 3,29 Oct 2013,0.36064,0.36206
Week 4,05 Nov 2013,0.37188,0.37398

Week 1,12 Nov 2013,0.37834,0.37976
Week 2,19 Nov 2013,0.37186,0.37312
Week 3,26 Nov 2013,0.37685,0.37840
Week 4,03 Dec 2013,0.38340,0.38487

Week 1,10 Dec 2013,0.37986,0.38193
Week 2,17 Dec 2013,0.38381,0.38530
Week 3,24 Dec 2013,0.38388,0.38578
Week 4,31 Dec 2013,0.38707,0.38941

Week 1,07 Jan 2014,0.38849,0.38996
Week 2,14 Jan 2014,0.38564,0.38738
Week 3,21 Jan 2014,0.38891,0.39079
Week 4,28 Jan 2014,0.39541,0.39718

Week 1,04 Feb 2014,0.39205,0.39393
Week 2,11 Feb 2014,0.39229,0.39428
Week 3,18 Feb 2014,0.38747,0.38913
Week 4,25 Feb 2014,0.38096,0.38245

Week 1,04 Mar 2014,0.38045,0.38188
Week 2,11 Mar 2014,0.38205,0.38375
Week 3,18 Mar 2014,0.37857,0.38076
Week 4,25 Mar 2014,0.37096,0.37257

Week 1,01 Apr 2014,0.36574,0.36778
Week 2,08 Apr 2014,0.35767,0.35929
Week 3,15 Apr 2014,0.36050,0.36214
Week 4,22 Apr 2014,0.36105,0.36250

Week 1,29 Apr 2014,0.36080,0.36236
Week 2,06 May 2014,0.36007,0.36155
Week 3,13 May 2014,0.35823,0.35975
Week 4,20 May 2014,0.35837,0.35976

Week 1,27 May 2014,0.36114,0.36249
Week 2,03 Jun 2014,0.36599,0.36752
Week 3,10 Jun 2014,0.36187,0.36341
Week 4,17 Jun 2014,0.36197,0.36332

Week 1,24 Jun 2014,0.35809,0.35925
Week 2,01 Jul 2014,0.35756,0.35915
Week 3,08 Jul 2014,0.35881,0.36042
Week 4,15 Jul 2014,0.35995,0.36180

Week 1,22 Jul 2014,0.35981,0.36130
Week 2,29 Jul 2014,0.36342,0.36491
Week 3,05 Aug 2014,0.36875,0.37057
Week 4,12 Aug 2014,0.36838,0.36986

Week 1,19 Aug 2014,0.36711,0.36880
Week 2,26 Aug 2014,0.36505,0.36760
Week 3,02 Sep 2014,0.36238,0.36521
Week 4,09 Sep 2014,0.37061,0.37324

Week 1,16 Sep 2014,0.38214,0.38374
Week 2,23 Sep 2014,0.39126,0.39386
Week 3,30 Sep 2014,0.39932,0.40086
Week 4,07 Oct 2014,0.39197,0.39442

Week 1,14 Oct 2014,0.39514,0.39673
Week 2,21 Oct 2014,0.40154,0.40286
Week 3,28 Oct 2014,0.40071,0.40232
Week 4,04 Nov 2014,0.41030,0.41342

Week 1,11 Nov 2014,0.41832,0.42040
Week 2,18 Nov 2014,0.41693,0.41816
Week 3,25 Nov 2014,0.41157,0.41458
Week 4,02 Dec 2014,0.41913,0.42089

Week 1,09 Dec 2014,0.42753,0.42939
Week 2,16 Dec 2014,0.43642,0.43832
Week 3,23 Dec 2014,0.43581,0.43791
Week 4,30 Dec 2014,0.43493,0.43728

Week 1,06 Jan 2015,0.43490,0.43719
Week 2,13 Jan 2015,0.43013,0.43247
Week 3,20 Jan 2015,0.42252,0.42479
Week 4,27 Jan 2015,0.42404,0.42636

Week 1,03 Feb 2015,0.44425,0.44646
Week 2,10 Feb 2015,0.45859,0.46112
Week 3,17 Feb 2015,0.46255,0.46477
Week 4,24 Feb 2015,0.46415,0.46657

Week 1,03 Mar 2015,0.48218,0.48507
Week 2,10 Mar 2015,0.51221,0.51527
Week 3,17 Mar 2015,0.52775,0.53088
Week 4,24 Mar 2015,0.52035,0.52366

Week 1,31 Mar 2015,0.51693,0.52025
Week 2,07 Apr 2015,0.50368,0.50702
Week 3,14 Apr 2015,0.49888,0.50225
Week 4,21 Apr 2015,0.48925,0.49273

Week 1,28 Apr 2015,0.48558,0.48931
Week 2,05 May 2015,0.49396,0.49767
Week 3,12 May 2015,0.49207,0.49611
Week 4,19 May 2015,0.49704,0.50119

Week 1,26 May 2015,0.51352,0.51819
Week 2,02 Jun 2015,0.51304,0.51755
Week 3,09 Jun 2015,0.50685,0.51122
Week 4,16 Jun 2015,0.50404,0.50839

Week 1,23 Jun 2015,0.50667,0.51127
Week 2,30 Jun 2015,0.50972,0.51466
Week 3,07 Jul 2015,0.51826,0.52301
Week 4,14 Jul 2015,0.51517,0.51964

Week 1,21 Jul 2015,0.53238,0.53683
Week 2,28 Jul 2015,0.54629,0.55005
Week 3,04 Aug 2015,0.56038,0.56313
Week 4,11 Aug 2015,0.54651,0.54949

Week 1,18 Aug 2015,0.54376,0.54660
Week 2,25 Aug 2015,0.55663,0.55951
Week 3,01 Sep 2015,0.58634,0.58959
Week 4,08 Sep 2015,0.60116,0.60433

Week 1,15 Sep 2015,0.60852,0.61167
Week 2,22 Sep 2015,0.63241,0.63590
Week 3,29 Sep 2015,0.62626,0.62951
Week 4,06 Oct 2015,0.60211,0.60492

Week 1,13 Oct 2015,0.60433,0.60704
Week 2,20 Oct 2015,0.61282,0.61575
Week 3,27 Oct 2015,0.61057,0.61345
Week 4,03 Nov 2015,0.59688,0.59963

Week 1,10 Nov 2015,0.59651,0.59882
Week 2,17 Nov 2015,0.58834,0.59099
Week 3,24 Nov 2015,0.58799,0.59088
Week 4,01 Dec 2015,0.59271,0.59598

Week 1,08 Dec 2015,0.59173,0.59293
Week 2,15 Dec 2015,0.60449,0.60566
Week 3,22 Dec 2015,0.61213,0.61328
Week 4,29 Dec 2015,0.60488,0.60591

Week 1,05 Jan 2016,0.61270,0.61406
Week 2,12 Jan 2016,0.61295,0.61418
Week 3,19 Jan 2016,0.62089,0.62228
Week 4,26 Jan 2016,0.61560,0.61682

Week 1,02 Feb 2016,0.59717,0.59855
Week 2,09 Feb 2016,0.60027,0.60172
Week 3,16 Feb 2016,0.61555,0.61689
Week 4,23 Feb 2016,0.60796,0.60912

Week 1,01 Mar 2016,0.58992,0.59122
Week 2,08 Mar 2016,0.56537,0.56647
Week 3,15 Mar 2016,0.56392,0.56527
Week 4,22 Mar 2016,0.56104,0.56254

Week 1,29 Mar 2016,0.55600,0.55726
Week 2,05 Apr 2016,0.55966,0.56097
Week 3,12 Apr 2016,0.54292,0.54403
Week 4,19 Apr 2016,0.54780,0.54916

Week 1,26 Apr 2016,0.53882,0.54018
Week 2,03 May 2016,0.54113,0.54236
Week 3,10 May 2016,0.53619,0.53750
Week 4,17 May 2016,0.54089,0.54229

Week 1,24 May 2016,0.54609,0.54741
Week 2,31 May 2016,0.54215,0.54349
Week 3,07 Jun 2016,0.52242,0.52361
Week 4,14 Jun 2016,0.52316,0.52447

Week 1,21 Jun 2016,0.51194,0.51323
Week 2,28 Jun 2016,0.49215,0.49328
Week 3,05 Jul 2016,0.49348,0.49465
Week 4,12 Jul 2016,0.48980,0.49114

Week 1,19 Jul 2016,0.48735,0.48868
Week 2,26 Jul 2016,0.48998,0.49122
Week 3,02 Aug 2016,0.48374,0.48496
Week 4,09 Aug 2016,0.47545,0.47653

Week 1,16 Aug 2016,0.48245,0.48345
Week 2,23 Aug 2016,0.48499,0.48585
Week 3,30 Aug 2016,0.48578,0.48647
Week 4,06 Sep 2016,0.48506,0.48564

Week 1,13 Sep 2016,0.49243,0.49322
Week 2,20 Sep 2016,0.48581,0.48653
Week 3,27 Sep 2016,0.48635,0.48698
Week 4,04 Oct 2016,0.48361,0.48445

Week 1,11 Oct 2016,0.47619,0.47686
Week 2,18 Oct 2016,0.46941,0.47007
Week 3,25 Oct 2016,0.46572,0.46640
Week 4,01 Nov 2016,0.47778,0.47846

Week 1,08 Nov 2016,0.48471,0.48564
Week 2,15 Nov 2016,0.49676,0.49746
Week 3,22 Nov 2016,0.49177,0.49248
Week 4,29 Nov 2016,0.50011,0.50094

Week 1,06 Dec 2016,0.49000,0.49123
Week 2,13 Dec 2016,0.48557,0.48640
Week 3,20 Dec 2016,0.47724,0.47798
Week 4,27 Dec 2016,0.46958,0.47027

Week 1,03 Jan 2017,0.46664,0.46735
Week 2,10 Jan 2017,0.46299,0.46370
Week 3,17 Jan 2017,0.46564,0.46654
Week 4,24 Jan 2017,0.45938,0.46023

Week 1,31 Jan 2017,0.45446,0.45520
Week 2,07 Feb 2017,0.45346,0.45414
Week 3,14 Feb 2017,0.45029,0.45091
Week 4,21 Feb 2017,0.44946,0.45010

Week 1,28 Feb 2017,0.45229,0.45294
Week 2,07 Mar 2017,0.45513,0.45569
Week 3,14 Mar 2017,0.45215,0.45276
Week 4,21 Mar 2017,0.44987,0.45046

Week 1,28 Mar 2017,0.45404,0.45462
Week 2,04 Apr 2017,0.45323,0.45380
Week 3,11 Apr 2017,0.45537,0.45591
Week 4,18 Apr 2017,0.45513,0.45583

Week 1,25 Apr 2017,0.45923,0.45985
Week 2,02 May 2017,0.45995,0.46065
Week 3,09 May 2017,0.45720,0.45784
Week 4,16 May 2017,0.46385,0.46444

Week 1,23 May 2017,0.47504,0.47561
Week 2,30 May 2017,0.47571,0.47627
Week 3,06 Jun 2017,0.48189,0.48255
Week 4,13 Jun 2017,0.48360,0.48412

Week 1,20 Jun 2017,0.48636,0.48745
Week 2,27 Jun 2017,0.48570,0.48634
Week 3,04 Jul 2017,0.48414,0.48485
Week 4,11 Jul 2017,0.47396,0.47450

Week 1,18 Jul 2017,0.46590,0.46654
Week 2,25 Jul 2017,0.46627,0.46685
Week 3,01 Aug 2017,0.46458,0.46526
Week 4,08 Aug 2017,0.47261,0.47321

Week 1,15 Aug 2017,0.47405,0.47460
Week 2,22 Aug 2017,0.47364,0.47426
Week 3,29 Aug 2017,0.47841,0.47902
Week 4,05 Sep 2017,0.47759,0.47822

Week 1,12 Sep 2017,0.47600,0.47674
Week 2,19 Sep 2017,0.47499,0.47561
Week 3,26 Sep 2017,0.47642,0.47701
Week 4,03 Oct 2017,0.47336,0.47401

Week 1,10 Oct 2017,0.47987,0.48043
Week 2,17 Oct 2017,0.47952,0.48024
Week 3,24 Oct 2017,0.48782,0.48844
Week 4,31 Oct 2017,0.49504,0.49573

Week 1,07 Nov 2017,0.49224,0.49300
Week 2,14 Nov 2017,0.49441,0.49507
Week 3,21 Nov 2017,0.49008,0.49064
Week 4,28 Nov 2017,0.49049,0.49116

Week 1,05 Dec 2017,0.48993,0.49052



