CHI->GBP

Week 1,01 Dec 1998,0.07286,0.07290
Week 2,08 Dec 1998,0.07222,0.07225
Week 3,15 Dec 1998,0.07181,0.07185
Week 4,22 Dec 1998,0.07210,0.07213

Week 1,29 Dec 1998,0.07283,0.07286
Week 2,05 Jan 1999,0.07333,0.07336
Week 3,12 Jan 1999,0.07326,0.07329
Week 4,19 Jan 1999,0.07304,0.07307

Week 1,26 Jan 1999,0.07325,0.07328
Week 2,02 Feb 1999,0.07395,0.07398
Week 3,09 Feb 1999,0.07405,0.07408
Week 4,16 Feb 1999,0.07416,0.07419

Week 1,23 Feb 1999,0.07529,0.07532
Week 2,02 Mar 1999,0.07508,0.07511
Week 3,09 Mar 1999,0.07429,0.07433
Week 4,16 Mar 1999,0.07420,0.07423

Week 1,23 Mar 1999,0.07422,0.07426
Week 2,30 Mar 1999,0.07512,0.07516
Week 3,06 Apr 1999,0.07529,0.07533
Week 4,13 Apr 1999,0.07482,0.07485

Week 1,20 Apr 1999,0.07487,0.07491
Week 2,27 Apr 1999,0.07490,0.07493
Week 3,04 May 1999,0.07416,0.07419
Week 4,11 May 1999,0.07459,0.07462

Week 1,18 May 1999,0.07507,0.07511
Week 2,25 May 1999,0.07545,0.07548
Week 3,01 Jun 1999,0.07510,0.07514
Week 4,08 Jun 1999,0.07506,0.07509

Week 1,15 Jun 1999,0.07576,0.07579
Week 2,22 Jun 1999,0.07622,0.07626
Week 3,29 Jun 1999,0.07655,0.07658
Week 4,06 Jul 1999,0.07763,0.07766

Week 1,13 Jul 1999,0.07732,0.07736
Week 2,20 Jul 1999,0.07647,0.07651
Week 3,27 Jul 1999,0.07507,0.07510
Week 4,03 Aug 1999,0.07485,0.07489

Week 1,10 Aug 1999,0.07509,0.07513
Week 2,17 Aug 1999,0.07503,0.07506
Week 3,24 Aug 1999,0.07599,0.07603
Week 4,31 Aug 1999,0.07522,0.07525

Week 1,07 Sep 1999,0.07465,0.07469
Week 2,14 Sep 1999,0.07470,0.07474
Week 3,21 Sep 1999,0.07372,0.07376
Week 4,28 Sep 1999,0.07318,0.07322

Week 1,05 Oct 1999,0.07306,0.07310
Week 2,12 Oct 1999,0.07265,0.07269
Week 3,19 Oct 1999,0.07260,0.07264
Week 4,26 Oct 1999,0.07372,0.07376

Week 1,02 Nov 1999,0.07398,0.07402
Week 2,09 Nov 1999,0.07459,0.07463
Week 3,16 Nov 1999,0.07451,0.07455
Week 4,23 Nov 1999,0.07523,0.07527

Week 1,30 Nov 1999,0.07578,0.07582
Week 2,07 Dec 1999,0.07476,0.07479
Week 3,14 Dec 1999,0.07503,0.07507
Week 4,21 Dec 1999,0.07482,0.07486

Week 1,28 Dec 1999,0.07469,0.07473
Week 2,04 Jan 2000,0.07363,0.07367
Week 3,11 Jan 2000,0.07359,0.07364
Week 4,18 Jan 2000,0.07339,0.07344

Week 1,25 Jan 2000,0.07394,0.07399
Week 2,01 Feb 2000,0.07540,0.07545
Week 3,08 Feb 2000,0.07536,0.07540
Week 4,15 Feb 2000,0.07544,0.07549

Week 1,22 Feb 2000,0.07547,0.07552
Week 2,29 Feb 2000,0.07637,0.07641
Week 3,07 Mar 2000,0.07651,0.07656
Week 4,14 Mar 2000,0.07663,0.07668

Week 1,21 Mar 2000,0.07620,0.07625
Week 2,28 Mar 2000,0.07585,0.07589
Week 3,04 Apr 2000,0.07616,0.07621
Week 4,11 Apr 2000,0.07607,0.07612

Week 1,18 Apr 2000,0.07643,0.07648
Week 2,25 Apr 2000,0.07709,0.07713
Week 3,02 May 2000,0.07823,0.07828
Week 4,09 May 2000,0.07946,0.07951

Week 1,16 May 2000,0.08098,0.08103
Week 2,23 May 2000,0.08132,0.08138
Week 3,30 May 2000,0.08043,0.08048
Week 4,06 Jun 2000,0.07970,0.07976

Week 1,13 Jun 2000,0.07990,0.07996
Week 2,20 Jun 2000,0.08010,0.08015
Week 3,27 Jun 2000,0.07986,0.07992
Week 4,04 Jul 2000,0.07984,0.07989

Week 1,11 Jul 2000,0.08019,0.08024
Week 2,18 Jul 2000,0.08007,0.08012
Week 3,25 Jul 2000,0.07995,0.08000
Week 4,01 Aug 2000,0.08053,0.08058

Week 1,08 Aug 2000,0.08033,0.08038
Week 2,15 Aug 2000,0.08067,0.08072
Week 3,22 Aug 2000,0.08166,0.08172
Week 4,29 Aug 2000,0.08264,0.08269

Week 1,05 Sep 2000,0.08421,0.08427
Week 2,12 Sep 2000,0.08609,0.08615
Week 3,19 Sep 2000,0.08431,0.08436
Week 4,26 Sep 2000,0.08248,0.08256

Week 1,03 Oct 2000,0.08285,0.08305
Week 2,10 Oct 2000,0.08291,0.08297
Week 3,17 Oct 2000,0.08333,0.08339
Week 4,24 Oct 2000,0.08340,0.08346

Week 1,31 Oct 2000,0.08332,0.08337
Week 2,07 Nov 2000,0.08454,0.08459
Week 3,14 Nov 2000,0.08463,0.08468
Week 4,21 Nov 2000,0.08585,0.08590

Week 1,28 Nov 2000,0.08450,0.08454
Week 2,05 Dec 2000,0.08354,0.08361
Week 3,12 Dec 2000,0.08243,0.08247
Week 4,19 Dec 2000,0.08191,0.08195

Week 1,26 Dec 2000,0.08102,0.08108
Week 2,02 Jan 2001,0.08054,0.08059
Week 3,09 Jan 2001,0.08124,0.08129
Week 4,16 Jan 2001,0.08222,0.08225

Week 1,23 Jan 2001,0.08257,0.08262
Week 2,30 Jan 2001,0.08230,0.08235
Week 3,06 Feb 2001,0.08315,0.08321
Week 4,13 Feb 2001,0.08326,0.08331

Week 1,20 Feb 2001,0.08332,0.08338
Week 2,27 Feb 2001,0.08287,0.08293
Week 3,06 Mar 2001,0.08231,0.08236
Week 4,13 Mar 2001,0.08374,0.08379

Week 1,20 Mar 2001,0.08463,0.08468
Week 2,27 Mar 2001,0.08470,0.08475
Week 3,03 Apr 2001,0.08429,0.08434
Week 4,10 Apr 2001,0.08400,0.08405

Week 1,17 Apr 2001,0.08396,0.08402
Week 2,24 Apr 2001,0.08395,0.08400
Week 3,01 May 2001,0.08411,0.08417
Week 4,08 May 2001,0.08484,0.08489

Week 1,15 May 2001,0.08434,0.08440
Week 2,22 May 2001,0.08486,0.08492
Week 3,29 May 2001,0.08501,0.08506
Week 4,05 Jun 2001,0.08670,0.08676

Week 1,12 Jun 2001,0.08671,0.08677
Week 2,19 Jun 2001,0.08576,0.08581
Week 3,26 Jun 2001,0.08539,0.08544
Week 4,03 Jul 2001,0.08569,0.08574

Week 1,10 Jul 2001,0.08584,0.08589
Week 2,17 Jul 2001,0.08509,0.08514
Week 3,24 Jul 2001,0.08478,0.08483
Week 4,31 Jul 2001,0.08450,0.08454

Week 1,07 Aug 2001,0.08494,0.08499
Week 2,14 Aug 2001,0.08393,0.08397
Week 3,21 Aug 2001,0.08352,0.08357
Week 4,28 Aug 2001,0.08315,0.08320

Week 1,04 Sep 2001,0.08293,0.08297
Week 2,11 Sep 2001,0.08213,0.08222
Week 3,18 Sep 2001,0.08253,0.08270
Week 4,25 Sep 2001,0.08195,0.08219

Week 1,02 Oct 2001,0.08159,0.08182
Week 2,09 Oct 2001,0.08294,0.08318
Week 3,16 Oct 2001,0.08371,0.08396
Week 4,23 Oct 2001,0.08431,0.08455

Week 1,30 Oct 2001,0.08274,0.08297
Week 2,06 Nov 2001,0.08277,0.08300
Week 3,13 Nov 2001,0.08402,0.08426
Week 4,20 Nov 2001,0.08542,0.08563

Week 1,27 Nov 2001,0.08486,0.08511
Week 2,04 Dec 2001,0.08452,0.08476
Week 3,11 Dec 2001,0.08344,0.08367
Week 4,18 Dec 2001,0.08335,0.08358

Week 1,25 Dec 2001,0.08324,0.08348
Week 2,01 Jan 2002,0.08335,0.08359
Week 3,08 Jan 2002,0.08361,0.08384
Week 4,15 Jan 2002,0.08384,0.08407

Week 1,22 Jan 2002,0.08497,0.08521
Week 2,29 Jan 2002,0.08532,0.08556
Week 3,05 Feb 2002,0.08522,0.08546
Week 4,12 Feb 2002,0.08438,0.08461

Week 1,19 Feb 2002,0.08437,0.08461
Week 2,26 Feb 2002,0.08500,0.08524
Week 3,05 Mar 2002,0.08475,0.08500
Week 4,12 Mar 2002,0.08491,0.08516

Week 1,19 Mar 2002,0.08461,0.08485
Week 2,26 Mar 2002,0.08462,0.08486
Week 3,02 Apr 2002,0.08407,0.08431
Week 4,09 Apr 2002,0.08393,0.08416

Week 1,16 Apr 2002,0.08351,0.08374
Week 2,23 Apr 2002,0.08297,0.08321
Week 3,30 Apr 2002,0.08237,0.08260
Week 4,07 May 2002,0.08245,0.08268

Week 1,14 May 2002,0.08281,0.08304
Week 2,21 May 2002,0.08277,0.08300
Week 3,28 May 2002,0.08270,0.08293
Week 4,04 Jun 2002,0.08261,0.08284

Week 1,11 Jun 2002,0.08192,0.08215
Week 2,18 Jun 2002,0.08080,0.08103
Week 3,25 Jun 2002,0.07921,0.07943
Week 4,02 Jul 2002,0.07901,0.07923

Week 1,09 Jul 2002,0.07780,0.07801
Week 2,16 Jul 2002,0.07662,0.07683
Week 3,23 Jul 2002,0.07682,0.07704
Week 4,30 Jul 2002,0.07698,0.07719

Week 1,06 Aug 2002,0.07863,0.07884
Week 2,13 Aug 2002,0.07851,0.07873
Week 3,20 Aug 2002,0.07914,0.07937
Week 4,27 Aug 2002,0.07829,0.07851

Week 1,03 Sep 2002,0.07735,0.07756
Week 2,10 Sep 2002,0.07761,0.07783
Week 3,17 Sep 2002,0.07785,0.07808
Week 4,24 Sep 2002,0.07743,0.07764

Week 1,01 Oct 2002,0.07698,0.07720
Week 2,08 Oct 2002,0.07724,0.07745
Week 3,15 Oct 2002,0.07782,0.07804
Week 4,22 Oct 2002,0.07792,0.07814

Week 1,29 Oct 2002,0.07725,0.07746
Week 2,05 Nov 2002,0.07652,0.07673
Week 3,12 Nov 2002,0.07621,0.07643
Week 4,19 Nov 2002,0.07638,0.07660

Week 1,26 Nov 2002,0.07757,0.07779
Week 2,03 Dec 2002,0.07678,0.07701
Week 3,10 Dec 2002,0.07623,0.07645
Week 4,17 Dec 2002,0.07539,0.07560

Week 1,24 Dec 2002,0.07544,0.07565
Week 2,31 Dec 2002,0.07509,0.07530
Week 3,07 Jan 2003,0.07502,0.07524
Week 4,14 Jan 2003,0.07500,0.07521

Week 1,21 Jan 2003,0.07428,0.07448
Week 2,28 Jan 2003,0.07331,0.07351
Week 3,04 Feb 2003,0.07362,0.07383
Week 4,11 Feb 2003,0.07460,0.07481

Week 1,18 Feb 2003,0.07598,0.07619
Week 2,25 Feb 2003,0.07645,0.07666
Week 3,04 Mar 2003,0.07559,0.07580
Week 4,11 Mar 2003,0.07557,0.07578

Week 1,18 Mar 2003,0.07705,0.07726
Week 2,25 Mar 2003,0.07672,0.07693
Week 3,01 Apr 2003,0.07689,0.07711
Week 4,08 Apr 2003,0.07705,0.07728

Week 1,15 Apr 2003,0.07672,0.07695
Week 2,22 Apr 2003,0.07610,0.07632
Week 3,29 Apr 2003,0.07537,0.07559
Week 4,06 May 2003,0.07517,0.07538

Week 1,13 May 2003,0.07458,0.07480
Week 2,20 May 2003,0.07375,0.07396
Week 3,27 May 2003,0.07358,0.07379
Week 4,03 Jun 2003,0.07320,0.07341

Week 1,10 Jun 2003,0.07250,0.07270
Week 2,17 Jun 2003,0.07212,0.07233
Week 3,24 Jun 2003,0.07270,0.07291
Week 4,01 Jul 2003,0.07245,0.07266

Week 1,08 Jul 2003,0.07374,0.07396
Week 2,15 Jul 2003,0.07559,0.07580
Week 3,22 Jul 2003,0.07487,0.07509
Week 4,29 Jul 2003,0.07467,0.07489

Week 1,05 Aug 2003,0.07496,0.07517
Week 2,12 Aug 2003,0.07533,0.07554
Week 3,19 Aug 2003,0.07625,0.07647
Week 4,26 Aug 2003,0.07663,0.07684

Week 1,02 Sep 2003,0.07637,0.07659
Week 2,09 Sep 2003,0.07561,0.07582
Week 3,16 Sep 2003,0.07456,0.07477
Week 4,23 Sep 2003,0.07282,0.07302

Week 1,30 Sep 2003,0.07236,0.07255
Week 2,07 Oct 2003,0.07246,0.07266
Week 3,14 Oct 2003,0.07210,0.07231
Week 4,21 Oct 2003,0.07147,0.07167

Week 1,28 Oct 2003,0.07112,0.07132
Week 2,04 Nov 2003,0.07206,0.07226
Week 3,11 Nov 2003,0.07183,0.07203
Week 4,18 Nov 2003,0.07092,0.07111

Week 1,25 Nov 2003,0.07047,0.07067
Week 2,02 Dec 2003,0.06988,0.07007
Week 3,09 Dec 2003,0.06920,0.06939
Week 4,16 Dec 2003,0.06844,0.06863

Week 1,23 Dec 2003,0.06815,0.06834
Week 2,30 Dec 2003,0.06757,0.06775
Week 3,06 Jan 2004,0.06585,0.06603
Week 4,13 Jan 2004,0.06617,0.06635

Week 1,20 Jan 2004,0.06622,0.06640
Week 2,27 Jan 2004,0.06635,0.06653
Week 3,03 Feb 2004,0.06567,0.06585
Week 4,10 Feb 2004,0.06415,0.06433

Week 1,17 Feb 2004,0.06420,0.06438
Week 2,24 Feb 2004,0.06450,0.06468
Week 3,02 Mar 2004,0.06548,0.06565
Week 4,09 Mar 2004,0.06651,0.06669

Week 1,16 Mar 2004,0.06617,0.06635
Week 2,23 Mar 2004,0.06613,0.06630
Week 3,30 Mar 2004,0.06583,0.06601
Week 4,06 Apr 2004,0.06581,0.06599

Week 1,13 Apr 2004,0.06687,0.06704
Week 2,20 Apr 2004,0.06779,0.06800
Week 3,27 Apr 2004,0.06776,0.06799
Week 4,04 May 2004,0.06748,0.06766

Week 1,11 May 2004,0.06840,0.06858
Week 2,18 May 2004,0.06779,0.06797
Week 3,25 May 2004,0.06621,0.06639
Week 4,01 Jun 2004,0.06566,0.06583

Week 1,08 Jun 2004,0.06598,0.06616
Week 2,15 Jun 2004,0.06586,0.06604
Week 3,22 Jun 2004,0.06615,0.06632
Week 4,29 Jun 2004,0.06611,0.06628

Week 1,06 Jul 2004,0.06516,0.06538
Week 2,13 Jul 2004,0.06474,0.06491
Week 3,20 Jul 2004,0.06547,0.06564
Week 4,27 Jul 2004,0.06616,0.06633

Week 1,03 Aug 2004,0.06575,0.06613
Week 2,10 Aug 2004,0.06575,0.06592
Week 3,17 Aug 2004,0.06609,0.06627
Week 4,24 Aug 2004,0.06723,0.06741

Week 1,31 Aug 2004,0.06753,0.06771
Week 2,07 Sep 2004,0.06747,0.06765
Week 3,14 Sep 2004,0.06737,0.06755
Week 4,21 Sep 2004,0.06710,0.06728

Week 1,28 Sep 2004,0.06689,0.06707
Week 2,05 Oct 2004,0.06754,0.06772
Week 3,12 Oct 2004,0.06706,0.06729
Week 4,19 Oct 2004,0.06634,0.06652

Week 1,26 Oct 2004,0.06572,0.06589
Week 2,02 Nov 2004,0.06531,0.06548
Week 3,09 Nov 2004,0.06511,0.06528
Week 4,16 Nov 2004,0.06506,0.06523

Week 1,23 Nov 2004,0.06410,0.06427
Week 2,30 Nov 2004,0.06261,0.06277
Week 3,07 Dec 2004,0.06263,0.06280
Week 4,14 Dec 2004,0.06231,0.06247

Week 1,21 Dec 2004,0.06265,0.06282
Week 2,28 Dec 2004,0.06274,0.06290
Week 3,04 Jan 2005,0.06421,0.06438
Week 4,11 Jan 2005,0.06429,0.06446

Week 1,18 Jan 2005,0.06445,0.06462
Week 2,25 Jan 2005,0.06409,0.06426
Week 3,01 Feb 2005,0.06418,0.06435
Week 4,08 Feb 2005,0.06475,0.06492

Week 1,15 Feb 2005,0.06376,0.06392
Week 2,22 Feb 2005,0.06311,0.06328
Week 3,01 Mar 2005,0.06288,0.06304
Week 4,08 Mar 2005,0.06274,0.06290

Week 1,15 Mar 2005,0.06285,0.06302
Week 2,22 Mar 2005,0.06432,0.06449
Week 3,29 Mar 2005,0.06423,0.06440
Week 4,05 Apr 2005,0.06416,0.06433

Week 1,12 Apr 2005,0.06382,0.06399
Week 2,19 Apr 2005,0.06305,0.06322
Week 3,26 Apr 2005,0.06326,0.06343
Week 4,03 May 2005,0.06367,0.06384

Week 1,10 May 2005,0.06470,0.06487
Week 2,17 May 2005,0.06587,0.06604
Week 3,24 May 2005,0.06609,0.06627
Week 4,31 May 2005,0.06648,0.06665

Week 1,07 Jun 2005,0.06630,0.06648
Week 2,14 Jun 2005,0.06626,0.06643
Week 3,21 Jun 2005,0.06619,0.06636
Week 4,28 Jun 2005,0.06734,0.06753

Week 1,05 Jul 2005,0.06908,0.06926
Week 2,12 Jul 2005,0.06861,0.06879
Week 3,19 Jul 2005,0.06985,0.07004
Week 4,26 Jul 2005,0.07032,0.07051

Week 1,02 Aug 2005,0.06938,0.06957
Week 2,09 Aug 2005,0.06837,0.06855
Week 3,16 Aug 2005,0.06843,0.06861
Week 4,23 Aug 2005,0.06845,0.06863

Week 1,30 Aug 2005,0.06775,0.06793
Week 2,06 Sep 2005,0.06705,0.06729
Week 3,13 Sep 2005,0.06803,0.06826
Week 4,20 Sep 2005,0.06895,0.06920

Week 1,27 Sep 2005,0.06980,0.07008
Week 2,04 Oct 2005,0.06998,0.07024
Week 3,11 Oct 2005,0.07015,0.07038
Week 4,18 Oct 2005,0.06995,0.07019

Week 1,25 Oct 2005,0.06952,0.06975
Week 2,01 Nov 2005,0.07010,0.07027
Week 3,08 Nov 2005,0.07091,0.07103
Week 4,15 Nov 2005,0.07173,0.07188

Week 1,22 Nov 2005,0.07192,0.07202
Week 2,29 Nov 2005,0.07176,0.07185
Week 3,06 Dec 2005,0.07104,0.07115
Week 4,13 Dec 2005,0.07002,0.07013

Week 1,20 Dec 2005,0.07062,0.07073
Week 2,27 Dec 2005,0.07164,0.07172
Week 3,03 Jan 2006,0.07092,0.07100
Week 4,10 Jan 2006,0.07002,0.07014

Week 1,17 Jan 2006,0.07017,0.07027
Week 2,24 Jan 2006,0.06969,0.06977
Week 3,31 Jan 2006,0.07003,0.07010
Week 4,07 Feb 2006,0.07106,0.07116

Week 1,14 Feb 2006,0.07139,0.07149
Week 2,21 Feb 2006,0.07115,0.07124
Week 3,28 Feb 2006,0.07103,0.07112
Week 4,07 Mar 2006,0.07152,0.07159

Week 1,14 Mar 2006,0.07117,0.07127
Week 2,21 Mar 2006,0.07129,0.07143
Week 3,28 Mar 2006,0.07150,0.07170
Week 4,04 Apr 2006,0.07139,0.07159

Week 1,11 Apr 2006,0.07122,0.07143
Week 2,18 Apr 2006,0.07004,0.07023
Week 3,25 Apr 2006,0.06918,0.06937
Week 4,02 May 2006,0.06755,0.06774

Week 1,09 May 2006,0.06652,0.06670
Week 2,16 May 2006,0.06615,0.06633
Week 3,23 May 2006,0.06654,0.06673
Week 4,30 May 2006,0.06644,0.06663

Week 1,06 Jun 2006,0.06717,0.06735
Week 2,13 Jun 2006,0.06758,0.06777
Week 3,20 Jun 2006,0.06811,0.06830
Week 4,27 Jun 2006,0.06823,0.06842

Week 1,04 Jul 2006,0.06775,0.06794
Week 2,11 Jul 2006,0.06787,0.06806
Week 3,18 Jul 2006,0.06782,0.06800
Week 4,25 Jul 2006,0.06746,0.06764

Week 1,01 Aug 2006,0.06641,0.06660
Week 2,08 Aug 2006,0.06594,0.06613
Week 3,15 Aug 2006,0.06626,0.06644
Week 4,22 Aug 2006,0.06630,0.06649

Week 1,29 Aug 2006,0.06599,0.06618
Week 2,05 Sep 2006,0.06677,0.06695
Week 3,12 Sep 2006,0.06696,0.06715
Week 4,19 Sep 2006,0.06660,0.06679

Week 1,26 Sep 2006,0.06701,0.06720
Week 2,03 Oct 2006,0.06724,0.06742
Week 3,10 Oct 2006,0.06795,0.06814
Week 4,17 Oct 2006,0.06743,0.06762

Week 1,24 Oct 2006,0.06709,0.06728
Week 2,31 Oct 2006,0.06662,0.06681
Week 3,07 Nov 2006,0.06656,0.06675
Week 4,14 Nov 2006,0.06695,0.06713

Week 1,21 Nov 2006,0.06634,0.06653
Week 2,28 Nov 2006,0.06504,0.06522
Week 3,05 Dec 2006,0.06490,0.06508
Week 4,12 Dec 2006,0.06513,0.06531

Week 1,19 Dec 2006,0.06516,0.06535
Week 2,26 Dec 2006,0.06524,0.06543
Week 3,02 Jan 2007,0.06562,0.06581
Week 4,09 Jan 2007,0.06580,0.06599

Week 1,16 Jan 2007,0.06518,0.06537
Week 2,23 Jan 2007,0.06524,0.06542
Week 3,30 Jan 2007,0.06549,0.06568
Week 4,06 Feb 2007,0.06575,0.06594

Week 1,13 Feb 2007,0.06600,0.06618
Week 2,20 Feb 2007,0.06585,0.06604
Week 3,27 Feb 2007,0.06594,0.06612
Week 4,06 Mar 2007,0.06682,0.06701

Week 1,13 Mar 2007,0.06661,0.06680
Week 2,20 Mar 2007,0.06593,0.06612
Week 3,27 Mar 2007,0.06573,0.06591
Week 4,03 Apr 2007,0.06555,0.06573

Week 1,10 Apr 2007,0.06537,0.06556
Week 2,17 Apr 2007,0.06463,0.06482
Week 3,24 Apr 2007,0.06469,0.06487
Week 4,01 May 2007,0.06501,0.06520

Week 1,08 May 2007,0.06535,0.06554
Week 2,15 May 2007,0.06577,0.06596
Week 3,22 May 2007,0.06587,0.06606
Week 4,29 May 2007,0.06591,0.06610

Week 1,05 Jun 2007,0.06588,0.06607
Week 2,12 Jun 2007,0.06631,0.06650
Week 3,19 Jun 2007,0.06577,0.06596
Week 4,26 Jun 2007,0.06548,0.06567

Week 1,03 Jul 2007,0.06527,0.06546
Week 2,10 Jul 2007,0.06502,0.06521
Week 3,17 Jul 2007,0.06441,0.06459
Week 4,24 Jul 2007,0.06459,0.06478

Week 1,31 Jul 2007,0.06489,0.06507
Week 2,07 Aug 2007,0.06506,0.06525
Week 3,14 Aug 2007,0.06605,0.06624
Week 4,21 Aug 2007,0.06592,0.06611

Week 1,28 Aug 2007,0.06569,0.06588
Week 2,04 Sep 2007,0.06550,0.06569
Week 3,11 Sep 2007,0.06572,0.06591
Week 4,18 Sep 2007,0.06617,0.06636

Week 1,25 Sep 2007,0.06554,0.06573
Week 2,02 Oct 2007,0.06520,0.06540
Week 3,09 Oct 2007,0.06530,0.06549
Week 4,16 Oct 2007,0.06505,0.06524

Week 1,23 Oct 2007,0.06506,0.06525
Week 2,30 Oct 2007,0.06444,0.06463
Week 3,06 Nov 2007,0.06420,0.06439
Week 4,13 Nov 2007,0.06530,0.06550

Week 1,20 Nov 2007,0.06540,0.06559
Week 2,27 Nov 2007,0.06543,0.06562
Week 3,04 Dec 2007,0.06611,0.06631
Week 4,11 Dec 2007,0.06656,0.06676

Week 1,18 Dec 2007,0.06778,0.06799
Week 2,25 Dec 2007,0.06850,0.06871
Week 3,01 Jan 2008,0.06919,0.06940
Week 4,08 Jan 2008,0.07001,0.07022

Week 1,15 Jan 2008,0.07031,0.07052
Week 2,22 Jan 2008,0.07032,0.07053
Week 3,29 Jan 2008,0.07015,0.07037
Week 4,05 Feb 2008,0.07100,0.07122

Week 1,12 Feb 2008,0.07091,0.07113
Week 2,19 Feb 2008,0.07137,0.07159
Week 3,26 Feb 2008,0.07067,0.07089
Week 4,04 Mar 2008,0.07028,0.07049

Week 1,11 Mar 2008,0.06965,0.06986
Week 2,18 Mar 2008,0.07092,0.07118
Week 3,25 Mar 2008,0.07118,0.07141
Week 4,01 Apr 2008,0.07155,0.07178

Week 1,08 Apr 2008,0.07220,0.07243
Week 2,15 Apr 2008,0.07200,0.07223
Week 3,22 Apr 2008,0.07189,0.07212
Week 4,29 Apr 2008,0.07222,0.07244

Week 1,06 May 2008,0.07286,0.07309
Week 2,13 May 2008,0.07318,0.07341
Week 3,20 May 2008,0.07285,0.07308
Week 4,27 May 2008,0.07267,0.07290

Week 1,03 Jun 2008,0.07335,0.07358
Week 2,10 Jun 2008,0.07388,0.07411
Week 3,17 Jun 2008,0.07375,0.07399
Week 4,24 Jun 2008,0.07343,0.07366

Week 1,01 Jul 2008,0.07324,0.07351
Week 2,08 Jul 2008,0.07364,0.07387
Week 3,15 Jul 2008,0.07324,0.07347
Week 4,22 Jul 2008,0.07338,0.07362

Week 1,29 Jul 2008,0.07374,0.07397
Week 2,05 Aug 2008,0.07496,0.07519
Week 3,12 Aug 2008,0.07729,0.07754
Week 4,19 Aug 2008,0.07831,0.07856

Week 1,26 Aug 2008,0.07961,0.07987
Week 2,02 Sep 2008,0.08215,0.08242
Week 3,09 Sep 2008,0.08239,0.08266
Week 4,16 Sep 2008,0.08056,0.08097

Week 1,23 Sep 2008,0.07906,0.07942
Week 2,30 Sep 2008,0.08186,0.08212
Week 3,07 Oct 2008,0.08466,0.08501
Week 4,14 Oct 2008,0.08431,0.08465

Week 1,21 Oct 2008,0.08918,0.08968
Week 2,28 Oct 2008,0.09105,0.09150
Week 3,04 Nov 2008,0.09230,0.09282
Week 4,11 Nov 2008,0.09681,0.09717

Week 1,18 Nov 2008,0.09798,0.09831
Week 2,25 Nov 2008,0.09564,0.09597
Week 3,02 Dec 2008,0.09802,0.09836
Week 4,09 Dec 2008,0.09794,0.09826

Week 1,16 Dec 2008,0.09605,0.09668
Week 2,23 Dec 2008,0.09901,0.09939
Week 3,30 Dec 2008,0.10024,0.10086
Week 4,06 Jan 2009,0.09752,0.09785

Week 1,13 Jan 2009,0.09916,0.09949
Week 2,20 Jan 2009,0.10445,0.10481
Week 3,27 Jan 2009,0.10250,0.10285
Week 4,03 Feb 2009,0.10047,0.10080

Week 1,10 Feb 2009,0.10081,0.10114
Week 2,17 Feb 2009,0.10207,0.10242
Week 3,24 Feb 2009,0.10161,0.10194
Week 4,03 Mar 2009,0.10338,0.10373

Week 1,10 Mar 2009,0.10494,0.10530
Week 2,17 Mar 2009,0.10243,0.10277
Week 3,24 Mar 2009,0.10087,0.10121
Week 4,31 Mar 2009,0.10037,0.10070

Week 1,07 Apr 2009,0.09932,0.09965
Week 2,14 Apr 2009,0.09843,0.09876
Week 3,21 Apr 2009,0.09993,0.10025
Week 4,28 Apr 2009,0.09904,0.09937

Week 1,05 May 2009,0.09696,0.09728
Week 2,12 May 2009,0.09634,0.09666
Week 3,19 May 2009,0.09338,0.09369
Week 4,26 May 2009,0.09122,0.09152

Week 1,02 Jun 2009,0.09006,0.09036
Week 2,09 Jun 2009,0.08949,0.08978
Week 3,16 Jun 2009,0.08903,0.08932
Week 4,23 Jun 2009,0.08882,0.08911

Week 1,30 Jun 2009,0.08896,0.08925
Week 2,07 Jul 2009,0.09022,0.09048
Week 3,14 Jul 2009,0.08950,0.08980
Week 4,21 Jul 2009,0.08882,0.08911

Week 1,28 Jul 2009,0.08836,0.08863
Week 2,04 Aug 2009,0.08688,0.08718
Week 3,11 Aug 2009,0.08835,0.08860
Week 4,18 Aug 2009,0.08866,0.08895

Week 1,25 Aug 2009,0.08958,0.08987
Week 2,01 Sep 2009,0.08961,0.08996
Week 3,08 Sep 2009,0.08829,0.08860
Week 4,15 Sep 2009,0.08900,0.08929

Week 1,22 Sep 2009,0.09058,0.09087
Week 2,29 Sep 2009,0.09175,0.09205
Week 3,06 Oct 2009,0.09182,0.09212
Week 4,13 Oct 2009,0.09080,0.09109

Week 1,20 Oct 2009,0.08910,0.08935
Week 2,27 Oct 2009,0.08909,0.08935
Week 3,03 Nov 2009,0.08855,0.08877
Week 4,10 Nov 2009,0.08778,0.08799

Week 1,17 Nov 2009,0.08781,0.08805
Week 2,24 Nov 2009,0.08837,0.08862
Week 3,01 Dec 2009,0.08843,0.08868
Week 4,08 Dec 2009,0.08970,0.08995

Week 1,15 Dec 2009,0.09016,0.09047
Week 2,22 Dec 2009,0.09145,0.09168
Week 3,29 Dec 2009,0.09108,0.09124
Week 4,05 Jan 2010,0.09129,0.09151

Week 1,12 Jan 2010,0.09016,0.09037
Week 2,19 Jan 2010,0.09012,0.09037
Week 3,26 Jan 2010,0.09080,0.09105
Week 4,02 Feb 2010,0.09247,0.09273

Week 1,09 Feb 2010,0.09340,0.09363
Week 2,16 Feb 2010,0.09379,0.09406
Week 3,23 Feb 2010,0.09538,0.09567
Week 4,02 Mar 2010,0.09711,0.09743

Week 1,09 Mar 2010,0.09695,0.09723
Week 2,16 Mar 2010,0.09665,0.09697
Week 3,23 Mar 2010,0.09790,0.09823
Week 4,30 Mar 2010,0.09651,0.09679

Week 1,06 Apr 2010,0.09572,0.09595
Week 2,13 Apr 2010,0.09505,0.09535
Week 3,20 Apr 2010,0.09521,0.09548
Week 4,27 Apr 2010,0.09557,0.09588

Week 1,04 May 2010,0.09765,0.09797
Week 2,11 May 2010,0.09933,0.09966
Week 3,18 May 2010,0.10145,0.10175
Week 4,25 May 2010,0.10124,0.10150

Week 1,01 Jun 2010,0.10044,0.10077
Week 2,08 Jun 2010,0.10054,0.10087
Week 3,15 Jun 2010,0.09884,0.09916
Week 4,22 Jun 2010,0.09829,0.09862

Week 1,29 Jun 2010,0.09746,0.09778
Week 2,06 Jul 2010,0.09741,0.09774
Week 3,13 Jul 2010,0.09672,0.09704
Week 4,20 Jul 2010,0.09617,0.09645

Week 1,27 Jul 2010,0.09440,0.09469
Week 2,03 Aug 2010,0.09269,0.09300
Week 3,10 Aug 2010,0.09379,0.09410
Week 4,17 Aug 2010,0.09434,0.09465

Week 1,24 Aug 2010,0.09473,0.09504
Week 2,31 Aug 2010,0.09505,0.09533
Week 3,07 Sep 2010,0.09563,0.09593
Week 4,14 Sep 2010,0.09521,0.09552

Week 1,21 Sep 2010,0.09485,0.09513
Week 2,28 Sep 2010,0.09437,0.09465
Week 3,05 Oct 2010,0.09396,0.09424
Week 4,12 Oct 2010,0.09407,0.09439

Week 1,19 Oct 2010,0.09530,0.09558
Week 2,26 Oct 2010,0.09415,0.09443
Week 3,02 Nov 2010,0.09280,0.09310
Week 4,09 Nov 2010,0.09330,0.09361

Week 1,16 Nov 2010,0.09404,0.09435
Week 2,23 Nov 2010,0.09518,0.09549
Week 3,30 Nov 2010,0.09576,0.09606
Week 4,07 Dec 2010,0.09513,0.09540

Week 1,14 Dec 2010,0.09580,0.09611
Week 2,21 Dec 2010,0.09715,0.09743
Week 3,28 Dec 2010,0.09753,0.09778
Week 4,04 Jan 2011,0.09723,0.09751

Week 1,11 Jan 2011,0.09611,0.09635
Week 2,18 Jan 2011,0.09502,0.09530
Week 3,25 Jan 2011,0.09547,0.09575
Week 4,01 Feb 2011,0.09440,0.09471

Week 1,08 Feb 2011,0.09443,0.09481
Week 2,15 Feb 2011,0.09392,0.09419
Week 3,22 Feb 2011,0.09396,0.09427
Week 4,01 Mar 2011,0.09346,0.09373

Week 1,08 Mar 2011,0.09420,0.09448
Week 2,15 Mar 2011,0.09415,0.09442
Week 3,22 Mar 2011,0.09405,0.09437
Week 4,29 Mar 2011,0.09486,0.09518

Week 1,05 Apr 2011,0.09367,0.09396
Week 2,12 Apr 2011,0.09363,0.09395
Week 3,19 Apr 2011,0.09337,0.09368
Week 4,26 Apr 2011,0.09248,0.09273

Week 1,03 May 2011,0.09334,0.09357
Week 2,10 May 2011,0.09437,0.09453
Week 3,17 May 2011,0.09471,0.09502
Week 4,24 May 2011,0.09421,0.09440

Week 1,31 May 2011,0.09387,0.09405
Week 2,07 Jun 2011,0.09433,0.09458
Week 3,14 Jun 2011,0.09496,0.09521
Week 4,21 Jun 2011,0.09607,0.09634

Week 1,28 Jun 2011,0.09639,0.09649
Week 2,05 Jul 2011,0.09634,0.09654
Week 3,12 Jul 2011,0.09646,0.09654
Week 4,19 Jul 2011,0.09553,0.09588

Week 1,26 Jul 2011,0.09476,0.09512
Week 2,02 Aug 2011,0.09493,0.09530
Week 3,09 Aug 2011,0.09583,0.09621
Week 4,16 Aug 2011,0.09517,0.09553

Week 1,23 Aug 2011,0.09533,0.09569
Week 2,30 Aug 2011,0.09621,0.09658
Week 3,06 Sep 2011,0.09775,0.09814
Week 4,13 Sep 2011,0.09896,0.09938

Week 1,20 Sep 2011,0.10026,0.10074
Week 2,27 Sep 2011,0.10011,0.10054
Week 3,04 Oct 2011,0.10100,0.10144
Week 4,11 Oct 2011,0.09953,0.09995

Week 1,18 Oct 2011,0.09875,0.09915
Week 2,25 Oct 2011,0.09777,0.09815
Week 3,01 Nov 2011,0.09812,0.09852
Week 4,08 Nov 2011,0.09830,0.09863

Week 1,15 Nov 2011,0.09934,0.09965
Week 2,22 Nov 2011,0.10068,0.10108
Week 3,29 Nov 2011,0.10054,0.10094
Week 4,06 Dec 2011,0.10051,0.10092

Week 1,13 Dec 2011,0.10057,0.10103
Week 2,20 Dec 2011,0.10043,0.10085
Week 3,27 Dec 2011,0.10095,0.10140
Week 4,03 Jan 2012,0.10163,0.10209

Week 1,10 Jan 2012,0.10282,0.10322
Week 2,17 Jan 2012,0.10250,0.10289
Week 3,24 Jan 2012,0.10129,0.10170
Week 4,31 Jan 2012,0.10046,0.10084

Week 1,07 Feb 2012,0.10037,0.10075
Week 2,14 Feb 2012,0.10053,0.10091
Week 3,21 Feb 2012,0.10028,0.10065
Week 4,28 Feb 2012,0.09980,0.10017

Week 1,06 Mar 2012,0.10037,0.10075
Week 2,13 Mar 2012,0.10022,0.10063
Week 3,20 Mar 2012,0.09955,0.09994
Week 4,27 Mar 2012,0.09898,0.09937

Week 1,03 Apr 2012,0.09934,0.09977
Week 2,10 Apr 2012,0.09949,0.09988
Week 3,17 Apr 2012,0.09870,0.09907
Week 4,24 Apr 2012,0.09770,0.09807

Week 1,01 May 2012,0.09776,0.09814
Week 2,08 May 2012,0.09810,0.09848
Week 3,15 May 2012,0.09913,0.09954
Week 4,22 May 2012,0.10030,0.10069

Week 1,29 May 2012,0.10152,0.10193
Week 2,05 Jun 2012,0.10206,0.10246
Week 3,12 Jun 2012,0.10129,0.10169
Week 4,19 Jun 2012,0.10108,0.10147

Week 1,26 Jun 2012,0.10116,0.10154
Week 2,03 Jul 2012,0.10159,0.10179
Week 3,10 Jul 2012,0.10196,0.10216
Week 4,17 Jul 2012,0.10129,0.10148

Week 1,24 Jul 2012,0.10108,0.10126
Week 2,31 Jul 2012,0.10115,0.10134
Week 3,07 Aug 2012,0.10095,0.10114
Week 4,14 Aug 2012,0.10045,0.10065

Week 1,21 Aug 2012,0.09987,0.10004
Week 2,28 Aug 2012,0.09962,0.09978
Week 3,04 Sep 2012,0.09895,0.09916
Week 4,11 Sep 2012,0.09792,0.09808

Week 1,18 Sep 2012,0.09724,0.09742
Week 2,25 Sep 2012,0.09745,0.09762
Week 3,02 Oct 2012,0.09790,0.09809
Week 4,09 Oct 2012,0.09862,0.09881

Week 1,16 Oct 2012,0.09877,0.09896
Week 2,23 Oct 2012,0.09892,0.09909
Week 3,30 Oct 2012,0.09886,0.09903
Week 4,06 Nov 2012,0.09958,0.09973

Week 1,13 Nov 2012,0.10027,0.10042
Week 2,20 Nov 2012,0.09974,0.09990
Week 3,27 Nov 2012,0.09950,0.09964
Week 4,04 Dec 2012,0.09897,0.09912

Week 1,11 Dec 2012,0.09857,0.09871
Week 2,18 Dec 2012,0.09788,0.09804
Week 3,25 Dec 2012,0.09811,0.09827
Week 4,01 Jan 2013,0.09813,0.09827

Week 1,08 Jan 2013,0.09887,0.09903
Week 2,15 Jan 2013,0.09990,0.10004
Week 3,22 Jan 2013,0.10055,0.10071
Week 4,29 Jan 2013,0.10088,0.10103

Week 1,05 Feb 2013,0.10092,0.10110
Week 2,12 Feb 2013,0.10199,0.10221
Week 3,19 Feb 2013,0.10384,0.10402
Week 4,26 Feb 2013,0.10521,0.10539

Week 1,05 Mar 2013,0.10595,0.10614
Week 2,12 Mar 2013,0.10626,0.10643
Week 3,19 Mar 2013,0.10501,0.10518
Week 4,26 Mar 2013,0.10487,0.10507

Week 1,02 Apr 2013,0.10474,0.10493
Week 2,09 Apr 2013,0.10422,0.10439
Week 3,16 Apr 2013,0.10484,0.10500
Week 4,23 Apr 2013,0.10443,0.10460

Week 1,30 Apr 2013,0.10353,0.10369
Week 2,07 May 2013,0.10424,0.10442
Week 3,14 May 2013,0.10573,0.10589
Week 4,21 May 2013,0.10668,0.10686

Week 1,28 May 2013,0.10667,0.10684
Week 2,04 Jun 2013,0.10485,0.10501
Week 3,11 Jun 2013,0.10355,0.10374
Week 4,18 Jun 2013,0.10409,0.10426

Week 1,25 Jun 2013,0.10546,0.10562
Week 2,02 Jul 2013,0.10718,0.10737
Week 3,09 Jul 2013,0.10762,0.10781
Week 4,16 Jul 2013,0.10648,0.10667

Week 1,23 Jul 2013,0.10539,0.10557
Week 2,30 Jul 2013,0.10602,0.10621
Week 3,06 Aug 2013,0.10495,0.10512
Week 4,13 Aug 2013,0.10427,0.10444

Week 1,20 Aug 2013,0.10386,0.10402
Week 2,27 Aug 2013,0.10444,0.10463
Week 3,03 Sep 2013,0.10386,0.10405
Week 4,10 Sep 2013,0.10279,0.10297

Week 1,17 Sep 2013,0.10169,0.10187
Week 2,24 Sep 2013,0.10120,0.10137
Week 3,01 Oct 2013,0.10093,0.10108
Week 4,08 Oct 2013,0.10181,0.10199

Week 1,15 Oct 2013,0.10151,0.10167
Week 2,22 Oct 2013,0.10092,0.10103
Week 3,29 Oct 2013,0.10174,0.10184
Week 4,05 Nov 2013,0.10165,0.10176

Week 1,12 Nov 2013,0.10167,0.10178
Week 2,19 Nov 2013,0.10094,0.10105
Week 3,26 Nov 2013,0.10010,0.10023
Week 4,03 Dec 2013,0.09973,0.09985

Week 1,10 Dec 2013,0.09997,0.10008
Week 2,17 Dec 2013,0.10006,0.10017
Week 3,24 Dec 2013,0.09953,0.09967
Week 4,31 Dec 2013,0.09931,0.09939

Week 1,07 Jan 2014,0.09964,0.09972
Week 2,14 Jan 2014,0.10000,0.10010
Week 3,21 Jan 2014,0.09926,0.09938
Week 4,28 Jan 2014,0.09916,0.09927

Week 1,04 Feb 2014,0.10013,0.10023
Week 2,11 Feb 2014,0.09875,0.09883
Week 3,18 Feb 2014,0.09809,0.09817
Week 4,25 Feb 2014,0.09771,0.09782

Week 1,04 Mar 2014,0.09761,0.09771
Week 2,11 Mar 2014,0.09779,0.09789
Week 3,18 Mar 2014,0.09815,0.09825
Week 4,25 Mar 2014,0.09793,0.09801

Week 1,01 Apr 2014,0.09747,0.09758
Week 2,08 Apr 2014,0.09694,0.09704
Week 3,15 Apr 2014,0.09650,0.09665
Week 4,22 Apr 2014,0.09632,0.09643

Week 1,29 Apr 2014,0.09621,0.09632
Week 2,06 May 2014,0.09605,0.09614
Week 3,13 May 2014,0.09636,0.09644
Week 4,20 May 2014,0.09618,0.09629

Week 1,27 May 2014,0.09654,0.09664
Week 2,03 Jun 2014,0.09661,0.09672
Week 3,10 Jun 2014,0.09637,0.09648
Week 4,17 Jun 2014,0.09544,0.09554

Week 1,24 Jun 2014,0.09535,0.09545
Week 2,01 Jul 2014,0.09452,0.09463
Week 3,08 Jul 2014,0.09459,0.09469
Week 4,15 Jul 2014,0.09462,0.09474

Week 1,22 Jul 2014,0.09529,0.09537
Week 2,29 Jul 2014,0.09593,0.09601
Week 3,05 Aug 2014,0.09642,0.09654
Week 4,12 Aug 2014,0.09711,0.09720

Week 1,19 Aug 2014,0.09769,0.09778
Week 2,26 Aug 2014,0.09784,0.09796
Week 3,02 Sep 2014,0.09875,0.09883
Week 4,09 Sep 2014,0.10033,0.10042

Week 1,16 Sep 2014,0.09975,0.09983
Week 2,23 Sep 2014,0.09973,0.09981
Week 3,30 Sep 2014,0.10080,0.10090
Week 4,07 Oct 2014,0.10129,0.10138

Week 1,14 Oct 2014,0.10149,0.10160
Week 2,21 Oct 2014,0.10120,0.10128
Week 3,28 Oct 2014,0.10149,0.10158
Week 4,04 Nov 2014,0.10217,0.10225

Week 1,11 Nov 2014,0.10320,0.10329
Week 2,18 Nov 2014,0.10394,0.10403
Week 3,25 Nov 2014,0.10377,0.10390
Week 4,02 Dec 2014,0.10403,0.10427

Week 1,09 Dec 2014,0.10392,0.10413
Week 2,16 Dec 2014,0.10403,0.10428
Week 3,23 Dec 2014,0.10448,0.10478
Week 4,30 Dec 2014,0.10497,0.10524

Week 1,06 Jan 2015,0.10740,0.10770
Week 2,13 Jan 2015,0.10747,0.10779
Week 3,20 Jan 2015,0.10791,0.10823
Week 4,27 Jan 2015,0.10740,0.10771

Week 1,03 Feb 2015,0.10683,0.10712
Week 2,10 Feb 2015,0.10612,0.10643
Week 3,17 Feb 2015,0.10547,0.10578
Week 4,24 Feb 2015,0.10501,0.10531

Week 1,03 Mar 2015,0.10647,0.10686
Week 2,10 Mar 2015,0.10860,0.10902
Week 3,17 Mar 2015,0.10961,0.11008
Week 4,24 Mar 2015,0.10944,0.10990

Week 1,31 Mar 2015,0.10990,0.11037
Week 2,07 Apr 2015,0.11053,0.11098
Week 3,14 Apr 2015,0.11010,0.11059
Week 4,21 Apr 2015,0.10858,0.10912

Week 1,28 Apr 2015,0.10713,0.10771
Week 2,05 May 2015,0.10685,0.10746
Week 3,12 May 2015,0.10429,0.10494
Week 4,19 May 2015,0.10496,0.10565

Week 1,26 May 2015,0.10629,0.10699
Week 2,02 Jun 2015,0.10664,0.10736
Week 3,09 Jun 2015,0.10541,0.10614
Week 4,16 Jun 2015,0.10347,0.10420

Week 1,23 Jun 2015,0.10355,0.10428
Week 2,30 Jun 2015,0.10434,0.10508
Week 3,07 Jul 2015,0.10537,0.10611
Week 4,14 Jul 2015,0.10466,0.10539

Week 1,21 Jul 2015,0.10497,0.10571
Week 2,28 Jul 2015,0.10374,0.10426
Week 3,04 Aug 2015,0.10338,0.10376
Week 4,11 Aug 2015,0.10062,0.10099

Week 1,18 Aug 2015,0.09965,0.10001
Week 2,25 Aug 2015,0.10044,0.10078
Week 3,01 Sep 2015,0.10275,0.10313
Week 4,08 Sep 2015,0.10186,0.10221

Week 1,15 Sep 2015,0.10124,0.10160
Week 2,22 Sep 2015,0.10233,0.10270
Week 3,29 Sep 2015,0.10349,0.10387
Week 4,06 Oct 2015,0.10290,0.10322

Week 1,13 Oct 2015,0.10220,0.10251
Week 2,20 Oct 2015,0.10206,0.10237
Week 3,27 Oct 2015,0.10251,0.10282
Week 4,03 Nov 2015,0.10303,0.10334

Week 1,10 Nov 2015,0.10330,0.10358
Week 2,17 Nov 2015,0.10282,0.10312
Week 3,24 Nov 2015,0.10356,0.10387
Week 4,01 Dec 2015,0.10354,0.10390

Week 1,08 Dec 2015,0.10268,0.10277
Week 2,15 Dec 2015,0.10299,0.10304
Week 3,22 Dec 2015,0.10367,0.10372
Week 4,29 Dec 2015,0.10402,0.10403

Week 1,05 Jan 2016,0.10420,0.10427
Week 2,12 Jan 2016,0.10565,0.10572
Week 3,19 Jan 2016,0.10676,0.10683
Week 4,26 Jan 2016,0.10640,0.10647

Week 1,02 Feb 2016,0.10503,0.10510
Week 2,09 Feb 2016,0.10507,0.10514
Week 3,16 Feb 2016,0.10663,0.10670
Week 4,23 Feb 2016,0.10947,0.10954

Week 1,01 Mar 2016,0.10852,0.10858
Week 2,08 Mar 2016,0.10771,0.10776
Week 3,15 Mar 2016,0.10735,0.10742
Week 4,22 Mar 2016,0.10819,0.10826

Week 1,29 Mar 2016,0.10806,0.10813
Week 2,05 Apr 2016,0.10921,0.10928
Week 3,12 Apr 2016,0.10874,0.10881
Week 4,19 Apr 2016,0.10748,0.10754

Week 1,26 Apr 2016,0.10581,0.10587
Week 2,03 May 2016,0.10610,0.10616
Week 3,10 May 2016,0.10643,0.10650
Week 4,17 May 2016,0.10544,0.10551

Week 1,24 May 2016,0.10431,0.10437
Week 2,31 May 2016,0.10471,0.10478
Week 3,07 Jun 2016,0.10565,0.10572
Week 4,14 Jun 2016,0.10656,0.10662

Week 1,21 Jun 2016,0.10610,0.10629
Week 2,28 Jun 2016,0.11282,0.11299
Week 3,05 Jul 2016,0.11487,0.11495
Week 4,12 Jul 2016,0.11338,0.11346

Week 1,19 Jul 2016,0.11359,0.11367
Week 2,26 Jul 2016,0.11394,0.11401
Week 3,02 Aug 2016,0.11414,0.11422
Week 4,09 Aug 2016,0.11589,0.11596

Week 1,16 Aug 2016,0.11550,0.11557
Week 2,23 Aug 2016,0.11401,0.11408
Week 3,30 Aug 2016,0.11341,0.11347
Week 4,06 Sep 2016,0.11243,0.11249

Week 1,13 Sep 2016,0.11376,0.11383
Week 2,20 Sep 2016,0.11521,0.11529
Week 3,27 Sep 2016,0.11544,0.11551
Week 4,04 Oct 2016,0.11866,0.11874

Week 1,11 Oct 2016,0.12150,0.12158
Week 2,18 Oct 2016,0.12103,0.12110
Week 3,25 Oct 2016,0.12093,0.12101
Week 4,01 Nov 2016,0.11947,0.11954

Week 1,08 Nov 2016,0.11767,0.11775
Week 2,15 Nov 2016,0.11716,0.11724
Week 3,22 Nov 2016,0.11624,0.11633
Week 4,29 Nov 2016,0.11538,0.11545

Week 1,06 Dec 2016,0.11411,0.11431
Week 2,13 Dec 2016,0.11487,0.11500
Week 3,20 Dec 2016,0.11659,0.11667
Week 4,27 Dec 2016,0.11703,0.11712

Week 1,03 Jan 2017,0.11721,0.11730
Week 2,10 Jan 2017,0.11862,0.11870
Week 3,17 Jan 2017,0.11845,0.11857
Week 4,24 Jan 2017,0.11597,0.11605

Week 1,31 Jan 2017,0.11595,0.11601
Week 2,07 Feb 2017,0.11647,0.11654
Week 3,14 Feb 2017,0.11682,0.11688
Week 4,21 Feb 2017,0.11661,0.11672

Week 1,28 Feb 2017,0.11772,0.11780
Week 2,07 Mar 2017,0.11879,0.11887
Week 3,14 Mar 2017,0.11784,0.11789
Week 4,21 Mar 2017,0.11651,0.11657

Week 1,28 Mar 2017,0.11607,0.11614
Week 2,04 Apr 2017,0.11654,0.11662
Week 3,11 Apr 2017,0.11612,0.11618
Week 4,18 Apr 2017,0.11393,0.11401

Week 1,25 Apr 2017,0.11273,0.11281
Week 2,02 May 2017,0.11212,0.11219
Week 3,09 May 2017,0.11214,0.11221
Week 4,16 May 2017,0.11189,0.11196

Week 1,23 May 2017,0.11266,0.11273
Week 2,30 May 2017,0.11384,0.11391
Week 3,06 Jun 2017,0.11451,0.11460
Week 4,13 Jun 2017,0.11526,0.11533

Week 1,20 Jun 2017,0.11523,0.11531
Week 2,27 Jun 2017,0.11396,0.11403
Week 3,04 Jul 2017,0.11373,0.11380
Week 4,11 Jul 2017,0.11361,0.11366

Week 1,18 Jul 2017,0.11357,0.11363
Week 2,25 Jul 2017,0.11327,0.11333
Week 3,01 Aug 2017,0.11318,0.11324
Week 4,08 Aug 2017,0.11506,0.11511

Week 1,15 Aug 2017,0.11613,0.11619
Week 2,22 Aug 2017,0.11684,0.11692
Week 3,29 Aug 2017,0.11737,0.11743
Week 4,05 Sep 2017,0.11741,0.11748

Week 1,12 Sep 2017,0.11422,0.11427
Week 2,19 Sep 2017,0.11228,0.11233
Week 3,26 Sep 2017,0.11206,0.11212
Week 4,03 Oct 2017,0.11410,0.11415

Week 1,10 Oct 2017,0.11468,0.11472
Week 2,17 Oct 2017,0.11445,0.11453
Week 3,24 Oct 2017,0.11432,0.11438
Week 4,31 Oct 2017,0.11466,0.11471

Week 1,07 Nov 2017,0.11453,0.11457
Week 2,14 Nov 2017,0.11442,0.11448
Week 3,21 Nov 2017,0.11385,0.11391
Week 4,28 Nov 2017,0.11266,0.11273

Week 1,05 Dec 2017,0.11245,0.11251


