EUR->RUB

Week 1,15 Dec 1998,25.55529,25.84871
Week 2,22 Dec 1998,24.23316,24.56196
Week 3,29 Dec 1998,24.46971,25.77361
Week 4,05 Jan 1999,26.83694,27.23857

Week 1,12 Jan 1999,26.43784,26.71506
Week 2,19 Jan 1999,26.75844,26.95230
Week 3,26 Jan 1999,26.30436,26.43060
Week 4,02 Feb 1999,26.22109,26.33580

Week 1,09 Feb 1999,26.00747,26.12123
Week 2,16 Feb 1999,25.63117,25.79320
Week 3,23 Feb 1999,25.31093,25.46743
Week 4,02 Mar 1999,25.30556,25.41053

Week 1,09 Mar 1999,25.51920,25.66257
Week 2,16 Mar 1999,26.10014,26.25486
Week 3,23 Mar 1999,28.03420,28.55073
Week 4,30 Mar 1999,27.66183,27.95969

Week 1,06 Apr 1999,28.00630,28.28827
Week 2,13 Apr 1999,27.42511,27.58016
Week 3,20 Apr 1999,26.40693,26.69353
Week 4,27 Apr 1999,26.07211,26.31854

Week 1,04 May 1999,25.90293,26.16616
Week 2,11 May 1999,26.68216,27.14313
Week 3,18 May 1999,26.26099,26.39053
Week 4,25 May 1999,25.76660,25.88873

Week 1,01 Jun 1999,25.58427,25.65983
Week 2,08 Jun 1999,25.68356,25.80574
Week 3,15 Jun 1999,25.30853,25.43464
Week 4,22 Jun 1999,25.26321,25.40353

Week 1,29 Jun 1999,25.08356,25.22939
Week 2,06 Jul 1999,24.90991,25.09193
Week 3,13 Jul 1999,24.78066,24.91493
Week 4,20 Jul 1999,25.49717,25.66061

Week 1,27 Jul 1999,25.86360,25.94459
Week 2,03 Aug 1999,26.04394,26.08563
Week 3,10 Aug 1999,26.28627,26.45774
Week 4,17 Aug 1999,26.23139,26.39697

Week 1,24 Aug 1999,25.95446,26.09417
Week 2,31 Aug 1999,27.08764,27.25781
Week 3,07 Sep 1999,26.98180,27.22049
Week 4,14 Sep 1999,26.42354,26.63084

Week 1,21 Sep 1999,26.44047,26.55744
Week 2,28 Sep 1999,26.93099,27.17386
Week 3,05 Oct 1999,27.47834,27.57974
Week 4,12 Oct 1999,27.87876,27.91943

Week 1,19 Oct 1999,27.70561,27.80844
Week 2,26 Oct 1999,27.48036,27.57166
Week 3,02 Nov 1999,27.41221,27.56199
Week 4,09 Nov 1999,27.20890,27.29057

Week 1,16 Nov 1999,27.27876,27.36180
Week 2,23 Nov 1999,26.95323,27.04014
Week 3,30 Nov 1999,26.65086,26.83427
Week 4,07 Dec 1999,27.31663,27.39847

Week 1,14 Dec 1999,27.07371,27.13297
Week 2,21 Dec 1999,27.13177,27.20136
Week 3,28 Dec 1999,27.56957,27.63997
Week 4,04 Jan 2000,28.15793,28.32996

Week 1,11 Jan 2000,29.14069,29.25356
Week 2,18 Jan 2000,28.88073,28.94600
Week 3,25 Jan 2000,28.25726,28.32057
Week 4,01 Feb 2000,28.12423,28.18524

Week 1,08 Feb 2000,28.36823,28.43141
Week 2,15 Feb 2000,28.33780,28.38160
Week 3,22 Feb 2000,28.38170,28.43677
Week 4,29 Feb 2000,27.59840,27.65296

Week 1,07 Mar 2000,27.44803,27.50210
Week 2,14 Mar 2000,27.56341,27.62304
Week 3,21 Mar 2000,27.54227,27.60597
Week 4,28 Mar 2000,27.29414,27.35387

Week 1,04 Apr 2000,27.47027,27.52629
Week 2,11 Apr 2000,27.37847,27.43879
Week 3,18 Apr 2000,26.97549,27.03467
Week 4,25 Apr 2000,26.12087,26.17499

Week 1,02 May 2000,25.55839,25.60189
Week 2,09 May 2000,25.76334,25.80719
Week 3,16 May 2000,25.45204,25.49549
Week 4,23 May 2000,25.97624,26.03450

Week 1,30 May 2000,26.53293,26.59179
Week 2,06 Jun 2000,27.01680,27.07329
Week 3,13 Jun 2000,27.17317,27.23306
Week 4,20 Jun 2000,26.59606,26.65193

Week 1,27 Jun 2000,26.59746,26.64546
Week 2,04 Jul 2000,26.60524,26.64024
Week 3,11 Jul 2000,26.28419,26.31094
Week 4,18 Jul 2000,25.81076,25.83857

Week 1,25 Jul 2000,25.81304,25.84656
Week 2,01 Aug 2000,25.31971,25.35329
Week 3,08 Aug 2000,25.02561,25.06236
Week 4,15 Aug 2000,25.24489,25.27557

Week 1,22 Aug 2000,24.96964,25.00004
Week 2,29 Aug 2000,24.88364,24.91603
Week 3,05 Sep 2000,24.40207,24.43393
Week 4,12 Sep 2000,23.82473,23.85467

Week 1,19 Sep 2000,24.00539,24.03733
Week 2,26 Sep 2000,24.44071,24.47560
Week 3,03 Oct 2000,24.31420,24.39357
Week 4,10 Oct 2000,24.04433,24.08187

Week 1,17 Oct 2000,23.57281,23.60886
Week 2,24 Oct 2000,23.28234,23.31737
Week 3,31 Oct 2000,23.91080,23.94636
Week 4,07 Nov 2000,23.92359,23.96051

Week 1,14 Nov 2000,23.68423,23.71656
Week 2,21 Nov 2000,23.46074,23.49129
Week 3,28 Nov 2000,24.17919,24.21181
Week 4,05 Dec 2000,24.77107,24.80354

Week 1,12 Dec 2000,24.79034,24.82277
Week 2,19 Dec 2000,25.51547,25.54837
Week 3,26 Dec 2000,26.52470,26.55739
Week 4,02 Jan 2001,26.99811,27.03264

Week 1,09 Jan 2001,26.88186,26.91653
Week 2,16 Jan 2001,26.58937,26.62544
Week 3,23 Jan 2001,26.32791,26.36256
Week 4,30 Jan 2001,26.51311,26.54796

Week 1,06 Feb 2001,26.48983,26.52197
Week 2,13 Feb 2001,26.28399,26.32000
Week 3,20 Feb 2001,26.27926,26.31603
Week 4,27 Feb 2001,26.58061,26.61429

Week 1,06 Mar 2001,26.71231,26.74637
Week 2,13 Mar 2001,25.97510,26.00713
Week 3,20 Mar 2001,25.68596,25.71966
Week 4,27 Mar 2001,25.41051,25.44426

Week 1,03 Apr 2001,25.87439,25.90749
Week 2,10 Apr 2001,25.64741,25.68150
Week 3,17 Apr 2001,25.81776,25.85273
Week 4,24 Apr 2001,25.84364,25.87714

Week 1,01 May 2001,25.80453,25.83824
Week 2,08 May 2001,25.52124,25.55280
Week 3,15 May 2001,25.57857,25.61533
Week 4,22 May 2001,25.08046,25.11223

Week 1,29 May 2001,24.77839,24.80870
Week 2,05 Jun 2001,24.78310,24.81369
Week 3,12 Jun 2001,24.94239,24.97324
Week 4,19 Jun 2001,24.93069,24.95859

Week 1,26 Jun 2001,24.85534,24.88689
Week 2,03 Jul 2001,24.68423,24.71277
Week 3,10 Jul 2001,24.94900,24.97946
Week 4,17 Jul 2001,25.37151,25.40007

Week 1,24 Jul 2001,25.63747,25.66690
Week 2,31 Jul 2001,25.84219,25.87353
Week 3,07 Aug 2001,26.02537,26.05686
Week 4,14 Aug 2001,26.72431,26.75699

Week 1,21 Aug 2001,26.84566,26.87393
Week 2,28 Aug 2001,26.80184,26.82897
Week 3,04 Sep 2001,26.48596,26.51773
Week 4,11 Sep 2001,26.88697,26.90517

Week 1,18 Sep 2001,27.12200,27.14046
Week 2,25 Sep 2001,26.94589,26.95721
Week 3,02 Oct 2001,26.99719,27.01361
Week 4,09 Oct 2001,26.84564,26.86760

Week 1,16 Oct 2001,26.67386,26.69503
Week 2,23 Oct 2001,26.39340,26.41411
Week 3,30 Oct 2001,26.83023,26.85424
Week 4,06 Nov 2001,26.62449,26.64653

Week 1,13 Nov 2001,26.31881,26.34363
Week 2,20 Nov 2001,26.21499,26.23636
Week 3,27 Nov 2001,26.56641,26.58809
Week 4,04 Dec 2001,26.60131,26.62096

Week 1,11 Dec 2001,26.90447,26.92964
Week 2,18 Dec 2001,26.93496,26.95223
Week 3,25 Dec 2001,26.73244,26.77754
Week 4,01 Jan 2002,27.32023,27.37090

Week 1,08 Jan 2002,27.22437,27.25403
Week 2,15 Jan 2002,27.03180,27.05166
Week 3,22 Jan 2002,26.74723,26.76830
Week 4,29 Jan 2002,26.44510,26.47050

Week 1,05 Feb 2002,26.77086,26.78986
Week 2,12 Feb 2002,26.96156,26.98091
Week 3,19 Feb 2002,26.99321,27.01347
Week 4,26 Feb 2002,26.83064,26.85066

Week 1,05 Mar 2002,27.15204,27.17164
Week 2,12 Mar 2002,27.34064,27.36054
Week 3,19 Mar 2002,27.43231,27.45204
Week 4,26 Mar 2002,27.20860,27.22980

Week 1,02 Apr 2002,27.43777,27.45880
Week 2,09 Apr 2002,27.44766,27.47067
Week 3,16 Apr 2002,27.69790,27.71663
Week 4,23 Apr 2002,27.95109,27.97030

Week 1,30 Apr 2002,28.40223,28.42290
Week 2,07 May 2002,28.50450,28.52371
Week 3,14 May 2002,28.58374,28.60403
Week 4,21 May 2002,28.81787,28.84139

Week 1,28 May 2002,29.17894,29.20439
Week 2,04 Jun 2002,29.57521,29.59577
Week 3,11 Jun 2002,29.69983,29.72311
Week 4,18 Jun 2002,30.21279,30.23426

Week 1,25 Jun 2002,31.01351,31.03559
Week 2,02 Jul 2002,30.89193,30.91823
Week 3,09 Jul 2002,31.25693,31.28550
Week 4,16 Jul 2002,31.85920,31.87851

Week 1,23 Jul 2002,31.34066,31.36776
Week 2,30 Jul 2002,31.01821,31.03960
Week 3,06 Aug 2002,30.67643,30.70200
Week 4,13 Aug 2002,31.01176,31.03834

Week 1,20 Aug 2002,30.78273,30.80291
Week 2,27 Aug 2002,30.97876,31.00153
Week 3,03 Sep 2002,31.22136,31.24390
Week 4,10 Sep 2002,30.84411,30.86910

Week 1,17 Sep 2002,30.99111,31.01300
Week 2,24 Sep 2002,30.97407,31.00127
Week 3,01 Oct 2002,31.17204,31.20363
Week 4,08 Oct 2002,31.22434,31.25924

Week 1,15 Oct 2002,30.95497,30.98170
Week 2,22 Oct 2002,30.98046,31.00689
Week 3,29 Oct 2002,31.46310,31.48956
Week 4,05 Nov 2002,32.04621,32.06916

Week 1,12 Nov 2002,32.11114,32.13679
Week 2,19 Nov 2002,31.84669,31.86753
Week 3,26 Nov 2002,31.61423,31.63581
Week 4,03 Dec 2002,31.96036,31.98427

Week 1,10 Dec 2002,32.37877,32.39986
Week 2,17 Dec 2002,32.69559,32.72490
Week 3,24 Dec 2002,32.96037,32.98509
Week 4,31 Dec 2002,33.32526,33.36660

Week 1,07 Jan 2003,33.46803,33.50896
Week 2,14 Jan 2003,33.74920,33.77949
Week 3,21 Jan 2003,34.24581,34.28190
Week 4,28 Jan 2003,34.36649,34.41197

Week 1,04 Feb 2003,34.42860,34.47029
Week 2,11 Feb 2003,34.08011,34.13404
Week 3,18 Feb 2003,33.89217,33.93576
Week 4,25 Feb 2003,34.03714,34.08054

Week 1,04 Mar 2003,34.58786,34.62513
Week 2,11 Mar 2003,34.16713,34.21697
Week 3,18 Mar 2003,33.20769,33.24736
Week 4,25 Mar 2003,33.60841,33.65837

Week 1,01 Apr 2003,33.76131,33.80391
Week 2,08 Apr 2003,33.59246,33.62389
Week 3,15 Apr 2003,33.84291,33.86849
Week 4,22 Apr 2003,34.18221,34.20786

Week 1,29 Apr 2003,34.73004,34.75587
Week 2,06 May 2003,35.57170,35.59867
Week 3,13 May 2003,35.68221,35.70876
Week 4,20 May 2003,36.15116,36.17831

Week 1,27 May 2003,36.21709,36.24247
Week 2,03 Jun 2003,35.89216,35.91921
Week 3,10 Jun 2003,35.96416,35.98901
Week 4,17 Jun 2003,35.47273,35.50004

Week 1,24 Jun 2003,34.81931,34.84587
Week 2,01 Jul 2003,34.85813,34.88651
Week 3,08 Jul 2003,34.39531,34.42400
Week 4,15 Jul 2003,34.22273,34.24920

Week 1,22 Jul 2003,34.71041,34.73950
Week 2,29 Jul 2003,34.35273,34.38226
Week 3,05 Aug 2003,34.40844,34.43454
Week 4,12 Aug 2003,34.22551,34.25431

Week 1,19 Aug 2003,33.30263,33.33150
Week 2,26 Aug 2003,33.25167,33.28320
Week 3,02 Sep 2003,33.62771,33.65204
Week 4,09 Sep 2003,34.44136,34.46683

Week 1,16 Sep 2003,34.59060,34.61416
Week 2,23 Sep 2003,34.96466,34.98833
Week 3,30 Sep 2003,35.45480,35.48403
Week 4,07 Oct 2003,35.59244,35.62144

Week 1,14 Oct 2003,35.11856,35.14353
Week 2,21 Oct 2003,35.12599,35.15309
Week 3,28 Oct 2003,34.84844,34.88439
Week 4,04 Nov 2003,34.21366,34.23861

Week 1,11 Nov 2003,34.80011,34.82159
Week 2,18 Nov 2003,35.40251,35.43100
Week 3,25 Nov 2003,35.40107,35.42486
Week 4,02 Dec 2003,35.89386,35.92570

Week 1,09 Dec 2003,36.07349,36.09879
Week 2,16 Dec 2003,36.22083,36.24837
Week 3,23 Dec 2003,36.39013,36.41773
Week 4,30 Dec 2003,36.74133,36.77807

Week 1,06 Jan 2004,37.10423,37.13273
Week 2,13 Jan 2004,36.19096,36.22096
Week 3,20 Jan 2004,36.00384,36.02970
Week 4,27 Jan 2004,35.57196,35.60521

Week 1,03 Feb 2004,35.89067,35.92873
Week 2,10 Feb 2004,36.27271,36.29767
Week 3,17 Feb 2004,36.03121,36.06126
Week 4,24 Feb 2004,35.69884,35.72636

Week 1,02 Mar 2004,35.15779,35.18723
Week 2,09 Mar 2004,35.04131,35.07754
Week 3,16 Mar 2004,35.03119,35.05621
Week 4,23 Mar 2004,34.70880,34.73056

Week 1,30 Mar 2004,34.73900,34.76133
Week 2,06 Apr 2004,34.48421,34.50649
Week 3,13 Apr 2004,34.33487,34.35961
Week 4,20 Apr 2004,34.29229,34.31774

Week 1,27 Apr 2004,34.56111,34.58650
Week 2,04 May 2004,34.69621,34.72233
Week 3,11 May 2004,34.46087,34.48774
Week 4,18 May 2004,34.72726,34.75257

Week 1,25 May 2004,35.27604,35.29983
Week 2,01 Jun 2004,35.54627,35.57024
Week 3,08 Jun 2004,35.16254,35.18936
Week 4,15 Jun 2004,35.10987,35.14181

Week 1,22 Jun 2004,35.20836,35.24464
Week 2,29 Jun 2004,35.48790,35.51556
Week 3,06 Jul 2004,35.94671,35.97656
Week 4,13 Jul 2004,36.08341,36.10620

Week 1,20 Jul 2004,35.55256,35.57511
Week 2,27 Jul 2004,35.06633,35.09214
Week 3,03 Aug 2004,35.47066,35.49620
Week 4,10 Aug 2004,35.97070,35.99391

Week 1,17 Aug 2004,36.03829,36.06413
Week 2,24 Aug 2004,35.25046,35.27943
Week 3,31 Aug 2004,35.37629,35.40106
Week 4,07 Sep 2004,35.60873,35.63476

Week 1,14 Sep 2004,35.61719,35.63896
Week 2,21 Sep 2004,35.81981,35.84250
Week 3,28 Sep 2004,36.12579,36.14886
Week 4,05 Oct 2004,36.06010,36.08093

Week 1,12 Oct 2004,36.17387,36.19750
Week 2,19 Oct 2004,36.60770,36.63386
Week 3,26 Oct 2004,36.72493,36.76117
Week 4,02 Nov 2004,36.93576,36.96480

Week 1,09 Nov 2004,37.08034,37.10863
Week 2,16 Nov 2004,37.15630,37.19044
Week 3,23 Nov 2004,37.45474,37.48640
Week 4,30 Nov 2004,37.39859,37.42564

Week 1,07 Dec 2004,37.25031,37.28077
Week 2,14 Dec 2004,37.18906,37.22716
Week 3,21 Dec 2004,37.47787,37.50981
Week 4,28 Dec 2004,37.71577,37.75331

Week 1,04 Jan 2005,36.61890,36.67674
Week 2,11 Jan 2005,36.65383,36.68839
Week 3,18 Jan 2005,36.57987,36.61317
Week 4,25 Jan 2005,36.58719,36.61731

Week 1,01 Feb 2005,36.28347,36.31524
Week 2,08 Feb 2005,36.05323,36.08119
Week 3,15 Feb 2005,36.46233,36.49413
Week 4,22 Feb 2005,36.69217,36.71649

Week 1,01 Mar 2005,36.55430,36.58343
Week 2,08 Mar 2005,36.87599,36.89751
Week 3,15 Mar 2005,36.68410,36.70550
Week 4,22 Mar 2005,35.96294,35.99686

Week 1,29 Mar 2005,35.94023,35.96347
Week 2,05 Apr 2005,35.90851,35.92919
Week 3,12 Apr 2005,35.91704,35.94450
Week 4,19 Apr 2005,36.21629,36.23846

Week 1,26 Apr 2005,35.85019,35.87409
Week 2,03 May 2005,35.78389,35.80689
Week 3,10 May 2005,35.48346,35.51079
Week 4,17 May 2005,35.27547,35.30629

Week 1,24 May 2005,35.23599,35.25759
Week 2,31 May 2005,34.75247,34.77567
Week 3,07 Jun 2005,34.66329,34.68309
Week 4,14 Jun 2005,34.73426,34.75277

Week 1,21 Jun 2005,34.63693,34.65564
Week 2,28 Jun 2005,34.44079,34.45661
Week 3,05 Jul 2005,34.38493,34.39954
Week 4,12 Jul 2005,34.64217,34.65971

Week 1,19 Jul 2005,34.63849,34.66154
Week 2,26 Jul 2005,34.65767,34.67593
Week 3,02 Aug 2005,35.04019,35.06061
Week 4,09 Aug 2005,35.18397,35.20520

Week 1,16 Aug 2005,34.89731,34.91923
Week 2,23 Aug 2005,34.93336,34.95493
Week 3,30 Aug 2005,35.24211,35.26366
Week 4,06 Sep 2005,35.11647,35.13813

Week 1,13 Sep 2005,34.75036,34.77646
Week 2,20 Sep 2005,34.41224,34.43294
Week 3,27 Sep 2005,34.31537,34.33780
Week 4,04 Oct 2005,34.38371,34.40663

Week 1,11 Oct 2005,34.40776,34.43013
Week 2,18 Oct 2005,34.26574,34.28574
Week 3,25 Oct 2005,34.35773,34.37883
Week 4,01 Nov 2005,34.09653,34.11834

Week 1,08 Nov 2005,33.85514,33.87476
Week 2,15 Nov 2005,33.85494,33.87679
Week 3,22 Nov 2005,33.84933,33.86964
Week 4,29 Nov 2005,33.91527,33.93810

Week 1,06 Dec 2005,34.00294,34.02609
Week 2,13 Dec 2005,34.24416,34.26714
Week 3,20 Dec 2005,34.26084,34.28391
Week 4,27 Dec 2005,34.09467,34.11919

Week 1,03 Jan 2006,34.46399,34.49076
Week 2,10 Jan 2006,34.48457,34.50724
Week 3,17 Jan 2006,34.24197,34.26260
Week 4,24 Jan 2006,34.16597,34.18096

Week 1,31 Jan 2006,34.01233,34.02930
Week 2,07 Feb 2006,33.74187,33.76296
Week 3,14 Feb 2006,33.57149,33.59239
Week 4,21 Feb 2006,33.55237,33.58233

Week 1,28 Feb 2006,33.49296,33.50750
Week 2,07 Mar 2006,33.44164,33.45969
Week 3,14 Mar 2006,33.58443,33.60501
Week 4,21 Mar 2006,33.52207,33.54300

Week 1,28 Mar 2006,33.65033,33.67693
Week 2,04 Apr 2006,33.60161,33.62156
Week 3,11 Apr 2006,33.54730,33.56523
Week 4,18 Apr 2006,33.84334,33.86294

Week 1,25 Apr 2006,34.15741,34.17720
Week 2,02 May 2006,34.37521,34.39521
Week 3,09 May 2006,34.58239,34.60063
Week 4,16 May 2006,34.59774,34.62137

Week 1,23 May 2006,34.53214,34.55609
Week 2,30 May 2006,34.57231,34.59516
Week 3,06 Jun 2006,34.32860,34.34226
Week 4,13 Jun 2006,34.06000,34.08411

Week 1,20 Jun 2006,34.00563,34.02727
Week 2,27 Jun 2006,34.12069,34.14230
Week 3,04 Jul 2006,34.33984,34.36136
Week 4,11 Jul 2006,34.20699,34.22803

Week 1,18 Jul 2006,33.97444,33.99167
Week 2,25 Jul 2006,34.09141,34.10360
Week 3,01 Aug 2006,34.26091,34.28381
Week 4,08 Aug 2006,34.23719,34.25674

Week 1,15 Aug 2006,34.24780,34.27023
Week 2,22 Aug 2006,34.24077,34.26497
Week 3,29 Aug 2006,34.27597,34.29977
Week 4,05 Sep 2006,34.11189,34.13569

Week 1,12 Sep 2006,33.98450,34.00733
Week 2,19 Sep 2006,34.01989,34.04470
Week 3,26 Sep 2006,34.00370,34.02683
Week 4,03 Oct 2006,33.97777,33.99513

Week 1,10 Oct 2006,33.79474,33.81666
Week 2,17 Oct 2006,33.81616,33.83687
Week 3,24 Oct 2006,33.91360,33.93276
Week 4,31 Oct 2006,34.04171,34.06157

Week 1,07 Nov 2006,34.11464,34.13457
Week 2,14 Nov 2006,34.16433,34.18624
Week 3,21 Nov 2006,34.35111,34.36850
Week 4,28 Nov 2006,34.74776,34.76777

Week 1,05 Dec 2006,34.81726,34.84029
Week 2,12 Dec 2006,34.66164,34.68400
Week 3,19 Dec 2006,34.61484,34.63747
Week 4,26 Dec 2006,34.64963,34.67624

Week 1,02 Jan 2007,34.61843,34.64646
Week 2,09 Jan 2007,34.36713,34.38506
Week 3,16 Jan 2007,34.35403,34.37390
Week 4,23 Jan 2007,34.36143,34.38199

Week 1,30 Jan 2007,34.38544,34.40511
Week 2,06 Feb 2007,34.31959,34.33899
Week 3,13 Feb 2007,34.37343,34.39414
Week 4,20 Feb 2007,34.44420,34.46220

Week 1,27 Feb 2007,34.50080,34.51561
Week 2,06 Mar 2007,34.42413,34.44374
Week 3,13 Mar 2007,34.55396,34.57393
Week 4,20 Mar 2007,34.64361,34.66284

Week 1,27 Mar 2007,34.66821,34.68724
Week 2,03 Apr 2007,34.71516,34.74351
Week 3,10 Apr 2007,34.82029,34.84150
Week 4,17 Apr 2007,34.97709,34.99490

Week 1,24 Apr 2007,35.02090,35.03999
Week 2,01 May 2007,34.99909,35.01721
Week 3,08 May 2007,34.92567,34.94404
Week 4,15 May 2007,34.90443,34.92321

Week 1,22 May 2007,34.82204,34.84033
Week 2,29 May 2007,34.81369,34.83343
Week 3,05 Jun 2007,34.81153,34.82939
Week 4,12 Jun 2007,34.68749,34.70560

Week 1,19 Jun 2007,34.80024,34.82010
Week 2,26 Jun 2007,34.77146,34.78989
Week 3,03 Jul 2007,34.96420,34.98330
Week 4,10 Jul 2007,35.05851,35.07689

Week 1,17 Jul 2007,35.08760,35.10643
Week 2,24 Jul 2007,35.00159,35.01957
Week 3,31 Jul 2007,35.01709,35.03453
Week 4,07 Aug 2007,34.97449,34.99303

Week 1,14 Aug 2007,34.69947,34.71814
Week 2,21 Aug 2007,34.92159,34.94170
Week 3,28 Aug 2007,34.99396,35.01309
Week 4,04 Sep 2007,35.04846,35.06810

Week 1,11 Sep 2007,35.18011,35.19889
Week 2,18 Sep 2007,35.21534,35.23436
Week 3,25 Sep 2007,35.33437,35.35409
Week 4,02 Oct 2007,35.31393,35.33197

Week 1,09 Oct 2007,35.29119,35.30820
Week 2,16 Oct 2007,35.42764,35.44494
Week 3,23 Oct 2007,35.49573,35.51284
Week 4,30 Oct 2007,35.66821,35.68373

Week 1,06 Nov 2007,35.83033,35.84926
Week 2,13 Nov 2007,35.86077,35.87747
Week 3,20 Nov 2007,36.03443,36.05287
Week 4,27 Nov 2007,35.99197,36.01044

Week 1,04 Dec 2007,35.88427,35.90330
Week 2,11 Dec 2007,35.81106,35.83100
Week 3,18 Dec 2007,35.57179,35.59069
Week 4,25 Dec 2007,35.79776,35.82076

Week 1,01 Jan 2008,35.98391,36.01513
Week 2,08 Jan 2008,35.95220,35.97443
Week 3,15 Jan 2008,35.94886,35.96780
Week 4,22 Jan 2008,35.95233,35.97917

Week 1,29 Jan 2008,36.19886,36.21736
Week 2,05 Feb 2008,36.04010,36.05877
Week 3,12 Feb 2008,35.96951,35.98829
Week 4,19 Feb 2008,36.15041,36.16950

Week 1,26 Feb 2008,36.35416,36.37223
Week 2,04 Mar 2008,36.56863,36.58689
Week 3,11 Mar 2008,36.80016,36.81823
Week 4,18 Mar 2008,36.87666,36.89971

Week 1,25 Mar 2008,36.96866,36.99027
Week 2,01 Apr 2008,37.01069,37.03139
Week 3,08 Apr 2008,37.05824,37.07816
Week 4,15 Apr 2008,37.12106,37.14053

Week 1,22 Apr 2008,37.07554,37.09487
Week 2,29 Apr 2008,36.82426,36.84409
Week 3,06 May 2008,36.73813,36.75807
Week 4,13 May 2008,36.87147,36.89151

Week 1,20 May 2008,37.07751,37.09806
Week 2,27 May 2008,36.94766,36.96903
Week 3,03 Jun 2008,36.90446,36.92183
Week 4,10 Jun 2008,36.72620,36.74606

Week 1,17 Jun 2008,36.69714,36.71653
Week 2,24 Jun 2008,36.84346,36.86287
Week 3,01 Jul 2008,36.96359,36.98319
Week 4,08 Jul 2008,36.90327,36.92249

Week 1,15 Jul 2008,36.82433,36.84270
Week 2,22 Jul 2008,36.75374,36.77267
Week 3,29 Jul 2008,36.57981,36.60043
Week 4,05 Aug 2008,36.40233,36.42131

Week 1,12 Aug 2008,36.20136,36.22177
Week 2,19 Aug 2008,36.06419,36.08084
Week 3,26 Aug 2008,36.14967,36.16963
Week 4,02 Sep 2008,36.28969,36.31040

Week 1,09 Sep 2008,36.20194,36.22140
Week 2,16 Sep 2008,36.42559,36.44850
Week 3,23 Sep 2008,36.66844,36.69010
Week 4,30 Sep 2008,36.06133,36.08273

Week 1,07 Oct 2008,35.43221,35.45879
Week 2,14 Oct 2008,35.45127,35.47649
Week 3,21 Oct 2008,34.69994,34.72041
Week 4,28 Oct 2008,34.40263,34.42774

Week 1,04 Nov 2008,34.48743,34.50700
Week 2,11 Nov 2008,34.59866,34.61819
Week 3,18 Nov 2008,34.58134,34.60047
Week 4,25 Nov 2008,35.28079,35.50890

Week 1,02 Dec 2008,35.51480,35.70320
Week 2,09 Dec 2008,36.41381,36.64917
Week 3,16 Dec 2008,38.56544,38.92746
Week 4,23 Dec 2008,39.97500,40.03829

Week 1,30 Dec 2008,40.99711,41.38820
Week 2,06 Jan 2009,39.54224,40.16609
Week 3,13 Jan 2009,42.13491,42.58707
Week 4,20 Jan 2009,42.64066,42.99951

Week 1,27 Jan 2009,44.68219,44.92070
Week 2,03 Feb 2009,46.41253,46.73043
Week 3,10 Feb 2009,45.01711,45.48141
Week 4,17 Feb 2009,45.40466,45.70709

Week 1,24 Feb 2009,45.39031,45.92016
Week 2,03 Mar 2009,45.07561,45.60316
Week 3,10 Mar 2009,44.54177,45.10671
Week 4,17 Mar 2009,45.10551,45.40487

Week 1,24 Mar 2009,45.04816,45.34053
Week 2,31 Mar 2009,44.59027,45.15739
Week 3,07 Apr 2009,44.40054,44.57506
Week 4,14 Apr 2009,43.75827,44.33021

Week 1,21 Apr 2009,43.71167,44.29263
Week 2,28 Apr 2009,43.74149,43.92887
Week 3,05 May 2009,43.58804,44.12834
Week 4,12 May 2009,43.51274,43.83234

Week 1,19 May 2009,43.31369,43.54833
Week 2,26 May 2009,43.38270,43.67936
Week 3,02 Jun 2009,43.31777,43.68790
Week 4,09 Jun 2009,43.34807,43.59094

Week 1,16 Jun 2009,43.19111,43.45644
Week 2,23 Jun 2009,43.58343,43.87734
Week 3,30 Jun 2009,43.58496,44.01844
Week 4,07 Jul 2009,44.61484,44.80507

Week 1,14 Jul 2009,44.92983,45.06999
Week 2,21 Jul 2009,44.04366,44.22340
Week 3,28 Jul 2009,44.30187,44.41167
Week 4,04 Aug 2009,44.80967,44.94181

Week 1,11 Aug 2009,45.21824,45.40040
Week 2,18 Aug 2009,45.11561,45.50823
Week 3,25 Aug 2009,44.98119,45.27403
Week 4,01 Sep 2009,45.36447,45.42314

Week 1,08 Sep 2009,44.93561,44.96707
Week 2,15 Sep 2009,44.68727,44.86647
Week 3,22 Sep 2009,44.17411,44.48077
Week 4,29 Sep 2009,43.77366,44.08896

Week 1,06 Oct 2009,43.67170,43.81716
Week 2,13 Oct 2009,43.62691,43.94560
Week 3,20 Oct 2009,43.57187,43.60420
Week 4,27 Oct 2009,43.00277,43.32116

Week 1,03 Nov 2009,43.12124,43.15813
Week 2,10 Nov 2009,42.98873,43.02897
Week 3,17 Nov 2009,42.93851,42.98153
Week 4,24 Nov 2009,43.54933,43.58704

Week 1,01 Dec 2009,43.92157,43.95087
Week 2,08 Dec 2009,44.47216,44.50013
Week 3,15 Dec 2009,44.00270,44.03793
Week 4,22 Dec 2009,42.95553,42.99741

Week 1,29 Dec 2009,43.09663,43.27640
Week 2,05 Jan 2010,43.09871,43.20477
Week 3,12 Jan 2010,42.60674,42.69144
Week 4,19 Jan 2010,42.21160,42.24036

Week 1,26 Jan 2010,42.39533,42.45409
Week 2,02 Feb 2010,41.75893,41.78284
Week 3,09 Feb 2010,41.43139,41.46023
Week 4,16 Feb 2010,40.78459,41.10024

Week 1,23 Feb 2010,40.56299,40.86924
Week 2,02 Mar 2010,40.30057,40.90143
Week 3,09 Mar 2010,40.35361,40.38486
Week 4,16 Mar 2010,39.94100,39.97370

Week 1,23 Mar 2010,39.67509,39.70296
Week 2,30 Mar 2010,39.49997,39.81897
Week 3,06 Apr 2010,39.26090,39.29389
Week 4,13 Apr 2010,39.22041,39.53807

Week 1,20 Apr 2010,39.04410,39.07320
Week 2,27 Apr 2010,38.69936,38.89081
Week 3,04 May 2010,38.46403,39.06470
Week 4,11 May 2010,37.98091,38.01314

Week 1,18 May 2010,38.38993,38.42310
Week 2,25 May 2010,38.05146,38.13921
Week 3,01 Jun 2010,37.63710,38.23123
Week 4,08 Jun 2010,38.06691,38.09763

Week 1,15 Jun 2010,38.25063,38.62177
Week 2,22 Jun 2010,38.18289,38.21266
Week 3,29 Jun 2010,38.28701,38.87967
Week 4,06 Jul 2010,39.07251,39.10956

Week 1,13 Jul 2010,38.83354,39.43094
Week 2,20 Jul 2010,39.09451,39.40113
Week 3,27 Jul 2010,39.21834,39.53709
Week 4,03 Aug 2010,39.40767,39.43853

Week 1,10 Aug 2010,39.20956,39.26623
Week 2,17 Aug 2010,38.87461,39.20830
Week 3,24 Aug 2010,38.87314,39.20643
Week 4,31 Aug 2010,39.25736,39.31160

Week 1,07 Sep 2010,39.25393,39.30349
Week 2,14 Sep 2010,39.89674,40.51600
Week 3,21 Sep 2010,41.20987,41.27163
Week 4,28 Sep 2010,41.58099,41.64233

Week 1,05 Oct 2010,41.45003,41.78540
Week 2,12 Oct 2010,42.05903,42.17891
Week 3,19 Oct 2010,42.42761,42.49094
Week 4,26 Oct 2010,42.56501,42.62703

Week 1,02 Nov 2010,43.07959,43.14300
Week 2,09 Nov 2010,42.27693,42.33870
Week 3,16 Nov 2010,42.33120,42.39363
Week 4,23 Nov 2010,41.86787,41.91834

Week 1,30 Nov 2010,41.40401,41.43343
Week 2,07 Dec 2010,41.16126,41.19277
Week 3,14 Dec 2010,40.63731,40.95890
Week 4,21 Dec 2010,40.16669,40.20049

Week 1,28 Dec 2010,40.31887,40.38017
Week 2,04 Jan 2011,40.19569,40.23431
Week 3,11 Jan 2011,39.80547,39.84561
Week 4,18 Jan 2011,40.12829,40.47011

Week 1,25 Jan 2011,40.61974,40.65406
Week 2,01 Feb 2011,40.14993,40.60817
Week 3,08 Feb 2011,39.82676,39.85946
Week 4,15 Feb 2011,39.68469,39.71356

Week 1,22 Feb 2011,39.89421,39.92864
Week 2,01 Mar 2011,39.45309,39.48667
Week 3,08 Mar 2011,39.51463,39.53866
Week 4,15 Mar 2011,40.14106,40.18579

Week 1,22 Mar 2011,39.95956,40.12876
Week 2,29 Mar 2011,40.14151,40.20310
Week 3,05 Apr 2011,40.36119,40.42224
Week 4,12 Apr 2011,40.61680,40.66759

Week 1,19 Apr 2011,40.63909,40.68020
Week 2,26 Apr 2011,40.67313,40.71766
Week 3,03 May 2011,40.23321,40.29036
Week 4,10 May 2011,39.73023,39.79224

Week 1,17 May 2011,39.86010,39.89074
Week 2,24 May 2011,39.98144,40.03279
Week 3,31 May 2011,40.36584,40.43947
Week 4,07 Jun 2011,40.17096,40.64807

Week 1,14 Jun 2011,40.01230,40.17120
Week 2,21 Jun 2011,40.08866,40.12844
Week 3,28 Jun 2011,40.33593,40.36614
Week 4,05 Jul 2011,40.12543,40.18441

Week 1,12 Jul 2011,39.70076,39.74601
Week 2,19 Jul 2011,39.72131,39.88964
Week 3,26 Jul 2011,39.69546,39.74953
Week 4,02 Aug 2011,39.86850,39.93014

Week 1,09 Aug 2011,41.61237,41.75956
Week 2,16 Aug 2011,41.33023,41.87936
Week 3,23 Aug 2011,41.69813,41.79339
Week 4,30 Aug 2011,41.47880,41.60771

Week 1,06 Sep 2011,41.26920,41.36563
Week 2,13 Sep 2011,41.72213,41.82991
Week 3,20 Sep 2011,43.00289,43.08911
Week 4,27 Sep 2011,43.25987,43.33014

Week 1,04 Oct 2011,43.10226,43.27177
Week 2,11 Oct 2011,42.71320,43.11456
Week 3,18 Oct 2011,42.72226,43.19826
Week 4,25 Oct 2011,42.34177,42.44211

Week 1,01 Nov 2011,42.00066,42.13213
Week 2,08 Nov 2011,41.58314,41.89433
Week 3,15 Nov 2011,41.36199,41.96473
Week 4,22 Nov 2011,41.66624,42.22519

Week 1,29 Nov 2011,41.27713,41.88254
Week 2,06 Dec 2011,41.61064,42.23227
Week 3,13 Dec 2011,41.51539,41.74381
Week 4,20 Dec 2011,40.94693,41.44566

Week 1,27 Dec 2011,41.17400,41.31871
Week 2,03 Jan 2012,40.88013,41.34784
Week 3,10 Jan 2012,40.22709,40.79294
Week 4,17 Jan 2012,40.09127,40.71564

Week 1,24 Jan 2012,39.71679,40.24656
Week 2,31 Jan 2012,39.51140,39.98953
Week 3,07 Feb 2012,39.44944,39.65380
Week 4,14 Feb 2012,39.32427,39.54774

Week 1,21 Feb 2012,39.31210,39.38144
Week 2,28 Feb 2012,38.77539,39.03630
Week 3,06 Mar 2012,38.73799,38.83987
Week 4,13 Mar 2012,38.54834,38.61484

Week 1,20 Mar 2012,38.52401,38.96351
Week 2,27 Mar 2012,38.95070,39.01146
Week 3,03 Apr 2012,38.76789,38.83041
Week 4,10 Apr 2012,38.63376,39.02211

Week 1,17 Apr 2012,38.76904,38.84589
Week 2,24 Apr 2012,38.77841,38.84499
Week 3,01 May 2012,38.50331,39.09233
Week 4,08 May 2012,38.95047,39.16266

Week 1,15 May 2012,39.42444,39.49389
Week 2,22 May 2012,39.90686,39.97357
Week 3,29 May 2012,40.84686,41.15786
Week 4,05 Jun 2012,40.87686,41.12094

Week 1,12 Jun 2012,40.70546,41.17979
Week 2,19 Jun 2012,41.19734,41.63493
Week 3,26 Jun 2012,41.23116,41.30707
Week 4,03 Jul 2012,40.35183,40.80409

Week 1,10 Jul 2012,39.88594,40.37024
Week 2,17 Jul 2012,39.22461,39.64043
Week 3,24 Jul 2012,39.45561,39.68583
Week 4,31 Jul 2012,39.58516,39.64929

Week 1,07 Aug 2012,39.11663,39.16901
Week 2,14 Aug 2012,39.35126,39.39817
Week 3,21 Aug 2012,39.65550,39.72476
Week 4,28 Aug 2012,40.17633,40.62321

Week 1,04 Sep 2012,40.55483,40.61573
Week 2,11 Sep 2012,40.28817,40.42134
Week 3,18 Sep 2012,40.19857,40.59251
Week 4,25 Sep 2012,40.13604,40.20084

Week 1,02 Oct 2012,40.15791,40.37110
Week 2,09 Oct 2012,40.16090,40.29396
Week 3,16 Oct 2012,40.14079,40.36287
Week 4,23 Oct 2012,40.58109,40.63713

Week 1,30 Oct 2012,40.51744,40.57586
Week 2,06 Nov 2012,40.12017,40.31330
Week 3,13 Nov 2012,40.24091,40.47070
Week 4,20 Nov 2012,40.08750,40.28071

Week 1,27 Nov 2012,40.07209,40.25251
Week 2,04 Dec 2012,39.99217,40.31113
Week 3,11 Dec 2012,40.00141,40.17504
Week 4,18 Dec 2012,40.62566,40.67793

Week 1,25 Dec 2012,40.27537,40.33893
Week 2,01 Jan 2013,39.85537,39.92833
Week 3,08 Jan 2013,39.70909,40.17171
Week 4,15 Jan 2013,40.26336,40.47460

Week 1,22 Jan 2013,40.18511,40.42201
Week 2,29 Jan 2013,40.62797,40.67773
Week 3,05 Feb 2013,40.50303,40.56546
Week 4,12 Feb 2013,40.26030,40.31573

Week 1,19 Feb 2013,40.13471,40.19177
Week 2,26 Feb 2013,39.99360,40.05100
Week 3,05 Mar 2013,40.00514,40.07263
Week 4,12 Mar 2013,39.89789,40.09859

Week 1,19 Mar 2013,39.91459,39.98617
Week 2,26 Mar 2013,39.74794,39.81913
Week 3,02 Apr 2013,40.53550,40.59197
Week 4,09 Apr 2013,40.58373,40.67953

Week 1,16 Apr 2013,41.17780,41.29724
Week 2,23 Apr 2013,40.70647,41.14123
Week 3,30 Apr 2013,40.78953,40.89073
Week 4,07 May 2013,40.72740,40.80843

Week 1,14 May 2013,40.46703,40.54117
Week 2,21 May 2013,40.37769,40.45541
Week 3,28 May 2013,40.95110,41.10980
Week 4,04 Jun 2013,42.12574,42.21139

Week 1,11 Jun 2013,42.64806,42.72511
Week 2,18 Jun 2013,42.92753,43.01453
Week 3,25 Jun 2013,42.80943,42.89874
Week 4,02 Jul 2013,42.85743,42.92446

Week 1,09 Jul 2013,42.54467,42.64689
Week 2,16 Jul 2013,42.51657,42.58116
Week 3,23 Jul 2013,43.01807,43.14029
Week 4,30 Jul 2013,43.65054,43.73587

Week 1,06 Aug 2013,43.79403,43.85356
Week 2,13 Aug 2013,43.84109,43.91143
Week 3,20 Aug 2013,44.11346,44.18084
Week 4,27 Aug 2013,44.06267,44.16357

Week 1,03 Sep 2013,43.92457,43.98186
Week 2,10 Sep 2013,43.47861,43.54169
Week 3,17 Sep 2013,43.00757,43.09211
Week 4,24 Sep 2013,43.36399,43.44433

Week 1,01 Oct 2013,43.67413,43.74833
Week 2,08 Oct 2013,43.66224,43.78816
Week 3,15 Oct 2013,43.56813,43.68084
Week 4,22 Oct 2013,43.73500,43.80187

Week 1,29 Oct 2013,43.80237,43.91179
Week 2,05 Nov 2013,43.65516,43.74407
Week 3,12 Nov 2013,43.97026,44.03384
Week 4,19 Nov 2013,44.20344,44.34481

Week 1,26 Nov 2013,44.87704,44.93014
Week 2,03 Dec 2013,44.98741,45.03934
Week 3,10 Dec 2013,45.06674,45.11860
Week 4,17 Dec 2013,45.13809,45.19369

Week 1,24 Dec 2013,44.74044,44.81703
Week 2,31 Dec 2013,45.16977,45.24154
Week 3,07 Jan 2014,45.11163,45.17370
Week 4,14 Jan 2014,45.45131,45.49726

Week 1,21 Jan 2014,46.44979,46.50357
Week 2,28 Jan 2014,47.46876,47.55681
Week 3,04 Feb 2014,47.34771,47.39737
Week 4,11 Feb 2014,47.72573,47.77959

Week 1,18 Feb 2014,48.73053,48.78243
Week 2,25 Feb 2014,49.30409,49.36440
Week 3,04 Mar 2014,50.05273,50.13540
Week 4,11 Mar 2014,50.67371,50.80469

Week 1,18 Mar 2014,50.20490,50.29533
Week 2,25 Mar 2014,49.14659,49.34971
Week 3,01 Apr 2014,48.45301,48.62099
Week 4,08 Apr 2014,49.22156,49.30050

Week 1,15 Apr 2014,49.38889,49.62851
Week 2,22 Apr 2014,49.47816,49.56670
Week 3,29 Apr 2014,49.51320,49.63021
Week 4,06 May 2014,48.86089,48.94210

Week 1,13 May 2014,47.70803,47.84316
Week 2,20 May 2014,46.86476,46.96159
Week 3,27 May 2014,47.07234,47.16606
Week 4,03 Jun 2014,47.32857,47.43597

Week 1,10 Jun 2014,46.56213,46.62584
Week 2,17 Jun 2014,46.86994,46.92183
Week 3,24 Jun 2014,46.06354,46.11926
Week 4,01 Jul 2014,46.65093,46.77514

Week 1,08 Jul 2014,46.50209,46.57424
Week 2,15 Jul 2014,47.09513,47.18107
Week 3,22 Jul 2014,47.17130,47.23981
Week 4,29 Jul 2014,47.79271,47.87287

Week 1,05 Aug 2014,48.34613,48.42337
Week 2,12 Aug 2014,48.21850,48.29039
Week 3,19 Aug 2014,47.98626,48.07469
Week 4,26 Aug 2014,48.07249,48.21387

Week 1,02 Sep 2014,48.32280,48.41151
Week 2,09 Sep 2014,48.37679,48.48630
Week 3,16 Sep 2014,49.46553,49.55681
Week 4,23 Sep 2014,49.39191,49.51696

Week 1,30 Sep 2014,50.05153,50.15299
Week 2,07 Oct 2014,50.66097,50.74727
Week 3,14 Oct 2014,51.79267,51.95899
Week 4,21 Oct 2014,52.61953,52.70217

Week 1,28 Oct 2014,53.91949,54.11971
Week 2,04 Nov 2014,56.40461,56.72509
Week 3,11 Nov 2014,58.10356,58.21469
Week 4,18 Nov 2014,57.85703,57.93586

Week 1,25 Nov 2014,59.37560,59.56274
Week 2,02 Dec 2014,65.10519,65.22539
Week 3,09 Dec 2014,68.65514,69.02470
Week 4,16 Dec 2014,79.01244,79.42154

Week 1,23 Dec 2014,65.93440,66.15071
Week 2,30 Dec 2014,70.32006,71.12990
Week 3,06 Jan 2015,72.79754,73.45786
Week 4,13 Jan 2015,75.50551,75.66076

Week 1,20 Jan 2015,73.76539,73.93617
Week 2,27 Jan 2015,77.42789,77.55340
Week 3,03 Feb 2015,76.26723,76.42470
Week 4,10 Feb 2015,73.66259,73.79267

Week 1,17 Feb 2015,70.51359,70.65850
Week 2,24 Feb 2015,69.79874,69.95897
Week 3,03 Mar 2015,67.50513,67.58063
Week 4,10 Mar 2015,65.44120,65.57934

Week 1,17 Mar 2015,64.61856,64.69763
Week 2,24 Mar 2015,63.03567,63.12486
Week 3,31 Mar 2015,62.14469,62.26243
Week 4,07 Apr 2015,57.79173,57.89576

Week 1,14 Apr 2015,54.86813,54.99337
Week 2,21 Apr 2015,55.88734,55.96633
Week 3,28 Apr 2015,56.96309,57.46880
Week 4,05 May 2015,57.00687,57.10666

Week 1,12 May 2015,56.55479,56.70396
Week 2,19 May 2015,55.24933,55.37993
Week 3,26 May 2015,56.53150,56.70761
Week 4,02 Jun 2015,60.94424,61.14404

Week 1,09 Jun 2015,61.96357,62.20397
Week 2,16 Jun 2015,61.13103,61.21240
Week 3,23 Jun 2015,61.05411,61.15761
Week 4,30 Jun 2015,61.82111,61.92863

Week 1,07 Jul 2015,62.83743,62.95606
Week 2,14 Jul 2015,62.08299,62.17220
Week 3,21 Jul 2015,62.96160,63.06426
Week 4,28 Jul 2015,66.27519,66.39241

Week 1,04 Aug 2015,69.45601,69.58944
Week 2,11 Aug 2015,71.36804,71.50541
Week 3,18 Aug 2015,75.30626,75.45659
Week 4,25 Aug 2015,76.61343,76.79340

Week 1,01 Sep 2015,74.98906,75.19273
Week 2,08 Sep 2015,76.47933,76.60223
Week 3,15 Sep 2015,75.08971,75.22273
Week 4,22 Sep 2015,73.74643,73.89223

Week 1,29 Sep 2015,73.71864,73.85871
Week 2,06 Oct 2015,70.65044,70.77523
Week 3,13 Oct 2015,70.34071,70.49964
Week 4,20 Oct 2015,69.73180,69.85661

Week 1,27 Oct 2015,70.40809,70.53513
Week 2,03 Nov 2015,69.42424,69.52743
Week 3,10 Nov 2015,70.56113,70.75251
Week 4,17 Nov 2015,69.23064,69.31740

Week 1,24 Nov 2015,69.94211,70.05783
Week 2,01 Dec 2015,72.13696,72.21261
Week 3,08 Dec 2015,75.41267,75.54861
Week 4,15 Dec 2015,76.77376,76.88177

Week 1,22 Dec 2015,77.30261,77.34859
Week 2,29 Dec 2015,79.48669,79.54181
Week 3,05 Jan 2016,78.49551,78.53846
Week 4,12 Jan 2016,82.70780,82.84254

Week 1,19 Jan 2016,86.61714,87.01143
Week 2,26 Jan 2016,83.34523,83.42641
Week 3,02 Feb 2016,85.39049,85.49657
Week 4,09 Feb 2016,88.59463,88.68206

Week 1,16 Feb 2016,85.67561,85.76479
Week 2,23 Feb 2016,83.68890,83.76077
Week 3,01 Mar 2016,80.19590,80.27584
Week 4,08 Mar 2016,78.23199,78.40243

Week 1,15 Mar 2016,77.56266,77.63114
Week 2,22 Mar 2016,76.22701,76.32537
Week 3,29 Mar 2016,76.75066,76.83187
Week 4,05 Apr 2016,77.24621,77.31157

Week 1,12 Apr 2016,75.02146,75.09221
Week 2,19 Apr 2016,74.79640,74.87180
Week 3,26 Apr 2016,74.17827,74.24804
Week 4,03 May 2016,75.44407,75.49789

Week 1,10 May 2016,74.48904,74.55357
Week 2,17 May 2016,74.23966,74.30221
Week 3,24 May 2016,73.81754,73.86659
Week 4,31 May 2016,74.32039,74.38383

Week 1,07 Jun 2016,73.39607,73.45849
Week 2,14 Jun 2016,73.54537,73.59773
Week 3,21 Jun 2016,72.33924,72.41766
Week 4,28 Jun 2016,71.23001,71.31203

Week 1,05 Jul 2016,71.03284,71.09041
Week 2,12 Jul 2016,70.33377,70.39277
Week 3,19 Jul 2016,70.43249,70.48933
Week 4,26 Jul 2016,73.13741,73.19840

Week 1,02 Aug 2016,73.59251,73.65389
Week 2,09 Aug 2016,72.07007,72.13677
Week 3,16 Aug 2016,72.07556,72.16353
Week 4,23 Aug 2016,72.84074,72.94230

Week 1,30 Aug 2016,72.79847,72.89461
Week 2,06 Sep 2016,72.44374,72.54356
Week 3,13 Sep 2016,72.83459,72.93190
Week 4,20 Sep 2016,71.90096,72.00009

Week 1,27 Sep 2016,71.12084,71.22260
Week 2,04 Oct 2016,69.76107,69.85703
Week 3,11 Oct 2016,69.21527,69.30611
Week 4,18 Oct 2016,68.41009,68.50899

Week 1,25 Oct 2016,68.40333,68.49936
Week 2,01 Nov 2016,70.54869,70.71983
Week 3,08 Nov 2016,70.79416,70.89571
Week 4,15 Nov 2016,69.42776,69.51043

Week 1,22 Nov 2016,68.29293,68.38301
Week 2,29 Nov 2016,68.38643,68.48466
Week 3,06 Dec 2016,67.31341,67.39296
Week 4,13 Dec 2016,64.73097,64.81017

Week 1,20 Dec 2016,63.86201,63.94590
Week 2,27 Dec 2016,63.74619,63.84739
Week 3,03 Jan 2017,63.25136,63.35316
Week 4,10 Jan 2017,63.30867,63.39777

Week 1,17 Jan 2017,63.48571,63.57576
Week 2,24 Jan 2017,63.93846,64.02414
Week 3,31 Jan 2017,64.08940,64.19041
Week 4,07 Feb 2017,62.74824,62.83620

Week 1,14 Feb 2017,61.32000,61.41296
Week 2,21 Feb 2017,61.33247,61.42609
Week 3,28 Feb 2017,61.61543,61.70820
Week 4,07 Mar 2017,62.21776,62.31154

Week 1,14 Mar 2017,62.24936,62.33141
Week 2,21 Mar 2017,61.79224,61.88428
Week 3,28 Mar 2017,60.73654,60.82867
Week 4,04 Apr 2017,60.20059,60.27970

Week 1,11 Apr 2017,60.10119,60.18813
Week 2,18 Apr 2017,60.20305,60.29225
Week 3,25 Apr 2017,61.63074,61.72364
Week 4,02 May 2017,63.02933,63.12214

Week 1,09 May 2017,62.77775,62.86687
Week 2,16 May 2017,63.18024,63.27096
Week 3,23 May 2017,63.28733,63.37774
Week 4,30 May 2017,63.47439,63.56171

Week 1,06 Jun 2017,63.79894,63.87849
Week 2,13 Jun 2017,64.25475,64.34185
Week 3,20 Jun 2017,66.27815,66.36451
Week 4,27 Jun 2017,67.07712,67.17036

Week 1,04 Jul 2017,68.16885,68.26544
Week 2,11 Jul 2017,68.38716,68.47142
Week 3,18 Jul 2017,68.48318,68.56977
Week 4,25 Jul 2017,69.75005,69.84471

Week 1,01 Aug 2017,70.97407,71.06021
Week 2,08 Aug 2017,70.59913,70.68689
Week 3,15 Aug 2017,69.78831,69.87532
Week 4,22 Aug 2017,69.70114,69.78783

Week 1,29 Aug 2017,69.20240,69.29017
Week 2,05 Sep 2017,68.65879,68.74993
Week 3,12 Sep 2017,68.70631,68.79724
Week 4,19 Sep 2017,69.05236,69.14337

Week 1,26 Sep 2017,68.14529,68.23649
Week 2,03 Oct 2017,67.93169,68.02060
Week 3,10 Oct 2017,68.10150,68.19197
Week 4,17 Oct 2017,67.63106,67.72154

Week 1,24 Oct 2017,67.57327,67.66263
Week 2,31 Oct 2017,67.98543,68.08186
Week 3,07 Nov 2017,68.68478,68.74963
Week 4,14 Nov 2017,70.00016,70.09194

Week 1,21 Nov 2017,69.39823,69.49834
Week 2,28 Nov 2017,69.60909,69.70162
Week 3,05 Dec 2017,69.65916,69.73744

