EUR->JPY

Week 1,15 Dec 1998,136.29614,136.43957
Week 2,22 Dec 1998,135.56014,135.69543
Week 3,29 Dec 1998,133.37600,133.51071
Week 4,05 Jan 1999,129.86071,129.99429

Week 1,12 Jan 1999,131.48857,131.56857
Week 2,19 Jan 1999,132.00643,132.08357
Week 3,26 Jan 1999,131.94571,132.03714
Week 4,02 Feb 1999,127.58786,127.67714

Week 1,09 Feb 1999,129.31714,129.43429
Week 2,16 Feb 1999,133.58143,133.69643
Week 3,23 Feb 1999,132.05429,132.16571
Week 4,02 Mar 1999,132.60714,132.71143

Week 1,09 Mar 1999,130.47000,130.58143
Week 2,16 Mar 1999,128.64643,128.75857
Week 3,23 Mar 1999,128.94857,129.08286
Week 4,30 Mar 1999,129.53500,129.66714

Week 1,06 Apr 1999,130.48500,130.61714
Week 2,13 Apr 1999,127.18143,127.27571
Week 3,20 Apr 1999,126.44929,126.54357
Week 4,27 Apr 1999,126.63286,126.71857

Week 1,04 May 1999,129.52143,129.62714
Week 2,11 May 1999,130.27143,130.37571
Week 3,18 May 1999,131.45286,131.55714
Week 4,25 May 1999,127.69857,127.79071

Week 1,01 Jun 1999,125.85429,125.97286
Week 2,08 Jun 1999,124.71286,124.81214
Week 3,15 Jun 1999,124.80429,124.91429
Week 4,22 Jun 1999,126.31143,126.43571

Week 1,29 Jun 1999,124.61357,124.72429
Week 2,06 Jul 1999,124.62571,124.73000
Week 3,13 Jul 1999,123.05286,123.17143
Week 4,20 Jul 1999,123.11357,123.24143

Week 1,27 Jul 1999,122.95000,123.05857
Week 2,03 Aug 1999,122.95286,123.07429
Week 3,10 Aug 1999,122.55857,122.67929
Week 4,17 Aug 1999,118.69214,118.80143

Week 1,24 Aug 1999,116.63286,116.77786
Week 2,31 Aug 1999,116.24214,116.35000
Week 3,07 Sep 1999,114.41000,114.52571
Week 4,14 Sep 1999,110.66000,110.79143

Week 1,21 Sep 1999,109.19857,109.32286
Week 2,28 Sep 1999,112.62071,112.74500
Week 3,05 Oct 1999,114.45286,114.55429
Week 4,12 Oct 1999,114.65214,114.77143

Week 1,19 Oct 1999,113.94571,114.07286
Week 2,26 Oct 1999,110.26643,110.38929
Week 3,02 Nov 1999,109.90143,110.02286
Week 4,09 Nov 1999,108.78286,108.91000

Week 1,16 Nov 1999,109.32429,109.44143
Week 2,23 Nov 1999,105.19714,105.31214
Week 3,30 Nov 1999,103.06000,103.17143
Week 4,07 Dec 1999,104.30857,104.42857

Week 1,14 Dec 1999,104.13571,104.24857
Week 2,21 Dec 1999,103.47143,103.60571
Week 3,28 Dec 1999,102.98157,103.08729
Week 4,04 Jan 2000,107.36071,107.44271

Week 1,11 Jan 2000,108.23414,108.31629
Week 2,18 Jan 2000,106.28329,106.39157
Week 3,25 Jan 2000,105.06600,105.15457
Week 4,01 Feb 2000,105.38100,105.46443

Week 1,08 Feb 2000,107.56186,107.64086
Week 2,15 Feb 2000,108.30686,108.41100
Week 3,22 Feb 2000,109.35871,109.43643
Week 4,29 Feb 2000,104.47929,104.56929

Week 1,07 Mar 2000,102.53114,102.61829
Week 2,14 Mar 2000,102.78086,102.87514
Week 3,21 Mar 2000,103.76314,103.85171
Week 4,28 Mar 2000,100.15017,100.21380

Week 1,04 Apr 2000,100.65957,100.74786
Week 2,11 Apr 2000,101.36429,101.45000
Week 3,18 Apr 2000,99.11736,99.19904
Week 4,25 Apr 2000,98.12777,98.21560

Week 1,02 May 2000,97.80581,97.89659
Week 2,09 May 2000,99.12317,99.19464
Week 3,16 May 2000,97.31483,97.39391
Week 4,23 May 2000,98.35514,98.44086

Week 1,30 May 2000,101.03224,101.10981
Week 2,06 Jun 2000,101.65314,101.73729
Week 3,13 Jun 2000,102.39071,102.48329
Week 4,20 Jun 2000,99.18209,99.26326

Week 1,27 Jun 2000,100.12977,100.22420
Week 2,04 Jul 2000,101.78500,101.86871
Week 3,11 Jul 2000,101.58414,101.67114
Week 4,18 Jul 2000,101.18600,101.25114

Week 1,25 Jul 2000,101.76300,101.84114
Week 2,01 Aug 2000,99.28746,99.37317
Week 3,08 Aug 2000,98.14576,98.22739
Week 4,15 Aug 2000,98.91644,99.00300

Week 1,22 Aug 2000,96.78293,96.85817
Week 2,29 Aug 2000,95.19414,95.26306
Week 3,05 Sep 2000,92.67429,92.75199
Week 4,12 Sep 2000,91.92949,92.02344

Week 1,19 Sep 2000,92.71499,92.80783
Week 2,26 Sep 2000,94.87724,95.06724
Week 3,03 Oct 2000,94.96644,95.08159
Week 4,10 Oct 2000,92.93766,93.02521

Week 1,17 Oct 2000,91.55516,91.63829
Week 2,24 Oct 2000,90.54431,90.62441
Week 3,31 Oct 2000,92.65560,92.74306
Week 4,07 Nov 2000,92.58357,92.67570

Week 1,14 Nov 2000,92.67373,92.76854
Week 2,21 Nov 2000,93.13544,93.22434
Week 3,28 Nov 2000,96.22191,96.28151
Week 4,05 Dec 2000,98.23023,98.36969

Week 1,12 Dec 2000,99.37587,99.51646
Week 2,19 Dec 2000,102.64643,102.76743
Week 3,26 Dec 2000,106.59243,106.72957
Week 4,02 Jan 2001,109.45929,109.54629

Week 1,09 Jan 2001,111.45971,111.59700
Week 2,16 Jan 2001,110.50943,110.65329
Week 3,23 Jan 2001,108.57700,108.73886
Week 4,30 Jan 2001,108.05843,108.18457

Week 1,06 Feb 2001,108.12329,108.28286
Week 2,13 Feb 2001,106.25357,106.41371
Week 3,20 Feb 2001,106.18943,106.34300
Week 4,27 Feb 2001,109.17229,109.28257

Week 1,06 Mar 2001,111.30286,111.43243
Week 2,13 Mar 2001,110.32414,110.47100
Week 3,20 Mar 2001,109.99600,110.11657
Week 4,27 Mar 2001,109.75957,109.91314

Week 1,03 Apr 2001,111.87371,112.02814
Week 2,10 Apr 2001,110.56986,110.70943
Week 3,17 Apr 2001,109.55414,109.71586
Week 4,24 Apr 2001,109.93971,110.06771

Week 1,01 May 2001,108.54671,108.68800
Week 2,08 May 2001,107.51443,107.67786
Week 3,15 May 2001,108.29157,108.39371
Week 4,22 May 2001,104.33700,104.48971

Week 1,29 May 2001,102.01900,102.14243
Week 2,05 Jun 2001,102.31157,102.41586
Week 3,12 Jun 2001,104.73357,104.84343
Week 4,19 Jun 2001,106.17671,106.27371

Week 1,26 Jun 2001,106.14543,106.25843
Week 2,03 Jul 2001,105.81529,105.92314
Week 3,10 Jul 2001,106.62886,106.73600
Week 4,17 Jul 2001,107.37586,107.47886

Week 1,24 Jul 2001,108.41629,108.50914
Week 2,31 Jul 2001,109.41286,109.52043
Week 3,07 Aug 2001,108.83014,108.93871
Week 4,14 Aug 2001,109.85286,109.93514

Week 1,21 Aug 2001,109.77243,109.87929
Week 2,28 Aug 2001,108.97157,109.07129
Week 3,04 Sep 2001,107.82771,107.92157
Week 4,11 Sep 2001,108.46214,108.53843

Week 1,18 Sep 2001,107.79014,107.84529
Week 2,25 Sep 2001,108.64286,108.69143
Week 3,02 Oct 2001,110.49143,110.57000
Week 4,09 Oct 2001,109.97429,110.04286

Week 1,16 Oct 2001,109.36571,109.41571
Week 2,23 Oct 2001,109.53857,109.57000
Week 3,30 Oct 2001,110.09857,110.14429
Week 4,06 Nov 2001,108.07286,108.11429

Week 1,13 Nov 2001,107.99143,108.04286
Week 2,20 Nov 2001,108.66086,108.71114
Week 3,27 Nov 2001,109.96714,110.02429
Week 4,04 Dec 2001,111.18714,111.23000

Week 1,11 Dec 2001,113.63000,113.68143
Week 2,18 Dec 2001,115.19571,115.25286
Week 3,25 Dec 2001,115.49286,115.55286
Week 4,01 Jan 2002,117.63286,117.71000

Week 1,08 Jan 2002,118.00714,118.06857
Week 2,15 Jan 2002,116.96286,117.01571
Week 3,22 Jan 2002,117.28857,117.34286
Week 4,29 Jan 2002,114.92143,114.95571

Week 1,05 Feb 2002,116.60143,116.66286
Week 2,12 Feb 2002,115.99429,116.04000
Week 3,19 Feb 2002,116.86714,116.94571
Week 4,26 Feb 2002,115.95429,116.01429

Week 1,05 Mar 2002,113.41714,113.47429
Week 2,12 Mar 2002,113.44286,113.51714
Week 3,19 Mar 2002,116.41857,116.47429
Week 4,26 Mar 2002,115.89429,115.95571

Week 1,02 Apr 2002,116.41143,116.46000
Week 2,09 Apr 2002,115.64571,115.71429
Week 3,16 Apr 2002,116.07571,116.12571
Week 4,23 Apr 2002,115.46857,115.51286

Week 1,30 Apr 2002,115.94714,116.02000
Week 2,07 May 2002,116.69286,116.75571
Week 3,14 May 2002,116.21286,116.26714
Week 4,21 May 2002,114.86143,114.90714

Week 1,28 May 2002,115.75714,115.80429
Week 2,04 Jun 2002,117.05286,117.09429
Week 3,11 Jun 2002,117.88000,117.93857
Week 4,18 Jun 2002,118.15143,118.20571

Week 1,25 Jun 2002,118.36286,118.41429
Week 2,02 Jul 2002,117.54000,117.60429
Week 3,09 Jul 2002,116.24286,116.31143
Week 4,16 Jul 2002,117.20429,117.26000

Week 1,23 Jul 2002,116.89286,116.95000
Week 2,30 Jul 2002,117.44143,117.48857
Week 3,06 Aug 2002,116.80571,116.87714
Week 4,13 Aug 2002,115.82429,115.87143

Week 1,20 Aug 2002,116.20714,116.27571
Week 2,27 Aug 2002,116.27857,116.33857
Week 3,03 Sep 2002,116.64571,116.69143
Week 4,10 Sep 2002,117.62429,117.71000

Week 1,17 Sep 2002,119.86429,119.93857
Week 2,24 Sep 2002,120.31143,120.36857
Week 3,01 Oct 2002,120.68857,120.75571
Week 4,08 Oct 2002,122.15857,122.22286

Week 1,15 Oct 2002,122.08571,122.15143
Week 2,22 Oct 2002,121.57714,121.64286
Week 3,29 Oct 2002,121.44000,121.49000
Week 4,05 Nov 2002,121.71000,121.78000

Week 1,12 Nov 2002,121.20429,121.26857
Week 2,19 Nov 2002,122.50286,122.55857
Week 3,26 Nov 2002,121.42000,121.49000
Week 4,03 Dec 2002,124.52286,124.57143

Week 1,10 Dec 2002,124.13714,124.18571
Week 2,17 Dec 2002,123.93143,124.00143
Week 3,24 Dec 2002,124.40714,124.47143
Week 4,31 Dec 2002,124.55286,124.63143

Week 1,07 Jan 2003,125.49000,125.53429
Week 2,14 Jan 2003,125.20571,125.26143
Week 3,21 Jan 2003,127.04429,127.08571
Week 4,28 Jan 2003,128.67000,128.74429

Week 1,04 Feb 2003,129.94143,129.99429
Week 2,11 Feb 2003,130.01000,130.05429
Week 3,18 Feb 2003,127.82286,127.86143
Week 4,25 Feb 2003,126.95286,127.00857

Week 1,04 Mar 2003,128.60857,128.65286
Week 2,11 Mar 2003,128.12143,128.18143
Week 3,18 Mar 2003,127.34857,127.39143
Week 4,25 Mar 2003,128.65143,128.69571

Week 1,01 Apr 2003,128.62429,128.67857
Week 2,08 Apr 2003,129.04143,129.10429
Week 3,15 Apr 2003,130.13571,130.21143
Week 4,22 Apr 2003,132.13000,132.19000

Week 1,29 Apr 2003,133.13000,133.21571
Week 2,06 May 2003,134.23571,134.33571
Week 3,13 May 2003,134.24286,134.34286
Week 4,20 May 2003,137.34286,137.45000

Week 1,27 May 2003,139.74000,139.82429
Week 2,03 Jun 2003,139.01429,139.12286
Week 3,10 Jun 2003,138.67286,138.77000
Week 4,17 Jun 2003,138.07000,138.14714

Week 1,24 Jun 2003,136.33571,136.40429
Week 2,01 Jul 2003,136.35857,136.46143
Week 3,08 Jul 2003,133.38714,133.48857
Week 4,15 Jul 2003,132.94857,133.04857

Week 1,22 Jul 2003,136.00714,136.11429
Week 2,29 Jul 2003,136.06143,136.16714
Week 3,05 Aug 2003,135.46714,135.56714
Week 4,12 Aug 2003,134.30429,134.38286

Week 1,19 Aug 2003,129.78571,129.88000
Week 2,26 Aug 2003,127.93000,128.00286
Week 3,02 Sep 2003,127.94429,127.99571
Week 4,09 Sep 2003,131.42000,131.50000

Week 1,16 Sep 2003,130.34286,130.41286
Week 2,23 Sep 2003,128.32571,128.40857
Week 3,30 Sep 2003,128.90286,128.98857
Week 4,07 Oct 2003,128.71857,128.80000

Week 1,14 Oct 2003,127.55429,127.60714
Week 2,21 Oct 2003,128.56571,128.61143
Week 3,28 Oct 2003,126.96143,127.00571
Week 4,04 Nov 2003,126.06571,126.12000

Week 1,11 Nov 2003,126.41714,126.49000
Week 2,18 Nov 2003,129.33286,129.40143
Week 3,25 Nov 2003,130.24857,130.28857
Week 4,02 Dec 2003,130.95714,130.99857

Week 1,09 Dec 2003,131.92000,132.01714
Week 2,16 Dec 2003,133.13000,133.17857
Week 3,23 Dec 2003,133.42143,133.49714
Week 4,30 Dec 2003,134.51714,134.56714

Week 1,06 Jan 2004,135.74714,135.80857
Week 2,13 Jan 2004,133.96000,134.01286
Week 3,20 Jan 2004,134.25857,134.35571
Week 4,27 Jan 2004,132.05857,132.10429

Week 1,03 Feb 2004,132.83857,132.88286
Week 2,10 Feb 2004,134.45714,134.51000
Week 3,17 Feb 2004,135.94143,135.97857
Week 4,24 Feb 2004,136.27286,136.32286

Week 1,02 Mar 2004,136.51714,136.56286
Week 2,09 Mar 2004,136.23714,136.28429
Week 3,16 Mar 2004,132.37857,132.42429
Week 4,23 Mar 2004,129.51429,129.55857

Week 1,30 Mar 2004,127.64429,127.68000
Week 2,06 Apr 2004,128.03143,128.08429
Week 3,13 Apr 2004,128.91429,128.95857
Week 4,20 Apr 2004,129.43857,129.48429

Week 1,27 Apr 2004,131.18857,131.23000
Week 2,04 May 2004,132.73857,132.77857
Week 3,11 May 2004,135.11714,135.16429
Week 4,18 May 2004,135.41714,135.47000

Week 1,25 May 2004,135.20429,135.24429
Week 2,01 Jun 2004,135.40571,135.45571
Week 3,08 Jun 2004,133.07714,133.12143
Week 4,15 Jun 2004,132.52143,132.56571

Week 1,22 Jun 2004,131.27429,131.31857
Week 2,29 Jun 2004,132.49143,132.53143
Week 3,06 Jul 2004,134.29857,134.34000
Week 4,13 Jul 2004,134.97000,135.01571

Week 1,20 Jul 2004,133.89714,133.93857
Week 2,27 Jul 2004,134.01143,134.05286
Week 3,03 Aug 2004,134.69714,134.73714
Week 4,10 Aug 2004,136.27571,136.31286

Week 1,17 Aug 2004,135.14000,135.17857
Week 2,24 Aug 2004,132.39000,132.43571
Week 3,31 Aug 2004,133.08857,133.13000
Week 4,07 Sep 2004,133.61143,133.64714

Week 1,14 Sep 2004,133.94000,133.98714
Week 2,21 Sep 2004,135.38429,135.42000
Week 3,28 Sep 2004,136.95286,136.99857
Week 4,05 Oct 2004,136.29000,136.32714

Week 1,12 Oct 2004,135.83429,135.87857
Week 2,19 Oct 2004,136.00571,136.04571
Week 3,26 Oct 2004,135.73000,135.77000
Week 4,02 Nov 2004,136.22857,136.27714

Week 1,09 Nov 2004,137.04857,137.09000
Week 2,16 Nov 2004,135.21143,135.25000
Week 3,23 Nov 2004,135.78571,135.82714
Week 4,30 Nov 2004,136.96571,137.00857

Week 1,07 Dec 2004,138.81143,138.85286
Week 2,14 Dec 2004,139.13857,139.17857
Week 3,21 Dec 2004,139.88571,139.92714
Week 4,28 Dec 2004,139.97000,140.01571

Week 1,04 Jan 2005,137.79714,137.84286
Week 2,11 Jan 2005,134.84571,134.88286
Week 3,18 Jan 2005,133.68286,133.73286
Week 4,25 Jan 2005,134.52429,134.56857

Week 1,01 Feb 2005,134.70429,134.73000
Week 2,08 Feb 2005,135.44571,135.48571
Week 3,15 Feb 2005,137.31714,137.35714
Week 4,22 Feb 2005,138.79571,138.84429

Week 1,01 Mar 2005,138.21571,138.25714
Week 2,08 Mar 2005,139.62143,139.66571
Week 3,15 Mar 2005,139.60714,139.64571
Week 4,22 Mar 2005,137.86143,137.90714

Week 1,29 Mar 2005,138.68429,138.72429
Week 2,05 Apr 2005,139.69571,139.74000
Week 3,12 Apr 2005,138.98571,139.02857
Week 4,19 Apr 2005,139.04714,139.08286

Week 1,26 Apr 2005,136.19571,136.23714
Week 2,03 May 2005,135.02000,135.06143
Week 3,10 May 2005,135.56714,135.60714
Week 4,17 May 2005,135.61429,135.65429

Week 1,24 May 2005,135.52571,135.56714
Week 2,31 May 2005,132.69857,132.73857
Week 3,07 Jun 2005,131.35286,131.39000
Week 4,14 Jun 2005,132.61714,132.65000

Week 1,21 Jun 2005,131.91000,131.95000
Week 2,28 Jun 2005,133.36000,133.40286
Week 3,05 Jul 2005,133.72000,133.76286
Week 4,12 Jul 2005,135.26143,135.30714

Week 1,19 Jul 2005,134.89857,134.94143
Week 2,26 Jul 2005,135.77857,135.82143
Week 3,02 Aug 2005,138.03000,138.07714
Week 4,09 Aug 2005,137.01571,137.05286

Week 1,16 Aug 2005,134.65571,134.69571
Week 2,23 Aug 2005,135.01857,135.06286
Week 3,30 Aug 2005,136.79143,136.83286
Week 4,06 Sep 2005,136.40143,136.44286

Week 1,13 Sep 2005,135.79986,135.84943
Week 2,20 Sep 2005,135.58143,135.63000
Week 3,27 Sep 2005,136.14286,136.17857
Week 4,04 Oct 2005,137.15857,137.20286

Week 1,11 Oct 2005,137.64000,137.67714
Week 2,18 Oct 2005,138.40571,138.44286
Week 3,25 Oct 2005,139.44000,139.47857
Week 4,01 Nov 2005,139.98043,140.02900

Week 1,08 Nov 2005,138.34000,138.38143
Week 2,15 Nov 2005,139.63000,139.67286
Week 3,22 Nov 2005,140.12929,140.18014
Week 4,29 Nov 2005,140.84729,140.89743

Week 1,06 Dec 2005,142.05600,142.10529
Week 2,13 Dec 2005,141.31943,141.36786
Week 3,20 Dec 2005,138.81400,138.86343
Week 4,27 Dec 2005,138.85171,138.90500

Week 1,03 Jan 2006,139.55586,139.62514
Week 2,10 Jan 2006,138.30371,138.35200
Week 3,17 Jan 2006,139.53729,139.58343
Week 4,24 Jan 2006,141.43843,141.46557

Week 1,31 Jan 2006,142.63871,142.67429
Week 2,07 Feb 2006,141.35957,141.40814
Week 3,14 Feb 2006,140.31914,140.36743
Week 4,21 Feb 2006,140.09114,140.13943

Week 1,28 Feb 2006,139.00471,139.03329
Week 2,07 Mar 2006,140.90200,140.95043
Week 3,14 Mar 2006,141.59400,141.64229
Week 4,21 Mar 2006,141.35343,141.40214

Week 1,28 Mar 2006,141.82143,141.86943
Week 2,04 Apr 2006,143.39486,143.44286
Week 3,11 Apr 2006,143.50429,143.55357
Week 4,18 Apr 2006,144.34986,144.39900

Week 1,25 Apr 2006,142.98757,143.04286
Week 2,02 May 2006,143.36543,143.41643
Week 3,09 May 2006,141.81986,141.86314
Week 4,16 May 2006,141.85714,141.90571

Week 1,23 May 2006,143.39543,143.44414
Week 2,30 May 2006,144.04986,144.09829
Week 3,06 Jun 2006,144.55043,144.58000
Week 4,13 Jun 2006,144.89457,144.94243

Week 1,20 Jun 2006,145.42286,145.47071
Week 2,27 Jun 2006,146.12686,146.17457
Week 3,04 Jul 2006,146.58129,146.62914
Week 4,11 Jul 2006,146.32200,146.36986

Week 1,18 Jul 2006,147.14171,147.16700
Week 2,25 Jul 2006,146.99486,147.01786
Week 3,01 Aug 2006,146.84243,146.88786
Week 4,08 Aug 2006,147.83414,147.88157

Week 1,15 Aug 2006,148.47086,148.51857
Week 2,22 Aug 2006,149.22143,149.26986
Week 3,29 Aug 2006,150.08114,150.12886
Week 4,05 Sep 2006,148.68043,148.72814

Week 1,12 Sep 2006,149.10300,149.15343
Week 2,19 Sep 2006,149.03600,149.08371
Week 3,26 Sep 2006,149.21343,149.26100
Week 4,03 Oct 2006,149.83300,149.87071

Week 1,10 Oct 2006,149.85086,149.89843
Week 2,17 Oct 2006,149.33729,149.38500
Week 3,24 Oct 2006,149.90343,149.95100
Week 4,31 Oct 2006,149.62386,149.67114

Week 1,07 Nov 2006,150.68243,150.72957
Week 2,14 Nov 2006,151.05286,151.10043
Week 3,21 Nov 2006,151.29157,151.33914
Week 4,28 Nov 2006,153.18471,153.23171

Week 1,05 Dec 2006,153.35071,153.39857
Week 2,12 Dec 2006,154.72886,154.77657
Week 3,19 Dec 2006,155.64014,155.68800
Week 4,26 Dec 2006,156.42400,156.48643

Week 1,02 Jan 2007,156.04029,156.09871
Week 2,09 Jan 2007,155.10857,155.15600
Week 3,16 Jan 2007,156.51471,156.56343
Week 4,23 Jan 2007,157.19500,157.24243

Week 1,30 Jan 2007,157.26071,157.30786
Week 2,06 Feb 2007,157.19000,157.23743
Week 3,13 Feb 2007,157.49429,157.54214
Week 4,20 Feb 2007,158.59814,158.64629

Week 1,27 Feb 2007,156.15757,156.19214
Week 2,06 Mar 2007,153.65586,153.70343
Week 3,13 Mar 2007,154.92629,154.97400
Week 4,20 Mar 2007,156.67800,156.72543

Week 1,27 Mar 2007,157.01429,157.06157
Week 2,03 Apr 2007,158.73371,158.78186
Week 3,10 Apr 2007,160.42157,160.46957
Week 4,17 Apr 2007,161.34929,161.39657

Week 1,24 Apr 2007,162.16900,162.21686
Week 2,01 May 2007,163.15771,163.20543
Week 3,08 May 2007,162.52514,162.57286
Week 4,15 May 2007,163.38229,163.42857

Week 1,22 May 2007,163.51543,163.56129
Week 2,29 May 2007,163.75343,163.80000
Week 3,05 Jun 2007,163.37014,163.41600
Week 4,12 Jun 2007,163.63571,163.68157

Week 1,19 Jun 2007,166.08357,166.12986
Week 2,26 Jun 2007,166.09714,166.14314
Week 3,03 Jul 2007,167.22843,167.27471
Week 4,10 Jul 2007,168.05814,168.10429

Week 1,17 Jul 2007,168.05786,168.10357
Week 2,24 Jul 2007,164.39514,164.44114
Week 3,31 Jul 2007,162.52000,162.56586
Week 4,07 Aug 2007,162.82700,162.87300

Week 1,14 Aug 2007,156.50943,156.56014
Week 2,21 Aug 2007,156.76300,156.81314
Week 3,28 Aug 2007,157.72357,157.77257
Week 4,04 Sep 2007,157.14200,157.19043

Week 1,11 Sep 2007,158.61957,158.66700
Week 2,18 Sep 2007,161.53329,161.58300
Week 3,25 Sep 2007,162.96743,163.01729
Week 4,02 Oct 2007,164.66786,164.71586

Week 1,09 Oct 2007,165.98971,166.03971
Week 2,16 Oct 2007,165.11771,165.16614
Week 3,23 Oct 2007,163.41043,163.45900
Week 4,30 Oct 2007,165.86629,165.89486

Week 1,06 Nov 2007,164.74157,164.78929
Week 2,13 Nov 2007,162.00329,162.05086
Week 3,20 Nov 2007,161.26171,161.30986
Week 4,27 Nov 2007,161.93957,161.97743

Week 1,04 Dec 2007,162.66886,162.71629
Week 2,11 Dec 2007,163.83929,163.88657
Week 3,18 Dec 2007,163.16529,163.21286
Week 4,25 Dec 2007,165.11414,165.17800

Week 1,01 Jan 2008,161.78457,161.85743
Week 2,08 Jan 2008,160.86886,160.91500
Week 3,15 Jan 2008,157.78386,157.83029
Week 4,22 Jan 2008,155.84657,155.89429

Week 1,29 Jan 2008,157.74414,157.79171
Week 2,05 Feb 2008,156.32057,156.36700
Week 3,12 Feb 2008,157.19000,157.23629
Week 4,19 Feb 2008,158.75471,158.80100

Week 1,26 Feb 2008,159.20414,159.25143
Week 2,04 Mar 2008,157.52529,157.57171
Week 3,11 Mar 2008,156.64000,156.68729
Week 4,18 Mar 2008,153.93971,153.99386

Week 1,25 Mar 2008,156.27786,156.32486
Week 2,01 Apr 2008,159.17743,159.22771
Week 3,08 Apr 2008,160.38300,160.43214
Week 4,15 Apr 2008,162.06171,162.10900

Week 1,22 Apr 2008,163.76300,163.80971
Week 2,29 Apr 2008,162.35600,162.40386
Week 3,06 May 2008,160.80514,160.85257
Week 4,13 May 2008,161.76229,161.80957

Week 1,20 May 2008,162.62829,162.67729
Week 2,27 May 2008,163.67086,163.72029
Week 3,03 Jun 2008,163.98257,164.02343
Week 4,10 Jun 2008,166.23200,166.28286

Week 1,17 Jun 2008,167.41286,167.46443
Week 2,24 Jun 2008,167.88871,167.93600
Week 3,01 Jul 2008,167.58900,167.63729
Week 4,08 Jul 2008,168.63457,168.68229

Week 1,15 Jul 2008,168.27671,168.32400
Week 2,22 Jul 2008,169.22743,169.27700
Week 3,29 Jul 2008,168.25314,168.30300
Week 4,05 Aug 2008,167.09557,167.14257

Week 1,12 Aug 2008,163.01229,163.05971
Week 2,19 Aug 2008,162.11814,162.15786
Week 3,26 Aug 2008,160.64057,160.68800
Week 4,02 Sep 2008,155.58857,155.63829

Week 1,09 Sep 2008,152.23957,152.28971
Week 2,16 Sep 2008,151.99686,152.05529
Week 3,23 Sep 2008,155.15143,155.20514
Week 4,30 Sep 2008,147.80257,147.85629

Week 1,07 Oct 2008,136.73357,136.83243
Week 2,14 Oct 2008,136.84729,136.93243
Week 3,21 Oct 2008,125.90371,125.97071
Week 4,28 Oct 2008,123.26443,123.35743

Week 1,04 Nov 2008,125.91914,125.98614
Week 2,11 Nov 2008,122.94943,123.01329
Week 3,18 Nov 2008,120.77843,120.84157
Week 4,25 Nov 2008,122.43114,122.49457

Week 1,02 Dec 2008,118.17400,118.24143
Week 2,09 Dec 2008,120.66329,120.71029
Week 3,16 Dec 2008,124.75471,124.83186
Week 4,23 Dec 2008,126.64257,126.73743

Week 1,30 Dec 2008,127.36586,127.47414
Week 2,06 Jan 2009,124.72957,124.79414
Week 3,13 Jan 2009,119.20714,119.26843
Week 4,20 Jan 2009,116.27143,116.33243

Week 1,27 Jan 2009,116.45643,116.51986
Week 2,03 Feb 2009,116.49886,116.56257
Week 3,10 Feb 2009,117.55686,117.61757
Week 4,17 Feb 2009,118.15071,118.20929

Week 1,24 Feb 2009,123.15929,123.21714
Week 2,03 Mar 2009,123.79329,123.85014
Week 3,10 Mar 2009,125.51443,125.57771
Week 4,17 Mar 2009,128.97414,129.03486

Week 1,24 Mar 2009,131.63971,131.70143
Week 2,31 Mar 2009,132.38529,132.44357
Week 3,07 Apr 2009,133.00386,133.06500
Week 4,14 Apr 2009,130.82157,130.87971

Week 1,21 Apr 2009,128.00071,128.04800
Week 2,28 Apr 2009,129.32314,129.37971
Week 3,05 May 2009,132.74343,132.80000
Week 4,12 May 2009,130.43157,130.48757

Week 1,19 May 2009,131.10200,131.15786
Week 2,26 May 2009,133.78000,133.83514
Week 3,02 Jun 2009,136.81271,136.86929
Week 4,09 Jun 2009,137.44486,137.49929

Week 1,16 Jun 2009,134.33714,134.39086
Week 2,23 Jun 2009,133.73529,133.78800
Week 3,30 Jun 2009,134.83457,134.88486
Week 4,07 Jul 2009,130.49371,130.54400

Week 1,14 Jul 2009,131.62129,131.67729
Week 2,21 Jul 2009,134.05743,134.10714
Week 3,28 Jul 2009,134.62071,134.67257
Week 4,04 Aug 2009,137.29143,137.32271

Week 1,11 Aug 2009,135.98300,136.03271
Week 2,18 Aug 2009,134.20043,134.25200
Week 3,25 Aug 2009,134.35229,134.43186
Week 4,01 Sep 2009,132.55100,132.60286

Week 1,08 Sep 2009,133.10700,133.15771
Week 2,15 Sep 2009,133.63400,133.68186
Week 3,22 Sep 2009,133.49643,133.54686
Week 4,29 Sep 2009,130.88314,130.93214

Week 1,06 Oct 2009,131.24871,131.29771
Week 2,13 Oct 2009,134.18443,134.23343
Week 3,20 Oct 2009,136.78471,136.82571
Week 4,27 Oct 2009,134.72400,134.77271

Week 1,03 Nov 2009,133.62300,133.67286
Week 2,10 Nov 2009,134.17771,134.22571
Week 3,17 Nov 2009,132.73157,132.77900
Week 4,24 Nov 2009,131.01429,131.06300

Week 1,01 Dec 2009,132.36929,132.41743
Week 2,08 Dec 2009,130.74286,130.79057
Week 3,15 Dec 2009,129.78486,129.83371
Week 4,22 Dec 2009,130.95257,131.02186

Week 1,29 Dec 2009,132.66771,132.72314
Week 2,05 Jan 2010,133.09829,133.14529
Week 3,12 Jan 2010,132.00357,132.05271
Week 4,19 Jan 2010,128.57371,128.61400

Week 1,26 Jan 2010,126.02429,126.06957
Week 2,02 Feb 2010,124.28957,124.33614
Week 3,09 Feb 2010,122.76414,122.80957
Week 4,16 Feb 2010,123.83186,123.88729

Week 1,23 Feb 2010,121.90943,121.96429
Week 2,02 Mar 2010,121.65600,121.71071
Week 3,09 Mar 2010,123.70443,123.75900
Week 4,16 Mar 2010,123.35514,123.40986

Week 1,23 Mar 2010,123.06771,123.12214
Week 2,30 Mar 2010,126.37243,126.42571
Week 3,06 Apr 2010,125.64457,125.70100
Week 4,13 Apr 2010,125.83829,125.89186

Week 1,20 Apr 2010,124.93643,124.97343
Week 2,27 Apr 2010,124.67357,124.73200
Week 3,04 May 2010,119.88414,119.94014
Week 4,11 May 2010,116.61614,116.67057

Week 1,18 May 2010,113.13457,113.18857
Week 2,25 May 2010,111.42657,111.47957
Week 3,01 Jun 2010,111.53000,111.58500
Week 4,08 Jun 2010,110.16386,110.21729

Week 1,15 Jun 2010,112.30214,112.35029
Week 2,22 Jun 2010,110.86700,110.92171
Week 3,29 Jun 2010,109.41871,109.47214
Week 4,06 Jul 2010,111.18857,111.24300

Week 1,13 Jul 2010,112.10957,112.16329
Week 2,20 Jul 2010,112.32057,112.37457
Week 3,27 Jul 2010,113.21929,113.27300
Week 4,03 Aug 2010,113.42586,113.48029

Week 1,10 Aug 2010,110.97786,111.03243
Week 2,17 Aug 2010,109.35300,109.40743
Week 3,24 Aug 2010,107.82671,107.88114
Week 4,31 Aug 2010,107.99500,108.04971

Week 1,07 Sep 2010,106.93471,106.98957
Week 2,14 Sep 2010,110.58929,110.64200
Week 3,21 Sep 2010,112.92157,112.97686
Week 4,28 Sep 2010,114.02071,114.07557

Week 1,05 Oct 2010,114.57871,114.63243
Week 2,12 Oct 2010,113.99743,114.05171
Week 3,19 Oct 2010,113.16271,113.21614
Week 4,26 Oct 2010,112.50200,112.55457

Week 1,02 Nov 2010,113.65614,113.70086
Week 2,09 Nov 2010,112.85657,112.90100
Week 3,16 Nov 2010,113.45529,113.50014
Week 4,23 Nov 2010,111.93886,111.98400

Week 1,30 Nov 2010,110.37443,110.42043
Week 2,07 Dec 2010,110.81343,110.85871
Week 3,14 Dec 2010,111.26214,111.30886
Week 4,21 Dec 2010,109.31657,109.36614

Week 1,28 Dec 2010,108.41457,108.46271
Week 2,04 Jan 2011,108.39414,108.43971
Week 3,11 Jan 2011,109.25600,109.30129
Week 4,18 Jan 2011,111.26443,111.30943

Week 1,25 Jan 2011,112.42314,112.46900
Week 2,01 Feb 2011,111.94971,111.99586
Week 3,08 Feb 2011,112.63429,112.67929
Week 4,15 Feb 2011,113.28971,113.33429

Week 1,22 Feb 2011,112.95886,113.00400
Week 2,01 Mar 2011,114.01857,114.05243
Week 3,08 Mar 2011,114.47414,114.51929
Week 4,15 Mar 2011,113.29557,113.34600

Week 1,22 Mar 2011,114.68100,114.72600
Week 2,29 Mar 2011,117.51400,117.55929
Week 3,05 Apr 2011,121.52357,121.58929
Week 4,12 Apr 2011,120.89571,120.94200

Week 1,19 Apr 2011,118.99229,119.04000
Week 2,26 Apr 2011,120.19114,120.23800
Week 3,03 May 2011,118.06586,118.11429
Week 4,10 May 2011,115.05100,115.09786

Week 1,17 May 2011,115.68014,115.72643
Week 2,24 May 2011,115.38571,115.43143
Week 3,31 May 2011,116.83086,116.87543
Week 4,07 Jun 2011,116.38000,116.42586

Week 1,14 Jun 2011,114.95200,114.99886
Week 2,21 Jun 2011,114.60786,114.65414
Week 3,28 Jun 2011,116.48029,116.52600
Week 4,05 Jul 2011,116.14271,116.18900

Week 1,12 Jul 2011,112.10100,112.14857
Week 2,19 Jul 2011,112.25614,112.30229
Week 3,26 Jul 2011,111.64686,111.69357
Week 4,02 Aug 2011,111.19743,111.28243

Week 1,09 Aug 2011,109.65700,109.70471
Week 2,16 Aug 2011,110.20871,110.25529
Week 3,23 Aug 2011,110.86886,110.91500
Week 4,30 Aug 2011,110.06514,110.10957

Week 1,06 Sep 2011,107.58271,107.63000
Week 2,13 Sep 2011,105.59043,105.63857
Week 3,20 Sep 2011,103.84714,103.91157
Week 4,27 Sep 2011,103.52029,103.56643

Week 1,04 Oct 2011,102.38057,102.42614
Week 2,11 Oct 2011,105.76343,105.80814
Week 3,18 Oct 2011,105.83143,105.87686
Week 4,25 Oct 2011,106.53643,106.58229

Week 1,01 Nov 2011,107.81829,107.86486
Week 2,08 Nov 2011,106.36743,106.41286
Week 3,15 Nov 2011,104.23600,104.28029
Week 4,22 Nov 2011,103.28657,103.33157

Week 1,29 Nov 2011,104.23457,104.27900
Week 2,06 Dec 2011,104.00571,104.05000
Week 3,13 Dec 2011,101.84386,101.88871
Week 4,20 Dec 2011,101.79157,101.83600

Week 1,27 Dec 2011,100.71363,100.76091
Week 2,03 Jan 2012,98.88457,98.93457
Week 3,10 Jan 2012,97.86913,97.91293
Week 4,17 Jan 2012,98.71914,98.76403

Week 1,24 Jan 2012,101.04646,101.09144
Week 2,31 Jan 2012,100.40216,100.44694
Week 3,07 Feb 2012,101.90114,101.94614
Week 4,14 Feb 2012,103.41071,103.45371

Week 1,21 Feb 2012,107.05943,107.10314
Week 2,28 Feb 2012,108.12514,108.16829
Week 3,06 Mar 2012,107.52100,107.56329
Week 4,13 Mar 2012,109.07143,109.11471

Week 1,20 Mar 2012,109.78057,109.82371
Week 2,27 Mar 2012,110.22986,110.27400
Week 3,03 Apr 2012,108.18386,108.22914
Week 4,10 Apr 2012,106.16471,106.20971

Week 1,17 Apr 2012,106.78114,106.83457
Week 2,24 Apr 2012,106.82657,106.87214
Week 3,01 May 2012,105.30100,105.34700
Week 4,08 May 2012,103.47514,103.52214

Week 1,15 May 2012,101.68286,101.75043
Week 2,22 May 2012,100.38887,100.43294
Week 3,29 May 2012,98.00896,98.05986
Week 4,05 Jun 2012,98.86106,98.91607

Week 1,12 Jun 2012,99.62293,99.66723
Week 2,19 Jun 2012,100.57386,100.61824
Week 3,26 Jun 2012,99.97286,100.01639
Week 4,03 Jul 2012,99.29291,99.32106

Week 1,10 Jul 2012,97.21893,97.24716
Week 2,17 Jul 2012,96.27387,96.30190
Week 3,24 Jul 2012,95.58826,95.61711
Week 4,31 Jul 2012,96.32904,96.35706

Week 1,07 Aug 2012,96.72010,96.74777
Week 2,14 Aug 2012,97.44599,97.47357
Week 3,21 Aug 2012,98.44147,98.46990
Week 4,28 Aug 2012,98.51331,98.54100

Week 1,04 Sep 2012,99.30757,99.33603
Week 2,11 Sep 2012,101.15443,101.18327
Week 3,18 Sep 2012,102.07400,102.10186
Week 4,25 Sep 2012,100.31700,100.34414

Week 1,02 Oct 2012,101.62371,101.65114
Week 2,09 Oct 2012,101.33757,101.36543
Week 3,16 Oct 2012,103.03600,103.06329
Week 4,23 Oct 2012,103.52314,103.55029

Week 1,30 Oct 2012,103.28443,103.31114
Week 2,06 Nov 2012,101.87100,101.89700
Week 3,13 Nov 2012,102.45071,102.47614
Week 4,20 Nov 2012,105.61371,105.63943

Week 1,27 Nov 2012,106.66600,106.69257
Week 2,04 Dec 2012,107.05929,107.08514
Week 3,11 Dec 2012,108.51343,108.53914
Week 4,18 Dec 2012,111.07357,111.09871

Week 1,25 Dec 2012,112.87471,112.91000
Week 2,01 Jan 2013,114.66000,114.69029
Week 3,08 Jan 2013,116.51071,116.53686
Week 4,15 Jan 2013,119.18429,119.21000

Week 1,22 Jan 2013,120.20157,120.24486
Week 2,29 Jan 2013,124.22571,124.26929
Week 3,05 Feb 2013,125.24714,125.29229
Week 4,12 Feb 2013,124.98514,125.02886

Week 1,19 Feb 2013,124.06886,124.10743
Week 2,26 Feb 2013,121.45286,121.48557
Week 3,05 Mar 2013,123.16057,123.19814
Week 4,12 Mar 2013,124.83386,124.86329

Week 1,19 Mar 2013,122.89586,122.95643
Week 2,26 Mar 2013,121.07757,121.13814
Week 3,02 Apr 2013,122.82786,122.88800
Week 4,09 Apr 2013,129.42086,129.48157

Week 1,16 Apr 2013,128.76371,128.82600
Week 2,23 Apr 2013,128.79557,128.85643
Week 3,30 Apr 2013,128.69271,128.74086
Week 4,07 May 2013,130.74871,130.80786

Week 1,14 May 2013,132.08500,132.14357
Week 2,21 May 2013,131.65457,131.71400
Week 3,28 May 2013,130.93957,131.00057
Week 4,04 Jun 2013,129.57514,129.63614

Week 1,11 Jun 2013,127.39343,127.45571
Week 2,18 Jun 2013,127.92243,127.98514
Week 3,25 Jun 2013,128.35629,128.40614
Week 4,02 Jul 2013,129.77514,129.83200

Week 1,09 Jul 2013,129.53629,129.59657
Week 2,16 Jul 2013,131.18986,131.25014
Week 3,23 Jul 2013,131.26343,131.32371
Week 4,30 Jul 2013,130.70257,130.76243

Week 1,06 Aug 2013,129.22300,129.28314
Week 2,13 Aug 2013,129.77114,129.80771
Week 3,20 Aug 2013,131.22657,131.28657
Week 4,27 Aug 2013,130.33057,130.39071

Week 1,03 Sep 2013,130.93014,130.98943
Week 2,10 Sep 2013,132.25657,132.30971
Week 3,17 Sep 2013,133.35657,133.41529
Week 4,24 Sep 2013,133.18286,133.24029

Week 1,01 Oct 2013,132.33300,132.36300
Week 2,08 Oct 2013,132.47371,132.53100
Week 3,15 Oct 2013,133.53400,133.59200
Week 4,22 Oct 2013,134.34829,134.39343

Week 1,29 Oct 2013,133.99886,134.05600
Week 2,05 Nov 2013,132.66300,132.71143
Week 3,12 Nov 2013,134.18143,134.22186
Week 4,19 Nov 2013,135.97114,136.01814

Week 1,26 Nov 2013,138.47986,138.53214
Week 2,03 Dec 2013,139.81114,139.85029
Week 3,10 Dec 2013,141.69443,141.75171
Week 4,17 Dec 2013,142.03543,142.09357

Week 1,24 Dec 2013,143.44357,143.50800
Week 2,31 Dec 2013,143.76271,143.81400
Week 3,07 Jan 2014,142.40357,142.45029
Week 4,14 Jan 2014,141.66286,141.72057

Week 1,21 Jan 2014,140.90443,140.96257
Week 2,28 Jan 2014,139.17529,139.23371
Week 3,04 Feb 2014,138.12957,138.18771
Week 4,11 Feb 2014,139.47186,139.51543

Week 1,18 Feb 2014,140.39471,140.44271
Week 2,25 Feb 2014,140.37200,140.42900
Week 3,04 Mar 2014,141.55414,141.61200
Week 4,11 Mar 2014,142.06157,142.10571

Week 1,18 Mar 2014,141.19614,141.25043
Week 2,25 Mar 2014,141.11329,141.13829
Week 3,01 Apr 2014,142.20857,142.25886
Week 4,08 Apr 2014,141.09114,141.12857

Week 1,15 Apr 2014,141.15743,141.21714
Week 2,22 Apr 2014,141.48514,141.52571
Week 3,29 Apr 2014,141.77814,141.83643
Week 4,06 May 2014,140.96329,141.02114

Week 1,13 May 2014,139.58686,139.62700
Week 2,20 May 2014,138.86014,138.91814
Week 3,27 May 2014,138.67714,138.73500
Week 4,03 Jun 2014,139.56614,139.62329

Week 1,10 Jun 2014,138.45014,138.50743
Week 2,17 Jun 2014,138.52871,138.58571
Week 3,24 Jun 2014,138.49129,138.54800
Week 4,01 Jul 2014,138.79957,138.84071

Week 1,08 Jul 2014,138.14814,138.20471
Week 2,15 Jul 2014,137.48529,137.52586
Week 3,22 Jul 2014,136.82929,136.87243
Week 4,29 Jul 2014,137.40271,137.44400

Week 1,05 Aug 2014,136.95186,136.98514
Week 2,12 Aug 2014,136.92043,136.97729
Week 3,19 Aug 2014,137.42557,137.47529
Week 4,26 Aug 2014,136.92614,136.96943

Week 1,02 Sep 2014,136.86486,136.89086
Week 2,09 Sep 2014,137.99586,138.04086
Week 3,16 Sep 2014,139.49457,139.54957
Week 4,23 Sep 2014,139.16500,139.21200

Week 1,30 Sep 2014,137.87971,137.91643
Week 2,07 Oct 2014,136.75471,136.81271
Week 3,14 Oct 2014,135.98057,136.03914
Week 4,21 Oct 2014,136.54186,136.57200

Week 1,28 Oct 2014,138.59186,138.62571
Week 2,04 Nov 2014,142.51100,142.56371
Week 3,11 Nov 2014,144.26543,144.32357
Week 4,18 Nov 2014,146.49114,146.54971

Week 1,25 Nov 2014,147.09357,147.15271
Week 2,02 Dec 2014,148.28129,148.33543
Week 3,09 Dec 2014,147.89971,147.95943
Week 4,16 Dec 2014,146.32043,146.38214

Week 1,23 Dec 2014,146.70986,146.77543
Week 2,30 Dec 2014,145.26057,145.32314
Week 3,06 Jan 2015,141.32429,141.36800
Week 4,13 Jan 2015,137.47057,137.53143

Week 1,20 Jan 2015,134.72157,134.78343
Week 2,27 Jan 2015,133.03271,133.09371
Week 3,03 Feb 2015,134.13629,134.19643
Week 4,10 Feb 2015,135.21971,135.27986

Week 1,17 Feb 2015,135.26157,135.32257
Week 2,24 Feb 2015,134.45114,134.51086
Week 3,03 Mar 2015,132.52271,132.58057
Week 4,10 Mar 2015,128.92700,128.98700

Week 1,17 Mar 2015,129.07529,129.13643
Week 2,24 Mar 2015,130.20843,130.26443
Week 3,31 Mar 2015,129.83414,129.89700
Week 4,07 Apr 2015,129.02429,129.08471

Week 1,14 Apr 2015,127.68371,127.74414
Week 2,21 Apr 2015,128.78629,128.84571
Week 3,28 Apr 2015,132.41286,132.47386
Week 4,05 May 2015,134.41186,134.47329

Week 1,12 May 2015,135.43114,135.49100
Week 2,19 May 2015,134.62986,134.68914
Week 3,26 May 2015,135.05457,135.11214
Week 4,02 Jun 2015,138.71014,138.76957

Week 1,09 Jun 2015,139.30900,139.36857
Week 2,16 Jun 2015,139.24743,139.30671
Week 3,23 Jun 2015,138.69971,138.75857
Week 4,30 Jun 2015,136.42671,136.48843

Week 1,07 Jul 2015,135.39571,135.45643
Week 2,14 Jul 2015,135.26143,135.30686
Week 3,21 Jul 2015,135.49114,135.55014
Week 4,28 Jul 2015,136.23500,136.29429

Week 1,04 Aug 2015,135.99014,136.03386
Week 2,11 Aug 2015,137.96129,138.02029
Week 3,18 Aug 2015,138.19286,138.25171
Week 4,25 Aug 2015,136.64714,136.70971

Week 1,01 Sep 2015,134.20100,134.26057
Week 2,08 Sep 2015,135.22686,135.26900
Week 3,15 Sep 2015,135.97371,136.02600
Week 4,22 Sep 2015,134.64400,134.70357

Week 1,29 Sep 2015,134.39386,134.45271
Week 2,06 Oct 2015,135.58457,135.63286
Week 3,13 Oct 2015,135.91171,135.97000
Week 4,20 Oct 2015,134.83571,134.89400

Week 1,27 Oct 2015,132.90929,132.95129
Week 2,03 Nov 2015,132.45357,132.49743
Week 3,10 Nov 2015,132.17157,132.22900
Week 4,17 Nov 2015,131.30143,131.35186

Week 1,24 Nov 2015,130.24514,130.28814
Week 2,01 Dec 2015,132.05600,132.09871
Week 3,08 Dec 2015,133.40571,133.44814
Week 4,15 Dec 2015,132.47214,132.51586

Week 1,22 Dec 2015,131.97786,132.01271
Week 2,29 Dec 2015,131.27771,131.30486
Week 3,05 Jan 2016,128.35100,128.39400
Week 4,12 Jan 2016,127.90014,127.94357

Week 1,19 Jan 2016,127.89714,127.94086
Week 2,26 Jan 2016,129.73214,129.77471
Week 3,02 Feb 2016,130.86471,130.90871
Week 4,09 Feb 2016,128.21029,128.25571

Week 1,16 Feb 2016,126.38800,126.43229
Week 2,23 Feb 2016,124.20314,124.24629
Week 3,01 Mar 2016,124.16100,124.20457
Week 4,08 Mar 2016,125.50686,125.55029

Week 1,15 Mar 2016,125.94243,125.98271
Week 2,22 Mar 2016,125.97129,126.01800
Week 3,29 Mar 2016,127.27057,127.31443
Week 4,05 Apr 2016,124.55757,124.60157

Week 1,12 Apr 2016,123.10471,123.14857
Week 2,19 Apr 2016,124.22114,124.26286
Week 3,26 Apr 2016,123.68186,123.72600
Week 4,03 May 2016,122.38586,122.42957

Week 1,10 May 2016,123.42143,123.46457
Week 2,17 May 2016,123.45043,123.49329
Week 3,24 May 2016,122.67386,122.71643
Week 4,31 May 2016,122.15229,122.19543

Week 1,07 Jun 2016,121.14229,121.18500
Week 2,14 Jun 2016,118.24829,118.29200
Week 3,21 Jun 2016,116.47429,116.52700
Week 4,28 Jun 2016,113.66729,113.71629

Week 1,05 Jul 2016,112.09886,112.14414
Week 2,12 Jul 2016,115.49871,115.54400
Week 3,19 Jul 2016,116.88757,116.93314
Week 4,26 Jul 2016,115.27000,115.31671

Week 1,02 Aug 2016,113.21457,113.25957
Week 2,09 Aug 2016,113.21457,113.25900
Week 3,16 Aug 2016,113.27543,113.31971
Week 4,23 Aug 2016,113.58043,113.62414

Week 1,30 Aug 2016,115.24443,115.28771
Week 2,06 Sep 2016,115.08900,115.13314
Week 3,13 Sep 2016,114.62714,114.67100
Week 4,20 Sep 2016,113.33471,113.37914

Week 1,27 Sep 2016,113.37557,113.41886
Week 2,04 Oct 2016,115.12500,115.16857
Week 3,11 Oct 2016,114.65671,114.70043
Week 4,18 Oct 2016,113.59086,113.63386

Week 1,25 Oct 2016,114.23086,114.27371
Week 2,01 Nov 2016,114.76771,114.81114
Week 3,08 Nov 2016,115.58457,115.63029
Week 4,15 Nov 2016,116.91129,116.95586

Week 1,22 Nov 2016,118.89314,118.94043
Week 2,29 Nov 2016,120.48400,120.52871
Week 3,06 Dec 2016,121.82786,121.87271
Week 4,13 Dec 2016,122.85629,122.90043

Week 1,20 Dec 2016,122.55671,122.60229
Week 2,27 Dec 2016,122.70614,122.76357
Week 3,03 Jan 2017,122.90143,122.95743
Week 4,10 Jan 2017,122.17886,122.22271

Week 1,17 Jan 2017,121.84000,121.88429
Week 2,24 Jan 2017,122.37386,122.41757
Week 3,31 Jan 2017,121.70457,121.74771
Week 4,07 Feb 2017,120.32614,120.36857

Week 1,14 Feb 2017,120.44471,120.48643
Week 2,21 Feb 2017,119.21986,119.29014
Week 3,28 Feb 2017,120.04671,120.08876
Week 4,07 Mar 2017,121.42467,121.46582

Week 1,14 Mar 2017,121.68025,121.72146
Week 2,21 Mar 2017,120.38973,120.42295
Week 3,28 Mar 2017,119.41847,119.45986
Week 4,04 Apr 2017,117.96564,118.00532

Week 1,11 Apr 2017,116.16416,116.20869
Week 2,18 Apr 2017,116.56337,116.60529
Week 3,25 Apr 2017,120.92813,120.97035
Week 4,02 May 2017,123.00098,123.04361

Week 1,09 May 2017,123.82983,123.87156
Week 2,16 May 2017,124.43864,124.48093
Week 3,23 May 2017,124.82452,124.86676
Week 4,30 May 2017,124.43174,124.47422

Week 1,06 Jun 2017,123.59955,123.64205
Week 2,13 Jun 2017,123.59017,123.63247
Week 3,20 Jun 2017,124.31390,124.35572
Week 4,27 Jun 2017,127.28503,127.32732

Week 1,04 Jul 2017,129.08702,129.12953
Week 2,11 Jul 2017,129.51268,129.53727
Week 3,18 Jul 2017,129.44896,129.47134
Week 4,25 Jul 2017,129.94984,129.98487

Week 1,01 Aug 2017,130.50117,130.52425
Week 2,08 Aug 2017,129.34000,129.36372
Week 3,15 Aug 2017,128.99047,129.01338
Week 4,22 Aug 2017,129.36286,129.38553

Week 1,29 Aug 2017,130.80042,130.82578
Week 2,05 Sep 2017,130.04086,130.06499
Week 3,12 Sep 2017,131.71326,131.73818
Week 4,19 Sep 2017,133.69927,133.72217

Week 1,26 Sep 2017,132.63640,132.65547
Week 2,03 Oct 2017,132.33989,132.36346
Week 3,10 Oct 2017,132.53554,132.55822
Week 4,17 Oct 2017,133.02475,133.04733

Week 1,24 Oct 2017,133.06084,133.08581
Week 2,31 Oct 2017,132.42970,132.45327
Week 3,07 Nov 2017,132.19007,132.21308
Week 4,14 Nov 2017,132.69962,132.72289

Week 1,21 Nov 2017,132.18419,132.22255
Week 2,28 Nov 2017,132.99821,133.02224
Week 3,05 Dec 2017,133.23053,133.24989

