EUR->GBP

Week 1,15 Dec 1998,0.70005,0.70066
Week 2,22 Dec 1998,0.69578,0.69643
Week 3,29 Dec 1998,0.70330,0.70405
Week 4,05 Jan 1999,0.70574,0.70654

Week 1,12 Jan 1999,0.70367,0.70459
Week 2,19 Jan 1999,0.70089,0.70174
Week 3,26 Jan 1999,0.69320,0.69389
Week 4,02 Feb 1999,0.69078,0.69158

Week 1,09 Feb 1999,0.69227,0.69289
Week 2,16 Feb 1999,0.68364,0.68437
Week 3,23 Feb 1999,0.68603,0.68670
Week 4,02 Mar 1999,0.67499,0.67566

Week 1,09 Mar 1999,0.67127,0.67195
Week 2,16 Mar 1999,0.67094,0.67157
Week 3,23 Mar 1999,0.66491,0.66567
Week 4,30 Mar 1999,0.66983,0.67044

Week 1,06 Apr 1999,0.67321,0.67379
Week 2,13 Apr 1999,0.66446,0.66497
Week 3,20 Apr 1999,0.65793,0.65847
Week 4,27 Apr 1999,0.65764,0.65816

Week 1,04 May 1999,0.65839,0.65891
Week 2,11 May 1999,0.65911,0.65957
Week 3,18 May 1999,0.65946,0.65997
Week 4,25 May 1999,0.65510,0.65554

Week 1,01 Jun 1999,0.64423,0.64477
Week 2,08 Jun 1999,0.65066,0.65111
Week 3,15 Jun 1999,0.65004,0.65053
Week 4,22 Jun 1999,0.65499,0.65546

Week 1,29 Jun 1999,0.65126,0.65178
Week 2,06 Jul 1999,0.65501,0.65549
Week 3,13 Jul 1999,0.65209,0.65255
Week 4,20 Jul 1999,0.66526,0.66574

Week 1,27 Jul 1999,0.66321,0.66364
Week 2,03 Aug 1999,0.66461,0.66511
Week 3,10 Aug 1999,0.66070,0.66124
Week 4,17 Aug 1999,0.65796,0.65846

Week 1,24 Aug 1999,0.66010,0.66056
Week 2,31 Aug 1999,0.66076,0.66127
Week 3,07 Sep 1999,0.64697,0.64741
Week 4,14 Sep 1999,0.64270,0.64317

Week 1,21 Sep 1999,0.63749,0.63791
Week 2,28 Sep 1999,0.64499,0.64549
Week 3,05 Oct 1999,0.64495,0.64549
Week 4,12 Oct 1999,0.65043,0.65090

Week 1,19 Oct 1999,0.64497,0.64551
Week 2,26 Oct 1999,0.64518,0.64569
Week 3,02 Nov 1999,0.63974,0.64020
Week 4,09 Nov 1999,0.63956,0.64014

Week 1,16 Nov 1999,0.63711,0.63771
Week 2,23 Nov 1999,0.63187,0.63249
Week 3,30 Nov 1999,0.62813,0.62880
Week 4,07 Dec 1999,0.62624,0.62681

Week 1,14 Dec 1999,0.62709,0.62779
Week 2,21 Dec 1999,0.62669,0.62728
Week 3,28 Dec 1999,0.62289,0.62356
Week 4,04 Jan 2000,0.62757,0.62809

Week 1,11 Jan 2000,0.62264,0.62352
Week 2,18 Jan 2000,0.61454,0.61537
Week 3,25 Jan 2000,0.60548,0.60615
Week 4,01 Feb 2000,0.61101,0.61181

Week 1,08 Feb 2000,0.61534,0.61626
Week 2,15 Feb 2000,0.61476,0.61564
Week 3,22 Feb 2000,0.61669,0.61727
Week 4,29 Feb 2000,0.60997,0.61064

Week 1,07 Mar 2000,0.60932,0.61018
Week 2,14 Mar 2000,0.61534,0.61596
Week 3,21 Mar 2000,0.61270,0.61356
Week 4,28 Mar 2000,0.60132,0.60218

Week 1,04 Apr 2000,0.60394,0.60465
Week 2,11 Apr 2000,0.60331,0.60416
Week 3,18 Apr 2000,0.59560,0.59640
Week 4,25 Apr 2000,0.58569,0.58660

Week 1,02 May 2000,0.58231,0.58310
Week 2,09 May 2000,0.59860,0.59946
Week 3,16 May 2000,0.60227,0.60313
Week 4,23 May 2000,0.61757,0.61850

Week 1,30 May 2000,0.62385,0.62477
Week 2,06 Jun 2000,0.62968,0.63029
Week 3,13 Jun 2000,0.63492,0.63563
Week 4,20 Jun 2000,0.62568,0.62637

Week 1,27 Jun 2000,0.62657,0.62722
Week 2,04 Jul 2000,0.62779,0.62862
Week 3,11 Jul 2000,0.62592,0.62656
Week 4,18 Jul 2000,0.61796,0.61885

Week 1,25 Jul 2000,0.61609,0.61684
Week 2,01 Aug 2000,0.60804,0.60873
Week 3,08 Aug 2000,0.60109,0.60190
Week 4,15 Aug 2000,0.60779,0.60857

Week 1,22 Aug 2000,0.60935,0.61010
Week 2,29 Aug 2000,0.61358,0.61427
Week 3,05 Sep 2000,0.61055,0.61141
Week 4,12 Sep 2000,0.61116,0.61198

Week 1,19 Sep 2000,0.60212,0.60290
Week 2,26 Sep 2000,0.60106,0.60193
Week 3,03 Oct 2000,0.59999,0.60087
Week 4,10 Oct 2000,0.59201,0.59287

Week 1,17 Oct 2000,0.58274,0.58356
Week 2,24 Oct 2000,0.57681,0.57761
Week 3,31 Oct 2000,0.59254,0.59320
Week 4,07 Nov 2000,0.60235,0.60299

Week 1,14 Nov 2000,0.59771,0.59832
Week 2,21 Nov 2000,0.59841,0.59917
Week 3,28 Nov 2000,0.60683,0.60759
Week 4,05 Dec 2000,0.61259,0.61324

Week 1,12 Dec 2000,0.60494,0.60574
Week 2,19 Dec 2000,0.61779,0.61873
Week 3,26 Dec 2000,0.62668,0.62748
Week 4,02 Jan 2001,0.63228,0.63318

Week 1,09 Jan 2001,0.63808,0.63895
Week 2,16 Jan 2001,0.63796,0.63879
Week 3,23 Jan 2001,0.63415,0.63504
Week 4,30 Jan 2001,0.63512,0.63577

Week 1,06 Feb 2001,0.63750,0.63834
Week 2,13 Feb 2001,0.63204,0.63276
Week 3,20 Feb 2001,0.63114,0.63190
Week 4,27 Feb 2001,0.63609,0.63682

Week 1,06 Mar 2001,0.63478,0.63553
Week 2,13 Mar 2001,0.62876,0.62950
Week 3,20 Mar 2001,0.62597,0.62676
Week 4,27 Mar 2001,0.61934,0.62015

Week 1,03 Apr 2001,0.62590,0.62657
Week 2,10 Apr 2001,0.61861,0.61942
Week 3,17 Apr 2001,0.62108,0.62194
Week 4,24 Apr 2001,0.62230,0.62282

Week 1,01 May 2001,0.62076,0.62156
Week 2,08 May 2001,0.61840,0.61930
Week 3,15 May 2001,0.61429,0.61499
Week 4,22 May 2001,0.60586,0.60651

Week 1,29 May 2001,0.59857,0.59935
Week 2,05 Jun 2001,0.61012,0.61077
Week 3,12 Jun 2001,0.61419,0.61485
Week 4,19 Jun 2001,0.60810,0.60867

Week 1,26 Jun 2001,0.60342,0.60406
Week 2,03 Jul 2001,0.59965,0.60011
Week 3,10 Jul 2001,0.60699,0.60759
Week 4,17 Jul 2001,0.61098,0.61163

Week 1,24 Jul 2001,0.61462,0.61513
Week 2,31 Jul 2001,0.61609,0.61671
Week 3,07 Aug 2001,0.62398,0.62461
Week 4,14 Aug 2001,0.63276,0.63338

Week 1,21 Aug 2001,0.63175,0.63241
Week 2,28 Aug 2001,0.62784,0.62838
Week 3,04 Sep 2001,0.61709,0.61774
Week 4,11 Sep 2001,0.62137,0.62233

Week 1,18 Sep 2001,0.62986,0.63034
Week 2,25 Sep 2001,0.62237,0.62269
Week 3,02 Oct 2001,0.62042,0.62079
Week 4,09 Oct 2001,0.62605,0.62645

Week 1,16 Oct 2001,0.62613,0.62638
Week 2,23 Oct 2001,0.62345,0.62377
Week 3,30 Oct 2001,0.61925,0.61956
Week 4,06 Nov 2001,0.61398,0.61435

Week 1,13 Nov 2001,0.61600,0.61623
Week 2,20 Nov 2001,0.62173,0.62218
Week 3,27 Nov 2001,0.62580,0.62616
Week 4,04 Dec 2001,0.62395,0.62426

Week 1,11 Dec 2001,0.62068,0.62108
Week 2,18 Dec 2001,0.61862,0.61887
Week 3,25 Dec 2001,0.60864,0.60902
Week 4,01 Jan 2002,0.61858,0.61897

Week 1,08 Jan 2002,0.61824,0.61851
Week 2,15 Jan 2002,0.61474,0.61504
Week 3,22 Jan 2002,0.61565,0.61590
Week 4,29 Jan 2002,0.60917,0.60961

Week 1,05 Feb 2002,0.61492,0.61526
Week 2,12 Feb 2002,0.61083,0.61119
Week 3,19 Feb 2002,0.61061,0.61088
Week 4,26 Feb 2002,0.61006,0.61049

Week 1,05 Mar 2002,0.61441,0.61478
Week 2,12 Mar 2002,0.61881,0.61917
Week 3,19 Mar 2002,0.61723,0.61763
Week 4,26 Mar 2002,0.61233,0.61273

Week 1,02 Apr 2002,0.61267,0.61296
Week 2,09 Apr 2002,0.61214,0.61253
Week 3,16 Apr 2002,0.61457,0.61494
Week 4,23 Apr 2002,0.61625,0.61666

Week 1,30 Apr 2002,0.62067,0.62108
Week 2,07 May 2002,0.62350,0.62395
Week 3,14 May 2002,0.62737,0.62777
Week 4,21 May 2002,0.63195,0.63231

Week 1,28 May 2002,0.63837,0.63881
Week 2,04 Jun 2002,0.64530,0.64561
Week 3,11 Jun 2002,0.64183,0.64215
Week 4,18 Jun 2002,0.64383,0.64412

Week 1,25 Jun 2002,0.64632,0.64670
Week 2,02 Jul 2002,0.64155,0.64193
Week 3,09 Jul 2002,0.63882,0.63920
Week 4,16 Jul 2002,0.64119,0.64144

Week 1,23 Jul 2002,0.63273,0.63316
Week 2,30 Jul 2002,0.62758,0.62778
Week 3,06 Aug 2002,0.63274,0.63318
Week 4,13 Aug 2002,0.63905,0.63943

Week 1,20 Aug 2002,0.63915,0.63944
Week 2,27 Aug 2002,0.63597,0.63641
Week 3,03 Sep 2002,0.63297,0.63332
Week 4,10 Sep 2002,0.62721,0.62753

Week 1,17 Sep 2002,0.63134,0.63179
Week 2,24 Sep 2002,0.62823,0.62865
Week 3,01 Oct 2002,0.62717,0.62758
Week 4,08 Oct 2002,0.63098,0.63131

Week 1,15 Oct 2002,0.62978,0.63023
Week 2,22 Oct 2002,0.63028,0.63067
Week 3,29 Oct 2002,0.63389,0.63431
Week 4,05 Nov 2002,0.63851,0.63885

Week 1,12 Nov 2002,0.63710,0.63756
Week 2,19 Nov 2002,0.63349,0.63393
Week 3,26 Nov 2002,0.63850,0.63895
Week 4,03 Dec 2002,0.63833,0.63871

Week 1,10 Dec 2002,0.64224,0.64253
Week 2,17 Dec 2002,0.64117,0.64159
Week 3,24 Dec 2002,0.64798,0.64840
Week 4,31 Dec 2002,0.64969,0.65006

Week 1,07 Jan 2003,0.65409,0.65456
Week 2,14 Jan 2003,0.65947,0.65971
Week 3,21 Jan 2003,0.66400,0.66435
Week 4,28 Jan 2003,0.65682,0.65706

Week 1,04 Feb 2003,0.66043,0.66081
Week 2,11 Feb 2003,0.66566,0.66600
Week 3,18 Feb 2003,0.67693,0.67722
Week 4,25 Feb 2003,0.68328,0.68356

Week 1,04 Mar 2003,0.68657,0.68694
Week 2,11 Mar 2003,0.68132,0.68163
Week 3,18 Mar 2003,0.67591,0.67620
Week 4,25 Mar 2003,0.68130,0.68176

Week 1,01 Apr 2003,0.68770,0.68817
Week 2,08 Apr 2003,0.68627,0.68684
Week 3,15 Apr 2003,0.68993,0.69044
Week 4,22 Apr 2003,0.69332,0.69379

Week 1,29 Apr 2003,0.69735,0.69797
Week 2,06 May 2003,0.71247,0.71302
Week 3,13 May 2003,0.71326,0.71381
Week 4,20 May 2003,0.71771,0.71831

Week 1,27 May 2003,0.72015,0.72072
Week 2,03 Jun 2003,0.71093,0.71150
Week 3,10 Jun 2003,0.70807,0.70865
Week 4,17 Jun 2003,0.69848,0.69895

Week 1,24 Jun 2003,0.69132,0.69181
Week 2,01 Jul 2003,0.69081,0.69139
Week 3,08 Jul 2003,0.69158,0.69217
Week 4,15 Jul 2003,0.70399,0.70457

Week 1,22 Jul 2003,0.71034,0.71094
Week 2,29 Jul 2003,0.70123,0.70182
Week 3,05 Aug 2003,0.70410,0.70478
Week 4,12 Aug 2003,0.70427,0.70483

Week 1,19 Aug 2003,0.69471,0.69524
Week 2,26 Aug 2003,0.69352,0.69405
Week 3,02 Sep 2003,0.69484,0.69534
Week 4,09 Sep 2003,0.70342,0.70392

Week 1,16 Sep 2003,0.69816,0.69877
Week 2,23 Sep 2003,0.69216,0.69263
Week 3,30 Sep 2003,0.69789,0.69838
Week 4,07 Oct 2003,0.70676,0.70742

Week 1,14 Oct 2003,0.69726,0.69775
Week 2,21 Oct 2003,0.69534,0.69584
Week 3,28 Oct 2003,0.68571,0.68634
Week 4,04 Nov 2003,0.68532,0.68587

Week 1,11 Nov 2003,0.69467,0.69516
Week 2,18 Nov 2003,0.69847,0.69909
Week 3,25 Nov 2003,0.69518,0.69588
Week 4,02 Dec 2003,0.70079,0.70144

Week 1,09 Dec 2003,0.70231,0.70300
Week 2,16 Dec 2003,0.70170,0.70230
Week 3,23 Dec 2003,0.70210,0.70261
Week 4,30 Dec 2003,0.70300,0.70359

Week 1,06 Jan 2004,0.69579,0.69638
Week 2,13 Jan 2004,0.68952,0.69015
Week 3,20 Jan 2004,0.68969,0.69041
Week 4,27 Jan 2004,0.68515,0.68565

Week 1,03 Feb 2004,0.68450,0.68504
Week 2,10 Feb 2004,0.67766,0.67815
Week 3,17 Feb 2004,0.67306,0.67343
Week 4,24 Feb 2004,0.66898,0.66943

Week 1,02 Mar 2004,0.66772,0.66819
Week 2,09 Mar 2004,0.67684,0.67727
Week 3,16 Mar 2004,0.67350,0.67407
Week 4,23 Mar 2004,0.66749,0.66806

Week 1,30 Mar 2004,0.66497,0.66538
Week 2,06 Apr 2004,0.65914,0.65976
Week 3,13 Apr 2004,0.66448,0.66499
Week 4,20 Apr 2004,0.66710,0.66760

Week 1,27 Apr 2004,0.67055,0.67098
Week 2,04 May 2004,0.67056,0.67105
Week 3,11 May 2004,0.67275,0.67323
Week 4,18 May 2004,0.67320,0.67359

Week 1,25 May 2004,0.66737,0.66798
Week 2,01 Jun 2004,0.66593,0.66649
Week 3,08 Jun 2004,0.66202,0.66245
Week 4,15 Jun 2004,0.66038,0.66086

Week 1,22 Jun 2004,0.66529,0.66571
Week 2,29 Jun 2004,0.66994,0.67039
Week 3,06 Jul 2004,0.66803,0.66859
Week 4,13 Jul 2004,0.66512,0.66562

Week 1,20 Jul 2004,0.66310,0.66367
Week 2,27 Jul 2004,0.66063,0.66100
Week 3,03 Aug 2004,0.66265,0.66309
Week 4,10 Aug 2004,0.66871,0.66922

Week 1,17 Aug 2004,0.67540,0.67590
Week 2,24 Aug 2004,0.67206,0.67254
Week 3,31 Aug 2004,0.67748,0.67782
Week 4,07 Sep 2004,0.68135,0.68181

Week 1,14 Sep 2004,0.68065,0.68117
Week 2,21 Sep 2004,0.68183,0.68223
Week 3,28 Sep 2004,0.68556,0.68604
Week 4,05 Oct 2004,0.69064,0.69107

Week 1,12 Oct 2004,0.68976,0.69013
Week 2,19 Oct 2004,0.69301,0.69351
Week 3,26 Oct 2004,0.69570,0.69611
Week 4,02 Nov 2004,0.69632,0.69682

Week 1,09 Nov 2004,0.69783,0.69830
Week 2,16 Nov 2004,0.70083,0.70138
Week 3,23 Nov 2004,0.70109,0.70158
Week 4,30 Nov 2004,0.69297,0.69340

Week 1,07 Dec 2004,0.69050,0.69075
Week 2,14 Dec 2004,0.68716,0.68762
Week 3,21 Dec 2004,0.69936,0.69988
Week 4,28 Dec 2004,0.70643,0.70687

Week 1,04 Jan 2005,0.70176,0.70225
Week 2,11 Jan 2005,0.69986,0.70029
Week 3,18 Jan 2005,0.69569,0.69622
Week 4,25 Jan 2005,0.69232,0.69280

Week 1,01 Feb 2005,0.68887,0.68937
Week 2,08 Feb 2005,0.68827,0.68871
Week 3,15 Feb 2005,0.68883,0.68926
Week 4,22 Feb 2005,0.69043,0.69090

Week 1,01 Mar 2005,0.68759,0.68804
Week 2,08 Mar 2005,0.69597,0.69636
Week 3,15 Mar 2005,0.69498,0.69534
Week 4,22 Mar 2005,0.69326,0.69367

Week 1,29 Mar 2005,0.68676,0.68734
Week 2,05 Apr 2005,0.68536,0.68567
Week 3,12 Apr 2005,0.68204,0.68254
Week 4,19 Apr 2005,0.68255,0.68287

Week 1,26 Apr 2005,0.67682,0.67724
Week 2,03 May 2005,0.67857,0.67920
Week 3,10 May 2005,0.68227,0.68268
Week 4,17 May 2005,0.68777,0.68817

Week 1,24 May 2005,0.68828,0.68879
Week 2,31 May 2005,0.67601,0.67642
Week 3,07 Jun 2005,0.66978,0.67008
Week 4,14 Jun 2005,0.66812,0.66848

Week 1,21 Jun 2005,0.66419,0.66459
Week 2,28 Jun 2005,0.67144,0.67183
Week 3,05 Jul 2005,0.68341,0.68401
Week 4,12 Jul 2005,0.68709,0.68737

Week 1,19 Jul 2005,0.69342,0.69390
Week 2,26 Jul 2005,0.69059,0.69093
Week 3,02 Aug 2005,0.69669,0.69715
Week 4,09 Aug 2005,0.68828,0.68860

Week 1,16 Aug 2005,0.67910,0.67948
Week 2,23 Aug 2005,0.68090,0.68134
Week 3,30 Aug 2005,0.68155,0.68189
Week 4,06 Sep 2005,0.67590,0.67627

Week 1,13 Sep 2005,0.67542,0.67592
Week 2,20 Sep 2005,0.67632,0.67676
Week 3,27 Sep 2005,0.68085,0.68135
Week 4,04 Oct 2005,0.68343,0.68387

Week 1,11 Oct 2005,0.68459,0.68514
Week 2,18 Oct 2005,0.67886,0.67922
Week 3,25 Oct 2005,0.67949,0.67987
Week 4,01 Nov 2005,0.67725,0.67773

Week 1,08 Nov 2005,0.67375,0.67415
Week 2,15 Nov 2005,0.68107,0.68148
Week 3,22 Nov 2005,0.68396,0.68450
Week 4,29 Nov 2005,0.68137,0.68180

Week 1,06 Dec 2005,0.67537,0.67581
Week 2,13 Dec 2005,0.67553,0.67597
Week 3,20 Dec 2005,0.67997,0.68042
Week 4,27 Dec 2005,0.68572,0.68621

Week 1,03 Jan 2006,0.68722,0.68785
Week 2,10 Jan 2006,0.68410,0.68454
Week 3,17 Jan 2006,0.68576,0.68617
Week 4,24 Jan 2006,0.68599,0.68621

Week 1,31 Jan 2006,0.68179,0.68210
Week 2,07 Feb 2006,0.68449,0.68492
Week 3,14 Feb 2006,0.68443,0.68486
Week 4,21 Feb 2006,0.68192,0.68235

Week 1,28 Feb 2006,0.68328,0.68348
Week 2,07 Mar 2006,0.68698,0.68739
Week 3,14 Mar 2006,0.69151,0.69195
Week 4,21 Mar 2006,0.69139,0.69184

Week 1,28 Mar 2006,0.69330,0.69374
Week 2,04 Apr 2006,0.69677,0.69721
Week 3,11 Apr 2006,0.69229,0.69273
Week 4,18 Apr 2006,0.69192,0.69237

Week 1,25 Apr 2006,0.69367,0.69408
Week 2,02 May 2006,0.68639,0.68683
Week 3,09 May 2006,0.68281,0.68363
Week 4,16 May 2006,0.67956,0.67999

Week 1,23 May 2006,0.68297,0.68341
Week 2,30 May 2006,0.68544,0.68588
Week 3,06 Jun 2006,0.68764,0.68784
Week 4,13 Jun 2006,0.68319,0.68363

Week 1,20 Jun 2006,0.68569,0.68612
Week 2,27 Jun 2006,0.69088,0.69131
Week 3,04 Jul 2006,0.69312,0.69356
Week 4,11 Jul 2006,0.68997,0.69041

Week 1,18 Jul 2006,0.68438,0.68456
Week 2,25 Jul 2006,0.68371,0.68386
Week 3,01 Aug 2006,0.67922,0.67963
Week 4,08 Aug 2006,0.67374,0.67417

Week 1,15 Aug 2006,0.67777,0.67820
Week 2,22 Aug 2006,0.67726,0.67770
Week 3,29 Aug 2006,0.67398,0.67441
Week 4,05 Sep 2006,0.67771,0.67815

Week 1,12 Sep 2006,0.67582,0.67626
Week 2,19 Sep 2006,0.67286,0.67329
Week 3,26 Sep 2006,0.67402,0.67445
Week 4,03 Oct 2006,0.67454,0.67489

Week 1,10 Oct 2006,0.67463,0.67506
Week 2,17 Oct 2006,0.67104,0.67147
Week 3,24 Oct 2006,0.67067,0.67109
Week 4,31 Oct 2006,0.66891,0.66933

Week 1,07 Nov 2006,0.67091,0.67133
Week 2,14 Nov 2006,0.67615,0.67658
Week 3,21 Nov 2006,0.67636,0.67679
Week 4,28 Nov 2006,0.67475,0.67517

Week 1,05 Dec 2006,0.67505,0.67547
Week 2,12 Dec 2006,0.67211,0.67254
Week 3,19 Dec 2006,0.67067,0.67110
Week 4,26 Dec 2006,0.67132,0.67191

Week 1,02 Jan 2007,0.67365,0.67420
Week 2,09 Jan 2007,0.66601,0.66643
Week 3,16 Jan 2007,0.65732,0.65775
Week 4,23 Jan 2007,0.65767,0.65810

Week 1,30 Jan 2007,0.66034,0.66077
Week 2,06 Feb 2007,0.66275,0.66318
Week 3,13 Feb 2007,0.67050,0.67093
Week 4,20 Feb 2007,0.67176,0.67218

Week 1,27 Feb 2007,0.67457,0.67508
Week 2,06 Mar 2007,0.67999,0.68042
Week 3,13 Mar 2007,0.68355,0.68398
Week 4,20 Mar 2007,0.67936,0.67979

Week 1,27 Mar 2007,0.67831,0.67874
Week 2,03 Apr 2007,0.67827,0.67870
Week 3,10 Apr 2007,0.68061,0.68105
Week 4,17 Apr 2007,0.67866,0.67909

Week 1,24 Apr 2007,0.68119,0.68162
Week 2,01 May 2007,0.68195,0.68238
Week 3,08 May 2007,0.68116,0.68158
Week 4,15 May 2007,0.68374,0.68415

Week 1,22 May 2007,0.67912,0.67953
Week 2,29 May 2007,0.67864,0.67905
Week 3,05 Jun 2007,0.67819,0.67861
Week 4,12 Jun 2007,0.67629,0.67670

Week 1,19 Jun 2007,0.67387,0.67428
Week 2,26 Jun 2007,0.67316,0.67356
Week 3,03 Jul 2007,0.67591,0.67632
Week 4,10 Jul 2007,0.67730,0.67771

Week 1,17 Jul 2007,0.67354,0.67394
Week 2,24 Jul 2007,0.67131,0.67172
Week 3,31 Jul 2007,0.67403,0.67444
Week 4,07 Aug 2007,0.67753,0.67794

Week 1,14 Aug 2007,0.67804,0.67847
Week 2,21 Aug 2007,0.67871,0.67912
Week 3,28 Aug 2007,0.67720,0.67763
Week 4,04 Sep 2007,0.67659,0.67700

Week 1,11 Sep 2007,0.68522,0.68563
Week 2,18 Sep 2007,0.69655,0.69696
Week 3,25 Sep 2007,0.69831,0.69872
Week 4,02 Oct 2007,0.69373,0.69414

Week 1,09 Oct 2007,0.69432,0.69473
Week 2,16 Oct 2007,0.69688,0.69729
Week 3,23 Oct 2007,0.69824,0.69866
Week 4,30 Oct 2007,0.69632,0.69667

Week 1,06 Nov 2007,0.69812,0.69853
Week 2,13 Nov 2007,0.71039,0.71079
Week 3,20 Nov 2007,0.71794,0.71835
Week 4,27 Nov 2007,0.71498,0.71532

Week 1,04 Dec 2007,0.71832,0.71873
Week 2,11 Dec 2007,0.71743,0.71784
Week 3,18 Dec 2007,0.71957,0.71998
Week 4,25 Dec 2007,0.73150,0.73210

Week 1,01 Jan 2008,0.74185,0.74245
Week 2,08 Jan 2008,0.75053,0.75095
Week 3,15 Jan 2008,0.75061,0.75102
Week 4,22 Jan 2008,0.74374,0.74415

Week 1,29 Jan 2008,0.74716,0.74756
Week 2,05 Feb 2008,0.74676,0.74717
Week 3,12 Feb 2008,0.74547,0.74587
Week 4,19 Feb 2008,0.75367,0.75408

Week 1,26 Feb 2008,0.75934,0.75975
Week 2,04 Mar 2008,0.76463,0.76504
Week 3,11 Mar 2008,0.76826,0.76867
Week 4,18 Mar 2008,0.78143,0.78187

Week 1,25 Mar 2008,0.78541,0.78583
Week 2,01 Apr 2008,0.78951,0.78996
Week 3,08 Apr 2008,0.79849,0.79893
Week 4,15 Apr 2008,0.79872,0.79918

Week 1,22 Apr 2008,0.79473,0.79514
Week 2,29 Apr 2008,0.78475,0.78516
Week 3,06 May 2008,0.78843,0.78885
Week 4,13 May 2008,0.79451,0.79492

Week 1,20 May 2008,0.79638,0.79683
Week 2,27 May 2008,0.78960,0.79005
Week 3,03 Jun 2008,0.79380,0.79418
Week 4,10 Jun 2008,0.79178,0.79224

Week 1,17 Jun 2008,0.79007,0.79051
Week 2,24 Jun 2008,0.79124,0.79165
Week 3,01 Jul 2008,0.79251,0.79293
Week 4,08 Jul 2008,0.79711,0.79752

Week 1,15 Jul 2008,0.79422,0.79464
Week 2,22 Jul 2008,0.79018,0.79064
Week 3,29 Jul 2008,0.78791,0.78833
Week 4,05 Aug 2008,0.78765,0.78805

Week 1,12 Aug 2008,0.78778,0.78818
Week 2,19 Aug 2008,0.79331,0.79363
Week 3,26 Aug 2008,0.80182,0.80222
Week 4,02 Sep 2008,0.81095,0.81136

Week 1,09 Sep 2008,0.79807,0.79848
Week 2,16 Sep 2008,0.79117,0.79168
Week 3,23 Sep 2008,0.79266,0.79315
Week 4,30 Sep 2008,0.78627,0.78674

Week 1,07 Oct 2008,0.78429,0.78501
Week 2,14 Oct 2008,0.77940,0.78013
Week 3,21 Oct 2008,0.78874,0.78941
Week 4,28 Oct 2008,0.79372,0.79462

Week 1,04 Nov 2008,0.80770,0.80846
Week 2,11 Nov 2008,0.83665,0.83732
Week 3,18 Nov 2008,0.84314,0.84385
Week 4,25 Nov 2008,0.83765,0.83842

Week 1,02 Dec 2008,0.85717,0.85785
Week 2,09 Dec 2008,0.88138,0.88233
Week 3,16 Dec 2008,0.92019,0.92099
Week 4,23 Dec 2008,0.95121,0.95216

Week 1,30 Dec 2008,0.96173,0.96277
Week 2,06 Jan 2009,0.90624,0.90686
Week 3,13 Jan 2009,0.89997,0.90057
Week 4,20 Jan 2009,0.93024,0.93087

Week 1,27 Jan 2009,0.91290,0.91358
Week 2,03 Feb 2009,0.88564,0.88625
Week 3,10 Feb 2009,0.88991,0.89050
Week 4,17 Feb 2009,0.88774,0.88831

Week 1,24 Feb 2009,0.88624,0.88684
Week 2,03 Mar 2009,0.89303,0.89362
Week 3,10 Mar 2009,0.92026,0.92086
Week 4,17 Mar 2009,0.93406,0.93466

Week 1,24 Mar 2009,0.92984,0.93043
Week 2,31 Mar 2009,0.91698,0.91760
Week 3,07 Apr 2009,0.90139,0.90189
Week 4,14 Apr 2009,0.88659,0.88711

Week 1,21 Apr 2009,0.89450,0.89510
Week 2,28 Apr 2009,0.89394,0.89448
Week 3,05 May 2009,0.89001,0.89061
Week 4,12 May 2009,0.89374,0.89427

Week 1,19 May 2009,0.87965,0.88016
Week 2,26 May 2009,0.87471,0.87521
Week 3,02 Jun 2009,0.86982,0.87036
Week 4,09 Jun 2009,0.85774,0.85822

Week 1,16 Jun 2009,0.84757,0.84803
Week 2,23 Jun 2009,0.85094,0.85141
Week 3,30 Jun 2009,0.85419,0.85463
Week 4,07 Jul 2009,0.86048,0.86092

Week 1,14 Jul 2009,0.86058,0.86109
Week 2,21 Jul 2009,0.86329,0.86373
Week 3,28 Jul 2009,0.85738,0.85782
Week 4,04 Aug 2009,0.85067,0.85091

Week 1,11 Aug 2009,0.85844,0.85887
Week 2,18 Aug 2009,0.86281,0.86325
Week 3,25 Aug 2009,0.87651,0.87695
Week 4,01 Sep 2009,0.87570,0.87615

Week 1,08 Sep 2009,0.87583,0.87628
Week 2,15 Sep 2009,0.89323,0.89365
Week 3,22 Sep 2009,0.91120,0.91163
Week 4,29 Sep 2009,0.91531,0.91572

Week 1,06 Oct 2009,0.92352,0.92394
Week 2,13 Oct 2009,0.92292,0.92332
Week 3,20 Oct 2009,0.91211,0.91251
Week 4,27 Oct 2009,0.90174,0.90214

Week 1,03 Nov 2009,0.89649,0.89689
Week 2,10 Nov 2009,0.89599,0.89638
Week 3,17 Nov 2009,0.89444,0.89482
Week 4,24 Nov 2009,0.90557,0.90596

Week 1,01 Dec 2009,0.90643,0.90682
Week 2,08 Dec 2009,0.90253,0.90291
Week 3,15 Dec 2009,0.89142,0.89180
Week 4,22 Dec 2009,0.89650,0.89725

Week 1,29 Dec 2009,0.89200,0.89398
Week 2,05 Jan 2010,0.89700,0.89740
Week 3,12 Jan 2010,0.89079,0.89118
Week 4,19 Jan 2010,0.87468,0.87503

Week 1,26 Jan 2010,0.86883,0.86921
Week 2,02 Feb 2010,0.87288,0.87326
Week 3,09 Feb 2010,0.87380,0.87416
Week 4,16 Feb 2010,0.87342,0.87407

Week 1,23 Feb 2010,0.88548,0.88613
Week 2,02 Mar 2010,0.90325,0.90392
Week 3,09 Mar 2010,0.90677,0.90737
Week 4,16 Mar 2010,0.90072,0.90129

Week 1,23 Mar 2010,0.89810,0.89877
Week 2,30 Mar 2010,0.89009,0.89070
Week 3,06 Apr 2010,0.87808,0.87873
Week 4,13 Apr 2010,0.88000,0.88059

Week 1,20 Apr 2010,0.87154,0.87201
Week 2,27 Apr 2010,0.86719,0.86777
Week 3,04 May 2010,0.85971,0.86037
Week 4,11 May 2010,0.85402,0.85467

Week 1,18 May 2010,0.86214,0.86284
Week 2,25 May 2010,0.85158,0.85225
Week 3,01 Jun 2010,0.83406,0.83475
Week 4,08 Jun 2010,0.82789,0.82854

Week 1,15 Jun 2010,0.83317,0.83408
Week 2,22 Jun 2010,0.82559,0.82625
Week 3,29 Jun 2010,0.82040,0.82104
Week 4,06 Jul 2010,0.83401,0.83465

Week 1,13 Jul 2010,0.83933,0.83994
Week 2,20 Jul 2010,0.84151,0.84217
Week 3,27 Jul 2010,0.83409,0.83472
Week 4,03 Aug 2010,0.83029,0.83092

Week 1,10 Aug 2010,0.82397,0.82458
Week 2,17 Aug 2010,0.82076,0.82139
Week 3,24 Aug 2010,0.81943,0.82006
Week 4,31 Aug 2010,0.82908,0.82972

Week 1,07 Sep 2010,0.82679,0.82750
Week 2,14 Sep 2010,0.83468,0.83527
Week 3,21 Sep 2010,0.84887,0.84951
Week 4,28 Sep 2010,0.86252,0.86316

Week 1,05 Oct 2010,0.87206,0.87271
Week 2,12 Oct 2010,0.87596,0.87662
Week 3,19 Oct 2010,0.88348,0.88415
Week 4,26 Oct 2010,0.87463,0.87528

Week 1,02 Nov 2010,0.87053,0.87093
Week 2,09 Nov 2010,0.85470,0.85509
Week 3,16 Nov 2010,0.85163,0.85203
Week 4,23 Nov 2010,0.84909,0.84949

Week 1,30 Nov 2010,0.84489,0.84529
Week 2,07 Dec 2010,0.84056,0.84096
Week 3,14 Dec 2010,0.84723,0.84762
Week 4,21 Dec 2010,0.84900,0.84944

Week 1,28 Dec 2010,0.85567,0.85612
Week 2,04 Jan 2011,0.84458,0.84499
Week 3,11 Jan 2011,0.83696,0.83735
Week 4,18 Jan 2011,0.84442,0.84482

Week 1,25 Jan 2011,0.85892,0.85932
Week 2,01 Feb 2011,0.84944,0.84985
Week 3,08 Feb 2011,0.84622,0.84662
Week 4,15 Feb 2011,0.84117,0.84157

Week 1,22 Feb 2011,0.84922,0.84962
Week 2,01 Mar 2011,0.85394,0.85442
Week 3,08 Mar 2011,0.86121,0.86161
Week 4,15 Mar 2011,0.86975,0.87018

Week 1,22 Mar 2011,0.87381,0.87420
Week 2,29 Mar 2011,0.88120,0.88160
Week 3,05 Apr 2011,0.87947,0.87998
Week 4,12 Apr 2011,0.88529,0.88569

Week 1,19 Apr 2011,0.88099,0.88142
Week 2,26 Apr 2011,0.88678,0.88718
Week 3,03 May 2011,0.88737,0.88778
Week 4,10 May 2011,0.87386,0.87428

Week 1,17 May 2011,0.87567,0.87608
Week 2,24 May 2011,0.86785,0.86827
Week 3,31 May 2011,0.88084,0.88125
Week 4,07 Jun 2011,0.88847,0.88887

Week 1,14 Jun 2011,0.88081,0.88123
Week 2,21 Jun 2011,0.88770,0.88813
Week 3,28 Jun 2011,0.89941,0.89983
Week 4,05 Jul 2011,0.89538,0.89580

Week 1,12 Jul 2011,0.87916,0.87956
Week 2,19 Jul 2011,0.87949,0.87989
Week 3,26 Jul 2011,0.87902,0.87943
Week 4,02 Aug 2011,0.87156,0.87227

Week 1,09 Aug 2011,0.87542,0.87582
Week 2,16 Aug 2011,0.87433,0.87473
Week 3,23 Aug 2011,0.87984,0.88024
Week 4,30 Aug 2011,0.88126,0.88165

Week 1,06 Sep 2011,0.87075,0.87114
Week 2,13 Sep 2011,0.86934,0.86973
Week 3,20 Sep 2011,0.87289,0.87331
Week 4,27 Sep 2011,0.86573,0.86613

Week 1,04 Oct 2011,0.86120,0.86160
Week 2,11 Oct 2011,0.87394,0.87433
Week 3,18 Oct 2011,0.87237,0.87276
Week 4,25 Oct 2011,0.87415,0.87455

Week 1,01 Nov 2011,0.86195,0.86235
Week 2,08 Nov 2011,0.85574,0.85613
Week 3,15 Nov 2011,0.85563,0.85601
Week 4,22 Nov 2011,0.85957,0.85996

Week 1,29 Nov 2011,0.85762,0.85801
Week 2,06 Dec 2011,0.85530,0.85569
Week 3,13 Dec 2011,0.84180,0.84219
Week 4,20 Dec 2011,0.83574,0.83613

Week 1,27 Dec 2011,0.83533,0.83578
Week 2,03 Jan 2012,0.82872,0.82918
Week 3,10 Jan 2012,0.82799,0.82838
Week 4,17 Jan 2012,0.83095,0.83135

Week 1,24 Jan 2012,0.83648,0.83688
Week 2,31 Jan 2012,0.83262,0.83303
Week 3,07 Feb 2012,0.83515,0.83555
Week 4,14 Feb 2012,0.83320,0.83359

Week 1,21 Feb 2012,0.84297,0.84336
Week 2,28 Feb 2012,0.83908,0.83946
Week 3,06 Mar 2012,0.83563,0.83600
Week 4,13 Mar 2012,0.83353,0.83391

Week 1,20 Mar 2012,0.83411,0.83449
Week 2,27 Mar 2012,0.83479,0.83519
Week 3,03 Apr 2012,0.82772,0.82811
Week 4,10 Apr 2012,0.82471,0.82510

Week 1,17 Apr 2012,0.82064,0.82103
Week 2,24 Apr 2012,0.81616,0.81655
Week 3,01 May 2012,0.81240,0.81282
Week 4,08 May 2012,0.80385,0.80423

Week 1,15 May 2012,0.80209,0.80273
Week 2,22 May 2012,0.80271,0.80310
Week 3,29 May 2012,0.80311,0.80350
Week 4,05 Jun 2012,0.80952,0.80993

Week 1,12 Jun 2012,0.80703,0.80742
Week 2,19 Jun 2012,0.80589,0.80629
Week 3,26 Jun 2012,0.80323,0.80362
Week 4,03 Jul 2012,0.79912,0.79930

Week 1,10 Jul 2012,0.78934,0.78952
Week 2,17 Jul 2012,0.78197,0.78215
Week 3,24 Jul 2012,0.78157,0.78177
Week 4,31 Jul 2012,0.78683,0.78701

Week 1,07 Aug 2012,0.78867,0.78885
Week 2,14 Aug 2012,0.78536,0.78555
Week 3,21 Aug 2012,0.78954,0.78973
Week 4,28 Aug 2012,0.79250,0.79268

Week 1,04 Sep 2012,0.79491,0.79510
Week 2,11 Sep 2012,0.80347,0.80366
Week 3,18 Sep 2012,0.80235,0.80259
Week 4,25 Sep 2012,0.79607,0.79625

Week 1,02 Oct 2012,0.80307,0.80326
Week 2,09 Oct 2012,0.80602,0.80621
Week 3,16 Oct 2012,0.81121,0.81139
Week 4,23 Oct 2012,0.80795,0.80813

Week 1,30 Oct 2012,0.80304,0.80322
Week 2,06 Nov 2012,0.79948,0.79966
Week 3,13 Nov 2012,0.80201,0.80220
Week 4,20 Nov 2012,0.80625,0.80643

Week 1,27 Nov 2012,0.80950,0.80970
Week 2,04 Dec 2012,0.80930,0.80948
Week 3,11 Dec 2012,0.80974,0.80992
Week 4,18 Dec 2012,0.81392,0.81419

Week 1,25 Dec 2012,0.81815,0.81856
Week 2,01 Jan 2013,0.81269,0.81291
Week 3,08 Jan 2013,0.81950,0.81975
Week 4,15 Jan 2013,0.83405,0.83419

Week 1,22 Jan 2013,0.84523,0.84550
Week 2,29 Jan 2013,0.86078,0.86105
Week 3,05 Feb 2013,0.85581,0.85622
Week 4,12 Feb 2013,0.85926,0.85955

Week 1,19 Feb 2013,0.86700,0.86724
Week 2,26 Feb 2013,0.86549,0.86580
Week 3,05 Mar 2013,0.86716,0.86750
Week 4,12 Mar 2013,0.86799,0.86823

Week 1,19 Mar 2013,0.85362,0.85395
Week 2,26 Mar 2013,0.84570,0.84613
Week 3,02 Apr 2013,0.84680,0.84720
Week 4,09 Apr 2013,0.85262,0.85299

Week 1,16 Apr 2013,0.85562,0.85602
Week 2,23 Apr 2013,0.84780,0.84821
Week 3,30 Apr 2013,0.84378,0.84411
Week 4,07 May 2013,0.84449,0.84492

Week 1,14 May 2013,0.84616,0.84646
Week 2,21 May 2013,0.85248,0.85290
Week 3,28 May 2013,0.85530,0.85572
Week 4,04 Jun 2013,0.85106,0.85148

Week 1,11 Jun 2013,0.85023,0.85065
Week 2,18 Jun 2013,0.85263,0.85304
Week 3,25 Jun 2013,0.85228,0.85264
Week 4,02 Jul 2013,0.85760,0.85803

Week 1,09 Jul 2013,0.86282,0.86324
Week 2,16 Jul 2013,0.86306,0.86348
Week 3,23 Jul 2013,0.86137,0.86179
Week 4,30 Jul 2013,0.86906,0.86948

Week 1,06 Aug 2013,0.86241,0.86283
Week 2,13 Aug 2013,0.85534,0.85575
Week 3,20 Aug 2013,0.85599,0.85641
Week 4,27 Aug 2013,0.85628,0.85669

Week 1,03 Sep 2013,0.84456,0.84498
Week 2,10 Sep 2013,0.84044,0.84084
Week 3,17 Sep 2013,0.84129,0.84168
Week 4,24 Sep 2013,0.84044,0.84070

Week 1,01 Oct 2013,0.84049,0.84074
Week 2,08 Oct 2013,0.84673,0.84707
Week 3,15 Oct 2013,0.84675,0.84710
Week 4,22 Oct 2013,0.85096,0.85125

Week 1,29 Oct 2013,0.85106,0.85140
Week 2,05 Nov 2013,0.83862,0.83882
Week 3,12 Nov 2013,0.83864,0.83892
Week 4,19 Nov 2013,0.83612,0.83641

Week 1,26 Nov 2013,0.83327,0.83361
Week 2,03 Dec 2013,0.83280,0.83310
Week 3,10 Dec 2013,0.84033,0.84074
Week 4,17 Dec 2013,0.83905,0.83945

Week 1,24 Dec 2013,0.83519,0.83555
Week 2,31 Dec 2013,0.83082,0.83103
Week 3,07 Jan 2014,0.82853,0.82889
Week 4,14 Jan 2014,0.82923,0.82951

Week 1,21 Jan 2014,0.82480,0.82510
Week 2,28 Jan 2014,0.82295,0.82335
Week 3,04 Feb 2014,0.82918,0.82955
Week 4,11 Feb 2014,0.82320,0.82345

Week 1,18 Feb 2014,0.82341,0.82366
Week 2,25 Feb 2014,0.82347,0.82387
Week 3,04 Mar 2014,0.82600,0.82624
Week 4,11 Mar 2014,0.83454,0.83480

Week 1,18 Mar 2014,0.83643,0.83670
Week 2,25 Mar 2014,0.83098,0.83119
Week 3,01 Apr 2014,0.82716,0.82747
Week 4,08 Apr 2014,0.82721,0.82745

Week 1,15 Apr 2014,0.82401,0.82442
Week 2,22 Apr 2014,0.82253,0.82277
Week 3,29 Apr 2014,0.82200,0.82234
Week 4,06 May 2014,0.81912,0.81935

Week 1,13 May 2014,0.81525,0.81549
Week 2,20 May 2014,0.81117,0.81157
Week 3,27 May 2014,0.81213,0.81253
Week 4,03 Jun 2014,0.81216,0.81249

Week 1,10 Jun 2014,0.80359,0.80397
Week 2,17 Jun 2014,0.79889,0.79921
Week 3,24 Jun 2014,0.80037,0.80071
Week 4,01 Jul 2014,0.79551,0.79572

Week 1,08 Jul 2014,0.79443,0.79482
Week 2,15 Jul 2014,0.79210,0.79238
Week 3,22 Jul 2014,0.79093,0.79131
Week 4,29 Jul 2014,0.79396,0.79418

Week 1,05 Aug 2014,0.79613,0.79639
Week 2,12 Aug 2014,0.79981,0.80020
Week 3,19 Aug 2014,0.79963,0.79989
Week 4,26 Aug 2014,0.79414,0.79442

Week 1,02 Sep 2014,0.79388,0.79409
Week 2,09 Sep 2014,0.79833,0.79858
Week 3,16 Sep 2014,0.79127,0.79153
Week 4,23 Sep 2014,0.78249,0.78280

Week 1,30 Sep 2014,0.78169,0.78200
Week 2,07 Oct 2014,0.78615,0.78638
Week 3,14 Oct 2014,0.79398,0.79425
Week 4,21 Oct 2014,0.78911,0.78935

Week 1,28 Oct 2014,0.78644,0.78675
Week 2,04 Nov 2014,0.78315,0.78345
Week 3,11 Nov 2014,0.79104,0.79135
Week 4,18 Nov 2014,0.79644,0.79684

Week 1,25 Nov 2014,0.79339,0.79378
Week 2,02 Dec 2014,0.78967,0.79007
Week 3,09 Dec 2014,0.79049,0.79090
Week 4,16 Dec 2014,0.78834,0.78875

Week 1,23 Dec 2014,0.78356,0.78403
Week 2,30 Dec 2014,0.78083,0.78110
Week 3,06 Jan 2015,0.78207,0.78248
Week 4,13 Jan 2015,0.77069,0.77111

Week 1,20 Jan 2015,0.75797,0.75840
Week 2,27 Jan 2015,0.74807,0.74850
Week 3,03 Feb 2015,0.74831,0.74873
Week 4,10 Feb 2015,0.74118,0.74160

Week 1,17 Feb 2015,0.73900,0.73942
Week 2,24 Feb 2015,0.72995,0.73036
Week 3,03 Mar 2015,0.72409,0.72450
Week 4,10 Mar 2015,0.71215,0.71255

Week 1,17 Mar 2015,0.72037,0.72079
Week 2,24 Mar 2015,0.73255,0.73298
Week 3,31 Mar 2015,0.73132,0.73176
Week 4,07 Apr 2015,0.72759,0.72799

Week 1,14 Apr 2015,0.72103,0.72145
Week 2,21 Apr 2015,0.71718,0.71760
Week 3,28 Apr 2015,0.72643,0.72685
Week 4,05 May 2015,0.73344,0.73387

Week 1,12 May 2015,0.72238,0.72268
Week 2,19 May 2015,0.71540,0.71582
Week 3,26 May 2015,0.71301,0.71343
Week 4,02 Jun 2015,0.72691,0.72733

Week 1,09 Jun 2015,0.72799,0.72841
Week 2,16 Jun 2015,0.71730,0.71772
Week 3,23 Jun 2015,0.71165,0.71207
Week 4,30 Jun 2015,0.71030,0.71075

Week 1,07 Jul 2015,0.71551,0.71594
Week 2,14 Jul 2015,0.70108,0.70150
Week 3,21 Jul 2015,0.70288,0.70330
Week 4,28 Jul 2015,0.70556,0.70584

Week 1,04 Aug 2015,0.70328,0.70362
Week 2,11 Aug 2015,0.71044,0.71085
Week 3,18 Aug 2015,0.71480,0.71521
Week 4,25 Aug 2015,0.72973,0.73017

Week 1,01 Sep 2015,0.73290,0.73332
Week 2,08 Sep 2015,0.73104,0.73138
Week 3,15 Sep 2015,0.73051,0.73093
Week 4,22 Sep 2015,0.73146,0.73188

Week 1,29 Sep 2015,0.73867,0.73910
Week 2,06 Oct 2015,0.73848,0.73889
Week 3,13 Oct 2015,0.73891,0.73933
Week 4,20 Oct 2015,0.72719,0.72761

Week 1,27 Oct 2015,0.71706,0.71748
Week 2,03 Nov 2015,0.71263,0.71291
Week 3,10 Nov 2015,0.70823,0.70864
Week 4,17 Nov 2015,0.70121,0.70158

Week 1,24 Nov 2015,0.70341,0.70370
Week 2,01 Dec 2015,0.71226,0.71266
Week 3,08 Dec 2015,0.72235,0.72276
Week 4,15 Dec 2015,0.72687,0.72729

Week 1,22 Dec 2015,0.73409,0.73440
Week 2,29 Dec 2015,0.73701,0.73722
Week 3,05 Jan 2016,0.74247,0.74288
Week 4,12 Jan 2016,0.75634,0.75676

Week 1,19 Jan 2016,0.76271,0.76313
Week 2,26 Jan 2016,0.76039,0.76075
Week 3,02 Feb 2016,0.76341,0.76384
Week 4,09 Feb 2016,0.77672,0.77714

Week 1,16 Feb 2016,0.77496,0.77540
Week 2,23 Feb 2016,0.78627,0.78671
Week 3,01 Mar 2016,0.77624,0.77668
Week 4,08 Mar 2016,0.77490,0.77523

Week 1,15 Mar 2016,0.78055,0.78097
Week 2,22 Mar 2016,0.78818,0.78864
Week 3,29 Mar 2016,0.79231,0.79273
Week 4,05 Apr 2016,0.80484,0.80526

Week 1,12 Apr 2016,0.79695,0.79737
Week 2,19 Apr 2016,0.78645,0.78687
Week 3,26 Apr 2016,0.77914,0.77956
Week 4,03 May 2016,0.78901,0.78937

Week 1,10 May 2016,0.78835,0.78877
Week 2,17 May 2016,0.77602,0.77643
Week 3,24 May 2016,0.76365,0.76390
Week 4,31 May 2016,0.77295,0.77338

Week 1,07 Jun 2016,0.78532,0.78574
Week 2,14 Jun 2016,0.79014,0.79059
Week 3,21 Jun 2016,0.78599,0.78710
Week 4,28 Jun 2016,0.83226,0.83332

Week 1,05 Jul 2016,0.85060,0.85109
Week 2,12 Jul 2016,0.83957,0.84004
Week 3,19 Jul 2016,0.83634,0.83681
Week 4,26 Jul 2016,0.84037,0.84083

Week 1,02 Aug 2016,0.84495,0.84535
Week 2,09 Aug 2016,0.85785,0.85830
Week 3,16 Aug 2016,0.86532,0.86576
Week 4,23 Aug 2016,0.85557,0.85601

Week 1,30 Aug 2016,0.84581,0.84625
Week 2,06 Sep 2016,0.84256,0.84301
Week 3,13 Sep 2016,0.85123,0.85167
Week 4,20 Sep 2016,0.86066,0.86110

Week 1,27 Sep 2016,0.86468,0.86512
Week 2,04 Oct 2016,0.88634,0.88683
Week 3,11 Oct 2016,0.90161,0.90208
Week 4,18 Oct 2016,0.89374,0.89419

Week 1,25 Oct 2016,0.89537,0.89582
Week 2,01 Nov 2016,0.89516,0.89544
Week 3,08 Nov 2016,0.87617,0.87661
Week 4,15 Nov 2016,0.85907,0.85950

Week 1,22 Nov 2016,0.85105,0.85151
Week 2,29 Nov 2016,0.84567,0.84610
Week 3,06 Dec 2016,0.84289,0.84332
Week 4,13 Dec 2016,0.83789,0.83832

Week 1,20 Dec 2016,0.84559,0.84602
Week 2,27 Dec 2016,0.85255,0.85312
Week 3,03 Jan 2017,0.85359,0.85414
Week 4,10 Jan 2017,0.86996,0.87039

Week 1,17 Jan 2017,0.86854,0.86898
Week 2,24 Jan 2017,0.85451,0.85493
Week 3,31 Jan 2017,0.85822,0.85864
Week 4,07 Feb 2017,0.85476,0.85518

Week 1,14 Feb 2017,0.85187,0.85228
Week 2,21 Feb 2017,0.84717,0.84787
Week 3,28 Feb 2017,0.85734,0.85776
Week 4,07 Mar 2017,0.87010,0.87051

Week 1,14 Mar 2017,0.87063,0.87099
Week 2,21 Mar 2017,0.86565,0.86597
Week 3,28 Mar 2017,0.85892,0.85933
Week 4,04 Apr 2017,0.85488,0.85529

Week 1,11 Apr 2017,0.84941,0.84984
Week 2,18 Apr 2017,0.83927,0.83969
Week 3,25 Apr 2017,0.84552,0.84593
Week 4,02 May 2017,0.84624,0.84665

Week 1,09 May 2017,0.84442,0.84482
Week 2,16 May 2017,0.85664,0.85701
Week 3,23 May 2017,0.86729,0.86770
Week 4,30 May 2017,0.87230,0.87267

Week 1,06 Jun 2017,0.87425,0.87466
Week 2,13 Jun 2017,0.87807,0.87846
Week 3,20 Jun 2017,0.87924,0.87960
Week 4,27 Jun 2017,0.87933,0.87973

Week 1,04 Jul 2017,0.88037,0.88079
Week 2,11 Jul 2017,0.88183,0.88204
Week 3,18 Jul 2017,0.88978,0.88999
Week 4,25 Jul 2017,0.89392,0.89424

Week 1,01 Aug 2017,0.89895,0.89922
Week 2,08 Aug 2017,0.90594,0.90641
Week 3,15 Aug 2017,0.91145,0.91171
Week 4,22 Aug 2017,0.92058,0.92114

Week 1,29 Aug 2017,0.92099,0.92128
Week 2,05 Sep 2017,0.91482,0.91505
Week 3,12 Sep 2017,0.89257,0.89283
Week 4,19 Sep 2017,0.88350,0.88373

Week 1,26 Sep 2017,0.87932,0.87972
Week 2,03 Oct 2017,0.89108,0.89131
Week 3,10 Oct 2017,0.89278,0.89300
Week 4,17 Oct 2017,0.89288,0.89329

Week 1,24 Oct 2017,0.88837,0.88880
Week 2,31 Oct 2017,0.88408,0.88448
Week 3,07 Nov 2017,0.88382,0.88406
Week 4,14 Nov 2017,0.89268,0.89298

Week 1,21 Nov 2017,0.88983,0.89027
Week 2,28 Nov 2017,0.88532,0.88560
Week 3,05 Dec 2017,0.88110,0.88128


