EUR->TRY

Week 1,15 Dec 1998,0.36291,0.36347
Week 2,22 Dec 1998,0.36481,0.36540
Week 3,29 Dec 1998,0.36846,0.36914
Week 4,05 Jan 1999,0.37138,0.37205

Week 1,12 Jan 1999,0.37424,0.37494
Week 2,19 Jan 1999,0.37945,0.38037
Week 3,26 Jan 1999,0.37893,0.37958
Week 4,02 Feb 1999,0.38056,0.38118

Week 1,09 Feb 1999,0.38453,0.38514
Week 2,16 Feb 1999,0.38556,0.38621
Week 3,23 Feb 1999,0.38812,0.38877
Week 4,02 Mar 1999,0.38894,0.38959

Week 1,09 Mar 1999,0.39349,0.39414
Week 2,16 Mar 1999,0.39769,0.39835
Week 3,23 Mar 1999,0.39994,0.40089
Week 4,30 Mar 1999,0.40243,0.40328

Week 1,06 Apr 1999,0.40654,0.40725
Week 2,13 Apr 1999,0.40886,0.40949
Week 3,20 Apr 1999,0.40998,0.41071
Week 4,27 Apr 1999,0.41351,0.41424

Week 1,04 May 1999,0.41894,0.41961
Week 2,11 May 1999,0.42145,0.42214
Week 3,18 May 1999,0.42339,0.42417
Week 4,25 May 1999,0.42372,0.42440

Week 1,01 Jun 1999,0.42093,0.42162
Week 2,08 Jun 1999,0.42807,0.42878
Week 3,15 Jun 1999,0.43048,0.43121
Week 4,22 Jun 1999,0.43329,0.43395

Week 1,29 Jun 1999,0.43328,0.43407
Week 2,06 Jul 1999,0.43610,0.43682
Week 3,13 Jul 1999,0.43907,0.43977
Week 4,20 Jul 1999,0.45015,0.45091

Week 1,27 Jul 1999,0.45731,0.45805
Week 2,03 Aug 1999,0.46131,0.46201
Week 3,10 Aug 1999,0.46211,0.46284
Week 4,17 Aug 1999,0.46595,0.46668

Week 1,24 Aug 1999,0.46654,0.46732
Week 2,31 Aug 1999,0.47351,0.47434
Week 3,07 Sep 1999,0.47306,0.47384
Week 4,14 Sep 1999,0.47611,0.47686

Week 1,21 Sep 1999,0.48149,0.48226
Week 2,28 Sep 1999,0.49084,0.49161
Week 3,05 Oct 1999,0.49499,0.49579
Week 4,12 Oct 1999,0.50450,0.50541

Week 1,19 Oct 1999,0.50841,0.50922
Week 2,26 Oct 1999,0.50715,0.50792
Week 3,02 Nov 1999,0.50709,0.50786
Week 4,09 Nov 1999,0.51372,0.51453

Week 1,16 Nov 1999,0.51871,0.51951
Week 2,23 Nov 1999,0.52065,0.52147
Week 3,30 Nov 1999,0.51790,0.51877
Week 4,07 Dec 1999,0.53122,0.53208

Week 1,14 Dec 1999,0.53567,0.53649
Week 2,21 Dec 1999,0.54199,0.54288
Week 3,28 Dec 1999,0.54545,0.54643
Week 4,04 Jan 2000,0.55407,0.55504

Week 1,11 Jan 2000,0.55419,0.55509
Week 2,18 Jan 2000,0.55368,0.55459
Week 3,25 Jan 2000,0.54887,0.54983
Week 4,01 Feb 2000,0.54864,0.54955

Week 1,08 Feb 2000,0.55360,0.55451
Week 2,15 Feb 2000,0.55554,0.55649
Week 3,22 Feb 2000,0.55893,0.55980
Week 4,29 Feb 2000,0.55454,0.55538

Week 1,07 Mar 2000,0.55627,0.55716
Week 2,14 Mar 2000,0.56095,0.56192
Week 3,21 Mar 2000,0.56497,0.56595
Week 4,28 Mar 2000,0.56242,0.56339

Week 1,04 Apr 2000,0.56469,0.56558
Week 2,11 Apr 2000,0.56682,0.56764
Week 3,18 Apr 2000,0.55759,0.55812
Week 4,25 Apr 2000,0.55772,0.55861

Week 1,02 May 2000,0.55389,0.55480
Week 2,09 May 2000,0.56033,0.56123
Week 3,16 May 2000,0.55796,0.55891
Week 4,23 May 2000,0.56789,0.56885

Week 1,30 May 2000,0.57566,0.57658
Week 2,06 Jun 2000,0.58383,0.58485
Week 3,13 Jun 2000,0.58775,0.58888
Week 4,20 Jun 2000,0.58440,0.58534

Week 1,27 Jun 2000,0.58831,0.58937
Week 2,04 Jul 2000,0.59074,0.59174
Week 3,11 Jul 2000,0.58991,0.59091
Week 4,18 Jul 2000,0.58807,0.58908

Week 1,25 Jul 2000,0.58867,0.58986
Week 2,01 Aug 2000,0.58323,0.58418
Week 3,08 Aug 2000,0.58218,0.58324
Week 4,15 Aug 2000,0.58629,0.58733

Week 1,22 Aug 2000,0.58451,0.58562
Week 2,29 Aug 2000,0.58478,0.58577
Week 3,05 Sep 2000,0.57831,0.57935
Week 4,12 Sep 2000,0.57161,0.57267

Week 1,19 Sep 2000,0.57603,0.57714
Week 2,26 Sep 2000,0.58478,0.58581
Week 3,03 Oct 2000,0.58370,0.58597
Week 4,10 Oct 2000,0.58059,0.58181

Week 1,17 Oct 2000,0.57475,0.57585
Week 2,24 Oct 2000,0.57239,0.57338
Week 3,31 Oct 2000,0.58333,0.58432
Week 4,07 Nov 2000,0.58564,0.58669

Week 1,14 Nov 2000,0.58319,0.58424
Week 2,21 Nov 2000,0.58073,0.58181
Week 3,28 Nov 2000,0.59326,0.59425
Week 4,05 Dec 2000,0.60127,0.60244

Week 1,12 Dec 2000,0.60308,0.60413
Week 2,19 Dec 2000,0.61488,0.61602
Week 3,26 Dec 2000,0.62625,0.62752
Week 4,02 Jan 2001,0.63112,0.63224

Week 1,09 Jan 2001,0.63217,0.63341
Week 2,16 Jan 2001,0.62977,0.63108
Week 3,23 Jan 2001,0.62695,0.62825
Week 4,30 Jan 2001,0.63004,0.63123

Week 1,06 Feb 2001,0.62951,0.63070
Week 2,13 Feb 2001,0.62747,0.62869
Week 3,20 Feb 2001,0.62824,0.62936
Week 4,27 Feb 2001,0.82601,0.85845

Week 1,06 Mar 2001,0.81063,0.88839
Week 2,13 Mar 2001,0.86997,0.91764
Week 3,20 Mar 2001,0.86877,0.89039
Week 4,27 Mar 2001,0.88137,0.92716

Week 1,03 Apr 2001,1.06525,1.08416
Week 2,10 Apr 2001,1.06414,1.09781
Week 3,17 Apr 2001,1.08582,1.10825
Week 4,24 Apr 2001,1.04663,1.06973

Week 1,01 May 2001,1.00628,1.04006
Week 2,08 May 2001,1.00327,1.02380
Week 3,15 May 2001,0.98043,0.99661
Week 4,22 May 2001,0.95443,0.96995

Week 1,29 May 2001,0.96384,0.98949
Week 2,05 Jun 2001,0.97715,0.99590
Week 3,12 Jun 2001,1.02150,1.03818
Week 4,19 Jun 2001,1.07364,1.09936

Week 1,26 Jun 2001,1.07211,1.09286
Week 2,03 Jul 2001,1.08672,1.12729
Week 3,10 Jul 2001,1.12775,1.16742
Week 4,17 Jul 2001,1.15165,1.17633

Week 1,24 Jul 2001,1.14649,1.17136
Week 2,31 Jul 2001,1.16413,1.19372
Week 3,07 Aug 2001,1.21489,1.23351
Week 4,14 Aug 2001,1.27139,1.30117

Week 1,21 Aug 2001,1.32333,1.33577
Week 2,28 Aug 2001,1.25010,1.26973
Week 3,04 Sep 2001,1.25797,1.27617
Week 4,11 Sep 2001,1.33390,1.34184

Week 1,18 Sep 2001,1.38367,1.42022
Week 2,25 Sep 2001,1.38866,1.43976
Week 3,02 Oct 2001,1.43164,1.48307
Week 4,09 Oct 2001,1.43575,1.48711

Week 1,16 Oct 2001,1.45339,1.50457
Week 2,23 Oct 2001,1.41440,1.46499
Week 3,30 Oct 2001,1.40575,1.45631
Week 4,06 Nov 2001,1.36752,1.42093

Week 1,13 Nov 2001,1.33158,1.38269
Week 2,20 Nov 2001,1.28400,1.32833
Week 3,27 Nov 2001,1.29322,1.34446
Week 4,04 Dec 2001,1.27705,1.32872

Week 1,11 Dec 2001,1.26675,1.31726
Week 2,18 Dec 2001,1.29139,1.34193
Week 3,25 Dec 2001,1.26383,1.31422
Week 4,01 Jan 2002,1.25428,1.30512

Week 1,08 Jan 2002,1.21421,1.26529
Week 2,15 Jan 2002,1.17763,1.23066
Week 3,22 Jan 2002,1.15270,1.20558
Week 4,29 Jan 2002,1.10830,1.15915

Week 1,05 Feb 2002,1.15105,1.20279
Week 2,12 Feb 2002,1.16183,1.21229
Week 3,19 Feb 2002,1.18045,1.23121
Week 4,26 Feb 2002,1.18410,1.23573

Week 1,05 Mar 2002,1.17491,1.22571
Week 2,12 Mar 2002,1.16853,1.22025
Week 3,19 Mar 2002,1.16322,1.21483
Week 4,26 Mar 2002,1.14528,1.19585

Week 1,02 Apr 2002,1.13712,1.18768
Week 2,09 Apr 2002,1.12303,1.17441
Week 3,16 Apr 2002,1.13417,1.18464
Week 4,23 Apr 2002,1.18123,1.23450

Week 1,30 Apr 2002,1.20774,1.25898
Week 2,07 May 2002,1.23292,1.28482
Week 3,14 May 2002,1.27862,1.32920
Week 4,21 May 2002,1.28385,1.33446

Week 1,28 May 2002,1.30417,1.35494
Week 2,04 Jun 2002,1.34107,1.39548
Week 3,11 Jun 2002,1.43308,1.48873
Week 4,18 Jun 2002,1.47920,1.53558

Week 1,25 Jun 2002,1.54448,1.60051
Week 2,02 Jul 2002,1.55281,1.60621
Week 3,09 Jul 2002,1.62827,1.68310
Week 4,16 Jul 2002,1.65821,1.71170

Week 1,23 Jul 2002,1.65004,1.70220
Week 2,30 Jul 2002,1.61486,1.66803
Week 3,06 Aug 2002,1.56989,1.62074
Week 4,13 Aug 2002,1.58508,1.63597

Week 1,20 Aug 2002,1.57134,1.62181
Week 2,27 Aug 2002,1.57381,1.62570
Week 3,03 Sep 2002,1.57857,1.63436
Week 4,10 Sep 2002,1.59867,1.65040

Week 1,17 Sep 2002,1.60564,1.65627
Week 2,24 Sep 2002,1.59831,1.64896
Week 3,01 Oct 2002,1.59265,1.64598
Week 4,08 Oct 2002,1.59912,1.64990

Week 1,15 Oct 2002,1.58923,1.63976
Week 2,22 Oct 2002,1.61084,1.66295
Week 3,29 Oct 2002,1.64248,1.69298
Week 4,05 Nov 2002,1.61832,1.67661

Week 1,12 Nov 2002,1.60376,1.65606
Week 2,19 Nov 2002,1.55911,1.60962
Week 3,26 Nov 2002,1.51393,1.56588
Week 4,03 Dec 2002,1.52799,1.58017

Week 1,10 Dec 2002,1.54556,1.60408
Week 2,17 Dec 2002,1.63368,1.68597
Week 3,24 Dec 2002,1.68781,1.74405
Week 4,31 Dec 2002,1.68868,1.75012

Week 1,07 Jan 2003,1.73053,1.78885
Week 2,14 Jan 2003,1.74459,1.80079
Week 3,21 Jan 2003,1.77097,1.82158
Week 4,28 Jan 2003,1.76107,1.81173

Week 1,04 Feb 2003,1.74479,1.80171
Week 2,11 Feb 2003,1.75295,1.80565
Week 3,18 Feb 2003,1.71867,1.78158
Week 4,25 Feb 2003,1.70634,1.75894

Week 1,04 Mar 2003,1.75294,1.80785
Week 2,11 Mar 2003,1.74520,1.79800
Week 3,18 Mar 2003,1.79331,1.84385
Week 4,25 Mar 2003,1.81042,1.86720

Week 1,01 Apr 2003,1.78001,1.84334
Week 2,08 Apr 2003,1.74372,1.79662
Week 3,15 Apr 2003,1.72744,1.78234
Week 4,22 Apr 2003,1.73681,1.78755

Week 1,29 Apr 2003,1.72051,1.77138
Week 2,06 May 2003,1.71105,1.76720
Week 3,13 May 2003,1.69334,1.76055
Week 4,20 May 2003,1.70935,1.76301

Week 1,27 May 2003,1.67286,1.72946
Week 2,03 Jun 2003,1.65005,1.70943
Week 3,10 Jun 2003,1.65104,1.70754
Week 4,17 Jun 2003,1.63952,1.69020

Week 1,24 Jun 2003,1.61742,1.66804
Week 2,01 Jul 2003,1.58393,1.64018
Week 3,08 Jul 2003,1.55612,1.61975
Week 4,15 Jul 2003,1.53475,1.59292

Week 1,22 Jul 2003,1.58279,1.64440
Week 2,29 Jul 2003,1.59251,1.65136
Week 3,05 Aug 2003,1.56051,1.62660
Week 4,12 Aug 2003,1.55489,1.60555

Week 1,19 Aug 2003,1.50875,1.55942
Week 2,26 Aug 2003,1.50039,1.55316
Week 3,02 Sep 2003,1.49792,1.55295
Week 4,09 Sep 2003,1.51790,1.58096

Week 1,16 Sep 2003,1.51833,1.57925
Week 2,23 Sep 2003,1.54090,1.59681
Week 3,30 Sep 2003,1.59652,1.65833
Week 4,07 Oct 2003,1.60297,1.65948

Week 1,14 Oct 2003,1.63617,1.70389
Week 2,21 Oct 2003,1.70689,1.76038
Week 3,28 Oct 2003,1.71770,1.77400
Week 4,04 Nov 2003,1.67663,1.74079

Week 1,11 Nov 2003,1.69590,1.75473
Week 2,18 Nov 2003,1.72021,1.77383
Week 3,25 Nov 2003,1.71905,1.76964
Week 4,02 Dec 2003,1.72858,1.77924

Week 1,09 Dec 2003,1.73285,1.79368
Week 2,16 Dec 2003,1.74480,1.79551
Week 3,23 Dec 2003,1.75245,1.80318
Week 4,30 Dec 2003,1.73125,1.78468

Week 1,06 Jan 2004,1.71271,1.76326
Week 2,13 Jan 2004,1.66508,1.72294
Week 3,20 Jan 2004,1.64533,1.71034
Week 4,27 Jan 2004,1.63626,1.70838

Week 1,03 Feb 2004,1.65045,1.71174
Week 2,10 Feb 2004,1.65003,1.72324
Week 3,17 Feb 2004,1.65246,1.71033
Week 4,24 Feb 2004,1.62380,1.69945

Week 1,02 Mar 2004,1.60092,1.65830
Week 2,09 Mar 2004,1.59273,1.65355
Week 3,16 Mar 2004,1.59294,1.65031
Week 4,23 Mar 2004,1.58295,1.63680

Week 1,30 Mar 2004,1.56563,1.63600
Week 2,06 Apr 2004,1.58515,1.63885
Week 3,13 Apr 2004,1.60341,1.66011
Week 4,20 Apr 2004,1.60971,1.66334

Week 1,27 Apr 2004,1.66761,1.72119
Week 2,04 May 2004,1.74593,1.80615
Week 3,11 May 2004,1.79694,1.85068
Week 4,18 May 2004,1.82958,1.88317

Week 1,25 May 2004,1.81030,1.86092
Week 2,01 Jun 2004,1.81405,1.86458
Week 3,08 Jun 2004,1.78116,1.83167
Week 4,15 Jun 2004,1.78143,1.83527

Week 1,22 Jun 2004,1.78027,1.83737
Week 2,29 Jun 2004,1.76146,1.82887
Week 3,06 Jul 2004,1.75868,1.81284
Week 4,13 Jul 2004,1.74879,1.80629

Week 1,20 Jul 2004,1.75585,1.80963
Week 2,27 Jul 2004,1.75614,1.80674
Week 3,03 Aug 2004,1.75341,1.80723
Week 4,10 Aug 2004,1.76975,1.82361

Week 1,17 Aug 2004,1.78289,1.84372
Week 2,24 Aug 2004,1.80082,1.85128
Week 3,31 Aug 2004,1.79850,1.85699
Week 4,07 Sep 2004,1.79569,1.85618

Week 1,14 Sep 2004,1.81405,1.86455
Week 2,21 Sep 2004,1.82105,1.87165
Week 3,28 Sep 2004,1.82826,1.89633
Week 4,05 Oct 2004,1.82596,1.88006

Week 1,12 Oct 2004,1.81972,1.88069
Week 2,19 Oct 2004,1.84900,1.88746
Week 3,26 Oct 2004,1.86951,1.90124
Week 4,02 Nov 2004,1.87853,1.88487

Week 1,09 Nov 2004,1.87631,1.89545
Week 2,16 Nov 2004,1.87177,1.89066
Week 3,23 Nov 2004,1.86602,1.90662
Week 4,30 Nov 2004,1.88412,1.89857

Week 1,07 Dec 2004,1.88386,1.90116
Week 2,14 Dec 2004,1.86950,1.88514
Week 3,21 Dec 2004,1.85834,1.86522
Week 4,28 Dec 2004,1.82149,1.85077

Week 1,04 Jan 2005,1.81792,1.82713
Week 2,11 Jan 2005,1.78620,1.79375
Week 3,18 Jan 2005,1.74956,1.75949
Week 4,25 Jan 2005,1.73693,1.74462

Week 1,01 Feb 2005,1.70838,1.71878
Week 2,08 Feb 2005,1.69625,1.70642
Week 3,15 Feb 2005,1.70592,1.71491
Week 4,22 Feb 2005,1.71014,1.71894

Week 1,01 Mar 2005,1.67072,1.68534
Week 2,08 Mar 2005,1.68709,1.70769
Week 3,15 Mar 2005,1.74743,1.76215
Week 4,22 Mar 2005,1.75753,1.76460

Week 1,29 Mar 2005,1.75649,1.76693
Week 2,05 Apr 2005,1.73998,1.75032
Week 3,12 Apr 2005,1.74880,1.75572
Week 4,19 Apr 2005,1.77324,1.78095

Week 1,26 Apr 2005,1.77730,1.79065
Week 2,03 May 2005,1.73753,1.75492
Week 3,10 May 2005,1.73340,1.75303
Week 4,17 May 2005,1.72567,1.74331

Week 1,24 May 2005,1.72560,1.74319
Week 2,31 May 2005,1.66075,1.67969
Week 3,07 Jun 2005,1.65664,1.67368
Week 4,14 Jun 2005,1.65793,1.67317

Week 1,21 Jun 2005,1.63371,1.65231
Week 2,28 Jun 2005,1.60449,1.62128
Week 3,05 Jul 2005,1.60350,1.61464
Week 4,12 Jul 2005,1.60360,1.62044

Week 1,19 Jul 2005,1.60898,1.62218
Week 2,26 Jul 2005,1.60598,1.62453
Week 3,02 Aug 2005,1.61781,1.62491
Week 4,09 Aug 2005,1.65409,1.66259

Week 1,16 Aug 2005,1.67165,1.67757
Week 2,23 Aug 2005,1.66883,1.67466
Week 3,30 Aug 2005,1.66312,1.67501
Week 4,06 Sep 2005,1.65436,1.66354

Week 1,13 Sep 2005,1.63919,1.64887
Week 2,20 Sep 2005,1.62882,1.63362
Week 3,27 Sep 2005,1.61973,1.62541
Week 4,04 Oct 2005,1.62272,1.63019

Week 1,11 Oct 2005,1.63818,1.64719
Week 2,18 Oct 2005,1.63173,1.63961
Week 3,25 Oct 2005,1.62961,1.63779
Week 4,01 Nov 2005,1.61236,1.61986

Week 1,08 Nov 2005,1.59635,1.60411
Week 2,15 Nov 2005,1.59478,1.60104
Week 3,22 Nov 2005,1.59626,1.60181
Week 4,29 Nov 2005,1.59224,1.59882

Week 1,06 Dec 2005,1.59031,1.60044
Week 2,13 Dec 2005,1.60607,1.61600
Week 3,20 Dec 2005,1.60475,1.61466
Week 4,27 Dec 2005,1.59626,1.60261

Week 1,03 Jan 2006,1.60403,1.61064
Week 2,10 Jan 2006,1.61581,1.62609
Week 3,17 Jan 2006,1.61311,1.62321
Week 4,24 Jan 2006,1.61157,1.62242

Week 1,31 Jan 2006,1.59590,1.60727
Week 2,07 Feb 2006,1.58433,1.59576
Week 3,14 Feb 2006,1.57470,1.58649
Week 4,21 Feb 2006,1.56698,1.57813

Week 1,28 Feb 2006,1.56001,1.57205
Week 2,07 Mar 2006,1.59330,1.60570
Week 3,14 Mar 2006,1.60370,1.61628
Week 4,21 Mar 2006,1.61152,1.62571

Week 1,28 Mar 2006,1.62034,1.63897
Week 2,04 Apr 2006,1.61916,1.63678
Week 3,11 Apr 2006,1.62447,1.64260
Week 4,18 Apr 2006,1.63208,1.65110

Week 1,25 Apr 2006,1.64344,1.66271
Week 2,02 May 2006,1.66053,1.68010
Week 3,09 May 2006,1.74297,1.76268
Week 4,16 May 2006,1.88001,1.89967

Week 1,23 May 2006,1.94969,1.96933
Week 2,30 May 2006,1.99788,2.01785
Week 3,06 Jun 2006,1.97576,1.99521
Week 4,13 Jun 2006,1.99600,2.01558

Week 1,20 Jun 2006,2.08441,2.10397
Week 2,27 Jun 2006,2.03120,2.05084
Week 3,04 Jul 2006,1.98960,2.00948
Week 4,11 Jul 2006,1.98451,2.00422

Week 1,18 Jul 2006,1.96228,1.98155
Week 2,25 Jul 2006,1.91003,1.92927
Week 3,01 Aug 2006,1.89533,1.91413
Week 4,08 Aug 2006,1.85336,1.87316

Week 1,15 Aug 2006,1.85051,1.86830
Week 2,22 Aug 2006,1.87659,1.89535
Week 3,29 Aug 2006,1.87694,1.89597
Week 4,05 Sep 2006,1.86538,1.88446

Week 1,12 Sep 2006,1.85817,1.87735
Week 2,19 Sep 2006,1.89004,1.90977
Week 3,26 Sep 2006,1.90998,1.92966
Week 4,03 Oct 2006,1.89301,1.91175

Week 1,10 Oct 2006,1.85223,1.87166
Week 2,17 Oct 2006,1.83450,1.85397
Week 3,24 Oct 2006,1.83051,1.85008
Week 4,31 Oct 2006,1.84882,1.86882

Week 1,07 Nov 2006,1.84320,1.86298
Week 2,14 Nov 2006,1.84847,1.86791
Week 3,21 Nov 2006,1.89159,1.91162
Week 4,28 Nov 2006,1.92129,1.94172

Week 1,05 Dec 2006,1.90123,1.92162
Week 2,12 Dec 2006,1.86805,1.88756
Week 3,19 Dec 2006,1.86872,1.88870
Week 4,26 Dec 2006,1.85937,1.87992

Week 1,02 Jan 2007,1.85850,1.87899
Week 2,09 Jan 2007,1.85305,1.87300
Week 3,16 Jan 2007,1.83182,1.85117
Week 4,23 Jan 2007,1.83367,1.85168

Week 1,30 Jan 2007,1.82492,1.84289
Week 2,06 Feb 2007,1.81323,1.83153
Week 3,13 Feb 2007,1.81688,1.83480
Week 4,20 Feb 2007,1.80927,1.82823

Week 1,27 Feb 2007,1.86219,1.87954
Week 2,06 Mar 2007,1.86252,1.88059
Week 3,13 Mar 2007,1.85997,1.87831
Week 4,20 Mar 2007,1.84095,1.85993

Week 1,27 Mar 2007,1.84625,1.86504
Week 2,03 Apr 2007,1.82509,1.84522
Week 3,10 Apr 2007,1.83986,1.85606
Week 4,17 Apr 2007,1.82303,1.84215

Week 1,24 Apr 2007,1.81088,1.82927
Week 2,01 May 2007,1.83990,1.85126
Week 3,08 May 2007,1.80543,1.82035
Week 4,15 May 2007,1.78955,1.80246

Week 1,22 May 2007,1.77991,1.79131
Week 2,29 May 2007,1.76681,1.78232
Week 3,05 Jun 2007,1.77838,1.79743
Week 4,12 Jun 2007,1.75763,1.77659

Week 1,19 Jun 2007,1.74923,1.76212
Week 2,26 Jun 2007,1.76991,1.78282
Week 3,03 Jul 2007,1.75674,1.76774
Week 4,10 Jul 2007,1.75124,1.76395

Week 1,17 Jul 2007,1.74994,1.76499
Week 2,24 Jul 2007,1.74818,1.75923
Week 3,31 Jul 2007,1.75324,1.76667
Week 4,07 Aug 2007,1.75690,1.76952

Week 1,14 Aug 2007,1.81424,1.82524
Week 2,21 Aug 2007,1.80900,1.82026
Week 3,28 Aug 2007,1.78519,1.79779
Week 4,04 Sep 2007,1.77075,1.79014

Week 1,11 Sep 2007,1.75570,1.77157
Week 2,18 Sep 2007,1.73126,1.74376
Week 3,25 Sep 2007,1.71899,1.73264
Week 4,02 Oct 2007,1.69052,1.70112

Week 1,09 Oct 2007,1.67608,1.69061
Week 2,16 Oct 2007,1.71896,1.72574
Week 3,23 Oct 2007,1.72112,1.72707
Week 4,30 Oct 2007,1.70397,1.71515

Week 1,06 Nov 2007,1.73072,1.74179
Week 2,13 Nov 2007,1.73622,1.74711
Week 3,20 Nov 2007,1.76912,1.77656
Week 4,27 Nov 2007,1.75511,1.76540

Week 1,04 Dec 2007,1.72572,1.72867
Week 2,11 Dec 2007,1.71526,1.72042
Week 3,18 Dec 2007,1.70957,1.71820
Week 4,25 Dec 2007,1.70871,1.71811

Week 1,01 Jan 2008,1.71308,1.72430
Week 2,08 Jan 2008,1.70176,1.71048
Week 3,15 Jan 2008,1.72481,1.73309
Week 4,22 Jan 2008,1.74832,1.75643

Week 1,29 Jan 2008,1.73407,1.74276
Week 2,05 Feb 2008,1.74181,1.75002
Week 3,12 Feb 2008,1.75803,1.76631
Week 4,19 Feb 2008,1.77312,1.77841

Week 1,26 Feb 2008,1.79670,1.80507
Week 2,04 Mar 2008,1.88068,1.88631
Week 3,11 Mar 2008,1.91464,1.92410
Week 4,18 Mar 2008,1.93469,1.93859

Week 1,25 Mar 2008,1.99116,2.00144
Week 2,01 Apr 2008,2.03773,2.04725
Week 3,08 Apr 2008,2.04368,2.05054
Week 4,15 Apr 2008,2.08167,2.09166

Week 1,22 Apr 2008,2.03803,2.04777
Week 2,29 Apr 2008,1.97554,1.97933
Week 3,06 May 2008,1.95085,1.95442
Week 4,13 May 2008,1.92304,1.93343

Week 1,20 May 2008,1.94773,1.95710
Week 2,27 May 2008,1.91468,1.92466
Week 3,03 Jun 2008,1.92624,1.93073
Week 4,10 Jun 2008,1.93560,1.94543

Week 1,17 Jun 2008,1.90887,1.91232
Week 2,24 Jun 2008,1.91731,1.92730
Week 3,01 Jul 2008,1.94341,1.95210
Week 4,08 Jul 2008,1.92912,1.93870

Week 1,15 Jul 2008,1.90544,1.91460
Week 2,22 Jul 2008,1.88899,1.89853
Week 3,29 Jul 2008,1.82771,1.83668
Week 4,05 Aug 2008,1.78931,1.79333

Week 1,12 Aug 2008,1.75194,1.76137
Week 2,19 Aug 2008,1.75116,1.75964
Week 3,26 Aug 2008,1.74351,1.74659
Week 4,02 Sep 2008,1.75508,1.76022

Week 1,09 Sep 2008,1.75278,1.75555
Week 2,16 Sep 2008,1.81040,1.81434
Week 3,23 Sep 2008,1.81180,1.81483
Week 4,30 Sep 2008,1.80340,1.80644

Week 1,07 Oct 2008,1.89833,1.90366
Week 2,14 Oct 2008,1.96474,1.96974
Week 3,21 Oct 2008,2.11402,2.12149
Week 4,28 Oct 2008,1.98342,1.98880

Week 1,04 Nov 2008,1.95650,1.96052
Week 2,11 Nov 2008,2.03463,2.04040
Week 3,18 Nov 2008,2.10950,2.11494
Week 4,25 Nov 2008,2.01925,2.02319

Week 1,02 Dec 2008,2.00945,2.01476
Week 2,09 Dec 2008,2.04731,2.05312
Week 3,16 Dec 2008,2.13977,2.14360
Week 4,23 Dec 2008,2.12206,2.12674

Week 1,30 Dec 2008,2.14090,2.14810
Week 2,06 Jan 2009,2.09439,2.09967
Week 3,13 Jan 2009,2.12857,2.13248
Week 4,20 Jan 2009,2.15980,2.16319

Week 1,27 Jan 2009,2.12370,2.12795
Week 2,03 Feb 2009,2.10412,2.10740
Week 3,10 Feb 2009,2.11051,2.11412
Week 4,17 Feb 2009,2.14954,2.15395

Week 1,24 Feb 2009,2.15570,2.15877
Week 2,03 Mar 2009,2.21344,2.21659
Week 3,10 Mar 2009,2.22381,2.22763
Week 4,17 Mar 2009,2.26298,2.26672

Week 1,24 Mar 2009,2.24164,2.24490
Week 2,31 Mar 2009,2.17187,2.17546
Week 3,07 Apr 2009,2.09351,2.09704
Week 4,14 Apr 2009,2.10341,2.10641

Week 1,21 Apr 2009,2.13425,2.13724
Week 2,28 Apr 2009,2.11759,2.12048
Week 3,05 May 2009,2.09418,2.09707
Week 4,12 May 2009,2.12312,2.12616

Week 1,19 May 2009,2.12090,2.12341
Week 2,26 May 2009,2.16264,2.18404
Week 3,02 Jun 2009,2.15812,2.17396
Week 4,09 Jun 2009,2.15827,2.16279

Week 1,16 Jun 2009,2.14732,2.16296
Week 2,23 Jun 2009,2.16431,2.18042
Week 3,30 Jun 2009,2.14495,2.16082
Week 4,07 Jul 2009,2.15576,2.16609

Week 1,14 Jul 2009,2.14825,2.16426
Week 2,21 Jul 2009,2.11479,2.13071
Week 3,28 Jul 2009,2.09024,2.10262
Week 4,04 Aug 2009,2.09413,2.10618

Week 1,11 Aug 2009,2.11011,2.12061
Week 2,18 Aug 2009,2.10343,2.14567
Week 3,25 Aug 2009,2.12022,2.16164
Week 4,01 Sep 2009,2.14201,2.14878

Week 1,08 Sep 2009,2.16242,2.17144
Week 2,15 Sep 2009,2.17189,2.17628
Week 3,22 Sep 2009,2.18179,2.18638
Week 4,29 Sep 2009,2.17479,2.17919

Week 1,06 Oct 2009,2.15827,2.16302
Week 2,13 Oct 2009,2.16257,2.16695
Week 3,20 Oct 2009,2.18941,2.19678
Week 4,27 Oct 2009,2.21227,2.22081

Week 1,03 Nov 2009,2.20884,2.21310
Week 2,10 Nov 2009,2.20412,2.20889
Week 3,17 Nov 2009,2.21412,2.21974
Week 4,24 Nov 2009,2.26108,2.26632

Week 1,01 Dec 2009,2.24425,2.25025
Week 2,08 Dec 2009,2.21005,2.21579
Week 3,15 Dec 2009,2.18536,2.19426
Week 4,22 Dec 2009,2.17531,2.18174

Week 1,29 Dec 2009,2.15555,2.16382
Week 2,05 Jan 2010,2.11190,2.11707
Week 3,12 Jan 2010,2.09874,2.11052
Week 4,19 Jan 2010,2.09264,2.09744

Week 1,26 Jan 2010,2.08790,2.09330
Week 2,02 Feb 2010,2.07887,2.08365
Week 3,09 Feb 2010,2.07187,2.07847
Week 4,16 Feb 2010,2.06150,2.06615

Week 1,23 Feb 2010,2.09205,2.09773
Week 2,02 Mar 2010,2.09419,2.09930
Week 3,09 Mar 2010,2.09406,2.09974
Week 4,16 Mar 2010,2.08254,2.08716

Week 1,23 Mar 2010,2.06469,2.06931
Week 2,30 Mar 2010,2.05082,2.05471
Week 3,06 Apr 2010,2.00922,2.01344
Week 4,13 Apr 2010,2.00823,2.01254

Week 1,20 Apr 2010,1.98882,1.99276
Week 2,27 Apr 2010,1.97161,1.97589
Week 3,04 May 2010,1.97891,1.98375
Week 4,11 May 2010,1.92267,1.92649

Week 1,18 May 2010,1.95048,1.95403
Week 2,25 May 2010,1.93174,1.93653
Week 3,01 Jun 2010,1.92341,1.92733
Week 4,08 Jun 2010,1.91408,1.91760

Week 1,15 Jun 2010,1.92562,1.92946
Week 2,22 Jun 2010,1.93502,1.93901
Week 3,29 Jun 2010,1.95194,1.95600
Week 4,06 Jul 2010,1.96052,1.96465

Week 1,13 Jul 2010,1.97408,1.97819
Week 2,20 Jul 2010,1.96723,1.97175
Week 3,27 Jul 2010,1.96556,1.96970
Week 4,03 Aug 2010,1.97425,1.97892

Week 1,10 Aug 2010,1.95145,1.95508
Week 2,17 Aug 2010,1.92824,1.93234
Week 3,24 Aug 2010,1.93323,1.93730
Week 4,31 Aug 2010,1.93363,1.93827

Week 1,07 Sep 2010,1.91644,1.92104
Week 2,14 Sep 2010,1.94158,1.94575
Week 3,21 Sep 2010,1.97703,1.98090
Week 4,28 Sep 2010,1.98325,1.98712

Week 1,05 Oct 2010,1.97531,1.97972
Week 2,12 Oct 2010,1.96883,1.97291
Week 3,19 Oct 2010,1.98234,1.98589
Week 4,26 Oct 2010,1.98794,1.99186

Week 1,02 Nov 2010,1.97241,1.97608
Week 2,09 Nov 2010,1.96046,1.96468
Week 3,16 Nov 2010,1.97078,1.97543
Week 4,23 Nov 2010,1.97363,1.97747

Week 1,30 Nov 2010,1.96651,1.97038
Week 2,07 Dec 2010,1.98101,1.98626
Week 3,14 Dec 2010,2.02187,2.02767
Week 4,21 Dec 2010,2.03263,2.03818

Week 1,28 Dec 2010,2.05499,2.05953
Week 2,04 Jan 2011,2.04297,2.04681
Week 3,11 Jan 2011,2.05623,2.05959
Week 4,18 Jan 2011,2.09987,2.10441

Week 1,25 Jan 2011,2.16457,2.16881
Week 2,01 Feb 2011,2.17112,2.17523
Week 3,08 Feb 2011,2.15329,2.16039
Week 4,15 Feb 2011,2.15027,2.15397

Week 1,22 Feb 2011,2.19206,2.19522
Week 2,01 Mar 2011,2.22670,2.23128
Week 3,08 Mar 2011,2.20497,2.20957
Week 4,15 Mar 2011,2.21909,2.22377

Week 1,22 Mar 2011,2.20507,2.20950
Week 2,29 Mar 2011,2.18591,2.18947
Week 3,05 Apr 2011,2.17440,2.17919
Week 4,12 Apr 2011,2.18893,2.19313

Week 1,19 Apr 2011,2.20038,2.20504
Week 2,26 Apr 2011,2.23871,2.24420
Week 3,03 May 2011,2.24552,2.24983
Week 4,10 May 2011,2.24489,2.24889

Week 1,17 May 2011,2.24615,2.25360
Week 2,24 May 2011,2.27036,2.27405
Week 3,31 May 2011,2.29502,2.29931
Week 4,07 Jun 2011,2.28893,2.29355

Week 1,14 Jun 2011,2.27636,2.28064
Week 2,21 Jun 2011,2.30953,2.31686
Week 3,28 Jun 2011,2.33667,2.34122
Week 4,05 Jul 2011,2.33116,2.33551

Week 1,12 Jul 2011,2.32250,2.32676
Week 2,19 Jul 2011,2.38385,2.38865
Week 3,26 Jul 2011,2.43861,2.44297
Week 4,02 Aug 2011,2.44801,2.45394

Week 1,09 Aug 2011,2.52198,2.52809
Week 2,16 Aug 2011,2.55693,2.56217
Week 3,23 Aug 2011,2.54830,2.55386
Week 4,30 Aug 2011,2.48834,2.49454

Week 1,06 Sep 2011,2.46484,2.47031
Week 2,13 Sep 2011,2.44247,2.44788
Week 3,20 Sep 2011,2.46776,2.47355
Week 4,27 Sep 2011,2.49862,2.50402

Week 1,04 Oct 2011,2.48297,2.48890
Week 2,11 Oct 2011,2.51783,2.52323
Week 3,18 Oct 2011,2.55264,2.55777
Week 4,25 Oct 2011,2.47827,2.48371

Week 1,01 Nov 2011,2.44017,2.44489
Week 2,08 Nov 2011,2.43792,2.44386
Week 3,15 Nov 2011,2.44738,2.45187
Week 4,22 Nov 2011,2.49243,2.49709

Week 1,29 Nov 2011,2.46179,2.46736
Week 2,06 Dec 2011,2.45927,2.46390
Week 3,13 Dec 2011,2.45295,2.45706
Week 4,20 Dec 2011,2.46810,2.47327

Week 1,27 Dec 2011,2.46427,2.46989
Week 2,03 Jan 2012,2.41586,2.42138
Week 3,10 Jan 2012,2.36918,2.37312
Week 4,17 Jan 2012,2.35646,2.36071

Week 1,24 Jan 2012,2.35692,2.36094
Week 2,31 Jan 2012,2.31881,2.32294
Week 3,07 Feb 2012,2.31784,2.32206
Week 4,14 Feb 2012,2.31214,2.31619

Week 1,21 Feb 2012,2.33968,2.34381
Week 2,28 Feb 2012,2.34378,2.34777
Week 3,06 Mar 2012,2.34405,2.34819
Week 4,13 Mar 2012,2.35359,2.35765

Week 1,20 Mar 2012,2.38888,2.39296
Week 2,27 Mar 2012,2.37720,2.38103
Week 3,03 Apr 2012,2.35477,2.35867
Week 4,10 Apr 2012,2.35696,2.36050

Week 1,17 Apr 2012,2.35412,2.35792
Week 2,24 Apr 2012,2.34176,2.34606
Week 3,01 May 2012,2.31255,2.31622
Week 4,08 May 2012,2.30620,2.30979

Week 1,15 May 2012,2.32678,2.33034
Week 2,22 May 2012,2.32354,2.32713
Week 3,29 May 2012,2.30072,2.30425
Week 4,05 Jun 2012,2.29371,2.29754

Week 1,12 Jun 2012,2.28608,2.28978
Week 2,19 Jun 2012,2.27729,2.28089
Week 3,26 Jun 2012,2.27793,2.28209
Week 4,03 Jul 2012,2.25268,2.25626

Week 1,10 Jul 2012,2.22300,2.22632
Week 2,17 Jul 2012,2.20823,2.21163
Week 3,24 Jul 2012,2.21754,2.22113
Week 4,31 Jul 2012,2.20405,2.20752

Week 1,07 Aug 2012,2.19739,2.20114
Week 2,14 Aug 2012,2.21601,2.21994
Week 3,21 Aug 2012,2.24035,2.24397
Week 4,28 Aug 2012,2.27480,2.27779

Week 1,04 Sep 2012,2.29217,2.29459
Week 2,11 Sep 2012,2.33177,2.33431
Week 3,18 Sep 2012,2.33825,2.34080
Week 4,25 Sep 2012,2.31193,2.31453

Week 1,02 Oct 2012,2.33073,2.33353
Week 2,09 Oct 2012,2.34137,2.34412
Week 3,16 Oct 2012,2.34584,2.34914
Week 4,23 Oct 2012,2.33390,2.33672

Week 1,30 Oct 2012,2.31529,2.31804
Week 2,06 Nov 2012,2.27673,2.27960
Week 3,13 Nov 2012,2.29240,2.29516
Week 4,20 Nov 2012,2.31196,2.31454

Week 1,27 Nov 2012,2.32022,2.32300
Week 2,04 Dec 2012,2.32334,2.32625
Week 3,11 Dec 2012,2.32548,2.32826
Week 4,18 Dec 2012,2.35928,2.36209

Week 1,25 Dec 2012,2.36657,2.37013
Week 2,01 Jan 2013,2.34049,2.34351
Week 3,08 Jan 2013,2.33917,2.34207
Week 4,15 Jan 2013,2.35027,2.35315

Week 1,22 Jan 2013,2.36263,2.36532
Week 2,29 Jan 2013,2.38567,2.38825
Week 3,05 Feb 2013,2.37785,2.38037
Week 4,12 Feb 2013,2.36717,2.36987

Week 1,19 Feb 2013,2.36904,2.37142
Week 2,26 Feb 2013,2.35439,2.35717
Week 3,05 Mar 2013,2.34347,2.34580
Week 4,12 Mar 2013,2.35153,2.35458

Week 1,19 Mar 2013,2.34974,2.35250
Week 2,26 Mar 2013,2.32749,2.33029
Week 3,02 Apr 2013,2.32518,2.32783
Week 4,09 Apr 2013,2.33632,2.33962

Week 1,16 Apr 2013,2.34661,2.34948
Week 2,23 Apr 2013,2.34482,2.34819
Week 3,30 Apr 2013,2.35235,2.35533
Week 4,07 May 2013,2.34661,2.34975

Week 1,14 May 2013,2.35201,2.35482
Week 2,21 May 2013,2.38001,2.38364
Week 3,28 May 2013,2.41458,2.41818
Week 4,04 Jun 2013,2.47320,2.47650

Week 1,11 Jun 2013,2.49480,2.49854
Week 2,18 Jun 2013,2.52925,2.53303
Week 3,25 Jun 2013,2.52030,2.52400
Week 4,02 Jul 2013,2.51615,2.52030

Week 1,09 Jul 2013,2.52709,2.53118
Week 2,16 Jul 2013,2.52124,2.52450
Week 3,23 Jul 2013,2.53792,2.54095
Week 4,30 Jul 2013,2.55906,2.56238

Week 1,06 Aug 2013,2.56281,2.56613
Week 2,13 Aug 2013,2.57255,2.57554
Week 3,20 Aug 2013,2.63602,2.63916
Week 4,27 Aug 2013,2.69625,2.69985

Week 1,03 Sep 2013,2.69782,2.70135
Week 2,10 Sep 2013,2.68609,2.68958
Week 3,17 Sep 2013,2.66693,2.67066
Week 4,24 Sep 2013,2.71722,2.72026

Week 1,01 Oct 2013,2.71550,2.71870
Week 2,08 Oct 2013,2.68698,2.69081
Week 3,15 Oct 2013,2.68644,2.69018
Week 4,22 Oct 2013,2.72236,2.72549

Week 1,29 Oct 2013,2.72579,2.72895
Week 2,05 Nov 2013,2.72850,2.73230
Week 3,12 Nov 2013,2.74159,2.74424
Week 4,19 Nov 2013,2.71990,2.72274

Week 1,26 Nov 2013,2.73429,2.73750
Week 2,03 Dec 2013,2.77198,2.77562
Week 3,10 Dec 2013,2.79816,2.80194
Week 4,17 Dec 2013,2.82645,2.82983

Week 1,24 Dec 2013,2.89893,2.90328
Week 2,31 Dec 2013,2.95526,2.95953
Week 3,07 Jan 2014,2.95992,2.96337
Week 4,14 Jan 2014,2.99723,3.00148

Week 1,21 Jan 2014,3.10822,3.11205
Week 2,28 Jan 2014,3.07503,3.07999
Week 3,04 Feb 2014,3.02944,3.03508
Week 4,11 Feb 2014,2.99542,2.99941

Week 1,18 Feb 2014,3.00047,3.00450
Week 2,25 Feb 2014,3.03584,3.03988
Week 3,04 Mar 2014,3.04466,3.04861
Week 4,11 Mar 2014,3.08771,3.09164

Week 1,18 Mar 2014,3.08461,3.08882
Week 2,25 Mar 2014,3.03700,3.04047
Week 3,01 Apr 2014,2.92847,2.93288
Week 4,08 Apr 2014,2.91732,2.92108

Week 1,15 Apr 2014,2.93962,2.94405
Week 2,22 Apr 2014,2.95279,2.95548
Week 3,29 Apr 2014,2.92774,2.93111
Week 4,06 May 2014,2.88608,2.88904

Week 1,13 May 2014,2.85923,2.86165
Week 2,20 May 2014,2.85548,2.85946
Week 3,27 May 2014,2.85218,2.85565
Week 4,03 Jun 2014,2.85693,2.86016

Week 1,10 Jun 2014,2.85249,2.85601
Week 2,17 Jun 2014,2.90414,2.90830
Week 3,24 Jun 2014,2.90106,2.90413
Week 4,01 Jul 2014,2.90110,2.90422

Week 1,08 Jul 2014,2.88754,2.89092
Week 2,15 Jul 2014,2.87840,2.88190
Week 3,22 Jul 2014,2.82701,2.83021
Week 4,29 Jul 2014,2.84775,2.85123

Week 1,05 Aug 2014,2.87738,2.88062
Week 2,12 Aug 2014,2.88726,2.89091
Week 3,19 Aug 2014,2.88682,2.89069
Week 4,26 Aug 2014,2.85087,2.85404

Week 1,02 Sep 2014,2.81884,2.82158
Week 2,09 Sep 2014,2.84378,2.84684
Week 3,16 Sep 2014,2.86477,2.86796
Week 4,23 Sep 2014,2.87181,2.87464

Week 1,30 Sep 2014,2.87550,2.87854
Week 2,07 Oct 2014,2.87969,2.88289
Week 3,14 Oct 2014,2.87925,2.88227
Week 4,21 Oct 2014,2.84228,2.84548

Week 1,28 Oct 2014,2.80185,2.80488
Week 2,04 Nov 2014,2.79975,2.80252
Week 3,11 Nov 2014,2.79996,2.80306
Week 4,18 Nov 2014,2.77571,2.77871

Week 1,25 Nov 2014,2.76570,2.76813
Week 2,02 Dec 2014,2.76671,2.77041
Week 3,09 Dec 2014,2.82398,2.82728
Week 4,16 Dec 2014,2.87726,2.88069

Week 1,23 Dec 2014,2.82541,2.83172
Week 2,30 Dec 2014,2.81798,2.82262
Week 3,06 Jan 2015,2.74127,2.74481
Week 4,13 Jan 2015,2.69422,2.69812

Week 1,20 Jan 2015,2.67856,2.68230
Week 2,27 Jan 2015,2.70948,2.71339
Week 3,03 Feb 2015,2.77785,2.78421
Week 4,10 Feb 2015,2.80939,2.81408

Week 1,17 Feb 2015,2.78975,2.79580
Week 2,24 Feb 2015,2.80496,2.81147
Week 3,03 Mar 2015,2.83761,2.84361
Week 4,10 Mar 2015,2.78450,2.78871

Week 1,17 Mar 2015,2.77584,2.78072
Week 2,24 Mar 2015,2.81882,2.82350
Week 3,31 Mar 2015,2.81286,2.81790
Week 4,07 Apr 2015,2.79739,2.80288

Week 1,14 Apr 2015,2.86559,2.86949
Week 2,21 Apr 2015,2.91931,2.92444
Week 3,28 Apr 2015,2.97442,2.97996
Week 4,05 May 2015,3.02350,3.03258

Week 1,12 May 2015,2.97328,2.97772
Week 2,19 May 2015,2.88254,2.88848
Week 3,26 May 2015,2.89481,2.89831
Week 4,02 Jun 2015,2.97054,2.97688

Week 1,09 Jun 2015,3.07172,3.07925
Week 2,16 Jun 2015,3.06976,3.07342
Week 3,23 Jun 2015,2.99466,2.99829
Week 4,30 Jun 2015,2.98713,2.99265

Week 1,07 Jul 2015,2.96588,2.97042
Week 2,14 Jul 2015,2.89568,2.89995
Week 3,21 Jul 2015,2.96597,2.96902
Week 4,28 Jul 2015,3.04539,3.04903

Week 1,04 Aug 2015,3.03957,3.04250
Week 2,11 Aug 2015,3.10627,3.11050
Week 3,18 Aug 2015,3.25302,3.25721
Week 4,25 Aug 2015,3.31756,3.32273

Week 1,01 Sep 2015,3.31338,3.31824
Week 2,08 Sep 2015,3.40817,3.41325
Week 3,15 Sep 2015,3.41464,3.41947
Week 4,22 Sep 2015,3.39236,3.39863

Week 1,29 Sep 2015,3.38457,3.38899
Week 2,06 Oct 2015,3.31641,3.31985
Week 3,13 Oct 2015,3.31293,3.31793
Week 4,20 Oct 2015,3.24444,3.24859

Week 1,27 Oct 2015,3.20222,3.20561
Week 2,03 Nov 2015,3.12486,3.12739
Week 3,10 Nov 2015,3.10461,3.10774
Week 4,17 Nov 2015,3.04165,3.04746

Week 1,24 Nov 2015,3.07046,3.07526
Week 2,01 Dec 2015,3.10434,3.11107
Week 3,08 Dec 2015,3.20711,3.21239
Week 4,15 Dec 2015,3.20331,3.20842

Week 1,22 Dec 2015,3.19088,3.19705
Week 2,29 Dec 2015,3.17850,3.18267
Week 3,05 Jan 2016,3.24868,3.25363
Week 4,12 Jan 2016,3.30310,3.30854

Week 1,19 Jan 2016,3.28334,3.28700
Week 2,26 Jan 2016,3.23827,3.24428
Week 3,02 Feb 2016,3.23830,3.24256
Week 4,09 Feb 2016,3.29788,3.30292

Week 1,16 Feb 2016,3.29228,3.29728
Week 2,23 Feb 2016,3.24874,3.25379
Week 3,01 Mar 2016,3.19998,3.20356
Week 4,08 Mar 2016,3.20093,3.20452

Week 1,15 Mar 2016,3.21796,3.22154
Week 2,22 Mar 2016,3.21540,3.21883
Week 3,29 Mar 2016,3.21132,3.21522
Week 4,05 Apr 2016,3.23253,3.23678

Week 1,12 Apr 2016,3.22103,3.22596
Week 2,19 Apr 2016,3.20080,3.20549
Week 3,26 Apr 2016,3.19629,3.20117
Week 4,03 May 2016,3.30424,3.30719

Week 1,10 May 2016,3.35606,3.36083
Week 2,17 May 2016,3.35143,3.35465
Week 3,24 May 2016,3.29982,3.30288
Week 4,31 May 2016,3.29172,3.29497

Week 1,07 Jun 2016,3.29077,3.29701
Week 2,14 Jun 2016,3.29278,3.29866
Week 3,21 Jun 2016,3.26447,3.27262
Week 4,28 Jun 2016,3.21992,3.22567

Week 1,05 Jul 2016,3.22436,3.23323
Week 2,12 Jul 2016,3.23884,3.24818
Week 3,19 Jul 2016,3.34578,3.35446
Week 4,26 Jul 2016,3.33824,3.34422

Week 1,02 Aug 2016,3.34128,3.34623
Week 2,09 Aug 2016,3.30075,3.30718
Week 3,16 Aug 2016,3.30674,3.31282
Week 4,23 Aug 2016,3.31527,3.32273

Week 1,30 Aug 2016,3.29801,3.30330
Week 2,06 Sep 2016,3.30903,3.31376
Week 3,13 Sep 2016,3.33596,3.34148
Week 4,20 Sep 2016,3.31842,3.32347

Week 1,27 Sep 2016,3.35583,3.36134
Week 2,04 Oct 2016,3.40515,3.40961
Week 3,11 Oct 2016,3.40141,3.40731
Week 4,18 Oct 2016,3.36827,3.37530

Week 1,25 Oct 2016,3.37779,3.38315
Week 2,01 Nov 2016,3.46130,3.46678
Week 3,08 Nov 2016,3.51714,3.52730
Week 4,15 Nov 2016,3.55053,3.55763

Week 1,22 Nov 2016,3.61245,3.62118
Week 2,29 Nov 2016,3.68557,3.69552
Week 3,06 Dec 2016,3.69021,3.69823
Week 4,13 Dec 2016,3.67911,3.68863

Week 1,20 Dec 2016,3.66272,3.67295
Week 2,27 Dec 2016,3.68728,3.70045
Week 3,03 Jan 2017,3.77290,3.78388
Week 4,10 Jan 2017,3.98477,3.99224

Week 1,17 Jan 2017,4.03209,4.04145
Week 2,24 Jan 2017,4.09673,4.10687
Week 3,31 Jan 2017,4.03126,4.04244
Week 4,07 Feb 2017,3.94881,3.95937

Week 1,14 Feb 2017,3.87674,3.88641
Week 2,21 Feb 2017,3.80741,3.81404
Week 3,28 Feb 2017,3.87562,3.88458
Week 4,07 Mar 2017,3.94889,3.95927

Week 1,14 Mar 2017,3.93399,3.94355
Week 2,21 Mar 2017,3.90208,3.90799
Week 3,28 Mar 2017,3.90153,3.91040
Week 4,04 Apr 2017,3.92803,3.93650

Week 1,11 Apr 2017,3.92873,3.93959
Week 2,18 Apr 2017,3.90820,3.91777
Week 3,25 Apr 2017,3.88460,3.89131
Week 4,02 May 2017,3.87792,3.88379

Week 1,09 May 2017,3.90127,3.90949
Week 2,16 May 2017,3.96900,3.97652
Week 3,23 May 2017,3.99749,4.00386
Week 4,30 May 2017,3.96667,3.97229

Week 1,06 Jun 2017,3.96115,3.96746
Week 2,13 Jun 2017,3.92861,3.93376
Week 3,20 Jun 2017,3.92683,3.93183
Week 4,27 Jun 2017,3.98825,3.99403

Week 1,04 Jul 2017,4.08736,4.09287
Week 2,11 Jul 2017,4.08420,4.08897
Week 3,18 Jul 2017,4.08841,4.09272
Week 4,25 Jul 2017,4.14036,4.14678

Week 1,01 Aug 2017,4.16699,4.17173
Week 2,08 Aug 2017,4.16598,4.16978
Week 3,15 Aug 2017,4.13944,4.14501
Week 4,22 Aug 2017,4.11071,4.11604

Week 1,29 Aug 2017,4.09895,4.10469
Week 2,05 Sep 2017,4.09366,4.09900
Week 3,12 Sep 2017,4.10019,4.10453
Week 4,19 Sep 2017,4.17029,4.17638

Week 1,26 Sep 2017,4.20082,4.20454
Week 2,03 Oct 2017,4.21458,4.21945
Week 3,10 Oct 2017,4.32488,4.33018
Week 4,17 Oct 2017,4.31848,4.32275

Week 1,24 Oct 2017,4.40029,4.40467
Week 2,31 Oct 2017,4.45113,4.45561
Week 3,07 Nov 2017,4.49132,4.49606
Week 4,14 Nov 2017,4.55865,4.56327

Week 1,21 Nov 2017,4.65264,4.66128
Week 2,28 Nov 2017,4.66939,4.67415
Week 3,05 Dec 2017,4.58272,4.58656




