EUR->SAR

Week 1,15 Dec 1998,4.41708,4.42098
Week 2,22 Dec 1998,4.37273,4.37534
Week 3,29 Dec 1998,4.38926,4.39238
Week 4,05 Jan 1999,4.36929,4.37182

Week 1,12 Jan 1999,4.35262,4.35689
Week 2,19 Jan 1999,4.34586,4.35437
Week 3,26 Jan 1999,4.28690,4.29017
Week 4,02 Feb 1999,4.23424,4.23711

Week 1,09 Feb 1999,4.23382,4.23674
Week 2,16 Feb 1999,4.17490,4.17743
Week 3,23 Feb 1999,4.12946,4.13215
Week 4,02 Mar 1999,4.07312,4.07551

Week 1,09 Mar 1999,4.09165,4.09514
Week 2,16 Mar 1999,4.09536,4.09784
Week 3,23 Mar 1999,4.05924,4.06286
Week 4,30 Mar 1999,4.03803,4.04064

Week 1,06 Apr 1999,4.04923,4.05221
Week 2,13 Apr 1999,4.02247,4.02511
Week 3,20 Apr 1999,3.98210,3.98438
Week 4,27 Apr 1999,3.97691,3.97924

Week 1,04 May 1999,4.02184,4.02466
Week 2,11 May 1999,4.00263,4.00481
Week 3,18 May 1999,3.97973,3.98208
Week 4,25 May 1999,3.93333,3.93568

Week 1,01 Jun 1999,3.88456,3.88701
Week 2,08 Jun 1999,3.92615,3.92829
Week 3,15 Jun 1999,3.88738,3.88954
Week 4,22 Jun 1999,3.89371,3.89592

Week 1,29 Jun 1999,3.85552,3.85795
Week 2,06 Jul 1999,3.82269,3.82489
Week 3,13 Jul 1999,3.82027,3.82231
Week 4,20 Jul 1999,3.94024,3.94225

Week 1,27 Jul 1999,4.00286,4.00517
Week 2,03 Aug 1999,4.02088,4.02348
Week 3,10 Aug 1999,3.98728,3.98967
Week 4,17 Aug 1999,3.97605,3.97798

Week 1,24 Aug 1999,3.92777,3.92983
Week 2,31 Aug 1999,3.97929,3.98154
Week 3,07 Sep 1999,3.93010,3.93256
Week 4,14 Sep 1999,3.89745,3.89969

Week 1,21 Sep 1999,3.91835,3.92065
Week 2,28 Sep 1999,3.99372,3.99611
Week 3,05 Oct 1999,4.00047,4.00286
Week 4,12 Oct 1999,4.05667,4.05877

Week 1,19 Oct 1999,4.03356,4.03569
Week 2,26 Oct 1999,3.96080,3.96315
Week 3,02 Nov 1999,3.91750,3.91993
Week 4,09 Nov 1999,3.88591,3.88810

Week 1,16 Nov 1999,3.87578,3.87803
Week 2,23 Nov 1999,3.81994,3.82242
Week 3,30 Nov 1999,3.77384,3.77653
Week 4,07 Dec 1999,3.81592,3.81813

Week 1,14 Dec 1999,3.78747,3.78960
Week 2,21 Dec 1999,3.79233,3.79507
Week 3,28 Dec 1999,3.77444,3.77702
Week 4,04 Jan 2000,3.86093,3.86369

Week 1,11 Jan 2000,3.83369,3.83584
Week 2,18 Jan 2000,3.79335,3.79531
Week 3,25 Jan 2000,3.71148,3.71365
Week 4,01 Feb 2000,3.67416,3.67624

Week 1,08 Feb 2000,3.69957,3.70164
Week 2,15 Feb 2000,3.69124,3.69360
Week 3,22 Feb 2000,3.70175,3.70364
Week 4,29 Feb 2000,3.61714,3.61889

Week 1,07 Mar 2000,3.60791,3.60985
Week 2,14 Mar 2000,3.63560,3.63808
Week 3,21 Mar 2000,3.64289,3.64545
Week 4,28 Mar 2000,3.59134,3.59388

Week 1,04 Apr 2000,3.59217,3.59423
Week 2,11 Apr 2000,3.59826,3.60052
Week 3,18 Apr 2000,3.53363,3.53549
Week 4,25 Apr 2000,3.44291,3.44479

Week 1,02 May 2000,3.37575,3.37777
Week 2,09 May 2000,3.41303,3.41496
Week 3,16 May 2000,3.37119,3.37339
Week 4,23 May 2000,3.44447,3.44671

Week 1,30 May 2000,3.51509,3.51713
Week 2,06 Jun 2000,3.57828,3.58082
Week 3,13 Jun 2000,3.59939,3.60162
Week 4,20 Jun 2000,3.53838,3.54035

Week 1,27 Jun 2000,3.55460,3.55675
Week 2,04 Jul 2000,3.56204,3.56390
Week 3,11 Jul 2000,3.53610,3.53783
Week 4,18 Jul 2000,3.49787,3.49998

Week 1,25 Jul 2000,3.49067,3.49300
Week 2,01 Aug 2000,3.41942,3.42124
Week 3,08 Aug 2000,3.38923,3.39136
Week 4,15 Aug 2000,3.41268,3.41484

Week 1,22 Aug 2000,3.37911,3.38123
Week 2,29 Aug 2000,3.36235,3.36458
Week 3,05 Sep 2000,3.28616,3.28843
Week 4,12 Sep 2000,3.21692,3.21889

Week 1,19 Sep 2000,3.23677,3.23900
Week 2,26 Sep 2000,3.30024,3.30234
Week 3,03 Oct 2000,3.27342,3.28202
Week 4,10 Oct 2000,3.23416,3.23717

Week 1,17 Oct 2000,3.16791,3.17087
Week 2,24 Oct 2000,3.13317,3.13608
Week 3,31 Oct 2000,3.22103,3.22390
Week 4,07 Nov 2000,3.22749,3.23062

Week 1,14 Nov 2000,3.19791,3.20022
Week 2,21 Nov 2000,3.15671,3.15885
Week 3,28 Nov 2000,3.25405,3.25630
Week 4,05 Dec 2000,3.32428,3.32656

Week 1,12 Dec 2000,3.32693,3.32935
Week 2,19 Dec 2000,3.42002,3.42266
Week 3,26 Dec 2000,3.50438,3.50712
Week 4,02 Jan 2001,3.55769,3.56034

Week 1,09 Jan 2001,3.55586,3.55842
Week 2,16 Jan 2001,3.51774,3.52040
Week 3,23 Jan 2001,3.47880,3.48113
Week 4,30 Jan 2001,3.49663,3.49930

Week 1,06 Feb 2001,3.47741,3.47970
Week 2,13 Feb 2001,3.43767,3.44036
Week 3,20 Feb 2001,3.43125,3.43386
Week 4,27 Feb 2001,3.47543,3.47759

Week 1,06 Mar 2001,3.49449,3.49682
Week 2,13 Mar 2001,3.39883,3.40091
Week 3,20 Mar 2001,3.35395,3.35651
Week 4,27 Mar 2001,3.31306,3.31566

Week 1,03 Apr 2001,3.36403,3.36638
Week 2,10 Apr 2001,3.33617,3.33836
Week 3,17 Apr 2001,3.35133,3.35375
Week 4,24 Apr 2001,3.35398,3.35651

Week 1,01 May 2001,3.34393,3.34629
Week 2,08 May 2001,3.30382,3.30612
Week 3,15 May 2001,3.29979,3.30258
Week 4,22 May 2001,3.23294,3.23538

Week 1,29 May 2001,3.19285,3.19525
Week 2,05 Jun 2001,3.18683,3.18903
Week 3,12 Jun 2001,3.21369,3.21582
Week 4,19 Jun 2001,3.21203,3.21378

Week 1,26 Jun 2001,3.20107,3.20318
Week 2,03 Jul 2001,3.17154,3.17374
Week 3,10 Jul 2001,3.20323,3.20528
Week 4,17 Jul 2001,3.25228,3.25407

Week 1,24 Jul 2001,3.28510,3.28696
Week 2,31 Jul 2001,3.30285,3.30492
Week 3,07 Aug 2001,3.32808,3.33018
Week 4,14 Aug 2001,3.41552,3.41772

Week 1,21 Aug 2001,3.42854,3.43057
Week 2,28 Aug 2001,3.41861,3.42052
Week 3,04 Sep 2001,3.37416,3.37627
Week 4,11 Sep 2001,3.42199,3.42373

Week 1,18 Sep 2001,3.45389,3.45648
Week 2,25 Sep 2001,3.43328,3.43506
Week 3,02 Oct 2001,3.43943,3.44186
Week 4,09 Oct 2001,3.41609,3.41847

Week 1,16 Oct 2001,3.38592,3.38802
Week 2,23 Oct 2001,3.34599,3.34830
Week 3,30 Oct 2001,3.38501,3.38732
Week 4,06 Nov 2001,3.35664,3.35926

Week 1,13 Nov 2001,3.31690,3.31955
Week 2,20 Nov 2001,3.29506,3.29747
Week 3,27 Nov 2001,3.33616,3.33828
Week 4,04 Dec 2001,3.33989,3.34170

Week 1,11 Dec 2001,3.36607,3.36760
Week 2,18 Dec 2001,3.35719,3.35871
Week 3,25 Dec 2001,3.30866,3.31040
Week 4,01 Jan 2002,3.35792,3.36050

Week 1,08 Jan 2002,3.34587,3.34750
Week 2,15 Jan 2002,3.31748,3.31925
Week 3,22 Jan 2002,3.27794,3.27932
Week 4,29 Jan 2002,3.23057,3.23259

Week 1,05 Feb 2002,3.26486,3.26624
Week 2,12 Feb 2002,3.27650,3.27797
Week 3,19 Feb 2002,3.27476,3.27615
Week 4,26 Feb 2002,3.24747,3.24929

Week 1,05 Mar 2002,3.28033,3.28201
Week 2,12 Mar 2002,3.29712,3.29862
Week 3,19 Mar 2002,3.30118,3.30276
Week 4,26 Mar 2002,3.27384,3.27552

Week 1,02 Apr 2002,3.29673,3.29867
Week 2,09 Apr 2002,3.29759,3.29946
Week 3,16 Apr 2002,3.33091,3.33221
Week 4,23 Apr 2002,3.36091,3.36224

Week 1,30 Apr 2002,3.40970,3.41118
Week 2,07 May 2002,3.42213,3.42328
Week 3,14 May 2002,3.42841,3.42994
Week 4,21 May 2002,3.45418,3.45603

Week 1,28 May 2002,3.49249,3.49543
Week 2,04 Jun 2002,3.53372,3.53624
Week 3,11 Jun 2002,3.54377,3.54672
Week 4,18 Jun 2002,3.60488,3.60741

Week 1,25 Jun 2002,3.69239,3.69429
Week 2,02 Jul 2002,3.67380,3.67648
Week 3,09 Jul 2002,3.71513,3.71706
Week 4,16 Jul 2002,3.78716,3.78901

Week 1,23 Jul 2002,3.72616,3.72814
Week 2,30 Jul 2002,3.68883,3.69056
Week 3,06 Aug 2002,3.64147,3.64387
Week 4,13 Aug 2002,3.68346,3.68572

Week 1,20 Aug 2002,3.65500,3.65660
Week 2,27 Aug 2002,3.67678,3.67873
Week 3,03 Sep 2002,3.70136,3.70300
Week 4,10 Sep 2002,3.65435,3.65597

Week 1,17 Sep 2002,3.67132,3.67307
Week 2,24 Sep 2002,3.66774,3.67010
Week 3,01 Oct 2002,3.68671,3.68889
Week 4,08 Oct 2002,3.69562,3.69787

Week 1,15 Oct 2002,3.66281,3.66485
Week 2,22 Oct 2002,3.66054,3.66285
Week 3,29 Oct 2002,3.71320,3.71509
Week 4,05 Nov 2002,3.77717,3.77916

Week 1,12 Nov 2002,3.78289,3.78491
Week 2,19 Nov 2002,3.75177,3.75393
Week 3,26 Nov 2002,3.72380,3.72582
Week 4,03 Dec 2002,3.76204,3.76468

Week 1,10 Dec 2002,3.81099,3.81329
Week 2,17 Dec 2002,3.84899,3.85141
Week 3,24 Dec 2002,3.88654,3.88861
Week 4,31 Dec 2002,3.91598,3.91779

Week 1,07 Jan 2003,3.94077,3.94336
Week 2,14 Jan 2003,3.97759,3.97968
Week 3,21 Jan 2003,4.03850,4.04087
Week 4,28 Jan 2003,4.05156,4.05392

Week 1,04 Feb 2003,4.05731,4.05963
Week 2,11 Feb 2003,4.03662,4.03931
Week 3,18 Feb 2003,4.03054,4.03256
Week 4,25 Feb 2003,4.04324,4.04544

Week 1,04 Mar 2003,4.10943,4.11154
Week 2,11 Mar 2003,4.07912,4.08133
Week 3,18 Mar 2003,3.96814,3.97032
Week 4,25 Mar 2003,4.01819,4.02066

Week 1,01 Apr 2003,4.04697,4.04977
Week 2,08 Apr 2003,4.02818,4.03118
Week 3,15 Apr 2003,4.06932,4.07156
Week 4,22 Apr 2003,4.12195,4.12394

Week 1,29 Apr 2003,4.18696,4.18908
Week 2,06 May 2003,4.28990,4.29200
Week 3,13 May 2003,4.32374,4.32592
Week 4,20 May 2003,4.40299,4.40523

Week 1,27 May 2003,4.42585,4.42802
Week 2,03 Jun 2003,4.39522,4.39788
Week 3,10 Jun 2003,4.42003,4.42266
Week 4,17 Jun 2003,4.38214,4.38498

Week 1,24 Jun 2003,4.30215,4.30496
Week 2,01 Jul 2003,4.31424,4.31748
Week 3,08 Jul 2003,4.24383,4.24658
Week 4,15 Jul 2003,4.21397,4.21676

Week 1,22 Jul 2003,4.29402,4.29649
Week 2,29 Jul 2003,4.24989,4.25249
Week 3,05 Aug 2003,4.25096,4.25313
Week 4,12 Aug 2003,4.23069,4.23309

Week 1,19 Aug 2003,4.12195,4.12476
Week 2,26 Aug 2003,4.09469,4.09755
Week 3,02 Sep 2003,4.11710,4.11965
Week 4,09 Sep 2003,4.20974,4.21247

Week 1,16 Sep 2003,4.23955,4.24207
Week 2,23 Sep 2003,4.30192,4.30456
Week 3,30 Sep 2003,4.35937,4.36209
Week 4,07 Oct 2003,4.41506,4.41758

Week 1,14 Oct 2003,4.37473,4.37735
Week 2,21 Oct 2003,4.40246,4.40535
Week 3,28 Oct 2003,4.36403,4.36690
Week 4,04 Nov 2003,4.30329,4.30599

Week 1,11 Nov 2003,4.37682,4.37922
Week 2,18 Nov 2003,4.45598,4.45861
Week 3,25 Nov 2003,4.46456,4.46725
Week 4,02 Dec 2003,4.53760,4.54047

Week 1,09 Dec 2003,4.59225,4.59514
Week 2,16 Dec 2003,4.63888,4.64183
Week 3,23 Dec 2003,4.65946,4.66221
Week 4,30 Dec 2003,4.70930,4.71179

Week 1,06 Jan 2004,4.78252,4.78447
Week 2,13 Jan 2004,4.70622,4.70832
Week 3,20 Jan 2004,4.71523,4.71756
Week 4,27 Jan 2004,4.68161,4.68444

Week 1,03 Feb 2004,4.71702,4.71906
Week 2,10 Feb 2004,4.77939,4.78169
Week 3,17 Feb 2004,4.74294,4.74497
Week 4,24 Feb 2004,4.69418,4.69679

Week 1,02 Mar 2004,4.61423,4.61687
Week 2,09 Mar 2004,4.60559,4.60739
Week 3,16 Mar 2004,4.60668,4.60844
Week 4,23 Mar 2004,4.56877,4.57086

Week 1,30 Mar 2004,4.57102,4.57355
Week 2,06 Apr 2004,4.53242,4.53497
Week 3,13 Apr 2004,4.49676,4.49941
Week 4,20 Apr 2004,4.45190,4.45445

Week 1,27 Apr 2004,4.47759,4.48012
Week 2,04 May 2004,4.49402,4.49771
Week 3,11 May 2004,4.45044,4.45308
Week 4,18 May 2004,4.49274,4.49584

Week 1,25 May 2004,4.56082,4.56409
Week 2,01 Jun 2004,4.59063,4.59355
Week 3,08 Jun 2004,4.54248,4.54559
Week 4,15 Jun 2004,4.53692,4.54044

Week 1,22 Jun 2004,4.55008,4.55371
Week 2,29 Jun 2004,4.58264,4.58640
Week 3,06 Jul 2004,4.63590,4.63968
Week 4,13 Jul 2004,4.64895,4.65260

Week 1,20 Jul 2004,4.58305,4.58643
Week 2,27 Jul 2004,4.51963,4.52326
Week 3,03 Aug 2004,4.55747,4.56105
Week 4,10 Aug 2004,4.61085,4.61460

Week 1,17 Aug 2004,4.62533,4.62884
Week 2,24 Aug 2004,4.52363,4.52699
Week 3,31 Aug 2004,4.53931,4.54256
Week 4,07 Sep 2004,4.57040,4.57421

Week 1,14 Sep 2004,4.57122,4.57489
Week 2,21 Sep 2004,4.59783,4.60128
Week 3,28 Sep 2004,4.63615,4.63999
Week 4,05 Oct 2004,4.62721,4.63109

Week 1,12 Oct 2004,4.65228,4.65603
Week 2,19 Oct 2004,4.72766,4.73013
Week 3,26 Oct 2004,4.78893,4.79090
Week 4,02 Nov 2004,4.82343,4.82544

Week 1,09 Nov 2004,4.85086,4.85285
Week 2,16 Nov 2004,4.87454,4.87728
Week 3,23 Nov 2004,4.95037,4.95292
Week 4,30 Nov 2004,5.00984,5.01133

Week 1,07 Dec 2004,4.98868,4.99011
Week 2,14 Dec 2004,4.99147,4.99367
Week 3,21 Dec 2004,5.04877,5.05122
Week 4,28 Dec 2004,5.09577,5.09839

Week 1,04 Jan 2005,4.94562,4.94767
Week 2,11 Jan 2005,4.92730,4.92920
Week 3,18 Jan 2005,4.88287,4.88519
Week 4,25 Jan 2005,4.88852,4.89046

Week 1,01 Feb 2005,4.85584,4.85850
Week 2,08 Feb 2005,4.80991,4.81179
Week 3,15 Feb 2005,4.88929,4.89178
Week 4,22 Feb 2005,4.95271,4.95511

Week 1,01 Mar 2005,4.94944,4.95157
Week 2,08 Mar 2005,5.02151,5.02435
Week 3,15 Mar 2005,5.00438,5.00666
Week 4,22 Mar 2005,4.87698,4.87924

Week 1,29 Mar 2005,4.84094,4.84302
Week 2,05 Apr 2005,4.83319,4.83496
Week 3,12 Apr 2005,4.83723,4.83925
Week 4,19 Apr 2005,4.89815,4.89981

Week 1,26 Apr 2005,4.84252,4.84445
Week 2,03 May 2005,4.82727,4.82925
Week 3,10 May 2005,4.77079,4.77301
Week 4,17 May 2005,4.72473,4.72679

Week 1,24 May 2005,4.71368,4.71575
Week 2,31 May 2005,4.60222,4.60436
Week 3,07 Jun 2005,4.57125,4.57329
Week 4,14 Jun 2005,4.56530,4.56716

Week 1,21 Jun 2005,4.54067,4.54253
Week 2,28 Jun 2005,4.51177,4.51371
Week 3,05 Jul 2005,4.47750,4.47931
Week 4,12 Jul 2005,4.53163,4.53355

Week 1,19 Jul 2005,4.53258,4.53491
Week 2,26 Jul 2005,4.53568,4.53739
Week 3,02 Aug 2005,4.61493,4.61667
Week 4,09 Aug 2005,4.65380,4.65594

Week 1,16 Aug 2005,4.58824,4.59000
Week 2,23 Aug 2005,4.60069,4.60242
Week 3,30 Aug 2005,4.65429,4.65630
Week 4,06 Sep 2005,4.66350,4.66555

Week 1,13 Sep 2005,4.59423,4.59638
Week 2,20 Sep 2005,4.54093,4.54271
Week 3,27 Sep 2005,4.51403,4.51601
Week 4,04 Oct 2005,4.51902,4.52153

Week 1,11 Oct 2005,4.51967,4.52181
Week 2,18 Oct 2005,4.49176,4.49361
Week 3,25 Oct 2005,4.52494,4.52698
Week 4,01 Nov 2005,4.47494,4.47690

Week 1,08 Nov 2005,4.40477,4.40655
Week 2,15 Nov 2005,4.40146,4.40310
Week 3,22 Nov 2005,4.41139,4.41322
Week 4,29 Nov 2005,4.40521,4.40724

Week 1,06 Dec 2005,4.41107,4.41310
Week 2,13 Dec 2005,4.47800,4.48004
Week 3,20 Dec 2005,4.46833,4.47044
Week 4,27 Dec 2005,4.44413,4.44645

Week 1,03 Jan 2006,4.50313,4.50590
Week 2,10 Jan 2006,4.53792,4.54005
Week 3,17 Jan 2006,4.54132,4.54327
Week 4,24 Jan 2006,4.57647,4.57762

Week 1,31 Jan 2006,4.52702,4.52851
Week 2,07 Feb 2006,4.48292,4.48496
Week 3,14 Feb 2006,4.46428,4.46633
Week 4,21 Feb 2006,4.46441,4.46646

Week 1,28 Feb 2006,4.48444,4.48564
Week 2,07 Mar 2006,4.47470,4.47674
Week 3,14 Mar 2006,4.52984,4.53188
Week 4,21 Mar 2006,4.52554,4.52760

Week 1,28 Mar 2006,4.52739,4.52941
Week 2,04 Apr 2006,4.56202,4.56404
Week 3,11 Apr 2006,4.54192,4.54400
Week 4,18 Apr 2006,4.61517,4.61725

Week 1,25 Apr 2006,4.68559,4.68766
Week 2,02 May 2006,4.74841,4.75051
Week 3,09 May 2006,4.80287,4.80473
Week 4,16 May 2006,4.79992,4.80200

Week 1,23 May 2006,4.79075,4.79283
Week 2,30 May 2006,4.81489,4.81699
Week 3,06 Jun 2006,4.78287,4.78413
Week 4,13 Jun 2006,4.72948,4.73154

Week 1,20 Jun 2006,4.71252,4.71459
Week 2,27 Jun 2006,4.74312,4.74519
Week 3,04 Jul 2006,4.79471,4.79678
Week 4,11 Jul 2006,4.76328,4.76535

Week 1,18 Jul 2006,4.72898,4.73018
Week 2,25 Jul 2006,4.75803,4.75910
Week 3,01 Aug 2006,4.80408,4.80611
Week 4,08 Aug 2006,4.79880,4.80146

Week 1,15 Aug 2006,4.79960,4.80241
Week 2,22 Aug 2006,4.79830,4.80111
Week 3,29 Aug 2006,4.80620,4.80901
Week 4,05 Sep 2006,4.78481,4.78758

Week 1,12 Sep 2006,4.75655,4.75931
Week 2,19 Sep 2006,4.77411,4.77686
Week 3,26 Sep 2006,4.76424,4.76701
Week 4,03 Oct 2006,4.75184,4.75403

Week 1,10 Oct 2006,4.70367,4.70643
Week 2,17 Oct 2006,4.71143,4.71418
Week 3,24 Oct 2006,4.73823,4.74097
Week 4,31 Oct 2006,4.77494,4.77766

Week 1,07 Nov 2006,4.79732,4.80003
Week 2,14 Nov 2006,4.80650,4.80925
Week 3,21 Nov 2006,4.85719,4.85996
Week 4,28 Nov 2006,4.95914,4.96191

Week 1,05 Dec 2006,4.97777,4.98057
Week 2,12 Dec 2006,4.93768,4.94049
Week 3,19 Dec 2006,4.93044,4.93328
Week 4,26 Dec 2006,4.93267,4.93618

Week 1,02 Jan 2007,4.92227,4.92581
Week 2,09 Jan 2007,4.85858,4.86135
Week 3,16 Jan 2007,4.85515,4.85810
Week 4,23 Jan 2007,4.85721,4.85991

Week 1,30 Jan 2007,4.86437,4.86704
Week 2,06 Feb 2007,4.87032,4.87300
Week 3,13 Feb 2007,4.90614,4.90883
Week 4,20 Feb 2007,4.92926,4.93193

Week 1,27 Feb 2007,4.94729,4.94901
Week 2,06 Mar 2007,4.92101,4.92368
Week 3,13 Mar 2007,4.96307,4.96580
Week 4,20 Mar 2007,4.98921,4.99192

Week 1,27 Mar 2007,4.99884,5.00154
Week 2,03 Apr 2007,5.01446,5.01732
Week 3,10 Apr 2007,5.04770,5.05049
Week 4,17 Apr 2007,5.09252,5.09527

Week 1,24 Apr 2007,5.10727,5.11003
Week 2,01 May 2007,5.09908,5.10183
Week 3,08 May 2007,5.07737,5.08011
Week 4,15 May 2007,5.07256,5.07530

Week 1,22 May 2007,5.04375,5.04649
Week 2,29 May 2007,5.04217,5.04492
Week 3,05 Jun 2007,5.04072,5.04346
Week 4,12 Jun 2007,5.00329,5.00603

Week 1,19 Jun 2007,5.03400,5.03694
Week 2,26 Jun 2007,5.05563,5.05837
Week 3,03 Jul 2007,5.10361,5.10637
Week 4,10 Jul 2007,5.15038,5.15313

Week 1,17 Jul 2007,5.17586,5.17861
Week 2,24 Jul 2007,5.14742,5.15024
Week 3,31 Jul 2007,5.14031,5.14313
Week 4,07 Aug 2007,5.15211,5.15486

Week 1,14 Aug 2007,5.06592,5.06866
Week 2,21 Aug 2007,5.08692,5.08968
Week 3,28 Aug 2007,5.11461,5.11737
Week 4,04 Sep 2007,5.12946,5.13221

Week 1,11 Sep 2007,5.19428,5.19706
Week 2,18 Sep 2007,5.23739,5.24767
Week 3,25 Sep 2007,5.28878,5.30505
Week 4,02 Oct 2007,5.28415,5.30283

Week 1,09 Oct 2007,5.27446,5.29299
Week 2,16 Oct 2007,5.31207,5.33077
Week 3,23 Oct 2007,5.34044,5.35798
Week 4,30 Oct 2007,5.40118,5.41348

Week 1,06 Nov 2007,5.45861,5.47621
Week 2,13 Nov 2007,5.45873,5.47635
Week 3,20 Nov 2007,5.49181,5.51340
Week 4,27 Nov 2007,5.47063,5.49078

Week 1,04 Dec 2007,5.46923,5.49086
Week 2,11 Dec 2007,5.45021,5.47071
Week 3,18 Dec 2007,5.38920,5.40946
Week 4,25 Dec 2007,5.44929,5.47426

Week 1,01 Jan 2008,5.50336,5.52779
Week 2,08 Jan 2008,5.51893,5.53712
Week 3,15 Jan 2008,5.51215,5.52989
Week 4,22 Jan 2008,5.47519,5.49287

Week 1,29 Jan 2008,5.53986,5.55681
Week 2,05 Feb 2008,5.47054,5.48786
Week 3,12 Feb 2008,5.47088,5.48731
Week 4,19 Feb 2008,5.52495,5.54222

Week 1,26 Feb 2008,5.63237,5.65023
Week 2,04 Mar 2008,5.72231,5.74041
Week 3,11 Mar 2008,5.80897,5.82784
Week 4,18 Mar 2008,5.83133,5.84881

Week 1,25 Mar 2008,5.87274,5.89250
Week 2,01 Apr 2008,5.87899,5.89845
Week 3,08 Apr 2008,5.90552,5.92496
Week 4,15 Apr 2008,5.93280,5.95179

Week 1,22 Apr 2008,5.90913,5.92804
Week 2,29 Apr 2008,5.81479,5.83354
Week 3,06 May 2008,5.79022,5.80885
Week 4,13 May 2008,5.80846,5.82721

Week 1,20 May 2008,5.87791,5.89770
Week 2,27 May 2008,5.85203,5.87180
Week 3,03 Jun 2008,5.83986,5.85470
Week 4,10 Jun 2008,5.79779,5.81726

Week 1,17 Jun 2008,5.81608,5.83568
Week 2,24 Jun 2008,5.86891,5.88746
Week 3,01 Jul 2008,5.90087,5.91957
Week 4,08 Jul 2008,5.91141,5.93027

Week 1,15 Jul 2008,5.94254,5.96157
Week 2,22 Jul 2008,5.90008,5.91890
Week 3,29 Jul 2008,5.84419,5.86342
Week 4,05 Aug 2008,5.73337,5.74987

Week 1,12 Aug 2008,5.55312,5.56912
Week 2,19 Aug 2008,5.53483,5.54611
Week 3,26 Aug 2008,5.50850,5.52444
Week 4,02 Sep 2008,5.39881,5.41582

Week 1,09 Sep 2008,5.29572,5.31305
Week 2,16 Sep 2008,5.36733,5.38560
Week 3,23 Sep 2008,5.49054,5.50820
Week 4,30 Sep 2008,5.26321,5.27917

Week 1,07 Oct 2008,5.09036,5.10250
Week 2,14 Oct 2008,5.06526,5.08358
Week 3,21 Oct 2008,4.83753,4.84962
Week 4,28 Oct 2008,4.76476,4.77694

Week 1,04 Nov 2008,4.79466,4.80575
Week 2,11 Nov 2008,4.73723,4.74928
Week 3,18 Nov 2008,4.71527,4.72759
Week 4,25 Nov 2008,4.80159,4.81271

Week 1,02 Dec 2008,4.75559,4.77190
Week 2,09 Dec 2008,4.92395,4.93279
Week 3,16 Dec 2008,5.23364,5.24229
Week 4,23 Dec 2008,5.24793,5.26111

Week 1,30 Dec 2008,5.25055,5.26467
Week 2,06 Jan 2009,5.09076,5.09991
Week 3,13 Jan 2009,4.96692,4.98084
Week 4,20 Jan 2009,4.87254,4.88223

Week 1,27 Jan 2009,4.87328,4.88137
Week 2,03 Feb 2009,4.82522,4.83508
Week 3,10 Feb 2009,4.83343,4.84179
Week 4,17 Feb 2009,4.75934,4.77205

Week 1,24 Feb 2009,4.77157,4.78453
Week 2,03 Mar 2009,4.72073,4.73498
Week 3,10 Mar 2009,4.79369,4.80832
Week 4,17 Mar 2009,4.99472,5.00845

Week 1,24 Mar 2009,5.04637,5.06082
Week 2,31 Mar 2009,4.99908,5.01358
Week 3,07 Apr 2009,4.96619,4.97919
Week 4,14 Apr 2009,4.92995,4.94403

Week 1,21 Apr 2009,4.90262,4.91195
Week 2,28 Apr 2009,4.94860,4.96085
Week 3,05 May 2009,5.02936,5.04510
Week 4,12 May 2009,5.08519,5.09874

Week 1,19 May 2009,5.16305,5.17620
Week 2,26 May 2009,5.24961,5.26386
Week 3,02 Jun 2009,5.28702,5.30208
Week 4,09 Jun 2009,5.24535,5.25946

Week 1,16 Jun 2009,5.20900,5.22195
Week 2,23 Jun 2009,5.24432,5.25619
Week 3,30 Jun 2009,5.25777,5.26917
Week 4,07 Jul 2009,5.22298,5.23422

Week 1,14 Jul 2009,5.26428,5.27807
Week 2,21 Jul 2009,5.32130,5.33313
Week 3,28 Jul 2009,5.31406,5.32728
Week 4,04 Aug 2009,5.36105,5.37350

Week 1,11 Aug 2009,5.31993,5.33216
Week 2,18 Aug 2009,5.32755,5.33982
Week 3,25 Aug 2009,5.35738,5.37073
Week 4,01 Sep 2009,5.34896,5.36225

Week 1,08 Sep 2009,5.43591,5.44821
Week 2,15 Sep 2009,5.49873,5.51088
Week 3,22 Sep 2009,5.51171,5.52463
Week 4,29 Sep 2009,5.46672,5.47897

Week 1,06 Oct 2009,5.51059,5.52419
Week 2,13 Oct 2009,5.57009,5.58302
Week 3,20 Oct 2009,5.61396,5.62116
Week 4,27 Oct 2009,5.54743,5.55660

Week 1,03 Nov 2009,5.55067,5.55913
Week 2,10 Nov 2009,5.59844,5.60601
Week 3,17 Nov 2009,5.58520,5.59268
Week 4,24 Nov 2009,5.61517,5.62714

Week 1,01 Dec 2009,5.61843,5.63003
Week 2,08 Dec 2009,5.51697,5.52453
Week 3,15 Dec 2009,5.41698,5.42979
Week 4,22 Dec 2009,5.37610,5.38578

Week 1,29 Dec 2009,5.37842,5.39056
Week 2,05 Jan 2010,5.38702,5.39826
Week 3,12 Jan 2010,5.40728,5.43556
Week 4,19 Jan 2010,5.32012,5.32808

Week 1,26 Jan 2010,5.24451,5.25474
Week 2,02 Feb 2010,5.17482,5.18527
Week 3,09 Feb 2010,5.12612,5.13658
Week 4,16 Feb 2010,5.09645,5.11733

Week 1,23 Feb 2010,5.08377,5.10545
Week 2,02 Mar 2010,5.09380,5.11297
Week 3,09 Mar 2010,5.12505,5.13976
Week 4,16 Mar 2010,5.10548,5.12470

Week 1,23 Mar 2010,5.02222,5.04180
Week 2,30 Mar 2010,5.05864,5.07230
Week 3,06 Apr 2010,5.03285,5.04511
Week 4,13 Apr 2010,5.07556,5.09610

Week 1,20 Apr 2010,5.01597,5.02952
Week 2,27 Apr 2010,4.97004,4.99018
Week 3,04 May 2010,4.82227,4.84240
Week 4,11 May 2010,4.70433,4.72837

Week 1,18 May 2010,4.65344,4.67399
Week 2,25 May 2010,4.60144,4.62880
Week 3,01 Jun 2010,4.54452,4.56434
Week 4,08 Jun 2010,4.50547,4.52525

Week 1,15 Jun 2010,4.61462,4.63210
Week 2,22 Jun 2010,4.61415,4.63416
Week 3,29 Jun 2010,4.64189,4.66095
Week 4,06 Jul 2010,4.72248,4.74288

Week 1,13 Jul 2010,4.78848,4.80881
Week 2,20 Jul 2010,4.82557,4.84575
Week 3,27 Jul 2010,4.87426,4.89312
Week 4,03 Aug 2010,4.94491,4.96495

Week 1,10 Aug 2010,4.84277,4.86026
Week 2,17 Aug 2010,4.78725,4.80670
Week 3,24 Aug 2010,4.75465,4.77648
Week 4,31 Aug 2010,4.79075,4.81181

Week 1,07 Sep 2010,4.76495,4.78597
Week 2,14 Sep 2010,4.86575,4.88265
Week 3,21 Sep 2010,4.98981,5.01027
Week 4,28 Sep 2010,5.10605,5.12795

Week 1,05 Oct 2010,5.19231,5.21229
Week 2,12 Oct 2010,5.23024,5.24959
Week 3,19 Oct 2010,5.21132,5.23095
Week 4,26 Oct 2010,5.21148,5.22222

Week 1,02 Nov 2010,5.26219,5.27297
Week 2,09 Nov 2010,5.15839,5.16894
Week 3,16 Nov 2010,5.10272,5.11323
Week 4,23 Nov 2010,5.01505,5.02533

Week 1,30 Nov 2010,4.95409,4.96448
Week 2,07 Dec 2010,4.96917,4.97945
Week 3,14 Dec 2010,4.96913,4.97939
Week 4,21 Dec 2010,4.91733,4.92770

Week 1,28 Dec 2010,4.96731,4.97836
Week 2,04 Jan 2011,4.91358,4.92369
Week 3,11 Jan 2011,4.93459,4.94489
Week 4,18 Jan 2011,5.04886,5.05938

Week 1,25 Jan 2011,5.11414,5.12468
Week 2,01 Feb 2011,5.12408,5.13454
Week 3,08 Feb 2011,5.09447,5.10491
Week 4,15 Feb 2011,5.09099,5.10173

Week 1,22 Feb 2011,5.14404,5.15479
Week 2,01 Mar 2011,5.20433,5.21593
Week 3,08 Mar 2011,5.20883,5.21954
Week 4,15 Mar 2011,5.26009,5.27115

Week 1,22 Mar 2011,5.29883,5.30966
Week 2,29 Mar 2011,5.30228,5.31318
Week 3,05 Apr 2011,5.37459,5.37900
Week 4,12 Apr 2011,5.41763,5.42117

Week 1,19 Apr 2011,5.42550,5.42910
Week 2,26 Apr 2011,5.52355,5.52734
Week 3,03 May 2011,5.48372,5.48727
Week 4,10 May 2011,5.34061,5.34411

Week 1,17 May 2011,5.32364,5.32715
Week 2,24 May 2011,5.31320,5.31671
Week 3,31 May 2011,5.42373,5.42728
Week 4,07 Jun 2011,5.44267,5.44621

Week 1,14 Jun 2011,5.36248,5.36603
Week 2,21 Jun 2011,5.34886,5.35238
Week 3,28 Jun 2011,5.40576,5.40927
Week 4,05 Jul 2011,5.38398,5.38840

Week 1,12 Jul 2011,5.29287,5.29641
Week 2,19 Jul 2011,5.34453,5.34804
Week 3,26 Jul 2011,5.39580,5.39935
Week 4,02 Aug 2011,5.34544,5.35067

Week 1,09 Aug 2011,5.34131,5.34534
Week 2,16 Aug 2011,5.39224,5.39580
Week 3,23 Aug 2011,5.41187,5.41549
Week 4,30 Aug 2011,5.37526,5.37879

Week 1,06 Sep 2011,5.21593,5.21947
Week 2,13 Sep 2011,5.15010,5.15368
Week 3,20 Sep 2011,5.08934,5.09347
Week 4,27 Sep 2011,5.06065,5.06406

Week 1,04 Oct 2011,5.00222,5.00564
Week 2,11 Oct 2011,5.15317,5.15662
Week 3,18 Oct 2011,5.17765,5.18114
Week 4,25 Oct 2011,5.25949,5.26300

Week 1,01 Nov 2011,5.17516,5.17869
Week 2,08 Nov 2011,5.14106,5.14451
Week 3,15 Nov 2011,5.07809,5.08147
Week 4,22 Nov 2011,5.01116,5.01455

Week 1,29 Nov 2011,5.02017,5.02357
Week 2,06 Dec 2011,5.01991,5.02330
Week 3,13 Dec 2011,4.90496,4.90829
Week 4,20 Dec 2011,4.89256,4.89595

Week 1,27 Dec 2011,4.87085,4.87498
Week 2,03 Jan 2012,4.82102,4.82450
Week 3,10 Jan 2012,4.77321,4.77653
Week 4,17 Jan 2012,4.81292,4.81627

Week 1,24 Jan 2012,4.90930,4.91268
Week 2,31 Jan 2012,4.92824,4.93167
Week 3,07 Feb 2012,4.94918,4.95256
Week 4,14 Feb 2012,4.92691,4.93052

Week 1,21 Feb 2012,4.99688,5.00025
Week 2,28 Feb 2012,4.99582,4.99915
Week 3,06 Mar 2012,4.93604,4.93936
Week 4,13 Mar 2012,4.91735,4.92074

Week 1,20 Mar 2012,4.96065,4.96399
Week 2,27 Mar 2012,4.99599,4.99937
Week 3,03 Apr 2012,4.93814,4.94152
Week 4,10 Apr 2012,4.91266,4.91601

Week 1,17 Apr 2012,4.92775,4.93144
Week 2,24 Apr 2012,4.95336,4.95678
Week 3,01 May 2012,4.93289,4.93629
Week 4,08 May 2012,4.85901,4.86232

Week 1,15 May 2012,4.78618,4.78995
Week 2,22 May 2012,4.73134,4.73470
Week 3,29 May 2012,4.66660,4.67009
Week 4,05 Jun 2012,4.68849,4.69253

Week 1,12 Jun 2012,4.71814,4.72139
Week 2,19 Jun 2012,4.72924,4.73258
Week 3,26 Jun 2012,4.70551,4.70875
Week 4,03 Jul 2012,4.66779,4.67305

Week 1,10 Jul 2012,4.59219,4.59750
Week 2,17 Jul 2012,4.58356,4.58889
Week 3,24 Jul 2012,4.57551,4.58181
Week 4,31 Jul 2012,4.61030,4.61567

Week 1,07 Aug 2012,4.62478,4.63005
Week 2,14 Aug 2012,4.61986,4.62521
Week 3,21 Aug 2012,4.67581,4.68128
Week 4,28 Aug 2012,4.70197,4.70746

Week 1,04 Sep 2012,4.74801,4.75357
Week 2,11 Sep 2012,4.85676,4.86240
Week 3,18 Sep 2012,4.88183,4.88742
Week 4,25 Sep 2012,4.83177,4.83736

Week 1,02 Oct 2012,4.85830,4.86396
Week 2,09 Oct 2012,4.84787,4.85349
Week 3,16 Oct 2012,4.88579,4.89139
Week 4,23 Oct 2012,4.86272,4.86827

Week 1,30 Oct 2012,4.83711,4.84271
Week 2,06 Nov 2012,4.78251,4.78805
Week 3,13 Nov 2012,4.77230,4.77779
Week 4,20 Nov 2012,4.82395,4.82938

Week 1,27 Nov 2012,4.86034,4.86709
Week 2,04 Dec 2012,4.87429,4.87983
Week 3,11 Dec 2012,4.89435,4.89991
Week 4,18 Dec 2012,4.94793,4.95326

Week 1,25 Dec 2012,4.95190,4.95736
Week 2,01 Jan 2013,4.92314,4.92849
Week 3,08 Jan 2013,4.94380,4.94917
Week 4,15 Jan 2013,4.99756,5.00296

Week 1,22 Jan 2013,5.01352,5.01890
Week 2,29 Jan 2013,5.08228,5.08783
Week 3,05 Feb 2013,5.04824,5.05454
Week 4,12 Feb 2013,5.01814,5.02385

Week 1,19 Feb 2013,4.97392,4.97956
Week 2,26 Feb 2013,4.90283,4.90831
Week 3,05 Mar 2013,4.88248,4.88793
Week 4,12 Mar 2013,4.88299,4.88846

Week 1,19 Mar 2013,4.85137,4.85698
Week 2,26 Mar 2013,4.81354,4.81909
Week 3,02 Apr 2013,4.83299,4.83933
Week 4,09 Apr 2013,4.90133,4.90728

Week 1,16 Apr 2013,4.90095,4.90677
Week 2,23 Apr 2013,4.88267,4.88881
Week 3,30 Apr 2013,4.91681,4.92242
Week 4,07 May 2013,4.89557,4.90160

Week 1,14 May 2013,4.83332,4.83892
Week 2,21 May 2013,4.83625,4.84226
Week 3,28 May 2013,4.85936,4.86196
Week 4,04 Jun 2013,4.92741,4.92987

Week 1,11 Jun 2013,4.99044,4.99316
Week 2,18 Jun 2013,4.96890,4.97170
Week 3,25 Jun 2013,4.89310,4.89555
Week 4,02 Jul 2013,4.85005,4.85294

Week 1,09 Jul 2013,4.86199,4.86468
Week 2,16 Jul 2013,4.91745,4.92020
Week 3,23 Jul 2013,4.96181,4.96453
Week 4,30 Jul 2013,4.97347,4.97624

Week 1,06 Aug 2013,4.99503,4.99851
Week 2,13 Aug 2013,4.98828,4.99119
Week 3,20 Aug 2013,5.01200,5.01495
Week 4,27 Aug 2013,4.98487,4.98741

Week 1,03 Sep 2013,4.94051,4.94297
Week 2,10 Sep 2013,4.97716,4.97973
Week 3,17 Sep 2013,5.04492,5.04759
Week 4,24 Sep 2013,5.06461,5.06691

Week 1,01 Oct 2013,5.08333,5.08591
Week 2,08 Oct 2013,5.07905,5.08243
Week 3,15 Oct 2013,5.10315,5.10591
Week 4,22 Oct 2013,5.16164,5.16386

Week 1,29 Oct 2013,5.11527,5.11728
Week 2,05 Nov 2013,5.03992,5.04351
Week 3,12 Nov 2013,5.04285,5.04484
Week 4,19 Nov 2013,5.06698,5.06917

Week 1,26 Nov 2013,5.09026,5.09248
Week 2,03 Dec 2013,5.11103,5.11351
Week 3,10 Dec 2013,5.15497,5.15787
Week 4,17 Dec 2013,5.13967,5.14215

Week 1,24 Dec 2013,5.14134,5.14478
Week 2,31 Dec 2013,5.13573,5.13815
Week 3,07 Jan 2014,5.10944,5.11166
Week 4,14 Jan 2014,5.10204,5.10414

Week 1,21 Jan 2014,5.10454,5.10692
Week 2,28 Jan 2014,5.09488,5.09765
Week 3,04 Feb 2014,5.08576,5.08823
Week 4,11 Feb 2014,5.12181,5.12415

Week 1,18 Feb 2014,5.14781,5.15055
Week 2,25 Feb 2014,5.15511,5.15753
Week 3,04 Mar 2014,5.17649,5.17884
Week 4,11 Mar 2014,5.20839,5.21106

Week 1,18 Mar 2014,5.19148,5.19344
Week 2,25 Mar 2014,5.16599,5.16782
Week 3,01 Apr 2014,5.15344,5.15548
Week 4,08 Apr 2014,5.18606,5.18808

Week 1,15 Apr 2014,5.18163,5.18474
Week 2,22 Apr 2014,5.18267,5.18505
Week 3,29 Apr 2014,5.19524,5.19897
Week 4,06 May 2014,5.19153,5.19562

Week 1,13 May 2014,5.14274,5.14485
Week 2,20 May 2014,5.12421,5.12743
Week 3,27 May 2014,5.10924,5.11176
Week 4,03 Jun 2014,5.10954,5.11160

Week 1,10 Jun 2014,5.08354,5.08614
Week 2,17 Jun 2014,5.09302,5.09551
Week 3,24 Jun 2014,5.10751,5.11098
Week 4,01 Jul 2014,5.11246,5.11462

Week 1,08 Jul 2014,5.10250,5.10523
Week 2,15 Jul 2014,5.08121,5.08349
Week 3,22 Jul 2014,5.04944,5.05151
Week 4,29 Jul 2014,5.03086,5.03304

Week 1,05 Aug 2014,5.02278,5.02489
Week 2,12 Aug 2014,5.01757,5.02000
Week 3,19 Aug 2014,4.98320,4.98651
Week 4,26 Aug 2014,4.93833,4.94146

Week 1,02 Sep 2014,4.89171,4.89389
Week 2,09 Sep 2014,4.85018,4.85252
Week 3,16 Sep 2014,4.83502,4.83737
Week 4,23 Sep 2014,4.78802,4.79062

Week 1,30 Sep 2014,4.72703,4.72911
Week 2,07 Oct 2014,4.74176,4.74391
Week 3,14 Oct 2014,4.77662,4.78013
Week 4,21 Oct 2014,4.76232,4.76626

Week 1,28 Oct 2014,4.73467,4.73724
Week 2,04 Nov 2014,4.67740,4.68138
Week 3,11 Nov 2014,4.67853,4.68355
Week 4,18 Nov 2014,4.67915,4.68339

Week 1,25 Nov 2014,4.67114,4.67481
Week 2,02 Dec 2014,4.63622,4.64056
Week 3,09 Dec 2014,4.65243,4.65600
Week 4,16 Dec 2014,4.63289,4.63629

Week 1,23 Dec 2014,4.57718,4.58189
Week 2,30 Dec 2014,4.53536,4.54255
Week 3,06 Jan 2015,4.45083,4.45483
Week 4,13 Jan 2015,4.38721,4.39440

Week 1,20 Jan 2015,4.29137,4.29771
Week 2,27 Jan 2015,4.24155,4.24853
Week 3,03 Feb 2015,4.26525,4.27155
Week 4,10 Feb 2015,4.25713,4.26365

Week 1,17 Feb 2015,4.26732,4.27248
Week 2,24 Feb 2015,4.22748,4.23265
Week 3,03 Mar 2015,4.13456,4.13922
Week 4,10 Mar 2015,3.98450,3.98879

Week 1,17 Mar 2015,4.00877,4.01317
Week 2,24 Mar 2015,4.08990,4.09426
Week 3,31 Mar 2015,4.07355,4.07927
Week 4,07 Apr 2015,4.03151,4.03641

Week 1,14 Apr 2015,4.01186,4.01625
Week 2,21 Apr 2015,4.04582,4.05073
Week 3,28 Apr 2015,4.15450,4.15864
Week 4,05 May 2015,4.20457,4.20917

Week 1,12 May 2015,4.24762,4.25126
Week 2,19 May 2015,4.17608,4.18002
Week 3,26 May 2015,4.10484,4.10877
Week 4,02 Jun 2015,4.16726,4.17208

Week 1,09 Jun 2015,4.21916,4.22407
Week 2,16 Jun 2015,4.24011,4.24428
Week 3,23 Jun 2015,4.20480,4.20984
Week 4,30 Jun 2015,4.16342,4.17128

Week 1,07 Jul 2015,4.15275,4.15789
Week 2,14 Jul 2015,4.09813,4.10179
Week 3,21 Jul 2015,4.09747,4.10285
Week 4,28 Jul 2015,4.12660,4.13004

Week 1,04 Aug 2015,4.10010,4.10393
Week 2,11 Aug 2015,4.15460,4.16270
Week 3,18 Aug 2015,4.19817,4.20653
Week 4,25 Aug 2015,4.24956,4.25575

Week 1,01 Sep 2015,4.19564,4.20252
Week 2,08 Sep 2015,4.21245,4.22079
Week 3,15 Sep 2015,4.24116,4.24760
Week 4,22 Sep 2015,4.19536,4.20169

Week 1,29 Sep 2015,4.20067,4.20620
Week 2,06 Oct 2015,4.22945,4.23517
Week 3,13 Oct 2015,4.26310,4.27163
Week 4,20 Oct 2015,4.19899,4.20424

Week 1,27 Oct 2015,4.12695,4.13271
Week 2,03 Nov 2015,4.07600,4.08036
Week 3,10 Nov 2015,4.03183,4.03649
Week 4,17 Nov 2015,4.00130,4.00561

Week 1,24 Nov 2015,3.98062,3.98783
Week 2,01 Dec 2015,4.02397,4.03165
Week 3,08 Dec 2015,4.10025,4.10718
Week 4,15 Dec 2015,4.08713,4.09544

Week 1,22 Dec 2015,4.10214,4.10707
Week 2,29 Dec 2015,4.09243,4.09673
Week 3,05 Jan 2016,4.07229,4.07910
Week 4,12 Jan 2016,4.08113,4.08773

Week 1,19 Jan 2016,4.07158,4.07751
Week 2,26 Jan 2016,4.06902,4.07481
Week 3,02 Feb 2016,4.14137,4.14831
Week 4,09 Feb 2016,4.21630,4.22288

Week 1,16 Feb 2016,4.17627,4.18109
Week 2,23 Feb 2016,4.12290,4.12748
Week 3,01 Mar 2016,4.09635,4.10136
Week 4,08 Mar 2016,4.14773,4.15245

Week 1,15 Mar 2016,4.19913,4.20616
Week 2,22 Mar 2016,4.19428,4.20206
Week 3,29 Mar 2016,4.24225,4.24740
Week 4,05 Apr 2016,4.26761,4.27308

Week 1,12 Apr 2016,4.24122,4.24989
Week 2,19 Apr 2016,4.23049,4.23575
Week 3,26 Apr 2016,4.25567,4.26084
Week 4,03 May 2016,4.29370,4.29839

Week 1,10 May 2016,4.25882,4.26400
Week 2,17 May 2016,4.21953,4.22431
Week 3,24 May 2016,4.18330,4.18817
Week 4,31 May 2016,4.20627,4.21052

Week 1,07 Jun 2016,4.24362,4.24809
Week 2,14 Jun 2016,4.21829,4.22346
Week 3,21 Jun 2016,4.20932,4.21627
Week 4,28 Jun 2016,4.15810,4.16403

Week 1,05 Jul 2016,4.15388,4.16108
Week 2,12 Jul 2016,4.14886,4.15499
Week 3,19 Jul 2016,4.12753,4.13380
Week 4,26 Jul 2016,4.14992,4.15615

Week 1,02 Aug 2016,4.17535,4.18149
Week 2,09 Aug 2016,4.17445,4.18071
Week 3,16 Aug 2016,4.22829,4.23470
Week 4,23 Aug 2016,4.22157,4.22742

Week 1,30 Aug 2016,4.18478,4.19021
Week 2,06 Sep 2016,4.20624,4.21343
Week 3,13 Sep 2016,4.20201,4.20779
Week 4,20 Sep 2016,4.19684,4.20252

Week 1,27 Sep 2016,4.20938,4.21778
Week 2,04 Oct 2016,4.19517,4.20295
Week 3,11 Oct 2016,4.13759,4.14571
Week 4,18 Oct 2016,4.10000,4.10785

Week 1,25 Oct 2016,4.09323,4.10084
Week 2,01 Nov 2016,4.15137,4.15660
Week 3,08 Nov 2016,4.10409,4.11199
Week 4,15 Nov 2016,3.99984,4.00737

Week 1,22 Nov 2016,3.97006,3.97758
Week 2,29 Nov 2016,3.98613,3.99390
Week 3,06 Dec 2016,3.99173,3.99865
Week 4,13 Dec 2016,3.94305,3.94992

Week 1,20 Dec 2016,3.91104,3.91801
Week 2,27 Dec 2016,3.92818,3.93644
Week 3,03 Jan 2017,3.93836,3.94627
Week 4,10 Jan 2017,3.97251,3.97934

Week 1,17 Jan 2017,3.99711,4.00377
Week 2,24 Jan 2017,4.01586,4.02297
Week 3,31 Jan 2017,4.03270,4.03965
Week 4,07 Feb 2017,4.00155,4.00748

Week 1,14 Feb 2017,3.97830,3.98438
Week 2,21 Feb 2017,3.96056,3.96682
Week 3,28 Feb 2017,3.96319,3.96945
Week 4,07 Mar 2017,3.97545,3.98148

Week 1,14 Mar 2017,4.01156,4.01551
Week 2,21 Mar 2017,4.04305,4.04716
Week 3,28 Mar 2017,4.02825,4.03242
Week 4,04 Apr 2017,3.98816,3.99185

Week 1,11 Apr 2017,3.97689,3.98316
Week 2,18 Apr 2017,4.01043,4.01738
Week 3,25 Apr 2017,4.08108,4.08813
Week 4,02 May 2017,4.10236,4.10912

Week 1,09 May 2017,4.08788,4.09440
Week 2,16 May 2017,4.16457,4.17154
Week 3,23 May 2017,4.19722,4.20445
Week 4,30 May 2017,4.20560,4.21237

Week 1,06 Jun 2017,4.20819,4.21488
Week 2,13 Jun 2017,4.19579,4.20261
Week 3,20 Jun 2017,4.18618,4.19301
Week 4,27 Jun 2017,4.25529,4.26161

Week 1,04 Jul 2017,4.26416,4.27256
Week 2,11 Jul 2017,4.28539,4.29171
Week 3,18 Jul 2017,4.34089,4.34736
Week 4,25 Jul 2017,4.38392,4.39097

Week 1,01 Aug 2017,4.42557,4.43178
Week 2,08 Aug 2017,4.41681,4.42323
Week 3,15 Aug 2017,4.40547,4.41141
Week 4,22 Aug 2017,4.43544,4.44254

Week 1,29 Aug 2017,4.46471,4.47077
Week 2,05 Sep 2017,4.48658,4.49299
Week 3,12 Sep 2017,4.47585,4.48241
Week 4,19 Sep 2017,4.47801,4.48440

Week 1,26 Sep 2017,4.42471,4.43121
Week 2,03 Oct 2017,4.39893,4.40542
Week 3,10 Oct 2017,4.42681,4.43353
Week 4,17 Oct 2017,4.41807,4.42473

Week 1,24 Oct 2017,4.38351,4.39026
Week 2,31 Oct 2017,4.35809,4.36491
Week 3,07 Nov 2017,4.35689,4.36430
Week 4,14 Nov 2017,4.40837,4.41622

Week 1,21 Nov 2017,4.43231,4.44000
Week 2,28 Nov 2017,4.45455,4.46188
Week 3,05 Dec 2017,4.43714,4.44311


