EUR->AUD

Week 1,15 Dec 1998,1.89332,1.89622
Week 2,22 Dec 1998,1.90721,1.91023
Week 3,29 Dec 1998,1.90646,1.90919
Week 4,05 Jan 1999,1.84470,1.84729

Week 1,12 Jan 1999,1.82946,1.83205
Week 2,19 Jan 1999,1.82108,1.82352
Week 3,26 Jan 1999,1.81272,1.81542
Week 4,02 Feb 1999,1.74477,1.74701

Week 1,09 Feb 1999,1.74597,1.74826
Week 2,16 Feb 1999,1.74334,1.74580
Week 3,23 Feb 1999,1.75987,1.76231
Week 4,02 Mar 1999,1.73570,1.73806

Week 1,09 Mar 1999,1.71832,1.72108
Week 2,16 Mar 1999,1.73442,1.73718
Week 3,23 Mar 1999,1.70055,1.70319
Week 4,30 Mar 1999,1.70076,1.70356

Week 1,06 Apr 1999,1.71319,1.71580
Week 2,13 Apr 1999,1.66757,1.66991
Week 3,20 Apr 1999,1.63171,1.63414
Week 4,27 Apr 1999,1.61268,1.61484

Week 1,04 May 1999,1.60607,1.60854
Week 2,11 May 1999,1.60115,1.60349
Week 3,18 May 1999,1.60236,1.60474
Week 4,25 May 1999,1.60809,1.61053

Week 1,01 Jun 1999,1.58765,1.59012
Week 2,08 Jun 1999,1.57948,1.58193
Week 3,15 Jun 1999,1.58050,1.58289
Week 4,22 Jun 1999,1.57514,1.57758

Week 1,29 Jun 1999,1.54421,1.54670
Week 2,06 Jul 1999,1.53071,1.53316
Week 3,13 Jul 1999,1.54240,1.54505
Week 4,20 Jul 1999,1.61978,1.62212

Week 1,27 Jul 1999,1.64432,1.64700
Week 2,03 Aug 1999,1.63913,1.64162
Week 3,10 Aug 1999,1.63106,1.63348
Week 4,17 Aug 1999,1.65519,1.65776

Week 1,24 Aug 1999,1.65457,1.65715
Week 2,31 Aug 1999,1.64985,1.65261
Week 3,07 Sep 1999,1.60882,1.61130
Week 4,14 Sep 1999,1.60222,1.60475

Week 1,21 Sep 1999,1.60642,1.60892
Week 2,28 Sep 1999,1.62479,1.62732
Week 3,05 Oct 1999,1.62143,1.62392
Week 4,12 Oct 1999,1.66547,1.66785

Week 1,19 Oct 1999,1.65669,1.65919
Week 2,26 Oct 1999,1.64350,1.64600
Week 3,02 Nov 1999,1.63271,1.63543
Week 4,09 Nov 1999,1.61008,1.61276

Week 1,16 Nov 1999,1.61401,1.61642
Week 2,23 Nov 1999,1.60117,1.60395
Week 3,30 Nov 1999,1.58692,1.58941
Week 4,07 Dec 1999,1.59813,1.60082

Week 1,14 Dec 1999,1.57591,1.57850
Week 2,21 Dec 1999,1.56951,1.57221
Week 3,28 Dec 1999,1.54374,1.54620
Week 4,04 Jan 2000,1.56908,1.57132

Week 1,11 Jan 2000,1.54245,1.54460
Week 2,18 Jan 2000,1.52196,1.52389
Week 3,25 Jan 2000,1.53065,1.53309
Week 4,01 Feb 2000,1.53843,1.54128

Week 1,08 Feb 2000,1.56133,1.56360
Week 2,15 Feb 2000,1.56284,1.56550
Week 3,22 Feb 2000,1.59241,1.59463
Week 4,29 Feb 2000,1.58140,1.58339

Week 1,07 Mar 2000,1.57487,1.57695
Week 2,14 Mar 2000,1.58645,1.58909
Week 3,21 Mar 2000,1.59836,1.60094
Week 4,28 Mar 2000,1.56790,1.57115

Week 1,04 Apr 2000,1.58700,1.59017
Week 2,11 Apr 2000,1.60540,1.60813
Week 3,18 Apr 2000,1.58689,1.58954
Week 4,25 Apr 2000,1.55976,1.56220

Week 1,02 May 2000,1.52044,1.52287
Week 2,09 May 2000,1.56473,1.56769
Week 3,16 May 2000,1.56778,1.57026
Week 4,23 May 2000,1.60411,1.60668

Week 1,30 May 2000,1.62595,1.62891
Week 2,06 Jun 2000,1.62201,1.62460
Week 3,13 Jun 2000,1.59466,1.59711
Week 4,20 Jun 2000,1.57647,1.57877

Week 1,27 Jun 2000,1.58105,1.58324
Week 2,04 Jul 2000,1.60043,1.60278
Week 3,11 Jul 2000,1.60754,1.60966
Week 4,18 Jul 2000,1.59581,1.59813

Week 1,25 Jul 2000,1.58112,1.58396
Week 2,01 Aug 2000,1.56117,1.56389
Week 3,08 Aug 2000,1.55351,1.55610
Week 4,15 Aug 2000,1.54525,1.54765

Week 1,22 Aug 2000,1.56275,1.56488
Week 2,29 Aug 2000,1.55828,1.56133
Week 3,05 Sep 2000,1.55638,1.55967
Week 4,12 Sep 2000,1.55498,1.55756

Week 1,19 Sep 2000,1.58684,1.58927
Week 2,26 Sep 2000,1.60746,1.60981
Week 3,03 Oct 2000,1.61688,1.62688
Week 4,10 Oct 2000,1.62047,1.62336

Week 1,17 Oct 2000,1.60853,1.61146
Week 2,24 Oct 2000,1.59755,1.60033
Week 3,31 Oct 2000,1.63882,1.64173
Week 4,07 Nov 2000,1.64202,1.64494

Week 1,14 Nov 2000,1.63904,1.64171
Week 2,21 Nov 2000,1.61759,1.62009
Week 3,28 Nov 2000,1.63625,1.63901
Week 4,05 Dec 2000,1.62284,1.62529

Week 1,12 Dec 2000,1.63327,1.63574
Week 2,19 Dec 2000,1.65008,1.65269
Week 3,26 Dec 2000,1.67351,1.67615
Week 4,02 Jan 2001,1.67844,1.68089

Week 1,09 Jan 2001,1.69150,1.69397
Week 2,16 Jan 2001,1.68837,1.69099
Week 3,23 Jan 2001,1.69463,1.69721
Week 4,30 Jan 2001,1.69344,1.69601

Week 1,06 Feb 2001,1.71302,1.71574
Week 2,13 Feb 2001,1.72786,1.73053
Week 3,20 Feb 2001,1.74049,1.74354
Week 4,27 Feb 2001,1.75522,1.75816

Week 1,06 Mar 2001,1.81535,1.81827
Week 2,13 Mar 2001,1.81896,1.82176
Week 3,20 Mar 2001,1.80052,1.80382
Week 4,27 Mar 2001,1.79077,1.79394

Week 1,03 Apr 2001,1.82713,1.83020
Week 2,10 Apr 2001,1.76392,1.76697
Week 3,17 Apr 2001,1.74702,1.75015
Week 4,24 Apr 2001,1.76072,1.76370

Week 1,01 May 2001,1.71938,1.72223
Week 2,08 May 2001,1.68965,1.69238
Week 3,15 May 2001,1.67293,1.67583
Week 4,22 May 2001,1.65495,1.65770

Week 1,29 May 2001,1.66442,1.66714
Week 2,05 Jun 2001,1.63795,1.64043
Week 3,12 Jun 2001,1.63057,1.63302
Week 4,19 Jun 2001,1.65118,1.65355

Week 1,26 Jun 2001,1.66026,1.66288
Week 2,03 Jul 2001,1.64935,1.65205
Week 3,10 Jul 2001,1.68275,1.68536
Week 4,17 Jul 2001,1.70206,1.70455

Week 1,24 Jul 2001,1.72278,1.72528
Week 2,31 Jul 2001,1.70980,1.71261
Week 3,07 Aug 2001,1.72257,1.72515
Week 4,14 Aug 2001,1.72175,1.72477

Week 1,21 Aug 2001,1.71112,1.71369
Week 2,28 Aug 2001,1.72017,1.72261
Week 3,04 Sep 2001,1.72425,1.72692
Week 4,11 Sep 2001,1.76461,1.76705

Week 1,18 Sep 2001,1.87163,1.87505
Week 2,25 Sep 2001,1.86138,1.86351
Week 3,02 Oct 2001,1.82961,1.83204
Week 4,09 Oct 2001,1.80520,1.80774

Week 1,16 Oct 2001,1.76770,1.76949
Week 2,23 Oct 2001,1.76510,1.76717
Week 3,30 Oct 2001,1.78061,1.78277
Week 4,06 Nov 2001,1.74102,1.74365

Week 1,13 Nov 2001,1.69710,1.69935
Week 2,20 Nov 2001,1.69497,1.69745
Week 3,27 Nov 2001,1.70748,1.70969
Week 4,04 Dec 2001,1.72567,1.72771

Week 1,11 Dec 2001,1.73142,1.73344
Week 2,18 Dec 2001,1.75303,1.75506
Week 3,25 Dec 2001,1.73099,1.73304
Week 4,01 Jan 2002,1.73448,1.73747

Week 1,08 Jan 2002,1.70973,1.71186
Week 2,15 Jan 2002,1.71476,1.71676
Week 3,22 Jan 2002,1.68821,1.69007
Week 4,29 Jan 2002,1.68928,1.69149

Week 1,05 Feb 2002,1.70634,1.70808
Week 2,12 Feb 2002,1.69828,1.70032
Week 3,19 Feb 2002,1.69228,1.69421
Week 4,26 Feb 2002,1.67500,1.67695

Week 1,05 Mar 2002,1.67324,1.67517
Week 2,12 Mar 2002,1.67934,1.68116
Week 3,19 Mar 2002,1.66458,1.66641
Week 4,26 Mar 2002,1.64197,1.64405

Week 1,02 Apr 2002,1.65283,1.65481
Week 2,09 Apr 2002,1.65162,1.65377
Week 3,16 Apr 2002,1.65202,1.65393
Week 4,23 Apr 2002,1.65120,1.65305

Week 1,30 Apr 2002,1.68678,1.68846
Week 2,07 May 2002,1.68158,1.68330
Week 3,14 May 2002,1.66123,1.66319
Week 4,21 May 2002,1.65377,1.65574

Week 1,28 May 2002,1.65091,1.65321
Week 2,04 Jun 2002,1.64540,1.64739
Week 3,11 Jun 2002,1.66996,1.67224
Week 4,18 Jun 2002,1.68779,1.68975

Week 1,25 Jun 2002,1.74123,1.74293
Week 2,02 Jul 2002,1.75134,1.75363
Week 3,09 Jul 2002,1.76304,1.76511
Week 4,16 Jul 2002,1.81575,1.81742

Week 1,23 Jul 2002,1.84004,1.84230
Week 2,30 Jul 2002,1.81839,1.82048
Week 3,06 Aug 2002,1.81974,1.82227
Week 4,13 Aug 2002,1.81117,1.81362

Week 1,20 Aug 2002,1.79259,1.79428
Week 2,27 Aug 2002,1.78076,1.78268
Week 3,03 Sep 2002,1.80323,1.80530
Week 4,10 Sep 2002,1.77195,1.77405

Week 1,17 Sep 2002,1.78757,1.78978
Week 2,24 Sep 2002,1.79700,1.79914
Week 3,01 Oct 2002,1.80240,1.80452
Week 4,08 Oct 2002,1.79658,1.79865

Week 1,15 Oct 2002,1.77812,1.77992
Week 2,22 Oct 2002,1.75939,1.76146
Week 3,29 Oct 2002,1.77628,1.77815
Week 4,05 Nov 2002,1.78613,1.78815

Week 1,12 Nov 2002,1.79355,1.79572
Week 2,19 Nov 2002,1.77930,1.78119
Week 3,26 Nov 2002,1.77340,1.77517
Week 4,03 Dec 2002,1.78896,1.79105

Week 1,10 Dec 2002,1.80268,1.80452
Week 2,17 Dec 2002,1.81653,1.81850
Week 3,24 Dec 2002,1.84315,1.84520
Week 4,31 Dec 2002,1.84866,1.85051

Week 1,07 Jan 2003,1.81452,1.81650
Week 2,14 Jan 2003,1.80332,1.80509
Week 3,21 Jan 2003,1.82320,1.82495
Week 4,28 Jan 2003,1.83578,1.83748

Week 1,04 Feb 2003,1.83370,1.83549
Week 2,11 Feb 2003,1.81865,1.82050
Week 3,18 Feb 2003,1.80585,1.80744
Week 4,25 Feb 2003,1.77595,1.77764

Week 1,04 Mar 2003,1.78418,1.78576
Week 2,11 Mar 2003,1.81087,1.81261
Week 3,18 Mar 2003,1.78699,1.78866
Week 4,25 Mar 2003,1.78822,1.79016

Week 1,01 Apr 2003,1.79232,1.79443
Week 2,08 Apr 2003,1.77842,1.78077
Week 3,15 Apr 2003,1.77312,1.77555
Week 4,22 Apr 2003,1.77953,1.78173

Week 1,29 Apr 2003,1.77908,1.78125
Week 2,06 May 2003,1.78196,1.78413
Week 3,13 May 2003,1.77360,1.77571
Week 4,20 May 2003,1.78436,1.78644

Week 1,27 May 2003,1.80432,1.80638
Week 2,03 Jun 2003,1.77413,1.77623
Week 3,10 Jun 2003,1.77471,1.77667
Week 4,17 Jun 2003,1.74537,1.74744

Week 1,24 Jun 2003,1.72273,1.72462
Week 2,01 Jul 2003,1.69533,1.69738
Week 3,08 Jul 2003,1.70894,1.71098
Week 4,15 Jul 2003,1.72389,1.72598

Week 1,22 Jul 2003,1.73507,1.73719
Week 2,29 Jul 2003,1.73115,1.73339
Week 3,05 Aug 2003,1.74357,1.74566
Week 4,12 Aug 2003,1.71264,1.71466

Week 1,19 Aug 2003,1.67774,1.67976
Week 2,26 Aug 2003,1.69114,1.69318
Week 3,02 Sep 2003,1.70328,1.70537
Week 4,09 Sep 2003,1.70171,1.70366

Week 1,16 Sep 2003,1.69146,1.69331
Week 2,23 Sep 2003,1.69531,1.69711
Week 3,30 Sep 2003,1.70632,1.70815
Week 4,07 Oct 2003,1.70659,1.70844

Week 1,14 Oct 2003,1.68893,1.69084
Week 2,21 Oct 2003,1.67837,1.68016
Week 3,28 Oct 2003,1.64788,1.64963
Week 4,04 Nov 2003,1.62458,1.62628

Week 1,11 Nov 2003,1.62399,1.62554
Week 2,18 Nov 2003,1.64605,1.64769
Week 3,25 Nov 2003,1.64828,1.64989
Week 4,02 Dec 2003,1.64738,1.64905

Week 1,09 Dec 2003,1.65302,1.65458
Week 2,16 Dec 2003,1.67124,1.67291
Week 3,23 Dec 2003,1.67909,1.68080
Week 4,30 Dec 2003,1.66773,1.66941

Week 1,06 Jan 2004,1.64996,1.65157
Week 2,13 Jan 2004,1.62759,1.62914
Week 3,20 Jan 2004,1.63276,1.63425
Week 4,27 Jan 2004,1.62777,1.62959

Week 1,03 Feb 2004,1.64304,1.64473
Week 2,10 Feb 2004,1.62106,1.62261
Week 3,17 Feb 2004,1.61557,1.61705
Week 4,24 Feb 2004,1.61794,1.61945

Week 1,02 Mar 2004,1.62004,1.62161
Week 2,09 Mar 2004,1.65139,1.65297
Week 3,16 Mar 2004,1.64766,1.64913
Week 4,23 Mar 2004,1.63068,1.63223

Week 1,30 Mar 2004,1.60754,1.60896
Week 2,06 Apr 2004,1.58604,1.58752
Week 3,13 Apr 2004,1.60434,1.60584
Week 4,20 Apr 2004,1.61566,1.61725

Week 1,27 Apr 2004,1.64567,1.64715
Week 2,04 May 2004,1.67127,1.67296
Week 3,11 May 2004,1.71018,1.71182
Week 4,18 May 2004,1.72571,1.72760

Week 1,25 May 2004,1.71098,1.71269
Week 2,01 Jun 2004,1.74972,1.75144
Week 3,08 Jun 2004,1.73887,1.74058
Week 4,15 Jun 2004,1.75516,1.75689

Week 1,22 Jun 2004,1.74502,1.74703
Week 2,29 Jun 2004,1.73301,1.73479
Week 3,06 Jul 2004,1.71807,1.71988
Week 4,13 Jul 2004,1.70290,1.70464

Week 1,20 Jul 2004,1.70474,1.70647
Week 2,27 Jul 2004,1.71622,1.71787
Week 3,03 Aug 2004,1.71513,1.71674
Week 4,10 Aug 2004,1.71835,1.72006

Week 1,17 Aug 2004,1.71045,1.71206
Week 2,24 Aug 2004,1.71119,1.71290
Week 3,31 Aug 2004,1.73625,1.73801
Week 4,07 Sep 2004,1.75559,1.75741

Week 1,14 Sep 2004,1.74714,1.74899
Week 2,21 Sep 2004,1.72737,1.72900
Week 3,28 Sep 2004,1.71395,1.71549
Week 4,05 Oct 2004,1.69123,1.69309

Week 1,12 Oct 2004,1.69862,1.70031
Week 2,19 Oct 2004,1.71387,1.71567
Week 3,26 Oct 2004,1.70815,1.70982
Week 4,02 Nov 2004,1.69952,1.70086

Week 1,09 Nov 2004,1.69170,1.69337
Week 2,16 Nov 2004,1.66706,1.66850
Week 3,23 Nov 2004,1.67361,1.67486
Week 4,30 Nov 2004,1.71458,1.71603

Week 1,07 Dec 2004,1.75244,1.75376
Week 2,14 Dec 2004,1.74905,1.75069
Week 3,21 Dec 2004,1.75558,1.75717
Week 4,28 Dec 2004,1.74301,1.74474

Week 1,04 Jan 2005,1.72891,1.73064
Week 2,11 Jan 2005,1.72469,1.72609
Week 3,18 Jan 2005,1.70621,1.70778
Week 4,25 Jan 2005,1.68654,1.68800

Week 1,01 Feb 2005,1.67472,1.67629
Week 2,08 Feb 2005,1.64872,1.65020
Week 3,15 Feb 2005,1.65468,1.65626
Week 4,22 Feb 2005,1.67519,1.67670

Week 1,01 Mar 2005,1.67399,1.67542
Week 2,08 Mar 2005,1.68736,1.68878
Week 3,15 Mar 2005,1.68336,1.68461
Week 4,22 Mar 2005,1.67734,1.67877

Week 1,29 Mar 2005,1.67487,1.67629
Week 2,05 Apr 2005,1.67517,1.67653
Week 3,12 Apr 2005,1.67031,1.67183
Week 4,19 Apr 2005,1.68123,1.68257

Week 1,26 Apr 2005,1.65652,1.65810
Week 2,03 May 2005,1.65551,1.65693
Week 3,10 May 2005,1.65721,1.65862
Week 4,17 May 2005,1.66459,1.66636

Week 1,24 May 2005,1.64973,1.65116
Week 2,31 May 2005,1.62438,1.62597
Week 3,07 Jun 2005,1.59408,1.59565
Week 4,14 Jun 2005,1.57788,1.57919

Week 1,21 Jun 2005,1.56432,1.56557
Week 2,28 Jun 2005,1.58631,1.58784
Week 3,05 Jul 2005,1.60721,1.60854
Week 4,12 Jul 2005,1.60935,1.61088

Week 1,19 Jul 2005,1.59038,1.59225
Week 2,26 Jul 2005,1.59453,1.59583
Week 3,02 Aug 2005,1.60174,1.60318
Week 4,09 Aug 2005,1.61331,1.61486

Week 1,16 Aug 2005,1.61347,1.61495
Week 2,23 Aug 2005,1.62176,1.62320
Week 3,30 Aug 2005,1.63464,1.63613
Week 4,06 Sep 2005,1.61195,1.61334

Week 1,13 Sep 2005,1.59386,1.59550
Week 2,20 Sep 2005,1.58751,1.58894
Week 3,27 Sep 2005,1.58322,1.58475
Week 4,04 Oct 2005,1.58686,1.58840

Week 1,11 Oct 2005,1.59836,1.59974
Week 2,18 Oct 2005,1.59753,1.59880
Week 3,25 Oct 2005,1.60255,1.60410
Week 4,01 Nov 2005,1.61389,1.61551

Week 1,08 Nov 2005,1.60128,1.60288
Week 2,15 Nov 2005,1.60202,1.60324
Week 3,22 Nov 2005,1.59560,1.59709
Week 4,29 Nov 2005,1.58672,1.58822

Week 1,06 Dec 2005,1.56910,1.57063
Week 2,13 Dec 2005,1.59052,1.59205
Week 3,20 Dec 2005,1.61877,1.62033
Week 4,27 Dec 2005,1.62249,1.62423

Week 1,03 Jan 2006,1.61430,1.61628
Week 2,10 Jan 2006,1.60621,1.60772
Week 3,17 Jan 2006,1.61493,1.61637
Week 4,24 Jan 2006,1.62322,1.62411

Week 1,31 Jan 2006,1.60585,1.60696
Week 2,07 Feb 2006,1.61412,1.61562
Week 3,14 Feb 2006,1.61088,1.61240
Week 4,21 Feb 2006,1.61042,1.61197

Week 1,28 Feb 2006,1.60879,1.60972
Week 2,07 Mar 2006,1.62225,1.62374
Week 3,14 Mar 2006,1.64741,1.64894
Week 4,21 Mar 2006,1.68731,1.68885

Week 1,28 Mar 2006,1.69709,1.69866
Week 2,04 Apr 2006,1.67985,1.68145
Week 3,11 Apr 2006,1.66042,1.66194
Week 4,18 Apr 2006,1.66043,1.66193

Week 1,25 Apr 2006,1.66021,1.66170
Week 2,02 May 2006,1.64995,1.65148
Week 3,09 May 2006,1.65786,1.65906
Week 4,16 May 2006,1.67950,1.68103

Week 1,23 May 2006,1.69083,1.69237
Week 2,30 May 2006,1.70185,1.70339
Week 3,06 Jun 2006,1.70922,1.71016
Week 4,13 Jun 2006,1.70289,1.70440

Week 1,20 Jun 2006,1.70866,1.71020
Week 2,27 Jun 2006,1.71769,1.71921
Week 3,04 Jul 2006,1.71235,1.71389
Week 4,11 Jul 2006,1.68816,1.68969

Week 1,18 Jul 2006,1.68052,1.68141
Week 2,25 Jul 2006,1.66776,1.66856
Week 3,01 Aug 2006,1.67540,1.67685
Week 4,08 Aug 2006,1.67217,1.67372

Week 1,15 Aug 2006,1.67869,1.68022
Week 2,22 Aug 2006,1.68224,1.68377
Week 3,29 Aug 2006,1.67820,1.67966
Week 4,05 Sep 2006,1.67326,1.67484

Week 1,12 Sep 2006,1.68490,1.68641
Week 2,19 Sep 2006,1.69043,1.69194
Week 3,26 Sep 2006,1.69539,1.69690
Week 4,03 Oct 2006,1.70143,1.70257

Week 1,10 Oct 2006,1.67748,1.67898
Week 2,17 Oct 2006,1.66227,1.66376
Week 3,24 Oct 2006,1.65664,1.65814
Week 4,31 Oct 2006,1.65065,1.65215

Week 1,07 Nov 2006,1.66285,1.66432
Week 2,14 Nov 2006,1.67181,1.67331
Week 3,21 Nov 2006,1.67235,1.67385
Week 4,28 Nov 2006,1.68387,1.68538

Week 1,05 Dec 2006,1.68612,1.68761
Week 2,12 Dec 2006,1.67951,1.68101
Week 3,19 Dec 2006,1.67703,1.67853
Week 4,26 Dec 2006,1.67157,1.67323

Week 1,02 Jan 2007,1.66817,1.66997
Week 2,09 Jan 2007,1.65750,1.65899
Week 3,16 Jan 2007,1.64481,1.64628
Week 4,23 Jan 2007,1.65882,1.66028

Week 1,30 Jan 2007,1.67570,1.67719
Week 2,06 Feb 2007,1.67053,1.67202
Week 3,13 Feb 2007,1.67303,1.67450
Week 4,20 Feb 2007,1.66505,1.66654

Week 1,27 Feb 2007,1.67597,1.67678
Week 2,06 Mar 2007,1.68799,1.68948
Week 3,13 Mar 2007,1.67764,1.67913
Week 4,20 Mar 2007,1.65637,1.65784

Week 1,27 Mar 2007,1.65012,1.65160
Week 2,03 Apr 2007,1.63855,1.64004
Week 3,10 Apr 2007,1.62718,1.62867
Week 4,17 Apr 2007,1.62491,1.62638

Week 1,24 Apr 2007,1.63973,1.64121
Week 2,01 May 2007,1.64872,1.65021
Week 3,08 May 2007,1.63271,1.63420
Week 4,15 May 2007,1.63530,1.63669

Week 1,22 May 2007,1.63918,1.64055
Week 2,29 May 2007,1.62850,1.62988
Week 3,05 Jun 2007,1.59809,1.59947
Week 4,12 Jun 2007,1.58640,1.58777

Week 1,19 Jun 2007,1.58659,1.58824
Week 2,26 Jun 2007,1.59158,1.59295
Week 3,03 Jul 2007,1.58771,1.58910
Week 4,10 Jul 2007,1.58769,1.58907

Week 1,17 Jul 2007,1.57302,1.57436
Week 2,24 Jul 2007,1.57497,1.57636
Week 3,31 Jul 2007,1.60354,1.60491
Week 4,07 Aug 2007,1.61229,1.61365

Week 1,14 Aug 2007,1.66115,1.66250
Week 2,21 Aug 2007,1.66713,1.66849
Week 3,28 Aug 2007,1.66241,1.66378
Week 4,04 Sep 2007,1.65804,1.65942

Week 1,11 Sep 2007,1.65689,1.65827
Week 2,18 Sep 2007,1.63627,1.63765
Week 3,25 Sep 2007,1.61378,1.61516
Week 4,02 Oct 2007,1.58857,1.58995

Week 1,09 Oct 2007,1.56983,1.57118
Week 2,16 Oct 2007,1.59370,1.59503
Week 3,23 Oct 2007,1.58180,1.58314
Week 4,30 Oct 2007,1.56841,1.56907

Week 1,06 Nov 2007,1.58589,1.58722
Week 2,13 Nov 2007,1.63799,1.63935
Week 3,20 Nov 2007,1.68131,1.68265
Week 4,27 Nov 2007,1.67450,1.67550

Week 1,04 Dec 2007,1.67340,1.67474
Week 2,11 Dec 2007,1.66906,1.67040
Week 3,18 Dec 2007,1.66685,1.66819
Week 4,25 Dec 2007,1.66440,1.66634

Week 1,01 Jan 2008,1.67536,1.67717
Week 2,08 Jan 2008,1.66525,1.66659
Week 3,15 Jan 2008,1.66340,1.66474
Week 4,22 Jan 2008,1.67296,1.67430

Week 1,29 Jan 2008,1.65518,1.65652
Week 2,05 Feb 2008,1.62660,1.62794
Week 3,12 Feb 2008,1.61453,1.61587
Week 4,19 Feb 2008,1.60438,1.60572

Week 1,26 Feb 2008,1.61164,1.61297
Week 2,04 Mar 2008,1.64301,1.64433
Week 3,11 Mar 2008,1.66298,1.66433
Week 4,18 Mar 2008,1.70518,1.70661

Week 1,25 Mar 2008,1.71268,1.71404
Week 2,01 Apr 2008,1.71361,1.71500
Week 3,08 Apr 2008,1.69867,1.70031
Week 4,15 Apr 2008,1.69894,1.70028

Week 1,22 Apr 2008,1.67773,1.67909
Week 2,29 Apr 2008,1.65865,1.66001
Week 3,06 May 2008,1.63792,1.63932
Week 4,13 May 2008,1.64031,1.64166

Week 1,20 May 2008,1.63664,1.63803
Week 2,27 May 2008,1.63065,1.63204
Week 3,03 Jun 2008,1.62735,1.62840
Week 4,10 Jun 2008,1.63992,1.64133

Week 1,17 Jun 2008,1.63918,1.64058
Week 2,24 Jun 2008,1.63628,1.63760
Week 3,01 Jul 2008,1.63899,1.64033
Week 4,08 Jul 2008,1.64355,1.64489

Week 1,15 Jul 2008,1.63055,1.63189
Week 2,22 Jul 2008,1.63444,1.63584
Week 3,29 Jul 2008,1.65477,1.65605
Week 4,05 Aug 2008,1.68679,1.68805

Week 1,12 Aug 2008,1.69949,1.70076
Week 2,19 Aug 2008,1.69644,1.69732
Week 3,26 Aug 2008,1.70864,1.70990
Week 4,02 Sep 2008,1.73738,1.73872

Week 1,09 Sep 2008,1.73863,1.74004
Week 2,16 Sep 2008,1.76315,1.76476
Week 3,23 Sep 2008,1.75377,1.75527
Week 4,30 Sep 2008,1.77535,1.77686

Week 1,07 Oct 2008,1.98211,1.98482
Week 2,14 Oct 2008,1.96615,1.96794
Week 3,21 Oct 2008,1.96902,1.97046
Week 4,28 Oct 2008,1.95537,1.95784

Week 1,04 Nov 2008,1.88426,1.88668
Week 2,11 Nov 2008,1.92205,1.92402
Week 3,18 Nov 2008,1.97512,1.97697
Week 4,25 Nov 2008,1.97202,1.97381

Week 1,02 Dec 2008,1.96793,1.96967
Week 2,09 Dec 2008,1.99059,1.99170
Week 3,16 Dec 2008,2.04254,2.04384
Week 4,23 Dec 2008,2.04831,2.05057

Week 1,30 Dec 2008,2.00090,2.00319
Week 2,06 Jan 2009,1.91237,1.91368
Week 3,13 Jan 2009,1.96964,1.97130
Week 4,20 Jan 2009,1.97644,1.97762

Week 1,27 Jan 2009,1.99558,1.99715
Week 2,03 Feb 2009,1.97060,1.97241
Week 3,10 Feb 2009,1.95341,1.95505
Week 4,17 Feb 2009,1.97275,1.97432

Week 1,24 Feb 2009,1.97499,1.97658
Week 2,03 Mar 2009,1.97109,1.97236
Week 3,10 Mar 2009,1.97158,1.97332
Week 4,17 Mar 2009,1.97489,1.97674

Week 1,24 Mar 2009,1.93058,1.93241
Week 2,31 Mar 2009,1.89943,1.90117
Week 3,07 Apr 2009,1.85323,1.85502
Week 4,14 Apr 2009,1.81939,1.82109

Week 1,21 Apr 2009,1.83437,1.83559
Week 2,28 Apr 2009,1.82912,1.83071
Week 3,05 May 2009,1.78418,1.78579
Week 4,12 May 2009,1.79329,1.79479

Week 1,19 May 2009,1.77973,1.78122
Week 2,26 May 2009,1.77663,1.77801
Week 3,02 Jun 2009,1.75540,1.75685
Week 4,09 Jun 2009,1.73729,1.73864

Week 1,16 Jun 2009,1.73652,1.73792
Week 2,23 Jun 2009,1.74896,1.75034
Week 3,30 Jun 2009,1.74935,1.75072
Week 4,07 Jul 2009,1.77620,1.77753

Week 1,14 Jul 2009,1.76522,1.76679
Week 2,21 Jul 2009,1.74155,1.74292
Week 3,28 Jul 2009,1.71402,1.71539
Week 4,04 Aug 2009,1.70382,1.70517

Week 1,11 Aug 2009,1.70070,1.70205
Week 2,18 Aug 2009,1.71485,1.71623
Week 3,25 Aug 2009,1.70676,1.70815
Week 4,01 Sep 2009,1.69630,1.69770

Week 1,08 Sep 2009,1.68474,1.68606
Week 2,15 Sep 2009,1.69306,1.69437
Week 3,22 Sep 2009,1.69285,1.69424
Week 4,29 Sep 2009,1.67550,1.67677

Week 1,06 Oct 2009,1.64405,1.64538
Week 2,13 Oct 2009,1.62672,1.62797
Week 3,20 Oct 2009,1.62100,1.62222
Week 4,27 Oct 2009,1.62803,1.62926

Week 1,03 Nov 2009,1.62699,1.62822
Week 2,10 Nov 2009,1.60544,1.60659
Week 3,17 Nov 2009,1.61328,1.61441
Week 4,24 Nov 2009,1.63747,1.63863

Week 1,01 Dec 2009,1.62936,1.63052
Week 2,08 Dec 2009,1.61289,1.61404
Week 3,15 Dec 2009,1.61066,1.61179
Week 4,22 Dec 2009,1.62525,1.62624

Week 1,29 Dec 2009,1.60386,1.60509
Week 2,05 Jan 2010,1.56734,1.56850
Week 3,12 Jan 2010,1.56117,1.56229
Week 4,19 Jan 2010,1.55815,1.55893

Week 1,26 Jan 2010,1.56440,1.56548
Week 2,02 Feb 2010,1.57528,1.57640
Week 3,09 Feb 2010,1.55365,1.55475
Week 4,16 Feb 2010,1.51808,1.51960

Week 1,23 Feb 2010,1.51854,1.52006
Week 2,02 Mar 2010,1.50517,1.50671
Week 3,09 Mar 2010,1.49603,1.49746
Week 4,16 Mar 2010,1.48597,1.48743

Week 1,23 Mar 2010,1.47434,1.47543
Week 2,30 Mar 2010,1.46921,1.47069
Week 3,06 Apr 2010,1.44636,1.44784
Week 4,13 Apr 2010,1.45984,1.46132

Week 1,20 Apr 2010,1.44551,1.44624
Week 2,27 Apr 2010,1.43413,1.43559
Week 3,04 May 2010,1.42804,1.42958
Week 4,11 May 2010,1.40662,1.40814

Week 1,18 May 2010,1.47104,1.47259
Week 2,25 May 2010,1.46991,1.47144
Week 3,01 Jun 2010,1.45402,1.45556
Week 4,08 Jun 2010,1.43884,1.44038

Week 1,15 Jun 2010,1.42394,1.42503
Week 2,22 Jun 2010,1.41132,1.41285
Week 3,29 Jun 2010,1.45962,1.46115
Week 4,06 Jul 2010,1.46014,1.46179

Week 1,13 Jul 2010,1.46164,1.46317
Week 2,20 Jul 2010,1.45455,1.45609
Week 3,27 Jul 2010,1.44485,1.44649
Week 4,03 Aug 2010,1.44294,1.44441

Week 1,10 Aug 2010,1.43407,1.43562
Week 2,17 Aug 2010,1.42669,1.42870
Week 3,24 Aug 2010,1.42523,1.42678
Week 4,31 Aug 2010,1.41147,1.41323

Week 1,07 Sep 2010,1.38174,1.38326
Week 2,14 Sep 2010,1.38698,1.38842
Week 3,21 Sep 2010,1.39735,1.39888
Week 4,28 Sep 2010,1.40864,1.41014

Week 1,05 Oct 2010,1.41843,1.41991
Week 2,12 Oct 2010,1.41168,1.41317
Week 3,19 Oct 2010,1.41614,1.41763
Week 4,26 Oct 2010,1.41583,1.41727

Week 1,02 Nov 2010,1.39695,1.39812
Week 2,09 Nov 2010,1.37843,1.37956
Week 3,16 Nov 2010,1.38302,1.38415
Week 4,23 Nov 2010,1.37133,1.37245

Week 1,30 Nov 2010,1.35619,1.35733
Week 2,07 Dec 2010,1.34487,1.34601
Week 3,14 Dec 2010,1.33890,1.34003
Week 4,21 Dec 2010,1.31207,1.31330

Week 1,28 Dec 2010,1.30572,1.30694
Week 2,04 Jan 2011,1.30838,1.30951
Week 3,11 Jan 2011,1.32861,1.32973
Week 4,18 Jan 2011,1.35693,1.35803

Week 1,25 Jan 2011,1.37290,1.37402
Week 2,01 Feb 2011,1.35475,1.35586
Week 3,08 Feb 2011,1.34936,1.35045
Week 4,15 Feb 2011,1.34855,1.34965

Week 1,22 Feb 2011,1.35870,1.35981
Week 2,01 Mar 2011,1.36843,1.36918
Week 3,08 Mar 2011,1.37575,1.37688
Week 4,15 Mar 2011,1.41177,1.41293

Week 1,22 Mar 2011,1.39150,1.39260
Week 2,29 Mar 2011,1.36992,1.37104
Week 3,05 Apr 2011,1.37071,1.37181
Week 4,12 Apr 2011,1.37225,1.37339

Week 1,19 Apr 2011,1.35731,1.35850
Week 2,26 Apr 2011,1.35515,1.35633
Week 3,03 May 2011,1.35632,1.35750
Week 4,10 May 2011,1.33292,1.33407

Week 1,17 May 2011,1.33551,1.33664
Week 2,24 May 2011,1.33490,1.33604
Week 3,31 May 2011,1.35252,1.35369
Week 4,07 Jun 2011,1.36568,1.36682

Week 1,14 Jun 2011,1.34835,1.34950
Week 2,21 Jun 2011,1.35308,1.35422
Week 3,28 Jun 2011,1.35428,1.35541
Week 4,05 Jul 2011,1.33749,1.33863

Week 1,12 Jul 2011,1.32236,1.32350
Week 2,19 Jul 2011,1.32437,1.32550
Week 3,26 Jul 2011,1.31190,1.31303
Week 4,02 Aug 2011,1.33718,1.33835

Week 1,09 Aug 2011,1.38309,1.38425
Week 2,16 Aug 2011,1.37745,1.37861
Week 3,23 Aug 2011,1.37472,1.37586
Week 4,30 Aug 2011,1.34392,1.34506

Week 1,06 Sep 2011,1.31925,1.32036
Week 2,13 Sep 2011,1.33003,1.33116
Week 3,20 Sep 2011,1.35788,1.35901
Week 4,27 Sep 2011,1.38125,1.38239

Week 1,04 Oct 2011,1.37939,1.38050
Week 2,11 Oct 2011,1.35498,1.35609
Week 3,18 Oct 2011,1.34240,1.34352
Week 4,25 Oct 2011,1.32826,1.32940

Week 1,01 Nov 2011,1.32691,1.32805
Week 2,08 Nov 2011,1.33539,1.33650
Week 3,15 Nov 2011,1.34139,1.34251
Week 4,22 Nov 2011,1.36756,1.36868

Week 1,29 Nov 2011,1.32271,1.32381
Week 2,06 Dec 2011,1.30873,1.30986
Week 3,13 Dec 2011,1.30681,1.30793
Week 4,20 Dec 2011,1.29381,1.29495

Week 1,27 Dec 2011,1.27786,1.27907
Week 2,03 Jan 2012,1.25172,1.25291
Week 3,10 Jan 2012,1.23582,1.23691
Week 4,17 Jan 2012,1.23263,1.23372

Week 1,24 Jan 2012,1.23685,1.23793
Week 2,31 Jan 2012,1.22909,1.23018
Week 3,07 Feb 2012,1.22915,1.23022
Week 4,14 Feb 2012,1.22553,1.22658

Week 1,21 Feb 2012,1.24502,1.24611
Week 2,28 Feb 2012,1.23891,1.23970
Week 3,06 Mar 2012,1.24090,1.24168
Week 4,13 Mar 2012,1.24430,1.24513

Week 1,20 Mar 2012,1.26223,1.26306
Week 2,27 Mar 2012,1.27977,1.28082
Week 3,03 Apr 2012,1.27525,1.27609
Week 4,10 Apr 2012,1.26652,1.26734

Week 1,17 Apr 2012,1.26811,1.26895
Week 2,24 Apr 2012,1.27248,1.27332
Week 3,01 May 2012,1.27882,1.27972
Week 4,08 May 2012,1.28487,1.28581

Week 1,15 May 2012,1.28836,1.28919
Week 2,22 May 2012,1.28831,1.28914
Week 3,29 May 2012,1.27609,1.27691
Week 4,05 Jun 2012,1.26947,1.27058

Week 1,12 Jun 2012,1.25840,1.25921
Week 2,19 Jun 2012,1.24754,1.24835
Week 3,26 Jun 2012,1.24013,1.24095
Week 4,03 Jul 2012,1.21500,1.21550

Week 1,10 Jul 2012,1.20067,1.20119
Week 2,17 Jul 2012,1.18235,1.18283
Week 3,24 Jul 2012,1.17735,1.17788
Week 4,31 Jul 2012,1.16934,1.16981

Week 1,07 Aug 2012,1.16744,1.16791
Week 2,14 Aug 2012,1.17633,1.17680
Week 3,21 Aug 2012,1.19443,1.19491
Week 4,28 Aug 2012,1.21258,1.21306

Week 1,04 Sep 2012,1.23060,1.23110
Week 2,11 Sep 2012,1.23656,1.23706
Week 3,18 Sep 2012,1.24488,1.24538
Week 4,25 Sep 2012,1.23939,1.23986

Week 1,02 Oct 2012,1.26492,1.26540
Week 2,09 Oct 2012,1.26423,1.26469
Week 3,16 Oct 2012,1.26309,1.26356
Week 4,23 Oct 2012,1.25445,1.25490

Week 1,30 Oct 2012,1.24543,1.24591
Week 2,06 Nov 2012,1.22685,1.22729
Week 3,13 Nov 2012,1.22717,1.22762
Week 4,20 Nov 2012,1.23640,1.23685

Week 1,27 Nov 2012,1.24150,1.24200
Week 2,04 Dec 2012,1.24223,1.24269
Week 3,11 Dec 2012,1.23944,1.23988
Week 4,18 Dec 2012,1.26019,1.26066

Week 1,25 Dec 2012,1.27335,1.27373
Week 2,01 Jan 2013,1.25685,1.25736
Week 3,08 Jan 2013,1.25279,1.25325
Week 4,15 Jan 2013,1.26552,1.26599

Week 1,22 Jan 2013,1.27544,1.27575
Week 2,29 Jan 2013,1.30117,1.30156
Week 3,05 Feb 2013,1.30150,1.30197
Week 4,12 Feb 2013,1.29788,1.29834

Week 1,19 Feb 2013,1.28730,1.28776
Week 2,26 Feb 2013,1.27794,1.27840
Week 3,05 Mar 2013,1.27276,1.27322
Week 4,12 Mar 2013,1.25940,1.25977

Week 1,19 Mar 2013,1.24338,1.24378
Week 2,26 Mar 2013,1.23007,1.23071
Week 3,02 Apr 2013,1.23725,1.23801
Week 4,09 Apr 2013,1.24598,1.24673

Week 1,16 Apr 2013,1.26576,1.26627
Week 2,23 Apr 2013,1.26735,1.26811
Week 3,30 Apr 2013,1.27188,1.27264
Week 4,07 May 2013,1.28860,1.28936

Week 1,14 May 2013,1.31017,1.31093
Week 2,21 May 2013,1.32797,1.32874
Week 3,28 May 2013,1.34779,1.34859
Week 4,04 Jun 2013,1.37365,1.37444

Week 1,11 Jun 2013,1.39859,1.39939
Week 2,18 Jun 2013,1.41721,1.41802
Week 3,25 Jun 2013,1.41487,1.41567
Week 4,02 Jul 2013,1.41785,1.41865

Week 1,09 Jul 2013,1.42165,1.42234
Week 2,16 Jul 2013,1.42934,1.43012
Week 3,23 Jul 2013,1.43211,1.43288
Week 4,30 Jul 2013,1.47308,1.47386

Week 1,06 Aug 2013,1.46980,1.47059
Week 2,13 Aug 2013,1.45291,1.45355
Week 3,20 Aug 2013,1.47692,1.47770
Week 4,27 Aug 2013,1.48593,1.48671

Week 1,03 Sep 2013,1.44529,1.44606
Week 2,10 Sep 2013,1.43367,1.43441
Week 3,17 Sep 2013,1.43237,1.43290
Week 4,24 Sep 2013,1.44265,1.44321

Week 1,01 Oct 2013,1.44314,1.44389
Week 2,08 Oct 2013,1.43336,1.43411
Week 3,15 Oct 2013,1.41950,1.42003
Week 4,22 Oct 2013,1.42966,1.43039

Week 1,29 Oct 2013,1.43763,1.43814
Week 2,05 Nov 2013,1.42143,1.42200
Week 3,12 Nov 2013,1.43907,1.43961
Week 4,19 Nov 2013,1.45514,1.45588

Week 1,26 Nov 2013,1.48826,1.48880
Week 2,03 Dec 2013,1.49997,1.50072
Week 3,10 Dec 2013,1.52254,1.52330
Week 4,17 Dec 2013,1.53834,1.53911

Week 1,24 Dec 2013,1.54027,1.54096
Week 2,31 Dec 2013,1.53412,1.53491
Week 3,07 Jan 2014,1.52324,1.52388
Week 4,14 Jan 2014,1.53221,1.53292

Week 1,21 Jan 2014,1.55344,1.55422
Week 2,28 Jan 2014,1.55149,1.55227
Week 3,04 Feb 2014,1.52216,1.52280
Week 4,11 Feb 2014,1.51648,1.51724

Week 1,18 Feb 2014,1.52476,1.52552
Week 2,25 Feb 2014,1.53320,1.53396
Week 3,04 Mar 2014,1.53110,1.53187
Week 4,11 Mar 2014,1.53930,1.53994

Week 1,18 Mar 2014,1.52525,1.52603
Week 2,25 Mar 2014,1.49618,1.49660
Week 3,01 Apr 2014,1.48401,1.48457
Week 4,08 Apr 2014,1.47663,1.47715

Week 1,15 Apr 2014,1.47675,1.47755
Week 2,22 Apr 2014,1.48629,1.48684
Week 3,29 Apr 2014,1.49409,1.49471
Week 4,06 May 2014,1.48237,1.48295

Week 1,13 May 2014,1.46416,1.46491
Week 2,20 May 2014,1.47599,1.47669
Week 3,27 May 2014,1.46842,1.46904
Week 4,03 Jun 2014,1.46510,1.46564

Week 1,10 Jun 2014,1.44394,1.44447
Week 2,17 Jun 2014,1.44738,1.44787
Week 3,24 Jun 2014,1.44711,1.44785
Week 4,01 Jul 2014,1.45050,1.45086

Week 1,08 Jul 2014,1.44911,1.44985
Week 2,15 Jul 2014,1.44462,1.44510
Week 3,22 Jul 2014,1.43139,1.43185
Week 4,29 Jul 2014,1.43600,1.43667

Week 1,05 Aug 2014,1.44084,1.44125
Week 2,12 Aug 2014,1.43869,1.43930
Week 3,19 Aug 2014,1.42741,1.42785
Week 4,26 Aug 2014,1.41134,1.41187

Week 1,02 Sep 2014,1.39588,1.39633
Week 2,09 Sep 2014,1.41409,1.41445
Week 3,16 Sep 2014,1.43506,1.43552
Week 4,23 Sep 2014,1.44661,1.44725

Week 1,30 Sep 2014,1.44482,1.44536
Week 2,07 Oct 2014,1.44504,1.44580
Week 3,14 Oct 2014,1.45563,1.45617
Week 4,21 Oct 2014,1.44498,1.44575

Week 1,28 Oct 2014,1.43182,1.43231
Week 2,04 Nov 2014,1.44149,1.44211
Week 3,11 Nov 2014,1.43301,1.43377
Week 4,18 Nov 2014,1.43793,1.43869

Week 1,25 Nov 2014,1.45654,1.45731
Week 2,02 Dec 2014,1.47171,1.47248
Week 3,09 Dec 2014,1.49786,1.49864
Week 4,16 Dec 2014,1.50945,1.51008

Week 1,23 Dec 2014,1.50183,1.50263
Week 2,30 Dec 2014,1.48582,1.48626
Week 3,06 Jan 2015,1.45838,1.45894
Week 4,13 Jan 2015,1.42718,1.42798

Week 1,20 Jan 2015,1.41650,1.41731
Week 2,27 Jan 2015,1.43861,1.43943
Week 3,03 Feb 2015,1.45978,1.46061
Week 4,10 Feb 2015,1.46317,1.46399

Week 1,17 Feb 2015,1.45657,1.45739
Week 2,24 Feb 2015,1.44133,1.44214
Week 3,03 Mar 2015,1.41836,1.41915
Week 4,10 Mar 2015,1.38883,1.38942

Week 1,17 Mar 2015,1.38928,1.39012
Week 2,24 Mar 2015,1.39597,1.39680
Week 3,31 Mar 2015,1.42452,1.42537
Week 4,07 Apr 2015,1.40162,1.40247

Week 1,14 Apr 2015,1.38868,1.38952
Week 2,21 Apr 2015,1.38756,1.38838
Week 3,28 Apr 2015,1.40318,1.40401
Week 4,05 May 2015,1.41652,1.41735

Week 1,12 May 2015,1.41348,1.41430
Week 2,19 May 2015,1.40992,1.41075
Week 3,26 May 2015,1.42019,1.42102
Week 4,02 Jun 2015,1.44745,1.44829

Week 1,09 Jun 2015,1.45921,1.46006
Week 2,16 Jun 2015,1.45787,1.45871
Week 3,23 Jun 2015,1.45526,1.45610
Week 4,30 Jun 2015,1.46003,1.46090

Week 1,07 Jul 2015,1.48617,1.48703
Week 2,14 Jul 2015,1.47620,1.47699
Week 3,21 Jul 2015,1.48859,1.48943
Week 4,28 Jul 2015,1.50738,1.50822

Week 1,04 Aug 2015,1.48471,1.48539
Week 2,11 Aug 2015,1.50541,1.50624
Week 3,18 Aug 2015,1.52665,1.52749
Week 4,25 Aug 2015,1.57596,1.57709

Week 1,01 Sep 2015,1.59778,1.59868
Week 2,08 Sep 2015,1.59835,1.59926
Week 3,15 Sep 2015,1.57849,1.57938
Week 4,22 Sep 2015,1.58697,1.58786

Week 1,29 Sep 2015,1.59470,1.59560
Week 2,06 Oct 2015,1.56226,1.56314
Week 3,13 Oct 2015,1.56027,1.56115
Week 4,20 Oct 2015,1.54740,1.54828

Week 1,27 Oct 2015,1.53837,1.53925
Week 2,03 Nov 2015,1.52651,1.52716
Week 3,10 Nov 2015,1.51604,1.51691
Week 4,17 Nov 2015,1.48925,1.49012

Week 1,24 Nov 2015,1.47122,1.47209
Week 2,01 Dec 2015,1.46910,1.46995
Week 3,08 Dec 2015,1.51141,1.51228
Week 4,15 Dec 2015,1.51665,1.51754

Week 1,22 Dec 2015,1.51049,1.51115
Week 2,29 Dec 2015,1.49718,1.49761
Week 3,05 Jan 2016,1.53637,1.53725
Week 4,12 Jan 2016,1.56906,1.56996

Week 1,19 Jan 2016,1.56356,1.56446
Week 2,26 Jan 2016,1.54083,1.54155
Week 3,02 Feb 2016,1.55612,1.55700
Week 4,09 Feb 2016,1.58683,1.58772

Week 1,16 Feb 2016,1.56009,1.56086
Week 2,23 Feb 2016,1.53185,1.53271
Week 3,01 Mar 2016,1.49713,1.49793
Week 4,08 Mar 2016,1.47693,1.47778

Week 1,15 Mar 2016,1.48175,1.48260
Week 2,22 Mar 2016,1.48296,1.48389
Week 3,29 Mar 2016,1.48230,1.48316
Week 4,05 Apr 2016,1.50450,1.50534

Week 1,12 Apr 2016,1.47505,1.47590
Week 2,19 Apr 2016,1.45661,1.45735
Week 3,26 Apr 2016,1.48450,1.48535
Week 4,03 May 2016,1.53329,1.53399

Week 1,10 May 2016,1.55247,1.55331
Week 2,17 May 2016,1.55113,1.55196
Week 3,24 May 2016,1.54974,1.55045
Week 4,31 May 2016,1.54276,1.54352

Week 1,07 Jun 2016,1.52841,1.52912
Week 2,14 Jun 2016,1.52380,1.52463
Week 3,21 Jun 2016,1.50106,1.50199
Week 4,28 Jun 2016,1.49005,1.49092

Week 1,05 Jul 2016,1.47347,1.47432
Week 2,12 Jul 2016,1.45712,1.45795
Week 3,19 Jul 2016,1.46852,1.46936
Week 4,26 Jul 2016,1.46991,1.47075

Week 1,02 Aug 2016,1.46467,1.46550
Week 2,09 Aug 2016,1.45212,1.45295
Week 3,16 Aug 2016,1.47350,1.47416
Week 4,23 Aug 2016,1.48103,1.48186

Week 1,30 Aug 2016,1.47837,1.47917
Week 2,06 Sep 2016,1.47456,1.47538
Week 3,13 Sep 2016,1.49453,1.49532
Week 4,20 Sep 2016,1.47337,1.47419

Week 1,27 Sep 2016,1.46668,1.46750
Week 2,04 Oct 2016,1.47023,1.47090
Week 3,11 Oct 2016,1.45492,1.45574
Week 4,18 Oct 2016,1.43213,1.43294

Week 1,25 Oct 2016,1.43390,1.43472
Week 2,01 Nov 2016,1.44622,1.44703
Week 3,08 Nov 2016,1.43523,1.43608
Week 4,15 Nov 2016,1.43303,1.43386

Week 1,22 Nov 2016,1.42983,1.43068
Week 2,29 Nov 2016,1.42809,1.42890
Week 3,06 Dec 2016,1.42832,1.42907
Week 4,13 Dec 2016,1.42164,1.42245

Week 1,20 Dec 2016,1.44457,1.44540
Week 2,27 Dec 2016,1.45585,1.45694
Week 3,03 Jan 2017,1.44510,1.44616
Week 4,10 Jan 2017,1.42549,1.42630

Week 1,17 Jan 2017,1.41516,1.41597
Week 2,24 Jan 2017,1.41814,1.41897
Week 3,31 Jan 2017,1.41124,1.41205
Week 4,07 Feb 2017,1.39486,1.39552

Week 1,14 Feb 2017,1.38290,1.38369
Week 2,21 Feb 2017,1.37541,1.37620
Week 3,28 Feb 2017,1.38602,1.38680
Week 4,07 Mar 2017,1.40410,1.40480

Week 1,14 Mar 2017,1.39980,1.40058
Week 2,21 Mar 2017,1.40767,1.40839
Week 3,28 Mar 2017,1.40667,1.40743
Week 4,04 Apr 2017,1.40928,1.40981

Week 1,11 Apr 2017,1.40695,1.40779
Week 2,18 Apr 2017,1.41845,1.41925
Week 3,25 Apr 2017,1.45101,1.45181
Week 4,02 May 2017,1.46853,1.46933

Week 1,09 May 2017,1.47813,1.47891
Week 2,16 May 2017,1.49457,1.49535
Week 3,23 May 2017,1.50065,1.50143
Week 4,30 May 2017,1.50981,1.51060

Week 1,06 Jun 2017,1.49306,1.49385
Week 2,13 Jun 2017,1.47608,1.47686
Week 3,20 Jun 2017,1.47484,1.47522
Week 4,27 Jun 2017,1.48502,1.48574

Week 1,04 Jul 2017,1.49470,1.49549
Week 2,11 Jul 2017,1.48117,1.48152
Week 3,18 Jul 2017,1.46511,1.46546
Week 4,25 Jul 2017,1.46867,1.46930

Week 1,01 Aug 2017,1.48445,1.48482
Week 2,08 Aug 2017,1.49273,1.49311
Week 3,15 Aug 2017,1.48849,1.48887
Week 4,22 Aug 2017,1.49444,1.49480

Week 1,29 Aug 2017,1.49872,1.49918
Week 2,05 Sep 2017,1.49270,1.49312
Week 3,12 Sep 2017,1.49085,1.49124
Week 4,19 Sep 2017,1.49762,1.49800

Week 1,26 Sep 2017,1.49791,1.49821
Week 2,03 Oct 2017,1.50404,1.50445
Week 3,10 Oct 2017,1.50911,1.50948
Week 4,17 Oct 2017,1.50343,1.50378

Week 1,24 Oct 2017,1.51570,1.51606
Week 2,31 Oct 2017,1.51615,1.51648
Week 3,07 Nov 2017,1.51652,1.51686
Week 4,14 Nov 2017,1.54924,1.54959

Week 1,21 Nov 2017,1.55683,1.55736
Week 2,28 Nov 2017,1.56485,1.56521
Week 3,05 Dec 2017,1.55751,1.55781


