EUR->BRL

Week 1,15 Dec 1998,1.41982,1.42051
Week 2,22 Dec 1998,1.40770,1.40838
Week 3,29 Dec 1998,1.41349,1.41458
Week 4,05 Jan 1999,1.40928,1.41027

Week 1,12 Jan 1999,1.59518,1.61206
Week 2,19 Jan 1999,1.88187,1.90416
Week 3,26 Jan 1999,2.24326,2.28107
Week 4,02 Feb 1999,2.04669,2.06857

Week 1,09 Feb 1999,2.14833,2.17098
Week 2,16 Feb 1999,2.13380,2.15543
Week 3,23 Feb 1999,2.23324,2.24835
Week 4,02 Mar 1999,2.22279,2.24002

Week 1,09 Mar 1999,2.06474,2.07453
Week 2,16 Mar 1999,2.02388,2.03455
Week 3,23 Mar 1999,1.94253,1.95068
Week 4,30 Mar 1999,1.85047,1.86681

Week 1,06 Apr 1999,1.84724,1.85434
Week 2,13 Apr 1999,1.78790,1.79566
Week 3,20 Apr 1999,1.80142,1.81074
Week 4,27 Apr 1999,1.77358,1.77782

Week 1,04 May 1999,1.79168,1.79469
Week 2,11 May 1999,1.76678,1.76987
Week 3,18 May 1999,1.78968,1.79337
Week 4,25 May 1999,1.81145,1.81416

Week 1,01 Jun 1999,1.78883,1.79287
Week 2,08 Jun 1999,1.83820,1.84156
Week 3,15 Jun 1999,1.82980,1.83357
Week 4,22 Jun 1999,1.85775,1.86123

Week 1,29 Jun 1999,1.82607,1.82963
Week 2,06 Jul 1999,1.82513,1.82808
Week 3,13 Jul 1999,1.83850,1.84190
Week 4,20 Jul 1999,1.89798,1.90075

Week 1,27 Jul 1999,1.92169,1.92536
Week 2,03 Aug 1999,1.95690,1.96095
Week 3,10 Aug 1999,1.97463,1.97812
Week 4,17 Aug 1999,2.01053,2.01648

Week 1,24 Aug 1999,2.01676,2.02152
Week 2,31 Aug 1999,2.03805,2.04250
Week 3,07 Sep 1999,1.97066,1.97496
Week 4,14 Sep 1999,1.95411,1.95729

Week 1,21 Sep 1999,1.98556,1.98882
Week 2,28 Sep 1999,2.06179,2.06540
Week 3,05 Oct 1999,2.06850,2.07342
Week 4,12 Oct 1999,2.09095,2.09727

Week 1,19 Oct 1999,2.13498,2.13817
Week 2,26 Oct 1999,2.07374,2.07882
Week 3,02 Nov 1999,2.01494,2.02033
Week 4,09 Nov 1999,2.00034,2.00425

Week 1,16 Nov 1999,1.99557,1.99865
Week 2,23 Nov 1999,1.96204,1.96410
Week 3,30 Nov 1999,1.93523,1.93730
Week 4,07 Dec 1999,1.90370,1.90645

Week 1,14 Dec 1999,1.84196,1.84645
Week 2,21 Dec 1999,1.84692,1.85079
Week 3,28 Dec 1999,1.82332,1.82700
Week 4,04 Jan 2000,1.88672,1.89047

Week 1,11 Jan 2000,1.85214,1.85498
Week 2,18 Jan 2000,1.80219,1.80446
Week 3,25 Jan 2000,1.76437,1.76786
Week 4,01 Feb 2000,1.74095,1.74402

Week 1,08 Feb 2000,1.74474,1.74700
Week 2,15 Feb 2000,1.74695,1.74991
Week 3,22 Feb 2000,1.75412,1.75674
Week 4,29 Feb 2000,1.69371,1.69662

Week 1,07 Mar 2000,1.67718,1.68030
Week 2,14 Mar 2000,1.68591,1.68859
Week 3,21 Mar 2000,1.68150,1.68455
Week 4,28 Mar 2000,1.66585,1.66800

Week 1,04 Apr 2000,1.66920,1.67194
Week 2,11 Apr 2000,1.69331,1.69623
Week 3,18 Apr 2000,1.67577,1.67802
Week 4,25 Apr 2000,1.65205,1.65471

Week 1,02 May 2000,1.62383,1.62668
Week 2,09 May 2000,1.65956,1.66219
Week 3,16 May 2000,1.64873,1.65083
Week 4,23 May 2000,1.69263,1.69570

Week 1,30 May 2000,1.70130,1.70404
Week 2,06 Jun 2000,1.71650,1.71955
Week 3,13 Jun 2000,1.73309,1.73608
Week 4,20 Jun 2000,1.71132,1.71410

Week 1,27 Jun 2000,1.71799,1.72034
Week 2,04 Jul 2000,1.71281,1.71545
Week 3,11 Jul 2000,1.69833,1.70099
Week 4,18 Jul 2000,1.67555,1.67855

Week 1,25 Jul 2000,1.66183,1.66465
Week 2,01 Aug 2000,1.63186,1.63419
Week 3,08 Aug 2000,1.62417,1.62695
Week 4,15 Aug 2000,1.64730,1.64964

Week 1,22 Aug 2000,1.64012,1.64273
Week 2,29 Aug 2000,1.63551,1.63756
Week 3,05 Sep 2000,1.59358,1.59644
Week 4,12 Sep 2000,1.57431,1.57604

Week 1,19 Sep 2000,1.59587,1.59804
Week 2,26 Sep 2000,1.62285,1.62539
Week 3,03 Oct 2000,1.61642,1.62229
Week 4,10 Oct 2000,1.60573,1.60869

Week 1,17 Oct 2000,1.58525,1.58811
Week 2,24 Oct 2000,1.59992,1.60288
Week 3,31 Oct 2000,1.65299,1.65635
Week 4,07 Nov 2000,1.68168,1.68466

Week 1,14 Nov 2000,1.66755,1.67049
Week 2,21 Nov 2000,1.63391,1.63655
Week 3,28 Nov 2000,1.70931,1.71191
Week 4,05 Dec 2000,1.74519,1.74806

Week 1,12 Dec 2000,1.74167,1.74396
Week 2,19 Dec 2000,1.78409,1.78681
Week 3,26 Dec 2000,1.82502,1.82785
Week 4,02 Jan 2001,1.84669,1.84896

Week 1,09 Jan 2001,1.84678,1.84991
Week 2,16 Jan 2001,1.83276,1.83583
Week 3,23 Jan 2001,1.82508,1.82797
Week 4,30 Jan 2001,1.84584,1.84910

Week 1,06 Feb 2001,1.84649,1.84901
Week 2,13 Feb 2001,1.82675,1.82957
Week 3,20 Feb 2001,1.85560,1.85844
Week 4,27 Feb 2001,1.88422,1.88770

Week 1,06 Mar 2001,1.89952,1.90228
Week 2,13 Mar 2001,1.90040,1.90331
Week 3,20 Mar 2001,1.92281,1.92558
Week 4,27 Mar 2001,1.89145,1.89415

Week 1,03 Apr 2001,1.94236,1.94506
Week 2,10 Apr 2001,1.91357,1.91679
Week 3,17 Apr 2001,1.98613,1.98864
Week 4,24 Apr 2001,1.99989,2.00337

Week 1,01 May 2001,1.97166,1.97425
Week 2,08 May 2001,1.99105,1.99415
Week 3,15 May 2001,2.03521,2.03857
Week 4,22 May 2001,2.01440,2.01743

Week 1,29 May 2001,2.00962,2.01206
Week 2,05 Jun 2001,2.01458,2.01702
Week 3,12 Jun 2001,2.06544,2.06835
Week 4,19 Jun 2001,2.04008,2.04245

Week 1,26 Jun 2001,1.97509,1.97748
Week 2,03 Jul 2001,2.03585,2.03845
Week 3,10 Jul 2001,2.16268,2.16562
Week 4,17 Jul 2001,2.15947,2.16271

Week 1,24 Jul 2001,2.15567,2.15789
Week 2,31 Jul 2001,2.18477,2.18743
Week 3,07 Aug 2001,2.18898,2.19182
Week 4,14 Aug 2001,2.28412,2.28660

Week 1,21 Aug 2001,2.31930,2.32200
Week 2,28 Aug 2001,2.32855,2.33132
Week 3,04 Sep 2001,2.31737,2.32007
Week 4,11 Sep 2001,2.43020,2.43203

Week 1,18 Sep 2001,2.44818,2.56342
Week 2,25 Sep 2001,2.39721,2.55730
Week 3,02 Oct 2001,2.40128,2.56272
Week 4,09 Oct 2001,2.44872,2.60997

Week 1,16 Oct 2001,2.40442,2.56525
Week 2,23 Oct 2001,2.35382,2.51488
Week 3,30 Oct 2001,2.35845,2.51908
Week 4,06 Nov 2001,2.24773,2.40897

Week 1,13 Nov 2001,2.16945,2.33073
Week 2,20 Nov 2001,2.15377,2.29195
Week 3,27 Nov 2001,2.14756,2.30951
Week 4,04 Dec 2001,2.08708,2.24808

Week 1,11 Dec 2001,2.04860,2.20964
Week 2,18 Dec 2001,2.00919,2.16954
Week 3,25 Dec 2001,1.96545,2.12531
Week 4,01 Jan 2002,1.97903,2.14031

Week 1,08 Jan 2002,2.05709,2.21821
Week 2,15 Jan 2002,2.02968,2.19045
Week 3,22 Jan 2002,2.00456,2.16505
Week 4,29 Jan 2002,2.00129,2.16245

Week 1,05 Feb 2002,2.03650,2.19794
Week 2,12 Feb 2002,2.05309,2.21420
Week 3,19 Feb 2002,2.03529,2.19649
Week 4,26 Feb 2002,1.97941,2.13992

Week 1,05 Mar 2002,1.97837,2.13939
Week 2,12 Mar 2002,1.98136,2.14229
Week 3,19 Mar 2002,1.98247,2.14325
Week 4,26 Mar 2002,1.97867,2.09423

Week 1,02 Apr 2002,1.99140,2.06163
Week 2,09 Apr 2002,1.97220,2.04305
Week 3,16 Apr 2002,2.01674,2.10974
Week 4,23 Apr 2002,2.07873,2.14931

Week 1,30 Apr 2002,2.13082,2.20243
Week 2,07 May 2002,2.20518,2.27530
Week 3,14 May 2002,2.23027,2.32364
Week 4,21 May 2002,2.22780,2.38918

Week 1,28 May 2002,2.34512,2.34820
Week 2,04 Jun 2002,2.46483,2.46795
Week 3,11 Jun 2002,2.52626,2.59693
Week 4,18 Jun 2002,2.65522,2.65822

Week 1,25 Jun 2002,2.77682,2.77997
Week 2,02 Jul 2002,2.75798,2.85173
Week 3,09 Jul 2002,2.76035,2.83247
Week 4,16 Jul 2002,2.85702,2.92744

Week 1,23 Jul 2002,2.92625,2.95222
Week 2,30 Jul 2002,3.12703,3.20292
Week 3,06 Aug 2002,2.91492,2.94687
Week 4,13 Aug 2002,3.09453,3.10182

Week 1,20 Aug 2002,3.00187,3.07645
Week 2,27 Aug 2002,2.99312,3.06605
Week 3,03 Sep 2002,3.06888,3.09697
Week 4,10 Sep 2002,3.00617,3.07757

Week 1,17 Sep 2002,3.26739,3.33983
Week 2,24 Sep 2002,3.60471,3.67976
Week 3,01 Oct 2002,3.58567,3.66110
Week 4,08 Oct 2002,3.75495,3.85238

Week 1,15 Oct 2002,3.74079,3.79536
Week 2,22 Oct 2002,3.72276,3.79838
Week 3,29 Oct 2002,3.61485,3.69018
Week 4,05 Nov 2002,3.56027,3.63531

Week 1,12 Nov 2002,3.63064,3.72669
Week 2,19 Nov 2002,3.48936,3.58406
Week 3,26 Nov 2002,3.54082,3.61380
Week 4,03 Dec 2002,3.71692,3.79429

Week 1,10 Dec 2002,3.78859,3.86867
Week 2,17 Dec 2002,3.55688,3.63257
Week 3,24 Dec 2002,3.62823,3.69993
Week 4,31 Dec 2002,3.63360,3.71090

Week 1,07 Jan 2003,3.43897,3.53550
Week 2,14 Jan 2003,3.47749,3.55046
Week 3,21 Jan 2003,3.75964,3.83412
Week 4,28 Jan 2003,3.81440,3.88794

Week 1,04 Feb 2003,3.82401,3.92004
Week 2,11 Feb 2003,3.86444,3.93976
Week 3,18 Feb 2003,3.81633,3.93448
Week 4,25 Feb 2003,3.83654,3.86564

Week 1,04 Mar 2003,3.81561,3.91197
Week 2,11 Mar 2003,3.68960,3.80713
Week 3,18 Mar 2003,3.62241,3.70233
Week 4,25 Mar 2003,3.59321,3.68868

Week 1,01 Apr 2003,3.49769,3.59426
Week 2,08 Apr 2003,3.39037,3.49407
Week 3,15 Apr 2003,3.31564,3.48051
Week 4,22 Apr 2003,3.26452,3.42267

Week 1,29 Apr 2003,3.19957,3.36614
Week 2,06 May 2003,3.29650,3.45866
Week 3,13 May 2003,3.28835,3.45048
Week 4,20 May 2003,3.42348,3.58504

Week 1,27 May 2003,3.42853,3.58972
Week 2,03 Jun 2003,3.32451,3.48558
Week 3,10 Jun 2003,3.28942,3.45100
Week 4,17 Jun 2003,3.28435,3.44526

Week 1,24 Jun 2003,3.22868,3.38989
Week 2,01 Jul 2003,3.17655,3.33846
Week 3,08 Jul 2003,3.17272,3.33423
Week 4,15 Jul 2003,3.14225,3.30390

Week 1,22 Jul 2003,3.22552,3.38744
Week 2,29 Jul 2003,3.25427,3.41639
Week 3,05 Aug 2003,3.32969,3.49138
Week 4,12 Aug 2003,3.31487,3.47643

Week 1,19 Aug 2003,3.21453,3.37563
Week 2,26 Aug 2003,3.16097,3.32297
Week 3,02 Sep 2003,3.19099,3.26195
Week 4,09 Sep 2003,3.26672,3.27021

Week 1,16 Sep 2003,3.27964,3.28306
Week 2,23 Sep 2003,3.35618,3.35965
Week 3,30 Sep 2003,3.36612,3.36981
Week 4,07 Oct 2003,3.34422,3.34855

Week 1,14 Oct 2003,3.32483,3.32844
Week 2,21 Oct 2003,3.36535,3.36901
Week 3,28 Oct 2003,3.32738,3.33102
Week 4,04 Nov 2003,3.28594,3.28943

Week 1,11 Nov 2003,3.41425,3.41772
Week 2,18 Nov 2003,3.48283,3.48634
Week 3,25 Nov 2003,3.50048,3.50404
Week 4,02 Dec 2003,3.54911,3.55283

Week 1,09 Dec 2003,3.59633,3.60008
Week 2,16 Dec 2003,3.62051,3.62414
Week 3,23 Dec 2003,3.61096,3.61477
Week 4,30 Dec 2003,3.62232,3.62615

Week 1,06 Jan 2004,3.62920,3.63309
Week 2,13 Jan 2004,3.53296,3.53668
Week 3,20 Jan 2004,3.57042,3.57408
Week 4,27 Jan 2004,3.62483,3.63000

Week 1,03 Feb 2004,3.68378,3.68768
Week 2,10 Feb 2004,3.70589,3.70969
Week 3,17 Feb 2004,3.72020,3.72378
Week 4,24 Feb 2004,3.66602,3.66988

Week 1,02 Mar 2004,3.54407,3.54790
Week 2,09 Mar 2004,3.55036,3.55401
Week 3,16 Mar 2004,3.56534,3.56891
Week 4,23 Mar 2004,3.56752,3.57130

Week 1,30 Mar 2004,3.53682,3.54038
Week 2,06 Apr 2004,3.48052,3.48409
Week 3,13 Apr 2004,3.47787,3.48139
Week 4,20 Apr 2004,3.46216,3.46570

Week 1,27 Apr 2004,3.50146,3.50490
Week 2,04 May 2004,3.60876,3.61245
Week 3,11 May 2004,3.68784,3.69146
Week 4,18 May 2004,3.79568,3.79926

Week 1,25 May 2004,3.79773,3.80158
Week 2,01 Jun 2004,3.84769,3.85122
Week 3,08 Jun 2004,3.78663,3.79120
Week 4,15 Jun 2004,3.79792,3.80207

Week 1,22 Jun 2004,3.77963,3.78335
Week 2,29 Jun 2004,3.75528,3.75909
Week 3,06 Jul 2004,3.75877,3.76259
Week 4,13 Jul 2004,3.73908,3.74246

Week 1,20 Jul 2004,3.70530,3.70966
Week 2,27 Jul 2004,3.67200,3.67602
Week 3,03 Aug 2004,3.70023,3.70405
Week 4,10 Aug 2004,3.72309,3.72659

Week 1,17 Aug 2004,3.67620,3.67978
Week 2,24 Aug 2004,3.56419,3.56761
Week 3,31 Aug 2004,3.54887,3.55221
Week 4,07 Sep 2004,3.53787,3.54151

Week 1,14 Sep 2004,3.52048,3.52387
Week 2,21 Sep 2004,3.52241,3.52589
Week 3,28 Sep 2004,3.52433,3.52811
Week 4,05 Oct 2004,3.49393,3.49773

Week 1,12 Oct 2004,3.52885,3.53243
Week 2,19 Oct 2004,3.61436,3.61786
Week 3,26 Oct 2004,3.65626,3.65988
Week 4,02 Nov 2004,3.63866,3.64229

Week 1,09 Nov 2004,3.63460,3.63816
Week 2,16 Nov 2004,3.61406,3.61781
Week 3,23 Nov 2004,3.62065,3.62435
Week 4,30 Nov 2004,3.63085,3.63621

Week 1,07 Dec 2004,3.67059,3.67667
Week 2,14 Dec 2004,3.63865,3.64301
Week 3,21 Dec 2004,3.63086,3.63565
Week 4,28 Dec 2004,3.62475,3.63175

Week 1,04 Jan 2005,3.57250,3.57638
Week 2,11 Jan 2005,3.55135,3.55598
Week 3,18 Jan 2005,3.51652,3.52106
Week 4,25 Jan 2005,3.46911,3.47306

Week 1,01 Feb 2005,3.38546,3.38873
Week 2,08 Feb 2005,3.34523,3.34977
Week 3,15 Feb 2005,3.36413,3.36908
Week 4,22 Feb 2005,3.45050,3.45460

Week 1,01 Mar 2005,3.48502,3.49081
Week 2,08 Mar 2005,3.54881,3.55656
Week 3,15 Mar 2005,3.58642,3.59165
Week 4,22 Mar 2005,3.55894,3.56323

Week 1,29 Mar 2005,3.45599,3.45935
Week 2,05 Apr 2005,3.35366,3.35715
Week 3,12 Apr 2005,3.34205,3.34571
Week 4,19 Apr 2005,3.33899,3.34263

Week 1,26 Apr 2005,3.26163,3.26558
Week 2,03 May 2005,3.18518,3.18993
Week 3,10 May 2005,3.13354,3.13906
Week 4,17 May 2005,3.09280,3.09717

Week 1,24 May 2005,3.01873,3.02361
Week 2,31 May 2005,2.96394,2.96827
Week 3,07 Jun 2005,3.00763,3.01257
Week 4,14 Jun 2005,2.92762,2.93151

Week 1,21 Jun 2005,2.88286,2.88702
Week 2,28 Jun 2005,2.83348,2.83792
Week 3,05 Jul 2005,2.83110,2.83454
Week 4,12 Jul 2005,2.82681,2.83104

Week 1,19 Jul 2005,2.86059,2.86474
Week 2,26 Jul 2005,2.91692,2.91992
Week 3,02 Aug 2005,2.86047,2.86430
Week 4,09 Aug 2005,2.90144,2.90625

Week 1,16 Aug 2005,2.92608,2.93062
Week 2,23 Aug 2005,2.94818,2.95251
Week 3,30 Aug 2005,2.91897,2.92357
Week 4,06 Sep 2005,2.88317,2.88774

Week 1,13 Sep 2005,2.82727,2.83222
Week 2,20 Sep 2005,2.75356,2.75800
Week 3,27 Sep 2005,2.68534,2.68984
Week 4,04 Oct 2005,2.71832,2.72264

Week 1,11 Oct 2005,2.70058,2.70527
Week 2,18 Oct 2005,2.69422,2.69855
Week 3,25 Oct 2005,2.73884,2.74194
Week 4,01 Nov 2005,2.66039,2.66482

Week 1,08 Nov 2005,2.55081,2.55502
Week 2,15 Nov 2005,2.59520,2.59952
Week 3,22 Nov 2005,2.62810,2.63246
Week 4,29 Nov 2005,2.59321,2.59756

Week 1,06 Dec 2005,2.60233,2.60670
Week 2,13 Dec 2005,2.73121,2.73543
Week 3,20 Dec 2005,2.77606,2.78046
Week 4,27 Dec 2005,2.77419,2.77883

Week 1,03 Jan 2006,2.76444,2.76951
Week 2,10 Jan 2006,2.74488,2.74941
Week 3,17 Jan 2006,2.77374,2.77832
Week 4,24 Jan 2006,2.72836,2.73235

Week 1,31 Jan 2006,2.67238,2.67660
Week 2,07 Feb 2006,2.60048,2.60499
Week 3,14 Feb 2006,2.53600,2.54014
Week 4,21 Feb 2006,2.54157,2.54599

Week 1,28 Feb 2006,2.53592,2.54010
Week 2,07 Mar 2006,2.56806,2.57236
Week 3,14 Mar 2006,2.56372,2.56783
Week 4,21 Mar 2006,2.59355,2.60023

Week 1,28 Mar 2006,2.63756,2.64699
Week 2,04 Apr 2006,2.59791,2.60743
Week 3,11 Apr 2006,2.58873,2.59797
Week 4,18 Apr 2006,2.60979,2.61903

Week 1,25 Apr 2006,2.63256,2.64181
Week 2,02 May 2006,2.61515,2.62518
Week 3,09 May 2006,2.67812,2.68738
Week 4,16 May 2006,2.78748,2.79715

Week 1,23 May 2006,2.91702,2.92649
Week 2,30 May 2006,2.92474,2.93676
Week 3,06 Jun 2006,2.88674,2.89594
Week 4,13 Jun 2006,2.85832,2.86888

Week 1,20 Jun 2006,2.81481,2.82463
Week 2,27 Jun 2006,2.77915,2.78891
Week 3,04 Jul 2006,2.77558,2.78568
Week 4,11 Jul 2006,2.73262,2.85160

Week 1,18 Jul 2006,2.76357,2.77305
Week 2,25 Jul 2006,2.77438,2.78382
Week 3,01 Aug 2006,2.78583,2.79600
Week 4,08 Aug 2006,2.77202,2.78267

Week 1,15 Aug 2006,2.74467,2.75438
Week 2,22 Aug 2006,2.74551,2.75535
Week 3,29 Aug 2006,2.74075,2.76256
Week 4,05 Sep 2006,2.73396,2.74370

Week 1,12 Sep 2006,2.73804,2.74874
Week 2,19 Sep 2006,2.77473,2.78476
Week 3,26 Sep 2006,2.77281,2.78265
Week 4,03 Oct 2006,2.73776,2.74754

Week 1,10 Oct 2006,2.69213,2.70211
Week 2,17 Oct 2006,2.68074,2.69110
Week 3,24 Oct 2006,2.70151,2.71143
Week 4,31 Oct 2006,2.72331,2.73331

Week 1,07 Nov 2006,2.73841,2.74801
Week 2,14 Nov 2006,2.76130,2.77101
Week 3,21 Nov 2006,2.79896,2.80971
Week 4,28 Nov 2006,2.86717,2.87690

Week 1,05 Dec 2006,2.84800,2.85913
Week 2,12 Dec 2006,2.81932,2.82956
Week 3,19 Dec 2006,2.82690,2.83730
Week 4,26 Dec 2006,2.81322,2.82343

Week 1,02 Jan 2007,2.80740,2.81816
Week 2,09 Jan 2007,2.77638,2.78650
Week 3,16 Jan 2007,2.75941,2.76953
Week 4,23 Jan 2007,2.75860,2.76840

Week 1,30 Jan 2007,2.73809,2.74733
Week 2,06 Feb 2007,2.71679,2.72628
Week 3,13 Feb 2007,2.74177,2.75103
Week 4,20 Feb 2007,2.73924,2.74819

Week 1,27 Feb 2007,2.78554,2.79430
Week 2,06 Mar 2007,2.76932,2.77836
Week 3,13 Mar 2007,2.76843,2.77765
Week 4,20 Mar 2007,2.75004,2.75970

Week 1,27 Mar 2007,2.74413,2.75389
Week 2,03 Apr 2007,2.72011,2.72940
Week 3,10 Apr 2007,2.72503,2.73454
Week 4,17 Apr 2007,2.75178,2.76127

Week 1,24 Apr 2007,2.75992,2.76915
Week 2,01 May 2007,2.75427,2.76402
Week 3,08 May 2007,2.73297,2.74315
Week 4,15 May 2007,2.67004,2.67899

Week 1,22 May 2007,2.61742,2.62713
Week 2,29 May 2007,2.58821,2.59760
Week 3,05 Jun 2007,2.62192,2.63024
Week 4,12 Jun 2007,2.57091,2.58039

Week 1,19 Jun 2007,2.56875,2.57866
Week 2,26 Jun 2007,2.60790,2.61772
Week 3,03 Jul 2007,2.59544,2.60526
Week 4,10 Jul 2007,2.58382,2.59329

Week 1,17 Jul 2007,2.56537,2.57430
Week 2,24 Jul 2007,2.58249,2.59300
Week 3,31 Jul 2007,2.57262,2.58302
Week 4,07 Aug 2007,2.63229,2.64218

Week 1,14 Aug 2007,2.71064,2.71954
Week 2,21 Aug 2007,2.71297,2.72224
Week 3,28 Aug 2007,2.68084,2.69051
Week 4,04 Sep 2007,2.66423,2.68755

Week 1,11 Sep 2007,2.64866,2.65732
Week 2,18 Sep 2007,2.62285,2.63139
Week 3,25 Sep 2007,2.61672,2.62508
Week 4,02 Oct 2007,2.57205,2.58085

Week 1,09 Oct 2007,2.54535,2.55410
Week 2,16 Oct 2007,2.54705,2.58199
Week 3,23 Oct 2007,2.55865,2.56744
Week 4,30 Oct 2007,2.52897,2.53744

Week 1,06 Nov 2007,2.54805,2.55692
Week 2,13 Nov 2007,2.56035,2.56898
Week 3,20 Nov 2007,2.63035,2.63850
Week 4,27 Nov 2007,2.65449,2.66246

Week 1,04 Dec 2007,2.61176,2.62004
Week 2,11 Dec 2007,2.58990,2.59843
Week 3,18 Dec 2007,2.58505,2.59356
Week 4,25 Dec 2007,2.58072,2.58942

Week 1,01 Jan 2008,2.58080,2.61574
Week 2,08 Jan 2008,2.58625,2.59905
Week 3,15 Jan 2008,2.60333,2.61215
Week 4,22 Jan 2008,2.62430,2.63335

Week 1,29 Jan 2008,2.60692,2.61545
Week 2,05 Feb 2008,2.56380,2.57422
Week 3,12 Feb 2008,2.54869,2.57046
Week 4,19 Feb 2008,2.53724,2.54496

Week 1,26 Feb 2008,2.53214,2.54197
Week 2,04 Mar 2008,2.56508,2.57365
Week 3,11 Mar 2008,2.63347,2.64292
Week 4,18 Mar 2008,2.68475,2.69538

Week 1,25 Mar 2008,2.72261,2.73073
Week 2,01 Apr 2008,2.70761,2.71665
Week 3,08 Apr 2008,2.66660,2.67489
Week 4,15 Apr 2008,2.64111,2.65272

Week 1,22 Apr 2008,2.62460,2.63232
Week 2,29 Apr 2008,2.58349,2.59217
Week 3,06 May 2008,2.58771,2.59554
Week 4,13 May 2008,2.56785,2.57552

Week 1,20 May 2008,2.58960,2.59852
Week 2,27 May 2008,2.57011,2.57856
Week 3,03 Jun 2008,2.53407,2.54244
Week 4,10 Jun 2008,2.52811,2.53662

Week 1,17 Jun 2008,2.49845,2.50657
Week 2,24 Jun 2008,2.50954,2.51844
Week 3,01 Jul 2008,2.52388,2.53342
Week 4,08 Jul 2008,2.53166,2.54013

Week 1,15 Jul 2008,2.52579,2.53422
Week 2,22 Jul 2008,2.48458,2.49316
Week 3,29 Jul 2008,2.43851,2.44697
Week 4,05 Aug 2008,2.42579,2.43982

Week 1,12 Aug 2008,2.40502,2.41475
Week 2,19 Aug 2008,2.39365,2.40215
Week 3,26 Aug 2008,2.39140,2.39999
Week 4,02 Sep 2008,2.43237,2.44114

Week 1,09 Sep 2008,2.50267,2.51152
Week 2,16 Sep 2008,2.62752,2.64102
Week 3,23 Sep 2008,2.68198,2.69464
Week 4,30 Sep 2008,2.73526,2.75495

Week 1,07 Oct 2008,3.04075,3.06761
Week 2,14 Oct 2008,2.87922,2.92930
Week 3,21 Oct 2008,2.90588,2.92268
Week 4,28 Oct 2008,2.72862,2.77727

Week 1,04 Nov 2008,2.74330,2.75965
Week 2,11 Nov 2008,2.83256,2.86729
Week 3,18 Nov 2008,2.98449,3.00893
Week 4,25 Nov 2008,2.95091,2.97218

Week 1,02 Dec 2008,3.12979,3.16943
Week 2,09 Dec 2008,3.16038,3.19260
Week 3,16 Dec 2008,3.30169,3.31838
Week 4,23 Dec 2008,3.27761,3.38326

Week 1,30 Dec 2008,3.27497,3.29573
Week 2,06 Jan 2009,3.06701,3.08978
Week 3,13 Jan 2009,3.07432,3.11160
Week 4,20 Jan 2009,3.02941,3.07591

Week 1,27 Jan 2009,2.99034,3.00738
Week 2,03 Feb 2009,2.93466,2.96547
Week 3,10 Feb 2009,2.91474,2.94562
Week 4,17 Feb 2009,2.95410,2.99916

Week 1,24 Feb 2009,3.00596,3.03674
Week 2,03 Mar 2009,3.00060,3.03714
Week 3,10 Mar 2009,2.97173,2.99413
Week 4,17 Mar 2009,2.99772,3.03725

Week 1,24 Mar 2009,3.03864,3.04972
Week 2,31 Mar 2009,3.00365,3.03888
Week 3,07 Apr 2009,2.91132,2.92153
Week 4,14 Apr 2009,2.87124,2.88192

Week 1,21 Apr 2009,2.87664,2.91119
Week 2,28 Apr 2009,2.87745,2.89326
Week 3,05 May 2009,2.82090,2.85904
Week 4,12 May 2009,2.81827,2.83143

Week 1,19 May 2009,2.81028,2.82013
Week 2,26 May 2009,2.81059,2.82005
Week 3,02 Jun 2009,2.74289,2.78327
Week 4,09 Jun 2009,2.72154,2.73183

Week 1,16 Jun 2009,2.69951,2.74575
Week 2,23 Jun 2009,2.74926,2.75989
Week 3,30 Jun 2009,2.72076,2.75054
Week 4,07 Jul 2009,2.75547,2.78749

Week 1,14 Jul 2009,2.73442,2.74436
Week 2,21 Jul 2009,2.69560,2.70548
Week 3,28 Jul 2009,2.65986,2.66771
Week 4,04 Aug 2009,2.60225,2.63081

Week 1,11 Aug 2009,2.60889,2.61791
Week 2,18 Aug 2009,2.61011,2.64488
Week 3,25 Aug 2009,2.63868,2.68028
Week 4,01 Sep 2009,2.66486,2.67604

Week 1,08 Sep 2009,2.64718,2.65475
Week 2,15 Sep 2009,2.64999,2.65963
Week 3,22 Sep 2009,2.63760,2.66842
Week 4,29 Sep 2009,2.58670,2.61604

Week 1,06 Oct 2009,2.55417,2.59587
Week 2,13 Oct 2009,2.53179,2.57418
Week 3,20 Oct 2009,2.58032,2.58834
Week 4,27 Oct 2009,2.56516,2.59163

Week 1,03 Nov 2009,2.56151,2.57122
Week 2,10 Nov 2009,2.56477,2.57244
Week 3,17 Nov 2009,2.56441,2.57360
Week 4,24 Nov 2009,2.59830,2.60567

Week 1,01 Dec 2009,2.58532,2.59282
Week 2,08 Dec 2009,2.57767,2.58686
Week 3,15 Dec 2009,2.55436,2.56161
Week 4,22 Dec 2009,2.51345,2.56294

Week 1,29 Dec 2009,2.49583,2.50860
Week 2,05 Jan 2010,2.48643,2.49351
Week 3,12 Jan 2010,2.52619,2.54725
Week 4,19 Jan 2010,2.54396,2.55546

Week 1,26 Jan 2010,2.58364,2.60457
Week 2,02 Feb 2010,2.57121,2.58408
Week 3,09 Feb 2010,2.53107,2.55779
Week 4,16 Feb 2010,2.48145,2.50254

Week 1,23 Feb 2010,2.45785,2.48014
Week 2,02 Mar 2010,2.41090,2.45397
Week 3,09 Mar 2010,2.42031,2.43004
Week 4,16 Mar 2010,2.42227,2.43373

Week 1,23 Mar 2010,2.39825,2.44550
Week 2,30 Mar 2010,2.39831,2.41229
Week 3,06 Apr 2010,2.36279,2.38273
Week 4,13 Apr 2010,2.37196,2.38813

Week 1,20 Apr 2010,2.35141,2.35890
Week 2,27 Apr 2010,2.29546,2.32937
Week 3,04 May 2010,2.30079,2.34083
Week 4,11 May 2010,2.24448,2.25619

Week 1,18 May 2010,2.28537,2.29686
Week 2,25 May 2010,2.25294,2.27474
Week 3,01 Jun 2010,2.20434,2.24279
Week 4,08 Jun 2010,2.20301,2.21090

Week 1,15 Jun 2010,2.18468,2.22102
Week 2,22 Jun 2010,2.19033,2.20169
Week 3,29 Jun 2010,2.19759,2.23887
Week 4,06 Jul 2010,2.22520,2.23420

Week 1,13 Jul 2010,2.24147,2.28162
Week 2,20 Jul 2010,2.27646,2.29772
Week 3,27 Jul 2010,2.29159,2.29935
Week 4,03 Aug 2010,2.31530,2.32426

Week 1,10 Aug 2010,2.27961,2.28780
Week 2,17 Aug 2010,2.22975,2.26899
Week 3,24 Aug 2010,2.22049,2.25007
Week 4,31 Aug 2010,2.21564,2.23792

Week 1,07 Sep 2010,2.19169,2.19989
Week 2,14 Sep 2010,2.21296,2.24776
Week 3,21 Sep 2010,2.28564,2.29707
Week 4,28 Sep 2010,2.30268,2.32945

Week 1,05 Oct 2010,2.31822,2.33887
Week 2,12 Oct 2010,2.30746,2.33556
Week 3,19 Oct 2010,2.34189,2.35177
Week 4,26 Oct 2010,2.36759,2.37539

Week 1,02 Nov 2010,2.36701,2.37747
Week 2,09 Nov 2010,2.35089,2.35775
Week 3,16 Nov 2010,2.34116,2.34887
Week 4,23 Nov 2010,2.30642,2.31368

Week 1,30 Nov 2010,2.25143,2.25838
Week 2,07 Dec 2010,2.24601,2.25349
Week 3,14 Dec 2010,2.24922,2.27450
Week 4,21 Dec 2010,2.22144,2.23608

Week 1,28 Dec 2010,2.21005,2.22784
Week 2,04 Jan 2011,2.19104,2.19951
Week 3,11 Jan 2011,2.21090,2.22000
Week 4,18 Jan 2011,2.24179,2.26667

Week 1,25 Jan 2011,2.28272,2.29203
Week 2,01 Feb 2011,2.27158,2.29864
Week 3,08 Feb 2011,2.26501,2.27373
Week 4,15 Feb 2011,2.26191,2.27032

Week 1,22 Feb 2011,2.28341,2.29067
Week 2,01 Mar 2011,2.29531,2.30112
Week 3,08 Mar 2011,2.30202,2.30750
Week 4,15 Mar 2011,2.34091,2.34768

Week 1,22 Mar 2011,2.34595,2.35299
Week 2,29 Mar 2011,2.31344,2.31826
Week 3,05 Apr 2011,2.28540,2.29258
Week 4,12 Apr 2011,2.28039,2.28628

Week 1,19 Apr 2011,2.27072,2.27798
Week 2,26 Apr 2011,2.31063,2.31658
Week 3,03 May 2011,2.33512,2.34154
Week 4,10 May 2011,2.31098,2.31572

Week 1,17 May 2011,2.29869,2.30532
Week 2,24 May 2011,2.28997,2.29582
Week 3,31 May 2011,2.28709,2.29327
Week 4,07 Jun 2011,2.29948,2.30656

Week 1,14 Jun 2011,2.27804,2.28542
Week 2,21 Jun 2011,2.27420,2.27937
Week 3,28 Jun 2011,2.25998,2.26853
Week 4,05 Jul 2011,2.23990,2.24619

Week 1,12 Jul 2011,2.21941,2.22646
Week 2,19 Jul 2011,2.22505,2.22947
Week 3,26 Jul 2011,2.22950,2.23432
Week 4,02 Aug 2011,2.24417,2.25374

Week 1,09 Aug 2011,2.29710,2.30652
Week 2,16 Aug 2011,2.29214,2.30278
Week 3,23 Aug 2011,2.31433,2.32130
Week 4,30 Aug 2011,2.30448,2.31049

Week 1,06 Sep 2011,2.30848,2.31472
Week 2,13 Sep 2011,2.34389,2.34911
Week 3,20 Sep 2011,2.47797,2.48629
Week 4,27 Sep 2011,2.47316,2.48005

Week 1,04 Oct 2011,2.42803,2.43631
Week 2,11 Oct 2011,2.40447,2.41247
Week 3,18 Oct 2011,2.43718,2.44391
Week 4,25 Oct 2011,2.42433,2.43008

Week 1,01 Nov 2011,2.38527,2.39347
Week 2,08 Nov 2011,2.39729,2.40427
Week 3,15 Nov 2011,2.39520,2.40534
Week 4,22 Nov 2011,2.46850,2.47808

Week 1,29 Nov 2011,2.43118,2.44782
Week 2,06 Dec 2011,2.40739,2.41494
Week 3,13 Dec 2011,2.41827,2.42673
Week 4,20 Dec 2011,2.42012,2.42741

Week 1,27 Dec 2011,2.41968,2.42688
Week 2,03 Jan 2012,2.37246,2.37972
Week 3,10 Jan 2012,2.29586,2.30212
Week 4,17 Jan 2012,2.27118,2.27901

Week 1,24 Jan 2012,2.28725,2.29483
Week 2,31 Jan 2012,2.27310,2.27855
Week 3,07 Feb 2012,2.27003,2.27692
Week 4,14 Feb 2012,2.25574,2.26260

Week 1,21 Feb 2012,2.27916,2.28527
Week 2,28 Feb 2012,2.28438,2.29098
Week 3,06 Mar 2012,2.32254,2.32810
Week 4,13 Mar 2012,2.35858,2.36538

Week 1,20 Mar 2012,2.39709,2.40919
Week 2,27 Mar 2012,2.42538,2.43199
Week 3,03 Apr 2012,2.40435,2.40953
Week 4,10 Apr 2012,2.39651,2.40476

Week 1,17 Apr 2012,2.44930,2.45537
Week 2,24 Apr 2012,2.48460,2.49050
Week 3,01 May 2012,2.50748,2.52301
Week 4,08 May 2012,2.52393,2.53057

Week 1,15 May 2012,2.55598,2.56192
Week 2,22 May 2012,2.55359,2.56164
Week 3,29 May 2012,2.50321,2.50962
Week 4,05 Jun 2012,2.53295,2.54903

Week 1,12 Jun 2012,2.57996,2.58982
Week 2,19 Jun 2012,2.58551,2.59140
Week 3,26 Jun 2012,2.57656,2.58467
Week 4,03 Jul 2012,2.50599,2.52061

Week 1,10 Jul 2012,2.49112,2.49757
Week 2,17 Jul 2012,2.47408,2.48151
Week 3,24 Jul 2012,2.47616,2.48155
Week 4,31 Jul 2012,2.50412,2.50933

Week 1,07 Aug 2012,2.49171,2.49688
Week 2,14 Aug 2012,2.48768,2.49092
Week 3,21 Aug 2012,2.51765,2.52637
Week 4,28 Aug 2012,2.55215,2.56142

Week 1,04 Sep 2012,2.57078,2.57959
Week 2,11 Sep 2012,2.61202,2.62101
Week 3,18 Sep 2012,2.63111,2.64004
Week 4,25 Sep 2012,2.61041,2.61909

Week 1,02 Oct 2012,2.61939,2.63156
Week 2,09 Oct 2012,2.63009,2.64241
Week 3,16 Oct 2012,2.64566,2.65185
Week 4,23 Oct 2012,2.62635,2.63205

Week 1,30 Oct 2012,2.61889,2.62430
Week 2,06 Nov 2012,2.59830,2.60577
Week 3,13 Nov 2012,2.62888,2.63584
Week 4,20 Nov 2012,2.68295,2.69060

Week 1,27 Nov 2012,2.72560,2.73156
Week 2,04 Dec 2012,2.72281,2.72846
Week 3,11 Dec 2012,2.71458,2.72016
Week 4,18 Dec 2012,2.73713,2.75530

Week 1,25 Dec 2012,2.71824,2.72382
Week 2,01 Jan 2013,2.68116,2.68723
Week 3,08 Jan 2013,2.68026,2.68625
Week 4,15 Jan 2013,2.71372,2.72357

Week 1,22 Jan 2013,2.71956,2.72636
Week 2,29 Jan 2013,2.69784,2.70954
Week 3,05 Feb 2013,2.66438,2.67069
Week 4,12 Feb 2013,2.63053,2.63654

Week 1,19 Feb 2013,2.60492,2.61465
Week 2,26 Feb 2013,2.58346,2.59335
Week 3,05 Mar 2013,2.55201,2.55778
Week 4,12 Mar 2013,2.56357,2.57047

Week 1,19 Mar 2013,2.58088,2.58922
Week 2,26 Mar 2013,2.58581,2.59453
Week 3,02 Apr 2013,2.58956,2.59854
Week 4,09 Apr 2013,2.57969,2.59465

Week 1,16 Apr 2013,2.61056,2.62085
Week 2,23 Apr 2013,2.61201,2.62190
Week 3,30 Apr 2013,2.62791,2.63684
Week 4,07 May 2013,2.62402,2.63224

Week 1,14 May 2013,2.60336,2.61546
Week 2,21 May 2013,2.63102,2.64466
Week 3,28 May 2013,2.71248,2.72553
Week 4,04 Jun 2013,2.79364,2.80894

Week 1,11 Jun 2013,2.84268,2.85601
Week 2,18 Jun 2013,2.92441,2.93668
Week 3,25 Jun 2013,2.88424,2.90197
Week 4,02 Jul 2013,2.90365,2.91430

Week 1,09 Jul 2013,2.92930,2.94003
Week 2,16 Jul 2013,2.93037,2.93912
Week 3,23 Jul 2013,2.96119,2.97328
Week 4,30 Jul 2013,3.02053,3.03302

Week 1,06 Aug 2013,3.04558,3.05440
Week 2,13 Aug 2013,3.10259,3.11264
Week 3,20 Aug 2013,3.21125,3.22704
Week 4,27 Aug 2013,3.14803,3.15807

Week 1,03 Sep 2013,3.08677,3.09779
Week 2,10 Sep 2013,3.02214,3.03799
Week 3,17 Sep 2013,2.99653,3.00758
Week 4,24 Sep 2013,3.00365,3.01663

Week 1,01 Oct 2013,2.99501,3.00988
Week 2,08 Oct 2013,2.96380,2.98216
Week 3,15 Oct 2013,2.95281,2.96371
Week 4,22 Oct 2013,3.00065,3.01215

Week 1,29 Oct 2013,3.01670,3.02655
Week 2,05 Nov 2013,3.06734,3.08357
Week 3,12 Nov 2013,3.12060,3.13011
Week 4,19 Nov 2013,3.08042,3.08854

Week 1,26 Nov 2013,3.13706,3.14744
Week 2,03 Dec 2013,3.20129,3.21122
Week 3,10 Dec 2013,3.19253,3.20853
Week 4,17 Dec 2013,3.21837,3.22918

Week 1,24 Dec 2013,3.22073,3.23498
Week 2,31 Dec 2013,3.23805,3.25623
Week 3,07 Jan 2014,3.23049,3.24136
Week 4,14 Jan 2014,3.19781,3.21030

Week 1,21 Jan 2014,3.23117,3.24497
Week 2,28 Jan 2014,3.28131,3.29426
Week 3,04 Feb 2014,3.24650,3.26032
Week 4,11 Feb 2014,3.27005,3.28529

Week 1,18 Feb 2014,3.25237,3.26493
Week 2,25 Feb 2014,3.21037,3.22140
Week 3,04 Mar 2014,3.21909,3.22963
Week 4,11 Mar 2014,3.26017,3.27284

Week 1,18 Mar 2014,3.22603,3.24263
Week 2,25 Mar 2014,3.14774,3.15969
Week 3,01 Apr 2014,3.10345,3.11904
Week 4,08 Apr 2014,3.05200,3.06399

Week 1,15 Apr 2014,3.07742,3.08918
Week 2,22 Apr 2014,3.08268,3.09314
Week 3,29 Apr 2014,3.08204,3.09400
Week 4,06 May 2014,3.07057,3.08140

Week 1,13 May 2014,3.03092,3.04185
Week 2,20 May 2014,3.02210,3.03257
Week 3,27 May 2014,3.03818,3.04805
Week 4,03 Jun 2014,3.07665,3.08772

Week 1,10 Jun 2014,3.01716,3.02856
Week 2,17 Jun 2014,3.02997,3.03940
Week 3,24 Jun 2014,3.00577,3.01408
Week 4,01 Jul 2014,3.00939,3.02011

Week 1,08 Jul 2014,3.01322,3.02557
Week 2,15 Jul 2014,3.01297,3.02568
Week 3,22 Jul 2014,2.98666,2.99767
Week 4,29 Jul 2014,3.00761,3.01870

Week 1,05 Aug 2014,3.04476,3.05721
Week 2,12 Aug 2014,3.03390,3.04502
Week 3,19 Aug 2014,3.00493,3.01731
Week 4,26 Aug 2014,2.96313,2.98111

Week 1,02 Sep 2014,2.91327,2.93476
Week 2,09 Sep 2014,2.94879,2.96838
Week 3,16 Sep 2014,3.03138,3.04235
Week 4,23 Sep 2014,3.06984,3.08907

Week 1,30 Sep 2014,3.09653,3.10716
Week 2,07 Oct 2014,3.04208,3.05961
Week 3,14 Oct 2014,3.09111,3.10156
Week 4,21 Oct 2014,3.13090,3.13984

Week 1,28 Oct 2014,3.10501,3.11613
Week 2,04 Nov 2014,3.14474,3.16747
Week 3,11 Nov 2014,3.20616,3.22113
Week 4,18 Nov 2014,3.19485,3.20360

Week 1,25 Nov 2014,3.14600,3.16739
Week 2,02 Dec 2014,3.18106,3.18944
Week 3,09 Dec 2014,3.25184,3.26173
Week 4,16 Dec 2014,3.30709,3.31583

Week 1,23 Dec 2014,3.26845,3.27709
Week 2,30 Dec 2014,3.23544,3.24558
Week 3,06 Jan 2015,3.16685,3.17657
Week 4,13 Jan 2015,3.08481,3.09536

Week 1,20 Jan 2015,2.96816,2.97758
Week 2,27 Jan 2015,2.95307,2.96344
Week 3,03 Feb 2015,3.11175,3.12108
Week 4,10 Feb 2015,3.20270,3.21405

Week 1,17 Feb 2015,3.24045,3.24902
Week 2,24 Feb 2015,3.22599,3.23616
Week 3,03 Mar 2015,3.27852,3.28887
Week 4,10 Mar 2015,3.35846,3.36773

Week 1,17 Mar 2015,3.46753,3.47624
Week 2,24 Mar 2015,3.48244,3.49243
Week 3,31 Mar 2015,3.43893,3.44978
Week 4,07 Apr 2015,3.31604,3.32669

Week 1,14 Apr 2015,3.26670,3.27707
Week 2,21 Apr 2015,3.23162,3.24009
Week 3,28 Apr 2015,3.29267,3.30278
Week 4,05 May 2015,3.38998,3.39902

Week 1,12 May 2015,3.40815,3.41699
Week 2,19 May 2015,3.38682,3.39572
Week 3,26 May 2015,3.44422,3.45552
Week 4,02 Jun 2015,3.49700,3.50633

Week 1,09 Jun 2015,3.50031,3.50890
Week 2,16 Jun 2015,3.49403,3.50208
Week 3,23 Jun 2015,3.48142,3.49183
Week 4,30 Jun 2015,3.46945,3.48198

Week 1,07 Jul 2015,3.51873,3.52955
Week 2,14 Jul 2015,3.45049,3.45841
Week 3,21 Jul 2015,3.56424,3.57237
Week 4,28 Jul 2015,3.71534,3.72437

Week 1,04 Aug 2015,3.81185,3.81919
Week 2,11 Aug 2015,3.85833,3.86835
Week 3,18 Aug 2015,3.90015,3.90945
Week 4,25 Aug 2015,4.04473,4.05410

Week 1,01 Sep 2015,4.18094,4.19307
Week 2,08 Sep 2015,4.31431,4.32487
Week 3,15 Sep 2015,4.39080,4.40138
Week 4,22 Sep 2015,4.52005,4.53269

Week 1,29 Sep 2015,4.46986,4.48027
Week 2,06 Oct 2015,4.32093,4.33016
Week 3,13 Oct 2015,4.36887,4.37833
Week 4,20 Oct 2015,4.36703,4.37705

Week 1,27 Oct 2015,4.27085,4.28101
Week 2,03 Nov 2015,4.12344,4.13241
Week 3,10 Nov 2015,4.09000,4.09813
Week 4,17 Nov 2015,4.01250,4.02073

Week 1,24 Nov 2015,3.99301,4.00327
Week 2,01 Dec 2015,4.07613,4.08729
Week 3,08 Dec 2015,4.16291,4.17045
Week 4,15 Dec 2015,4.26584,4.27496

Week 1,22 Dec 2015,4.33437,4.34218
Week 2,29 Dec 2015,4.28570,4.29389
Week 3,05 Jan 2016,4.36547,4.37488
Week 4,12 Jan 2016,4.38738,4.39631

Week 1,19 Jan 2016,4.43565,4.44479
Week 2,26 Jan 2016,4.39922,4.40729
Week 3,02 Feb 2016,4.34022,4.35009
Week 4,09 Feb 2016,4.43730,4.44759

Week 1,16 Feb 2016,4.47355,4.48292
Week 2,23 Feb 2016,4.36642,4.37490
Week 3,01 Mar 2016,4.21929,4.22913
Week 4,08 Mar 2016,4.06715,4.07544

Week 1,15 Mar 2016,4.10029,4.10954
Week 2,22 Mar 2016,4.08658,4.09801
Week 3,29 Mar 2016,4.07610,4.08541
Week 4,05 Apr 2016,4.12439,4.13391

Week 1,12 Apr 2016,3.97887,3.98697
Week 2,19 Apr 2016,4.00817,4.01835
Week 3,26 Apr 2016,3.96712,3.97732
Week 4,03 May 2016,4.02419,4.03284

Week 1,10 May 2016,3.97135,3.98130
Week 2,17 May 2016,3.98052,3.99067
Week 3,24 May 2016,3.99737,4.00687
Week 4,31 May 2016,4.00170,4.01082

Week 1,07 Jun 2016,3.88334,3.89170
Week 2,14 Jun 2016,3.87918,3.88923
Week 3,21 Jun 2016,3.79212,3.80249
Week 4,28 Jun 2016,3.62951,3.63884

Week 1,05 Jul 2016,3.65385,3.66273
Week 2,12 Jul 2016,3.62662,3.63690
Week 3,19 Jul 2016,3.58801,3.59789
Week 4,26 Jul 2016,3.61366,3.62311

Week 1,02 Aug 2016,3.58066,3.58954
Week 2,09 Aug 2016,3.51919,3.52730
Week 3,16 Aug 2016,3.61440,3.62208
Week 4,23 Aug 2016,3.63916,3.64584

Week 1,30 Aug 2016,3.62302,3.62831
Week 2,06 Sep 2016,3.63502,3.63968
Week 3,13 Sep 2016,3.68491,3.69077
Week 4,20 Sep 2016,3.62898,3.63418

Week 1,27 Sep 2016,3.64253,3.64751
Week 2,04 Oct 2016,3.61210,3.61831
Week 3,11 Oct 2016,3.53362,3.53836
Week 4,18 Oct 2016,3.46605,3.47120

Week 1,25 Oct 2016,3.44809,3.45318
Week 2,01 Nov 2016,3.57954,3.58476
Week 3,08 Nov 2016,3.60830,3.61528
Week 4,15 Nov 2016,3.64243,3.64744

Week 1,22 Nov 2016,3.60036,3.60553
Week 2,29 Nov 2016,3.66535,3.67184
Week 3,06 Dec 2016,3.61977,3.62466
Week 4,13 Dec 2016,3.54127,3.54608

Week 1,20 Dec 2016,3.46054,3.46621
Week 2,27 Dec 2016,3.42002,3.42578
Week 3,03 Jan 2017,3.39750,3.40330
Week 4,10 Jan 2017,3.39518,3.40051

Week 1,17 Jan 2017,3.41394,3.41945
Week 2,24 Jan 2017,3.38445,3.39089
Week 3,31 Jan 2017,3.36349,3.36944
Week 4,07 Feb 2017,3.32770,3.33286

Week 1,14 Feb 2017,3.28281,3.28799
Week 2,21 Feb 2017,3.26509,3.26969
Week 3,28 Feb 2017,3.29310,3.29831
Week 4,07 Mar 2017,3.33314,3.33783

Week 1,14 Mar 2017,3.34066,3.34508
Week 2,21 Mar 2017,3.34203,3.34676
Week 3,28 Mar 2017,3.35960,3.36440
Week 4,04 Apr 2017,3.32458,3.32893

Week 1,11 Apr 2017,3.33074,3.33503
Week 2,18 Apr 2017,3.35234,3.35800
Week 3,25 Apr 2017,3.44387,3.44906
Week 4,02 May 2017,3.47106,3.47686

Week 1,09 May 2017,3.44244,3.44751
Week 2,16 May 2017,3.55127,3.55616
Week 3,23 May 2017,3.65661,3.66160
Week 4,30 May 2017,3.64454,3.64907

Week 1,06 Jun 2017,3.67893,3.68334
Week 2,13 Jun 2017,3.68357,3.68765
Week 3,20 Jun 2017,3.71077,3.71885
Week 4,27 Jun 2017,3.74744,3.75283

Week 1,04 Jul 2017,3.74686,3.75290
Week 2,11 Jul 2017,3.67825,3.68251
Week 3,18 Jul 2017,3.64951,3.65417
Week 4,25 Jul 2017,3.67935,3.68401

Week 1,01 Aug 2017,3.68957,3.69434
Week 2,08 Aug 2017,3.72120,3.72579
Week 3,15 Aug 2017,3.72037,3.72440
Week 4,22 Aug 2017,3.73170,3.73628

Week 1,29 Aug 2017,3.75406,3.75858
Week 2,05 Sep 2017,3.72089,3.72553
Week 3,12 Sep 2017,3.71946,3.72508
Week 4,19 Sep 2017,3.73747,3.74213

Week 1,26 Sep 2017,3.73794,3.74259
Week 2,03 Oct 2017,3.69658,3.70169
Week 3,10 Oct 2017,3.73557,3.73998
Week 4,17 Oct 2017,3.74087,3.74582

Week 1,24 Oct 2017,3.79076,3.79528
Week 2,31 Oct 2017,3.81672,3.82190
Week 3,07 Nov 2017,3.79852,3.80422
Week 4,14 Nov 2017,3.85772,3.86253

Week 1,21 Nov 2017,3.83014,3.83498
Week 2,28 Nov 2017,3.85374,3.85896
Week 3,05 Dec 2017,3.83878,3.84246


