EUR->IDR

Week 1,15 Dec 1998,9055.58571,9172.39429
Week 2,22 Dec 1998,9025.31857,9184.86714
Week 3,29 Dec 1998,9249.91857,9361.29143
Week 4,05 Jan 1999,9210.64143,9326.18429

Week 1,12 Jan 1999,9756.04714,9842.26000
Week 2,19 Jan 1999,10071.44286,10168.68571
Week 3,26 Jan 1999,10250.35714,10367.48571
Week 4,02 Feb 1999,9806.27714,9918.48857

Week 1,09 Feb 1999,9778.03000,9875.56143
Week 2,16 Feb 1999,9766.60143,9860.52286
Week 3,23 Feb 1999,9683.07143,9760.38714
Week 4,02 Mar 1999,9623.59000,9700.18000

Week 1,09 Mar 1999,9911.16571,9986.68286
Week 2,16 Mar 1999,9692.46714,9774.15571
Week 3,23 Mar 1999,9555.56286,9633.25429
Week 4,30 Mar 1999,9268.49429,9365.10286

Week 1,06 Apr 1999,9375.98143,9456.34429
Week 2,13 Apr 1999,9245.79714,9326.83429
Week 3,20 Apr 1999,9103.41429,9178.88286
Week 4,27 Apr 1999,8732.34857,8808.15143

Week 1,04 May 1999,8508.28571,8562.52429
Week 2,11 May 1999,8354.97429,8423.59857
Week 3,18 May 1999,8547.05000,8635.32143
Week 4,25 May 1999,8464.28143,8528.09000

Week 1,01 Jun 1999,8379.62286,8412.51429
Week 2,08 Jun 1999,8179.90429,8239.41714
Week 3,15 Jun 1999,7530.80571,7594.64000
Week 4,22 Jun 1999,7036.07000,7093.19000

Week 1,29 Jun 1999,6994.42857,7047.08857
Week 2,06 Jul 1999,6779.95857,6827.17286
Week 3,13 Jul 1999,6802.00429,6845.92286
Week 4,20 Jul 1999,7174.39857,7216.21286

Week 1,27 Jul 1999,7346.44429,7378.89286
Week 2,03 Aug 1999,7389.66429,7419.47429
Week 3,10 Aug 1999,8071.35000,8123.32286
Week 4,17 Aug 1999,7910.79286,7968.04000

Week 1,24 Aug 1999,7955.22143,8017.62000
Week 2,31 Aug 1999,8244.31429,8301.26714
Week 3,07 Sep 1999,8587.90571,8674.39857
Week 4,14 Sep 1999,8465.80571,8537.44143

Week 1,21 Sep 1999,8905.25571,8967.39000
Week 2,28 Sep 1999,8665.68571,8739.31286
Week 3,05 Oct 1999,8258.32429,8319.38571
Week 4,12 Oct 1999,8515.66286,8601.46143

Week 1,19 Oct 1999,7480.87429,7589.58286
Week 2,26 Oct 1999,7185.58286,7243.42857
Week 3,02 Nov 1999,7058.07286,7110.21143
Week 4,09 Nov 1999,7235.45286,7283.68571

Week 1,16 Nov 1999,7221.98429,7267.17143
Week 2,23 Nov 1999,7288.63000,7330.79143
Week 3,30 Nov 1999,7316.21571,7350.47429
Week 4,07 Dec 1999,7348.42571,7384.32857

Week 1,14 Dec 1999,7159.27429,7203.12429
Week 2,21 Dec 1999,7100.01714,7141.33286
Week 3,28 Dec 1999,7055.64429,7157.76857
Week 4,04 Jan 2000,7342.82143,7400.74000

Week 1,11 Jan 2000,7349.29000,7403.93857
Week 2,18 Jan 2000,7372.22143,7430.56714
Week 3,25 Jan 2000,7307.66571,7368.16000
Week 4,01 Feb 2000,7386.11143,7438.63571

Week 1,08 Feb 2000,7215.70714,7254.45571
Week 2,15 Feb 2000,7246.47429,7285.92571
Week 3,22 Feb 2000,7321.76000,7354.27286
Week 4,29 Feb 2000,7170.21429,7204.94857

Week 1,07 Mar 2000,7104.19429,7137.06857
Week 2,14 Mar 2000,7209.61857,7252.77429
Week 3,21 Mar 2000,7228.74571,7256.15143
Week 4,28 Mar 2000,7227.57571,7262.22857

Week 1,04 Apr 2000,7370.51429,7405.64143
Week 2,11 Apr 2000,7295.23143,7336.26714
Week 3,18 Apr 2000,7414.93429,7459.97857
Week 4,25 Apr 2000,7260.44000,7304.52857

Week 1,02 May 2000,7169.88143,7205.76571
Week 2,09 May 2000,7504.07714,7561.19429
Week 3,16 May 2000,7606.62000,7657.70000
Week 4,23 May 2000,7767.34143,7810.77429

Week 1,30 May 2000,7926.96143,7971.04714
Week 2,06 Jun 2000,8184.75286,8224.41714
Week 3,13 Jun 2000,8214.99286,8253.38143
Week 4,20 Jun 2000,8158.87714,8197.86286

Week 1,27 Jun 2000,8254.03000,8289.06429
Week 2,04 Jul 2000,8731.59286,8778.20857
Week 3,11 Jul 2000,8870.19429,8910.23429
Week 4,18 Jul 2000,8412.77286,8457.94000

Week 1,25 Jul 2000,8338.81000,8388.83714
Week 2,01 Aug 2000,7943.18714,7989.79571
Week 3,08 Aug 2000,7624.15000,7662.49286
Week 4,15 Aug 2000,7560.26857,7593.43429

Week 1,22 Aug 2000,7473.98429,7516.96429
Week 2,29 Aug 2000,7444.53000,7480.49714
Week 3,05 Sep 2000,7314.56429,7345.17571
Week 4,12 Sep 2000,7430.38286,7477.27857

Week 1,19 Sep 2000,7548.64429,7591.50714
Week 2,26 Sep 2000,7764.42143,7802.37143
Week 3,03 Oct 2000,7661.06429,7715.55571
Week 4,10 Oct 2000,7652.24143,7687.05286

Week 1,17 Oct 2000,7516.69000,7544.54000
Week 2,24 Oct 2000,7537.57857,7578.02286
Week 3,31 Oct 2000,7903.01000,7955.09286
Week 4,07 Nov 2000,7925.15286,7968.80429

Week 1,14 Nov 2000,8005.16143,8040.93143
Week 2,21 Nov 2000,7937.57000,7973.95000
Week 3,28 Nov 2000,8218.74143,8261.06143
Week 4,05 Dec 2000,8434.95429,8497.41143

Week 1,12 Dec 2000,8306.88857,8351.16429
Week 2,19 Dec 2000,8454.43143,8504.29286
Week 3,26 Dec 2000,8878.98429,8971.22286
Week 4,02 Jan 2001,9018.99857,9066.18714

Week 1,09 Jan 2001,9056.86286,9094.00143
Week 2,16 Jan 2001,8813.69857,8923.03571
Week 3,23 Jan 2001,8709.57571,8784.43143
Week 4,30 Jan 2001,8816.97857,8902.39000

Week 1,06 Feb 2001,8870.64429,8964.95857
Week 2,13 Feb 2001,8776.09857,8873.16143
Week 3,20 Feb 2001,8790.33857,8861.58000
Week 4,27 Feb 2001,9095.37286,9193.27286

Week 1,06 Mar 2001,9290.14000,9356.71714
Week 2,13 Mar 2001,9205.22857,9354.94286
Week 3,20 Mar 2001,9285.40429,9322.42143
Week 4,27 Mar 2001,9176.34143,9237.35857

Week 1,03 Apr 2001,9561.55429,9598.64571
Week 2,10 Apr 2001,9452.19571,9486.87857
Week 3,17 Apr 2001,10054.28143,10135.34143
Week 4,24 Apr 2001,10595.60000,10708.44286

Week 1,01 May 2001,9885.56429,9980.88429
Week 2,08 May 2001,9788.78143,9840.63571
Week 3,15 May 2001,9999.35857,10040.12714
Week 4,22 May 2001,9852.12143,9883.62571

Week 1,29 May 2001,9656.72429,9727.33714
Week 2,05 Jun 2001,9536.37000,9576.18143
Week 3,12 Jun 2001,9625.87000,9656.28000
Week 4,19 Jun 2001,9703.23286,9727.36571

Week 1,26 Jun 2001,9717.75571,9736.19857
Week 2,03 Jul 2001,9578.39714,9601.09857
Week 3,10 Jul 2001,9677.88000,9697.13143
Week 4,17 Jul 2001,9735.47571,9750.05143

Week 1,24 Jul 2001,8770.98857,8878.24571
Week 2,31 Jul 2001,8405.02000,8472.42857
Week 3,07 Aug 2001,8171.96286,8211.83429
Week 4,14 Aug 2001,7884.63143,7941.54143

Week 1,21 Aug 2001,7885.61571,7921.70286
Week 2,28 Aug 2001,8112.49571,8153.51000
Week 3,04 Sep 2001,8137.58143,8187.44857
Week 4,11 Sep 2001,8294.24714,8304.73143

Week 1,18 Sep 2001,8635.89286,8772.05714
Week 2,25 Sep 2001,8723.44714,8908.77857
Week 3,02 Oct 2001,9020.30714,9150.88143
Week 4,09 Oct 2001,9087.22714,9136.97714

Week 1,16 Oct 2001,9051.75143,9086.72286
Week 2,23 Oct 2001,9110.41143,9137.59857
Week 3,30 Oct 2001,9482.24286,9529.26429
Week 4,06 Nov 2001,9432.29000,9519.54857

Week 1,13 Nov 2001,9384.12714,9440.80714
Week 2,20 Nov 2001,9217.12286,9252.41714
Week 3,27 Nov 2001,9182.40571,9359.26286
Week 4,04 Dec 2001,9253.42714,9298.82429

Week 1,11 Dec 2001,9101.64143,9140.09143
Week 2,18 Dec 2001,9062.82143,9107.26429
Week 3,25 Dec 2001,9107.80286,9149.99571
Week 4,01 Jan 2002,9291.10286,9348.98857

Week 1,08 Jan 2002,9288.77571,9309.25857
Week 2,15 Jan 2002,9187.13857,9208.39429
Week 3,22 Jan 2002,9079.88429,9121.75000
Week 4,29 Jan 2002,8886.83857,8911.21857

Week 1,05 Feb 2002,8927.56714,8976.89286
Week 2,12 Feb 2002,8921.36429,8943.72571
Week 3,19 Feb 2002,8876.33714,8952.46000
Week 4,26 Feb 2002,8760.25714,8807.58714

Week 1,05 Mar 2002,8739.11286,8761.22714
Week 2,12 Mar 2002,8754.67714,8794.92857
Week 3,19 Mar 2002,8690.13571,8711.84857
Week 4,26 Mar 2002,8486.29857,8536.10286

Week 1,02 Apr 2002,8473.97857,8517.33000
Week 2,09 Apr 2002,8395.33571,8435.21429
Week 3,16 Apr 2002,8323.81429,8352.85857
Week 4,23 Apr 2002,8357.42571,8389.72429

Week 1,30 Apr 2002,8440.29857,8514.38857
Week 2,07 May 2002,8394.16429,8557.36000
Week 3,14 May 2002,8351.62714,8420.85714
Week 4,21 May 2002,8272.53429,8300.37286

Week 1,28 May 2002,8177.48286,8209.88286
Week 2,04 Jun 2002,8287.95571,8370.41571
Week 3,11 Jun 2002,8168.02143,8298.47286
Week 4,18 Jun 2002,8293.63429,8314.74286

Week 1,25 Jun 2002,8455.27286,8624.03143
Week 2,02 Jul 2002,8616.53143,8717.88714
Week 3,09 Jul 2002,8915.66429,8941.82143
Week 4,16 Jul 2002,8930.06857,9034.70857

Week 1,23 Jul 2002,8931.28571,9052.69286
Week 2,30 Jul 2002,8903.83429,9032.98143
Week 3,06 Aug 2002,8712.71143,8824.73714
Week 4,13 Aug 2002,8636.05286,8712.09571

Week 1,20 Aug 2002,8631.17000,8655.36857
Week 2,27 Aug 2002,8693.00429,8713.47714
Week 3,03 Sep 2002,8714.69286,8773.81571
Week 4,10 Sep 2002,8643.16571,8741.56000

Week 1,17 Sep 2002,8814.06143,8855.38286
Week 2,24 Sep 2002,8821.52143,8835.82571
Week 3,01 Oct 2002,8787.11571,8927.83429
Week 4,08 Oct 2002,8804.82286,8952.83143

Week 1,15 Oct 2002,9012.71429,9052.68571
Week 2,22 Oct 2002,8929.46286,9076.64143
Week 3,29 Oct 2002,9054.49714,9216.49286
Week 4,05 Nov 2002,9248.27857,9290.59714

Week 1,12 Nov 2002,9125.34000,9142.76286
Week 2,19 Nov 2002,8982.25429,9002.06714
Week 3,26 Nov 2002,8910.69000,8926.61571
Week 4,03 Dec 2002,9009.06429,9027.00714

Week 1,10 Dec 2002,9039.30571,9053.02429
Week 2,17 Dec 2002,9106.49000,9121.68000
Week 3,24 Dec 2002,9214.04857,9229.89286
Week 4,31 Dec 2002,9318.19000,9340.13429

Week 1,07 Jan 2003,9375.31857,9391.52286
Week 2,14 Jan 2003,9401.86000,9415.53143
Week 3,21 Jan 2003,9545.46714,9589.41286
Week 4,28 Jan 2003,9574.91286,9591.26000

Week 1,04 Feb 2003,9590.43286,9604.00143
Week 2,11 Feb 2003,9600.25429,9619.46857
Week 3,18 Feb 2003,9554.39000,9568.84000
Week 4,25 Feb 2003,9578.37000,9591.19143

Week 1,04 Mar 2003,9717.06714,9730.92143
Week 2,11 Mar 2003,9672.76000,9685.73429
Week 3,18 Mar 2003,9519.37571,9538.30000
Week 4,25 Mar 2003,9536.45714,9557.23857

Week 1,01 Apr 2003,9522.58714,9661.77429
Week 2,08 Apr 2003,9468.42286,9566.55143
Week 3,15 Apr 2003,9491.05429,9550.67000
Week 4,22 Apr 2003,9590.76714,9614.58714

Week 1,29 Apr 2003,9660.02571,9716.10286
Week 2,06 May 2003,9758.44857,9784.10571
Week 3,13 May 2003,9719.98714,9740.25000
Week 4,20 May 2003,9741.00857,9793.07143

Week 1,27 May 2003,9733.08429,9760.68286
Week 2,03 Jun 2003,9600.81143,9661.88714
Week 3,10 Jun 2003,9620.85571,9766.54714
Week 4,17 Jun 2003,9585.80286,9635.70143

Week 1,24 Jun 2003,9451.76000,9479.52714
Week 2,01 Jul 2003,9422.29143,9481.90286
Week 3,08 Jul 2003,9181.44714,9403.61571
Week 4,15 Jul 2003,9201.23857,9381.39714

Week 1,22 Jul 2003,9683.76571,9752.37714
Week 2,29 Jul 2003,9565.86429,9791.32571
Week 3,05 Aug 2003,9667.04000,9774.16429
Week 4,12 Aug 2003,9627.29571,9646.34714

Week 1,19 Aug 2003,9273.11571,9290.80286
Week 2,26 Aug 2003,9264.01000,9281.88286
Week 3,02 Sep 2003,9228.61000,9369.04571
Week 4,09 Sep 2003,9406.56714,9588.34429

Week 1,16 Sep 2003,9532.06714,9587.91571
Week 2,23 Sep 2003,9679.32429,9692.84857
Week 3,30 Sep 2003,9746.66286,9765.55857
Week 4,07 Oct 2003,9853.63857,9871.71143

Week 1,14 Oct 2003,9819.34429,9836.75857
Week 2,21 Oct 2003,9972.36857,9988.22857
Week 3,28 Oct 2003,9935.40286,9950.37429
Week 4,04 Nov 2003,9742.08571,9757.99571

Week 1,11 Nov 2003,9896.74000,9912.52429
Week 2,18 Nov 2003,10087.14714,10116.66143
Week 3,25 Nov 2003,10123.30000,10144.64286
Week 4,02 Dec 2003,10267.95714,10282.31429

Week 1,09 Dec 2003,10373.67143,10390.12857
Week 2,16 Dec 2003,10487.54286,10500.52857
Week 3,23 Dec 2003,10556.42857,10573.42857
Week 4,30 Dec 2003,10587.81429,10616.95714

Week 1,06 Jan 2004,10645.55714,10670.20000
Week 2,13 Jan 2004,10487.45714,10505.70000
Week 3,20 Jan 2004,10566.84286,10585.51429
Week 4,27 Jan 2004,10536.15714,10551.72857

Week 1,03 Feb 2004,10639.10000,10654.02857
Week 2,10 Feb 2004,10716.64286,10733.07143
Week 3,17 Feb 2004,10678.12857,10692.28571
Week 4,24 Feb 2004,10565.48571,10584.05714

Week 1,02 Mar 2004,10527.71429,10542.01429
Week 2,09 Mar 2004,10569.91429,10587.94286
Week 3,16 Mar 2004,10555.17143,10568.77143
Week 4,23 Mar 2004,10498.65714,10512.58571

Week 1,30 Mar 2004,10511.60000,10527.28571
Week 2,06 Apr 2004,10378.34286,10393.17143
Week 3,13 Apr 2004,10321.41429,10335.75714
Week 4,20 Apr 2004,10245.67143,10259.41429

Week 1,27 Apr 2004,10335.28571,10462.78571
Week 2,04 May 2004,10474.88571,10520.11429
Week 3,11 May 2004,10667.94286,10690.30000
Week 4,18 May 2004,10830.90000,10854.84286

Week 1,25 May 2004,11231.84286,11260.52857
Week 2,01 Jun 2004,11510.81429,11537.15714
Week 3,08 Jun 2004,11300.08571,11333.58571
Week 4,15 Jun 2004,11364.88571,11394.48571

Week 1,22 Jun 2004,11411.72857,11436.31429
Week 2,29 Jun 2004,11326.92857,11354.94286
Week 3,06 Jul 2004,11088.60000,11114.74286
Week 4,13 Jul 2004,11050.28571,11077.05714

Week 1,20 Jul 2004,11033.57143,11058.58571
Week 2,27 Jul 2004,10994.27143,11020.51429
Week 3,03 Aug 2004,11125.02857,11150.65714
Week 4,10 Aug 2004,11346.82857,11373.21429

Week 1,17 Aug 2004,11400.74286,11429.30000
Week 2,24 Aug 2004,11209.38571,11237.02857
Week 3,31 Aug 2004,11249.68571,11281.24286
Week 4,07 Sep 2004,11303.17143,11332.77143

Week 1,14 Sep 2004,11064.51429,11090.37143
Week 2,21 Sep 2004,11146.65714,11168.28571
Week 3,28 Sep 2004,11341.68571,11365.38571
Week 4,05 Oct 2004,11211.58571,11240.61429

Week 1,12 Oct 2004,11283.62857,11307.51429
Week 2,19 Oct 2004,11439.40000,11464.04286
Week 3,26 Oct 2004,11588.47143,11612.51429
Week 4,02 Nov 2004,11667.02857,11696.01429

Week 1,09 Nov 2004,11624.98571,11647.74286
Week 2,16 Nov 2004,11664.37143,11691.12857
Week 3,23 Nov 2004,11854.27143,11874.60000
Week 4,30 Nov 2004,12041.87143,12068.22857

Week 1,07 Dec 2004,12205.97143,12229.21429
Week 2,14 Dec 2004,12349.10000,12371.31429
Week 3,21 Dec 2004,12487.85714,12517.32857
Week 4,28 Dec 2004,12681.32857,12706.01429

Week 1,04 Jan 2005,12255.08571,12278.62857
Week 2,11 Jan 2005,12081.11429,12102.24286
Week 3,18 Jan 2005,11906.08571,11928.80000
Week 4,25 Jan 2005,11913.57143,11934.01429

Week 1,01 Feb 2005,11895.88571,11927.24286
Week 2,08 Feb 2005,11882.35714,11915.52857
Week 3,15 Feb 2005,12068.05714,12092.70000
Week 4,22 Feb 2005,12200.20000,12229.11429

Week 1,01 Mar 2005,12271.81429,12302.15714
Week 2,08 Mar 2005,12524.32857,12547.42857
Week 3,15 Mar 2005,12480.45714,12504.41429
Week 4,22 Mar 2005,12230.84286,12264.27143

Week 1,29 Mar 2005,12228.44286,12255.98571
Week 2,05 Apr 2005,12215.60000,12241.87143
Week 3,12 Apr 2005,12259.62857,12283.94286
Week 4,19 Apr 2005,12569.90000,12593.11429

Week 1,26 Apr 2005,12400.15714,12432.37143
Week 2,03 May 2005,12223.62857,12254.90000
Week 3,10 May 2005,12035.61429,12059.87143
Week 4,17 May 2005,11889.22857,11921.74286

Week 1,24 May 2005,11905.61429,11933.11429
Week 2,31 May 2005,11722.40000,11749.61429
Week 3,07 Jun 2005,11683.65714,11730.08571
Week 4,14 Jun 2005,11677.94286,11707.54286

Week 1,21 Jun 2005,11677.47143,11701.28571
Week 2,28 Jun 2005,11712.02857,11741.54286
Week 3,05 Jul 2005,11711.87143,11737.72857
Week 4,12 Jul 2005,11808.95714,11841.31429

Week 1,19 Jul 2005,11824.42857,11859.28571
Week 2,26 Jul 2005,11872.84286,11890.37143
Week 3,02 Aug 2005,11987.62857,12015.77143
Week 4,09 Aug 2005,12131.65714,12164.47143

Week 1,16 Aug 2005,12150.40000,12177.44286
Week 2,23 Aug 2005,12573.88571,12608.68571
Week 3,30 Aug 2005,12824.02857,12972.27143
Week 4,06 Sep 2005,12797.48571,12877.14286

Week 1,13 Sep 2005,12358.97143,12398.22857
Week 2,20 Sep 2005,12367.47143,12397.05714
Week 3,27 Sep 2005,12374.18571,12403.92857
Week 4,04 Oct 2005,12152.41429,12185.85714

Week 1,11 Oct 2005,12150.51429,12179.20000
Week 2,18 Oct 2005,12073.90000,12100.98571
Week 3,25 Oct 2005,12087.05714,12109.44286
Week 4,01 Nov 2005,11995.07143,12026.52857

Week 1,08 Nov 2005,11754.38571,11778.31429
Week 2,15 Nov 2005,11756.62857,11778.54286
Week 3,22 Nov 2005,11810.70000,11837.41429
Week 4,29 Nov 2005,11768.71429,11790.98571

Week 1,06 Dec 2005,11548.32857,11568.85714
Week 2,13 Dec 2005,11691.92857,11712.37143
Week 3,20 Dec 2005,11741.91429,11766.84286
Week 4,27 Dec 2005,11645.27143,11671.57143

Week 1,03 Jan 2006,11565.74286,11589.17143
Week 2,10 Jan 2006,11342.42857,11367.81429
Week 3,17 Jan 2006,11399.01429,11424.20000
Week 4,24 Jan 2006,11449.50000,11470.08571

Week 1,31 Jan 2006,11264.84286,11292.95714
Week 2,07 Feb 2006,11053.00000,11373.00000
Week 3,14 Feb 2006,10968.97143,11080.42857
Week 4,21 Feb 2006,11013.31429,11037.58571

Week 1,28 Feb 2006,11013.77143,11035.84286
Week 2,07 Mar 2006,11021.80000,11054.82857
Week 3,14 Mar 2006,11031.18571,11053.70000
Week 4,21 Mar 2006,10989.40000,11016.18571

Week 1,28 Mar 2006,10919.20000,10944.12857
Week 2,04 Apr 2006,10937.54286,10962.32857
Week 3,11 Apr 2006,10873.37143,10896.81429
Week 4,18 Apr 2006,10960.18571,10986.30000

Week 1,25 Apr 2006,10976.72857,10999.72857
Week 2,02 May 2006,11107.85714,11131.14286
Week 3,09 May 2006,11185.87143,11208.34286
Week 4,16 May 2006,11655.80000,11679.32857

Week 1,23 May 2006,11864.91429,11890.88571
Week 2,30 May 2006,11886.84286,11908.10000
Week 3,06 Jun 2006,11941.82857,11961.32857
Week 4,13 Jun 2006,11821.87143,11847.92857

Week 1,20 Jun 2006,11721.77143,11744.47143
Week 2,27 Jun 2006,11793.67143,11819.65714
Week 3,04 Jul 2006,11915.40000,11941.54286
Week 4,11 Jul 2006,11456.50000,11714.38571

Week 1,18 Jul 2006,11593.34286,11613.37143
Week 2,25 Jul 2006,11516.54286,11535.82857
Week 3,01 Aug 2006,11621.81429,11637.55714
Week 4,08 Aug 2006,11611.22857,11633.14286

Week 1,15 Aug 2006,11607.45714,11635.37143
Week 2,22 Aug 2006,11640.61429,11665.64286
Week 3,29 Aug 2006,11652.05714,11675.57143
Week 4,05 Sep 2006,11612.10000,11637.11429

Week 1,12 Sep 2006,11567.75714,11592.71429
Week 2,19 Sep 2006,11622.02857,11648.60000
Week 3,26 Sep 2006,11694.98571,11720.40000
Week 4,03 Oct 2006,11676.82857,11701.31429

Week 1,10 Oct 2006,11581.81429,11610.11429
Week 2,17 Oct 2006,11484.50000,11510.84286
Week 3,24 Oct 2006,11545.94286,11573.87143
Week 4,31 Oct 2006,11584.62857,11607.98571

Week 1,07 Nov 2006,11639.31429,11664.21429
Week 2,14 Nov 2006,11730.14286,11752.35714
Week 3,21 Nov 2006,11811.60000,11836.94286
Week 4,28 Nov 2006,12092.98571,12121.97143

Week 1,05 Dec 2006,12117.87143,12143.80000
Week 2,12 Dec 2006,11956.75714,11980.74286
Week 3,19 Dec 2006,11935.78571,11961.34286
Week 4,26 Dec 2006,11880.87143,11909.10000

Week 1,02 Jan 2007,11802.34286,11826.92857
Week 2,09 Jan 2007,11747.38571,11774.05714
Week 3,16 Jan 2007,11756.65714,11780.30000
Week 4,23 Jan 2007,11758.01429,11778.47143

Week 1,30 Jan 2007,11766.44286,11791.38571
Week 2,06 Feb 2007,11748.31429,11771.61429
Week 3,13 Feb 2007,11841.48571,11865.05714
Week 4,20 Feb 2007,11908.22857,11933.35714

Week 1,27 Feb 2007,12028.92857,12051.48571
Week 2,06 Mar 2007,12058.57143,12082.75714
Week 3,13 Mar 2007,12173.81429,12198.34286
Week 4,20 Mar 2007,12158.51429,12179.54286

Week 1,27 Mar 2007,12137.90000,12155.68571
Week 2,03 Apr 2007,12171.11429,12195.38571
Week 3,10 Apr 2007,12230.00000,12251.12857
Week 4,17 Apr 2007,12331.24286,12350.88571

Week 1,24 Apr 2007,12347.97143,12362.78571
Week 2,01 May 2007,12277.81429,12297.25714
Week 3,08 May 2007,11963.48571,11982.11429
Week 4,15 May 2007,11895.22857,11918.20000

Week 1,22 May 2007,11791.62857,11809.91429
Week 2,29 May 2007,11840.27143,11859.34286
Week 3,05 Jun 2007,11948.88571,11970.08571
Week 4,12 Jun 2007,12099.41429,12115.52857

Week 1,19 Jun 2007,12067.54286,12086.62857
Week 2,26 Jun 2007,12187.52857,12206.87143
Week 3,03 Jul 2007,12261.90000,12287.65714
Week 4,10 Jul 2007,12383.77143,12401.70000

Week 1,17 Jul 2007,12500.90000,12529.11429
Week 2,24 Jul 2007,12492.32857,12512.22857
Week 3,31 Jul 2007,12639.61429,12664.44286
Week 4,07 Aug 2007,12713.45714,12734.58571

Week 1,14 Aug 2007,12730.18571,12754.57143
Week 2,21 Aug 2007,12740.75714,12761.54286
Week 3,28 Aug 2007,12844.94286,12869.47143
Week 4,04 Sep 2007,12875.04286,12896.52857

Week 1,11 Sep 2007,12990.78571,13014.50000
Week 2,18 Sep 2007,12900.65714,12924.14286
Week 3,25 Sep 2007,12921.65714,12944.97143
Week 4,02 Oct 2007,12859.01429,12882.48571

Week 1,09 Oct 2007,12816.72857,12840.14286
Week 2,16 Oct 2007,12893.11429,12916.58571
Week 3,23 Oct 2007,13047.47143,13070.92857
Week 4,30 Oct 2007,13116.97143,13139.02857

Week 1,06 Nov 2007,13327.58571,13350.94286
Week 2,13 Nov 2007,13339.41429,13362.82857
Week 3,20 Nov 2007,13847.52857,13871.05714
Week 4,27 Nov 2007,13858.00000,13880.92857

Week 1,04 Dec 2007,13607.82857,13631.37143
Week 2,11 Dec 2007,13572.54286,13597.60000
Week 3,18 Dec 2007,13525.50000,13543.35714
Week 4,25 Dec 2007,13655.97143,13671.88571

Week 1,01 Jan 2008,13867.40000,13885.08571
Week 2,08 Jan 2008,13889.82857,13906.95714
Week 3,15 Jan 2008,13877.27143,13897.28571
Week 4,22 Jan 2008,13724.98571,13747.81429

Week 1,29 Jan 2008,13686.80000,13708.85714
Week 2,05 Feb 2008,13500.78571,13522.24286
Week 3,12 Feb 2008,13450.87143,13471.45714
Week 4,19 Feb 2008,13495.91429,13515.90000

Week 1,26 Feb 2008,13637.00000,13659.67143
Week 2,04 Mar 2008,13844.10000,13866.71429
Week 3,11 Mar 2008,14234.91429,14254.94286
Week 4,18 Mar 2008,14260.78571,14277.27143

Week 1,25 Mar 2008,14382.20000,14402.68571
Week 2,01 Apr 2008,14441.11429,14465.77143
Week 3,08 Apr 2008,14483.20000,14500.38571
Week 4,15 Apr 2008,14535.25714,14559.65714

Week 1,22 Apr 2008,14487.98571,14512.38571
Week 2,29 Apr 2008,14400.14286,14421.97143
Week 3,06 May 2008,14250.25714,14272.60000
Week 4,13 May 2008,14346.08571,14372.41429

Week 1,20 May 2008,14582.20000,14607.34286
Week 2,27 May 2008,14589.22857,14618.37143
Week 3,03 Jun 2008,14496.27143,14518.34286
Week 4,10 Jun 2008,14501.25714,14526.48571

Week 1,17 Jun 2008,14414.25714,14435.22857
Week 2,24 Jun 2008,14460.87143,14482.51429
Week 3,01 Jul 2008,14488.67143,14517.02857
Week 4,08 Jul 2008,14442.04286,14460.60000

Week 1,15 Jul 2008,14506.40000,14525.10000
Week 2,22 Jul 2008,14419.51429,14436.50000
Week 3,29 Jul 2008,14233.90000,14253.65714
Week 4,05 Aug 2008,13980.37143,14000.58571

Week 1,12 Aug 2008,13668.84286,13688.67143
Week 2,19 Aug 2008,13639.24286,13656.37143
Week 3,26 Aug 2008,13538.95714,13556.71429
Week 4,02 Sep 2008,13476.65714,13498.42857

Week 1,09 Sep 2008,13268.95714,13292.42857
Week 2,16 Sep 2008,13387.58571,13406.07143
Week 3,23 Sep 2008,13680.70000,13706.70000
Week 4,30 Sep 2008,13278.78571,13304.85714

Week 1,07 Oct 2008,13062.15714,13088.31429
Week 2,14 Oct 2008,13223.37143,13255.30000
Week 3,21 Oct 2008,12878.65714,12912.35714
Week 4,28 Oct 2008,13604.31429,13698.92857

Week 1,04 Nov 2008,13969.64286,14039.80000
Week 2,11 Nov 2008,14238.32857,14317.27143
Week 3,18 Nov 2008,15057.54286,15190.27143
Week 4,25 Nov 2008,16048.75714,16174.52857

Week 1,02 Dec 2008,15441.40000,15548.97143
Week 2,09 Dec 2008,14501.47143,14599.15714
Week 3,16 Dec 2008,15398.51429,15501.01429
Week 4,23 Dec 2008,15553.65714,15654.52857

Week 1,30 Dec 2008,15519.95714,15623.17143
Week 2,06 Jan 2009,14948.94286,15050.61429
Week 3,13 Jan 2009,14646.98571,14749.37143
Week 4,20 Jan 2009,14576.57143,14679.82857

Week 1,27 Jan 2009,14644.35714,14743.97143
Week 2,03 Feb 2009,14945.17143,15044.57143
Week 3,10 Feb 2009,15184.28571,15284.14286
Week 4,17 Feb 2009,15093.54286,15168.00000

Week 1,24 Feb 2009,15233.00000,15284.62857
Week 2,03 Mar 2009,15183.97143,15264.90000
Week 3,10 Mar 2009,15287.47143,15368.10000
Week 4,17 Mar 2009,15783.91429,15874.75714

Week 1,24 Mar 2009,15632.92857,15736.72857
Week 2,31 Mar 2009,15325.10000,15403.27143
Week 3,07 Apr 2009,15060.04286,15121.17143
Week 4,14 Apr 2009,14689.25714,14755.10000

Week 1,21 Apr 2009,14102.71429,14180.62857
Week 2,28 Apr 2009,14132.92857,14217.61429
Week 3,05 May 2009,14015.28571,14211.58571
Week 4,12 May 2009,14016.32857,14203.47143

Week 1,19 May 2009,14123.54286,14206.48571
Week 2,26 May 2009,14409.51429,14496.74286
Week 3,02 Jun 2009,14205.87143,14286.05714
Week 4,09 Jun 2009,14062.61429,14125.08571

Week 1,16 Jun 2009,14305.50000,14360.11429
Week 2,23 Jun 2009,14394.24286,14451.30000
Week 3,30 Jun 2009,14318.84286,14368.94286
Week 4,07 Jul 2009,14257.37143,14296.81429

Week 1,14 Jul 2009,14214.12857,14232.82857
Week 2,21 Jul 2009,14255.65714,14302.61429
Week 3,28 Jul 2009,14037.47143,14086.22857
Week 4,04 Aug 2009,14074.47143,14113.91429

Week 1,11 Aug 2009,14114.31429,14146.30000
Week 2,18 Aug 2009,14240.81429,14279.38571
Week 3,25 Aug 2009,14334.32857,14373.15714
Week 4,01 Sep 2009,14429.20000,14458.18571

Week 1,08 Sep 2009,14401.64286,14436.20000
Week 2,15 Sep 2009,14273.55714,14310.85714
Week 3,22 Sep 2009,14221.68571,14252.91429
Week 4,29 Sep 2009,14112.72857,14139.78571

Week 1,06 Oct 2009,13923.98571,13952.11429
Week 2,13 Oct 2009,13923.64286,13945.81429
Week 3,20 Oct 2009,14057.40000,14083.10000
Week 4,27 Oct 2009,14159.08571,14180.20000

Week 1,03 Nov 2009,14091.40000,14112.30000
Week 2,10 Nov 2009,13985.07143,14010.98571
Week 3,17 Nov 2009,14046.25714,14103.28571
Week 4,24 Nov 2009,14121.01429,14145.47143

Week 1,01 Dec 2009,14145.52857,14171.97143
Week 2,08 Dec 2009,14153.24286,14176.47143
Week 3,15 Dec 2009,13832.14286,13851.02857
Week 4,22 Dec 2009,13624.41429,13642.87143

Week 1,29 Dec 2009,13499.48571,13534.30000
Week 2,05 Jan 2010,13339.70000,13373.30000
Week 3,12 Jan 2010,13263.10000,13289.48571
Week 4,19 Jan 2010,13111.42857,13166.64286

Week 1,26 Jan 2010,12996.47143,13089.02857
Week 2,02 Feb 2010,12967.10000,12998.45714
Week 3,09 Feb 2010,12795.70000,12828.20000
Week 4,16 Feb 2010,12735.00000,12764.81429

Week 1,23 Feb 2010,12663.67143,12698.30000
Week 2,02 Mar 2010,12455.61429,12487.58571
Week 3,09 Mar 2010,12501.55714,12528.57143
Week 4,16 Mar 2010,12462.92857,12489.44286

Week 1,23 Mar 2010,12245.05714,12275.62857
Week 2,30 Mar 2010,12252.74286,12291.85714
Week 3,06 Apr 2010,12149.40000,12174.74286
Week 4,13 Apr 2010,12212.27143,12238.64286

Week 1,20 Apr 2010,12089.67143,12113.52857
Week 2,27 Apr 2010,11981.05714,12005.30000
Week 3,04 May 2010,11793.95714,11839.91429
Week 4,11 May 2010,11489.67143,11596.40000

Week 1,18 May 2010,11415.24286,11452.25714
Week 2,25 May 2010,11433.68571,11476.22857
Week 3,01 Jun 2010,11247.11429,11270.64286
Week 4,08 Jun 2010,11116.40000,11135.22857

Week 1,15 Jun 2010,11252.05714,11295.15714
Week 2,22 Jun 2010,11146.32857,11198.34286
Week 3,29 Jun 2010,11222.21429,11267.02857
Week 4,06 Jul 2010,11416.90000,11462.57143

Week 1,13 Jul 2010,11550.68571,11589.14286
Week 2,20 Jul 2010,11639.47143,11664.67143
Week 3,27 Jul 2010,11644.18571,11696.11429
Week 4,03 Aug 2010,11712.81429,11764.62857

Week 1,10 Aug 2010,11599.85714,11699.67143
Week 2,17 Aug 2010,11432.05714,11599.02857
Week 3,24 Aug 2010,11427.98571,11466.77143
Week 4,31 Aug 2010,11555.34286,11572.27143

Week 1,07 Sep 2010,11496.62857,11513.47143
Week 2,14 Sep 2010,11578.38571,11783.12857
Week 3,21 Sep 2010,11841.21429,12048.65714
Week 4,28 Sep 2010,12064.45714,12311.80000

Week 1,05 Oct 2010,12252.01429,12522.18571
Week 2,12 Oct 2010,12430.28571,12513.00000
Week 3,19 Oct 2010,12395.75714,12458.44286
Week 4,26 Oct 2010,12403.94286,12427.91429

Week 1,02 Nov 2010,12462.91429,12484.24286
Week 2,09 Nov 2010,12156.22857,12400.24286
Week 3,16 Nov 2010,12035.81429,12338.10000
Week 4,23 Nov 2010,11876.01429,12169.18571

Week 1,30 Nov 2010,11763.21429,12068.75714
Week 2,07 Dec 2010,11818.20000,12097.28571
Week 3,14 Dec 2010,11819.84286,12114.80000
Week 4,21 Dec 2010,11762.84286,11984.42857

Week 1,28 Dec 2010,11827.62857,12055.30000
Week 2,04 Jan 2011,11661.50000,11956.37143
Week 3,11 Jan 2011,11745.42857,12091.50000
Week 4,18 Jan 2011,11999.22857,12362.88571

Week 1,25 Jan 2011,12178.57143,12490.87143
Week 2,01 Feb 2011,12178.21429,12478.35714
Week 3,08 Feb 2011,12043.44286,12256.35714
Week 4,15 Feb 2011,11910.17143,12208.50000

Week 1,22 Feb 2011,12072.81429,12243.72857
Week 2,01 Mar 2011,12198.42857,12257.78571
Week 3,08 Mar 2011,12168.20000,12228.41429
Week 4,15 Mar 2011,12278.15714,12343.78571

Week 1,22 Mar 2011,12299.12857,12380.82857
Week 2,29 Mar 2011,12266.87143,12365.12857
Week 3,05 Apr 2011,12357.57143,12444.12857
Week 4,12 Apr 2011,12473.77143,12557.58571

Week 1,19 Apr 2011,12488.34286,12539.62857
Week 2,26 Apr 2011,12624.04286,12714.54286
Week 3,03 May 2011,12523.54286,12605.57143
Week 4,10 May 2011,12193.84286,12257.07143

Week 1,17 May 2011,12099.15714,12191.90000
Week 2,24 May 2011,12045.80000,12235.91429
Week 3,31 May 2011,12296.60000,12404.77143
Week 4,07 Jun 2011,12313.72857,12448.05714

Week 1,14 Jun 2011,12210.92857,12308.85714
Week 2,21 Jun 2011,12233.78571,12312.82857
Week 3,28 Jun 2011,12357.91429,12391.55714
Week 4,05 Jul 2011,12181.35714,12313.05714

Week 1,12 Jul 2011,12022.51429,12097.98571
Week 2,19 Jul 2011,12142.87143,12200.95714
Week 3,26 Jul 2011,12203.11429,12274.91429
Week 4,02 Aug 2011,11976.61429,12227.41429

Week 1,09 Aug 2011,12071.27143,12249.70000
Week 2,16 Aug 2011,12219.67143,12360.94286
Week 3,23 Aug 2011,12296.37143,12371.98571
Week 4,30 Aug 2011,12177.01429,12271.22857

Week 1,06 Sep 2011,11858.58571,11961.80000
Week 2,13 Sep 2011,11963.98571,12021.27143
Week 3,20 Sep 2011,11944.38571,12024.91429
Week 4,27 Sep 2011,12082.95714,12131.31429

Week 1,04 Oct 2011,11936.08571,12006.82857
Week 2,11 Oct 2011,12168.30000,12242.87143
Week 3,18 Oct 2011,12183.65714,12262.80000
Week 4,25 Oct 2011,12367.12857,12436.28571

Week 1,01 Nov 2011,12270.45714,12368.10000
Week 2,08 Nov 2011,12237.37143,12308.25714
Week 3,15 Nov 2011,12130.62857,12262.72857
Week 4,22 Nov 2011,12046.20000,12134.15714

Week 1,29 Nov 2011,12087.27143,12227.61429
Week 2,06 Dec 2011,12086.04286,12150.61429
Week 3,13 Dec 2011,11832.22857,11941.01429
Week 4,20 Dec 2011,11805.72857,11893.90000

Week 1,27 Dec 2011,11730.00000,11860.87143
Week 2,03 Jan 2012,11660.44286,11765.20000
Week 3,10 Jan 2012,11585.41429,11660.21429
Week 4,17 Jan 2012,11531.50000,11609.55714

Week 1,24 Jan 2012,11709.97143,11772.25714
Week 2,31 Jan 2012,11759.77143,11829.98571
Week 3,07 Feb 2012,11790.10000,11887.54286
Week 4,14 Feb 2012,11785.25714,11899.07143

Week 1,21 Feb 2012,12009.31429,12100.02857
Week 2,28 Feb 2012,12051.48571,12145.95714
Week 3,06 Mar 2012,11989.42857,12060.30000
Week 4,13 Mar 2012,11965.65714,12036.58571

Week 1,20 Mar 2012,12039.95714,12190.58571
Week 2,27 Mar 2012,12158.81429,12246.82857
Week 3,03 Apr 2012,12020.95714,12080.15714
Week 4,10 Apr 2012,11950.27143,12083.08571

Week 1,17 Apr 2012,12019.60000,12118.84286
Week 2,24 Apr 2012,12109.01429,12170.04286
Week 3,01 May 2012,12021.45714,12200.05714
Week 4,08 May 2012,11898.37143,11999.64286

Week 1,15 May 2012,11769.35714,11852.12857
Week 2,22 May 2012,11684.00000,11762.47143
Week 3,29 May 2012,11621.37143,11779.14286
Week 4,05 Jun 2012,11635.68571,11822.22857

Week 1,12 Jun 2012,11769.22857,11952.14286
Week 2,19 Jun 2012,11839.72857,11970.01429
Week 3,26 Jun 2012,11805.65714,11877.80000
Week 4,03 Jul 2012,11644.24286,11785.00000

Week 1,10 Jul 2012,11516.98571,11620.75714
Week 2,17 Jul 2012,11525.00000,11595.87143
Week 3,24 Jul 2012,11526.24286,11595.80000
Week 4,31 Jul 2012,11606.38571,11674.64286

Week 1,07 Aug 2012,11654.87143,11721.42857
Week 2,14 Aug 2012,11681.47143,11712.01429
Week 3,21 Aug 2012,11821.02857,11875.38571
Week 4,28 Aug 2012,11925.77143,11999.61429

Week 1,04 Sep 2012,12085.18571,12155.28571
Week 2,11 Sep 2012,12298.20000,12438.70000
Week 3,18 Sep 2012,12358.47143,12456.77143
Week 4,25 Sep 2012,12306.87143,12376.55714

Week 1,02 Oct 2012,12374.78571,12474.17143
Week 2,09 Oct 2012,12354.72857,12450.44286
Week 3,16 Oct 2012,12461.50000,12537.32857
Week 4,23 Oct 2012,12429.58571,12503.60000

Week 1,30 Oct 2012,12366.01429,12458.55714
Week 2,06 Nov 2012,12219.74286,12343.51429
Week 3,13 Nov 2012,12207.05714,12301.85714
Week 4,20 Nov 2012,12297.12857,12448.68571

Week 1,27 Nov 2012,12403.05714,12495.72857
Week 2,04 Dec 2012,12460.84286,12538.51429
Week 3,11 Dec 2012,12546.22857,12621.17143
Week 4,18 Dec 2012,12702.80000,12769.51429

Week 1,25 Dec 2012,12722.61429,12782.77143
Week 2,01 Jan 2013,12635.45714,12737.12857
Week 3,08 Jan 2013,12702.47143,12790.32857
Week 4,15 Jan 2013,12835.44286,12940.92857

Week 1,22 Jan 2013,12849.81429,13009.95714
Week 2,29 Jan 2013,13123.74286,13207.52857
Week 3,05 Feb 2013,12994.31429,13079.22857
Week 4,12 Feb 2013,12890.95714,12957.45714

Week 1,19 Feb 2013,12831.17143,12912.00000
Week 2,26 Feb 2013,12632.10000,12707.67143
Week 3,05 Mar 2013,12584.71429,12656.48571
Week 4,12 Mar 2013,12596.68571,12675.65714

Week 1,19 Mar 2013,12558.82857,12624.18571
Week 2,26 Mar 2013,12439.87143,12523.70000
Week 3,02 Apr 2013,12530.67143,12618.78571
Week 4,09 Apr 2013,12666.91429,12745.88571

Week 1,16 Apr 2013,12664.12857,12739.18571
Week 2,23 Apr 2013,12623.91429,12699.65714
Week 3,30 Apr 2013,12726.94286,12789.48571
Week 4,07 May 2013,12673.21429,12749.20000

Week 1,14 May 2013,12504.91429,12671.25714
Week 2,21 May 2013,12563.17143,12658.12857
Week 3,28 May 2013,12659.08571,12792.08571
Week 4,04 Jun 2013,12861.40000,13038.47143

Week 1,11 Jun 2013,13057.21429,13209.22857
Week 2,18 Jun 2013,13095.91429,13190.67143
Week 3,25 Jun 2013,12919.80000,12994.20000
Week 4,02 Jul 2013,12817.91429,12894.61429

Week 1,09 Jul 2013,12892.11429,13019.04286
Week 2,16 Jul 2013,13164.58571,13226.22857
Week 3,23 Jul 2013,13436.07143,13529.01429
Week 4,30 Jul 2013,13562.72857,13678.94286

Week 1,06 Aug 2013,13653.22857,13741.61429
Week 2,13 Aug 2013,13727.38571,13851.11429
Week 3,20 Aug 2013,14302.24286,14457.98571
Week 4,27 Aug 2013,14469.68571,14556.25714

Week 1,03 Sep 2013,14595.22857,14667.50000
Week 2,10 Sep 2013,15011.08571,15085.31429
Week 3,17 Sep 2013,15261.70000,15339.94286
Week 4,24 Sep 2013,15495.11429,15571.71429

Week 1,01 Oct 2013,15464.87143,15635.70000
Week 2,08 Oct 2013,15381.74286,15524.04286
Week 3,15 Oct 2013,15351.25714,15450.40000
Week 4,22 Oct 2013,15213.28571,15362.22857

Week 1,29 Oct 2013,15238.48571,15334.74286
Week 2,05 Nov 2013,15266.45714,15346.95714
Week 3,12 Nov 2013,15542.50000,15619.17143
Week 4,19 Nov 2013,15707.72857,15799.01429

Week 1,26 Nov 2013,15876.95714,16111.48571
Week 2,03 Dec 2013,15960.38571,16323.78571
Week 3,10 Dec 2013,16413.78571,16493.41429
Week 4,17 Dec 2013,16540.01429,16561.34286

Week 1,24 Dec 2013,16656.48571,16685.90000
Week 2,31 Dec 2013,16620.64286,16635.22857
Week 3,07 Jan 2014,16341.74286,16361.40000
Week 4,14 Jan 2014,16158.52857,16223.18571

Week 1,21 Jan 2014,16397.27143,16418.30000
Week 2,28 Jan 2014,16500.08571,16541.32857
Week 3,04 Feb 2014,16297.94286,16331.87143
Week 4,11 Feb 2014,16190.27143,16225.37143

Week 1,18 Feb 2014,16048.47143,16117.40000
Week 2,25 Feb 2014,15943.10000,15978.41429
Week 3,04 Mar 2014,15846.85714,15886.77143
Week 4,11 Mar 2014,15791.82857,15828.78571

Week 1,18 Mar 2014,15729.60000,15760.91429
Week 2,25 Mar 2014,15650.18571,15684.91429
Week 3,01 Apr 2014,15527.95714,15556.95714
Week 4,08 Apr 2014,15692.32857,15729.71429

Week 1,15 Apr 2014,15794.37143,15831.07143
Week 2,22 Apr 2014,15954.90000,15986.14286
Week 3,29 Apr 2014,15981.07143,16011.68571
Week 4,06 May 2014,15957.74286,15989.32857

Week 1,13 May 2014,15661.42857,15688.61429
Week 2,20 May 2014,15696.88571,15748.58571
Week 3,27 May 2014,15831.84286,15862.15714
Week 4,03 Jun 2014,16094.41429,16124.22857

Week 1,10 Jun 2014,15988.28571,16011.32857
Week 2,17 Jun 2014,16190.82857,16215.07143
Week 3,24 Jun 2014,16377.61429,16402.31429
Week 4,01 Jul 2014,16197.47143,16227.10000

Week 1,08 Jul 2014,15848.88571,15912.07143
Week 2,15 Jul 2014,15776.81429,15849.71429
Week 3,22 Jul 2014,15538.77143,15573.88571
Week 4,29 Jul 2014,15652.42857,15726.42857

Week 1,05 Aug 2014,15755.07143,15808.65714
Week 2,12 Aug 2014,15625.81429,15658.40000
Week 3,19 Aug 2014,15516.67143,15547.48571
Week 4,26 Aug 2014,15406.62857,15429.61429

Week 1,02 Sep 2014,15305.47143,15336.87143
Week 2,09 Sep 2014,15286.20000,15312.02857
Week 3,16 Sep 2014,15415.28571,15451.44286
Week 4,23 Sep 2014,15324.47143,15351.95714

Week 1,30 Sep 2014,15331.42857,15363.47143
Week 2,07 Oct 2014,15420.25714,15455.38571
Week 3,14 Oct 2014,15492.80000,15525.70000
Week 4,21 Oct 2014,15295.82857,15332.30000

Week 1,28 Oct 2014,15265.91429,15299.54286
Week 2,04 Nov 2014,15148.22857,15174.55714
Week 3,11 Nov 2014,15199.27143,15242.81429
Week 4,18 Nov 2014,15126.31429,15186.84286

Week 1,25 Nov 2014,15148.20000,15181.47143
Week 2,02 Dec 2014,15198.45714,15234.85714
Week 3,09 Dec 2014,15385.62857,15430.32857
Week 4,16 Dec 2014,15498.67143,15656.88571

Week 1,23 Dec 2014,15150.45714,15232.88571
Week 2,30 Dec 2014,15036.95714,15103.82857
Week 3,06 Jan 2015,14906.90000,15083.81429
Week 4,13 Jan 2015,14589.51429,14885.07143

Week 1,20 Jan 2015,14195.38571,14426.98571
Week 2,27 Jan 2015,14212.57143,14271.21429
Week 3,03 Feb 2015,14334.48571,14459.20000
Week 4,10 Feb 2015,14400.74286,14549.45714

Week 1,17 Feb 2015,14523.72857,14661.35714
Week 2,24 Feb 2015,14539.44286,14587.95714
Week 3,03 Mar 2015,14327.82857,14418.62857
Week 4,10 Mar 2015,13965.37143,14064.34286

Week 1,17 Mar 2015,13979.12857,14025.72857
Week 2,24 Mar 2015,14168.70000,14230.92857
Week 3,31 Mar 2015,14088.92857,14195.67143
Week 4,07 Apr 2015,13886.87143,13966.30000

Week 1,14 Apr 2015,13776.55714,13825.28571
Week 2,21 Apr 2015,13940.65714,13990.32857
Week 3,28 Apr 2015,14360.47143,14410.55714
Week 4,05 May 2015,14609.71429,14713.78571

Week 1,12 May 2015,14837.32857,14872.60000
Week 2,19 May 2015,14604.34286,14717.02857
Week 3,26 May 2015,14442.20000,14487.01429
Week 4,02 Jun 2015,14724.37143,14839.71429

Week 1,09 Jun 2015,14966.20000,15032.14286
Week 2,16 Jun 2015,15065.02857,15090.37143
Week 3,23 Jun 2015,14900.45714,14950.25714
Week 4,30 Jun 2015,14800.45714,14839.00000

Week 1,07 Jul 2015,14745.90000,14788.14286
Week 2,14 Jul 2015,14568.97143,14602.65714
Week 3,21 Jul 2015,14646.32857,14687.35714
Week 4,28 Jul 2015,14777.71429,14915.02857

Week 1,04 Aug 2015,14756.50000,14823.28571
Week 2,11 Aug 2015,15082.55714,15336.57143
Week 3,18 Aug 2015,15387.91429,15698.52857
Week 4,25 Aug 2015,15719.64286,16166.00000

Week 1,01 Sep 2015,15638.65714,16013.75714
Week 2,08 Sep 2015,15934.18571,16148.47143
Week 3,15 Sep 2015,16228.34286,16351.62857
Week 4,22 Sep 2015,16315.24286,16404.41429

Week 1,29 Sep 2015,16390.01429,16529.52857
Week 2,06 Oct 2015,15592.68571,15883.10000
Week 3,13 Oct 2015,15250.54286,15481.24286
Week 4,20 Oct 2015,15215.41429,15313.75714

Week 1,27 Oct 2015,15005.38571,15084.14286
Week 2,03 Nov 2015,14725.05714,14997.28571
Week 3,10 Nov 2015,14637.68571,14697.54286
Week 4,17 Nov 2015,14565.82857,14698.82857

Week 1,24 Nov 2015,14352.81429,14794.82857
Week 2,01 Dec 2015,14764.57143,14880.72857
Week 3,08 Dec 2015,15234.90000,15281.61429
Week 4,15 Dec 2015,15153.84286,15353.42857

Week 1,22 Dec 2015,14865.22857,15030.57143
Week 2,29 Dec 2015,14943.58571,15115.52857
Week 3,05 Jan 2016,14989.17143,15180.81429
Week 4,12 Jan 2016,14978.67143,15286.11429

Week 1,19 Jan 2016,15015.91429,15096.30000
Week 2,26 Jan 2016,14951.01429,15150.88571
Week 3,02 Feb 2016,15032.07143,15178.90000
Week 4,09 Feb 2016,15155.22857,15316.47143

Week 1,16 Feb 2016,14891.34286,15116.85714
Week 2,23 Feb 2016,14733.85714,14776.84286
Week 3,01 Mar 2016,14356.04286,14557.04286
Week 4,08 Mar 2016,14313.25714,14579.18571

Week 1,15 Mar 2016,14631.24286,14750.18571
Week 2,22 Mar 2016,14765.75714,14846.80000
Week 3,29 Mar 2016,14934.64286,15010.81429
Week 4,05 Apr 2016,14953.20000,15025.94286

Week 1,12 Apr 2016,14865.81429,14924.21429
Week 2,19 Apr 2016,14852.15714,14888.08571
Week 3,26 Apr 2016,14918.97143,15020.91429
Week 4,03 May 2016,15191.90000,15258.17143

Week 1,10 May 2016,15104.67143,15138.65714
Week 2,17 May 2016,15122.44286,15212.35714
Week 3,24 May 2016,15164.37143,15233.15714
Week 4,31 May 2016,15200.81429,15235.97143

Week 1,07 Jun 2016,15045.28571,15088.37143
Week 2,14 Jun 2016,15009.84286,15037.40000
Week 3,21 Jun 2016,14893.64286,15094.74286
Week 4,28 Jun 2016,14603.67143,14674.50000

Week 1,05 Jul 2016,14521.28571,14630.10000
Week 2,12 Jul 2016,14465.71429,14525.01429
Week 3,19 Jul 2016,14422.50000,14449.25714
Week 4,26 Jul 2016,14501.31429,14555.12857

Week 1,02 Aug 2016,14591.78571,14620.75714
Week 2,09 Aug 2016,14597.00000,14621.25714
Week 3,16 Aug 2016,14799.78571,14829.87143
Week 4,23 Aug 2016,14920.65714,14945.35714

Week 1,30 Aug 2016,14764.82857,14848.38571
Week 2,06 Sep 2016,14730.12857,14742.92857
Week 3,13 Sep 2016,14769.94286,14790.74286
Week 4,20 Sep 2016,14663.48571,14683.95714

Week 1,27 Sep 2016,14586.77143,14602.58571
Week 2,04 Oct 2016,14531.30000,14551.45714
Week 3,11 Oct 2016,14391.68571,14408.20000
Week 4,18 Oct 2016,14254.71429,14275.70000

Week 1,25 Oct 2016,14227.80000,14256.60000
Week 2,01 Nov 2016,14380.37143,14552.31429
Week 3,08 Nov 2016,14381.32857,14573.07143
Week 4,15 Nov 2016,14217.47143,14353.18571

Week 1,22 Nov 2016,14290.14286,14319.34286
Week 2,29 Nov 2016,14367.54286,14392.22857
Week 3,06 Dec 2016,14222.20000,14239.58571
Week 4,13 Dec 2016,14047.24286,14081.42857

Week 1,20 Dec 2016,14012.92857,14043.91429
Week 2,27 Dec 2016,14109.15714,14132.55714
Week 3,03 Jan 2017,14010.52857,14143.70000
Week 4,10 Jan 2017,14103.00000,14136.30000

Week 1,17 Jan 2017,14252.20000,14270.27143
Week 2,24 Jan 2017,14300.94286,14325.24286
Week 3,31 Jan 2017,14350.01429,14384.25714
Week 4,07 Feb 2017,14210.25714,14230.24286

Week 1,14 Feb 2017,14113.97143,14198.17143
Week 2,21 Feb 2017,14097.82857,14118.90000
Week 3,28 Feb 2017,14112.70549,14136.59104
Week 4,07 Mar 2017,14166.43565,14187.70800

Week 1,14 Mar 2017,14276.82104,14292.76412
Week 2,21 Mar 2017,14357.92167,14373.39973
Week 3,28 Mar 2017,14280.82556,14356.40355
Week 4,04 Apr 2017,14158.86642,14199.85046

Week 1,11 Apr 2017,14091.82081,14114.22199
Week 2,18 Apr 2017,14232.84871,14248.81331
Week 3,25 Apr 2017,14434.78277,14532.57572
Week 4,02 May 2017,14578.85866,14593.70169

Week 1,09 May 2017,14541.56266,14558.93901
Week 2,16 May 2017,14799.84475,14823.86804
Week 3,23 May 2017,14889.47056,14908.05983
Week 4,30 May 2017,14931.23951,14948.92021

Week 1,06 Jun 2017,14849.12550,15000.82272
Week 2,13 Jun 2017,14876.15917,14898.56396
Week 3,20 Jun 2017,14787.00556,14937.92366
Week 4,27 Jun 2017,15030.97438,15191.56973

Week 1,04 Jul 2017,15171.32822,15305.28611
Week 2,11 Jul 2017,15157.36626,15337.03292
Week 3,18 Jul 2017,15315.12862,15511.32291
Week 4,25 Jul 2017,15460.47852,15666.48930

Week 1,01 Aug 2017,15656.80598,15870.67260
Week 2,08 Aug 2017,15579.78768,15818.86827
Week 3,15 Aug 2017,15555.27971,15836.91889
Week 4,22 Aug 2017,15670.78482,15833.02656

Week 1,29 Aug 2017,15856.72081,15975.31149
Week 2,05 Sep 2017,15826.42385,15989.25141
Week 3,12 Sep 2017,15715.87381,15880.63844
Week 4,19 Sep 2017,15806.05669,15980.60510

Week 1,26 Sep 2017,15786.33787,15975.45637
Week 2,03 Oct 2017,15735.68559,15954.07710
Week 3,10 Oct 2017,15841.44948,16063.72634
Week 4,17 Oct 2017,15843.76677,16029.82940

Week 1,24 Oct 2017,15820.35110,15981.62348
Week 2,31 Oct 2017,15681.01989,15834.53800
Week 3,07 Nov 2017,15628.60751,15796.73421
Week 4,14 Nov 2017,15848.12887,15999.36892

Week 1,21 Nov 2017,15874.02739,16031.23239
Week 2,28 Nov 2017,15994.98588,16153.58578
Week 3,05 Dec 2017,16004.36714,16025.24718



