EUR->ZAR

Week 1,15 Dec 1998,6.98495,7.00614
Week 2,22 Dec 1998,6.88161,6.90105
Week 3,29 Dec 1998,6.87972,6.89599
Week 4,05 Jan 1999,6.75027,6.76681

Week 1,12 Jan 1999,7.10341,7.11867
Week 2,19 Jan 1999,6.99962,7.02263
Week 3,26 Jan 1999,6.88946,6.91287
Week 4,02 Feb 1999,6.75130,6.76806

Week 1,09 Feb 1999,6.86791,6.87641
Week 2,16 Feb 1999,6.88406,6.90309
Week 3,23 Feb 1999,6.80647,6.81986
Week 4,02 Mar 1999,6.74373,6.75633

Week 1,09 Mar 1999,6.76023,6.77466
Week 2,16 Mar 1999,6.77363,6.78363
Week 3,23 Mar 1999,6.72379,6.73556
Week 4,30 Mar 1999,6.64738,6.65419

Week 1,06 Apr 1999,6.67400,6.68613
Week 2,13 Apr 1999,6.53098,6.54230
Week 3,20 Apr 1999,6.45517,6.46844
Week 4,27 Apr 1999,6.43053,6.43711

Week 1,04 May 1999,6.54881,6.55587
Week 2,11 May 1999,6.61493,6.62054
Week 3,18 May 1999,6.56981,6.57787
Week 4,25 May 1999,6.54249,6.54694

Week 1,01 Jun 1999,6.38520,6.39016
Week 2,08 Jun 1999,6.37714,6.38511
Week 3,15 Jun 1999,6.25335,6.25991
Week 4,22 Jun 1999,6.26698,6.27569

Week 1,29 Jun 1999,6.18839,6.19943
Week 2,06 Jul 1999,6.18400,6.19321
Week 3,13 Jul 1999,6.25884,6.26483
Week 4,20 Jul 1999,6.42360,6.43807

Week 1,27 Jul 1999,6.56493,6.58083
Week 2,03 Aug 1999,6.62894,6.63843
Week 3,10 Aug 1999,6.50823,6.51856
Week 4,17 Aug 1999,6.46606,6.47386

Week 1,24 Aug 1999,6.38716,6.39432
Week 2,31 Aug 1999,6.40881,6.42308
Week 3,07 Sep 1999,6.36263,6.37113
Week 4,14 Sep 1999,6.33026,6.34448

Week 1,21 Sep 1999,6.31513,6.32251
Week 2,28 Sep 1999,6.38836,6.39760
Week 3,05 Oct 1999,6.43726,6.44754
Week 4,12 Oct 1999,6.60653,6.61649

Week 1,19 Oct 1999,6.58897,6.59850
Week 2,26 Oct 1999,6.47389,6.48397
Week 3,02 Nov 1999,6.39569,6.40663
Week 4,09 Nov 1999,6.34313,6.35594

Week 1,16 Nov 1999,6.34729,6.35846
Week 2,23 Nov 1999,6.23877,6.25033
Week 3,30 Nov 1999,6.19089,6.20276
Week 4,07 Dec 1999,6.23996,6.25246

Week 1,14 Dec 1999,6.19370,6.20573
Week 2,21 Dec 1999,6.21317,6.22397
Week 3,28 Dec 1999,6.17995,6.19226
Week 4,04 Jan 2000,6.24340,6.25315

Week 1,11 Jan 2000,6.20273,6.21013
Week 2,18 Jan 2000,6.16191,6.17883
Week 3,25 Jan 2000,6.17527,6.18774
Week 4,01 Feb 2000,6.13696,6.14540

Week 1,08 Feb 2000,6.22772,6.24055
Week 2,15 Feb 2000,6.22417,6.23814
Week 3,22 Feb 2000,6.22297,6.23740
Week 4,29 Feb 2000,6.18262,6.19275

Week 1,07 Mar 2000,6.19124,6.20137
Week 2,14 Mar 2000,6.25476,6.27044
Week 3,21 Mar 2000,6.27997,6.29535
Week 4,28 Mar 2000,6.25447,6.27015

Week 1,04 Apr 2000,6.28977,6.30669
Week 2,11 Apr 2000,6.28059,6.29757
Week 3,18 Apr 2000,6.27986,6.29546
Week 4,25 Apr 2000,6.22995,6.24072

Week 1,02 May 2000,6.19009,6.20190
Week 2,09 May 2000,6.35101,6.36412
Week 3,16 May 2000,6.39290,6.40986
Week 4,23 May 2000,6.53463,6.56321

Week 1,30 May 2000,6.52812,6.55577
Week 2,06 Jun 2000,6.65229,6.67362
Week 3,13 Jun 2000,6.62735,6.64443
Week 4,20 Jun 2000,6.49101,6.50692

Week 1,27 Jun 2000,6.45052,6.46746
Week 2,04 Jul 2000,6.48381,6.49523
Week 3,11 Jul 2000,6.44940,6.46634
Week 4,18 Jul 2000,6.44949,6.46387

Week 1,25 Jul 2000,6.46533,6.48100
Week 2,01 Aug 2000,6.36227,6.38109
Week 3,08 Aug 2000,6.26716,6.28720
Week 4,15 Aug 2000,6.29731,6.31221

Week 1,22 Aug 2000,6.24771,6.26933
Week 2,29 Aug 2000,6.22273,6.23967
Week 3,05 Sep 2000,6.18582,6.20274
Week 4,12 Sep 2000,6.14764,6.16349

Week 1,19 Sep 2000,6.28352,6.29914
Week 2,26 Sep 2000,6.37914,6.40387
Week 3,03 Oct 2000,6.32050,6.33563
Week 4,10 Oct 2000,6.39758,6.41537

Week 1,17 Oct 2000,6.41275,6.42842
Week 2,24 Oct 2000,6.36458,6.38049
Week 3,31 Oct 2000,6.45217,6.47241
Week 4,07 Nov 2000,6.54340,6.55906

Week 1,14 Nov 2000,6.56184,6.59101
Week 2,21 Nov 2000,6.57462,6.58864
Week 3,28 Nov 2000,6.67738,6.69801
Week 4,05 Dec 2000,6.75905,6.77373

Week 1,12 Dec 2000,6.83226,6.85400
Week 2,19 Dec 2000,6.93336,6.96705
Week 3,26 Dec 2000,7.03761,7.05623
Week 4,02 Jan 2001,7.15605,7.17175

Week 1,09 Jan 2001,7.37961,7.41863
Week 2,16 Jan 2001,7.36122,7.37976
Week 3,23 Jan 2001,7.29552,7.31228
Week 4,30 Jan 2001,7.24200,7.27998

Week 1,06 Feb 2001,7.29390,7.32663
Week 2,13 Feb 2001,7.18191,7.22076
Week 3,20 Feb 2001,7.11814,7.12349
Week 4,27 Feb 2001,7.15029,7.15817

Week 1,06 Mar 2001,7.19907,7.20671
Week 2,13 Mar 2001,7.11721,7.12423
Week 3,20 Mar 2001,7.13669,7.14469
Week 4,27 Mar 2001,7.08124,7.08919

Week 1,03 Apr 2001,7.25053,7.25764
Week 2,10 Apr 2001,7.15043,7.15843
Week 3,17 Apr 2001,7.26824,7.27624
Week 4,24 Apr 2001,7.19037,7.19837

Week 1,01 May 2001,7.16591,7.17391
Week 2,08 May 2001,7.01874,7.02674
Week 3,15 May 2001,6.99429,7.00226
Week 4,22 May 2001,6.81666,6.82466

Week 1,29 May 2001,6.79263,6.80084
Week 2,05 Jun 2001,6.84620,6.85420
Week 3,12 Jun 2001,6.88713,6.89513
Week 4,19 Jun 2001,6.89183,6.90017

Week 1,26 Jun 2001,6.85497,6.86300
Week 2,03 Jul 2001,6.86519,6.87319
Week 3,10 Jul 2001,7.03961,7.04761
Week 4,17 Jul 2001,7.15330,7.16130

Week 1,24 Jul 2001,7.16877,7.17677
Week 2,31 Jul 2001,7.24901,7.25701
Week 3,07 Aug 2001,7.32879,7.33679
Week 4,14 Aug 2001,7.52484,7.53284

Week 1,21 Aug 2001,7.63581,7.64381
Week 2,28 Aug 2001,7.64451,7.65251
Week 3,04 Sep 2001,7.61419,7.62226
Week 4,11 Sep 2001,7.83091,7.83434

Week 1,18 Sep 2001,8.00673,8.01815
Week 2,25 Sep 2001,8.15691,8.16977
Week 3,02 Oct 2001,8.45593,8.46814
Week 4,09 Oct 2001,8.36517,8.37660

Week 1,16 Oct 2001,8.31004,8.32166
Week 2,23 Oct 2001,8.38339,8.39481
Week 3,30 Oct 2001,8.54409,8.55409
Week 4,06 Nov 2001,8.54969,8.56111

Week 1,13 Nov 2001,8.50837,8.52123
Week 2,20 Nov 2001,8.68015,8.68872
Week 3,27 Nov 2001,8.98120,8.99549
Week 4,04 Dec 2001,9.68243,9.69243

Week 1,11 Dec 2001,10.53321,10.55464
Week 2,18 Dec 2001,11.15400,11.17686
Week 3,25 Dec 2001,10.49600,10.52271
Week 4,01 Jan 2002,10.86229,10.87700

Week 1,08 Jan 2002,10.19700,10.25843
Week 2,15 Jan 2002,10.18843,10.22414
Week 3,22 Jan 2002,9.98567,10.00853
Week 4,29 Jan 2002,9.94120,9.95120

Week 1,05 Feb 2002,10.00550,10.01550
Week 2,12 Feb 2002,10.02506,10.04797
Week 3,19 Feb 2002,9.99733,10.00733
Week 4,26 Feb 2002,9.82617,9.83617

Week 1,05 Mar 2002,9.92873,9.93873
Week 2,12 Mar 2002,10.29129,10.30129
Week 3,19 Mar 2002,10.20857,10.21857
Week 4,26 Mar 2002,9.95017,9.96017

Week 1,02 Apr 2002,9.84617,9.85617
Week 2,09 Apr 2002,9.85714,9.86714
Week 3,16 Apr 2002,9.87656,9.89941
Week 4,23 Apr 2002,9.70186,9.71186

Week 1,30 Apr 2002,9.53896,9.54896
Week 2,07 May 2002,9.35290,9.36290
Week 3,14 May 2002,9.22834,9.23834
Week 4,21 May 2002,9.27514,9.28514

Week 1,28 May 2002,9.12899,9.14481
Week 2,04 Jun 2002,9.26277,9.27277
Week 3,11 Jun 2002,9.69407,9.70407
Week 4,18 Jun 2002,9.90746,9.91746

Week 1,25 Jun 2002,10.15914,10.16914
Week 2,02 Jul 2002,9.88407,9.89413
Week 3,09 Jul 2002,9.91340,9.92340
Week 4,16 Jul 2002,10.11157,10.13443

Week 1,23 Jul 2002,10.13671,10.14671
Week 2,30 Jul 2002,10.03820,10.05134
Week 3,06 Aug 2002,10.16800,10.19086
Week 4,13 Aug 2002,10.36657,10.37657

Week 1,20 Aug 2002,10.52271,10.53271
Week 2,27 Aug 2002,10.37286,10.38286
Week 3,03 Sep 2002,10.44757,10.45757
Week 4,10 Sep 2002,10.27371,10.28371

Week 1,17 Sep 2002,10.36800,10.37800
Week 2,24 Sep 2002,10.36371,10.37371
Week 3,01 Oct 2002,10.27571,10.28671
Week 4,08 Oct 2002,10.28329,10.31600

Week 1,15 Oct 2002,10.12676,10.14314
Week 2,22 Oct 2002,9.90210,9.91210
Week 3,29 Oct 2002,9.92264,9.93264
Week 4,05 Nov 2002,9.88646,9.90217

Week 1,12 Nov 2002,9.79551,9.80551
Week 2,19 Nov 2002,9.55793,9.56793
Week 3,26 Nov 2002,9.19576,9.21147
Week 4,03 Dec 2002,9.20853,9.21853

Week 1,10 Dec 2002,8.99359,9.02644
Week 2,17 Dec 2002,9.14907,9.15907
Week 3,24 Dec 2002,9.09916,9.10916
Week 4,31 Dec 2002,8.87634,8.89206

Week 1,07 Jan 2003,8.96607,8.97607
Week 2,14 Jan 2003,9.33953,9.34953
Week 3,21 Jan 2003,9.49269,9.50269
Week 4,28 Jan 2003,9.26603,9.27654

Week 1,04 Feb 2003,9.08137,9.09709
Week 2,11 Feb 2003,9.01056,9.02104
Week 3,18 Feb 2003,8.82597,8.83597
Week 4,25 Feb 2003,8.70503,8.72074

Week 1,04 Mar 2003,8.71900,8.73471
Week 2,11 Mar 2003,8.80011,8.81011
Week 3,18 Mar 2003,8.64980,8.65980
Week 4,25 Mar 2003,8.56763,8.57763

Week 1,01 Apr 2003,8.52173,8.55459
Week 2,08 Apr 2003,8.43594,8.45166
Week 3,15 Apr 2003,8.30413,8.32556
Week 4,22 Apr 2003,8.08780,8.11494

Week 1,29 Apr 2003,8.17577,8.19897
Week 2,06 May 2003,8.27834,8.28834
Week 3,13 May 2003,8.81993,8.82993
Week 4,20 May 2003,9.22584,9.23584

Week 1,27 May 2003,9.54474,9.55474
Week 2,03 Jun 2003,9.46956,9.47956
Week 3,10 Jun 2003,9.27517,9.28517
Week 4,17 Jun 2003,9.19307,9.20307

Week 1,24 Jun 2003,8.75736,8.76736
Week 2,01 Jul 2003,8.61064,8.62064
Week 3,08 Jul 2003,8.54927,8.55927
Week 4,15 Jul 2003,8.62514,8.63514

Week 1,22 Jul 2003,8.57849,8.58849
Week 2,29 Jul 2003,8.39030,8.40030
Week 3,05 Aug 2003,8.33484,8.35056
Week 4,12 Aug 2003,8.30263,8.31263

Week 1,19 Aug 2003,8.13771,8.14771
Week 2,26 Aug 2003,8.04959,8.06530
Week 3,02 Sep 2003,8.09136,8.10136
Week 4,09 Sep 2003,8.33413,8.34413

Week 1,16 Sep 2003,8.34849,8.36459
Week 2,23 Sep 2003,8.19736,8.22220
Week 3,30 Sep 2003,8.08371,8.11193
Week 4,07 Oct 2003,8.15491,8.18121

Week 1,14 Oct 2003,8.24384,8.29386
Week 2,21 Oct 2003,8.20294,8.25294
Week 3,28 Oct 2003,8.00720,8.05136
Week 4,04 Nov 2003,7.95777,8.00206

Week 1,11 Nov 2003,7.90717,7.94574
Week 2,18 Nov 2003,7.79780,7.83846
Week 3,25 Nov 2003,7.65620,7.70049
Week 4,02 Dec 2003,7.60456,7.64503

Week 1,09 Dec 2003,7.83443,7.86574
Week 2,16 Dec 2003,8.24130,8.28211
Week 3,23 Dec 2003,8.34747,8.40317
Week 4,30 Dec 2003,8.29943,8.34283

Week 1,06 Jan 2004,8.38246,8.42160
Week 2,13 Jan 2004,9.01353,9.05417
Week 3,20 Jan 2004,8.98491,9.02920
Week 4,27 Jan 2004,8.74540,8.79540

Week 1,03 Feb 2004,8.74033,8.78253
Week 2,10 Feb 2004,8.53513,8.57713
Week 3,17 Feb 2004,8.39296,8.43724
Week 4,24 Feb 2004,8.27647,8.32473

Week 1,02 Mar 2004,8.22896,8.27839
Week 2,09 Mar 2004,8.17239,8.22239
Week 3,16 Mar 2004,8.18549,8.22466
Week 4,23 Mar 2004,7.96714,8.01019

Week 1,30 Mar 2004,7.73856,7.78609
Week 2,06 Apr 2004,7.62989,7.67494
Week 3,13 Apr 2004,7.73194,7.78074
Week 4,20 Apr 2004,7.93496,7.98114

Week 1,27 Apr 2004,8.18979,8.23891
Week 2,04 May 2004,8.32293,8.36443
Week 3,11 May 2004,8.11994,8.16350
Week 4,18 May 2004,8.09084,8.13513

Week 1,25 May 2004,7.96093,8.01327
Week 2,01 Jun 2004,7.89493,7.93999
Week 3,08 Jun 2004,7.89533,7.93879
Week 4,15 Jun 2004,7.81331,7.86531

Week 1,22 Jun 2004,7.61890,7.67139
Week 2,29 Jun 2004,7.50184,7.54613
Week 3,06 Jul 2004,7.54296,7.58803
Week 4,13 Jul 2004,7.44261,7.49261

Week 1,20 Jul 2004,7.42796,7.47224
Week 2,27 Jul 2004,7.53610,7.58039
Week 3,03 Aug 2004,7.50764,7.55764
Week 4,10 Aug 2004,7.76204,7.80633

Week 1,17 Aug 2004,8.06640,8.11069
Week 2,24 Aug 2004,8.06204,8.10633
Week 3,31 Aug 2004,8.00221,8.04649
Week 4,07 Sep 2004,8.03671,8.08100

Week 1,14 Sep 2004,7.96370,8.01370
Week 2,21 Sep 2004,7.87347,7.91776
Week 3,28 Sep 2004,7.94727,7.99156
Week 4,05 Oct 2004,8.04013,8.09013

Week 1,12 Oct 2004,8.05209,8.09637
Week 2,19 Oct 2004,7.84571,7.88990
Week 3,26 Oct 2004,7.83199,7.87627
Week 4,02 Nov 2004,7.82340,7.86769

Week 1,09 Nov 2004,7.94680,7.99911
Week 2,16 Nov 2004,7.79874,7.84303
Week 3,23 Nov 2004,7.77050,7.82050
Week 4,30 Nov 2004,7.68807,7.74419

Week 1,07 Dec 2004,7.70533,7.75533
Week 2,14 Dec 2004,7.63923,7.69186
Week 3,21 Dec 2004,7.58627,7.62484
Week 4,28 Dec 2004,7.64683,7.69111

Week 1,04 Jan 2005,7.86743,7.91171
Week 2,11 Jan 2005,7.87787,7.93217
Week 3,18 Jan 2005,7.81903,7.87631
Week 4,25 Jan 2005,7.72847,7.77950

Week 1,01 Feb 2005,7.88133,7.91630
Week 2,08 Feb 2005,7.87937,7.91727
Week 3,15 Feb 2005,7.75083,7.78563
Week 4,22 Feb 2005,7.66421,7.71827

Week 1,01 Mar 2005,7.72427,7.77333
Week 2,08 Mar 2005,7.77346,7.81217
Week 3,15 Mar 2005,8.04761,8.10213
Week 4,22 Mar 2005,8.02916,8.09284

Week 1,29 Mar 2005,8.07190,8.12187
Week 2,05 Apr 2005,7.92549,7.97151
Week 3,12 Apr 2005,7.99606,8.04454
Week 4,19 Apr 2005,7.95474,8.00214

Week 1,26 Apr 2005,7.84519,7.88889
Week 2,03 May 2005,7.74020,7.78881
Week 3,10 May 2005,7.93386,7.97694
Week 4,17 May 2005,8.11684,8.16267

Week 1,24 May 2005,8.22686,8.27180
Week 2,31 May 2005,8.34539,8.38503
Week 3,07 Jun 2005,8.18221,8.22930
Week 4,14 Jun 2005,8.15690,8.20417

Week 1,21 Jun 2005,8.10600,8.14291
Week 2,28 Jun 2005,8.07974,8.11733
Week 3,05 Jul 2005,8.16586,8.21230
Week 4,12 Jul 2005,7.98844,8.03137

Week 1,19 Jul 2005,7.97661,8.02016
Week 2,26 Jul 2005,7.98541,8.02336
Week 3,02 Aug 2005,7.94883,7.98181
Week 4,09 Aug 2005,7.90151,7.94064

Week 1,16 Aug 2005,7.93707,7.97891
Week 2,23 Aug 2005,7.93013,7.96977
Week 3,30 Aug 2005,7.85781,7.89441
Week 4,06 Sep 2005,7.84289,7.87519

Week 1,13 Sep 2005,7.79728,7.83483
Week 2,20 Sep 2005,7.71101,7.74464
Week 3,27 Sep 2005,7.66304,7.69886
Week 4,04 Oct 2005,7.82983,7.86217

Week 1,11 Oct 2005,7.87563,7.91713
Week 2,18 Oct 2005,7.88160,7.91873
Week 3,25 Oct 2005,8.04456,8.08614
Week 4,01 Nov 2005,7.95360,7.98772

Week 1,08 Nov 2005,7.91714,7.94774
Week 2,15 Nov 2005,7.86609,7.90373
Week 3,22 Nov 2005,7.67963,7.71338
Week 4,29 Nov 2005,7.55154,7.58119

Week 1,06 Dec 2005,7.46766,7.49766
Week 2,13 Dec 2005,7.62364,7.65462
Week 3,20 Dec 2005,7.55642,7.58644
Week 4,27 Dec 2005,7.50524,7.53724

Week 1,03 Jan 2006,7.43087,7.45679
Week 2,10 Jan 2006,7.31125,7.34505
Week 3,17 Jan 2006,7.24931,7.30775
Week 4,24 Jan 2006,7.39194,7.44612

Week 1,31 Jan 2006,7.35196,7.38205
Week 2,07 Feb 2006,7.32998,7.35842
Week 3,14 Feb 2006,7.22559,7.26344
Week 4,21 Feb 2006,7.23285,7.26492

Week 1,28 Feb 2006,7.36337,7.39665
Week 2,07 Mar 2006,7.45790,7.48599
Week 3,14 Mar 2006,7.50364,7.53437
Week 4,21 Mar 2006,7.58689,7.61530

Week 1,28 Mar 2006,7.50052,7.52701
Week 2,04 Apr 2006,7.40022,7.42589
Week 3,11 Apr 2006,7.40608,7.43448
Week 4,18 Apr 2006,7.38770,7.41845

Week 1,25 Apr 2006,7.58072,7.60823
Week 2,02 May 2006,7.64910,7.67406
Week 3,09 May 2006,7.83965,7.88392
Week 4,16 May 2006,8.21735,8.25225

Week 1,23 May 2006,8.37280,8.40400
Week 2,30 May 2006,8.51525,8.54070
Week 3,06 Jun 2006,8.55482,8.60853
Week 4,13 Jun 2006,8.60990,8.66663

Week 1,20 Jun 2006,9.08602,9.11318
Week 2,27 Jun 2006,9.16111,9.19124
Week 3,04 Jul 2006,9.08939,9.13081
Week 4,11 Jul 2006,9.09657,9.11651

Week 1,18 Jul 2006,8.91510,8.94340
Week 2,25 Jul 2006,8.77661,8.80061
Week 3,01 Aug 2006,8.81353,8.83924
Week 4,08 Aug 2006,8.66486,8.69097

Week 1,15 Aug 2006,8.84353,8.86699
Week 2,22 Aug 2006,9.13870,9.16084
Week 3,29 Aug 2006,9.17842,9.19805
Week 4,05 Sep 2006,9.30298,9.32668

Week 1,12 Sep 2006,9.35272,9.37625
Week 2,19 Sep 2006,9.53095,9.55595
Week 3,26 Sep 2006,9.76410,9.78443
Week 4,03 Oct 2006,9.88587,9.90754

Week 1,10 Oct 2006,9.56053,9.58065
Week 2,17 Oct 2006,9.47349,9.49650
Week 3,24 Oct 2006,9.53756,9.57049
Week 4,31 Oct 2006,9.43712,9.45408

Week 1,07 Nov 2006,9.31996,9.33649
Week 2,14 Nov 2006,9.29818,9.31751
Week 3,21 Nov 2006,9.30927,9.34241
Week 4,28 Nov 2006,9.44621,9.46565

Week 1,05 Dec 2006,9.41512,9.43491
Week 2,12 Dec 2006,9.21053,9.23004
Week 3,19 Dec 2006,9.21082,9.22929
Week 4,26 Dec 2006,9.24503,9.26336

Week 1,02 Jan 2007,9.28186,9.29887
Week 2,09 Jan 2007,9.39433,9.41125
Week 3,16 Jan 2007,9.28498,9.30852
Week 4,23 Jan 2007,9.31543,9.33851

Week 1,30 Jan 2007,9.38910,9.41191
Week 2,06 Feb 2007,9.31868,9.33832
Week 3,13 Feb 2007,9.42432,9.44275
Week 4,20 Feb 2007,9.31101,9.34252

Week 1,27 Feb 2007,9.58244,9.60086
Week 2,06 Mar 2007,9.68246,9.73762
Week 3,13 Mar 2007,9.84436,9.86327
Week 4,20 Mar 2007,9.70043,9.71766

Week 1,27 Mar 2007,9.70269,9.71791
Week 2,03 Apr 2007,9.58382,9.60456
Week 3,10 Apr 2007,9.63919,9.65499
Week 4,17 Apr 2007,9.58957,9.60681

Week 1,24 Apr 2007,9.57552,9.59245
Week 2,01 May 2007,9.49868,9.52271
Week 3,08 May 2007,9.39582,9.41845
Week 4,15 May 2007,9.43351,9.45503

Week 1,22 May 2007,9.50567,9.54101
Week 2,29 May 2007,9.54967,9.59315
Week 3,05 Jun 2007,9.68210,9.71225
Week 4,12 Jun 2007,9.61320,9.63436

Week 1,19 Jun 2007,9.55177,9.59225
Week 2,26 Jun 2007,9.57049,9.60384
Week 3,03 Jul 2007,9.50794,9.53137
Week 4,10 Jul 2007,9.59235,9.61434

Week 1,17 Jul 2007,9.53909,9.56175
Week 2,24 Jul 2007,9.54300,9.59254
Week 3,31 Jul 2007,9.74699,9.77061
Week 4,07 Aug 2007,9.77204,9.80037

Week 1,14 Aug 2007,9.91049,10.01264
Week 2,21 Aug 2007,9.87568,9.90767
Week 3,28 Aug 2007,9.80212,9.82320
Week 4,04 Sep 2007,9.84683,9.90471

Week 1,11 Sep 2007,9.91102,9.99648
Week 2,18 Sep 2007,9.88645,9.93975
Week 3,25 Sep 2007,9.79666,9.81824
Week 4,02 Oct 2007,9.71738,9.76263

Week 1,09 Oct 2007,9.60939,9.63319
Week 2,16 Oct 2007,9.68376,9.70699
Week 3,23 Oct 2007,9.47348,9.49681
Week 4,30 Oct 2007,9.46709,9.49457

Week 1,06 Nov 2007,9.57780,9.60504
Week 2,13 Nov 2007,9.79159,9.81521
Week 3,20 Nov 2007,10.02287,10.04596
Week 4,27 Nov 2007,10.11301,10.14436

Week 1,04 Dec 2007,9.89715,9.92254
Week 2,11 Dec 2007,9.87486,9.89957
Week 3,18 Dec 2007,10.00695,10.02884
Week 4,25 Dec 2007,10.03127,10.05493

Week 1,01 Jan 2008,10.03420,10.09088
Week 2,08 Jan 2008,10.05355,10.10314
Week 3,15 Jan 2008,10.21026,10.23454
Week 4,22 Jan 2008,10.40560,10.44569

Week 1,29 Jan 2008,10.84029,10.86553
Week 2,05 Feb 2008,11.17849,11.21749
Week 3,12 Feb 2008,11.22817,11.26559
Week 4,19 Feb 2008,11.40921,11.43310

Week 1,26 Feb 2008,11.49623,11.52370
Week 2,04 Mar 2008,12.08074,12.10421
Week 3,11 Mar 2008,12.27681,12.32989
Week 4,18 Mar 2008,12.62724,12.65626

Week 1,25 Mar 2008,12.71800,12.74714
Week 2,01 Apr 2008,12.36871,12.39086
Week 3,08 Apr 2008,12.28843,12.36126
Week 4,15 Apr 2008,12.37814,12.42637

Week 1,22 Apr 2008,12.07073,12.09763
Week 2,29 Apr 2008,11.73639,11.76436
Week 3,06 May 2008,11.77526,11.79799
Week 4,13 May 2008,11.72024,11.74429

Week 1,20 May 2008,11.98264,12.01291
Week 2,27 May 2008,11.94033,11.97727
Week 3,03 Jun 2008,12.13881,12.16229
Week 4,10 Jun 2008,12.41559,12.43960

Week 1,17 Jun 2008,12.45054,12.47401
Week 2,24 Jun 2008,12.44900,12.47657
Week 3,01 Jul 2008,12.25760,12.30456
Week 4,08 Jul 2008,12.16083,12.18857

Week 1,15 Jul 2008,12.06894,12.09793
Week 2,22 Jul 2008,11.91089,11.93527
Week 3,29 Jul 2008,11.45801,11.48396
Week 4,05 Aug 2008,11.47583,11.50439

Week 1,12 Aug 2008,11.61283,11.64257
Week 2,19 Aug 2008,11.38337,11.40770
Week 3,26 Aug 2008,11.34883,11.37850
Week 4,02 Sep 2008,11.36304,11.38746

Week 1,09 Sep 2008,11.34914,11.37457
Week 2,16 Sep 2008,11.54366,11.57470
Week 3,23 Sep 2008,11.86249,11.88727
Week 4,30 Sep 2008,11.71544,11.74937

Week 1,07 Oct 2008,12.39334,12.43551
Week 2,14 Oct 2008,13.16811,13.25141
Week 3,21 Oct 2008,14.01654,14.05841
Week 4,28 Oct 2008,12.88990,13.07550

Week 1,04 Nov 2008,12.66934,12.74990
Week 2,11 Nov 2008,12.81690,12.94936
Week 3,18 Nov 2008,13.10073,13.15339
Week 4,25 Nov 2008,12.81160,12.93183

Week 1,02 Dec 2008,12.98203,13.10790
Week 2,09 Dec 2008,13.32344,13.36539
Week 3,16 Dec 2008,13.78447,13.86707
Week 4,23 Dec 2008,13.59264,13.64060

Week 1,30 Dec 2008,13.11854,13.20840
Week 2,06 Jan 2009,12.99269,13.03596
Week 3,13 Jan 2009,13.25700,13.31889
Week 4,20 Jan 2009,13.17380,13.25140

Week 1,27 Jan 2009,13.07650,13.15600
Week 2,03 Feb 2009,12.73511,12.77321
Week 3,10 Feb 2009,12.70940,12.78179
Week 4,17 Feb 2009,12.85144,12.88929

Week 1,24 Feb 2009,12.71686,12.75453
Week 2,03 Mar 2009,13.18673,13.25666
Week 3,10 Mar 2009,12.97991,13.01864
Week 4,17 Mar 2009,12.98783,13.01986

Week 1,24 Mar 2009,12.78319,12.81841
Week 2,31 Mar 2009,12.38461,12.44461
Week 3,07 Apr 2009,12.02834,12.05969
Week 4,14 Apr 2009,11.84864,11.88300

Week 1,21 Apr 2009,11.65156,11.72030
Week 2,28 Apr 2009,11.35769,11.39066
Week 3,05 May 2009,11.18474,11.25597
Week 4,12 May 2009,11.57989,11.65240

Week 1,19 May 2009,11.56983,11.60174
Week 2,26 May 2009,11.35857,11.38711
Week 3,02 Jun 2009,11.33103,11.38017
Week 4,09 Jun 2009,11.27486,11.30227

Week 1,16 Jun 2009,11.22687,11.26079
Week 2,23 Jun 2009,11.23893,11.27664
Week 3,30 Jun 2009,10.97746,11.04567
Week 4,07 Jul 2009,11.32867,11.36251

Week 1,14 Jul 2009,11.40716,11.52874
Week 2,21 Jul 2009,11.04344,11.10599
Week 3,28 Jul 2009,11.05591,11.10027
Week 4,04 Aug 2009,11.34441,11.37826

Week 1,11 Aug 2009,11.44937,11.48839
Week 2,18 Aug 2009,11.27607,11.38483
Week 3,25 Aug 2009,11.10381,11.22276
Week 4,01 Sep 2009,11.01781,11.04466

Week 1,08 Sep 2009,10.89996,10.94753
Week 2,15 Sep 2009,10.83501,10.93433
Week 3,22 Sep 2009,10.86860,11.00859
Week 4,29 Sep 2009,10.99699,11.08337

Week 1,06 Oct 2009,10.87760,10.96269
Week 2,13 Oct 2009,10.89107,10.91111
Week 3,20 Oct 2009,11.09380,11.12216
Week 4,27 Oct 2009,11.37993,11.46674

Week 1,03 Nov 2009,11.36956,11.39163
Week 2,10 Nov 2009,11.08320,11.10821
Week 3,17 Nov 2009,11.16713,11.18870
Week 4,24 Nov 2009,11.13136,11.21423

Week 1,01 Dec 2009,11.05657,11.08096
Week 2,08 Dec 2009,11.05873,11.08289
Week 3,15 Dec 2009,10.82196,10.86169
Week 4,22 Dec 2009,10.88289,10.94413

Week 1,29 Dec 2009,10.59623,10.71617
Week 2,05 Jan 2010,10.55471,10.58644
Week 3,12 Jan 2010,10.67729,10.72214
Week 4,19 Jan 2010,10.67281,10.69659

Week 1,26 Jan 2010,10.62493,10.65064
Week 2,02 Feb 2010,10.50209,10.52940
Week 3,09 Feb 2010,10.51224,10.55531
Week 4,16 Feb 2010,10.40477,10.48631

Week 1,23 Feb 2010,10.45956,10.55060
Week 2,02 Mar 2010,10.15191,10.30157
Week 3,09 Mar 2010,10.12169,10.14330
Week 4,16 Mar 2010,10.00886,10.03242

Week 1,23 Mar 2010,9.85586,9.99776
Week 2,30 Mar 2010,9.85640,9.87988
Week 3,06 Apr 2010,9.74075,9.76777
Week 4,13 Apr 2010,9.93775,9.96075

Week 1,20 Apr 2010,9.93836,9.96992
Week 2,27 Apr 2010,9.77245,9.82983
Week 3,04 May 2010,9.73642,9.88561
Week 4,11 May 2010,9.46138,9.48434

Week 1,18 May 2010,9.65470,9.69212
Week 2,25 May 2010,9.48587,9.50844
Week 3,01 Jun 2010,9.36605,9.38676
Week 4,08 Jun 2010,9.30656,9.32864

Week 1,15 Jun 2010,9.31610,9.38756
Week 2,22 Jun 2010,9.33142,9.35157
Week 3,29 Jun 2010,9.47724,9.57214
Week 4,06 Jul 2010,9.61366,9.64187

Week 1,13 Jul 2010,9.65102,9.73315
Week 2,20 Jul 2010,9.64952,9.72805
Week 3,27 Jul 2010,9.53350,9.55853
Week 4,03 Aug 2010,9.58373,9.60748

Week 1,10 Aug 2010,9.40157,9.42716
Week 2,17 Aug 2010,9.29711,9.38241
Week 3,24 Aug 2010,9.28478,9.36981
Week 4,31 Aug 2010,9.26121,9.34970

Week 1,07 Sep 2010,9.18705,9.21291
Week 2,14 Sep 2010,9.19620,9.34535
Week 3,21 Sep 2010,9.38845,9.41628
Week 4,28 Sep 2010,9.48747,9.51304

Week 1,05 Oct 2010,9.54351,9.59416
Week 2,12 Oct 2010,9.54305,9.56361
Week 3,19 Oct 2010,9.63546,9.65639
Week 4,26 Oct 2010,9.69123,9.71577

Week 1,02 Nov 2010,9.62555,9.64663
Week 2,09 Nov 2010,9.49668,9.51961
Week 3,16 Nov 2010,9.53057,9.55163
Week 4,23 Nov 2010,9.46956,9.49290

Week 1,30 Nov 2010,9.21507,9.23980
Week 2,07 Dec 2010,9.11627,9.14167
Week 3,14 Dec 2010,9.04240,9.12952
Week 4,21 Dec 2010,8.88191,8.90725

Week 1,28 Dec 2010,8.81288,8.84557
Week 2,04 Jan 2011,8.82423,8.84931
Week 3,11 Jan 2011,9.05690,9.07742
Week 4,18 Jan 2011,9.39889,9.48371

Week 1,25 Jan 2011,9.67579,9.69869
Week 2,01 Feb 2011,9.85230,9.87232
Week 3,08 Feb 2011,9.85056,9.88961
Week 4,15 Feb 2011,9.79264,9.81432

Week 1,22 Feb 2011,9.70850,9.73241
Week 2,01 Mar 2011,9.60145,9.63034
Week 3,08 Mar 2011,9.55747,9.57687
Week 4,15 Mar 2011,9.82326,9.84110

Week 1,22 Mar 2011,9.74163,9.77580
Week 2,29 Mar 2011,9.59552,9.61693
Week 3,05 Apr 2011,9.56348,9.58613
Week 4,12 Apr 2011,9.77478,9.79391

Week 1,19 Apr 2011,9.77626,9.80047
Week 2,26 Apr 2011,9.76628,9.78697
Week 3,03 May 2011,9.74983,9.77136
Week 4,10 May 2011,9.77204,9.81543

Week 1,17 May 2011,9.82860,9.86799
Week 2,24 May 2011,9.85939,9.87917
Week 3,31 May 2011,9.81252,9.83314
Week 4,07 Jun 2011,9.79785,9.82356

Week 1,14 Jun 2011,9.70971,9.73071
Week 2,21 Jun 2011,9.71285,9.75722
Week 3,28 Jun 2011,9.78827,9.83804
Week 4,05 Jul 2011,9.64179,9.66056

Week 1,12 Jul 2011,9.66844,9.68859
Week 2,19 Jul 2011,9.75935,9.77945
Week 3,26 Jul 2011,9.63758,9.68462
Week 4,02 Aug 2011,9.71341,9.73222

Week 1,09 Aug 2011,10.18562,10.26807
Week 2,16 Aug 2011,10.27969,10.31091
Week 3,23 Aug 2011,10.34619,10.40349
Week 4,30 Aug 2011,10.03996,10.17441

Week 1,06 Sep 2011,9.99200,10.01400
Week 2,13 Sep 2011,10.14096,10.20830
Week 3,20 Sep 2011,10.87433,10.89396
Week 4,27 Sep 2011,10.80259,10.82083

Week 1,04 Oct 2011,10.69936,10.80089
Week 2,11 Oct 2011,10.79521,10.81227
Week 3,18 Oct 2011,11.07439,11.09744
Week 4,25 Oct 2011,10.97541,10.99971

Week 1,01 Nov 2011,10.93213,10.95227
Week 2,08 Nov 2011,10.84393,10.93391
Week 3,15 Nov 2011,11.00279,11.05569
Week 4,22 Nov 2011,11.27673,11.32029

Week 1,29 Nov 2011,10.92089,11.02549
Week 2,06 Dec 2011,10.81840,10.85457
Week 3,13 Dec 2011,10.90304,10.92737
Week 4,20 Dec 2011,10.71546,10.73781

Week 1,27 Dec 2011,10.55661,10.58151
Week 2,03 Jan 2012,10.44153,10.45769
Week 3,10 Jan 2012,10.33303,10.34787
Week 4,17 Jan 2012,10.25371,10.28727

Week 1,24 Jan 2012,10.27247,10.28931
Week 2,31 Jan 2012,10.08120,10.09553
Week 3,07 Feb 2012,10.07653,10.09548
Week 4,14 Feb 2012,10.14894,10.18277

Week 1,21 Feb 2012,10.20269,10.21874
Week 2,28 Feb 2012,9.97848,10.04086
Week 3,06 Mar 2012,9.94754,9.98625
Week 4,13 Mar 2012,9.94372,9.96097

Week 1,20 Mar 2012,10.08688,10.15796
Week 2,27 Mar 2012,10.19617,10.21140
Week 3,03 Apr 2012,10.25096,10.26993
Week 4,10 Apr 2012,10.39450,10.41110

Week 1,17 Apr 2012,10.31319,10.33044
Week 2,24 Apr 2012,10.26681,10.29239
Week 3,01 May 2012,10.19017,10.24646
Week 4,08 May 2012,10.34670,10.36217

Week 1,15 May 2012,10.58420,10.60160
Week 2,22 May 2012,10.51291,10.56159
Week 3,29 May 2012,10.54564,10.56097
Week 4,05 Jun 2012,10.50171,10.54999

Week 1,12 Jun 2012,10.49594,10.59757
Week 2,19 Jun 2012,10.45883,10.51177
Week 3,26 Jun 2012,10.42399,10.52754
Week 4,03 Jul 2012,10.17976,10.19443

Week 1,10 Jul 2012,10.11749,10.13204
Week 2,17 Jul 2012,10.04584,10.07290
Week 3,24 Jul 2012,10.14646,10.16360
Week 4,31 Jul 2012,10.07787,10.17294

Week 1,07 Aug 2012,10.01183,10.02866
Week 2,14 Aug 2012,10.16444,10.18310
Week 3,21 Aug 2012,10.40327,10.42177
Week 4,28 Aug 2012,10.55139,10.56700

Week 1,04 Sep 2012,10.51634,10.53259
Week 2,11 Sep 2012,10.65349,10.66986
Week 3,18 Sep 2012,10.74933,10.77917
Week 4,25 Sep 2012,10.64303,10.65773

Week 1,02 Oct 2012,11.02633,11.06987
Week 2,09 Oct 2012,11.25616,11.33021
Week 3,16 Oct 2012,11.31493,11.32850
Week 4,23 Oct 2012,11.26800,11.28534

Week 1,30 Oct 2012,11.21833,11.23300
Week 2,06 Nov 2012,11.07636,11.12237
Week 3,13 Nov 2012,11.24496,11.26629
Week 4,20 Nov 2012,11.38596,11.49206

Week 1,27 Nov 2012,11.41113,11.51289
Week 2,04 Dec 2012,11.36683,11.38253
Week 3,11 Dec 2012,11.28084,11.31161
Week 4,18 Dec 2012,11.26026,11.28121

Week 1,25 Dec 2012,11.26366,11.27951
Week 2,01 Jan 2013,11.17377,11.21893
Week 3,08 Jan 2013,11.39423,11.41084
Week 4,15 Jan 2013,11.73169,11.77969

Week 1,22 Jan 2013,11.95573,11.97407
Week 2,29 Jan 2013,12.13193,12.21441
Week 3,05 Feb 2013,11.96374,11.98276
Week 4,12 Feb 2013,11.85891,11.88164

Week 1,19 Feb 2013,11.77723,11.79121
Week 2,26 Feb 2013,11.69179,11.71130
Week 3,05 Mar 2013,11.83396,11.85100
Week 4,12 Mar 2013,11.89733,12.01079

Week 1,19 Mar 2013,12.00201,12.01801
Week 2,26 Mar 2013,11.86850,11.89530
Week 3,02 Apr 2013,11.82227,11.84591
Week 4,09 Apr 2013,11.66077,11.73451

Week 1,16 Apr 2013,11.94461,12.01881
Week 2,23 Apr 2013,11.91831,11.93373
Week 3,30 Apr 2013,11.76110,11.77796
Week 4,07 May 2013,11.80023,11.82309

Week 1,14 May 2013,11.92423,12.02533
Week 2,21 May 2013,12.30157,12.31543
Week 3,28 May 2013,12.80040,12.86189
Week 4,04 Jun 2013,12.99869,13.13697

Week 1,11 Jun 2013,13.24481,13.36846
Week 2,18 Jun 2013,13.36484,13.41226
Week 3,25 Jun 2013,13.05244,13.16560
Week 4,02 Jul 2013,12.89623,13.03411

Week 1,09 Jul 2013,12.99181,13.03827
Week 2,16 Jul 2013,12.93753,12.97853
Week 3,23 Jul 2013,12.85991,12.96503
Week 4,30 Jul 2013,13.06186,13.10614

Week 1,06 Aug 2013,13.11259,13.13716
Week 2,13 Aug 2013,13.21919,13.30203
Week 3,20 Aug 2013,13.68410,13.70856
Week 4,27 Aug 2013,13.71029,13.72633

Week 1,03 Sep 2013,13.41134,13.49469
Week 2,10 Sep 2013,13.17310,13.26526
Week 3,17 Sep 2013,13.12747,13.20139
Week 4,24 Sep 2013,13.46634,13.48197

Week 1,01 Oct 2013,13.57746,13.65990
Week 2,08 Oct 2013,13.46193,13.48590
Week 3,15 Oct 2013,13.41083,13.42674
Week 4,22 Oct 2013,13.48417,13.50104

Week 1,29 Oct 2013,13.63727,13.65177
Week 2,05 Nov 2013,13.78269,13.79810
Week 3,12 Nov 2013,13.80547,13.82027
Week 4,19 Nov 2013,13.66889,13.68686

Week 1,26 Nov 2013,13.78647,13.80159
Week 2,03 Dec 2013,14.09221,14.16537
Week 3,10 Dec 2013,14.20656,14.24784
Week 4,17 Dec 2013,14.17346,14.19864

Week 1,24 Dec 2013,14.25810,14.28093
Week 2,31 Dec 2013,14.47393,14.49021
Week 3,07 Jan 2014,14.54217,14.61543
Week 4,14 Jan 2014,14.73096,14.79641

Week 1,21 Jan 2014,14.89554,15.00566
Week 2,28 Jan 2014,15.14433,15.21503
Week 3,04 Feb 2014,15.05054,15.06917
Week 4,11 Feb 2014,14.97207,15.04524

Week 1,18 Feb 2014,14.99031,15.06439
Week 2,25 Feb 2014,14.81569,14.83050
Week 3,04 Mar 2014,14.80009,14.84107
Week 4,11 Mar 2014,14.93877,14.95357

Week 1,18 Mar 2014,14.98379,15.00011
Week 2,25 Mar 2014,14.71497,14.73030
Week 3,01 Apr 2014,14.53609,14.55691
Week 4,08 Apr 2014,14.43444,14.52761

Week 1,15 Apr 2014,14.51187,14.56560
Week 2,22 Apr 2014,14.63854,14.65521
Week 3,29 Apr 2014,14.58787,14.60747
Week 4,06 May 2014,14.42743,14.44234

Week 1,13 May 2014,14.16537,14.23870
Week 2,20 May 2014,14.13767,14.15887
Week 3,27 May 2014,14.23443,14.25039
Week 4,03 Jun 2014,14.52011,14.53554

Week 1,10 Jun 2014,14.47851,14.49459
Week 2,17 Jun 2014,14.54143,14.55977
Week 3,24 Jun 2014,14.44256,14.45949
Week 4,01 Jul 2014,14.60173,14.61644

Week 1,08 Jul 2014,14.58004,14.59494
Week 2,15 Jul 2014,14.47990,14.49859
Week 3,22 Jul 2014,14.19829,14.21641
Week 4,29 Jul 2014,14.27214,14.28714

Week 1,05 Aug 2014,14.32660,14.34306
Week 2,12 Aug 2014,14.18051,14.19460
Week 3,19 Aug 2014,14.17356,14.19086
Week 4,26 Aug 2014,14.00794,14.08721

Week 1,02 Sep 2014,13.90510,14.03279
Week 2,09 Sep 2014,14.04901,14.18541
Week 3,16 Sep 2014,14.15516,14.26869
Week 4,23 Sep 2014,14.26443,14.27871

Week 1,30 Sep 2014,14.21534,14.23000
Week 2,07 Oct 2014,14.09074,14.10514
Week 3,14 Oct 2014,14.10466,14.11941
Week 4,21 Oct 2014,13.94497,13.96053

Week 1,28 Oct 2014,13.83886,13.85747
Week 2,04 Nov 2014,13.92250,13.93679
Week 3,11 Nov 2014,13.94017,13.95524
Week 4,18 Nov 2014,13.73047,13.74703

Week 1,25 Nov 2014,13.68691,13.70120
Week 2,02 Dec 2014,13.83614,13.85386
Week 3,09 Dec 2014,14.31111,14.33217
Week 4,16 Dec 2014,14.33224,14.34847

Week 1,23 Dec 2014,14.15516,14.19824
Week 2,30 Dec 2014,14.04681,14.06376
Week 3,06 Jan 2015,13.77251,13.78933
Week 4,13 Jan 2015,13.47000,13.48439

Week 1,20 Jan 2015,13.31994,13.33529
Week 2,27 Jan 2015,13.05976,13.07347
Week 3,03 Feb 2015,13.02913,13.04301
Week 4,10 Feb 2015,13.25797,13.27200

Week 1,17 Feb 2015,13.24543,13.26616
Week 2,24 Feb 2015,13.05890,13.07279
Week 3,03 Mar 2015,13.07187,13.08557
Week 4,10 Mar 2015,13.11470,13.12761

Week 1,17 Mar 2015,13.06673,13.08353
Week 2,24 Mar 2015,13.03386,13.04899
Week 3,31 Mar 2015,13.01199,13.02750
Week 4,07 Apr 2015,12.77360,12.79621

Week 1,14 Apr 2015,12.89584,12.91024
Week 2,21 Apr 2015,13.09250,13.11304
Week 3,28 Apr 2015,13.21861,13.23404
Week 4,05 May 2015,13.44557,13.46000

Week 1,12 May 2015,13.46754,13.49076
Week 2,19 May 2015,13.20996,13.23084
Week 3,26 May 2015,13.22176,13.23817
Week 4,02 Jun 2015,13.76099,13.77571

Week 1,09 Jun 2015,13.96341,13.98730
Week 2,16 Jun 2015,13.88911,13.90460
Week 3,23 Jun 2015,13.63537,13.64921
Week 4,30 Jun 2015,13.62684,13.64217

Week 1,07 Jul 2015,13.79386,13.80980
Week 2,14 Jul 2015,13.53957,13.55864
Week 3,21 Jul 2015,13.62849,13.64390
Week 4,28 Jul 2015,13.90207,13.91666

Week 1,04 Aug 2015,13.87594,13.88960
Week 2,11 Aug 2015,14.15966,14.17400
Week 3,18 Aug 2015,14.47557,14.49003
Week 4,25 Aug 2015,14.95796,14.97440

Week 1,01 Sep 2015,15.18490,15.20370
Week 2,08 Sep 2015,15.40257,15.42117
Week 3,15 Sep 2015,15.13814,15.15517
Week 4,22 Sep 2015,15.39376,15.40969

Week 1,29 Sep 2015,15.53033,15.54583
Week 2,06 Oct 2015,15.17869,15.19787
Week 3,13 Oct 2015,15.04320,15.06917
Week 4,20 Oct 2015,15.03677,15.05371

Week 1,27 Oct 2015,15.10827,15.12226
Week 2,03 Nov 2015,15.16630,15.18553
Week 3,10 Nov 2015,15.36310,15.37641
Week 4,17 Nov 2015,15.04920,15.08434

Week 1,24 Nov 2015,15.07714,15.09730
Week 2,01 Dec 2015,15.42223,15.44924
Week 3,08 Dec 2015,16.57006,16.60687
Week 4,15 Dec 2015,16.43471,16.46043

Week 1,22 Dec 2015,16.54443,16.57753
Week 2,29 Dec 2015,16.81376,16.82041
Week 3,05 Jan 2016,17.28650,17.31079
Week 4,12 Jan 2016,18.14891,18.19744

Week 1,19 Jan 2016,18.06620,18.09344
Week 2,26 Jan 2016,17.59776,17.62243
Week 3,02 Feb 2016,17.68230,17.70823
Week 4,09 Feb 2016,17.91686,17.95144

Week 1,16 Feb 2016,17.32263,17.34689
Week 2,23 Feb 2016,17.20870,17.23266
Week 3,01 Mar 2016,17.04370,17.06531
Week 4,08 Mar 2016,16.91307,16.93839

Week 1,15 Mar 2016,17.33310,17.35583
Week 2,22 Mar 2016,17.20440,17.23393
Week 3,29 Mar 2016,16.94470,16.97230
Week 4,05 Apr 2016,17.07230,17.09817

Week 1,12 Apr 2016,16.55777,16.58430
Week 2,19 Apr 2016,16.22324,16.24179
Week 3,26 Apr 2016,16.27150,16.29823
Week 4,03 May 2016,16.84913,16.87370

Week 1,10 May 2016,17.24844,17.27710
Week 2,17 May 2016,17.66576,17.68679
Week 3,24 May 2016,17.46346,17.49719
Week 4,31 May 2016,17.36914,17.38979

Week 1,07 Jun 2016,16.96486,16.99940
Week 2,14 Jun 2016,17.12139,17.16014
Week 3,21 Jun 2016,16.66850,16.72471
Week 4,28 Jun 2016,16.47811,16.53431

Week 1,05 Jul 2016,16.20843,16.25610
Week 2,12 Jul 2016,15.96489,16.01004
Week 3,19 Jul 2016,15.72946,15.77539
Week 4,26 Jul 2016,15.65187,15.69731

Week 1,02 Aug 2016,15.38717,15.43307
Week 2,09 Aug 2016,14.97980,15.02473
Week 3,16 Aug 2016,15.12114,15.16724
Week 4,23 Aug 2016,15.79904,15.84159

Week 1,30 Aug 2016,16.18740,16.23250
Week 2,06 Sep 2016,15.97581,16.01687
Week 3,13 Sep 2016,15.98891,16.03224
Week 4,20 Sep 2016,15.39964,15.44453

Week 1,27 Sep 2016,15.35936,15.40077
Week 2,04 Oct 2016,15.42261,15.45934
Week 3,11 Oct 2016,15.65899,15.69346
Week 4,18 Oct 2016,15.30313,15.33700

Week 1,25 Oct 2016,15.12059,15.16354
Week 2,01 Nov 2016,14.98807,15.03229
Week 3,08 Nov 2016,15.12840,15.17757
Week 4,15 Nov 2016,15.30593,15.35090

Week 1,22 Nov 2016,14.98103,15.03087
Week 2,29 Nov 2016,14.79036,14.82623
Week 3,06 Dec 2016,14.58931,14.62940
Week 4,13 Dec 2016,14.57634,14.62054

Week 1,20 Dec 2016,14.60667,14.65509
Week 2,27 Dec 2016,14.45491,14.51504
Week 3,03 Jan 2017,14.37781,14.43486
Week 4,10 Jan 2017,14.41036,14.45521

Week 1,17 Jan 2017,14.45926,14.50231
Week 2,24 Jan 2017,14.36050,14.40214
Week 3,31 Jan 2017,14.40099,14.44129
Week 4,07 Feb 2017,14.26836,14.30991

Week 1,14 Feb 2017,13.89273,13.93341
Week 2,21 Feb 2017,13.72970,13.76361
Week 3,28 Feb 2017,13.77887,13.81219
Week 4,07 Mar 2017,13.90660,13.93879

Week 1,14 Mar 2017,13.80016,13.82962
Week 2,21 Mar 2017,13.52322,13.54214
Week 3,28 Mar 2017,14.06008,14.09205
Week 4,04 Apr 2017,14.58388,14.61653

Week 1,11 Apr 2017,14.41455,14.45993
Week 2,18 Apr 2017,14.14227,14.17906
Week 3,25 Apr 2017,14.38130,14.42476
Week 4,02 May 2017,14.68497,14.71950

Week 1,09 May 2017,14.66555,14.70761
Week 2,16 May 2017,14.69863,14.73170
Week 3,23 May 2017,14.54330,14.57342
Week 4,30 May 2017,14.51487,14.55836

Week 1,06 Jun 2017,14.42176,14.46562
Week 2,13 Jun 2017,14.31322,14.35037
Week 3,20 Jun 2017,14.47088,14.51275
Week 4,27 Jun 2017,14.73874,14.78164

Week 1,04 Jul 2017,15.14976,15.18193
Week 2,11 Jul 2017,15.13602,15.16299
Week 3,18 Jul 2017,14.98272,15.00704
Week 4,25 Jul 2017,15.18792,15.22172

Week 1,01 Aug 2017,15.69747,15.73392
Week 2,08 Aug 2017,15.78114,15.80986
Week 3,15 Aug 2017,15.54577,15.57582
Week 4,22 Aug 2017,15.53419,15.55935

Week 1,29 Aug 2017,15.46905,15.49408
Week 2,05 Sep 2017,15.42979,15.45931
Week 3,12 Sep 2017,15.62439,15.64958
Week 4,19 Sep 2017,15.83954,15.86748

Week 1,26 Sep 2017,15.88532,15.92671
Week 2,03 Oct 2017,16.02318,16.05059
Week 3,10 Oct 2017,15.93057,15.96093
Week 4,17 Oct 2017,15.93527,15.95056

Week 1,24 Oct 2017,16.35156,16.36758
Week 2,31 Oct 2017,16.40898,16.43345
Week 3,07 Nov 2017,16.57188,16.59248
Week 4,14 Nov 2017,16.72313,16.75568

Week 1,21 Nov 2017,16.52460,16.55813
Week 2,28 Nov 2017,16.31129,16.34275
Week 3,05 Dec 2017,16.04515,16.06254


