IND->ARS

Week 1,01 Dec 1998,0.02349,0.02351
Week 2,08 Dec 1998,0.02347,0.02352
Week 3,15 Dec 1998,0.02349,0.02350
Week 4,22 Dec 1998,0.02350,0.02352

Week 1,29 Dec 1998,0.02351,0.02353
Week 2,05 Jan 1999,0.02351,0.02352
Week 3,12 Jan 1999,0.02353,0.02355
Week 4,19 Jan 1999,0.02352,0.02353

Week 1,26 Jan 1999,0.02357,0.02359
Week 2,02 Feb 1999,0.02356,0.02359
Week 3,09 Feb 1999,0.02355,0.02355
Week 4,16 Feb 1999,0.02355,0.02356

Week 1,23 Feb 1999,0.02344,0.02352
Week 2,02 Mar 1999,0.02351,0.02352
Week 3,09 Mar 1999,0.02355,0.02356
Week 4,16 Mar 1999,0.02358,0.02359

Week 1,23 Mar 1999,0.02356,0.02360
Week 2,30 Mar 1999,0.02356,0.02361
Week 3,06 Apr 1999,0.02343,0.02345
Week 4,13 Apr 1999,0.02336,0.02341

Week 1,20 Apr 1999,0.02336,0.02338
Week 2,27 Apr 1999,0.02334,0.02337
Week 3,04 May 1999,0.02339,0.02340
Week 4,11 May 1999,0.02339,0.02340

Week 1,18 May 1999,0.02338,0.02340
Week 2,25 May 1999,0.02331,0.02333
Week 3,01 Jun 1999,0.02333,0.02334
Week 4,08 Jun 1999,0.02326,0.02327

Week 1,15 Jun 1999,0.02316,0.02318
Week 2,22 Jun 1999,0.02308,0.02309
Week 3,29 Jun 1999,0.02305,0.02307
Week 4,06 Jul 1999,0.02307,0.02309

Week 1,13 Jul 1999,0.02312,0.02313
Week 2,20 Jul 1999,0.02311,0.02313
Week 3,27 Jul 1999,0.02308,0.02309
Week 4,03 Aug 1999,0.02305,0.02306

Week 1,10 Aug 1999,0.02302,0.02304
Week 2,17 Aug 1999,0.02298,0.02300
Week 3,24 Aug 1999,0.02298,0.02300
Week 4,31 Aug 1999,0.02298,0.02299

Week 1,07 Sep 1999,0.02296,0.02298
Week 2,14 Sep 1999,0.02295,0.02297
Week 3,21 Sep 1999,0.02293,0.02296
Week 4,28 Sep 1999,0.02293,0.02295

Week 1,05 Oct 1999,0.02298,0.02299
Week 2,12 Oct 1999,0.02303,0.02304
Week 3,19 Oct 1999,0.02303,0.02304
Week 4,26 Oct 1999,0.02303,0.02305

Week 1,02 Nov 1999,0.02302,0.02303
Week 2,09 Nov 1999,0.02303,0.02305
Week 3,16 Nov 1999,0.02303,0.02306
Week 4,23 Nov 1999,0.02304,0.02305

Week 1,30 Nov 1999,0.02303,0.02304
Week 2,07 Dec 1999,0.02300,0.02301
Week 3,14 Dec 1999,0.02297,0.02298
Week 4,21 Dec 1999,0.02297,0.02298

Week 1,28 Dec 1999,0.02298,0.02299
Week 2,04 Jan 2000,0.02298,0.02299
Week 3,11 Jan 2000,0.02296,0.02298
Week 4,18 Jan 2000,0.02294,0.02296

Week 1,25 Jan 2000,0.02293,0.02294
Week 2,01 Feb 2000,0.02292,0.02293
Week 3,08 Feb 2000,0.02285,0.02287
Week 4,15 Feb 2000,0.02292,0.02293

Week 1,22 Feb 2000,0.02291,0.02293
Week 2,29 Feb 2000,0.02292,0.02295
Week 3,07 Mar 2000,0.02293,0.02295
Week 4,14 Mar 2000,0.02293,0.02295

Week 1,21 Mar 2000,0.02292,0.02294
Week 2,28 Mar 2000,0.02292,0.02293
Week 3,04 Apr 2000,0.02291,0.02293
Week 4,11 Apr 2000,0.02290,0.02292

Week 1,18 Apr 2000,0.02288,0.02291
Week 2,25 Apr 2000,0.02289,0.02290
Week 3,02 May 2000,0.02290,0.02291
Week 4,09 May 2000,0.02278,0.02280

Week 1,16 May 2000,0.02272,0.02276
Week 2,23 May 2000,0.02261,0.02270
Week 3,30 May 2000,0.02259,0.02269
Week 4,06 Jun 2000,0.02259,0.02270

Week 1,13 Jun 2000,0.02233,0.02237
Week 2,20 Jun 2000,0.02237,0.02240
Week 3,27 Jun 2000,0.02235,0.02241
Week 4,04 Jul 2000,0.02235,0.02237

Week 1,11 Jul 2000,0.02236,0.02237
Week 2,18 Jul 2000,0.02227,0.02228
Week 3,25 Jul 2000,0.02228,0.02230
Week 4,01 Aug 2000,0.02205,0.02211

Week 1,08 Aug 2000,0.02183,0.02189
Week 2,15 Aug 2000,0.02179,0.02187
Week 3,22 Aug 2000,0.02179,0.02186
Week 4,29 Aug 2000,0.02180,0.02186

Week 1,05 Sep 2000,0.02185,0.02193
Week 2,12 Sep 2000,0.02184,0.02192
Week 3,19 Sep 2000,0.02164,0.02171
Week 4,26 Sep 2000,0.02170,0.02177

Week 1,03 Oct 2000,0.02164,0.02174
Week 2,10 Oct 2000,0.02156,0.02162
Week 3,17 Oct 2000,0.02155,0.02161
Week 4,24 Oct 2000,0.02142,0.02148

Week 1,31 Oct 2000,0.02138,0.02144
Week 2,07 Nov 2000,0.02138,0.02143
Week 3,14 Nov 2000,0.02133,0.02139
Week 4,21 Nov 2000,0.02133,0.02137

Week 1,28 Nov 2000,0.02131,0.02136
Week 2,05 Dec 2000,0.02136,0.02140
Week 3,12 Dec 2000,0.02136,0.02139
Week 4,19 Dec 2000,0.02137,0.02143

Week 1,26 Dec 2000,0.02138,0.02142
Week 2,02 Jan 2001,0.02138,0.02142
Week 3,09 Jan 2001,0.02142,0.02147
Week 4,16 Jan 2001,0.02151,0.02156

Week 1,23 Jan 2001,0.02151,0.02155
Week 2,30 Jan 2001,0.02152,0.02156
Week 3,06 Feb 2001,0.02152,0.02156
Week 4,13 Feb 2001,0.02146,0.02150

Week 1,20 Feb 2001,0.02144,0.02149
Week 2,27 Feb 2001,0.02145,0.02149
Week 3,06 Mar 2001,0.02147,0.02151
Week 4,13 Mar 2001,0.02143,0.02147

Week 1,20 Mar 2001,0.02139,0.02143
Week 2,27 Mar 2001,0.02141,0.02145
Week 3,03 Apr 2001,0.02143,0.02147
Week 4,10 Apr 2001,0.02136,0.02140

Week 1,17 Apr 2001,0.02130,0.02135
Week 2,24 Apr 2001,0.02132,0.02136
Week 3,01 May 2001,0.02134,0.02136
Week 4,08 May 2001,0.02133,0.02135

Week 1,15 May 2001,0.02127,0.02132
Week 2,22 May 2001,0.02126,0.02130
Week 3,29 May 2001,0.02126,0.02130
Week 4,05 Jun 2001,0.02126,0.02131

Week 1,12 Jun 2001,0.02125,0.02128
Week 2,19 Jun 2001,0.02125,0.02130
Week 3,26 Jun 2001,0.02124,0.02129
Week 4,03 Jul 2001,0.02119,0.02123

Week 1,10 Jul 2001,0.02117,0.02122
Week 2,17 Jul 2001,0.02118,0.02122
Week 3,24 Jul 2001,0.02118,0.02122
Week 4,31 Jul 2001,0.02119,0.02122

Week 1,07 Aug 2001,0.02119,0.02123
Week 2,14 Aug 2001,0.02118,0.02123
Week 3,21 Aug 2001,0.02118,0.02123
Week 4,28 Aug 2001,0.02117,0.02122

Week 1,04 Sep 2001,0.02116,0.02120
Week 2,11 Sep 2001,0.02100,0.02102
Week 3,18 Sep 2001,0.02081,0.02086
Week 4,25 Sep 2001,0.02085,0.02092

Week 1,02 Oct 2001,0.02080,0.02087
Week 2,09 Oct 2001,0.02075,0.02082
Week 3,16 Oct 2001,0.02077,0.02085
Week 4,23 Oct 2001,0.02078,0.02086

Week 1,30 Oct 2001,0.02079,0.02087
Week 2,06 Nov 2001,0.02080,0.02088
Week 3,13 Nov 2001,0.02080,0.02087
Week 4,20 Nov 2001,0.02079,0.02085

Week 1,27 Nov 2001,0.02078,0.02085
Week 2,04 Dec 2001,0.02083,0.02090
Week 3,11 Dec 2001,0.02085,0.02092
Week 4,18 Dec 2001,0.02085,0.02093

Week 1,25 Dec 2001,0.02064,0.02074
Week 2,01 Jan 2002,0.02052,0.02064
Week 3,08 Jan 2002,0.02897,0.02907
Week 4,15 Jan 2002,0.02895,0.02905

Week 1,22 Jan 2002,0.03655,0.03753
Week 2,29 Jan 2002,0.03787,0.03813
Week 3,05 Feb 2002,0.04147,0.04168
Week 4,12 Feb 2002,0.04139,0.04164

Week 1,19 Feb 2002,0.04337,0.04368
Week 2,26 Feb 2002,0.04403,0.04430
Week 3,05 Mar 2002,0.04423,0.04448
Week 4,12 Mar 2002,0.04739,0.04843

Week 1,19 Mar 2002,0.04915,0.05034
Week 2,26 Mar 2002,0.06110,0.06236
Week 3,02 Apr 2002,0.05739,0.05832
Week 4,09 Apr 2002,0.05690,0.05753

Week 1,16 Apr 2002,0.05805,0.05869
Week 2,23 Apr 2002,0.06329,0.06422
Week 3,30 Apr 2002,0.06142,0.06215
Week 4,07 May 2002,0.06459,0.06538

Week 1,14 May 2002,0.06524,0.06576
Week 2,21 May 2002,0.06532,0.06576
Week 3,28 May 2002,0.07177,0.07246
Week 4,04 Jun 2002,0.07373,0.07438

Week 1,11 Jun 2002,0.07077,0.07141
Week 2,18 Jun 2002,0.07319,0.07378
Week 3,25 Jun 2002,0.07769,0.07836
Week 4,02 Jul 2002,0.07375,0.07426

Week 1,09 Jul 2002,0.07253,0.07318
Week 2,16 Jul 2002,0.07263,0.07315
Week 3,23 Jul 2002,0.07438,0.07499
Week 4,30 Jul 2002,0.07446,0.07510

Week 1,06 Aug 2002,0.07437,0.07486
Week 2,13 Aug 2002,0.07449,0.07495
Week 3,20 Aug 2002,0.07379,0.07438
Week 4,27 Aug 2002,0.07448,0.07497

Week 1,03 Sep 2002,0.07440,0.07501
Week 2,10 Sep 2002,0.07459,0.07508
Week 3,17 Sep 2002,0.07519,0.07577
Week 4,24 Sep 2002,0.07555,0.07601

Week 1,01 Oct 2002,0.07719,0.07769
Week 2,08 Oct 2002,0.07653,0.07708
Week 3,15 Oct 2002,0.07492,0.07544
Week 4,22 Oct 2002,0.07432,0.07479

Week 1,29 Oct 2002,0.07298,0.07344
Week 2,05 Nov 2002,0.07313,0.07359
Week 3,12 Nov 2002,0.07310,0.07357
Week 4,19 Nov 2002,0.07264,0.07298

Week 1,26 Nov 2002,0.07221,0.07266
Week 2,03 Dec 2002,0.07281,0.07348
Week 3,10 Dec 2002,0.07241,0.07289
Week 4,17 Dec 2002,0.07225,0.07270

Week 1,24 Dec 2002,0.07087,0.07141
Week 2,31 Dec 2002,0.06926,0.07012
Week 3,07 Jan 2003,0.06898,0.06954
Week 4,14 Jan 2003,0.06789,0.06836

Week 1,21 Jan 2003,0.06523,0.06560
Week 2,28 Jan 2003,0.06791,0.06835
Week 3,04 Feb 2003,0.06596,0.06640
Week 4,11 Feb 2003,0.06521,0.06562

Week 1,18 Feb 2003,0.06604,0.06647
Week 2,25 Feb 2003,0.06642,0.06702
Week 3,04 Mar 2003,0.06647,0.06693
Week 4,11 Mar 2003,0.06538,0.06582

Week 1,18 Mar 2003,0.06333,0.06376
Week 2,25 Mar 2003,0.06085,0.06127
Week 3,01 Apr 2003,0.06158,0.06265
Week 4,08 Apr 2003,0.06108,0.06177

Week 1,15 Apr 2003,0.06161,0.06285
Week 2,22 Apr 2003,0.06051,0.06258
Week 3,29 Apr 2003,0.05970,0.06256
Week 4,06 May 2003,0.05865,0.05995

Week 1,13 May 2003,0.05920,0.06094
Week 2,20 May 2003,0.06090,0.06161
Week 3,27 May 2003,0.06112,0.06261
Week 4,03 Jun 2003,0.06015,0.06089

Week 1,10 Jun 2003,0.05995,0.06326
Week 2,17 Jun 2003,0.05996,0.06398
Week 3,24 Jun 2003,0.05966,0.06356
Week 4,01 Jul 2003,0.06013,0.06426

Week 1,08 Jul 2003,0.05980,0.06449
Week 2,15 Jul 2003,0.06013,0.06387
Week 3,22 Jul 2003,0.06046,0.06137
Week 4,29 Jul 2003,0.06259,0.06344

Week 1,05 Aug 2003,0.06335,0.06447
Week 2,12 Aug 2003,0.06286,0.06334
Week 3,19 Aug 2003,0.06347,0.06505
Week 4,26 Aug 2003,0.06379,0.06442

Week 1,02 Sep 2003,0.06376,0.06441
Week 2,09 Sep 2003,0.06366,0.06505
Week 3,16 Sep 2003,0.06276,0.06466
Week 4,23 Sep 2003,0.06270,0.06414

Week 1,30 Sep 2003,0.06299,0.06477
Week 2,07 Oct 2003,0.06230,0.06416
Week 3,14 Oct 2003,0.06191,0.06442
Week 4,21 Oct 2003,0.06236,0.06416

Week 1,28 Oct 2003,0.06246,0.06440
Week 2,04 Nov 2003,0.06247,0.06409
Week 3,11 Nov 2003,0.06250,0.06461
Week 4,18 Nov 2003,0.06201,0.06397

Week 1,25 Nov 2003,0.06371,0.06486
Week 2,02 Dec 2003,0.06469,0.06563
Week 3,09 Dec 2003,0.06443,0.06522
Week 4,16 Dec 2003,0.06459,0.06571

Week 1,23 Dec 2003,0.06431,0.06567
Week 2,30 Dec 2003,0.06370,0.06482
Week 3,06 Jan 2004,0.06298,0.06391
Week 4,13 Jan 2004,0.06252,0.06368

Week 1,20 Jan 2004,0.06353,0.06440
Week 2,27 Jan 2004,0.06336,0.06515
Week 3,03 Feb 2004,0.06468,0.06557
Week 4,10 Feb 2004,0.06430,0.06526

Week 1,17 Feb 2004,0.06428,0.06520
Week 2,24 Feb 2004,0.06419,0.06516
Week 3,02 Mar 2004,0.06405,0.06500
Week 4,09 Mar 2004,0.06393,0.06493

Week 1,16 Mar 2004,0.06359,0.06459
Week 2,23 Mar 2004,0.06375,0.06475
Week 3,30 Mar 2004,0.06470,0.06586
Week 4,06 Apr 2004,0.06402,0.06523

Week 1,13 Apr 2004,0.06382,0.06506
Week 2,20 Apr 2004,0.06426,0.06531
Week 3,27 Apr 2004,0.06365,0.06512
Week 4,04 May 2004,0.06376,0.06477

Week 1,11 May 2004,0.06399,0.06526
Week 2,18 May 2004,0.06280,0.06466
Week 3,25 May 2004,0.06346,0.06531
Week 4,01 Jun 2004,0.06455,0.06640

Week 1,08 Jun 2004,0.06507,0.06653
Week 2,15 Jun 2004,0.06442,0.06567
Week 3,22 Jun 2004,0.06363,0.06506
Week 4,29 Jun 2004,0.06428,0.06470

Week 1,06 Jul 2004,0.06393,0.06495
Week 2,13 Jul 2004,0.06359,0.06440
Week 3,20 Jul 2004,0.06365,0.06448
Week 4,27 Jul 2004,0.06396,0.06456

Week 1,03 Aug 2004,0.06531,0.06591
Week 2,10 Aug 2004,0.06500,0.06543
Week 3,17 Aug 2004,0.06477,0.06529
Week 4,24 Aug 2004,0.06469,0.06499

Week 1,31 Aug 2004,0.06443,0.06519
Week 2,07 Sep 2004,0.06449,0.06526
Week 3,14 Sep 2004,0.06489,0.06564
Week 4,21 Sep 2004,0.06504,0.06581

Week 1,28 Sep 2004,0.06415,0.06574
Week 2,05 Oct 2004,0.06421,0.06518
Week 3,12 Oct 2004,0.06426,0.06543
Week 4,19 Oct 2004,0.06444,0.06496

Week 1,26 Oct 2004,0.06522,0.06554
Week 2,02 Nov 2004,0.06540,0.06561
Week 3,09 Nov 2004,0.06545,0.06611
Week 4,16 Nov 2004,0.06491,0.06600

Week 1,23 Nov 2004,0.06506,0.06570
Week 2,30 Nov 2004,0.06672,0.06702
Week 3,07 Dec 2004,0.06739,0.06763
Week 4,14 Dec 2004,0.06763,0.06790

Week 1,21 Dec 2004,0.06751,0.06777
Week 2,28 Dec 2004,0.06777,0.06863
Week 3,04 Jan 2005,0.06765,0.06797
Week 4,11 Jan 2005,0.06739,0.06761

Week 1,18 Jan 2005,0.06680,0.06786
Week 2,25 Jan 2005,0.06617,0.06800
Week 3,01 Feb 2005,0.06637,0.06824
Week 4,08 Feb 2005,0.06574,0.06762

Week 1,15 Feb 2005,0.06633,0.06665
Week 2,22 Feb 2005,0.06650,0.06758
Week 3,01 Mar 2005,0.06723,0.06756
Week 4,08 Mar 2005,0.06698,0.06738

Week 1,15 Mar 2005,0.06680,0.06713
Week 2,22 Mar 2005,0.06650,0.06681
Week 3,29 Mar 2005,0.06671,0.06692
Week 4,05 Apr 2005,0.06620,0.06651

Week 1,12 Apr 2005,0.06599,0.06624
Week 2,19 Apr 2005,0.06618,0.06651
Week 3,26 Apr 2005,0.06643,0.06675
Week 4,03 May 2005,0.06654,0.06688

Week 1,10 May 2005,0.06656,0.06692
Week 2,17 May 2005,0.06621,0.06662
Week 3,24 May 2005,0.06619,0.06647
Week 4,31 May 2005,0.06599,0.06627

Week 1,07 Jun 2005,0.06628,0.06659
Week 2,14 Jun 2005,0.06584,0.06612
Week 3,21 Jun 2005,0.06588,0.06616
Week 4,28 Jun 2005,0.06624,0.06653

Week 1,05 Jul 2005,0.06588,0.06616
Week 2,12 Jul 2005,0.06493,0.06694
Week 3,19 Jul 2005,0.06503,0.06705
Week 4,26 Jul 2005,0.06575,0.06603

Week 1,02 Aug 2005,0.06572,0.06601
Week 2,09 Aug 2005,0.06594,0.06623
Week 3,16 Aug 2005,0.06628,0.06666
Week 4,23 Aug 2005,0.06645,0.06682

Week 1,30 Aug 2005,0.06611,0.06645
Week 2,06 Sep 2005,0.06622,0.06656
Week 3,13 Sep 2005,0.06634,0.06669
Week 4,20 Sep 2005,0.06620,0.06654

Week 1,27 Sep 2005,0.06601,0.06641
Week 2,04 Oct 2005,0.06605,0.06636
Week 3,11 Oct 2005,0.06599,0.06629
Week 4,18 Oct 2005,0.06591,0.06622

Week 1,25 Oct 2005,0.06646,0.06674
Week 2,01 Nov 2005,0.06584,0.06620
Week 3,08 Nov 2005,0.06488,0.06515
Week 4,15 Nov 2005,0.06436,0.06462

Week 1,22 Nov 2005,0.06424,0.06473
Week 2,29 Nov 2005,0.06454,0.06481
Week 3,06 Dec 2005,0.06387,0.06580
Week 4,13 Dec 2005,0.06547,0.06658

Week 1,20 Dec 2005,0.06693,0.06739
Week 2,27 Dec 2005,0.06714,0.06742
Week 3,03 Jan 2006,0.06788,0.06816
Week 4,10 Jan 2006,0.06842,0.06964

Week 1,17 Jan 2006,0.06777,0.06975
Week 2,24 Jan 2006,0.06822,0.07021
Week 3,31 Jan 2006,0.06858,0.07045
Week 4,07 Feb 2006,0.06858,0.07059

Week 1,14 Feb 2006,0.06820,0.07020
Week 2,21 Feb 2006,0.06819,0.07020
Week 3,28 Feb 2006,0.06832,0.07031
Week 4,07 Mar 2006,0.06891,0.07006

Week 1,14 Mar 2006,0.06834,0.07030
Week 2,21 Mar 2006,0.06791,0.07026
Week 3,28 Mar 2006,0.06706,0.07100
Week 4,04 Apr 2006,0.06757,0.07094

Week 1,11 Apr 2006,0.06583,0.07109
Week 2,18 Apr 2006,0.06605,0.06987
Week 3,25 Apr 2006,0.06685,0.06861
Week 4,02 May 2006,0.06763,0.06798

Week 1,09 May 2006,0.06740,0.06783
Week 2,16 May 2006,0.06706,0.06745
Week 3,23 May 2006,0.06708,0.06748
Week 4,30 May 2006,0.06676,0.06717

Week 1,06 Jun 2006,0.06697,0.06736
Week 2,13 Jun 2006,0.06693,0.06736
Week 3,20 Jun 2006,0.06677,0.06717
Week 4,27 Jun 2006,0.06659,0.06699

Week 1,04 Jul 2006,0.06689,0.06729
Week 2,11 Jul 2006,0.06652,0.06697
Week 3,18 Jul 2006,0.06574,0.06614
Week 4,25 Jul 2006,0.06569,0.06608

Week 1,01 Aug 2006,0.06579,0.06618
Week 2,08 Aug 2006,0.06581,0.06621
Week 3,15 Aug 2006,0.06603,0.06642
Week 4,22 Aug 2006,0.06621,0.06660

Week 1,29 Aug 2006,0.06613,0.06689
Week 2,05 Sep 2006,0.06688,0.06728
Week 3,12 Sep 2006,0.06702,0.06742
Week 4,19 Sep 2006,0.06721,0.06762

Week 1,26 Sep 2006,0.06741,0.06783
Week 2,03 Oct 2006,0.06778,0.06817
Week 3,10 Oct 2006,0.06794,0.06836
Week 4,17 Oct 2006,0.06816,0.06855

Week 1,24 Oct 2006,0.06812,0.06854
Week 2,31 Oct 2006,0.06855,0.06895
Week 3,07 Nov 2006,0.06855,0.06896
Week 4,14 Nov 2006,0.06811,0.06852

Week 1,21 Nov 2006,0.06857,0.06878
Week 2,28 Nov 2006,0.06862,0.06880
Week 3,05 Dec 2006,0.06844,0.06863
Week 4,12 Dec 2006,0.06828,0.06846

Week 1,19 Dec 2006,0.06830,0.06848
Week 2,26 Dec 2006,0.06912,0.06931
Week 3,02 Jan 2007,0.06913,0.06930
Week 4,09 Jan 2007,0.06923,0.06941

Week 1,16 Jan 2007,0.06960,0.06979
Week 2,23 Jan 2007,0.06999,0.07019
Week 3,30 Jan 2007,0.07021,0.07044
Week 4,06 Feb 2007,0.07036,0.07057

Week 1,13 Feb 2007,0.07033,0.07054
Week 2,20 Feb 2007,0.07014,0.07036
Week 3,27 Feb 2007,0.06992,0.07013
Week 4,06 Mar 2007,0.06983,0.07006

Week 1,13 Mar 2007,0.07008,0.07029
Week 2,20 Mar 2007,0.07077,0.07101
Week 3,27 Mar 2007,0.07154,0.07178
Week 4,03 Apr 2007,0.07215,0.07237

Week 1,10 Apr 2007,0.07228,0.07246
Week 2,17 Apr 2007,0.07347,0.07368
Week 3,24 Apr 2007,0.07492,0.07511
Week 4,01 May 2007,0.07502,0.07521

Week 1,08 May 2007,0.07480,0.07512
Week 2,15 May 2007,0.07535,0.07562
Week 3,22 May 2007,0.07578,0.07599
Week 4,29 May 2007,0.07561,0.07615

Week 1,05 Jun 2007,0.07521,0.07540
Week 2,12 Jun 2007,0.07479,0.07537
Week 3,19 Jun 2007,0.07506,0.07590
Week 4,26 Jun 2007,0.07536,0.07581

Week 1,03 Jul 2007,0.07624,0.07669
Week 2,10 Jul 2007,0.07664,0.07688
Week 3,17 Jul 2007,0.07656,0.07724
Week 4,24 Jul 2007,0.07739,0.07819

Week 1,31 Jul 2007,0.07707,0.07776
Week 2,07 Aug 2007,0.07738,0.07756
Week 3,14 Aug 2007,0.07696,0.07716
Week 4,21 Aug 2007,0.07693,0.07731

Week 1,28 Aug 2007,0.07683,0.07745
Week 2,04 Sep 2007,0.07714,0.07771
Week 3,11 Sep 2007,0.07732,0.07779
Week 4,18 Sep 2007,0.07792,0.07836

Week 1,25 Sep 2007,0.07876,0.07938
Week 2,02 Oct 2007,0.07932,0.07977
Week 3,09 Oct 2007,0.07995,0.08035
Week 4,16 Oct 2007,0.07976,0.07994

Week 1,23 Oct 2007,0.07985,0.08047
Week 2,30 Oct 2007,0.07943,0.07991
Week 3,06 Nov 2007,0.07929,0.07997
Week 4,13 Nov 2007,0.07947,0.07965

Week 1,20 Nov 2007,0.07917,0.07980
Week 2,27 Nov 2007,0.07911,0.07941
Week 3,04 Dec 2007,0.07927,0.07971
Week 4,11 Dec 2007,0.07968,0.07986

Week 1,18 Dec 2007,0.07917,0.07940
Week 2,25 Dec 2007,0.07924,0.07984
Week 3,01 Jan 2008,0.07959,0.08047
Week 4,08 Jan 2008,0.07945,0.07990

Week 1,15 Jan 2008,0.07993,0.08016
Week 2,22 Jan 2008,0.07950,0.08037
Week 3,29 Jan 2008,0.07994,0.08049
Week 4,05 Feb 2008,0.07952,0.08041

Week 1,12 Feb 2008,0.07933,0.07988
Week 2,19 Feb 2008,0.07861,0.07915
Week 3,26 Feb 2008,0.07875,0.07946
Week 4,04 Mar 2008,0.07793,0.07817

Week 1,11 Mar 2008,0.07750,0.07819
Week 2,18 Mar 2008,0.07723,0.07773
Week 3,25 Mar 2008,0.07866,0.07922
Week 4,01 Apr 2008,0.07870,0.07944

Week 1,08 Apr 2008,0.07886,0.07907
Week 2,15 Apr 2008,0.07896,0.07981
Week 3,22 Apr 2008,0.07903,0.07956
Week 4,29 Apr 2008,0.07801,0.07852

Week 1,06 May 2008,0.07683,0.07699
Week 2,13 May 2008,0.07417,0.07499
Week 3,20 May 2008,0.07326,0.07355
Week 4,27 May 2008,0.07289,0.07311

Week 1,03 Jun 2008,0.07180,0.07203
Week 2,10 Jun 2008,0.07122,0.07139
Week 3,17 Jun 2008,0.07037,0.07088
Week 4,24 Jun 2008,0.07044,0.07059

Week 1,01 Jul 2008,0.06998,0.07018
Week 2,08 Jul 2008,0.06961,0.06996
Week 3,15 Jul 2008,0.07055,0.07079
Week 4,22 Jul 2008,0.07126,0.07154

Week 1,29 Jul 2008,0.07133,0.07158
Week 2,05 Aug 2008,0.07189,0.07269
Week 3,12 Aug 2008,0.07063,0.07108
Week 4,19 Aug 2008,0.06931,0.06991

Week 1,26 Aug 2008,0.06868,0.06930
Week 2,02 Sep 2008,0.06792,0.06855
Week 3,09 Sep 2008,0.06760,0.06788
Week 4,16 Sep 2008,0.06668,0.06747

Week 1,23 Sep 2008,0.06682,0.06729
Week 2,30 Sep 2008,0.06601,0.06666
Week 3,07 Oct 2008,0.06517,0.06613
Week 4,14 Oct 2008,0.06416,0.06502

Week 1,21 Oct 2008,0.06221,0.06360
Week 2,28 Oct 2008,0.06386,0.06575
Week 3,04 Nov 2008,0.06764,0.06932
Week 4,11 Nov 2008,0.06658,0.06788

Week 1,18 Nov 2008,0.06531,0.06669
Week 2,25 Nov 2008,0.06595,0.06758
Week 3,02 Dec 2008,0.06775,0.06898
Week 4,09 Dec 2008,0.06885,0.07018

Week 1,16 Dec 2008,0.06939,0.07121
Week 2,23 Dec 2008,0.06838,0.07071
Week 3,30 Dec 2008,0.06936,0.07101
Week 4,06 Jan 2009,0.06937,0.07102

Week 1,13 Jan 2009,0.06913,0.07038
Week 2,20 Jan 2009,0.06946,0.07027
Week 3,27 Jan 2009,0.06995,0.07149
Week 4,03 Feb 2009,0.07076,0.07164

Week 1,10 Feb 2009,0.07092,0.07204
Week 2,17 Feb 2009,0.06928,0.07080
Week 3,24 Feb 2009,0.06946,0.07080
Week 4,03 Mar 2009,0.06941,0.07015

Week 1,10 Mar 2009,0.06905,0.07047
Week 2,17 Mar 2009,0.06975,0.07077
Week 3,24 Mar 2009,0.07132,0.07189
Week 4,31 Mar 2009,0.07216,0.07299

Week 1,07 Apr 2009,0.07247,0.07348
Week 2,14 Apr 2009,0.07363,0.07455
Week 3,21 Apr 2009,0.07299,0.07378
Week 4,28 Apr 2009,0.07345,0.07433

Week 1,05 May 2009,0.07480,0.07554
Week 2,12 May 2009,0.07444,0.07557
Week 3,19 May 2009,0.07790,0.07874
Week 4,26 May 2009,0.07846,0.07927

Week 1,02 Jun 2009,0.07872,0.07995
Week 2,09 Jun 2009,0.07820,0.07911
Week 3,16 Jun 2009,0.07740,0.07838
Week 4,23 Jun 2009,0.07724,0.07810

Week 1,30 Jun 2009,0.07831,0.07915
Week 2,07 Jul 2009,0.07716,0.07813
Week 3,14 Jul 2009,0.07715,0.07862
Week 4,21 Jul 2009,0.07789,0.07935

Week 1,28 Jul 2009,0.07868,0.07957
Week 2,04 Aug 2009,0.07956,0.08102
Week 3,11 Aug 2009,0.07906,0.07996
Week 4,18 Aug 2009,0.07828,0.07949

Week 1,25 Aug 2009,0.07820,0.07960
Week 2,01 Sep 2009,0.07818,0.07915
Week 3,08 Sep 2009,0.07869,0.07955
Week 4,15 Sep 2009,0.07831,0.07972

Week 1,22 Sep 2009,0.07872,0.08019
Week 2,29 Sep 2009,0.07927,0.08046
Week 3,06 Oct 2009,0.08138,0.08243
Week 4,13 Oct 2009,0.08184,0.08329

Week 1,20 Oct 2009,0.08194,0.08238
Week 2,27 Oct 2009,0.08075,0.08173
Week 3,03 Nov 2009,0.08088,0.08129
Week 4,10 Nov 2009,0.08180,0.08236

Week 1,17 Nov 2009,0.08148,0.08258
Week 2,24 Nov 2009,0.08105,0.08217
Week 3,01 Dec 2009,0.08172,0.08260
Week 4,08 Dec 2009,0.08126,0.08219

Week 1,15 Dec 2009,0.08094,0.08154
Week 2,22 Dec 2009,0.08017,0.08206
Week 3,29 Dec 2009,0.08083,0.08236
Week 4,05 Jan 2010,0.08233,0.08302

Week 1,12 Jan 2010,0.08269,0.08361
Week 2,19 Jan 2010,0.08234,0.08270
Week 3,26 Jan 2010,0.08195,0.08263
Week 4,02 Feb 2010,0.08215,0.08278

Week 1,09 Feb 2010,0.08226,0.08287
Week 2,16 Feb 2010,0.08286,0.08383
Week 3,23 Feb 2010,0.08310,0.08385
Week 4,02 Mar 2010,0.08375,0.08467

Week 1,09 Mar 2010,0.08471,0.08494
Week 2,16 Mar 2010,0.08490,0.08513
Week 3,23 Mar 2010,0.08508,0.08540
Week 4,30 Mar 2010,0.08565,0.08691

Week 1,06 Apr 2010,0.08695,0.08756
Week 2,13 Apr 2010,0.08658,0.08782
Week 3,20 Apr 2010,0.08682,0.08706
Week 4,27 Apr 2010,0.08670,0.08760

Week 1,04 May 2010,0.08554,0.08691
Week 2,11 May 2010,0.08595,0.08655
Week 3,18 May 2010,0.08386,0.08427
Week 4,25 May 2010,0.08308,0.08387

Week 1,01 Jun 2010,0.08333,0.08446
Week 2,08 Jun 2010,0.08321,0.08357
Week 3,15 Jun 2010,0.08431,0.08514
Week 4,22 Jun 2010,0.08444,0.08514

Week 1,29 Jun 2010,0.08380,0.08461
Week 2,06 Jul 2010,0.08355,0.08423
Week 3,13 Jul 2010,0.08340,0.08440
Week 4,20 Jul 2010,0.08315,0.08377

Week 1,27 Jul 2010,0.08421,0.08442
Week 2,03 Aug 2010,0.08486,0.08556
Week 3,10 Aug 2010,0.08401,0.08469
Week 4,17 Aug 2010,0.08390,0.08472

Week 1,24 Aug 2010,0.08343,0.08480
Week 2,31 Aug 2010,0.08372,0.08505
Week 3,07 Sep 2010,0.08434,0.08506
Week 4,14 Sep 2010,0.08453,0.08580

Week 1,21 Sep 2010,0.08630,0.08702
Week 2,28 Sep 2010,0.08796,0.08870
Week 3,05 Oct 2010,0.08839,0.08970
Week 4,12 Oct 2010,0.08847,0.08955

Week 1,19 Oct 2010,0.08843,0.08919
Week 2,26 Oct 2010,0.08827,0.08904
Week 3,02 Nov 2010,0.08853,0.08951
Week 4,09 Nov 2010,0.08785,0.08879

Week 1,16 Nov 2010,0.08658,0.08755
Week 2,23 Nov 2010,0.08619,0.08712
Week 3,30 Nov 2010,0.08703,0.08798
Week 4,07 Dec 2010,0.08671,0.08771

Week 1,14 Dec 2010,0.08597,0.08694
Week 2,21 Dec 2010,0.08588,0.08785
Week 3,28 Dec 2010,0.08651,0.08840
Week 4,04 Jan 2011,0.08655,0.08744

Week 1,11 Jan 2011,0.08611,0.08743
Week 2,18 Jan 2011,0.08531,0.08709
Week 3,25 Jan 2011,0.08595,0.08698
Week 4,01 Feb 2011,0.08658,0.08771

Week 1,08 Feb 2011,0.08725,0.08817
Week 2,15 Feb 2011,0.08789,0.08875
Week 3,22 Feb 2011,0.08810,0.08900
Week 4,01 Mar 2011,0.08901,0.08963

Week 1,08 Mar 2011,0.08759,0.08849
Week 2,15 Mar 2011,0.08741,0.08831
Week 3,22 Mar 2011,0.08836,0.08941
Week 4,29 Mar 2011,0.08904,0.09009

Week 1,05 Apr 2011,0.09012,0.09109
Week 2,12 Apr 2011,0.09015,0.09107
Week 3,19 Apr 2011,0.09047,0.09143
Week 4,26 Apr 2011,0.09065,0.09158

Week 1,03 May 2011,0.09074,0.09165
Week 2,10 May 2011,0.09025,0.09119
Week 3,17 May 2011,0.08980,0.09087
Week 4,24 May 2011,0.08967,0.09056

Week 1,31 May 2011,0.09034,0.09125
Week 2,07 Jun 2011,0.08949,0.09097
Week 3,14 Jun 2011,0.08960,0.09064
Week 4,21 Jun 2011,0.08965,0.09051

Week 1,28 Jun 2011,0.09030,0.09120
Week 2,05 Jul 2011,0.09117,0.09207
Week 3,12 Jul 2011,0.09120,0.09213
Week 4,19 Jul 2011,0.09179,0.09270

Week 1,26 Jul 2011,0.09266,0.09362
Week 2,02 Aug 2011,0.09202,0.09322
Week 3,09 Aug 2011,0.09100,0.09197
Week 4,16 Aug 2011,0.09055,0.09171

Week 1,23 Aug 2011,0.09039,0.09123
Week 2,30 Aug 2011,0.09083,0.09173
Week 3,06 Sep 2011,0.09015,0.09108
Week 4,13 Sep 2011,0.08726,0.08816

Week 1,20 Sep 2011,0.08453,0.08566
Week 2,27 Sep 2011,0.08415,0.08499
Week 3,04 Oct 2011,0.08434,0.08535
Week 4,11 Oct 2011,0.08426,0.08565

Week 1,18 Oct 2011,0.08393,0.08483
Week 2,25 Oct 2011,0.08498,0.08581
Week 3,01 Nov 2011,0.08533,0.08615
Week 4,08 Nov 2011,0.08465,0.08523

Week 1,15 Nov 2011,0.08286,0.08378
Week 2,22 Nov 2011,0.08070,0.08156
Week 3,29 Nov 2011,0.08210,0.08320
Week 4,06 Dec 2011,0.08202,0.08273

Week 1,13 Dec 2011,0.07855,0.07952
Week 2,20 Dec 2011,0.07894,0.07971
Week 3,27 Dec 2011,0.07873,0.07954
Week 4,03 Jan 2012,0.07967,0.08052

Week 1,10 Jan 2012,0.08160,0.08234
Week 2,17 Jan 2012,0.08369,0.08448
Week 3,24 Jan 2012,0.08552,0.08634
Week 4,31 Jan 2012,0.08696,0.08779

Week 1,07 Feb 2012,0.08685,0.08765
Week 2,14 Feb 2012,0.08704,0.08786
Week 3,21 Feb 2012,0.08757,0.08838
Week 4,28 Feb 2012,0.08731,0.08833

Week 1,06 Mar 2012,0.08611,0.08693
Week 2,13 Mar 2012,0.08495,0.08587
Week 3,20 Mar 2012,0.08350,0.08490
Week 4,27 Mar 2012,0.08356,0.08460

Week 1,03 Apr 2012,0.08406,0.08489
Week 2,10 Apr 2012,0.08353,0.08470
Week 3,17 Apr 2012,0.08328,0.08413
Week 4,24 Apr 2012,0.08257,0.08332

Week 1,01 May 2012,0.08185,0.08308
Week 2,08 May 2012,0.08194,0.08281
Week 3,15 May 2012,0.08087,0.08164
Week 4,22 May 2012,0.07942,0.08065

Week 1,29 May 2012,0.07891,0.08047
Week 2,05 Jun 2012,0.08000,0.08134
Week 3,12 Jun 2012,0.07991,0.08124
Week 4,19 Jun 2012,0.07911,0.08007

Week 1,26 Jun 2012,0.07954,0.08043
Week 2,03 Jul 2012,0.08158,0.08265
Week 3,10 Jul 2012,0.08152,0.08257
Week 4,17 Jul 2012,0.08241,0.08302

Week 1,24 Jul 2012,0.08187,0.08244
Week 2,31 Jul 2012,0.08208,0.08284
Week 3,07 Aug 2012,0.08313,0.08354
Week 4,14 Aug 2012,0.08269,0.08308

Week 1,21 Aug 2012,0.08295,0.08377
Week 2,28 Aug 2012,0.08308,0.08362
Week 3,04 Sep 2012,0.08353,0.08415
Week 4,11 Sep 2012,0.08474,0.08567

Week 1,18 Sep 2012,0.08701,0.08766
Week 2,25 Sep 2012,0.08838,0.08900
Week 3,02 Oct 2012,0.09014,0.09078
Week 4,09 Oct 2012,0.08919,0.08991

Week 1,16 Oct 2012,0.08839,0.08910
Week 2,23 Oct 2012,0.08807,0.08867
Week 3,30 Oct 2012,0.08807,0.08880
Week 4,06 Nov 2012,0.08724,0.08819

Week 1,13 Nov 2012,0.08681,0.08734
Week 2,20 Nov 2012,0.08660,0.08758
Week 3,27 Nov 2012,0.08735,0.08826
Week 4,04 Dec 2012,0.08882,0.08946

Week 1,11 Dec 2012,0.08903,0.08993
Week 2,18 Dec 2012,0.08882,0.08933
Week 3,25 Dec 2012,0.08894,0.08960
Week 4,01 Jan 2013,0.08968,0.09023

Week 1,08 Jan 2013,0.08960,0.09016
Week 2,15 Jan 2013,0.09095,0.09170
Week 3,22 Jan 2013,0.09205,0.09269
Week 4,29 Jan 2013,0.09287,0.09358

Week 1,05 Feb 2013,0.09314,0.09377
Week 2,12 Feb 2013,0.09223,0.09294
Week 3,19 Feb 2013,0.09193,0.09284
Week 4,26 Feb 2013,0.09209,0.09292

Week 1,05 Mar 2013,0.09226,0.09309
Week 2,12 Mar 2013,0.09345,0.09404
Week 3,19 Mar 2013,0.09366,0.09424
Week 4,26 Mar 2013,0.09365,0.09449

Week 1,02 Apr 2013,0.09324,0.09452
Week 2,09 Apr 2013,0.09378,0.09478
Week 3,16 Apr 2013,0.09517,0.09607
Week 4,23 Apr 2013,0.09533,0.09582

Week 1,30 Apr 2013,0.09633,0.09720
Week 2,07 May 2013,0.09580,0.09668
Week 3,14 May 2013,0.09530,0.09577
Week 4,21 May 2013,0.09434,0.09503

Week 1,28 May 2013,0.09340,0.09408
Week 2,04 Jun 2013,0.09266,0.09358
Week 3,11 Jun 2013,0.09160,0.09216
Week 4,18 Jun 2013,0.09013,0.09074

Week 1,25 Jun 2013,0.08939,0.09017
Week 2,02 Jul 2013,0.08936,0.08976
Week 3,09 Jul 2013,0.08976,0.09039
Week 4,16 Jul 2013,0.09091,0.09171

Week 1,23 Jul 2013,0.09179,0.09256
Week 2,30 Jul 2013,0.09038,0.09081
Week 3,06 Aug 2013,0.09030,0.09108
Week 4,13 Aug 2013,0.08966,0.09050

Week 1,20 Aug 2013,0.08684,0.08759
Week 2,27 Aug 2013,0.08441,0.08515
Week 3,03 Sep 2013,0.08547,0.08644
Week 4,10 Sep 2013,0.08930,0.09008

Week 1,17 Sep 2013,0.09164,0.09222
Week 2,24 Sep 2013,0.09205,0.09285
Week 3,01 Oct 2013,0.09359,0.09423
Week 4,08 Oct 2013,0.09501,0.09555

Week 1,15 Oct 2013,0.09544,0.09613
Week 2,22 Oct 2013,0.09543,0.09623
Week 3,29 Oct 2013,0.09570,0.09632
Week 4,05 Nov 2013,0.09493,0.09551

Week 1,12 Nov 2013,0.09426,0.09495
Week 2,19 Nov 2013,0.09665,0.09700
Week 3,26 Nov 2013,0.09785,0.09845
Week 4,03 Dec 2013,0.10027,0.10091

Week 1,10 Dec 2013,0.10146,0.10217
Week 2,17 Dec 2013,0.10271,0.10312
Week 3,24 Dec 2013,0.10410,0.10500
Week 4,31 Dec 2013,0.10515,0.10576

Week 1,07 Jan 2014,0.10668,0.10729
Week 2,14 Jan 2014,0.10959,0.11022
Week 3,21 Jan 2014,0.11761,0.11852
Week 4,28 Jan 2014,0.12753,0.12821

Week 1,04 Feb 2014,0.12679,0.12772
Week 2,11 Feb 2014,0.12579,0.12674
Week 3,18 Feb 2014,0.12550,0.12628
Week 4,25 Feb 2014,0.12679,0.12772

Week 1,04 Mar 2014,0.12801,0.12863
Week 2,11 Mar 2014,0.12836,0.12913
Week 3,18 Mar 2014,0.12939,0.13035
Week 4,25 Mar 2014,0.13233,0.13328

Week 1,01 Apr 2014,0.13290,0.13395
Week 2,08 Apr 2014,0.13219,0.13323
Week 3,15 Apr 2014,0.13217,0.13312
Week 4,22 Apr 2014,0.13127,0.13193

Week 1,29 Apr 2014,0.13251,0.13308
Week 2,06 May 2014,0.13332,0.13386
Week 3,13 May 2014,0.13566,0.13638
Week 4,20 May 2014,0.13771,0.13830

Week 1,27 May 2014,0.13675,0.13733
Week 2,03 Jun 2014,0.13713,0.13760
Week 3,10 Jun 2014,0.13671,0.13726
Week 4,17 Jun 2014,0.13500,0.13548

Week 1,24 Jun 2014,0.13507,0.13554
Week 2,01 Jul 2014,0.13593,0.13632
Week 3,08 Jul 2014,0.13576,0.13623
Week 4,15 Jul 2014,0.13515,0.13590

Week 1,22 Jul 2014,0.13584,0.13642
Week 2,29 Jul 2014,0.13538,0.13592
Week 3,05 Aug 2014,0.13486,0.13523
Week 4,12 Aug 2014,0.13530,0.13584

Week 1,19 Aug 2014,0.13730,0.13783
Week 2,26 Aug 2014,0.13854,0.13947
Week 3,02 Sep 2014,0.13868,0.13968
Week 4,09 Sep 2014,0.13765,0.13870

Week 1,16 Sep 2014,0.13747,0.13854
Week 2,23 Sep 2014,0.13748,0.13854
Week 3,30 Sep 2014,0.13683,0.13788
Week 4,07 Oct 2014,0.13778,0.13874

Week 1,14 Oct 2014,0.13791,0.13832
Week 2,21 Oct 2014,0.13834,0.13930
Week 3,28 Oct 2014,0.13836,0.13946
Week 4,04 Nov 2014,0.13803,0.13909

Week 1,11 Nov 2014,0.13750,0.13856
Week 2,18 Nov 2014,0.13772,0.13815
Week 3,25 Nov 2014,0.13721,0.13815
Week 4,02 Dec 2014,0.13775,0.13826

Week 1,09 Dec 2014,0.13712,0.13752
Week 2,16 Dec 2014,0.13453,0.13498
Week 3,23 Dec 2014,0.13418,0.13455
Week 4,30 Dec 2014,0.13405,0.13467

Week 1,06 Jan 2015,0.13619,0.13658
Week 2,13 Jan 2015,0.13859,0.13900
Week 3,20 Jan 2015,0.13982,0.14030
Week 4,27 Jan 2015,0.13970,0.14012

Week 1,03 Feb 2015,0.13966,0.14007
Week 2,10 Feb 2015,0.13922,0.13963
Week 3,17 Feb 2015,0.13950,0.13991
Week 4,24 Feb 2015,0.14058,0.14108

Week 1,03 Mar 2015,0.14020,0.14061
Week 2,10 Mar 2015,0.13962,0.14005
Week 3,17 Mar 2015,0.14032,0.14075
Week 4,24 Mar 2015,0.14043,0.14085

Week 1,31 Mar 2015,0.14090,0.14176
Week 2,07 Apr 2015,0.14135,0.14211
Week 3,14 Apr 2015,0.14192,0.14248
Week 4,21 Apr 2015,0.14023,0.14078

Week 1,28 Apr 2015,0.13988,0.14060
Week 2,05 May 2015,0.13973,0.14027
Week 3,12 May 2015,0.14003,0.14063
Week 4,19 May 2015,0.14065,0.14120

Week 1,26 May 2015,0.14065,0.14120
Week 2,02 Jun 2015,0.14075,0.14131
Week 3,09 Jun 2015,0.14096,0.14150
Week 4,16 Jun 2015,0.14186,0.14241

Week 1,23 Jun 2015,0.14271,0.14326
Week 2,30 Jun 2015,0.14331,0.14386
Week 3,07 Jul 2015,0.14375,0.14440
Week 4,14 Jul 2015,0.14389,0.14454

Week 1,21 Jul 2015,0.14359,0.14415
Week 2,28 Jul 2015,0.14326,0.14382
Week 3,04 Aug 2015,0.14413,0.14476
Week 4,11 Aug 2015,0.14241,0.14295

Week 1,18 Aug 2015,0.14075,0.14126
Week 2,25 Aug 2015,0.13976,0.14028
Week 3,01 Sep 2015,0.13995,0.14046
Week 4,08 Sep 2015,0.14025,0.14076

Week 1,15 Sep 2015,0.14151,0.14204
Week 2,22 Sep 2015,0.14199,0.14251
Week 3,29 Sep 2015,0.14327,0.14380
Week 4,06 Oct 2015,0.14497,0.14551

Week 1,13 Oct 2015,0.14578,0.14632
Week 2,20 Oct 2015,0.14606,0.14661
Week 3,27 Oct 2015,0.14574,0.14627
Week 4,03 Nov 2015,0.14434,0.14488

Week 1,10 Nov 2015,0.14476,0.14533
Week 2,17 Nov 2015,0.14559,0.14672
Week 3,24 Nov 2015,0.14470,0.14594
Week 4,01 Dec 2015,0.14494,0.14610

Week 1,08 Dec 2015,0.14485,0.14600
Week 2,15 Dec 2015,0.16870,0.16940
Week 3,22 Dec 2015,0.19631,0.19745
Week 4,29 Dec 2015,0.19568,0.19706

Week 1,05 Jan 2016,0.20382,0.20521
Week 2,12 Jan 2016,0.19951,0.20085
Week 3,19 Jan 2016,0.19839,0.19993
Week 4,26 Jan 2016,0.20333,0.20462

Week 1,02 Feb 2016,0.20888,0.20967
Week 2,09 Feb 2016,0.21191,0.21315
Week 3,16 Feb 2016,0.21724,0.21831
Week 4,23 Feb 2016,0.22325,0.22459

Week 1,01 Mar 2016,0.22849,0.22991
Week 2,08 Mar 2016,0.22745,0.22886
Week 3,15 Mar 2016,0.22038,0.22129
Week 4,22 Mar 2016,0.21670,0.21774

Week 1,29 Mar 2016,0.22059,0.22157
Week 2,05 Apr 2016,0.21904,0.21983
Week 3,12 Apr 2016,0.21476,0.21554
Week 4,19 Apr 2016,0.21383,0.21454

Week 1,26 Apr 2016,0.21416,0.21518
Week 2,03 May 2016,0.21320,0.21402
Week 3,10 May 2016,0.21219,0.21296
Week 4,17 May 2016,0.20977,0.21055

Week 1,24 May 2016,0.20760,0.20835
Week 2,31 May 2016,0.20721,0.20790
Week 3,07 Jun 2016,0.20662,0.20731
Week 4,14 Jun 2016,0.20518,0.20643

Week 1,21 Jun 2016,0.21159,0.21239
Week 2,28 Jun 2016,0.22142,0.22288
Week 3,05 Jul 2016,0.21943,0.22083
Week 4,12 Jul 2016,0.21934,0.22034

Week 1,19 Jul 2016,0.22314,0.22422
Week 2,26 Jul 2016,0.22287,0.22389
Week 3,02 Aug 2016,0.22230,0.22361
Week 4,09 Aug 2016,0.21937,0.22070

Week 1,16 Aug 2016,0.22035,0.22163
Week 2,23 Aug 2016,0.22107,0.22239
Week 3,30 Aug 2016,0.22313,0.22449
Week 4,06 Sep 2016,0.22504,0.22641

Week 1,13 Sep 2016,0.22388,0.22523
Week 2,20 Sep 2016,0.22584,0.22720
Week 3,27 Sep 2016,0.22864,0.23001
Week 4,04 Oct 2016,0.22753,0.22888

Week 1,11 Oct 2016,0.22663,0.22798
Week 2,18 Oct 2016,0.22675,0.22813
Week 3,25 Oct 2016,0.22619,0.22757
Week 4,01 Nov 2016,0.22561,0.22693

Week 1,08 Nov 2016,0.22498,0.22585
Week 2,15 Nov 2016,0.22775,0.22866
Week 3,22 Nov 2016,0.22608,0.22706
Week 4,29 Nov 2016,0.23059,0.23135

Week 1,06 Dec 2016,0.23591,0.23673
Week 2,13 Dec 2016,0.23551,0.23691
Week 3,20 Dec 2016,0.23111,0.23186
Week 4,27 Dec 2016,0.23135,0.23287

Week 1,03 Jan 2017,0.23347,0.23433
Week 2,10 Jan 2017,0.23167,0.23302
Week 3,17 Jan 2017,0.23243,0.23380
Week 4,24 Jan 2017,0.23314,0.23433

Week 1,31 Jan 2017,0.23310,0.23434
Week 2,07 Feb 2017,0.23286,0.23385
Week 3,14 Feb 2017,0.23047,0.23173
Week 4,21 Feb 2017,0.23240,0.23369

Week 1,28 Feb 2017,0.23074,0.23168
Week 2,07 Mar 2017,0.23237,0.23314
Week 3,14 Mar 2017,0.23596,0.23720
Week 4,21 Mar 2017,0.23812,0.23957

Week 1,28 Mar 2017,0.23789,0.23874
Week 2,04 Apr 2017,0.23743,0.23874
Week 3,11 Apr 2017,0.23520,0.23604
Week 4,18 Apr 2017,0.23682,0.23780

Week 1,25 Apr 2017,0.23928,0.24028
Week 2,02 May 2017,0.23823,0.23914
Week 3,09 May 2017,0.23902,0.24052
Week 4,16 May 2017,0.24394,0.24518

Week 1,23 May 2017,0.24823,0.24906
Week 2,30 May 2017,0.24866,0.24964
Week 3,06 Jun 2017,0.24746,0.24886
Week 4,13 Jun 2017,0.24729,0.24810

Week 1,20 Jun 2017,0.24950,0.25081
Week 2,27 Jun 2017,0.25325,0.25467
Week 3,04 Jul 2017,0.26150,0.26283
Week 4,11 Jul 2017,0.26224,0.26352

Week 1,18 Jul 2017,0.26650,0.26721
Week 2,25 Jul 2017,0.27333,0.27424
Week 3,01 Aug 2017,0.27609,0.27681
Week 4,08 Aug 2017,0.27563,0.27691

Week 1,15 Aug 2017,0.26870,0.26998
Week 2,22 Aug 2017,0.26796,0.26926
Week 3,29 Aug 2017,0.27068,0.27196
Week 4,05 Sep 2017,0.26884,0.26952

Week 1,12 Sep 2017,0.26553,0.26679
Week 2,19 Sep 2017,0.26528,0.26655
Week 3,26 Sep 2017,0.26721,0.26832
Week 4,03 Oct 2017,0.26486,0.26597

Week 1,10 Oct 2017,0.26690,0.26812
Week 2,17 Oct 2017,0.26700,0.26816
Week 3,24 Oct 2017,0.26936,0.26996
Week 4,31 Oct 2017,0.27193,0.27258

Week 1,07 Nov 2017,0.26872,0.26995
Week 2,14 Nov 2017,0.26750,0.26863
Week 3,21 Nov 2017,0.26868,0.26944
Week 4,28 Nov 2017,0.26825,0.26937

Week 1,05 Dec 2017,0.26806,0.26869


