IND->BRL

Week 1,01 Dec 1998,0.02823,0.02825
Week 2,08 Dec 1998,0.02824,0.02830
Week 3,15 Dec 1998,0.02834,0.02835
Week 4,22 Dec 1998,0.02838,0.02840

Week 1,29 Dec 1998,0.02842,0.02843
Week 2,05 Jan 1999,0.02844,0.02846
Week 3,12 Jan 1999,0.03235,0.03270
Week 4,19 Jan 1999,0.03821,0.03865

Week 1,26 Jan 1999,0.04618,0.04695
Week 2,02 Feb 1999,0.04267,0.04314
Week 3,09 Feb 1999,0.04482,0.04529
Week 4,16 Feb 1999,0.04517,0.04563

Week 1,23 Feb 1999,0.04756,0.04802
Week 2,02 Mar 1999,0.04812,0.04850
Week 3,09 Mar 1999,0.04458,0.04477
Week 4,16 Mar 1999,0.04370,0.04393

Week 1,23 Mar 1999,0.04228,0.04251
Week 2,30 Mar 1999,0.04049,0.04092
Week 3,06 Apr 1999,0.04009,0.04024
Week 4,13 Apr 1999,0.03893,0.03917

Week 1,20 Apr 1999,0.03963,0.03985
Week 2,27 Apr 1999,0.03905,0.03916
Week 3,04 May 1999,0.03909,0.03914
Week 4,11 May 1999,0.03872,0.03879

Week 1,18 May 1999,0.03945,0.03953
Week 2,25 May 1999,0.04026,0.04033
Week 3,01 Jun 1999,0.04030,0.04038
Week 4,08 Jun 1999,0.04085,0.04092

Week 1,15 Jun 1999,0.04090,0.04099
Week 2,22 Jun 1999,0.04130,0.04137
Week 3,29 Jun 1999,0.04095,0.04103
Week 4,06 Jul 1999,0.04131,0.04139

Week 1,13 Jul 1999,0.04173,0.04181
Week 2,20 Jul 1999,0.04175,0.04183
Week 3,27 Jul 1999,0.04156,0.04163
Week 4,03 Aug 1999,0.04208,0.04216

Week 1,10 Aug 1999,0.04276,0.04285
Week 2,17 Aug 1999,0.04358,0.04372
Week 3,24 Aug 1999,0.04425,0.04437
Week 4,31 Aug 1999,0.04415,0.04425

Week 1,07 Sep 1999,0.04320,0.04331
Week 2,14 Sep 1999,0.04318,0.04326
Week 3,21 Sep 1999,0.04361,0.04369
Week 4,28 Sep 1999,0.04440,0.04449

Week 1,05 Oct 1999,0.04456,0.04466
Week 2,12 Oct 1999,0.04453,0.04465
Week 3,19 Oct 1999,0.04572,0.04579
Week 4,26 Oct 1999,0.04523,0.04535

Week 1,02 Nov 1999,0.04442,0.04453
Week 2,09 Nov 1999,0.04448,0.04456
Week 3,16 Nov 1999,0.04448,0.04457
Week 4,23 Nov 1999,0.04439,0.04442

Week 1,30 Nov 1999,0.04430,0.04433
Week 2,07 Dec 1999,0.04305,0.04311
Week 3,14 Dec 1999,0.04192,0.04201
Week 4,21 Dec 1999,0.04197,0.04206

Week 1,28 Dec 1999,0.04163,0.04171
Week 2,04 Jan 2000,0.04212,0.04220
Week 3,11 Jan 2000,0.04161,0.04168
Week 4,18 Jan 2000,0.04088,0.04096

Week 1,25 Jan 2000,0.04089,0.04097
Week 2,01 Feb 2000,0.04074,0.04082
Week 3,08 Feb 2000,0.04053,0.04059
Week 4,15 Feb 2000,0.04069,0.04076

Week 1,22 Feb 2000,0.04074,0.04080
Week 2,29 Feb 2000,0.04026,0.04036
Week 3,07 Mar 2000,0.03999,0.04008
Week 4,14 Mar 2000,0.03989,0.03996

Week 1,21 Mar 2000,0.03969,0.03977
Week 2,28 Mar 2000,0.03988,0.03993
Week 3,04 Apr 2000,0.03994,0.04001
Week 4,11 Apr 2000,0.04042,0.04051

Week 1,18 Apr 2000,0.04071,0.04080
Week 2,25 Apr 2000,0.04121,0.04128
Week 3,02 May 2000,0.04132,0.04140
Week 4,09 May 2000,0.04156,0.04164

Week 1,16 May 2000,0.04169,0.04179
Week 2,23 May 2000,0.04169,0.04191
Week 3,30 May 2000,0.04102,0.04126
Week 4,06 Jun 2000,0.04066,0.04089

Week 1,13 Jun 2000,0.04035,0.04046
Week 2,20 Jun 2000,0.04059,0.04070
Week 3,27 Jun 2000,0.04053,0.04068
Week 4,04 Jul 2000,0.04033,0.04040

Week 1,11 Jul 2000,0.04030,0.04036
Week 2,18 Jul 2000,0.04002,0.04010
Week 3,25 Jul 2000,0.03979,0.03987
Week 4,01 Aug 2000,0.03948,0.03963

Week 1,08 Aug 2000,0.03924,0.03940
Week 2,15 Aug 2000,0.03945,0.03965
Week 3,22 Aug 2000,0.03967,0.03985
Week 4,29 Aug 2000,0.03979,0.03993

Week 1,05 Sep 2000,0.03976,0.03995
Week 2,12 Sep 2000,0.04010,0.04027
Week 3,19 Sep 2000,0.04003,0.04020
Week 4,26 Sep 2000,0.04002,0.04019

Week 1,03 Oct 2000,0.04011,0.04032
Week 2,10 Oct 2000,0.04017,0.04032
Week 3,17 Oct 2000,0.04046,0.04061
Week 4,24 Oct 2000,0.04104,0.04120

Week 1,31 Oct 2000,0.04118,0.04135
Week 2,07 Nov 2000,0.04180,0.04195
Week 3,14 Nov 2000,0.04174,0.04190
Week 4,21 Nov 2000,0.04143,0.04155

Week 1,28 Nov 2000,0.04199,0.04213
Week 2,05 Dec 2000,0.04207,0.04219
Week 3,12 Dec 2000,0.04196,0.04206
Week 4,19 Dec 2000,0.04184,0.04198

Week 1,26 Dec 2000,0.04180,0.04192
Week 2,02 Jan 2001,0.04164,0.04175
Week 3,09 Jan 2001,0.04174,0.04189
Week 4,16 Jan 2001,0.04204,0.04218

Week 1,23 Jan 2001,0.04234,0.04246
Week 2,30 Jan 2001,0.04262,0.04274
Week 3,06 Feb 2001,0.04286,0.04297
Week 4,13 Feb 2001,0.04278,0.04290

Week 1,20 Feb 2001,0.04349,0.04362
Week 2,27 Feb 2001,0.04363,0.04377
Week 3,06 Mar 2001,0.04378,0.04391
Week 4,13 Mar 2001,0.04493,0.04505

Week 1,20 Mar 2001,0.04601,0.04614
Week 2,27 Mar 2001,0.04588,0.04600
Week 3,03 Apr 2001,0.04642,0.04656
Week 4,10 Apr 2001,0.04598,0.04613

Week 1,17 Apr 2001,0.04737,0.04750
Week 2,24 Apr 2001,0.04771,0.04783
Week 3,01 May 2001,0.04721,0.04729
Week 4,08 May 2001,0.04823,0.04833

Week 1,15 May 2001,0.04922,0.04937
Week 2,22 May 2001,0.04969,0.04984
Week 3,29 May 2001,0.05021,0.05032
Week 4,05 Jun 2001,0.05041,0.05055

Week 1,12 Jun 2001,0.05124,0.05135
Week 2,19 Jun 2001,0.05065,0.05079
Week 3,26 Jun 2001,0.04916,0.04929
Week 4,03 Jul 2001,0.05105,0.05116

Week 1,10 Jul 2001,0.05364,0.05380
Week 2,17 Jul 2001,0.05279,0.05295
Week 3,24 Jul 2001,0.05217,0.05230
Week 4,31 Jul 2001,0.05261,0.05272

Week 1,07 Aug 2001,0.05230,0.05245
Week 2,14 Aug 2001,0.05317,0.05331
Week 3,21 Aug 2001,0.05378,0.05392
Week 4,28 Aug 2001,0.05413,0.05429

Week 1,04 Sep 2001,0.05453,0.05468
Week 2,11 Sep 2001,0.05597,0.05604
Week 3,18 Sep 2001,0.05536,0.05807
Week 4,25 Sep 2001,0.05462,0.05844

Week 1,02 Oct 2001,0.05449,0.05831
Week 2,09 Oct 2001,0.05581,0.05965
Week 3,16 Oct 2001,0.05534,0.05923
Week 4,23 Oct 2001,0.05485,0.05878

Week 1,30 Oct 2001,0.05435,0.05823
Week 2,06 Nov 2001,0.05226,0.05618
Week 3,13 Nov 2001,0.05103,0.05499
Week 4,20 Nov 2001,0.05100,0.05440

Week 1,27 Nov 2001,0.05020,0.05415
Week 2,04 Dec 2001,0.04885,0.05278
Week 3,11 Dec 2001,0.04762,0.05152
Week 4,18 Dec 2001,0.04684,0.05074

Week 1,25 Dec 2001,0.04625,0.05017
Week 2,01 Jan 2002,0.04572,0.04959
Week 3,08 Jan 2002,0.04772,0.05161
Week 4,15 Jan 2002,0.04745,0.05137

Week 1,22 Jan 2002,0.04741,0.05137
Week 2,29 Jan 2002,0.04798,0.05200
Week 3,05 Feb 2002,0.04798,0.05194
Week 4,12 Feb 2002,0.04815,0.05209

Week 1,19 Feb 2002,0.04782,0.05176
Week 2,26 Feb 2002,0.04680,0.05075
Week 3,05 Mar 2002,0.04636,0.05029
Week 4,12 Mar 2002,0.04619,0.05009

Week 1,19 Mar 2002,0.04612,0.05001
Week 2,26 Mar 2002,0.04636,0.04921
Week 3,02 Apr 2002,0.04628,0.04806
Week 4,09 Apr 2002,0.04579,0.04757

Week 1,16 Apr 2002,0.04634,0.04862
Week 2,23 Apr 2002,0.04728,0.04902
Week 3,30 Apr 2002,0.04776,0.04950
Week 4,07 May 2002,0.04926,0.05099

Week 1,14 May 2002,0.04970,0.05193
Week 2,21 May 2002,0.04922,0.05295
Week 3,28 May 2002,0.05129,0.05151
Week 4,04 Jun 2002,0.05327,0.05349

Week 1,11 Jun 2002,0.05445,0.05613
Week 2,18 Jun 2002,0.05634,0.05658
Week 3,25 Jun 2002,0.05759,0.05783
Week 4,02 Jul 2002,0.05753,0.05966

Week 1,09 Jul 2002,0.05700,0.05866
Week 2,16 Jul 2002,0.05790,0.05952
Week 3,23 Jul 2002,0.06040,0.06111
Week 4,30 Jul 2002,0.06522,0.06700

Week 1,06 Aug 2002,0.06157,0.06242
Week 2,13 Aug 2002,0.06470,0.06504
Week 3,20 Aug 2002,0.06331,0.06509
Week 4,27 Aug 2002,0.06286,0.06458

Week 1,03 Sep 2002,0.06395,0.06474
Week 2,10 Sep 2002,0.06351,0.06522
Week 3,17 Sep 2002,0.06880,0.07053
Week 4,24 Sep 2002,0.07601,0.07783

Week 1,01 Oct 2002,0.07527,0.07709
Week 2,08 Oct 2002,0.07865,0.08095
Week 3,15 Oct 2002,0.07911,0.08050
Week 4,22 Oct 2002,0.07870,0.08054

Week 1,29 Oct 2002,0.07530,0.07710
Week 2,05 Nov 2002,0.07303,0.07479
Week 3,12 Nov 2002,0.07445,0.07666
Week 4,19 Nov 2002,0.07223,0.07443

Week 1,26 Nov 2002,0.07386,0.07561
Week 2,03 Dec 2002,0.07667,0.07849
Week 3,10 Dec 2002,0.07718,0.07905
Week 4,17 Dec 2002,0.07182,0.07357

Week 1,24 Dec 2002,0.07282,0.07447
Week 2,31 Dec 2002,0.07233,0.07410
Week 3,07 Jan 2003,0.06808,0.07020
Week 4,14 Jan 2003,0.06830,0.06995

Week 1,21 Jan 2003,0.07273,0.07439
Week 2,28 Jan 2003,0.07366,0.07532
Week 3,04 Feb 2003,0.07397,0.07607
Week 4,11 Feb 2003,0.07496,0.07665

Week 1,18 Feb 2003,0.07427,0.07681
Week 2,25 Feb 2003,0.07442,0.07523
Week 3,04 Mar 2003,0.07291,0.07498
Week 4,11 Mar 2003,0.07103,0.07354

Week 1,18 Mar 2003,0.07165,0.07347
Week 2,25 Mar 2003,0.07032,0.07241
Week 3,01 Apr 2003,0.06820,0.07030
Week 4,08 Apr 2003,0.06645,0.06870

Week 1,15 Apr 2003,0.06433,0.06774
Week 2,22 Apr 2003,0.06263,0.06585
Week 3,29 Apr 2003,0.06041,0.06375
Week 4,06 May 2003,0.06087,0.06406

Week 1,13 May 2003,0.06038,0.06356
Week 2,20 May 2003,0.06203,0.06517
Week 3,27 May 2003,0.06172,0.06483
Week 4,03 Jun 2003,0.06032,0.06344

Week 1,10 Jun 2003,0.05959,0.06272
Week 2,17 Jun 2003,0.06022,0.06338
Week 3,24 Jun 2003,0.06043,0.06364
Week 4,01 Jul 2003,0.05942,0.06264

Week 1,08 Jul 2003,0.06057,0.06384
Week 2,15 Jul 2003,0.06041,0.06372
Week 3,22 Jul 2003,0.06090,0.06415
Week 4,29 Jul 2003,0.06211,0.06540

Week 1,05 Aug 2003,0.06364,0.06694
Week 2,12 Aug 2003,0.06391,0.06721
Week 3,19 Aug 2003,0.06374,0.06712
Week 4,26 Aug 2003,0.06303,0.06645

Week 1,02 Sep 2003,0.06325,0.06485
Week 2,09 Sep 2003,0.06349,0.06374
Week 3,16 Sep 2003,0.06310,0.06336
Week 4,23 Sep 2003,0.06374,0.06399

Week 1,30 Sep 2003,0.06345,0.06375
Week 2,07 Oct 2003,0.06253,0.06279
Week 3,14 Oct 2003,0.06264,0.06289
Week 4,21 Oct 2003,0.06317,0.06342

Week 1,28 Oct 2003,0.06299,0.06324
Week 2,04 Nov 2003,0.06314,0.06340
Week 3,11 Nov 2003,0.06437,0.06463
Week 4,18 Nov 2003,0.06405,0.06431

Week 1,25 Nov 2003,0.06394,0.06419
Week 2,02 Dec 2003,0.06421,0.06446
Week 3,09 Dec 2003,0.06440,0.06466
Week 4,16 Dec 2003,0.06426,0.06448

Week 1,23 Dec 2003,0.06374,0.06399
Week 2,30 Dec 2003,0.06315,0.06340
Week 3,06 Jan 2004,0.06245,0.06270
Week 4,13 Jan 2004,0.06189,0.06214

Week 1,20 Jan 2004,0.06248,0.06273
Week 2,27 Jan 2004,0.06401,0.06428
Week 3,03 Feb 2004,0.06461,0.06487
Week 4,10 Feb 2004,0.06418,0.06443

Week 1,17 Feb 2004,0.06492,0.06518
Week 2,24 Feb 2004,0.06461,0.06488
Week 3,02 Mar 2004,0.06352,0.06378
Week 4,09 Mar 2004,0.06378,0.06403

Week 1,16 Mar 2004,0.06411,0.06436
Week 2,23 Mar 2004,0.06536,0.06562
Week 3,30 Mar 2004,0.06622,0.06649
Week 4,06 Apr 2004,0.06592,0.06620

Week 1,13 Apr 2004,0.06614,0.06641
Week 2,20 Apr 2004,0.06604,0.06631
Week 3,27 Apr 2004,0.06613,0.06640
Week 4,04 May 2004,0.06734,0.06761

Week 1,11 May 2004,0.06847,0.06874
Week 2,18 May 2004,0.06983,0.07011
Week 3,25 May 2004,0.06874,0.06901
Week 4,01 Jun 2004,0.06936,0.06963

Week 1,08 Jun 2004,0.06924,0.06954
Week 2,15 Jun 2004,0.06892,0.06920
Week 3,22 Jun 2004,0.06783,0.06810
Week 4,29 Jun 2004,0.06694,0.06720

Week 1,06 Jul 2004,0.06630,0.06656
Week 2,13 Jul 2004,0.06549,0.06575
Week 3,20 Jul 2004,0.06555,0.06582
Week 4,27 Jul 2004,0.06567,0.06594

Week 1,03 Aug 2004,0.06564,0.06590
Week 2,10 Aug 2004,0.06532,0.06557
Week 3,17 Aug 2004,0.06427,0.06452
Week 4,24 Aug 2004,0.06371,0.06396

Week 1,31 Aug 2004,0.06320,0.06344
Week 2,07 Sep 2004,0.06263,0.06288
Week 3,14 Sep 2004,0.06286,0.06311
Week 4,21 Sep 2004,0.06252,0.06277

Week 1,28 Sep 2004,0.06192,0.06217
Week 2,05 Oct 2004,0.06172,0.06197
Week 3,12 Oct 2004,0.06197,0.06222
Week 4,19 Oct 2004,0.06259,0.06278

Week 1,26 Oct 2004,0.06285,0.06300
Week 2,02 Nov 2004,0.06252,0.06269
Week 3,09 Nov 2004,0.06223,0.06240
Week 4,16 Nov 2004,0.06168,0.06187

Week 1,23 Nov 2004,0.06089,0.06106
Week 2,30 Nov 2004,0.06133,0.06154
Week 3,07 Dec 2004,0.06244,0.06264
Week 4,14 Dec 2004,0.06211,0.06231

Week 1,21 Dec 2004,0.06158,0.06178
Week 2,28 Dec 2004,0.06114,0.06137
Week 3,04 Jan 2005,0.06188,0.06204
Week 4,11 Jan 2005,0.06184,0.06203

Week 1,18 Jan 2005,0.06175,0.06197
Week 2,25 Jan 2005,0.06085,0.06103
Week 3,01 Feb 2005,0.06009,0.06028
Week 4,08 Feb 2005,0.05962,0.05984

Week 1,15 Feb 2005,0.05892,0.05913
Week 2,22 Feb 2005,0.05974,0.05995
Week 3,01 Mar 2005,0.06038,0.06063
Week 4,08 Mar 2005,0.06074,0.06107

Week 1,15 Mar 2005,0.06156,0.06184
Week 2,22 Mar 2005,0.06249,0.06273
Week 3,29 Mar 2005,0.06119,0.06137
Week 4,05 Apr 2005,0.05942,0.05959

Week 1,12 Apr 2005,0.05917,0.05934
Week 2,19 Apr 2005,0.05839,0.05859
Week 3,26 Apr 2005,0.05783,0.05803
Week 4,03 May 2005,0.05685,0.05711

Week 1,10 May 2005,0.05668,0.05696
Week 2,17 May 2005,0.05640,0.05665
Week 3,24 May 2005,0.05512,0.05539
Week 4,31 May 2005,0.05524,0.05549

Week 1,07 Jun 2005,0.05657,0.05684
Week 2,14 Jun 2005,0.05511,0.05536
Week 3,21 Jun 2005,0.05462,0.05487
Week 4,28 Jun 2005,0.05403,0.05428

Week 1,05 Jul 2005,0.05432,0.05456
Week 2,12 Jul 2005,0.05367,0.05392
Week 3,19 Jul 2005,0.05443,0.05467
Week 4,26 Jul 2005,0.05544,0.05567

Week 1,02 Aug 2005,0.05341,0.05366
Week 2,09 Aug 2005,0.05361,0.05387
Week 3,16 Aug 2005,0.05486,0.05512
Week 4,23 Aug 2005,0.05497,0.05523

Week 1,30 Aug 2005,0.05346,0.05372
Week 2,06 Sep 2005,0.05283,0.05308
Week 3,13 Sep 2005,0.05256,0.05281
Week 4,20 Sep 2005,0.05176,0.05200

Week 1,27 Sep 2005,0.05067,0.05091
Week 2,04 Oct 2005,0.05094,0.05118
Week 3,11 Oct 2005,0.04994,0.05018
Week 4,18 Oct 2005,0.04985,0.05008

Week 1,25 Oct 2005,0.05031,0.05052
Week 2,01 Nov 2005,0.04915,0.04938
Week 3,08 Nov 2005,0.04747,0.04769
Week 4,15 Nov 2005,0.04830,0.04853

Week 1,22 Nov 2005,0.04874,0.04897
Week 2,29 Nov 2005,0.04789,0.04811
Week 3,06 Dec 2005,0.04782,0.04804
Week 4,13 Dec 2005,0.05012,0.05034

Week 1,20 Dec 2005,0.05150,0.05173
Week 2,27 Dec 2005,0.05178,0.05202
Week 3,03 Jan 2006,0.05137,0.05161
Week 4,10 Jan 2006,0.05130,0.05154

Week 1,17 Jan 2006,0.05171,0.05195
Week 2,24 Jan 2006,0.05062,0.05086
Week 3,31 Jan 2006,0.05006,0.05030
Week 4,07 Feb 2006,0.04918,0.04942

Week 1,14 Feb 2006,0.04802,0.04825
Week 2,21 Feb 2006,0.04799,0.04822
Week 3,28 Feb 2006,0.04784,0.04807
Week 4,07 Mar 2006,0.04845,0.04869

Week 1,14 Mar 2006,0.04778,0.04800
Week 2,21 Mar 2006,0.04827,0.04853
Week 3,28 Mar 2006,0.04893,0.04925
Week 4,04 Apr 2006,0.04787,0.04819

Week 1,11 Apr 2006,0.04744,0.04775
Week 2,18 Apr 2006,0.04695,0.04726
Week 3,25 Apr 2006,0.04680,0.04711
Week 4,02 May 2006,0.04596,0.04628

Week 1,09 May 2006,0.04646,0.04677
Week 2,16 May 2006,0.04794,0.04825
Week 3,23 May 2006,0.04984,0.05016
Week 4,30 May 2006,0.04942,0.04979

Week 1,06 Jun 2006,0.04925,0.04958
Week 2,13 Jun 2006,0.04932,0.04966
Week 3,20 Jun 2006,0.04862,0.04895
Week 4,27 Jun 2006,0.04752,0.04784

Week 1,04 Jul 2006,0.04713,0.04746
Week 2,11 Jul 2006,0.04647,0.04865
Week 3,18 Jul 2006,0.04681,0.04714
Week 4,25 Jul 2006,0.04674,0.04705

Week 1,01 Aug 2006,0.04666,0.04699
Week 2,08 Aug 2006,0.04650,0.04683
Week 3,15 Aug 2006,0.04607,0.04638
Week 4,22 Aug 2006,0.04607,0.04639

Week 1,29 Aug 2006,0.04586,0.04638
Week 2,05 Sep 2006,0.04631,0.04662
Week 3,12 Sep 2006,0.04672,0.04705
Week 4,19 Sep 2006,0.04732,0.04765

Week 1,26 Sep 2006,0.04749,0.04781
Week 2,03 Oct 2006,0.04723,0.04756
Week 3,10 Oct 2006,0.04704,0.04736
Week 4,17 Oct 2006,0.04701,0.04734

Week 1,24 Oct 2006,0.04714,0.04747
Week 2,31 Oct 2006,0.04753,0.04786
Week 3,07 Nov 2006,0.04777,0.04810
Week 4,14 Nov 2006,0.04781,0.04814

Week 1,21 Nov 2006,0.04826,0.04846
Week 2,28 Nov 2006,0.04851,0.04867
Week 3,05 Dec 2006,0.04808,0.04828
Week 4,12 Dec 2006,0.04787,0.04804

Week 1,19 Dec 2006,0.04815,0.04832
Week 2,26 Dec 2006,0.04829,0.04846
Week 3,02 Jan 2007,0.04830,0.04848
Week 4,09 Jan 2007,0.04821,0.04839

Week 1,16 Jan 2007,0.04818,0.04837
Week 2,23 Jan 2007,0.04815,0.04833
Week 3,30 Jan 2007,0.04782,0.04801
Week 4,06 Feb 2007,0.04745,0.04763

Week 1,13 Feb 2007,0.04756,0.04774
Week 2,20 Feb 2007,0.04714,0.04731
Week 3,27 Feb 2007,0.04770,0.04787
Week 4,06 Mar 2007,0.04754,0.04773

Week 1,13 Mar 2007,0.04732,0.04748
Week 2,20 Mar 2007,0.04724,0.04744
Week 3,27 Mar 2007,0.04753,0.04772
Week 4,03 Apr 2007,0.04739,0.04758

Week 1,10 Apr 2007,0.04737,0.04754
Week 2,17 Apr 2007,0.04830,0.04847
Week 3,24 Apr 2007,0.04924,0.04940
Week 4,01 May 2007,0.04931,0.04948

Week 1,08 May 2007,0.04911,0.04930
Week 2,15 May 2007,0.04840,0.04859
Week 3,22 May 2007,0.04792,0.04810
Week 4,29 May 2007,0.04742,0.04759

Week 1,05 Jun 2007,0.04774,0.04790
Week 2,12 Jun 2007,0.04712,0.04729
Week 3,19 Jun 2007,0.04694,0.04712
Week 4,26 Jun 2007,0.04737,0.04754

Week 1,03 Jul 2007,0.04709,0.04727
Week 2,10 Jul 2007,0.04654,0.04670
Week 3,17 Jul 2007,0.04605,0.04621
Week 4,24 Jul 2007,0.04655,0.04674

Week 1,31 Jul 2007,0.04645,0.04663
Week 2,07 Aug 2007,0.04725,0.04742
Week 3,14 Aug 2007,0.04907,0.04923
Week 4,21 Aug 2007,0.04872,0.04888

Week 1,28 Aug 2007,0.04792,0.04809
Week 2,04 Sep 2007,0.04772,0.04814
Week 3,11 Sep 2007,0.04721,0.04736
Week 4,18 Sep 2007,0.04670,0.04685

Week 1,25 Sep 2007,0.04643,0.04658
Week 2,02 Oct 2007,0.04585,0.04600
Week 3,09 Oct 2007,0.04570,0.04586
Week 4,16 Oct 2007,0.04517,0.04578

Week 1,23 Oct 2007,0.04520,0.04536
Week 2,30 Oct 2007,0.04433,0.04448
Week 3,06 Nov 2007,0.04434,0.04449
Week 4,13 Nov 2007,0.04446,0.04461

Week 1,20 Nov 2007,0.04497,0.04511
Week 2,27 Nov 2007,0.04527,0.04541
Week 3,04 Dec 2007,0.04515,0.04529
Week 4,11 Dec 2007,0.04508,0.04523

Week 1,18 Dec 2007,0.04543,0.04558
Week 2,25 Dec 2007,0.04499,0.04513
Week 3,01 Jan 2008,0.04459,0.04519
Week 4,08 Jan 2008,0.04467,0.04489

Week 1,15 Jan 2008,0.04501,0.04517
Week 2,22 Jan 2008,0.04546,0.04562
Week 3,29 Jan 2008,0.04475,0.04489
Week 4,05 Feb 2008,0.04434,0.04452

Week 1,12 Feb 2008,0.04397,0.04435
Week 2,19 Feb 2008,0.04304,0.04317
Week 3,26 Feb 2008,0.04214,0.04230
Week 4,04 Mar 2008,0.04152,0.04165

Week 1,11 Mar 2008,0.04194,0.04209
Week 2,18 Mar 2008,0.04256,0.04273
Week 3,25 Mar 2008,0.04333,0.04346
Week 4,01 Apr 2008,0.04309,0.04323

Week 1,08 Apr 2008,0.04230,0.04243
Week 2,15 Apr 2008,0.04175,0.04194
Week 3,22 Apr 2008,0.04152,0.04164
Week 4,29 Apr 2008,0.04109,0.04123

Week 1,06 May 2008,0.04052,0.04064
Week 2,13 May 2008,0.03903,0.03915
Week 3,20 May 2008,0.03857,0.03871
Week 4,27 May 2008,0.03852,0.03865

Week 1,03 Jun 2008,0.03809,0.03822
Week 2,10 Jun 2008,0.03805,0.03818
Week 3,17 Jun 2008,0.03745,0.03757
Week 4,24 Jun 2008,0.03736,0.03750

Week 1,01 Jul 2008,0.03708,0.03722
Week 2,08 Jul 2008,0.03712,0.03724
Week 3,15 Jul 2008,0.03716,0.03732
Week 4,22 Jul 2008,0.03723,0.03743

Week 1,29 Jul 2008,0.03680,0.03698
Week 2,05 Aug 2008,0.03756,0.03785
Week 3,12 Aug 2008,0.03784,0.03806
Week 4,19 Aug 2008,0.03722,0.03741

Week 1,26 Aug 2008,0.03703,0.03724
Week 2,02 Sep 2008,0.03790,0.03811
Week 3,09 Sep 2008,0.03904,0.03924
Week 4,16 Sep 2008,0.03974,0.04002

Week 1,23 Sep 2008,0.03947,0.03974
Week 2,30 Sep 2008,0.04120,0.04160
Week 3,07 Oct 2008,0.04560,0.04629
Week 4,14 Oct 2008,0.04268,0.04385

Week 1,21 Oct 2008,0.04354,0.04432
Week 2,28 Oct 2008,0.04101,0.04269
Week 3,04 Nov 2008,0.04383,0.04473
Week 4,11 Nov 2008,0.04516,0.04634

Week 1,18 Nov 2008,0.04665,0.04775
Week 2,25 Nov 2008,0.04548,0.04660
Week 3,02 Dec 2008,0.04893,0.05021
Week 4,09 Dec 2008,0.04866,0.04956

Week 1,16 Dec 2008,0.04837,0.04944
Week 2,23 Dec 2008,0.04711,0.04969
Week 3,30 Dec 2008,0.04695,0.04800
Week 4,06 Jan 2009,0.04543,0.04641

Week 1,13 Jan 2009,0.04659,0.04781
Week 2,20 Jan 2009,0.04686,0.04801
Week 3,27 Jan 2009,0.04641,0.04725
Week 4,03 Feb 2009,0.04632,0.04727

Week 1,10 Feb 2009,0.04603,0.04699
Week 2,17 Feb 2009,0.04641,0.04753
Week 3,24 Feb 2009,0.04642,0.04727
Week 4,03 Mar 2009,0.04571,0.04663

Week 1,10 Mar 2009,0.04430,0.04507
Week 2,17 Mar 2009,0.04309,0.04412
Week 3,24 Mar 2009,0.04359,0.04401
Week 4,31 Mar 2009,0.04388,0.04481

Week 1,07 Apr 2009,0.04336,0.04402
Week 2,14 Apr 2009,0.04339,0.04396
Week 3,21 Apr 2009,0.04355,0.04433
Week 4,28 Apr 2009,0.04316,0.04380

Week 1,05 May 2009,0.04233,0.04322
Week 2,12 May 2009,0.04159,0.04214
Week 3,19 May 2009,0.04265,0.04315
Week 4,26 May 2009,0.04209,0.04258

Week 1,02 Jun 2009,0.04099,0.04195
Week 2,09 Jun 2009,0.04044,0.04097
Week 3,16 Jun 2009,0.03991,0.04095
Week 4,23 Jun 2009,0.04010,0.04059

Week 1,30 Jun 2009,0.04002,0.04080
Week 2,07 Jul 2009,0.04012,0.04101
Week 3,14 Jul 2009,0.03961,0.04016
Week 4,21 Jul 2009,0.03899,0.03949

Week 1,28 Jul 2009,0.03864,0.03910
Week 2,04 Aug 2009,0.03786,0.03864
Week 3,11 Aug 2009,0.03791,0.03839
Week 4,18 Aug 2009,0.03748,0.03830

Week 1,25 Aug 2009,0.03763,0.03855
Week 2,01 Sep 2009,0.03796,0.03850
Week 3,08 Sep 2009,0.03731,0.03775
Week 4,15 Sep 2009,0.03703,0.03750

Week 1,22 Sep 2009,0.03694,0.03771
Week 2,29 Sep 2009,0.03669,0.03745
Week 3,06 Oct 2009,0.03689,0.03787
Week 4,13 Oct 2009,0.03661,0.03755

Week 1,20 Oct 2009,0.03697,0.03721
Week 2,27 Oct 2009,0.03674,0.03723
Week 3,03 Nov 2009,0.03670,0.03694
Week 4,10 Nov 2009,0.03688,0.03718

Week 1,17 Nov 2009,0.03697,0.03728
Week 2,24 Nov 2009,0.03716,0.03746
Week 3,01 Dec 2009,0.03704,0.03745
Week 4,08 Dec 2009,0.03749,0.03772

Week 1,15 Dec 2009,0.03759,0.03789
Week 2,22 Dec 2009,0.03728,0.03829
Week 3,29 Dec 2009,0.03718,0.03746
Week 4,05 Jan 2010,0.03757,0.03787

Week 1,12 Jan 2010,0.03823,0.03864
Week 2,19 Jan 2010,0.03883,0.03909
Week 3,26 Jan 2010,0.03969,0.04021
Week 4,02 Feb 2010,0.03991,0.04034

Week 1,09 Feb 2010,0.03959,0.04023
Week 2,16 Feb 2010,0.03936,0.03984
Week 3,23 Feb 2010,0.03917,0.03953
Week 4,02 Mar 2010,0.03873,0.03943

Week 1,09 Mar 2010,0.03888,0.03905
Week 2,16 Mar 2010,0.03910,0.03929
Week 3,23 Mar 2010,0.03941,0.04019
Week 4,30 Mar 2010,0.03959,0.03984

Week 1,06 Apr 2010,0.03961,0.03998
Week 2,13 Apr 2010,0.03922,0.03974
Week 3,20 Apr 2010,0.03945,0.03959
Week 4,27 Apr 2010,0.03874,0.03956

Week 1,04 May 2010,0.03938,0.04032
Week 2,11 May 2010,0.03945,0.03971
Week 3,18 May 2010,0.03955,0.03981
Week 4,25 May 2010,0.03895,0.03947

Week 1,01 Jun 2010,0.03862,0.03942
Week 2,08 Jun 2010,0.03890,0.03910
Week 3,15 Jun 2010,0.03820,0.03895
Week 4,22 Jun 2010,0.03828,0.03871

Week 1,29 Jun 2010,0.03795,0.03872
Week 2,06 Jul 2010,0.03750,0.03788
Week 3,13 Jul 2010,0.03733,0.03804
Week 4,20 Jul 2010,0.03741,0.03782

Week 1,27 Jul 2010,0.03769,0.03784
Week 2,03 Aug 2010,0.03784,0.03822
Week 3,10 Aug 2010,0.03768,0.03804
Week 4,17 Aug 2010,0.03736,0.03803

Week 1,24 Aug 2010,0.03720,0.03792
Week 2,31 Aug 2010,0.03692,0.03752
Week 3,07 Sep 2010,0.03680,0.03716
Week 4,14 Sep 2010,0.03657,0.03740

Week 1,21 Sep 2010,0.03749,0.03791
Week 2,28 Sep 2010,0.03752,0.03820
Week 3,05 Oct 2010,0.03749,0.03807
Week 4,12 Oct 2010,0.03706,0.03775

Week 1,19 Oct 2010,0.03765,0.03805
Week 2,26 Oct 2010,0.03805,0.03843
Week 3,02 Nov 2010,0.03774,0.03825
Week 4,09 Nov 2010,0.03789,0.03833

Week 1,16 Nov 2010,0.03753,0.03800
Week 2,23 Nov 2010,0.03742,0.03786
Week 3,30 Nov 2010,0.03729,0.03774
Week 4,07 Dec 2010,0.03697,0.03744

Week 1,14 Dec 2010,0.03675,0.03748
Week 2,21 Dec 2010,0.03682,0.03742
Week 3,28 Dec 2010,0.03650,0.03718
Week 4,04 Jan 2011,0.03640,0.03684

Week 1,11 Jan 2011,0.03651,0.03698
Week 2,18 Jan 2011,0.03596,0.03666
Week 3,25 Jan 2011,0.03609,0.03654
Week 4,01 Feb 2011,0.03594,0.03667

Week 1,08 Feb 2011,0.03624,0.03667
Week 2,15 Feb 2011,0.03642,0.03684
Week 3,22 Feb 2011,0.03643,0.03685
Week 4,01 Mar 2011,0.03654,0.03682

Week 1,08 Mar 2011,0.03605,0.03644
Week 2,15 Mar 2011,0.03618,0.03658
Week 3,22 Mar 2011,0.03633,0.03674
Week 4,29 Mar 2011,0.03602,0.03639

Week 1,05 Apr 2011,0.03555,0.03595
Week 2,12 Apr 2011,0.03507,0.03545
Week 3,19 Apr 2011,0.03486,0.03527
Week 4,26 Apr 2011,0.03491,0.03530

Week 1,03 May 2011,0.03542,0.03581
Week 2,10 May 2011,0.03585,0.03623
Week 3,17 May 2011,0.03566,0.03606
Week 4,24 May 2011,0.03551,0.03588

Week 1,31 May 2011,0.03500,0.03539
Week 2,07 Jun 2011,0.03473,0.03514
Week 3,14 Jun 2011,0.03490,0.03530
Week 4,21 Jun 2011,0.03488,0.03523

Week 1,28 Jun 2011,0.03453,0.03495
Week 2,05 Jul 2011,0.03468,0.03505
Week 3,12 Jul 2011,0.03490,0.03530
Week 4,19 Jul 2011,0.03473,0.03508

Week 1,26 Jul 2011,0.03475,0.03512
Week 2,02 Aug 2011,0.03505,0.03548
Week 3,09 Aug 2011,0.03536,0.03581
Week 4,16 Aug 2011,0.03472,0.03516

Week 1,23 Aug 2011,0.03469,0.03505
Week 2,30 Aug 2011,0.03483,0.03520
Week 3,06 Sep 2011,0.03560,0.03600
Week 4,13 Sep 2011,0.03546,0.03584

Week 1,20 Sep 2011,0.03673,0.03728
Week 2,27 Sep 2011,0.03661,0.03701
Week 3,04 Oct 2011,0.03647,0.03687
Week 4,11 Oct 2011,0.03519,0.03558

Week 1,18 Oct 2011,0.03513,0.03549
Week 2,25 Oct 2011,0.03472,0.03507
Week 3,01 Nov 2011,0.03476,0.03515
Week 4,08 Nov 2011,0.03476,0.03504

Week 1,15 Nov 2011,0.03445,0.03475
Week 2,22 Nov 2011,0.03503,0.03543
Week 3,29 Nov 2011,0.03493,0.03541
Week 4,06 Dec 2011,0.03450,0.03484

Week 1,13 Dec 2011,0.03396,0.03437
Week 2,20 Dec 2011,0.03415,0.03453
Week 3,27 Dec 2011,0.03413,0.03452
Week 4,03 Jan 2012,0.03414,0.03454

Week 1,10 Jan 2012,0.03414,0.03448
Week 2,17 Jan 2012,0.03433,0.03471
Week 3,24 Jan 2012,0.03452,0.03490
Week 4,31 Jan 2012,0.03474,0.03509

Week 1,07 Feb 2012,0.03444,0.03480
Week 2,14 Feb 2012,0.03440,0.03476
Week 3,21 Feb 2012,0.03445,0.03479
Week 4,28 Feb 2012,0.03449,0.03485

Week 1,06 Mar 2012,0.03506,0.03542
Week 2,13 Mar 2012,0.03516,0.03557
Week 3,20 Mar 2012,0.03481,0.03532
Week 4,27 Mar 2012,0.03484,0.03525

Week 1,03 Apr 2012,0.03507,0.03542
Week 2,10 Apr 2012,0.03490,0.03528
Week 3,17 Apr 2012,0.03532,0.03565
Week 4,24 Apr 2012,0.03522,0.03556

Week 1,01 May 2012,0.03540,0.03588
Week 2,08 May 2012,0.03601,0.03637
Week 3,15 May 2012,0.03643,0.03679
Week 4,22 May 2012,0.03611,0.03648

Week 1,29 May 2012,0.03580,0.03615
Week 2,05 Jun 2012,0.03639,0.03689
Week 3,12 Jun 2012,0.03672,0.03712
Week 4,19 Jun 2012,0.03616,0.03648

Week 1,26 Jun 2012,0.03626,0.03662
Week 2,03 Jul 2012,0.03636,0.03670
Week 3,10 Jul 2012,0.03674,0.03695
Week 4,17 Jul 2012,0.03668,0.03691

Week 1,24 Jul 2012,0.03640,0.03659
Week 2,31 Jul 2012,0.03661,0.03681
Week 3,07 Aug 2012,0.03657,0.03675
Week 4,14 Aug 2012,0.03622,0.03638

Week 1,21 Aug 2012,0.03640,0.03664
Week 2,28 Aug 2012,0.03658,0.03682
Week 3,04 Sep 2012,0.03656,0.03680
Week 4,11 Sep 2012,0.03680,0.03704

Week 1,18 Sep 2012,0.03766,0.03790
Week 2,25 Sep 2012,0.03822,0.03847
Week 3,02 Oct 2012,0.03881,0.03913
Week 4,09 Oct 2012,0.03858,0.03890

Week 1,16 Oct 2012,0.03804,0.03825
Week 2,23 Oct 2012,0.03765,0.03784
Week 3,30 Oct 2012,0.03760,0.03779
Week 4,06 Nov 2012,0.03736,0.03757

Week 1,13 Nov 2012,0.03749,0.03770
Week 2,20 Nov 2012,0.03773,0.03794
Week 3,27 Nov 2012,0.03817,0.03835
Week 4,04 Dec 2012,0.03842,0.03861

Week 1,11 Dec 2012,0.03819,0.03837
Week 2,18 Dec 2012,0.03770,0.03805
Week 3,25 Dec 2012,0.03739,0.03756
Week 4,01 Jan 2013,0.03727,0.03746

Week 1,08 Jan 2013,0.03698,0.03716
Week 2,15 Jan 2013,0.03750,0.03774
Week 3,22 Jan 2013,0.03782,0.03802
Week 4,29 Jan 2013,0.03723,0.03749

Week 1,05 Feb 2013,0.03699,0.03717
Week 2,12 Feb 2013,0.03630,0.03651
Week 3,19 Feb 2013,0.03607,0.03632
Week 4,26 Feb 2013,0.03619,0.03644

Week 1,05 Mar 2013,0.03579,0.03598
Week 2,12 Mar 2013,0.03625,0.03646
Week 3,19 Mar 2013,0.03665,0.03687
Week 4,26 Mar 2013,0.03696,0.03719

Week 1,02 Apr 2013,0.03672,0.03695
Week 2,09 Apr 2013,0.03617,0.03648
Week 3,16 Apr 2013,0.03696,0.03721
Week 4,23 Apr 2013,0.03701,0.03726

Week 1,30 Apr 2013,0.03731,0.03755
Week 2,07 May 2013,0.03702,0.03724
Week 3,14 May 2013,0.03679,0.03707
Week 4,21 May 2013,0.03671,0.03695

Week 1,28 May 2013,0.03716,0.03738
Week 2,04 Jun 2013,0.03735,0.03760
Week 3,11 Jun 2013,0.03689,0.03710
Week 4,18 Jun 2013,0.03729,0.03749

Week 1,25 Jun 2013,0.03688,0.03716
Week 2,02 Jul 2013,0.03723,0.03740
Week 3,09 Jul 2013,0.03757,0.03775
Week 4,16 Jul 2013,0.03750,0.03766

Week 1,23 Jul 2013,0.03771,0.03791
Week 2,30 Jul 2013,0.03748,0.03768
Week 3,06 Aug 2013,0.03743,0.03758
Week 4,13 Aug 2013,0.03769,0.03786

Week 1,20 Aug 2013,0.03737,0.03761
Week 2,27 Aug 2013,0.03545,0.03571
Week 3,03 Sep 2013,0.03536,0.03561
Week 4,10 Sep 2013,0.03566,0.03599

Week 1,17 Sep 2013,0.03556,0.03583
Week 2,24 Sep 2013,0.03554,0.03581
Week 3,01 Oct 2013,0.03568,0.03597
Week 4,08 Oct 2013,0.03575,0.03604

Week 1,15 Oct 2013,0.03550,0.03575
Week 2,22 Oct 2013,0.03560,0.03580
Week 3,29 Oct 2013,0.03591,0.03612
Week 4,05 Nov 2013,0.03647,0.03673

Week 1,12 Nov 2013,0.03667,0.03687
Week 2,19 Nov 2013,0.03646,0.03664
Week 3,26 Nov 2013,0.03707,0.03728
Week 4,03 Dec 2013,0.03808,0.03829

Week 1,10 Dec 2013,0.03769,0.03795
Week 2,17 Dec 2013,0.03789,0.03810
Week 3,24 Dec 2013,0.03797,0.03823
Week 4,31 Dec 2013,0.03812,0.03841

Week 1,07 Jan 2014,0.03835,0.03855
Week 2,14 Jan 2014,0.03829,0.03852
Week 3,21 Jan 2014,0.03823,0.03848
Week 4,28 Jan 2014,0.03850,0.03874

Week 1,04 Feb 2014,0.03841,0.03866
Week 2,11 Feb 2014,0.03863,0.03888
Week 3,18 Feb 2014,0.03821,0.03844
Week 4,25 Feb 2014,0.03771,0.03792

Week 1,04 Mar 2014,0.03793,0.03814
Week 2,11 Mar 2014,0.03833,0.03857
Week 3,18 Mar 2014,0.03808,0.03835
Week 4,25 Mar 2014,0.03793,0.03815

Week 1,01 Apr 2014,0.03761,0.03789
Week 2,08 Apr 2014,0.03655,0.03678
Week 3,15 Apr 2014,0.03684,0.03708
Week 4,22 Apr 2014,0.03662,0.03684

Week 1,29 Apr 2014,0.03688,0.03711
Week 2,06 May 2014,0.03698,0.03720
Week 3,13 May 2014,0.03737,0.03758
Week 4,20 May 2014,0.03781,0.03803

Week 1,27 May 2014,0.03782,0.03802
Week 2,03 Jun 2014,0.03819,0.03842
Week 3,10 Jun 2014,0.03745,0.03768
Week 4,17 Jun 2014,0.03707,0.03726

Week 1,24 Jun 2014,0.03668,0.03685
Week 2,01 Jul 2014,0.03690,0.03709
Week 3,08 Jul 2014,0.03694,0.03716
Week 4,15 Jul 2014,0.03694,0.03717

Week 1,22 Jul 2014,0.03693,0.03716
Week 2,29 Jul 2014,0.03702,0.03724
Week 3,05 Aug 2014,0.03712,0.03733
Week 4,12 Aug 2014,0.03712,0.03734

Week 1,19 Aug 2014,0.03726,0.03751
Week 2,26 Aug 2014,0.03715,0.03744
Week 3,02 Sep 2014,0.03694,0.03728
Week 4,09 Sep 2014,0.03747,0.03779

Week 1,16 Sep 2014,0.03855,0.03877
Week 2,23 Sep 2014,0.03930,0.03962
Week 3,30 Sep 2014,0.03981,0.04002
Week 4,07 Oct 2014,0.03922,0.03952

Week 1,14 Oct 2014,0.03952,0.03972
Week 2,21 Oct 2014,0.04033,0.04052
Week 3,28 Oct 2014,0.04011,0.04033
Week 4,04 Nov 2014,0.04108,0.04145

Week 1,11 Nov 2014,0.04174,0.04201
Week 2,18 Nov 2014,0.04145,0.04163
Week 3,25 Nov 2014,0.04077,0.04111
Week 4,02 Dec 2014,0.04156,0.04174

Week 1,09 Dec 2014,0.04207,0.04227
Week 2,16 Dec 2014,0.04217,0.04235
Week 3,23 Dec 2014,0.04207,0.04225
Week 4,30 Dec 2014,0.04213,0.04233

Week 1,06 Jan 2015,0.04243,0.04263
Week 2,13 Jan 2015,0.04255,0.04276
Week 3,20 Jan 2015,0.04216,0.04237
Week 4,27 Jan 2015,0.04236,0.04257

Week 1,03 Feb 2015,0.04420,0.04441
Week 2,10 Feb 2015,0.04531,0.04554
Week 3,17 Feb 2015,0.04574,0.04594
Week 4,24 Feb 2015,0.04619,0.04641

Week 1,03 Mar 2015,0.04770,0.04793
Week 2,10 Mar 2015,0.05031,0.05054
Week 3,17 Mar 2015,0.05180,0.05202
Week 4,24 Mar 2015,0.05098,0.05122

Week 1,31 Mar 2015,0.05078,0.05108
Week 2,07 Apr 2015,0.04947,0.04976
Week 3,14 Apr 2015,0.04888,0.04916
Week 4,21 Apr 2015,0.04728,0.04754

Week 1,28 Apr 2015,0.04667,0.04693
Week 2,05 May 2015,0.04734,0.04758
Week 3,12 May 2015,0.04711,0.04736
Week 4,19 May 2015,0.04771,0.04796

Week 1,26 May 2015,0.04922,0.04951
Week 2,02 Jun 2015,0.04913,0.04939
Week 3,09 Jun 2015,0.04852,0.04876
Week 4,16 Jun 2015,0.04835,0.04860

Week 1,23 Jun 2015,0.04880,0.04907
Week 2,30 Jun 2015,0.04918,0.04948
Week 3,07 Jul 2015,0.05008,0.05036
Week 4,14 Jul 2015,0.04978,0.05003

Week 1,21 Jul 2015,0.05107,0.05132
Week 2,28 Jul 2015,0.05266,0.05293
Week 3,04 Aug 2015,0.05456,0.05481
Week 4,11 Aug 2015,0.05370,0.05398

Week 1,18 Aug 2015,0.05295,0.05321
Week 2,25 Aug 2015,0.05376,0.05402
Week 3,01 Sep 2015,0.05616,0.05645
Week 4,08 Sep 2015,0.05765,0.05793

Week 1,15 Sep 2015,0.05860,0.05889
Week 2,22 Sep 2015,0.06103,0.06134
Week 3,29 Sep 2015,0.06064,0.06094
Week 4,06 Oct 2015,0.05889,0.05918

Week 1,13 Oct 2015,0.05916,0.05943
Week 2,20 Oct 2015,0.05995,0.06025
Week 3,27 Oct 2015,0.05943,0.05972
Week 4,03 Nov 2015,0.05759,0.05785

Week 1,10 Nov 2015,0.05742,0.05767
Week 2,17 Nov 2015,0.05686,0.05712
Week 3,24 Nov 2015,0.05647,0.05675
Week 4,01 Dec 2015,0.05695,0.05724

Week 1,08 Dec 2015,0.05684,0.05708
Week 2,15 Dec 2015,0.05875,0.05901
Week 3,22 Dec 2015,0.05998,0.06020
Week 4,29 Dec 2015,0.05932,0.05954

Week 1,05 Jan 2016,0.06026,0.06053
Week 2,12 Jan 2016,0.05985,0.06011
Week 3,19 Jan 2016,0.06028,0.06055
Week 4,26 Jan 2016,0.05965,0.05990

Week 1,02 Feb 2016,0.05787,0.05813
Week 2,09 Feb 2016,0.05788,0.05815
Week 3,16 Feb 2016,0.05855,0.05881
Week 4,23 Feb 2016,0.05775,0.05799

Week 1,01 Mar 2016,0.05712,0.05739
Week 2,08 Mar 2016,0.05469,0.05493
Week 3,15 Mar 2016,0.05468,0.05494
Week 4,22 Mar 2016,0.05458,0.05486

Week 1,29 Mar 2016,0.05421,0.05447
Week 2,05 Apr 2016,0.05441,0.05467
Week 3,12 Apr 2016,0.05277,0.05301
Week 4,19 Apr 2016,0.05333,0.05360

Week 1,26 Apr 2016,0.05244,0.05270
Week 2,03 May 2016,0.05269,0.05293
Week 3,10 May 2016,0.05227,0.05253
Week 4,17 May 2016,0.05257,0.05284

Week 1,24 May 2016,0.05317,0.05343
Week 2,31 May 2016,0.05306,0.05331
Week 3,07 Jun 2016,0.05127,0.05151
Week 4,14 Jun 2016,0.05124,0.05150

Week 1,21 Jun 2016,0.04976,0.05000
Week 2,28 Jun 2016,0.04835,0.04858
Week 3,05 Jul 2016,0.04893,0.04917
Week 4,12 Jul 2016,0.04882,0.04908

Week 1,19 Jul 2016,0.04845,0.04870
Week 2,26 Jul 2016,0.04861,0.04885
Week 3,02 Aug 2016,0.04807,0.04830
Week 4,09 Aug 2016,0.04724,0.04746

Week 1,16 Aug 2016,0.04778,0.04799
Week 2,23 Aug 2016,0.04806,0.04826
Week 3,30 Aug 2016,0.04843,0.04862
Week 4,06 Sep 2016,0.04854,0.04872

Week 1,13 Sep 2016,0.04899,0.04919
Week 2,20 Sep 2016,0.04841,0.04859
Week 3,27 Sep 2016,0.04864,0.04882
Week 4,04 Oct 2016,0.04842,0.04862

Week 1,11 Oct 2016,0.04792,0.04811
Week 2,18 Oct 2016,0.04739,0.04757
Week 3,25 Oct 2016,0.04719,0.04738
Week 4,01 Nov 2016,0.04839,0.04858

Week 1,08 Nov 2016,0.04913,0.04934
Week 2,15 Nov 2016,0.05018,0.05037
Week 3,22 Nov 2016,0.04962,0.04981
Week 4,29 Nov 2016,0.05041,0.05061

Week 1,06 Dec 2016,0.05023,0.05042
Week 2,13 Dec 2016,0.04971,0.04989
Week 3,20 Dec 2016,0.04881,0.04900
Week 4,27 Dec 2016,0.04795,0.04814

Week 1,03 Jan 2017,0.04747,0.04766
Week 2,10 Jan 2017,0.04692,0.04710
Week 3,17 Jan 2017,0.04694,0.04713
Week 4,24 Jan 2017,0.04630,0.04649

Week 1,31 Jan 2017,0.04631,0.04649
Week 2,07 Feb 2017,0.04646,0.04664
Week 3,14 Feb 2017,0.04609,0.04627
Week 4,21 Feb 2017,0.04616,0.04633

Week 1,28 Feb 2017,0.04661,0.04679
Week 2,07 Mar 2017,0.04709,0.04727
Week 3,14 Mar 2017,0.04748,0.04767
Week 4,21 Mar 2017,0.04735,0.04754

Week 1,28 Mar 2017,0.04811,0.04830
Week 2,04 Apr 2017,0.04824,0.04843
Week 3,11 Apr 2017,0.04856,0.04875
Week 4,18 Apr 2017,0.04838,0.04858

Week 1,25 Apr 2017,0.04912,0.04932
Week 2,02 May 2017,0.04928,0.04948
Week 3,09 May 2017,0.04896,0.04915
Week 4,16 May 2017,0.04956,0.04975

Week 1,23 May 2017,0.05048,0.05066
Week 2,30 May 2017,0.05035,0.05054
Week 3,06 Jun 2017,0.05085,0.05103
Week 4,13 Jun 2017,0.05101,0.05119

Week 1,20 Jun 2017,0.05142,0.05166
Week 2,27 Jun 2017,0.05104,0.05123
Week 3,04 Jul 2017,0.05078,0.05097
Week 4,11 Jul 2017,0.04988,0.05004

Week 1,18 Jul 2017,0.04890,0.04905
Week 2,25 Jul 2017,0.04889,0.04907
Week 3,01 Aug 2017,0.04891,0.04907
Week 4,08 Aug 2017,0.04930,0.04945

Week 1,15 Aug 2017,0.04930,0.04945
Week 2,22 Aug 2017,0.04921,0.04937
Week 3,29 Aug 2017,0.04925,0.04940
Week 4,05 Sep 2017,0.04851,0.04866

Week 1,12 Sep 2017,0.04854,0.04871
Week 2,19 Sep 2017,0.04832,0.04847
Week 3,26 Sep 2017,0.04833,0.04845
Week 4,03 Oct 2017,0.04807,0.04820

Week 1,10 Oct 2017,0.04853,0.04866
Week 2,17 Oct 2017,0.04875,0.04889
Week 3,24 Oct 2017,0.04980,0.04993
Week 4,31 Oct 2017,0.05066,0.05080

Week 1,07 Nov 2017,0.05011,0.05026
Week 2,14 Nov 2017,0.05022,0.05035
Week 3,21 Nov 2017,0.04996,0.05012
Week 4,28 Nov 2017,0.05024,0.05037

Week 1,05 Dec 2017,0.05028,0.05041

