IND->TRY

Week 1,01 Dec 1998,0.00713,0.00715
Week 2,08 Dec 1998,0.00716,0.00718
Week 3,15 Dec 1998,0.00724,0.00725
Week 4,22 Dec 1998,0.00735,0.00737

Week 1,29 Dec 1998,0.00741,0.00742
Week 2,05 Jan 1999,0.00750,0.00751
Week 3,12 Jan 1999,0.00759,0.00761
Week 4,19 Jan 1999,0.00770,0.00772

Week 1,26 Jan 1999,0.00780,0.00781
Week 2,02 Feb 1999,0.00793,0.00795
Week 3,09 Feb 1999,0.00802,0.00803
Week 4,16 Feb 1999,0.00816,0.00818

Week 1,23 Feb 1999,0.00827,0.00830
Week 2,02 Mar 1999,0.00842,0.00844
Week 3,09 Mar 1999,0.00849,0.00851
Week 4,16 Mar 1999,0.00859,0.00860

Week 1,23 Mar 1999,0.00871,0.00874
Week 2,30 Mar 1999,0.00881,0.00884
Week 3,06 Apr 1999,0.00882,0.00884
Week 4,13 Apr 1999,0.00890,0.00893

Week 1,20 Apr 1999,0.00902,0.00904
Week 2,27 Apr 1999,0.00910,0.00912
Week 3,04 May 1999,0.00914,0.00915
Week 4,11 May 1999,0.00924,0.00925

Week 1,18 May 1999,0.00933,0.00935
Week 2,25 May 1999,0.00942,0.00944
Week 3,01 Jun 1999,0.00948,0.00950
Week 4,08 Jun 1999,0.00951,0.00953

Week 1,15 Jun 1999,0.00962,0.00964
Week 2,22 Jun 1999,0.00963,0.00965
Week 3,29 Jun 1999,0.00972,0.00974
Week 4,06 Jul 1999,0.00987,0.00989

Week 1,13 Jul 1999,0.00997,0.00998
Week 2,20 Jul 1999,0.00990,0.00992
Week 3,27 Jul 1999,0.00989,0.00990
Week 4,03 Aug 1999,0.00992,0.00993

Week 1,10 Aug 1999,0.01001,0.01003
Week 2,17 Aug 1999,0.01010,0.01012
Week 3,24 Aug 1999,0.01024,0.01026
Week 4,31 Aug 1999,0.01026,0.01028

Week 1,07 Sep 1999,0.01037,0.01039
Week 2,14 Sep 1999,0.01052,0.01054
Week 3,21 Sep 1999,0.01058,0.01060
Week 4,28 Sep 1999,0.01057,0.01059

Week 1,05 Oct 1999,0.01066,0.01068
Week 2,12 Oct 1999,0.01074,0.01076
Week 3,19 Oct 1999,0.01089,0.01091
Week 4,26 Oct 1999,0.01106,0.01108

Week 1,02 Nov 1999,0.01118,0.01119
Week 2,09 Nov 1999,0.01142,0.01144
Week 3,16 Nov 1999,0.01156,0.01158
Week 4,23 Nov 1999,0.01178,0.01179

Week 1,30 Nov 1999,0.01186,0.01187
Week 2,07 Dec 1999,0.01201,0.01203
Week 3,14 Dec 1999,0.01219,0.01221
Week 4,21 Dec 1999,0.01232,0.01234

Week 1,28 Dec 1999,0.01245,0.01248
Week 2,04 Jan 2000,0.01237,0.01239
Week 3,11 Jan 2000,0.01245,0.01247
Week 4,18 Jan 2000,0.01256,0.01259

Week 1,25 Jan 2000,0.01272,0.01274
Week 2,01 Feb 2000,0.01284,0.01286
Week 3,08 Feb 2000,0.01286,0.01289
Week 4,15 Feb 2000,0.01294,0.01296

Week 1,22 Feb 2000,0.01298,0.01300
Week 2,29 Feb 2000,0.01318,0.01321
Week 3,07 Mar 2000,0.01326,0.01329
Week 4,14 Mar 2000,0.01327,0.01330

Week 1,21 Mar 2000,0.01334,0.01336
Week 2,28 Mar 2000,0.01347,0.01349
Week 3,04 Apr 2000,0.01351,0.01354
Week 4,11 Apr 2000,0.01353,0.01356

Week 1,18 Apr 2000,0.01355,0.01357
Week 2,25 Apr 2000,0.01391,0.01394
Week 3,02 May 2000,0.01410,0.01412
Week 4,09 May 2000,0.01403,0.01406

Week 1,16 May 2000,0.01411,0.01415
Week 2,23 May 2000,0.01399,0.01406
Week 3,30 May 2000,0.01388,0.01396
Week 4,06 Jun 2000,0.01383,0.01391

Week 1,13 Jun 2000,0.01368,0.01372
Week 2,20 Jun 2000,0.01386,0.01390
Week 3,27 Jun 2000,0.01388,0.01394
Week 4,04 Jul 2000,0.01391,0.01394

Week 1,11 Jul 2000,0.01400,0.01402
Week 2,18 Jul 2000,0.01404,0.01407
Week 3,25 Jul 2000,0.01409,0.01413
Week 4,01 Aug 2000,0.01411,0.01417

Week 1,08 Aug 2000,0.01407,0.01413
Week 2,15 Aug 2000,0.01404,0.01412
Week 3,22 Aug 2000,0.01414,0.01421
Week 4,29 Aug 2000,0.01423,0.01428

Week 1,05 Sep 2000,0.01443,0.01450
Week 2,12 Sep 2000,0.01456,0.01463
Week 3,19 Sep 2000,0.01445,0.01452
Week 4,26 Sep 2000,0.01442,0.01449

Week 1,03 Oct 2000,0.01448,0.01456
Week 2,10 Oct 2000,0.01452,0.01458
Week 3,17 Oct 2000,0.01467,0.01473
Week 4,24 Oct 2000,0.01468,0.01474

Week 1,31 Oct 2000,0.01453,0.01459
Week 2,07 Nov 2000,0.01456,0.01461
Week 3,14 Nov 2000,0.01460,0.01465
Week 4,21 Nov 2000,0.01473,0.01477

Week 1,28 Nov 2000,0.01458,0.01463
Week 2,05 Dec 2000,0.01450,0.01454
Week 3,12 Dec 2000,0.01453,0.01457
Week 4,19 Dec 2000,0.01442,0.01448

Week 1,26 Dec 2000,0.01434,0.01439
Week 2,02 Jan 2001,0.01423,0.01428
Week 3,09 Jan 2001,0.01429,0.01434
Week 4,16 Jan 2001,0.01445,0.01450

Week 1,23 Jan 2001,0.01455,0.01459
Week 2,30 Jan 2001,0.01455,0.01459
Week 3,06 Feb 2001,0.01461,0.01466
Week 4,13 Feb 2001,0.01469,0.01474

Week 1,20 Feb 2001,0.01472,0.01477
Week 2,27 Feb 2001,0.01912,0.01990
Week 3,06 Mar 2001,0.01868,0.02050
Week 4,13 Mar 2001,0.02057,0.02173

Week 1,20 Mar 2001,0.02079,0.02133
Week 2,27 Mar 2001,0.02138,0.02252
Week 3,03 Apr 2001,0.02545,0.02595
Week 4,10 Apr 2001,0.02557,0.02642

Week 1,17 Apr 2001,0.02590,0.02648
Week 2,24 Apr 2001,0.02496,0.02554
Week 3,01 May 2001,0.02410,0.02491
Week 4,08 May 2001,0.02430,0.02481

Week 1,15 May 2001,0.02371,0.02414
Week 2,22 May 2001,0.02354,0.02396
Week 3,29 May 2001,0.02408,0.02475
Week 4,05 Jun 2001,0.02445,0.02496

Week 1,12 Jun 2001,0.02534,0.02578
Week 2,19 Jun 2001,0.02665,0.02734
Week 3,26 Jun 2001,0.02668,0.02724
Week 4,03 Jul 2001,0.02725,0.02829

Week 1,10 Jul 2001,0.02797,0.02900
Week 2,17 Jul 2001,0.02815,0.02880
Week 3,24 Jul 2001,0.02775,0.02839
Week 4,31 Jul 2001,0.02803,0.02877

Week 1,07 Aug 2001,0.02902,0.02951
Week 2,14 Aug 2001,0.02960,0.03034
Week 3,21 Aug 2001,0.03069,0.03102
Week 4,28 Aug 2001,0.02906,0.02957

Week 1,04 Sep 2001,0.02960,0.03008
Week 2,11 Sep 2001,0.03072,0.03092
Week 3,18 Sep 2001,0.03129,0.03217
Week 4,25 Sep 2001,0.03164,0.03290

Week 1,02 Oct 2001,0.03248,0.03374
Week 2,09 Oct 2001,0.03272,0.03399
Week 3,16 Oct 2001,0.03345,0.03474
Week 4,23 Oct 2001,0.03296,0.03424

Week 1,30 Oct 2001,0.03239,0.03366
Week 2,06 Nov 2001,0.03179,0.03314
Week 3,13 Nov 2001,0.03132,0.03262
Week 4,20 Nov 2001,0.03040,0.03153

Week 1,27 Nov 2001,0.03023,0.03152
Week 2,04 Dec 2001,0.02989,0.03120
Week 3,11 Dec 2001,0.02945,0.03072
Week 4,18 Dec 2001,0.03011,0.03139

Week 1,25 Dec 2001,0.02974,0.03102
Week 2,01 Jan 2002,0.02898,0.03024
Week 3,08 Jan 2002,0.02817,0.02944
Week 4,15 Jan 2002,0.02753,0.02886

Week 1,22 Jan 2002,0.02726,0.02860
Week 2,29 Jan 2002,0.02657,0.02788
Week 3,05 Feb 2002,0.02712,0.02842
Week 4,12 Feb 2002,0.02725,0.02852

Week 1,19 Feb 2002,0.02773,0.02901
Week 2,26 Feb 2002,0.02799,0.02930
Week 3,05 Mar 2002,0.02753,0.02882
Week 4,12 Mar 2002,0.02724,0.02853

Week 1,19 Mar 2002,0.02706,0.02835
Week 2,26 Mar 2002,0.02683,0.02810
Week 3,02 Apr 2002,0.02643,0.02768
Week 4,09 Apr 2002,0.02607,0.02734

Week 1,16 Apr 2002,0.02606,0.02730
Week 2,23 Apr 2002,0.02686,0.02816
Week 3,30 Apr 2002,0.02706,0.02830
Week 4,07 May 2002,0.02754,0.02879

Week 1,14 May 2002,0.02848,0.02970
Week 2,21 May 2002,0.02837,0.02957
Week 3,28 May 2002,0.02852,0.02972
Week 4,04 Jun 2002,0.02898,0.03025

Week 1,11 Jun 2002,0.03089,0.03218
Week 2,18 Jun 2002,0.03140,0.03269
Week 3,25 Jun 2002,0.03204,0.03330
Week 4,02 Jul 2002,0.03239,0.03360

Week 1,09 Jul 2002,0.03362,0.03485
Week 2,16 Jul 2002,0.03361,0.03480
Week 3,23 Jul 2002,0.03405,0.03524
Week 4,30 Jul 2002,0.03368,0.03489

Week 1,06 Aug 2002,0.03316,0.03433
Week 2,13 Aug 2002,0.03314,0.03430
Week 3,20 Aug 2002,0.03314,0.03431
Week 4,27 Aug 2002,0.03305,0.03424

Week 1,03 Sep 2002,0.03290,0.03416
Week 2,10 Sep 2002,0.03378,0.03498
Week 3,17 Sep 2002,0.03381,0.03498
Week 4,24 Sep 2002,0.03370,0.03488

Week 1,01 Oct 2002,0.03343,0.03466
Week 2,08 Oct 2002,0.03350,0.03467
Week 3,15 Oct 2002,0.03361,0.03478
Week 4,22 Oct 2002,0.03405,0.03526

Week 1,29 Oct 2002,0.03421,0.03537
Week 2,05 Nov 2002,0.03320,0.03450
Week 3,12 Nov 2002,0.03289,0.03406
Week 4,19 Nov 2002,0.03228,0.03342

Week 1,26 Nov 2002,0.03158,0.03276
Week 2,03 Dec 2002,0.03152,0.03269
Week 3,10 Dec 2002,0.03149,0.03278
Week 4,17 Dec 2002,0.03299,0.03415

Week 1,24 Dec 2002,0.03387,0.03511
Week 2,31 Dec 2002,0.03362,0.03495
Week 3,07 Jan 2003,0.03426,0.03552
Week 4,14 Jan 2003,0.03427,0.03548

Week 1,21 Jan 2003,0.03426,0.03535
Week 2,28 Jan 2003,0.03401,0.03510
Week 3,04 Feb 2003,0.03375,0.03496
Week 4,11 Feb 2003,0.03400,0.03513

Week 1,18 Feb 2003,0.03344,0.03478
Week 2,25 Feb 2003,0.03310,0.03423
Week 3,04 Mar 2003,0.03349,0.03465
Week 4,11 Mar 2003,0.03360,0.03473

Week 1,18 Mar 2003,0.03547,0.03659
Week 2,25 Mar 2003,0.03543,0.03666
Week 3,01 Apr 2003,0.03471,0.03605
Week 4,08 Apr 2003,0.03418,0.03533

Week 1,15 Apr 2003,0.03352,0.03469
Week 2,22 Apr 2003,0.03332,0.03439
Week 3,29 Apr 2003,0.03248,0.03355
Week 4,06 May 2003,0.03159,0.03273

Week 1,13 May 2003,0.03110,0.03243
Week 2,20 May 2003,0.03097,0.03205
Week 3,27 May 2003,0.03011,0.03124
Week 4,03 Jun 2003,0.02994,0.03111

Week 1,10 Jun 2003,0.02991,0.03103
Week 2,17 Jun 2003,0.03006,0.03109
Week 3,24 Jun 2003,0.03027,0.03131
Week 4,01 Jul 2003,0.02963,0.03078

Week 1,08 Jul 2003,0.02970,0.03101
Week 2,15 Jul 2003,0.02951,0.03072
Week 3,22 Jul 2003,0.02988,0.03114
Week 4,29 Jul 2003,0.03039,0.03161

Week 1,05 Aug 2003,0.02983,0.03119
Week 2,12 Aug 2003,0.02998,0.03104
Week 3,19 Aug 2003,0.02991,0.03101
Week 4,26 Aug 2003,0.02992,0.03106

Week 1,02 Sep 2003,0.02969,0.03087
Week 2,09 Sep 2003,0.02950,0.03082
Week 3,16 Sep 2003,0.02922,0.03048
Week 4,23 Sep 2003,0.02926,0.03041

Week 1,30 Sep 2003,0.03010,0.03137
Week 2,07 Oct 2003,0.02997,0.03112
Week 3,14 Oct 2003,0.03082,0.03220
Week 4,21 Oct 2003,0.03204,0.03314

Week 1,28 Oct 2003,0.03251,0.03368
Week 2,04 Nov 2003,0.03222,0.03355
Week 3,11 Nov 2003,0.03198,0.03319
Week 4,18 Nov 2003,0.03164,0.03272

Week 1,25 Nov 2003,0.03140,0.03242
Week 2,02 Dec 2003,0.03127,0.03228
Week 3,09 Dec 2003,0.03103,0.03221
Week 4,16 Dec 2003,0.03097,0.03195

Week 1,23 Dec 2003,0.03093,0.03192
Week 2,30 Dec 2003,0.03018,0.03120
Week 3,06 Jan 2004,0.02947,0.03043
Week 4,13 Jan 2004,0.02917,0.03027

Week 1,20 Jan 2004,0.02879,0.03002
Week 2,27 Jan 2004,0.02889,0.03025
Week 3,03 Feb 2004,0.02895,0.03011
Week 4,10 Feb 2004,0.02857,0.02993

Week 1,17 Feb 2004,0.02883,0.02993
Week 2,24 Feb 2004,0.02862,0.03004
Week 3,02 Mar 2004,0.02869,0.02981
Week 4,09 Mar 2004,0.02861,0.02979

Week 1,16 Mar 2004,0.02864,0.02976
Week 2,23 Mar 2004,0.02900,0.03008
Week 3,30 Mar 2004,0.02931,0.03072
Week 4,06 Apr 2004,0.03002,0.03114

Week 1,13 Apr 2004,0.03049,0.03167
Week 2,20 Apr 2004,0.03071,0.03183
Week 3,27 Apr 2004,0.03149,0.03261
Week 4,04 May 2004,0.03258,0.03380

Week 1,11 May 2004,0.03336,0.03446
Week 2,18 May 2004,0.03366,0.03475
Week 3,25 May 2004,0.03277,0.03378
Week 4,01 Jun 2004,0.03270,0.03371

Week 1,08 Jun 2004,0.03257,0.03360
Week 2,15 Jun 2004,0.03233,0.03340
Week 3,22 Jun 2004,0.03195,0.03307
Week 4,29 Jun 2004,0.03140,0.03270

Week 1,06 Jul 2004,0.03102,0.03207
Week 2,13 Jul 2004,0.03063,0.03173
Week 3,20 Jul 2004,0.03106,0.03211
Week 4,27 Jul 2004,0.03141,0.03241

Week 1,03 Aug 2004,0.03111,0.03216
Week 2,10 Aug 2004,0.03105,0.03209
Week 3,17 Aug 2004,0.03117,0.03233
Week 4,24 Aug 2004,0.03219,0.03319

Week 1,31 Aug 2004,0.03203,0.03317
Week 2,07 Sep 2004,0.03179,0.03296
Week 3,14 Sep 2004,0.03239,0.03339
Week 4,21 Sep 2004,0.03232,0.03332

Week 1,28 Sep 2004,0.03212,0.03341
Week 2,05 Oct 2004,0.03226,0.03331
Week 3,12 Oct 2004,0.03196,0.03313
Week 4,19 Oct 2004,0.03202,0.03275

Week 1,26 Oct 2004,0.03214,0.03273
Week 2,02 Nov 2004,0.03228,0.03244
Week 3,09 Nov 2004,0.03213,0.03251
Week 4,16 Nov 2004,0.03194,0.03233

Week 1,23 Nov 2004,0.03138,0.03212
Week 2,30 Nov 2004,0.03183,0.03213
Week 3,07 Dec 2004,0.03205,0.03239
Week 4,14 Dec 2004,0.03191,0.03224

Week 1,21 Dec 2004,0.03152,0.03169
Week 2,28 Dec 2004,0.03072,0.03128
Week 3,04 Jan 2005,0.03149,0.03170
Week 4,11 Jan 2005,0.03110,0.03129

Week 1,18 Jan 2005,0.03072,0.03096
Week 2,25 Jan 2005,0.03047,0.03066
Week 3,01 Feb 2005,0.03032,0.03058
Week 4,08 Feb 2005,0.03023,0.03048

Week 1,15 Feb 2005,0.02988,0.03010
Week 2,22 Feb 2005,0.02961,0.02983
Week 3,01 Mar 2005,0.02895,0.02927
Week 4,08 Mar 2005,0.02888,0.02932

Week 1,15 Mar 2005,0.02999,0.03034
Week 2,22 Mar 2005,0.03086,0.03106
Week 3,29 Mar 2005,0.03110,0.03135
Week 4,05 Apr 2005,0.03083,0.03107

Week 1,12 Apr 2005,0.03096,0.03114
Week 2,19 Apr 2005,0.03101,0.03122
Week 3,26 Apr 2005,0.03151,0.03182
Week 4,03 May 2005,0.03101,0.03142

Week 1,10 May 2005,0.03135,0.03181
Week 2,17 May 2005,0.03147,0.03189
Week 3,24 May 2005,0.03151,0.03193
Week 4,31 May 2005,0.03095,0.03140

Week 1,07 Jun 2005,0.03116,0.03158
Week 2,14 Jun 2005,0.03121,0.03159
Week 3,21 Jun 2005,0.03095,0.03140
Week 4,28 Jun 2005,0.03059,0.03101

Week 1,05 Jul 2005,0.03076,0.03108
Week 2,12 Jul 2005,0.03045,0.03086
Week 3,19 Jul 2005,0.03061,0.03096
Week 4,26 Jul 2005,0.03052,0.03097

Week 1,02 Aug 2005,0.03021,0.03044
Week 2,09 Aug 2005,0.03056,0.03082
Week 3,16 Aug 2005,0.03134,0.03155
Week 4,23 Aug 2005,0.03112,0.03132

Week 1,30 Aug 2005,0.03046,0.03077
Week 2,06 Sep 2005,0.03032,0.03058
Week 3,13 Sep 2005,0.03047,0.03074
Week 4,20 Sep 2005,0.03062,0.03080

Week 1,27 Sep 2005,0.03056,0.03076
Week 2,04 Oct 2005,0.03041,0.03065
Week 3,11 Oct 2005,0.03029,0.03055
Week 4,18 Oct 2005,0.03019,0.03043

Week 1,25 Oct 2005,0.02993,0.03017
Week 2,01 Nov 2005,0.02979,0.03002
Week 3,08 Nov 2005,0.02971,0.02994
Week 4,15 Nov 2005,0.02968,0.02989

Week 1,22 Nov 2005,0.02961,0.02980
Week 2,29 Nov 2005,0.02940,0.02961
Week 3,06 Dec 2005,0.02923,0.02950
Week 4,13 Dec 2005,0.02947,0.02974

Week 1,20 Dec 2005,0.02977,0.03004
Week 2,27 Dec 2005,0.02979,0.03000
Week 3,03 Jan 2006,0.02980,0.03001
Week 4,10 Jan 2006,0.03020,0.03048

Week 1,17 Jan 2006,0.03007,0.03035
Week 2,24 Jan 2006,0.02990,0.03020
Week 3,31 Jan 2006,0.02990,0.03021
Week 4,07 Feb 2006,0.02996,0.03027

Week 1,14 Feb 2006,0.02982,0.03013
Week 2,21 Feb 2006,0.02959,0.02989
Week 3,28 Feb 2006,0.02943,0.02975
Week 4,07 Mar 2006,0.03006,0.03039

Week 1,14 Mar 2006,0.02989,0.03021
Week 2,21 Mar 2006,0.02999,0.03034
Week 3,28 Mar 2006,0.03006,0.03049
Week 4,04 Apr 2006,0.02984,0.03025

Week 1,11 Apr 2006,0.02977,0.03019
Week 2,18 Apr 2006,0.02936,0.02979
Week 3,25 Apr 2006,0.02922,0.02965
Week 4,02 May 2006,0.02918,0.02962

Week 1,09 May 2006,0.03024,0.03068
Week 2,16 May 2006,0.03233,0.03277
Week 3,23 May 2006,0.03331,0.03376
Week 4,30 May 2006,0.03376,0.03421

Week 1,06 Jun 2006,0.03371,0.03416
Week 2,13 Jun 2006,0.03444,0.03489
Week 3,20 Jun 2006,0.03600,0.03646
Week 4,27 Jun 2006,0.03473,0.03518

Week 1,04 Jul 2006,0.03379,0.03423
Week 2,11 Jul 2006,0.03375,0.03419
Week 3,18 Jul 2006,0.03324,0.03368
Week 4,25 Jul 2006,0.03218,0.03261

Week 1,01 Aug 2006,0.03175,0.03217
Week 2,08 Aug 2006,0.03109,0.03152
Week 3,15 Aug 2006,0.03106,0.03146
Week 4,22 Aug 2006,0.03149,0.03191

Week 1,29 Aug 2006,0.03141,0.03183
Week 2,05 Sep 2006,0.03160,0.03202
Week 3,12 Sep 2006,0.03170,0.03213
Week 4,19 Sep 2006,0.03223,0.03268

Week 1,26 Sep 2006,0.03271,0.03316
Week 2,03 Oct 2006,0.03266,0.03309
Week 3,10 Oct 2006,0.03236,0.03281
Week 4,17 Oct 2006,0.03217,0.03261

Week 1,24 Oct 2006,0.03194,0.03239
Week 2,31 Oct 2006,0.03227,0.03272
Week 3,07 Nov 2006,0.03215,0.03261
Week 4,14 Nov 2006,0.03201,0.03245

Week 1,21 Nov 2006,0.03261,0.03297
Week 2,28 Nov 2006,0.03251,0.03285
Week 3,05 Dec 2006,0.03210,0.03245
Week 4,12 Dec 2006,0.03172,0.03205

Week 1,19 Dec 2006,0.03183,0.03217
Week 2,26 Dec 2006,0.03191,0.03227
Week 3,02 Jan 2007,0.03197,0.03232
Week 4,09 Jan 2007,0.03217,0.03252

Week 1,16 Jan 2007,0.03198,0.03233
Week 2,23 Jan 2007,0.03201,0.03233
Week 3,30 Jan 2007,0.03187,0.03221
Week 4,06 Feb 2007,0.03167,0.03200

Week 1,13 Feb 2007,0.03152,0.03184
Week 2,20 Feb 2007,0.03114,0.03147
Week 3,27 Feb 2007,0.03189,0.03220
Week 4,06 Mar 2007,0.03197,0.03230

Week 1,13 Mar 2007,0.03179,0.03211
Week 2,20 Mar 2007,0.03162,0.03197
Week 3,27 Mar 2007,0.03198,0.03232
Week 4,03 Apr 2007,0.03179,0.03217

Week 1,10 Apr 2007,0.03198,0.03227
Week 2,17 Apr 2007,0.03200,0.03233
Week 3,24 Apr 2007,0.03231,0.03264
Week 4,01 May 2007,0.03294,0.03314

Week 1,08 May 2007,0.03244,0.03271
Week 2,15 May 2007,0.03244,0.03269
Week 3,22 May 2007,0.03259,0.03280
Week 4,29 May 2007,0.03237,0.03265

Week 1,05 Jun 2007,0.03238,0.03273
Week 2,12 Jun 2007,0.03221,0.03256
Week 3,19 Jun 2007,0.03196,0.03220
Week 4,26 Jun 2007,0.03215,0.03238

Week 1,03 Jul 2007,0.03188,0.03207
Week 2,10 Jul 2007,0.03154,0.03177
Week 3,17 Jul 2007,0.03142,0.03168
Week 4,24 Jul 2007,0.03151,0.03171

Week 1,31 Jul 2007,0.03165,0.03190
Week 2,07 Aug 2007,0.03154,0.03176
Week 3,14 Aug 2007,0.03284,0.03304
Week 4,21 Aug 2007,0.03248,0.03268

Week 1,28 Aug 2007,0.03191,0.03213
Week 2,04 Sep 2007,0.03172,0.03206
Week 3,11 Sep 2007,0.03129,0.03157
Week 4,18 Sep 2007,0.03083,0.03105

Week 1,25 Sep 2007,0.03050,0.03074
Week 2,02 Oct 2007,0.03013,0.03032
Week 3,09 Oct 2007,0.03009,0.03035
Week 4,16 Oct 2007,0.03048,0.03060

Week 1,23 Oct 2007,0.03041,0.03051
Week 2,30 Oct 2007,0.02987,0.03007
Week 3,06 Nov 2007,0.03012,0.03031
Week 4,13 Nov 2007,0.03015,0.03034

Week 1,20 Nov 2007,0.03025,0.03038
Week 2,27 Nov 2007,0.02993,0.03011
Week 3,04 Dec 2007,0.02983,0.02988
Week 4,11 Dec 2007,0.02985,0.02994

Week 1,18 Dec 2007,0.03004,0.03019
Week 2,25 Dec 2007,0.02979,0.02994
Week 3,01 Jan 2008,0.02960,0.02979
Week 4,08 Jan 2008,0.02939,0.02954

Week 1,15 Jan 2008,0.02982,0.02997
Week 2,22 Jan 2008,0.03029,0.03043
Week 3,29 Jan 2008,0.02977,0.02991
Week 4,05 Feb 2008,0.03013,0.03027

Week 1,12 Feb 2008,0.03033,0.03047
Week 2,19 Feb 2008,0.03008,0.03016
Week 3,26 Feb 2008,0.02990,0.03004
Week 4,04 Mar 2008,0.03044,0.03053

Week 1,11 Mar 2008,0.03049,0.03064
Week 2,18 Mar 2008,0.03067,0.03073
Week 3,25 Mar 2008,0.03169,0.03185
Week 4,01 Apr 2008,0.03243,0.03258

Week 1,08 Apr 2008,0.03242,0.03253
Week 2,15 Apr 2008,0.03291,0.03307
Week 3,22 Apr 2008,0.03224,0.03239
Week 4,29 Apr 2008,0.03142,0.03148

Week 1,06 May 2008,0.03055,0.03060
Week 2,13 May 2008,0.02923,0.02939
Week 3,20 May 2008,0.02901,0.02915
Week 4,27 May 2008,0.02870,0.02885

Week 1,03 Jun 2008,0.02895,0.02902
Week 2,10 Jun 2008,0.02914,0.02928
Week 3,17 Jun 2008,0.02861,0.02866
Week 4,24 Jun 2008,0.02855,0.02869

Week 1,01 Jul 2008,0.02855,0.02868
Week 2,08 Jul 2008,0.02828,0.02842
Week 3,15 Jul 2008,0.02803,0.02819
Week 4,22 Jul 2008,0.02831,0.02850

Week 1,29 Jul 2008,0.02758,0.02776
Week 2,05 Aug 2008,0.02771,0.02782
Week 3,12 Aug 2008,0.02756,0.02776
Week 4,19 Aug 2008,0.02723,0.02741

Week 1,26 Aug 2008,0.02700,0.02710
Week 2,02 Sep 2008,0.02735,0.02748
Week 3,09 Sep 2008,0.02734,0.02743
Week 4,16 Sep 2008,0.02739,0.02749

Week 1,23 Sep 2008,0.02667,0.02676
Week 2,30 Sep 2008,0.02716,0.02727
Week 3,07 Oct 2008,0.02847,0.02873
Week 4,14 Oct 2008,0.02912,0.02949

Week 1,21 Oct 2008,0.03168,0.03217
Week 2,28 Oct 2008,0.02982,0.03057
Week 3,04 Nov 2008,0.03126,0.03178
Week 4,11 Nov 2008,0.03244,0.03298

Week 1,18 Nov 2008,0.03297,0.03356
Week 2,25 Nov 2008,0.03112,0.03172
Week 3,02 Dec 2008,0.03141,0.03191
Week 4,09 Dec 2008,0.03153,0.03187

Week 1,16 Dec 2008,0.03135,0.03194
Week 2,23 Dec 2008,0.03050,0.03124
Week 3,30 Dec 2008,0.03070,0.03129
Week 4,06 Jan 2009,0.03102,0.03153

Week 1,13 Jan 2009,0.03226,0.03276
Week 2,20 Jan 2009,0.03341,0.03376
Week 3,27 Jan 2009,0.03296,0.03343
Week 4,03 Feb 2009,0.03321,0.03359

Week 1,10 Feb 2009,0.03333,0.03372
Week 2,17 Feb 2009,0.03377,0.03414
Week 3,24 Feb 2009,0.03328,0.03361
Week 4,03 Mar 2009,0.03372,0.03403

Week 1,10 Mar 2009,0.03316,0.03354
Week 2,17 Mar 2009,0.03253,0.03293
Week 3,24 Mar 2009,0.03216,0.03239
Week 4,31 Mar 2009,0.03173,0.03207

Week 1,07 Apr 2009,0.03118,0.03160
Week 2,14 Apr 2009,0.03179,0.03214
Week 3,21 Apr 2009,0.03231,0.03255
Week 4,28 Apr 2009,0.03176,0.03210

Week 1,05 May 2009,0.03142,0.03170
Week 2,12 May 2009,0.03133,0.03164
Week 3,19 May 2009,0.03219,0.03249
Week 4,26 May 2009,0.03239,0.03298

Week 1,02 Jun 2009,0.03225,0.03276
Week 2,09 Jun 2009,0.03207,0.03243
Week 3,16 Jun 2009,0.03175,0.03226
Week 4,23 Jun 2009,0.03157,0.03207

Week 1,30 Jun 2009,0.03155,0.03205
Week 2,07 Jul 2009,0.03139,0.03187
Week 3,14 Jul 2009,0.03112,0.03167
Week 4,21 Jul 2009,0.03059,0.03110

Week 1,28 Jul 2009,0.03037,0.03082
Week 2,04 Aug 2009,0.03046,0.03094
Week 3,11 Aug 2009,0.03066,0.03110
Week 4,18 Aug 2009,0.03020,0.03107

Week 1,25 Aug 2009,0.03023,0.03109
Week 2,01 Sep 2009,0.03051,0.03091
Week 3,08 Sep 2009,0.03048,0.03088
Week 4,15 Sep 2009,0.03035,0.03068

Week 1,22 Sep 2009,0.03056,0.03090
Week 2,29 Sep 2009,0.03085,0.03120
Week 3,06 Oct 2009,0.03117,0.03156
Week 4,13 Oct 2009,0.03127,0.03161

Week 1,20 Oct 2009,0.03137,0.03158
Week 2,27 Oct 2009,0.03169,0.03190
Week 3,03 Nov 2009,0.03165,0.03180
Week 4,10 Nov 2009,0.03169,0.03192

Week 1,17 Nov 2009,0.03192,0.03216
Week 2,24 Nov 2009,0.03234,0.03258
Week 3,01 Dec 2009,0.03216,0.03250
Week 4,08 Dec 2009,0.03215,0.03231

Week 1,15 Dec 2009,0.03216,0.03246
Week 2,22 Dec 2009,0.03227,0.03259
Week 3,29 Dec 2009,0.03211,0.03231
Week 4,05 Jan 2010,0.03191,0.03215

Week 1,12 Jan 2010,0.03176,0.03201
Week 2,19 Jan 2010,0.03194,0.03208
Week 3,26 Jan 2010,0.03207,0.03231
Week 4,02 Feb 2010,0.03227,0.03253

Week 1,09 Feb 2010,0.03241,0.03269
Week 2,16 Feb 2010,0.03270,0.03289
Week 3,23 Feb 2010,0.03334,0.03344
Week 4,02 Mar 2010,0.03364,0.03373

Week 1,09 Mar 2010,0.03364,0.03374
Week 2,16 Mar 2010,0.03361,0.03369
Week 3,23 Mar 2010,0.03393,0.03401
Week 4,30 Mar 2010,0.03385,0.03394

Week 1,06 Apr 2010,0.03368,0.03379
Week 2,13 Apr 2010,0.03321,0.03349
Week 3,20 Apr 2010,0.03337,0.03345
Week 4,27 Apr 2010,0.03327,0.03356

Week 1,04 May 2010,0.03387,0.03417
Week 2,11 May 2010,0.03380,0.03391
Week 3,18 May 2010,0.03376,0.03387
Week 4,25 May 2010,0.03340,0.03360

Week 1,01 Jun 2010,0.03370,0.03387
Week 2,08 Jun 2010,0.03380,0.03391
Week 3,15 Jun 2010,0.03367,0.03384
Week 4,22 Jun 2010,0.03382,0.03410

Week 1,29 Jun 2010,0.03370,0.03384
Week 2,06 Jul 2010,0.03304,0.03331
Week 3,13 Jul 2010,0.03287,0.03299
Week 4,20 Jul 2010,0.03233,0.03246

Week 1,27 Jul 2010,0.03233,0.03241
Week 2,03 Aug 2010,0.03227,0.03254
Week 3,10 Aug 2010,0.03225,0.03251
Week 4,17 Aug 2010,0.03231,0.03239

Week 1,24 Aug 2010,0.03239,0.03265
Week 2,31 Aug 2010,0.03222,0.03249
Week 3,07 Sep 2010,0.03218,0.03245
Week 4,14 Sep 2010,0.03208,0.03238

Week 1,21 Sep 2010,0.03243,0.03269
Week 2,28 Sep 2010,0.03232,0.03258
Week 3,05 Oct 2010,0.03194,0.03222
Week 4,12 Oct 2010,0.03162,0.03189

Week 1,19 Oct 2010,0.03187,0.03213
Week 2,26 Oct 2010,0.03195,0.03223
Week 3,02 Nov 2010,0.03145,0.03179
Week 4,09 Nov 2010,0.03160,0.03194

Week 1,16 Nov 2010,0.03160,0.03196
Week 2,23 Nov 2010,0.03202,0.03236
Week 3,30 Nov 2010,0.03257,0.03292
Week 4,07 Dec 2010,0.03260,0.03300

Week 1,14 Dec 2010,0.03303,0.03341
Week 2,21 Dec 2010,0.03369,0.03411
Week 3,28 Dec 2010,0.03394,0.03437
Week 4,04 Jan 2011,0.03394,0.03428

Week 1,11 Jan 2011,0.03396,0.03431
Week 2,18 Jan 2011,0.03367,0.03403
Week 3,25 Jan 2011,0.03422,0.03458
Week 4,01 Feb 2011,0.03435,0.03470

Week 1,08 Feb 2011,0.03445,0.03484
Week 2,15 Feb 2011,0.03462,0.03495
Week 3,22 Feb 2011,0.03497,0.03531
Week 4,01 Mar 2011,0.03545,0.03570

Week 1,08 Mar 2011,0.03453,0.03489
Week 2,15 Mar 2011,0.03429,0.03465
Week 3,22 Mar 2011,0.03414,0.03450
Week 4,29 Mar 2011,0.03403,0.03437

Week 1,05 Apr 2011,0.03382,0.03418
Week 2,12 Apr 2011,0.03366,0.03401
Week 3,19 Apr 2011,0.03378,0.03414
Week 4,26 Apr 2011,0.03382,0.03419

Week 1,03 May 2011,0.03406,0.03441
Week 2,10 May 2011,0.03483,0.03518
Week 3,17 May 2011,0.03484,0.03525
Week 4,24 May 2011,0.03520,0.03554

Week 1,31 May 2011,0.03512,0.03548
Week 2,07 Jun 2011,0.03457,0.03494
Week 3,14 Jun 2011,0.03487,0.03523
Week 4,21 Jun 2011,0.03542,0.03581

Week 1,28 Jun 2011,0.03570,0.03607
Week 2,05 Jul 2011,0.03609,0.03645
Week 3,12 Jul 2011,0.03652,0.03689
Week 4,19 Jul 2011,0.03721,0.03759

Week 1,26 Jul 2011,0.03800,0.03840
Week 2,02 Aug 2011,0.03823,0.03863
Week 3,09 Aug 2011,0.03883,0.03925
Week 4,16 Aug 2011,0.03873,0.03912

Week 1,23 Aug 2011,0.03820,0.03856
Week 2,30 Aug 2011,0.03761,0.03801
Week 3,06 Sep 2011,0.03801,0.03842
Week 4,13 Sep 2011,0.03695,0.03735

Week 1,20 Sep 2011,0.03658,0.03709
Week 2,27 Sep 2011,0.03699,0.03737
Week 3,04 Oct 2011,0.03729,0.03767
Week 4,11 Oct 2011,0.03684,0.03721

Week 1,18 Oct 2011,0.03680,0.03715
Week 2,25 Oct 2011,0.03549,0.03585
Week 3,01 Nov 2011,0.03556,0.03590
Week 4,08 Nov 2011,0.03535,0.03561

Week 1,15 Nov 2011,0.03519,0.03542
Week 2,22 Nov 2011,0.03537,0.03570
Week 3,29 Nov 2011,0.03537,0.03570
Week 4,06 Dec 2011,0.03524,0.03555

Week 1,13 Dec 2011,0.03445,0.03480
Week 2,20 Dec 2011,0.03483,0.03518
Week 3,27 Dec 2011,0.03476,0.03513
Week 4,03 Jan 2012,0.03476,0.03514

Week 1,10 Jan 2012,0.03524,0.03554
Week 2,17 Jan 2012,0.03562,0.03595
Week 3,24 Jan 2012,0.03557,0.03590
Week 4,31 Jan 2012,0.03544,0.03577

Week 1,07 Feb 2012,0.03517,0.03549
Week 2,14 Feb 2012,0.03526,0.03558
Week 3,21 Feb 2012,0.03536,0.03568
Week 4,28 Feb 2012,0.03539,0.03571

Week 1,06 Mar 2012,0.03539,0.03572
Week 2,13 Mar 2012,0.03508,0.03546
Week 3,20 Mar 2012,0.03469,0.03509
Week 4,27 Mar 2012,0.03414,0.03451

Week 1,03 Apr 2012,0.03434,0.03468
Week 2,10 Apr 2012,0.03432,0.03463
Week 3,17 Apr 2012,0.03395,0.03424
Week 4,24 Apr 2012,0.03320,0.03350

Week 1,01 May 2012,0.03265,0.03294
Week 2,08 May 2012,0.03290,0.03319
Week 3,15 May 2012,0.03316,0.03346
Week 4,22 May 2012,0.03286,0.03315

Week 1,29 May 2012,0.03290,0.03319
Week 2,05 Jun 2012,0.03296,0.03325
Week 3,12 Jun 2012,0.03254,0.03282
Week 4,19 Jun 2012,0.03185,0.03211

Week 1,26 Jun 2012,0.03206,0.03234
Week 2,03 Jul 2012,0.03269,0.03285
Week 3,10 Jul 2012,0.03278,0.03294
Week 4,17 Jul 2012,0.03274,0.03290

Week 1,24 Jul 2012,0.03260,0.03275
Week 2,31 Jul 2012,0.03222,0.03238
Week 3,07 Aug 2012,0.03225,0.03240
Week 4,14 Aug 2012,0.03227,0.03242

Week 1,21 Aug 2012,0.03240,0.03254
Week 2,28 Aug 2012,0.03260,0.03274
Week 3,04 Sep 2012,0.03260,0.03274
Week 4,11 Sep 2012,0.03285,0.03299

Week 1,18 Sep 2012,0.03346,0.03361
Week 2,25 Sep 2012,0.03385,0.03400
Week 3,02 Oct 2012,0.03454,0.03470
Week 4,09 Oct 2012,0.03435,0.03451

Week 1,16 Oct 2012,0.03373,0.03389
Week 2,23 Oct 2012,0.03345,0.03359
Week 3,30 Oct 2012,0.03324,0.03338
Week 4,06 Nov 2012,0.03274,0.03287

Week 1,13 Nov 2012,0.03269,0.03282
Week 2,20 Nov 2012,0.03251,0.03264
Week 3,27 Nov 2012,0.03249,0.03261
Week 4,04 Dec 2012,0.03279,0.03292

Week 1,11 Dec 2012,0.03272,0.03285
Week 2,18 Dec 2012,0.03249,0.03262
Week 3,25 Dec 2012,0.03255,0.03269
Week 4,01 Jan 2013,0.03254,0.03266

Week 1,08 Jan 2013,0.03227,0.03240
Week 2,15 Jan 2013,0.03248,0.03261
Week 3,22 Jan 2013,0.03285,0.03298
Week 4,29 Jan 2013,0.03292,0.03305

Week 1,05 Feb 2013,0.03301,0.03313
Week 2,12 Feb 2013,0.03267,0.03282
Week 3,19 Feb 2013,0.03281,0.03294
Week 4,26 Feb 2013,0.03299,0.03312

Week 1,05 Mar 2013,0.03287,0.03300
Week 2,12 Mar 2013,0.03325,0.03340
Week 3,19 Mar 2013,0.03337,0.03350
Week 4,26 Mar 2013,0.03327,0.03341

Week 1,02 Apr 2013,0.03297,0.03310
Week 2,09 Apr 2013,0.03276,0.03290
Week 3,16 Apr 2013,0.03322,0.03336
Week 4,23 Apr 2013,0.03323,0.03337

Week 1,30 Apr 2013,0.03340,0.03354
Week 2,07 May 2013,0.03311,0.03324
Week 3,14 May 2013,0.03324,0.03338
Week 4,21 May 2013,0.03321,0.03330

Week 1,28 May 2013,0.03308,0.03317
Week 2,04 Jun 2013,0.03306,0.03315
Week 3,11 Jun 2013,0.03237,0.03246
Week 4,18 Jun 2013,0.03225,0.03233

Week 1,25 Jun 2013,0.03223,0.03232
Week 2,02 Jul 2013,0.03226,0.03235
Week 3,09 Jul 2013,0.03241,0.03250
Week 4,16 Jul 2013,0.03227,0.03235

Week 1,23 Jul 2013,0.03232,0.03240
Week 2,30 Jul 2013,0.03175,0.03183
Week 3,06 Aug 2013,0.03150,0.03158
Week 4,13 Aug 2013,0.03126,0.03133

Week 1,20 Aug 2013,0.03068,0.03076
Week 2,27 Aug 2013,0.03036,0.03053
Week 3,03 Sep 2013,0.03091,0.03106
Week 4,10 Sep 2013,0.03170,0.03186

Week 1,17 Sep 2013,0.03165,0.03182
Week 2,24 Sep 2013,0.03215,0.03229
Week 3,01 Oct 2013,0.03235,0.03249
Week 4,08 Oct 2013,0.03241,0.03252

Week 1,15 Oct 2013,0.03230,0.03245
Week 2,22 Oct 2013,0.03230,0.03240
Week 3,29 Oct 2013,0.03244,0.03256
Week 4,05 Nov 2013,0.03244,0.03254

Week 1,12 Nov 2013,0.03222,0.03233
Week 2,19 Nov 2013,0.03219,0.03230
Week 3,26 Nov 2013,0.03231,0.03243
Week 4,03 Dec 2013,0.03297,0.03309

Week 1,10 Dec 2013,0.03303,0.03314
Week 2,17 Dec 2013,0.03328,0.03339
Week 3,24 Dec 2013,0.03417,0.03431
Week 4,31 Dec 2013,0.03479,0.03491

Week 1,07 Jan 2014,0.03514,0.03524
Week 2,14 Jan 2014,0.03588,0.03602
Week 3,21 Jan 2014,0.03677,0.03690
Week 4,28 Jan 2014,0.03608,0.03622

Week 1,04 Feb 2014,0.03584,0.03599
Week 2,11 Feb 2014,0.03539,0.03550
Week 3,18 Feb 2014,0.03525,0.03537
Week 4,25 Feb 2014,0.03566,0.03578

Week 1,04 Mar 2014,0.03587,0.03600
Week 2,11 Mar 2014,0.03630,0.03644
Week 3,18 Mar 2014,0.03641,0.03653
Week 4,25 Mar 2014,0.03660,0.03671

Week 1,01 Apr 2014,0.03549,0.03563
Week 2,08 Apr 2014,0.03494,0.03507
Week 3,15 Apr 2014,0.03519,0.03534
Week 4,22 Apr 2014,0.03508,0.03520

Week 1,29 Apr 2014,0.03503,0.03515
Week 2,06 May 2014,0.03475,0.03487
Week 3,13 May 2014,0.03525,0.03536
Week 4,20 May 2014,0.03573,0.03586

Week 1,27 May 2014,0.03550,0.03562
Week 2,03 Jun 2014,0.03546,0.03559
Week 3,10 Jun 2014,0.03541,0.03553
Week 4,17 Jun 2014,0.03553,0.03565

Week 1,24 Jun 2014,0.03540,0.03550
Week 2,01 Jul 2014,0.03557,0.03567
Week 3,08 Jul 2014,0.03540,0.03550
Week 4,15 Jul 2014,0.03529,0.03540

Week 1,22 Jul 2014,0.03495,0.03508
Week 2,29 Jul 2014,0.03505,0.03518
Week 3,05 Aug 2014,0.03508,0.03518
Week 4,12 Aug 2014,0.03532,0.03545

Week 1,19 Aug 2014,0.03580,0.03593
Week 2,26 Aug 2014,0.03574,0.03584
Week 3,02 Sep 2014,0.03574,0.03584
Week 4,09 Sep 2014,0.03614,0.03624

Week 1,16 Sep 2014,0.03643,0.03654
Week 2,23 Sep 2014,0.03677,0.03687
Week 3,30 Sep 2014,0.03697,0.03707
Week 4,07 Oct 2014,0.03713,0.03724

Week 1,14 Oct 2014,0.03681,0.03691
Week 2,21 Oct 2014,0.03661,0.03672
Week 3,28 Oct 2014,0.03620,0.03630
Week 4,04 Nov 2014,0.03657,0.03667

Week 1,11 Nov 2014,0.03646,0.03656
Week 2,18 Nov 2014,0.03601,0.03611
Week 3,25 Nov 2014,0.03584,0.03593
Week 4,02 Dec 2014,0.03615,0.03626

Week 1,09 Dec 2014,0.03654,0.03665
Week 2,16 Dec 2014,0.03669,0.03679
Week 3,23 Dec 2014,0.03637,0.03651
Week 4,30 Dec 2014,0.03669,0.03682

Week 1,06 Jan 2015,0.03673,0.03684
Week 2,13 Jan 2015,0.03716,0.03728
Week 3,20 Jan 2015,0.03805,0.03817
Week 4,27 Jan 2015,0.03886,0.03898

Week 1,03 Feb 2015,0.03946,0.03961
Week 2,10 Feb 2015,0.03974,0.03987
Week 3,17 Feb 2015,0.03938,0.03953
Week 4,24 Feb 2015,0.04016,0.04032

Week 1,03 Mar 2015,0.04128,0.04144
Week 2,10 Mar 2015,0.04171,0.04184
Week 3,17 Mar 2015,0.04147,0.04161
Week 4,24 Mar 2015,0.04126,0.04141

Week 1,31 Mar 2015,0.04153,0.04172
Week 2,07 Apr 2015,0.04174,0.04193
Week 3,14 Apr 2015,0.04288,0.04305
Week 4,21 Apr 2015,0.04270,0.04290

Week 1,28 Apr 2015,0.04217,0.04235
Week 2,05 May 2015,0.04222,0.04245
Week 3,12 May 2015,0.04111,0.04127
Week 4,19 May 2015,0.04061,0.04079

Week 1,26 May 2015,0.04137,0.04153
Week 2,02 Jun 2015,0.04173,0.04193
Week 3,09 Jun 2015,0.04258,0.04279
Week 4,16 Jun 2015,0.04248,0.04265

Week 1,23 Jun 2015,0.04197,0.04213
Week 2,30 Jun 2015,0.04234,0.04252
Week 3,07 Jul 2015,0.04221,0.04239
Week 4,14 Jul 2015,0.04177,0.04195

Week 1,21 Jul 2015,0.04251,0.04265
Week 2,28 Jul 2015,0.04316,0.04333
Week 3,04 Aug 2015,0.04351,0.04366
Week 4,11 Aug 2015,0.04323,0.04340

Week 1,18 Aug 2015,0.04417,0.04433
Week 2,25 Aug 2015,0.04409,0.04427
Week 3,01 Sep 2015,0.04450,0.04467
Week 4,08 Sep 2015,0.04554,0.04572

Week 1,15 Sep 2015,0.04557,0.04575
Week 2,22 Sep 2015,0.04580,0.04599
Week 3,29 Sep 2015,0.04592,0.04610
Week 4,06 Oct 2015,0.04520,0.04537

Week 1,13 Oct 2015,0.04486,0.04504
Week 2,20 Oct 2015,0.04454,0.04472
Week 3,27 Oct 2015,0.04456,0.04471
Week 4,03 Nov 2015,0.04365,0.04378

Week 1,10 Nov 2015,0.04358,0.04373
Week 2,17 Nov 2015,0.04310,0.04330
Week 3,24 Nov 2015,0.04343,0.04360
Week 4,01 Dec 2015,0.04337,0.04356

Week 1,08 Dec 2015,0.04379,0.04397
Week 2,15 Dec 2015,0.04411,0.04428
Week 3,22 Dec 2015,0.04416,0.04432
Week 4,29 Dec 2015,0.04400,0.04413

Week 1,05 Jan 2016,0.04484,0.04502
Week 2,12 Jan 2016,0.04506,0.04524
Week 3,19 Jan 2016,0.04462,0.04478
Week 4,26 Jan 2016,0.04391,0.04409

Week 1,02 Feb 2016,0.04317,0.04333
Week 2,09 Feb 2016,0.04302,0.04319
Week 3,16 Feb 2016,0.04309,0.04326
Week 4,23 Feb 2016,0.04297,0.04313

Week 1,01 Mar 2016,0.04332,0.04347
Week 2,08 Mar 2016,0.04304,0.04319
Week 3,15 Mar 2016,0.04292,0.04307
Week 4,22 Mar 2016,0.04294,0.04309

Week 1,29 Mar 2016,0.04271,0.04287
Week 2,05 Apr 2016,0.04265,0.04281
Week 3,12 Apr 2016,0.04272,0.04289
Week 4,19 Apr 2016,0.04259,0.04276

Week 1,26 Apr 2016,0.04225,0.04242
Week 2,03 May 2016,0.04326,0.04341
Week 3,10 May 2016,0.04417,0.04434
Week 4,17 May 2016,0.04426,0.04442

Week 1,24 May 2016,0.04389,0.04404
Week 2,31 May 2016,0.04364,0.04380
Week 3,07 Jun 2016,0.04345,0.04364
Week 4,14 Jun 2016,0.04350,0.04368

Week 1,21 Jun 2016,0.04284,0.04304
Week 2,28 Jun 2016,0.04290,0.04307
Week 3,05 Jul 2016,0.04318,0.04340
Week 4,12 Jul 2016,0.04361,0.04384

Week 1,19 Jul 2016,0.04518,0.04541
Week 2,26 Jul 2016,0.04490,0.04509
Week 3,02 Aug 2016,0.04485,0.04503
Week 4,09 Aug 2016,0.04431,0.04450

Week 1,16 Aug 2016,0.04371,0.04390
Week 2,23 Aug 2016,0.04378,0.04398
Week 3,30 Aug 2016,0.04408,0.04426
Week 4,06 Sep 2016,0.04418,0.04435

Week 1,13 Sep 2016,0.04435,0.04453
Week 2,20 Sep 2016,0.04426,0.04444
Week 3,27 Sep 2016,0.04481,0.04499
Week 4,04 Oct 2016,0.04564,0.04582

Week 1,11 Oct 2016,0.04613,0.04633
Week 2,18 Oct 2016,0.04605,0.04626
Week 3,25 Oct 2016,0.04623,0.04642
Week 4,01 Nov 2016,0.04679,0.04698

Week 1,08 Nov 2016,0.04788,0.04813
Week 2,15 Nov 2016,0.04892,0.04913
Week 3,22 Nov 2016,0.04979,0.05002
Week 4,29 Nov 2016,0.05069,0.05094

Week 1,06 Dec 2016,0.05121,0.05145
Week 2,13 Dec 2016,0.05164,0.05189
Week 3,20 Dec 2016,0.05166,0.05192
Week 4,27 Dec 2016,0.05169,0.05200

Week 1,03 Jan 2017,0.05271,0.05299
Week 2,10 Jan 2017,0.05507,0.05530
Week 3,17 Jan 2017,0.05544,0.05570
Week 4,24 Jan 2017,0.05604,0.05631

Week 1,31 Jan 2017,0.05550,0.05578
Week 2,07 Feb 2017,0.05513,0.05541
Week 3,14 Feb 2017,0.05443,0.05469
Week 4,21 Feb 2017,0.05383,0.05405

Week 1,28 Feb 2017,0.05486,0.05510
Week 2,07 Mar 2017,0.05579,0.05607
Week 3,14 Mar 2017,0.05591,0.05620
Week 4,21 Mar 2017,0.05529,0.05551

Week 1,28 Mar 2017,0.05587,0.05614
Week 2,04 Apr 2017,0.05700,0.05727
Week 3,11 Apr 2017,0.05728,0.05758
Week 4,18 Apr 2017,0.05641,0.05668

Week 1,25 Apr 2017,0.05541,0.05564
Week 2,02 May 2017,0.05505,0.05527
Week 3,09 May 2017,0.05548,0.05574
Week 4,16 May 2017,0.05540,0.05564

Week 1,23 May 2017,0.05518,0.05540
Week 2,30 May 2017,0.05480,0.05502
Week 3,06 Jun 2017,0.05475,0.05497
Week 4,13 Jun 2017,0.05441,0.05461

Week 1,20 Jun 2017,0.05442,0.05462
Week 2,27 Jun 2017,0.05432,0.05452
Week 3,04 Jul 2017,0.05539,0.05559
Week 4,11 Jul 2017,0.05539,0.05556

Week 1,18 Jul 2017,0.05478,0.05494
Week 2,25 Jul 2017,0.05502,0.05523
Week 3,01 Aug 2017,0.05523,0.05541
Week 4,08 Aug 2017,0.05519,0.05535

Week 1,15 Aug 2017,0.05486,0.05504
Week 2,22 Aug 2017,0.05421,0.05439
Week 3,29 Aug 2017,0.05377,0.05395
Week 4,05 Sep 2017,0.05337,0.05354

Week 1,12 Sep 2017,0.05351,0.05367
Week 2,19 Sep 2017,0.05391,0.05409
Week 3,26 Sep 2017,0.05432,0.05443
Week 4,03 Oct 2017,0.05481,0.05495

Week 1,10 Oct 2017,0.05618,0.05633
Week 2,17 Oct 2017,0.05628,0.05642
Week 3,24 Oct 2017,0.05781,0.05795
Week 4,31 Oct 2017,0.05908,0.05923

Week 1,07 Nov 2017,0.05925,0.05940
Week 2,14 Nov 2017,0.05934,0.05948
Week 3,21 Nov 2017,0.06069,0.06092
Week 4,28 Nov 2017,0.06087,0.06102

Week 1,05 Dec 2017,0.06002,0.06017


