INR->CAD

Week 1,01 Dec 1998,0.03599,0.03602
Week 2,08 Dec 1998,0.03615,0.03624
Week 3,15 Dec 1998,0.03625,0.03628
Week 4,22 Dec 1998,0.03645,0.03649

Week 1,29 Dec 1998,0.03616,0.03619
Week 2,05 Jan 1999,0.03555,0.03558
Week 3,12 Jan 1999,0.03585,0.03590
Week 4,19 Jan 1999,0.03575,0.03578

Week 1,26 Jan 1999,0.03564,0.03568
Week 2,02 Feb 1999,0.03522,0.03527
Week 3,09 Feb 1999,0.03514,0.03516
Week 4,16 Feb 1999,0.03513,0.03517

Week 1,23 Feb 1999,0.03530,0.03544
Week 2,02 Mar 1999,0.03575,0.03579
Week 3,09 Mar 1999,0.03585,0.03588
Week 4,16 Mar 1999,0.03581,0.03585

Week 1,23 Mar 1999,0.03556,0.03565
Week 2,30 Mar 1999,0.03538,0.03549
Week 3,06 Apr 1999,0.03514,0.03518
Week 4,13 Apr 1999,0.03469,0.03479

Week 1,20 Apr 1999,0.03458,0.03463
Week 2,27 Apr 1999,0.03419,0.03425
Week 3,04 May 1999,0.03404,0.03407
Week 4,11 May 1999,0.03414,0.03418

Week 1,18 May 1999,0.03418,0.03423
Week 2,25 May 1999,0.03427,0.03431
Week 3,01 Jun 1999,0.03441,0.03444
Week 4,08 Jun 1999,0.03406,0.03410

Week 1,15 Jun 1999,0.03388,0.03392
Week 2,22 Jun 1999,0.03388,0.03392
Week 3,29 Jun 1999,0.03383,0.03388
Week 4,06 Jul 1999,0.03393,0.03398

Week 1,13 Jul 1999,0.03428,0.03431
Week 2,20 Jul 1999,0.03473,0.03478
Week 3,27 Jul 1999,0.03481,0.03484
Week 4,03 Aug 1999,0.03455,0.03458

Week 1,10 Aug 1999,0.03419,0.03423
Week 2,17 Aug 1999,0.03425,0.03429
Week 3,24 Aug 1999,0.03431,0.03435
Week 4,31 Aug 1999,0.03428,0.03431

Week 1,07 Sep 1999,0.03399,0.03404
Week 2,14 Sep 1999,0.03383,0.03387
Week 3,21 Sep 1999,0.03378,0.03382
Week 4,28 Sep 1999,0.03366,0.03371

Week 1,05 Oct 1999,0.03378,0.03381
Week 2,12 Oct 1999,0.03418,0.03421
Week 3,19 Oct 1999,0.03413,0.03417
Week 4,26 Oct 1999,0.03389,0.03393

Week 1,02 Nov 1999,0.03374,0.03376
Week 2,09 Nov 1999,0.03377,0.03380
Week 3,16 Nov 1999,0.03372,0.03377
Week 4,23 Nov 1999,0.03381,0.03384

Week 1,30 Nov 1999,0.03405,0.03407
Week 2,07 Dec 1999,0.03397,0.03401
Week 3,14 Dec 1999,0.03397,0.03401
Week 4,21 Dec 1999,0.03380,0.03384

Week 1,28 Dec 1999,0.03333,0.03337
Week 2,04 Jan 2000,0.03340,0.03344
Week 3,11 Jan 2000,0.03334,0.03339
Week 4,18 Jan 2000,0.03316,0.03323

Week 1,25 Jan 2000,0.03305,0.03309
Week 2,01 Feb 2000,0.03306,0.03310
Week 3,08 Feb 2000,0.03316,0.03321
Week 4,15 Feb 2000,0.03329,0.03333

Week 1,22 Feb 2000,0.03332,0.03336
Week 2,29 Feb 2000,0.03326,0.03332
Week 3,07 Mar 2000,0.03340,0.03345
Week 4,14 Mar 2000,0.03366,0.03371

Week 1,21 Mar 2000,0.03362,0.03367
Week 2,28 Mar 2000,0.03332,0.03336
Week 3,04 Apr 2000,0.03330,0.03335
Week 4,11 Apr 2000,0.03365,0.03370

Week 1,18 Apr 2000,0.03379,0.03386
Week 2,25 Apr 2000,0.03380,0.03385
Week 3,02 May 2000,0.03410,0.03414
Week 4,09 May 2000,0.03393,0.03398

Week 1,16 May 2000,0.03395,0.03403
Week 2,23 May 2000,0.03402,0.03418
Week 3,30 May 2000,0.03364,0.03381
Week 4,06 Jun 2000,0.03336,0.03353

Week 1,13 Jun 2000,0.03283,0.03291
Week 2,20 Jun 2000,0.03303,0.03310
Week 3,27 Jun 2000,0.03310,0.03322
Week 4,04 Jul 2000,0.03317,0.03321

Week 1,11 Jul 2000,0.03315,0.03319
Week 2,18 Jul 2000,0.03283,0.03288
Week 3,25 Jul 2000,0.03278,0.03283
Week 4,01 Aug 2000,0.03278,0.03290

Week 1,08 Aug 2000,0.03240,0.03251
Week 2,15 Aug 2000,0.03221,0.03236
Week 3,22 Aug 2000,0.03230,0.03243
Week 4,29 Aug 2000,0.03219,0.03230

Week 1,05 Sep 2000,0.03228,0.03242
Week 2,12 Sep 2000,0.03239,0.03253
Week 3,19 Sep 2000,0.03217,0.03231
Week 4,26 Sep 2000,0.03246,0.03260

Week 1,03 Oct 2000,0.03252,0.03269
Week 2,10 Oct 2000,0.03247,0.03258
Week 3,17 Oct 2000,0.03264,0.03275
Week 4,24 Oct 2000,0.03260,0.03271

Week 1,31 Oct 2000,0.03275,0.03286
Week 2,07 Nov 2000,0.03294,0.03305
Week 3,14 Nov 2000,0.03313,0.03325
Week 4,21 Nov 2000,0.03297,0.03306

Week 1,28 Nov 2000,0.03284,0.03295
Week 2,05 Dec 2000,0.03263,0.03271
Week 3,12 Dec 2000,0.03250,0.03258
Week 4,19 Dec 2000,0.03251,0.03261

Week 1,26 Dec 2000,0.03221,0.03229
Week 2,02 Jan 2001,0.03204,0.03212
Week 3,09 Jan 2001,0.03210,0.03219
Week 4,16 Jan 2001,0.03247,0.03257

Week 1,23 Jan 2001,0.03242,0.03250
Week 2,30 Jan 2001,0.03225,0.03232
Week 3,06 Feb 2001,0.03249,0.03257
Week 4,13 Feb 2001,0.03286,0.03295

Week 1,20 Feb 2001,0.03295,0.03305
Week 2,27 Feb 2001,0.03302,0.03311
Week 3,06 Mar 2001,0.03320,0.03329
Week 4,13 Mar 2001,0.03341,0.03349

Week 1,20 Mar 2001,0.03354,0.03363
Week 2,27 Mar 2001,0.03362,0.03371
Week 3,03 Apr 2001,0.03367,0.03377
Week 4,10 Apr 2001,0.03336,0.03345

Week 1,17 Apr 2001,0.03309,0.03319
Week 2,24 Apr 2001,0.03297,0.03304
Week 3,01 May 2001,0.03275,0.03280
Week 4,08 May 2001,0.03298,0.03303

Week 1,15 May 2001,0.03273,0.03282
Week 2,22 May 2001,0.03283,0.03293
Week 3,29 May 2001,0.03273,0.03281
Week 4,05 Jun 2001,0.03242,0.03250

Week 1,12 Jun 2001,0.03234,0.03240
Week 2,19 Jun 2001,0.03249,0.03258
Week 3,26 Jun 2001,0.03223,0.03232
Week 4,03 Jul 2001,0.03214,0.03222

Week 1,10 Jul 2001,0.03237,0.03246
Week 2,17 Jul 2001,0.03265,0.03273
Week 3,24 Jul 2001,0.03255,0.03263
Week 4,31 Jul 2001,0.03248,0.03254

Week 1,07 Aug 2001,0.03257,0.03265
Week 2,14 Aug 2001,0.03260,0.03269
Week 3,21 Aug 2001,0.03270,0.03278
Week 4,28 Aug 2001,0.03277,0.03285

Week 1,04 Sep 2001,0.03303,0.03312
Week 2,11 Sep 2001,0.03287,0.03293
Week 3,18 Sep 2001,0.03270,0.03279
Week 4,25 Sep 2001,0.03284,0.03296

Week 1,02 Oct 2001,0.03260,0.03271
Week 2,09 Oct 2001,0.03247,0.03259
Week 3,16 Oct 2001,0.03264,0.03277
Week 4,23 Oct 2001,0.03275,0.03288

Week 1,30 Oct 2001,0.03301,0.03314
Week 2,06 Nov 2001,0.03327,0.03340
Week 3,13 Nov 2001,0.03313,0.03326
Week 4,20 Nov 2001,0.03323,0.03335

Week 1,27 Nov 2001,0.03290,0.03303
Week 2,04 Dec 2001,0.03282,0.03295
Week 3,11 Dec 2001,0.03269,0.03282
Week 4,18 Dec 2001,0.03293,0.03306

Week 1,25 Dec 2001,0.03310,0.03323
Week 2,01 Jan 2002,0.03299,0.03312
Week 3,08 Jan 2002,0.03304,0.03317
Week 4,15 Jan 2002,0.03318,0.03331

Week 1,22 Jan 2002,0.03324,0.03337
Week 2,29 Jan 2002,0.03288,0.03300
Week 3,05 Feb 2002,0.03279,0.03292
Week 4,12 Feb 2002,0.03259,0.03272

Week 1,19 Feb 2002,0.03267,0.03280
Week 2,26 Feb 2002,0.03275,0.03288
Week 3,05 Mar 2002,0.03251,0.03264
Week 4,12 Mar 2002,0.03252,0.03264

Week 1,19 Mar 2002,0.03235,0.03247
Week 2,26 Mar 2002,0.03258,0.03270
Week 3,02 Apr 2002,0.03252,0.03264
Week 4,09 Apr 2002,0.03245,0.03257

Week 1,16 Apr 2002,0.03217,0.03229
Week 2,23 Apr 2002,0.03192,0.03204
Week 3,30 Apr 2002,0.03186,0.03198
Week 4,07 May 2002,0.03187,0.03199

Week 1,14 May 2002,0.03160,0.03173
Week 2,21 May 2002,0.03124,0.03136
Week 3,28 May 2002,0.03121,0.03133
Week 4,04 Jun 2002,0.03119,0.03131

Week 1,11 Jun 2002,0.03139,0.03151
Week 2,18 Jun 2002,0.03125,0.03137
Week 3,25 Jun 2002,0.03098,0.03110
Week 4,02 Jul 2002,0.03115,0.03127

Week 1,09 Jul 2002,0.03121,0.03133
Week 2,16 Jul 2002,0.03155,0.03167
Week 3,23 Jul 2002,0.03233,0.03247
Week 4,30 Jul 2002,0.03245,0.03258

Week 1,06 Aug 2002,0.03238,0.03251
Week 2,13 Aug 2002,0.03208,0.03221
Week 3,20 Aug 2002,0.03209,0.03221
Week 4,27 Aug 2002,0.03207,0.03219

Week 1,03 Sep 2002,0.03210,0.03222
Week 2,10 Sep 2002,0.03248,0.03260
Week 3,17 Sep 2002,0.03249,0.03262
Week 4,24 Sep 2002,0.03258,0.03270

Week 1,01 Oct 2002,0.03280,0.03293
Week 2,08 Oct 2002,0.03285,0.03298
Week 3,15 Oct 2002,0.03259,0.03272
Week 4,22 Oct 2002,0.03232,0.03244

Week 1,29 Oct 2002,0.03216,0.03229
Week 2,05 Nov 2002,0.03221,0.03233
Week 3,12 Nov 2002,0.03265,0.03277
Week 4,19 Nov 2002,0.03275,0.03288

Week 1,26 Nov 2002,0.03251,0.03263
Week 2,03 Dec 2002,0.03230,0.03242
Week 3,10 Dec 2002,0.03228,0.03241
Week 4,17 Dec 2002,0.03217,0.03229

Week 1,24 Dec 2002,0.03242,0.03254
Week 2,31 Dec 2002,0.03262,0.03274
Week 3,07 Jan 2003,0.03231,0.03243
Week 4,14 Jan 2003,0.03202,0.03214

Week 1,21 Jan 2003,0.03178,0.03190
Week 2,28 Jan 2003,0.03179,0.03191
Week 3,04 Feb 2003,0.03179,0.03191
Week 4,11 Feb 2003,0.03184,0.03196

Week 1,18 Feb 2003,0.03158,0.03170
Week 2,25 Feb 2003,0.03115,0.03127
Week 3,04 Mar 2003,0.03080,0.03092
Week 4,11 Mar 2003,0.03086,0.03098

Week 1,18 Mar 2003,0.03109,0.03120
Week 2,25 Mar 2003,0.03087,0.03098
Week 3,01 Apr 2003,0.03097,0.03109
Week 4,08 Apr 2003,0.03075,0.03088

Week 1,15 Apr 2003,0.03054,0.03066
Week 2,22 Apr 2003,0.03056,0.03069
Week 3,29 Apr 2003,0.03010,0.03022
Week 4,06 May 2003,0.02949,0.02961

Week 1,13 May 2003,0.02915,0.02927
Week 2,20 May 2003,0.02905,0.02916
Week 3,27 May 2003,0.02913,0.02925
Week 4,03 Jun 2003,0.02891,0.02902

Week 1,10 Jun 2003,0.02873,0.02885
Week 2,17 Jun 2003,0.02889,0.02901
Week 3,24 Jun 2003,0.02902,0.02914
Week 4,01 Jul 2003,0.02887,0.02900

Week 1,08 Jul 2003,0.02961,0.02974
Week 2,15 Jul 2003,0.03015,0.03028
Week 3,22 Jul 2003,0.03012,0.03025
Week 4,29 Jul 2003,0.03019,0.03032

Week 1,05 Aug 2003,0.03025,0.03038
Week 2,12 Aug 2003,0.03012,0.03025
Week 3,19 Aug 2003,0.03051,0.03064
Week 4,26 Aug 2003,0.03032,0.03044

Week 1,02 Sep 2003,0.02993,0.03005
Week 2,09 Sep 2003,0.02981,0.02994
Week 3,16 Sep 2003,0.02955,0.02967
Week 4,23 Sep 2003,0.02944,0.02956

Week 1,30 Sep 2003,0.02949,0.02963
Week 2,07 Oct 2003,0.02924,0.02936
Week 3,14 Oct 2003,0.02897,0.02909
Week 4,21 Oct 2003,0.02887,0.02898

Week 1,28 Oct 2003,0.02896,0.02907
Week 2,04 Nov 2003,0.02929,0.02941
Week 3,11 Nov 2003,0.02872,0.02883
Week 4,18 Nov 2003,0.02848,0.02860

Week 1,25 Nov 2003,0.02838,0.02849
Week 2,02 Dec 2003,0.02854,0.02865
Week 3,09 Dec 2003,0.02875,0.02886
Week 4,16 Dec 2003,0.02917,0.02927

Week 1,23 Dec 2003,0.02879,0.02891
Week 2,30 Dec 2003,0.02834,0.02846
Week 3,06 Jan 2004,0.02807,0.02818
Week 4,13 Jan 2004,0.02834,0.02845

Week 1,20 Jan 2004,0.02870,0.02881
Week 2,27 Jan 2004,0.02917,0.02928
Week 3,03 Feb 2004,0.02938,0.02949
Week 4,10 Feb 2004,0.02913,0.02924

Week 1,17 Feb 2004,0.02928,0.02940
Week 2,24 Feb 2004,0.02946,0.02958
Week 3,02 Mar 2004,0.02936,0.02947
Week 4,09 Mar 2004,0.02927,0.02938

Week 1,16 Mar 2004,0.02945,0.02956
Week 2,23 Mar 2004,0.02962,0.02974
Week 3,30 Mar 2004,0.02992,0.03003
Week 4,06 Apr 2004,0.03027,0.03039

Week 1,13 Apr 2004,0.03061,0.03073
Week 2,20 Apr 2004,0.03073,0.03085
Week 3,27 Apr 2004,0.03078,0.03090
Week 4,04 May 2004,0.03080,0.03092

Week 1,11 May 2004,0.03061,0.03073
Week 2,18 May 2004,0.03038,0.03049
Week 3,25 May 2004,0.03005,0.03017
Week 4,01 Jun 2004,0.02996,0.03007

Week 1,08 Jun 2004,0.03008,0.03020
Week 2,15 Jun 2004,0.03004,0.03015
Week 3,22 Jun 2004,0.02959,0.02970
Week 4,29 Jun 2004,0.02903,0.02914

Week 1,06 Jul 2004,0.02880,0.02891
Week 2,13 Jul 2004,0.02857,0.02868
Week 3,20 Jul 2004,0.02848,0.02859
Week 4,27 Jul 2004,0.02867,0.02877

Week 1,03 Aug 2004,0.02840,0.02851
Week 2,10 Aug 2004,0.02845,0.02856
Week 3,17 Aug 2004,0.02807,0.02818
Week 4,24 Aug 2004,0.02824,0.02834

Week 1,31 Aug 2004,0.02814,0.02825
Week 2,07 Sep 2004,0.02785,0.02795
Week 3,14 Sep 2004,0.02824,0.02834
Week 4,21 Sep 2004,0.02788,0.02799

Week 1,28 Sep 2004,0.02749,0.02759
Week 2,05 Oct 2004,0.02743,0.02753
Week 3,12 Oct 2004,0.02734,0.02744
Week 4,19 Oct 2004,0.02715,0.02722

Week 1,26 Oct 2004,0.02681,0.02688
Week 2,02 Nov 2004,0.02668,0.02675
Week 3,09 Nov 2004,0.02645,0.02652
Week 4,16 Nov 2004,0.02653,0.02661

Week 1,23 Nov 2004,0.02620,0.02627
Week 2,30 Nov 2004,0.02683,0.02690
Week 3,07 Dec 2004,0.02753,0.02760
Week 4,14 Dec 2004,0.02792,0.02800

Week 1,21 Dec 2004,0.02813,0.02820
Week 2,28 Dec 2004,0.02768,0.02776
Week 3,04 Jan 2005,0.02802,0.02808
Week 4,11 Jan 2005,0.02775,0.02782

Week 1,18 Jan 2005,0.02795,0.02804
Week 2,25 Jan 2005,0.02825,0.02833
Week 3,01 Feb 2005,0.02857,0.02866
Week 4,08 Feb 2005,0.02841,0.02850

Week 1,15 Feb 2005,0.02812,0.02821
Week 2,22 Feb 2005,0.02826,0.02835
Week 3,01 Mar 2005,0.02825,0.02834
Week 4,08 Mar 2005,0.02773,0.02784

Week 1,15 Mar 2005,0.02756,0.02767
Week 2,22 Mar 2005,0.02774,0.02784
Week 3,29 Mar 2005,0.02775,0.02783
Week 4,05 Apr 2005,0.02796,0.02803

Week 1,12 Apr 2005,0.02835,0.02843
Week 2,19 Apr 2005,0.02827,0.02835
Week 3,26 Apr 2005,0.02865,0.02874
Week 4,03 May 2005,0.02863,0.02874

Week 1,10 May 2005,0.02882,0.02894
Week 2,17 May 2005,0.02904,0.02916
Week 3,24 May 2005,0.02889,0.02900
Week 4,31 May 2005,0.02857,0.02868

Week 1,07 Jun 2005,0.02866,0.02877
Week 2,14 Jun 2005,0.02838,0.02849
Week 3,21 Jun 2005,0.02829,0.02840
Week 4,28 Jun 2005,0.02832,0.02843

Week 1,05 Jul 2005,0.02816,0.02828
Week 2,12 Jul 2005,0.02786,0.02796
Week 3,19 Jul 2005,0.02802,0.02813
Week 4,26 Jul 2005,0.02819,0.02831

Week 1,02 Aug 2005,0.02792,0.02803
Week 2,09 Aug 2005,0.02761,0.02772
Week 3,16 Aug 2005,0.02772,0.02783
Week 4,23 Aug 2005,0.02738,0.02749

Week 1,30 Aug 2005,0.02703,0.02714
Week 2,06 Sep 2005,0.02695,0.02706
Week 3,13 Sep 2005,0.02689,0.02700
Week 4,20 Sep 2005,0.02663,0.02674

Week 1,27 Sep 2005,0.02653,0.02664
Week 2,04 Oct 2005,0.02652,0.02662
Week 3,11 Oct 2005,0.02629,0.02640
Week 4,18 Oct 2005,0.02619,0.02629

Week 1,25 Oct 2005,0.02607,0.02617
Week 2,01 Nov 2005,0.02601,0.02611
Week 3,08 Nov 2005,0.02597,0.02608
Week 4,15 Nov 2005,0.02597,0.02607

Week 1,22 Nov 2005,0.02559,0.02569
Week 2,29 Nov 2005,0.02531,0.02541
Week 3,06 Dec 2005,0.02505,0.02514
Week 4,13 Dec 2005,0.02529,0.02539

Week 1,20 Dec 2005,0.02576,0.02586
Week 2,27 Dec 2005,0.02579,0.02589
Week 3,03 Jan 2006,0.02592,0.02602
Week 4,10 Jan 2006,0.02630,0.02641

Week 1,17 Jan 2006,0.02619,0.02629
Week 2,24 Jan 2006,0.02605,0.02615
Week 3,31 Jan 2006,0.02588,0.02598
Week 4,07 Feb 2006,0.02599,0.02609

Week 1,14 Feb 2006,0.02602,0.02612
Week 2,21 Feb 2006,0.02583,0.02593
Week 3,28 Feb 2006,0.02564,0.02574
Week 4,07 Mar 2006,0.02595,0.02606

Week 1,14 Mar 2006,0.02605,0.02615
Week 2,21 Mar 2006,0.02617,0.02627
Week 3,28 Mar 2006,0.02615,0.02625
Week 4,04 Apr 2006,0.02598,0.02608

Week 1,11 Apr 2006,0.02550,0.02559
Week 2,18 Apr 2006,0.02524,0.02534
Week 3,25 Apr 2006,0.02502,0.02512
Week 4,02 May 2006,0.02467,0.02477

Week 1,09 May 2006,0.02458,0.02468
Week 2,16 May 2006,0.02455,0.02465
Week 3,23 May 2006,0.02431,0.02441
Week 4,30 May 2006,0.02390,0.02401

Week 1,06 Jun 2006,0.02415,0.02425
Week 2,13 Jun 2006,0.02423,0.02433
Week 3,20 Jun 2006,0.02429,0.02439
Week 4,27 Jun 2006,0.02418,0.02428

Week 1,04 Jul 2006,0.02414,0.02424
Week 2,11 Jul 2006,0.02437,0.02447
Week 3,18 Jul 2006,0.02424,0.02434
Week 4,25 Jul 2006,0.02428,0.02437

Week 1,01 Aug 2006,0.02420,0.02430
Week 2,08 Aug 2006,0.02411,0.02420
Week 3,15 Aug 2006,0.02413,0.02423
Week 4,22 Aug 2006,0.02389,0.02399

Week 1,29 Aug 2006,0.02373,0.02383
Week 2,05 Sep 2006,0.02404,0.02413
Week 3,12 Sep 2006,0.02422,0.02432
Week 4,19 Sep 2006,0.02432,0.02442

Week 1,26 Sep 2006,0.02426,0.02436
Week 2,03 Oct 2006,0.02455,0.02465
Week 3,10 Oct 2006,0.02483,0.02493
Week 4,17 Oct 2006,0.02495,0.02506

Week 1,24 Oct 2006,0.02480,0.02490
Week 2,31 Oct 2006,0.02507,0.02518
Week 3,07 Nov 2006,0.02522,0.02533
Week 4,14 Nov 2006,0.02532,0.02542

Week 1,21 Nov 2006,0.02547,0.02549
Week 2,28 Nov 2006,0.02547,0.02549
Week 3,05 Dec 2006,0.02569,0.02571
Week 4,12 Dec 2006,0.02580,0.02582

Week 1,19 Dec 2006,0.02586,0.02588
Week 2,26 Dec 2006,0.02622,0.02625
Week 3,02 Jan 2007,0.02643,0.02645
Week 4,09 Jan 2007,0.02640,0.02643

Week 1,16 Jan 2007,0.02649,0.02652
Week 2,23 Jan 2007,0.02666,0.02669
Week 3,30 Jan 2007,0.02676,0.02679
Week 4,06 Feb 2007,0.02676,0.02679

Week 1,13 Feb 2007,0.02648,0.02651
Week 2,20 Feb 2007,0.02630,0.02633
Week 3,27 Feb 2007,0.02642,0.02645
Week 4,06 Mar 2007,0.02650,0.02654

Week 1,13 Mar 2007,0.02656,0.02659
Week 2,20 Mar 2007,0.02660,0.02664
Week 3,27 Mar 2007,0.02672,0.02675
Week 4,03 Apr 2007,0.02688,0.02692

Week 1,10 Apr 2007,0.02672,0.02675
Week 2,17 Apr 2007,0.02689,0.02691
Week 3,24 Apr 2007,0.02719,0.02721
Week 4,01 May 2007,0.02699,0.02702

Week 1,08 May 2007,0.02695,0.02697
Week 2,15 May 2007,0.02692,0.02696
Week 3,22 May 2007,0.02668,0.02670
Week 4,29 May 2007,0.02636,0.02638

Week 1,05 Jun 2007,0.02595,0.02597
Week 2,12 Jun 2007,0.02606,0.02607
Week 3,19 Jun 2007,0.02621,0.02623
Week 4,26 Jun 2007,0.02611,0.02613

Week 1,03 Jul 2007,0.02605,0.02607
Week 2,10 Jul 2007,0.02596,0.02597
Week 3,17 Jul 2007,0.02590,0.02592
Week 4,24 Jul 2007,0.02601,0.02603

Week 1,31 Jul 2007,0.02623,0.02625
Week 2,07 Aug 2007,0.02598,0.02600
Week 3,14 Aug 2007,0.02604,0.02606
Week 4,21 Aug 2007,0.02572,0.02574

Week 1,28 Aug 2007,0.02576,0.02578
Week 2,04 Sep 2007,0.02580,0.02582
Week 3,11 Sep 2007,0.02564,0.02566
Week 4,18 Sep 2007,0.02519,0.02521

Week 1,25 Sep 2007,0.02512,0.02513
Week 2,02 Oct 2007,0.02500,0.02502
Week 3,09 Oct 2007,0.02484,0.02486
Week 4,16 Oct 2007,0.02456,0.02457

Week 1,23 Oct 2007,0.02443,0.02445
Week 2,30 Oct 2007,0.02398,0.02400
Week 3,06 Nov 2007,0.02373,0.02375
Week 4,13 Nov 2007,0.02457,0.02459

Week 1,20 Nov 2007,0.02490,0.02492
Week 2,27 Nov 2007,0.02501,0.02503
Week 3,04 Dec 2007,0.02552,0.02555
Week 4,11 Dec 2007,0.02573,0.02575

Week 1,18 Dec 2007,0.02530,0.02532
Week 2,25 Dec 2007,0.02493,0.02496
Week 3,01 Jan 2008,0.02524,0.02527
Week 4,08 Jan 2008,0.02570,0.02572

Week 1,15 Jan 2008,0.02603,0.02605
Week 2,22 Jan 2008,0.02579,0.02581
Week 3,29 Jan 2008,0.02537,0.02539
Week 4,05 Feb 2008,0.02530,0.02532

Week 1,12 Feb 2008,0.02524,0.02525
Week 2,19 Feb 2008,0.02531,0.02533
Week 3,26 Feb 2008,0.02473,0.02475
Week 4,04 Mar 2008,0.02446,0.02448

Week 1,11 Mar 2008,0.02446,0.02448
Week 2,18 Mar 2008,0.02494,0.02496
Week 3,25 Mar 2008,0.02545,0.02547
Week 4,01 Apr 2008,0.02536,0.02538

Week 1,08 Apr 2008,0.02546,0.02548
Week 2,15 Apr 2008,0.02530,0.02532
Week 3,22 Apr 2008,0.02525,0.02527
Week 4,29 Apr 2008,0.02505,0.02507

Week 1,06 May 2008,0.02442,0.02444
Week 2,13 May 2008,0.02362,0.02364
Week 3,20 May 2008,0.02313,0.02315
Week 4,27 May 2008,0.02322,0.02324

Week 1,03 Jun 2008,0.02371,0.02373
Week 2,10 Jun 2008,0.02388,0.02390
Week 3,17 Jun 2008,0.02372,0.02374
Week 4,24 Jun 2008,0.02362,0.02363

Week 1,01 Jul 2008,0.02355,0.02357
Week 2,08 Jul 2008,0.02344,0.02346
Week 3,15 Jul 2008,0.02345,0.02349
Week 4,22 Jul 2008,0.02388,0.02395

Week 1,29 Jul 2008,0.02413,0.02418
Week 2,05 Aug 2008,0.02489,0.02495
Week 3,12 Aug 2008,0.02480,0.02487
Week 4,19 Aug 2008,0.02421,0.02426

Week 1,26 Aug 2008,0.02398,0.02405
Week 2,02 Sep 2008,0.02392,0.02398
Week 3,09 Sep 2008,0.02351,0.02357
Week 4,16 Sep 2008,0.02297,0.02303

Week 1,23 Sep 2008,0.02232,0.02239
Week 2,30 Sep 2008,0.02249,0.02256
Week 3,07 Oct 2008,0.02306,0.02323
Week 4,14 Oct 2008,0.02348,0.02375

Week 1,21 Oct 2008,0.02403,0.02434
Week 2,28 Oct 2008,0.02370,0.02426
Week 3,04 Nov 2008,0.02413,0.02451
Week 4,11 Nov 2008,0.02451,0.02488

Week 1,18 Nov 2008,0.02465,0.02506
Week 2,25 Nov 2008,0.02445,0.02490
Week 3,02 Dec 2008,0.02500,0.02535
Week 4,09 Dec 2008,0.02531,0.02553

Week 1,16 Dec 2008,0.02486,0.02531
Week 2,23 Dec 2008,0.02450,0.02508
Week 3,30 Dec 2008,0.02439,0.02482
Week 4,06 Jan 2009,0.02393,0.02428

Week 1,13 Jan 2009,0.02476,0.02512
Week 2,20 Jan 2009,0.02512,0.02537
Week 3,27 Jan 2009,0.02472,0.02505
Week 4,03 Feb 2009,0.02501,0.02528

Week 1,10 Feb 2009,0.02515,0.02543
Week 2,17 Feb 2009,0.02502,0.02527
Week 3,24 Feb 2009,0.02474,0.02496
Week 4,03 Mar 2009,0.02469,0.02490

Week 1,10 Mar 2009,0.02445,0.02471
Week 2,17 Mar 2009,0.02401,0.02428
Week 3,24 Mar 2009,0.02383,0.02400
Week 4,31 Mar 2009,0.02429,0.02453

Week 1,07 Apr 2009,0.02431,0.02462
Week 2,14 Apr 2009,0.02415,0.02440
Week 3,21 Apr 2009,0.02426,0.02442
Week 4,28 Apr 2009,0.02378,0.02402

Week 1,05 May 2009,0.02349,0.02369
Week 2,12 May 2009,0.02341,0.02363
Week 3,19 May 2009,0.02388,0.02409
Week 4,26 May 2009,0.02328,0.02349

Week 1,02 Jun 2009,0.02324,0.02346
Week 2,09 Jun 2009,0.02314,0.02338
Week 3,16 Jun 2009,0.02327,0.02350
Week 4,23 Jun 2009,0.02349,0.02371

Week 1,30 Jun 2009,0.02389,0.02411
Week 2,07 Jul 2009,0.02360,0.02386
Week 3,14 Jul 2009,0.02296,0.02321
Week 4,21 Jul 2009,0.02252,0.02274

Week 1,28 Jul 2009,0.02228,0.02250
Week 2,04 Aug 2009,0.02238,0.02262
Week 3,11 Aug 2009,0.02254,0.02277
Week 4,18 Aug 2009,0.02233,0.02254

Week 1,25 Aug 2009,0.02218,0.02239
Week 2,01 Sep 2009,0.02229,0.02253
Week 3,08 Sep 2009,0.02204,0.02225
Week 4,15 Sep 2009,0.02199,0.02220

Week 1,22 Sep 2009,0.02227,0.02249
Week 2,29 Sep 2009,0.02239,0.02261
Week 3,06 Oct 2009,0.02242,0.02267
Week 4,13 Oct 2009,0.02222,0.02243

Week 1,20 Oct 2009,0.02245,0.02254
Week 2,27 Oct 2009,0.02275,0.02283
Week 3,03 Nov 2009,0.02274,0.02282
Week 4,10 Nov 2009,0.02261,0.02274

Week 1,17 Nov 2009,0.02276,0.02289
Week 2,24 Nov 2009,0.02270,0.02283
Week 3,01 Dec 2009,0.02263,0.02282
Week 4,08 Dec 2009,0.02262,0.02269

Week 1,15 Dec 2009,0.02264,0.02277
Week 2,22 Dec 2009,0.02240,0.02259
Week 3,29 Dec 2009,0.02243,0.02252
Week 4,05 Jan 2010,0.02248,0.02261

Week 1,12 Jan 2010,0.02254,0.02261
Week 2,19 Jan 2010,0.02263,0.02269
Week 3,26 Jan 2010,0.02288,0.02301
Week 4,02 Feb 2010,0.02286,0.02301

Week 1,09 Feb 2010,0.02267,0.02281
Week 2,16 Feb 2010,0.02254,0.02265
Week 3,23 Feb 2010,0.02276,0.02279
Week 4,02 Mar 2010,0.02259,0.02261

Week 1,09 Mar 2010,0.02250,0.02252
Week 2,16 Mar 2010,0.02234,0.02237
Week 3,23 Mar 2010,0.02254,0.02256
Week 4,30 Mar 2010,0.02258,0.02262

Week 1,06 Apr 2010,0.02257,0.02261
Week 2,13 Apr 2010,0.02254,0.02271
Week 3,20 Apr 2010,0.02253,0.02255
Week 4,27 Apr 2010,0.02262,0.02279

Week 1,04 May 2010,0.02278,0.02294
Week 2,11 May 2010,0.02267,0.02272
Week 3,18 May 2010,0.02262,0.02267
Week 4,25 May 2010,0.02253,0.02263

Week 1,01 Jun 2010,0.02235,0.02244
Week 2,08 Jun 2010,0.02214,0.02219
Week 3,15 Jun 2010,0.02210,0.02219
Week 4,22 Jun 2010,0.02225,0.02241

Week 1,29 Jun 2010,0.02259,0.02265
Week 2,06 Jul 2010,0.02224,0.02239
Week 3,13 Jul 2010,0.02221,0.02226
Week 4,20 Jul 2010,0.02208,0.02214

Week 1,27 Jul 2010,0.02210,0.02213
Week 2,03 Aug 2010,0.02208,0.02224
Week 3,10 Aug 2010,0.02219,0.02235
Week 4,17 Aug 2010,0.02229,0.02232

Week 1,24 Aug 2010,0.02245,0.02260
Week 2,31 Aug 2010,0.02239,0.02255
Week 3,07 Sep 2010,0.02217,0.02233
Week 4,14 Sep 2010,0.02210,0.02228

Week 1,21 Sep 2010,0.02247,0.02263
Week 2,28 Sep 2010,0.02280,0.02296
Week 3,05 Oct 2010,0.02276,0.02293
Week 4,12 Oct 2010,0.02263,0.02279

Week 1,19 Oct 2010,0.02292,0.02309
Week 2,26 Oct 2010,0.02284,0.02301
Week 3,02 Nov 2010,0.02253,0.02276
Week 4,09 Nov 2010,0.02232,0.02254

Week 1,16 Nov 2010,0.02220,0.02242
Week 2,23 Nov 2010,0.02209,0.02230
Week 3,30 Nov 2010,0.02217,0.02238
Week 4,07 Dec 2010,0.02201,0.02224

Week 1,14 Dec 2010,0.02185,0.02206
Week 2,21 Dec 2010,0.02201,0.02224
Week 3,28 Dec 2010,0.02191,0.02215
Week 4,04 Jan 2011,0.02167,0.02186

Week 1,11 Jan 2011,0.02154,0.02175
Week 2,18 Jan 2011,0.02144,0.02164
Week 3,25 Jan 2011,0.02151,0.02171
Week 4,01 Feb 2011,0.02144,0.02164

Week 1,08 Feb 2011,0.02155,0.02174
Week 2,15 Feb 2011,0.02157,0.02176
Week 3,22 Feb 2011,0.02153,0.02172
Week 4,01 Mar 2011,0.02152,0.02164

Week 1,08 Mar 2011,0.02116,0.02136
Week 2,15 Mar 2011,0.02133,0.02152
Week 3,22 Mar 2011,0.02144,0.02164
Week 4,29 Mar 2011,0.02137,0.02157

Week 1,05 Apr 2011,0.02139,0.02159
Week 2,12 Apr 2011,0.02133,0.02152
Week 3,19 Apr 2011,0.02122,0.02142
Week 4,26 Apr 2011,0.02113,0.02132

Week 1,03 May 2011,0.02127,0.02146
Week 2,10 May 2011,0.02130,0.02149
Week 3,17 May 2011,0.02140,0.02160
Week 4,24 May 2011,0.02146,0.02166

Week 1,31 May 2011,0.02159,0.02179
Week 2,07 Jun 2011,0.02144,0.02164
Week 3,14 Jun 2011,0.02142,0.02162
Week 4,21 Jun 2011,0.02145,0.02164

Week 1,28 Jun 2011,0.02138,0.02158
Week 2,05 Jul 2011,0.02138,0.02157
Week 3,12 Jul 2011,0.02131,0.02150
Week 4,19 Jul 2011,0.02113,0.02132

Week 1,26 Jul 2011,0.02130,0.02150
Week 2,02 Aug 2011,0.02157,0.02177
Week 3,09 Aug 2011,0.02167,0.02187
Week 4,16 Aug 2011,0.02148,0.02167

Week 1,23 Aug 2011,0.02132,0.02150
Week 2,30 Aug 2011,0.02123,0.02142
Week 3,06 Sep 2011,0.02125,0.02145
Week 4,13 Sep 2011,0.02050,0.02069

Week 1,20 Sep 2011,0.02034,0.02059
Week 2,27 Sep 2011,0.02070,0.02088
Week 3,04 Oct 2011,0.02093,0.02111
Week 4,11 Oct 2011,0.02051,0.02069

Week 1,18 Oct 2011,0.02017,0.02033
Week 2,25 Oct 2011,0.02008,0.02025
Week 3,01 Nov 2011,0.02036,0.02053
Week 4,08 Nov 2011,0.02018,0.02029

Week 1,15 Nov 2011,0.01993,0.02004
Week 2,22 Nov 2011,0.01978,0.01994
Week 3,29 Nov 2011,0.01969,0.01984
Week 4,06 Dec 2011,0.01949,0.01963

Week 1,13 Dec 2011,0.01898,0.01916
Week 2,20 Dec 2011,0.01890,0.01906
Week 3,27 Dec 2011,0.01871,0.01888
Week 4,03 Jan 2012,0.01887,0.01905

Week 1,10 Jan 2012,0.01933,0.01949
Week 2,17 Jan 2012,0.01968,0.01984
Week 3,24 Jan 2012,0.01987,0.02003
Week 4,31 Jan 2012,0.02006,0.02022

Week 1,07 Feb 2012,0.01998,0.02014
Week 2,14 Feb 2012,0.02000,0.02016
Week 3,21 Feb 2012,0.02008,0.02025
Week 4,28 Feb 2012,0.01995,0.02011

Week 1,06 Mar 2012,0.01975,0.01991
Week 2,13 Mar 2012,0.01938,0.01957
Week 3,20 Mar 2012,0.01910,0.01930
Week 4,27 Mar 2012,0.01907,0.01926

Week 1,03 Apr 2012,0.01910,0.01927
Week 2,10 Apr 2012,0.01906,0.01922
Week 3,17 Apr 2012,0.01883,0.01897
Week 4,24 Apr 2012,0.01845,0.01860

Week 1,01 May 2012,0.01837,0.01852
Week 2,08 May 2012,0.01848,0.01863
Week 3,15 May 2012,0.01843,0.01858
Week 4,22 May 2012,0.01828,0.01843

Week 1,29 May 2012,0.01837,0.01851
Week 2,05 Jun 2012,0.01854,0.01869
Week 3,12 Jun 2012,0.01835,0.01849
Week 4,19 Jun 2012,0.01804,0.01818

Week 1,26 Jun 2012,0.01808,0.01821
Week 2,03 Jul 2012,0.01836,0.01843
Week 3,10 Jul 2012,0.01839,0.01846
Week 4,17 Jul 2012,0.01835,0.01842

Week 1,24 Jul 2012,0.01815,0.01821
Week 2,31 Jul 2012,0.01803,0.01810
Week 3,07 Aug 2012,0.01801,0.01807
Week 4,14 Aug 2012,0.01777,0.01783

Week 1,21 Aug 2012,0.01787,0.01793
Week 2,28 Aug 2012,0.01777,0.01784
Week 3,04 Sep 2012,0.01772,0.01778
Week 4,11 Sep 2012,0.01776,0.01783

Week 1,18 Sep 2012,0.01818,0.01824
Week 2,25 Sep 2012,0.01852,0.01859
Week 3,02 Oct 2012,0.01886,0.01893
Week 4,09 Oct 2012,0.01857,0.01864

Week 1,16 Oct 2012,0.01848,0.01854
Week 2,23 Oct 2012,0.01849,0.01856
Week 3,30 Oct 2012,0.01849,0.01855
Week 4,06 Nov 2012,0.01830,0.01836

Week 1,13 Nov 2012,0.01818,0.01824
Week 2,20 Nov 2012,0.01802,0.01808
Week 3,27 Nov 2012,0.01804,0.01809
Week 4,04 Dec 2012,0.01819,0.01825

Week 1,11 Dec 2012,0.01811,0.01816
Week 2,18 Dec 2012,0.01797,0.01803
Week 3,25 Dec 2012,0.01806,0.01811
Week 4,01 Jan 2013,0.01806,0.01812

Week 1,08 Jan 2013,0.01793,0.01799
Week 2,15 Jan 2013,0.01819,0.01825
Week 3,22 Jan 2013,0.01858,0.01864
Week 4,29 Jan 2013,0.01873,0.01879

Week 1,05 Feb 2013,0.01867,0.01873
Week 2,12 Feb 2013,0.01855,0.01862
Week 3,19 Feb 2013,0.01867,0.01874
Week 4,26 Feb 2013,0.01880,0.01887

Week 1,05 Mar 2013,0.01879,0.01885
Week 2,12 Mar 2013,0.01886,0.01892
Week 3,19 Mar 2013,0.01882,0.01888
Week 4,26 Mar 2013,0.01868,0.01875

Week 1,02 Apr 2013,0.01857,0.01863
Week 2,09 Apr 2013,0.01859,0.01866
Week 3,16 Apr 2013,0.01896,0.01902
Week 4,23 Apr 2013,0.01886,0.01892

Week 1,30 Apr 2013,0.01880,0.01886
Week 2,07 May 2013,0.01856,0.01862
Week 3,14 May 2013,0.01859,0.01865
Week 4,21 May 2013,0.01855,0.01859

Week 1,28 May 2013,0.01838,0.01842
Week 2,04 Jun 2013,0.01806,0.01809
Week 3,11 Jun 2013,0.01758,0.01762
Week 4,18 Jun 2013,0.01743,0.01746

Week 1,25 Jun 2013,0.01751,0.01755
Week 2,02 Jul 2013,0.01748,0.01751
Week 3,09 Jul 2013,0.01739,0.01742
Week 4,16 Jul 2013,0.01743,0.01747

Week 1,23 Jul 2013,0.01735,0.01738
Week 2,30 Jul 2013,0.01699,0.01703
Week 3,06 Aug 2013,0.01694,0.01697
Week 4,13 Aug 2013,0.01669,0.01672

Week 1,20 Aug 2013,0.01626,0.01629
Week 2,27 Aug 2013,0.01574,0.01582
Week 3,03 Sep 2013,0.01581,0.01588
Week 4,10 Sep 2013,0.01621,0.01628

Week 1,17 Sep 2013,0.01642,0.01650
Week 2,24 Sep 2013,0.01646,0.01653
Week 3,01 Oct 2013,0.01666,0.01672
Week 4,08 Oct 2013,0.01692,0.01697

Week 1,15 Oct 2013,0.01689,0.01695
Week 2,22 Oct 2013,0.01694,0.01699
Week 3,29 Oct 2013,0.01695,0.01700
Week 4,05 Nov 2013,0.01669,0.01674

Week 1,12 Nov 2013,0.01654,0.01659
Week 2,19 Nov 2013,0.01676,0.01681
Week 3,26 Nov 2013,0.01697,0.01702
Week 4,03 Dec 2013,0.01726,0.01731

Week 1,10 Dec 2013,0.01722,0.01726
Week 2,17 Dec 2013,0.01716,0.01721
Week 3,24 Dec 2013,0.01721,0.01727
Week 4,31 Dec 2013,0.01716,0.01720

Week 1,07 Jan 2014,0.01747,0.01752
Week 2,14 Jan 2014,0.01781,0.01786
Week 3,21 Jan 2014,0.01779,0.01784
Week 4,28 Jan 2014,0.01775,0.01780

Week 1,04 Feb 2014,0.01775,0.01780
Week 2,11 Feb 2014,0.01775,0.01779
Week 3,18 Feb 2014,0.01781,0.01787
Week 4,25 Feb 2014,0.01791,0.01796

Week 1,04 Mar 2014,0.01799,0.01805
Week 2,11 Mar 2014,0.01813,0.01818
Week 3,18 Mar 2014,0.01826,0.01831
Week 4,25 Mar 2014,0.01845,0.01849

Week 1,01 Apr 2014,0.01835,0.01840
Week 2,08 Apr 2014,0.01813,0.01818
Week 3,15 Apr 2014,0.01820,0.01826
Week 4,22 Apr 2014,0.01811,0.01816

Week 1,29 Apr 2014,0.01820,0.01826
Week 2,06 May 2014,0.01817,0.01823
Week 3,13 May 2014,0.01840,0.01844
Week 4,20 May 2014,0.01861,0.01866

Week 1,27 May 2014,0.01840,0.01845
Week 2,03 Jun 2014,0.01846,0.01852
Week 3,10 Jun 2014,0.01830,0.01836
Week 4,17 Jun 2014,0.01797,0.01801

Week 1,24 Jun 2014,0.01779,0.01783
Week 2,01 Jul 2014,0.01781,0.01784
Week 3,08 Jul 2014,0.01782,0.01787
Week 4,15 Jul 2014,0.01784,0.01788

Week 1,22 Jul 2014,0.01792,0.01797
Week 2,29 Jul 2014,0.01796,0.01801
Week 3,05 Aug 2014,0.01787,0.01791
Week 4,12 Aug 2014,0.01787,0.01792

Week 1,19 Aug 2014,0.01802,0.01807
Week 2,26 Aug 2014,0.01800,0.01804
Week 3,02 Sep 2014,0.01801,0.01805
Week 4,09 Sep 2014,0.01810,0.01815

Week 1,16 Sep 2014,0.01802,0.01806
Week 2,23 Sep 2014,0.01812,0.01816
Week 3,30 Sep 2014,0.01813,0.01817
Week 4,07 Oct 2014,0.01822,0.01826

Week 1,14 Oct 2014,0.01834,0.01838
Week 2,21 Oct 2014,0.01838,0.01842
Week 3,28 Oct 2014,0.01830,0.01834
Week 4,04 Nov 2014,0.01851,0.01855

Week 1,11 Nov 2014,0.01839,0.01843
Week 2,18 Nov 2014,0.01826,0.01830
Week 3,25 Nov 2014,0.01827,0.01831
Week 4,02 Dec 2014,0.01840,0.01844

Week 1,09 Dec 2014,0.01846,0.01851
Week 2,16 Dec 2014,0.01828,0.01832
Week 3,23 Dec 2014,0.01824,0.01829
Week 4,30 Dec 2014,0.01837,0.01841

Week 1,06 Jan 2015,0.01879,0.01884
Week 2,13 Jan 2015,0.01928,0.01933
Week 3,20 Jan 2015,0.01987,0.01992
Week 4,27 Jan 2015,0.02036,0.02041

Week 1,03 Feb 2015,0.02023,0.02028
Week 2,10 Feb 2015,0.02009,0.02014
Week 3,17 Feb 2015,0.02004,0.02008
Week 4,24 Feb 2015,0.02019,0.02025

Week 1,03 Mar 2015,0.02010,0.02015
Week 2,10 Mar 2015,0.02023,0.02028
Week 3,17 Mar 2015,0.02025,0.02029
Week 4,24 Mar 2015,0.02002,0.02007

Week 1,31 Mar 2015,0.02018,0.02026
Week 2,07 Apr 2015,0.02010,0.02017
Week 3,14 Apr 2015,0.01979,0.01986
Week 4,21 Apr 2015,0.01927,0.01934

Week 1,28 Apr 2015,0.01901,0.01907
Week 2,05 May 2015,0.01892,0.01899
Week 3,12 May 2015,0.01882,0.01888
Week 4,19 May 2015,0.01915,0.01922

Week 1,26 May 2015,0.01942,0.01949
Week 2,02 Jun 2015,0.01946,0.01952
Week 3,09 Jun 2015,0.01924,0.01930
Week 4,16 Jun 2015,0.01921,0.01928

Week 1,23 Jun 2015,0.01938,0.01944
Week 2,30 Jun 2015,0.01970,0.01977
Week 3,07 Jul 2015,0.01999,0.02006
Week 4,14 Jul 2015,0.02030,0.02037

Week 1,21 Jul 2015,0.02039,0.02045
Week 2,28 Jul 2015,0.02031,0.02037
Week 3,04 Aug 2015,0.02057,0.02064
Week 4,11 Aug 2015,0.02017,0.02023

Week 1,18 Aug 2015,0.01996,0.02002
Week 2,25 Aug 2015,0.01994,0.02001
Week 3,01 Sep 2015,0.01990,0.01996
Week 4,08 Sep 2015,0.01990,0.01997

Week 1,15 Sep 2015,0.01995,0.02001
Week 2,22 Sep 2015,0.02009,0.02016
Week 3,29 Sep 2015,0.02019,0.02025
Week 4,06 Oct 2015,0.02002,0.02008

Week 1,13 Oct 2015,0.01993,0.02000
Week 2,20 Oct 2015,0.02011,0.02017
Week 3,27 Oct 2015,0.02015,0.02021
Week 4,03 Nov 2015,0.02001,0.02007

Week 1,10 Nov 2015,0.02007,0.02012
Week 2,17 Nov 2015,0.02015,0.02021
Week 3,24 Nov 2015,0.02002,0.02008
Week 4,01 Dec 2015,0.02003,0.02008

Week 1,08 Dec 2015,0.02033,0.02039
Week 2,15 Dec 2015,0.02078,0.02084
Week 3,22 Dec 2015,0.02101,0.02106
Week 4,29 Dec 2015,0.02092,0.02096

Week 1,05 Jan 2016,0.02107,0.02113
Week 2,12 Jan 2016,0.02133,0.02139
Week 3,19 Jan 2016,0.02119,0.02125
Week 4,26 Jan 2016,0.02072,0.02078

Week 1,02 Feb 2016,0.02048,0.02054
Week 2,09 Feb 2016,0.02038,0.02045
Week 3,16 Feb 2016,0.02009,0.02015
Week 4,23 Feb 2016,0.01984,0.01990

Week 1,01 Mar 2016,0.01985,0.01991
Week 2,08 Mar 2016,0.01977,0.01983
Week 3,15 Mar 2016,0.01963,0.01969
Week 4,22 Mar 2016,0.01970,0.01976

Week 1,29 Mar 2016,0.01966,0.01972
Week 2,05 Apr 2016,0.01962,0.01969
Week 3,12 Apr 2016,0.01928,0.01934
Week 4,19 Apr 2016,0.01909,0.01915

Week 1,26 Apr 2016,0.01890,0.01895
Week 2,03 May 2016,0.01916,0.01922
Week 3,10 May 2016,0.01931,0.01937
Week 4,17 May 2016,0.01936,0.01942

Week 1,24 May 2016,0.01938,0.01944
Week 2,31 May 2016,0.01938,0.01944
Week 3,07 Jun 2016,0.01910,0.01915
Week 4,14 Jun 2016,0.01914,0.01920

Week 1,21 Jun 2016,0.01898,0.01903
Week 2,28 Jun 2016,0.01916,0.01922
Week 3,05 Jul 2016,0.01925,0.01931
Week 4,12 Jul 2016,0.01936,0.01942

Week 1,19 Jul 2016,0.01942,0.01948
Week 2,26 Jul 2016,0.01956,0.01962
Week 3,02 Aug 2016,0.01960,0.01966
Week 4,09 Aug 2016,0.01949,0.01956

Week 1,16 Aug 2016,0.01919,0.01925
Week 2,23 Aug 2016,0.01925,0.01931
Week 3,30 Aug 2016,0.01946,0.01952
Week 4,06 Sep 2016,0.01940,0.01946

Week 1,13 Sep 2016,0.01961,0.01967
Week 2,20 Sep 2016,0.01963,0.01969
Week 3,27 Sep 2016,0.01972,0.01978
Week 4,04 Oct 2016,0.01982,0.01988

Week 1,11 Oct 2016,0.01976,0.01982
Week 2,18 Oct 2016,0.01975,0.01981
Week 3,25 Oct 2016,0.01999,0.02005
Week 4,01 Nov 2016,0.02005,0.02012

Week 1,08 Nov 2016,0.02005,0.02011
Week 2,15 Nov 2016,0.01985,0.01991
Week 3,22 Nov 2016,0.01968,0.01974
Week 4,29 Nov 2016,0.01955,0.01961

Week 1,06 Dec 2016,0.01955,0.01961
Week 2,13 Dec 2016,0.01956,0.01962
Week 3,20 Dec 2016,0.01979,0.01985
Week 4,27 Dec 2016,0.01983,0.01990

Week 1,03 Jan 2017,0.01955,0.01962
Week 2,10 Jan 2017,0.01929,0.01934
Week 3,17 Jan 2017,0.01940,0.01945
Week 4,24 Jan 2017,0.01929,0.01935

Week 1,31 Jan 2017,0.01933,0.01939
Week 2,07 Feb 2017,0.01954,0.01960
Week 3,14 Feb 2017,0.01949,0.01955
Week 4,21 Feb 2017,0.01959,0.01965

Week 1,28 Feb 2017,0.01991,0.01997
Week 2,07 Mar 2017,0.02016,0.02022
Week 3,14 Mar 2017,0.02036,0.02042
Week 4,21 Mar 2017,0.02041,0.02047

Week 1,28 Mar 2017,0.02053,0.02059
Week 2,04 Apr 2017,0.02068,0.02075
Week 3,11 Apr 2017,0.02061,0.02067
Week 4,18 Apr 2017,0.02074,0.02081

Week 1,25 Apr 2017,0.02111,0.02118
Week 2,02 May 2017,0.02127,0.02134
Week 3,09 May 2017,0.02125,0.02132
Week 4,16 May 2017,0.02107,0.02113

Week 1,23 May 2017,0.02082,0.02088
Week 2,30 May 2017,0.02090,0.02096
Week 3,06 Jun 2017,0.02091,0.02098
Week 4,13 Jun 2017,0.02057,0.02062

Week 1,20 Jun 2017,0.02052,0.02058
Week 2,27 Jun 2017,0.02021,0.02027
Week 3,04 Jul 2017,0.01995,0.02001
Week 4,11 Jul 2017,0.01980,0.01984

Week 1,18 Jul 2017,0.01955,0.01959
Week 2,25 Jul 2017,0.01940,0.01946
Week 3,01 Aug 2017,0.01968,0.01973
Week 4,08 Aug 2017,0.01981,0.01985

Week 1,15 Aug 2017,0.01971,0.01976
Week 2,22 Aug 2017,0.01955,0.01960
Week 3,29 Aug 2017,0.01950,0.01954
Week 4,05 Sep 2017,0.01911,0.01915

Week 1,12 Sep 2017,0.01897,0.01901
Week 2,19 Sep 2017,0.01900,0.01904
Week 3,26 Sep 2017,0.01896,0.01900
Week 4,03 Oct 2017,0.01910,0.01914

Week 1,10 Oct 2017,0.01916,0.01920
Week 2,17 Oct 2017,0.01927,0.01931
Week 3,24 Oct 2017,0.01961,0.01964
Week 4,31 Oct 2017,0.01979,0.01982

Week 1,07 Nov 2017,0.01950,0.01953
Week 2,14 Nov 2017,0.01953,0.01956
Week 3,21 Nov 2017,0.01965,0.01970
Week 4,28 Nov 2017,0.01979,0.01983

Week 1,05 Dec 2017,0.01969,0.01972


