IND->USD

Week 1,01 Dec 1998,0.02349,0.02350
Week 2,08 Dec 1998,0.02347,0.02351
Week 3,15 Dec 1998,0.02350,0.02350
Week 4,22 Dec 1998,0.02351,0.02352

Week 1,29 Dec 1998,0.02353,0.02354
Week 2,05 Jan 1999,0.02351,0.02352
Week 3,12 Jan 1999,0.02353,0.02355
Week 4,19 Jan 1999,0.02352,0.02353

Week 1,26 Jan 1999,0.02353,0.02354
Week 2,02 Feb 1999,0.02354,0.02356
Week 3,09 Feb 1999,0.02356,0.02356
Week 4,16 Feb 1999,0.02356,0.02357

Week 1,23 Feb 1999,0.02345,0.02352
Week 2,02 Mar 1999,0.02351,0.02353
Week 3,09 Mar 1999,0.02356,0.02356
Week 4,16 Mar 1999,0.02358,0.02359

Week 1,23 Mar 1999,0.02356,0.02361
Week 2,30 Mar 1999,0.02356,0.02361
Week 3,06 Apr 1999,0.02343,0.02345
Week 4,13 Apr 1999,0.02336,0.02341

Week 1,20 Apr 1999,0.02336,0.02338
Week 2,27 Apr 1999,0.02335,0.02337
Week 3,04 May 1999,0.02340,0.02340
Week 4,11 May 1999,0.02339,0.02340

Week 1,18 May 1999,0.02339,0.02340
Week 2,25 May 1999,0.02331,0.02333
Week 3,01 Jun 1999,0.02334,0.02334
Week 4,08 Jun 1999,0.02326,0.02327

Week 1,15 Jun 1999,0.02317,0.02318
Week 2,22 Jun 1999,0.02308,0.02309
Week 3,29 Jun 1999,0.02306,0.02307
Week 4,06 Jul 1999,0.02307,0.02309

Week 1,13 Jul 1999,0.02312,0.02313
Week 2,20 Jul 1999,0.02311,0.02313
Week 3,27 Jul 1999,0.02308,0.02309
Week 4,03 Aug 1999,0.02306,0.02306

Week 1,10 Aug 1999,0.02303,0.02304
Week 2,17 Aug 1999,0.02298,0.02300
Week 3,24 Aug 1999,0.02298,0.02300
Week 4,31 Aug 1999,0.02299,0.02299

Week 1,07 Sep 1999,0.02297,0.02299
Week 2,14 Sep 1999,0.02296,0.02298
Week 3,21 Sep 1999,0.02295,0.02297
Week 4,28 Sep 1999,0.02293,0.02295

Week 1,05 Oct 1999,0.02298,0.02299
Week 2,12 Oct 1999,0.02304,0.02304
Week 3,19 Oct 1999,0.02303,0.02304
Week 4,26 Oct 1999,0.02304,0.02305

Week 1,02 Nov 1999,0.02303,0.02303
Week 2,09 Nov 1999,0.02304,0.02305
Week 3,16 Nov 1999,0.02304,0.02306
Week 4,23 Nov 1999,0.02304,0.02305

Week 1,30 Nov 1999,0.02304,0.02304
Week 2,07 Dec 1999,0.02301,0.02302
Week 3,14 Dec 1999,0.02298,0.02299
Week 4,21 Dec 1999,0.02298,0.02299

Week 1,28 Dec 1999,0.02298,0.02299
Week 2,04 Jan 2000,0.02298,0.02300
Week 3,11 Jan 2000,0.02297,0.02298
Week 4,18 Jan 2000,0.02294,0.02297

Week 1,25 Jan 2000,0.02293,0.02295
Week 2,01 Feb 2000,0.02293,0.02294
Week 3,08 Feb 2000,0.02292,0.02293
Week 4,15 Feb 2000,0.02293,0.02294

Week 1,22 Feb 2000,0.02292,0.02294
Week 2,29 Feb 2000,0.02293,0.02295
Week 3,07 Mar 2000,0.02294,0.02296
Week 4,14 Mar 2000,0.02294,0.02296

Week 1,21 Mar 2000,0.02293,0.02295
Week 2,28 Mar 2000,0.02293,0.02294
Week 3,04 Apr 2000,0.02292,0.02293
Week 4,11 Apr 2000,0.02290,0.02293

Week 1,18 Apr 2000,0.02289,0.02292
Week 2,25 Apr 2000,0.02290,0.02291
Week 3,02 May 2000,0.02291,0.02292
Week 4,09 May 2000,0.02279,0.02281

Week 1,16 May 2000,0.02273,0.02277
Week 2,23 May 2000,0.02262,0.02271
Week 3,30 May 2000,0.02260,0.02270
Week 4,06 Jun 2000,0.02260,0.02270

Week 1,13 Jun 2000,0.02234,0.02238
Week 2,20 Jun 2000,0.02238,0.02241
Week 3,27 Jun 2000,0.02236,0.02242
Week 4,04 Jul 2000,0.02236,0.02238

Week 1,11 Jul 2000,0.02237,0.02238
Week 2,18 Jul 2000,0.02227,0.02229
Week 3,25 Jul 2000,0.02228,0.02231
Week 4,01 Aug 2000,0.02206,0.02212

Week 1,08 Aug 2000,0.02183,0.02190
Week 2,15 Aug 2000,0.02179,0.02188
Week 3,22 Aug 2000,0.02179,0.02187
Week 4,29 Aug 2000,0.02181,0.02187

Week 1,05 Sep 2000,0.02186,0.02194
Week 2,12 Sep 2000,0.02185,0.02193
Week 3,19 Sep 2000,0.02165,0.02172
Week 4,26 Sep 2000,0.02170,0.02177

Week 1,03 Oct 2000,0.02165,0.02175
Week 2,10 Oct 2000,0.02157,0.02163
Week 3,17 Oct 2000,0.02156,0.02162
Week 4,24 Oct 2000,0.02143,0.02149

Week 1,31 Oct 2000,0.02140,0.02145
Week 2,07 Nov 2000,0.02139,0.02145
Week 3,14 Nov 2000,0.02134,0.02140
Week 4,21 Nov 2000,0.02134,0.02138

Week 1,28 Nov 2000,0.02131,0.02137
Week 2,05 Dec 2000,0.02137,0.02141
Week 3,12 Dec 2000,0.02137,0.02141
Week 4,19 Dec 2000,0.02139,0.02144

Week 1,26 Dec 2000,0.02140,0.02144
Week 2,02 Jan 2001,0.02139,0.02143
Week 3,09 Jan 2001,0.02143,0.02148
Week 4,16 Jan 2001,0.02151,0.02157

Week 1,23 Jan 2001,0.02152,0.02156
Week 2,30 Jan 2001,0.02153,0.02157
Week 3,06 Feb 2001,0.02152,0.02156
Week 4,13 Feb 2001,0.02147,0.02151

Week 1,20 Feb 2001,0.02144,0.02149
Week 2,27 Feb 2001,0.02146,0.02150
Week 3,06 Mar 2001,0.02148,0.02152
Week 4,13 Mar 2001,0.02143,0.02146

Week 1,20 Mar 2001,0.02140,0.02144
Week 2,27 Mar 2001,0.02143,0.02147
Week 3,03 Apr 2001,0.02144,0.02148
Week 4,10 Apr 2001,0.02137,0.02142

Week 1,17 Apr 2001,0.02131,0.02136
Week 2,24 Apr 2001,0.02133,0.02137
Week 3,01 May 2001,0.02135,0.02137
Week 4,08 May 2001,0.02134,0.02136

Week 1,15 May 2001,0.02128,0.02133
Week 2,22 May 2001,0.02127,0.02131
Week 3,29 May 2001,0.02127,0.02131
Week 4,05 Jun 2001,0.02127,0.02131

Week 1,12 Jun 2001,0.02126,0.02129
Week 2,19 Jun 2001,0.02126,0.02131
Week 3,26 Jun 2001,0.02125,0.02129
Week 4,03 Jul 2001,0.02120,0.02124

Week 1,10 Jul 2001,0.02119,0.02123
Week 2,17 Jul 2001,0.02120,0.02124
Week 3,24 Jul 2001,0.02120,0.02124
Week 4,31 Jul 2001,0.02121,0.02124

Week 1,07 Aug 2001,0.02120,0.02125
Week 2,14 Aug 2001,0.02120,0.02125
Week 3,21 Aug 2001,0.02120,0.02125
Week 4,28 Aug 2001,0.02120,0.02124

Week 1,04 Sep 2001,0.02117,0.02122
Week 2,11 Sep 2001,0.02102,0.02104
Week 3,18 Sep 2001,0.02082,0.02087
Week 4,25 Sep 2001,0.02086,0.02092

Week 1,02 Oct 2001,0.02081,0.02088
Week 2,09 Oct 2001,0.02076,0.02083
Week 3,16 Oct 2001,0.02078,0.02085
Week 4,23 Oct 2001,0.02079,0.02086

Week 1,30 Oct 2001,0.02080,0.02087
Week 2,06 Nov 2001,0.02081,0.02089
Week 3,13 Nov 2001,0.02081,0.02088
Week 4,20 Nov 2001,0.02081,0.02087

Week 1,27 Nov 2001,0.02080,0.02087
Week 2,04 Dec 2001,0.02085,0.02092
Week 3,11 Dec 2001,0.02087,0.02094
Week 4,18 Dec 2001,0.02087,0.02095

Week 1,25 Dec 2001,0.02076,0.02083
Week 2,01 Jan 2002,0.02069,0.02076
Week 3,08 Jan 2002,0.02070,0.02077
Week 4,15 Jan 2002,0.02068,0.02075

Week 1,22 Jan 2002,0.02067,0.02074
Week 2,29 Jan 2002,0.02066,0.02073
Week 3,05 Feb 2002,0.02051,0.02058
Week 4,12 Feb 2002,0.02049,0.02056

Week 1,19 Feb 2002,0.02051,0.02058
Week 2,26 Feb 2002,0.02047,0.02055
Week 3,05 Mar 2002,0.02050,0.02057
Week 4,12 Mar 2002,0.02049,0.02056

Week 1,19 Mar 2002,0.02048,0.02055
Week 2,26 Mar 2002,0.02045,0.02052
Week 3,02 Apr 2002,0.02043,0.02050
Week 4,09 Apr 2002,0.02041,0.02048

Week 1,16 Apr 2002,0.02041,0.02048
Week 2,23 Apr 2002,0.02038,0.02045
Week 3,30 Apr 2002,0.02038,0.02044
Week 4,07 May 2002,0.02038,0.02046

Week 1,14 May 2002,0.02037,0.02044
Week 2,21 May 2002,0.02035,0.02042
Week 3,28 May 2002,0.02037,0.02044
Week 4,04 Jun 2002,0.02037,0.02044

Week 1,11 Jun 2002,0.02037,0.02044
Week 2,18 Jun 2002,0.02040,0.02048
Week 3,25 Jun 2002,0.02042,0.02049
Week 4,02 Jul 2002,0.02044,0.02051

Week 1,09 Jul 2002,0.02046,0.02052
Week 2,16 Jul 2002,0.02047,0.02054
Week 3,23 Jul 2002,0.02051,0.02058
Week 4,30 Jul 2002,0.02051,0.02058

Week 1,06 Aug 2002,0.02051,0.02058
Week 2,13 Aug 2002,0.02054,0.02061
Week 3,20 Aug 2002,0.02055,0.02063
Week 4,27 Aug 2002,0.02059,0.02066

Week 1,03 Sep 2002,0.02057,0.02064
Week 2,10 Sep 2002,0.02059,0.02066
Week 3,17 Sep 2002,0.02062,0.02069
Week 4,24 Sep 2002,0.02063,0.02070

Week 1,01 Oct 2002,0.02064,0.02071
Week 2,08 Oct 2002,0.02064,0.02072
Week 3,15 Oct 2002,0.02065,0.02072
Week 4,22 Oct 2002,0.02064,0.02071

Week 1,29 Oct 2002,0.02062,0.02069
Week 2,05 Nov 2002,0.02066,0.02073
Week 3,12 Nov 2002,0.02068,0.02076
Week 4,19 Nov 2002,0.02071,0.02078

Week 1,26 Nov 2002,0.02072,0.02079
Week 2,03 Dec 2002,0.02069,0.02077
Week 3,10 Dec 2002,0.02070,0.02077
Week 4,17 Dec 2002,0.02073,0.02080

Week 1,24 Dec 2002,0.02080,0.02087
Week 2,31 Dec 2002,0.02079,0.02086
Week 3,07 Jan 2003,0.02080,0.02087
Week 4,14 Jan 2003,0.02084,0.02091

Week 1,21 Jan 2003,0.02083,0.02091
Week 2,28 Jan 2003,0.02087,0.02094
Week 3,04 Feb 2003,0.02093,0.02100
Week 4,11 Feb 2003,0.02088,0.02096

Week 1,18 Feb 2003,0.02092,0.02099
Week 2,25 Feb 2003,0.02091,0.02099
Week 3,04 Mar 2003,0.02094,0.02101
Week 4,11 Mar 2003,0.02095,0.02102

Week 1,18 Mar 2003,0.02093,0.02100
Week 2,25 Mar 2003,0.02097,0.02104
Week 3,01 Apr 2003,0.02105,0.02112
Week 4,08 Apr 2003,0.02106,0.02113

Week 1,15 Apr 2003,0.02105,0.02113
Week 2,22 Apr 2003,0.02109,0.02116
Week 3,29 Apr 2003,0.02108,0.02115
Week 4,06 May 2003,0.02112,0.02120

Week 1,13 May 2003,0.02117,0.02125
Week 2,20 May 2003,0.02127,0.02135
Week 3,27 May 2003,0.02124,0.02132
Week 4,03 Jun 2003,0.02127,0.02134

Week 1,10 Jun 2003,0.02135,0.02143
Week 2,17 Jun 2003,0.02143,0.02151
Week 3,24 Jun 2003,0.02147,0.02155
Week 4,01 Jul 2003,0.02152,0.02160

Week 1,08 Jul 2003,0.02160,0.02168
Week 2,15 Jul 2003,0.02161,0.02168
Week 3,22 Jul 2003,0.02162,0.02170
Week 4,29 Jul 2003,0.02163,0.02170

Week 1,05 Aug 2003,0.02167,0.02175
Week 2,12 Aug 2003,0.02175,0.02182
Week 3,19 Aug 2003,0.02180,0.02187
Week 4,26 Aug 2003,0.02177,0.02185

Week 1,02 Sep 2003,0.02176,0.02183
Week 2,09 Sep 2003,0.02182,0.02189
Week 3,16 Sep 2003,0.02175,0.02183
Week 4,23 Sep 2003,0.02179,0.02186

Week 1,30 Sep 2003,0.02192,0.02200
Week 2,07 Oct 2003,0.02201,0.02209
Week 3,14 Oct 2003,0.02198,0.02205
Week 4,21 Oct 2003,0.02204,0.02211

Week 1,28 Oct 2003,0.02203,0.02210
Week 2,04 Nov 2003,0.02205,0.02213
Week 3,11 Nov 2003,0.02201,0.02208
Week 4,18 Nov 2003,0.02185,0.02193

Week 1,25 Nov 2003,0.02175,0.02182
Week 2,02 Dec 2003,0.02189,0.02196
Week 3,09 Dec 2003,0.02193,0.02200
Week 4,16 Dec 2003,0.02196,0.02202

Week 1,23 Dec 2003,0.02193,0.02200
Week 2,30 Dec 2003,0.02189,0.02196
Week 3,06 Jan 2004,0.02194,0.02202
Week 4,13 Jan 2004,0.02198,0.02206

Week 1,20 Jan 2004,0.02200,0.02208
Week 2,27 Jan 2004,0.02204,0.02212
Week 3,03 Feb 2004,0.02206,0.02213
Week 4,10 Feb 2004,0.02207,0.02214

Week 1,17 Feb 2004,0.02207,0.02214
Week 2,24 Feb 2004,0.02207,0.02214
Week 3,02 Mar 2004,0.02206,0.02213
Week 4,09 Mar 2004,0.02206,0.02214

Week 1,16 Mar 2004,0.02209,0.02216
Week 2,23 Mar 2004,0.02232,0.02239
Week 3,30 Mar 2004,0.02282,0.02290
Week 4,06 Apr 2004,0.02290,0.02297

Week 1,13 Apr 2004,0.02281,0.02289
Week 2,20 Apr 2004,0.02265,0.02273
Week 3,27 Apr 2004,0.02255,0.02263
Week 4,04 May 2004,0.02236,0.02244

Week 1,11 May 2004,0.02204,0.02211
Week 2,18 May 2004,0.02204,0.02212
Week 3,25 May 2004,0.02201,0.02209
Week 4,01 Jun 2004,0.02207,0.02214

Week 1,08 Jun 2004,0.02215,0.02223
Week 2,15 Jun 2004,0.02196,0.02203
Week 3,22 Jun 2004,0.02178,0.02185
Week 4,29 Jun 2004,0.02179,0.02186

Week 1,06 Jul 2004,0.02181,0.02188
Week 2,13 Jul 2004,0.02172,0.02179
Week 3,20 Jul 2004,0.02162,0.02169
Week 4,27 Jul 2004,0.02156,0.02163

Week 1,03 Aug 2004,0.02156,0.02163
Week 2,10 Aug 2004,0.02157,0.02164
Week 3,17 Aug 2004,0.02157,0.02164
Week 4,24 Aug 2004,0.02157,0.02164

Week 1,31 Aug 2004,0.02156,0.02163
Week 2,07 Sep 2004,0.02158,0.02165
Week 3,14 Sep 2004,0.02177,0.02184
Week 4,21 Sep 2004,0.02176,0.02184

Week 1,28 Sep 2004,0.02172,0.02180
Week 2,05 Oct 2004,0.02180,0.02187
Week 3,12 Oct 2004,0.02179,0.02186
Week 4,19 Oct 2004,0.02183,0.02188

Week 1,26 Oct 2004,0.02195,0.02199
Week 2,02 Nov 2004,0.02210,0.02215
Week 3,09 Nov 2004,0.02215,0.02219
Week 4,16 Nov 2004,0.02218,0.02224

Week 1,23 Nov 2004,0.02220,0.02225
Week 2,30 Nov 2004,0.02257,0.02262
Week 3,07 Dec 2004,0.02263,0.02267
Week 4,14 Dec 2004,0.02272,0.02277

Week 1,21 Dec 2004,0.02284,0.02289
Week 2,28 Dec 2004,0.02292,0.02297
Week 3,04 Jan 2005,0.02284,0.02289
Week 4,11 Jan 2005,0.02288,0.02293

Week 1,18 Jan 2005,0.02286,0.02292
Week 2,25 Jan 2005,0.02287,0.02291
Week 3,01 Feb 2005,0.02298,0.02304
Week 4,08 Feb 2005,0.02286,0.02292

Week 1,15 Feb 2005,0.02283,0.02289
Week 2,22 Feb 2005,0.02287,0.02293
Week 3,01 Mar 2005,0.02287,0.02293
Week 4,08 Mar 2005,0.02292,0.02300

Week 1,15 Mar 2005,0.02291,0.02298
Week 2,22 Mar 2005,0.02284,0.02290
Week 3,29 Mar 2005,0.02286,0.02291
Week 4,05 Apr 2005,0.02284,0.02288

Week 1,12 Apr 2005,0.02284,0.02289
Week 2,19 Apr 2005,0.02284,0.02290
Week 3,26 Apr 2005,0.02290,0.02295
Week 4,03 May 2005,0.02297,0.02305

Week 1,10 May 2005,0.02301,0.02309
Week 2,17 May 2005,0.02298,0.02305
Week 3,24 May 2005,0.02295,0.02303
Week 4,31 May 2005,0.02287,0.02295

Week 1,07 Jun 2005,0.02293,0.02301
Week 2,14 Jun 2005,0.02291,0.02299
Week 3,21 Jun 2005,0.02294,0.02302
Week 4,28 Jun 2005,0.02294,0.02302

Week 1,05 Jul 2005,0.02291,0.02299
Week 2,12 Jul 2005,0.02294,0.02302
Week 3,19 Jul 2005,0.02299,0.02307
Week 4,26 Jul 2005,0.02299,0.02306

Week 1,02 Aug 2005,0.02298,0.02306
Week 2,09 Aug 2005,0.02293,0.02301
Week 3,16 Aug 2005,0.02294,0.02302
Week 4,23 Aug 2005,0.02287,0.02295

Week 1,30 Aug 2005,0.02273,0.02281
Week 2,06 Sep 2005,0.02279,0.02287
Week 3,13 Sep 2005,0.02277,0.02285
Week 4,20 Sep 2005,0.02276,0.02284

Week 1,27 Sep 2005,0.02271,0.02278
Week 2,04 Oct 2005,0.02258,0.02265
Week 3,11 Oct 2005,0.02228,0.02236
Week 4,18 Oct 2005,0.02216,0.02223

Week 1,25 Oct 2005,0.02216,0.02224
Week 2,01 Nov 2005,0.02204,0.02212
Week 3,08 Nov 2005,0.02186,0.02193
Week 4,15 Nov 2005,0.02185,0.02192

Week 1,22 Nov 2005,0.02182,0.02189
Week 2,29 Nov 2005,0.02169,0.02176
Week 3,06 Dec 2005,0.02162,0.02169
Week 4,13 Dec 2005,0.02191,0.02198

Week 1,20 Dec 2005,0.02211,0.02218
Week 2,27 Dec 2005,0.02212,0.02219
Week 3,03 Jan 2006,0.02231,0.02239
Week 4,10 Jan 2006,0.02262,0.02269

Week 1,17 Jan 2006,0.02258,0.02265
Week 2,24 Jan 2006,0.02264,0.02272
Week 3,31 Jan 2006,0.02262,0.02269
Week 4,07 Feb 2006,0.02261,0.02269

Week 1,14 Feb 2006,0.02254,0.02262
Week 2,21 Feb 2006,0.02248,0.02256
Week 3,28 Feb 2006,0.02256,0.02264
Week 4,07 Mar 2006,0.02251,0.02259

Week 1,14 Mar 2006,0.02251,0.02259
Week 2,21 Mar 2006,0.02246,0.02253
Week 3,28 Mar 2006,0.02240,0.02247
Week 4,04 Apr 2006,0.02242,0.02249

Week 1,11 Apr 2006,0.02220,0.02227
Week 2,18 Apr 2006,0.02214,0.02221
Week 3,25 Apr 2006,0.02221,0.02229
Week 4,02 May 2006,0.02226,0.02233

Week 1,09 May 2006,0.02223,0.02231
Week 2,16 May 2006,0.02202,0.02210
Week 3,23 May 2006,0.02183,0.02191
Week 4,30 May 2006,0.02170,0.02178

Week 1,06 Jun 2006,0.02176,0.02184
Week 2,13 Jun 2006,0.02176,0.02184
Week 3,20 Jun 2006,0.02171,0.02178
Week 4,27 Jun 2006,0.02163,0.02170

Week 1,04 Jul 2006,0.02171,0.02179
Week 2,11 Jul 2006,0.02160,0.02168
Week 3,18 Jul 2006,0.02136,0.02144
Week 4,25 Jul 2006,0.02137,0.02145

Week 1,01 Aug 2006,0.02146,0.02153
Week 2,08 Aug 2006,0.02147,0.02154
Week 3,15 Aug 2006,0.02148,0.02156
Week 4,22 Aug 2006,0.02147,0.02155

Week 1,29 Aug 2006,0.02145,0.02153
Week 2,05 Sep 2006,0.02161,0.02169
Week 3,12 Sep 2006,0.02164,0.02172
Week 4,19 Sep 2006,0.02171,0.02179

Week 1,26 Sep 2006,0.02176,0.02184
Week 2,03 Oct 2006,0.02186,0.02194
Week 3,10 Oct 2006,0.02192,0.02199
Week 4,17 Oct 2006,0.02204,0.02212

Week 1,24 Oct 2006,0.02207,0.02215
Week 2,31 Oct 2006,0.02222,0.02231
Week 3,07 Nov 2006,0.02232,0.02240
Week 4,14 Nov 2006,0.02219,0.02228

Week 1,21 Nov 2006,0.02233,0.02235
Week 2,28 Nov 2006,0.02237,0.02238
Week 3,05 Dec 2006,0.02241,0.02242
Week 4,12 Dec 2006,0.02236,0.02236

Week 1,19 Dec 2006,0.02239,0.02240
Week 2,26 Dec 2006,0.02258,0.02259
Week 3,02 Jan 2007,0.02258,0.02259
Week 4,09 Jan 2007,0.02250,0.02250

Week 1,16 Jan 2007,0.02260,0.02262
Week 2,23 Jan 2007,0.02261,0.02262
Week 3,30 Jan 2007,0.02265,0.02267
Week 4,06 Feb 2007,0.02268,0.02269

Week 1,13 Feb 2007,0.02269,0.02271
Week 2,20 Feb 2007,0.02262,0.02264
Week 3,27 Feb 2007,0.02259,0.02261
Week 4,06 Mar 2007,0.02254,0.02256

Week 1,13 Mar 2007,0.02263,0.02264
Week 2,20 Mar 2007,0.02286,0.02288
Week 3,27 Mar 2007,0.02309,0.02311
Week 4,03 Apr 2007,0.02330,0.02332

Week 1,10 Apr 2007,0.02340,0.02341
Week 2,17 Apr 2007,0.02384,0.02384
Week 3,24 Apr 2007,0.02430,0.02431
Week 4,01 May 2007,0.02434,0.02435

Week 1,08 May 2007,0.02433,0.02434
Week 2,15 May 2007,0.02452,0.02454
Week 3,22 May 2007,0.02463,0.02463
Week 4,29 May 2007,0.02464,0.02464

Week 1,05 Jun 2007,0.02448,0.02449
Week 2,12 Jun 2007,0.02445,0.02446
Week 3,19 Jun 2007,0.02453,0.02453
Week 4,26 Jun 2007,0.02449,0.02449

Week 1,03 Jul 2007,0.02469,0.02470
Week 2,10 Jul 2007,0.02473,0.02474
Week 3,17 Jul 2007,0.02478,0.02478
Week 4,24 Jul 2007,0.02475,0.02475

Week 1,31 Jul 2007,0.02475,0.02475
Week 2,07 Aug 2007,0.02466,0.02467
Week 3,14 Aug 2007,0.02445,0.02446
Week 4,21 Aug 2007,0.02435,0.02436

Week 1,28 Aug 2007,0.02438,0.02438
Week 2,04 Sep 2007,0.02450,0.02451
Week 3,11 Sep 2007,0.02469,0.02469
Week 4,18 Sep 2007,0.02492,0.02493

Week 1,25 Sep 2007,0.02514,0.02515
Week 2,02 Oct 2007,0.02523,0.02524
Week 3,09 Oct 2007,0.02539,0.02540
Week 4,16 Oct 2007,0.02525,0.02526

Week 1,23 Oct 2007,0.02527,0.02528
Week 2,30 Oct 2007,0.02534,0.02535
Week 3,06 Nov 2007,0.02544,0.02544
Week 4,13 Nov 2007,0.02541,0.02542

Week 1,20 Nov 2007,0.02530,0.02531
Week 2,27 Nov 2007,0.02517,0.02518
Week 3,04 Dec 2007,0.02534,0.02535
Week 4,11 Dec 2007,0.02540,0.02540

Week 1,18 Dec 2007,0.02527,0.02528
Week 2,25 Dec 2007,0.02536,0.02536
Week 3,01 Jan 2008,0.02540,0.02540
Week 4,08 Jan 2008,0.02545,0.02546

Week 1,15 Jan 2008,0.02545,0.02545
Week 2,22 Jan 2008,0.02533,0.02533
Week 3,29 Jan 2008,0.02540,0.02540
Week 4,05 Feb 2008,0.02527,0.02527

Week 1,12 Feb 2008,0.02520,0.02521
Week 2,19 Feb 2008,0.02502,0.02503
Week 3,26 Feb 2008,0.02505,0.02506
Week 4,04 Mar 2008,0.02474,0.02475

Week 1,11 Mar 2008,0.02472,0.02473
Week 2,18 Mar 2008,0.02469,0.02470
Week 3,25 Mar 2008,0.02496,0.02496
Week 4,01 Apr 2008,0.02499,0.02500

Week 1,08 Apr 2008,0.02502,0.02502
Week 2,15 Apr 2008,0.02504,0.02504
Week 3,22 Apr 2008,0.02495,0.02496
Week 4,29 Apr 2008,0.02469,0.02469

Week 1,06 May 2008,0.02420,0.02421
Week 2,13 May 2008,0.02357,0.02358
Week 3,20 May 2008,0.02338,0.02339
Week 4,27 May 2008,0.02343,0.02343

Week 1,03 Jun 2008,0.02344,0.02344
Week 2,10 Jun 2008,0.02331,0.02331
Week 3,17 Jun 2008,0.02329,0.02329
Week 4,24 Jun 2008,0.02334,0.02334

Week 1,01 Jul 2008,0.02315,0.02316
Week 2,08 Jul 2008,0.02314,0.02314
Week 3,15 Jul 2008,0.02335,0.02338
Week 4,22 Jul 2008,0.02361,0.02366

Week 1,29 Jul 2008,0.02356,0.02360
Week 2,05 Aug 2008,0.02370,0.02374
Week 3,12 Aug 2008,0.02332,0.02337
Week 4,19 Aug 2008,0.02297,0.02301

Week 1,26 Aug 2008,0.02277,0.02282
Week 2,02 Sep 2008,0.02246,0.02251
Week 3,09 Sep 2008,0.02206,0.02210
Week 4,16 Sep 2008,0.02167,0.02172

Week 1,23 Sep 2008,0.02155,0.02160
Week 2,30 Sep 2008,0.02110,0.02116
Week 3,07 Oct 2008,0.02031,0.02045
Week 4,14 Oct 2008,0.02002,0.02023

Week 1,21 Oct 2008,0.01934,0.01957
Week 2,28 Oct 2008,0.01912,0.01955
Week 3,04 Nov 2008,0.02042,0.02073
Week 4,11 Nov 2008,0.02016,0.02045

Week 1,18 Nov 2008,0.01967,0.01997
Week 2,25 Nov 2008,0.01975,0.02009
Week 3,02 Dec 2008,0.01984,0.02011
Week 4,09 Dec 2008,0.02022,0.02039

Week 1,16 Dec 2008,0.02045,0.02081
Week 2,23 Dec 2008,0.02013,0.02058
Week 3,30 Dec 2008,0.02008,0.02041
Week 4,06 Jan 2009,0.02011,0.02039

Week 1,13 Jan 2009,0.02009,0.02037
Week 2,20 Jan 2009,0.02011,0.02030
Week 3,27 Jan 2009,0.02017,0.02043
Week 4,03 Feb 2009,0.02032,0.02053

Week 1,10 Feb 2009,0.02037,0.02058
Week 2,17 Feb 2009,0.01996,0.02014
Week 3,24 Feb 2009,0.01967,0.01983
Week 4,03 Mar 2009,0.01921,0.01936

Week 1,10 Mar 2009,0.01908,0.01928
Week 2,17 Mar 2009,0.01916,0.01937
Week 3,24 Mar 2009,0.01933,0.01945
Week 4,31 Mar 2009,0.01950,0.01969

Week 1,07 Apr 2009,0.01975,0.01998
Week 2,14 Apr 2009,0.01989,0.02009
Week 3,21 Apr 2009,0.01981,0.01993
Week 4,28 Apr 2009,0.01981,0.02000

Week 1,05 May 2009,0.02015,0.02032
Week 2,12 May 2009,0.02004,0.02021
Week 3,19 May 2009,0.02092,0.02110
Week 4,26 May 2009,0.02099,0.02117

Week 1,02 Jun 2009,0.02110,0.02128
Week 2,09 Jun 2009,0.02081,0.02101
Week 3,16 Jun 2009,0.02056,0.02075
Week 4,23 Jun 2009,0.02041,0.02059

Week 1,30 Jun 2009,0.02064,0.02082
Week 2,07 Jul 2009,0.02030,0.02051
Week 3,14 Jul 2009,0.02036,0.02057
Week 4,21 Jul 2009,0.02054,0.02074

Week 1,28 Jul 2009,0.02061,0.02080
Week 2,04 Aug 2009,0.02082,0.02102
Week 3,11 Aug 2009,0.02063,0.02083
Week 4,18 Aug 2009,0.02042,0.02060

Week 1,25 Aug 2009,0.02039,0.02058
Week 2,01 Sep 2009,0.02034,0.02055
Week 3,08 Sep 2009,0.02045,0.02064
Week 4,15 Sep 2009,0.02051,0.02070

Week 1,22 Sep 2009,0.02060,0.02080
Week 2,29 Sep 2009,0.02069,0.02089
Week 3,06 Oct 2009,0.02125,0.02147
Week 4,13 Oct 2009,0.02150,0.02169

Week 1,20 Oct 2009,0.02146,0.02154
Week 2,27 Oct 2009,0.02120,0.02127
Week 3,03 Nov 2009,0.02122,0.02128
Week 4,10 Nov 2009,0.02148,0.02159

Week 1,17 Nov 2009,0.02148,0.02159
Week 2,24 Nov 2009,0.02143,0.02155
Week 3,01 Dec 2009,0.02148,0.02166
Week 4,08 Dec 2009,0.02141,0.02146

Week 1,15 Dec 2009,0.02128,0.02139
Week 2,22 Dec 2009,0.02127,0.02143
Week 3,29 Dec 2009,0.02138,0.02144
Week 4,05 Jan 2010,0.02172,0.02184

Week 1,12 Jan 2010,0.02188,0.02193
Week 2,19 Jan 2010,0.02167,0.02172
Week 3,26 Jan 2010,0.02150,0.02161
Week 4,02 Feb 2010,0.02144,0.02156

Week 1,09 Feb 2010,0.02140,0.02152
Week 2,16 Feb 2010,0.02160,0.02168
Week 3,23 Feb 2010,0.02165,0.02166
Week 4,02 Mar 2010,0.02186,0.02187

Week 1,09 Mar 2010,0.02198,0.02199
Week 2,16 Mar 2010,0.02201,0.02202
Week 3,23 Mar 2010,0.02204,0.02205
Week 4,30 Mar 2010,0.02227,0.02229

Week 1,06 Apr 2010,0.02251,0.02254
Week 2,13 Apr 2010,0.02242,0.02257
Week 3,20 Apr 2010,0.02247,0.02248
Week 4,27 Apr 2010,0.02240,0.02256

Week 1,04 May 2010,0.02205,0.02219
Week 2,11 May 2010,0.02211,0.02214
Week 3,18 May 2010,0.02153,0.02157
Week 4,25 May 2010,0.02127,0.02136

Week 1,01 Jun 2010,0.02127,0.02135
Week 2,08 Jun 2010,0.02125,0.02130
Week 3,15 Jun 2010,0.02155,0.02162
Week 4,22 Jun 2010,0.02155,0.02169

Week 1,29 Jun 2010,0.02141,0.02146
Week 2,06 Jul 2010,0.02126,0.02140
Week 3,13 Jul 2010,0.02130,0.02134
Week 4,20 Jul 2010,0.02119,0.02123

Week 1,27 Jul 2010,0.02141,0.02143
Week 2,03 Aug 2010,0.02159,0.02173
Week 3,10 Aug 2010,0.02138,0.02151
Week 4,17 Aug 2010,0.02143,0.02144

Week 1,24 Aug 2010,0.02129,0.02142
Week 2,31 Aug 2010,0.02133,0.02147
Week 3,07 Sep 2010,0.02138,0.02151
Week 4,14 Sep 2010,0.02148,0.02163

Week 1,21 Sep 2010,0.02186,0.02201
Week 2,28 Sep 2010,0.02223,0.02238
Week 3,05 Oct 2010,0.02243,0.02258
Week 4,12 Oct 2010,0.02244,0.02259

Week 1,19 Oct 2010,0.02238,0.02253
Week 2,26 Oct 2010,0.02235,0.02251
Week 3,02 Nov 2010,0.02239,0.02261
Week 4,09 Nov 2010,0.02219,0.02239

Week 1,16 Nov 2010,0.02183,0.02204
Week 2,23 Nov 2010,0.02171,0.02191
Week 3,30 Nov 2010,0.02190,0.02210
Week 4,07 Dec 2010,0.02183,0.02204

Week 1,14 Dec 2010,0.02167,0.02186
Week 2,21 Dec 2010,0.02176,0.02197
Week 3,28 Dec 2010,0.02190,0.02213
Week 4,04 Jan 2011,0.02179,0.02197

Week 1,11 Jan 2011,0.02175,0.02194
Week 2,18 Jan 2011,0.02161,0.02180
Week 3,25 Jan 2011,0.02158,0.02177
Week 4,01 Feb 2011,0.02164,0.02182

Week 1,08 Feb 2011,0.02175,0.02193
Week 2,15 Feb 2011,0.02188,0.02205
Week 3,22 Feb 2011,0.02190,0.02208
Week 4,01 Mar 2011,0.02211,0.02223

Week 1,08 Mar 2011,0.02177,0.02196
Week 2,15 Mar 2011,0.02169,0.02188
Week 3,22 Mar 2011,0.02190,0.02208
Week 4,29 Mar 2011,0.02203,0.02222

Week 1,05 Apr 2011,0.02229,0.02249
Week 2,12 Apr 2011,0.02222,0.02241
Week 3,19 Apr 2011,0.02221,0.02241
Week 4,26 Apr 2011,0.02226,0.02245

Week 1,03 May 2011,0.02218,0.02237
Week 2,10 May 2011,0.02210,0.02229
Week 3,17 May 2011,0.02203,0.02221
Week 4,24 May 2011,0.02197,0.02215

Week 1,31 May 2011,0.02214,0.02233
Week 2,07 Jun 2011,0.02192,0.02212
Week 3,14 Jun 2011,0.02191,0.02210
Week 4,21 Jun 2011,0.02188,0.02206

Week 1,28 Jun 2011,0.02203,0.02222
Week 2,05 Jul 2011,0.02223,0.02242
Week 3,12 Jul 2011,0.02220,0.02239
Week 4,19 Jul 2011,0.02225,0.02244

Week 1,26 Jul 2011,0.02243,0.02263
Week 2,02 Aug 2011,0.02227,0.02246
Week 3,09 Aug 2011,0.02193,0.02213
Week 4,16 Aug 2011,0.02178,0.02197

Week 1,23 Aug 2011,0.02163,0.02180
Week 2,30 Aug 2011,0.02167,0.02185
Week 3,06 Sep 2011,0.02145,0.02164
Week 4,13 Sep 2011,0.02078,0.02096

Week 1,20 Sep 2011,0.02012,0.02036
Week 2,27 Sep 2011,0.01998,0.02015
Week 3,04 Oct 2011,0.02004,0.02020
Week 4,11 Oct 2011,0.02011,0.02027

Week 1,18 Oct 2011,0.01991,0.02006
Week 2,25 Oct 2011,0.02009,0.02025
Week 3,01 Nov 2011,0.02011,0.02028
Week 4,08 Nov 2011,0.01988,0.01999

Week 1,15 Nov 2011,0.01948,0.01957
Week 2,22 Nov 2011,0.01897,0.01911
Week 3,29 Nov 2011,0.01924,0.01938
Week 4,06 Dec 2011,0.01919,0.01932

Week 1,13 Dec 2011,0.01837,0.01853
Week 2,20 Dec 2011,0.01842,0.01857
Week 3,27 Dec 2011,0.01833,0.01849
Week 4,03 Jan 2012,0.01850,0.01867

Week 1,10 Jan 2012,0.01893,0.01907
Week 2,17 Jan 2012,0.01940,0.01955
Week 3,24 Jan 2012,0.01976,0.01992
Week 4,31 Jan 2012,0.02009,0.02025

Week 1,07 Feb 2012,0.02003,0.02018
Week 2,14 Feb 2012,0.02004,0.02019
Week 3,21 Feb 2012,0.02014,0.02030
Week 4,28 Feb 2012,0.02012,0.02027

Week 1,06 Mar 2012,0.01987,0.02003
Week 2,13 Mar 2012,0.01955,0.01973
Week 3,20 Mar 2012,0.01921,0.01940
Week 4,27 Mar 2012,0.01914,0.01932

Week 1,03 Apr 2012,0.01921,0.01937
Week 2,10 Apr 2012,0.01908,0.01923
Week 3,17 Apr 2012,0.01895,0.01909
Week 4,24 Apr 2012,0.01873,0.01887

Week 1,01 May 2012,0.01857,0.01871
Week 2,08 May 2012,0.01849,0.01863
Week 3,15 May 2012,0.01819,0.01834
Week 4,22 May 2012,0.01785,0.01798

Week 1,29 May 2012,0.01780,0.01793
Week 2,05 Jun 2012,0.01797,0.01810
Week 3,12 Jun 2012,0.01791,0.01804
Week 4,19 Jun 2012,0.01764,0.01776

Week 1,26 Jun 2012,0.01766,0.01779
Week 2,03 Jul 2012,0.01807,0.01813
Week 3,10 Jul 2012,0.01807,0.01813
Week 4,17 Jul 2012,0.01813,0.01819

Week 1,24 Jul 2012,0.01795,0.01800
Week 2,31 Jul 2012,0.01798,0.01805
Week 3,07 Aug 2012,0.01811,0.01816
Week 4,14 Aug 2012,0.01795,0.01800

Week 1,21 Aug 2012,0.01804,0.01809
Week 2,28 Aug 2012,0.01798,0.01803
Week 3,04 Sep 2012,0.01801,0.01808
Week 4,11 Sep 2012,0.01826,0.01831

Week 1,18 Sep 2012,0.01864,0.01870
Week 2,25 Sep 2012,0.01887,0.01894
Week 3,02 Oct 2012,0.01921,0.01928
Week 4,09 Oct 2012,0.01897,0.01904

Week 1,16 Oct 2012,0.01874,0.01881
Week 2,23 Oct 2012,0.01860,0.01865
Week 3,30 Oct 2012,0.01853,0.01859
Week 4,06 Nov 2012,0.01835,0.01840

Week 1,13 Nov 2012,0.01816,0.01821
Week 2,20 Nov 2012,0.01810,0.01815
Week 3,27 Nov 2012,0.01816,0.01821
Week 4,04 Dec 2012,0.01835,0.01841

Week 1,11 Dec 2012,0.01837,0.01842
Week 2,18 Dec 2012,0.01818,0.01823
Week 3,25 Dec 2012,0.01817,0.01822
Week 4,01 Jan 2013,0.01826,0.01831

Week 1,08 Jan 2013,0.01820,0.01825
Week 2,15 Jan 2013,0.01842,0.01848
Week 3,22 Jan 2013,0.01860,0.01865
Week 4,29 Jan 2013,0.01871,0.01876

Week 1,05 Feb 2013,0.01870,0.01875
Week 2,12 Feb 2013,0.01847,0.01854
Week 3,19 Feb 2013,0.01837,0.01843
Week 4,26 Feb 2013,0.01832,0.01838

Week 1,05 Mar 2013,0.01827,0.01832
Week 2,12 Mar 2013,0.01842,0.01848
Week 3,19 Mar 2013,0.01838,0.01843
Week 4,26 Mar 2013,0.01835,0.01841

Week 1,02 Apr 2013,0.01828,0.01834
Week 2,09 Apr 2013,0.01833,0.01839
Week 3,16 Apr 2013,0.01851,0.01857
Week 4,23 Apr 2013,0.01846,0.01851

Week 1,30 Apr 2013,0.01863,0.01868
Week 2,07 May 2013,0.01843,0.01848
Week 3,14 May 2013,0.01822,0.01828
Week 4,21 May 2013,0.01800,0.01803

Week 1,28 May 2013,0.01776,0.01778
Week 2,04 Jun 2013,0.01757,0.01759
Week 3,11 Jun 2013,0.01727,0.01729
Week 4,18 Jun 2013,0.01690,0.01692

Week 1,25 Jun 2013,0.01669,0.01671
Week 2,02 Jul 2013,0.01658,0.01661
Week 3,09 Jul 2013,0.01663,0.01665
Week 4,16 Jul 2013,0.01678,0.01681

Week 1,23 Jul 2013,0.01685,0.01687
Week 2,30 Jul 2013,0.01646,0.01648
Week 3,06 Aug 2013,0.01637,0.01640
Week 4,13 Aug 2013,0.01617,0.01619

Week 1,20 Aug 2013,0.01556,0.01558
Week 2,27 Aug 2013,0.01497,0.01504
Week 3,03 Sep 2013,0.01509,0.01515
Week 4,10 Sep 2013,0.01566,0.01573

Week 1,17 Sep 2013,0.01596,0.01603
Week 2,24 Sep 2013,0.01598,0.01604
Week 3,01 Oct 2013,0.01615,0.01621
Week 4,08 Oct 2013,0.01634,0.01637

Week 1,15 Oct 2013,0.01636,0.01642
Week 2,22 Oct 2013,0.01633,0.01636
Week 3,29 Oct 2013,0.01624,0.01628
Week 4,05 Nov 2013,0.01598,0.01602

Week 1,12 Nov 2013,0.01581,0.01584
Week 2,19 Nov 2013,0.01599,0.01603
Week 3,26 Nov 2013,0.01604,0.01608
Week 4,03 Dec 2013,0.01621,0.01625

Week 1,10 Dec 2013,0.01623,0.01626
Week 2,17 Dec 2013,0.01614,0.01618
Week 3,24 Dec 2013,0.01616,0.01621
Week 4,31 Dec 2013,0.01612,0.01616

Week 1,07 Jan 2014,0.01617,0.01621
Week 2,14 Jan 2014,0.01629,0.01633
Week 3,21 Jan 2014,0.01611,0.01615
Week 4,28 Jan 2014,0.01594,0.01598

Week 1,04 Feb 2014,0.01604,0.01608
Week 2,11 Feb 2014,0.01614,0.01617
Week 3,18 Feb 2014,0.01613,0.01617
Week 4,25 Feb 2014,0.01615,0.01619

Week 1,04 Mar 2014,0.01626,0.01631
Week 2,11 Mar 2014,0.01633,0.01637
Week 3,18 Mar 2014,0.01634,0.01638
Week 4,25 Mar 2014,0.01660,0.01664

Week 1,01 Apr 2014,0.01665,0.01670
Week 2,08 Apr 2014,0.01656,0.01660
Week 3,15 Apr 2014,0.01654,0.01659
Week 4,22 Apr 2014,0.01642,0.01646

Week 1,29 Apr 2014,0.01658,0.01662
Week 2,06 May 2014,0.01667,0.01672
Week 3,13 May 2014,0.01691,0.01695
Week 4,20 May 2014,0.01710,0.01714

Week 1,27 May 2014,0.01696,0.01700
Week 2,03 Jun 2014,0.01691,0.01696
Week 3,10 Jun 2014,0.01683,0.01687
Week 4,17 Jun 2014,0.01661,0.01665

Week 1,24 Jun 2014,0.01662,0.01666
Week 2,01 Jul 2014,0.01672,0.01675
Week 3,08 Jul 2014,0.01668,0.01672
Week 4,15 Jul 2014,0.01661,0.01665

Week 1,22 Jul 2014,0.01665,0.01669
Week 2,29 Jul 2014,0.01651,0.01656
Week 3,05 Aug 2014,0.01633,0.01636
Week 4,12 Aug 2014,0.01637,0.01641

Week 1,19 Aug 2014,0.01648,0.01652
Week 2,26 Aug 2014,0.01651,0.01654
Week 3,02 Sep 2014,0.01654,0.01657
Week 4,09 Sep 2014,0.01644,0.01647

Week 1,16 Sep 2014,0.01640,0.01643
Week 2,23 Sep 2014,0.01635,0.01638
Week 3,30 Sep 2014,0.01620,0.01623
Week 4,07 Oct 2014,0.01630,0.01633

Week 1,14 Oct 2014,0.01628,0.01631
Week 2,21 Oct 2014,0.01635,0.01639
Week 3,28 Oct 2014,0.01631,0.01634
Week 4,04 Nov 2014,0.01629,0.01632

Week 1,11 Nov 2014,0.01624,0.01627
Week 2,18 Nov 2014,0.01619,0.01622
Week 3,25 Nov 2014,0.01614,0.01617
Week 4,02 Dec 2014,0.01614,0.01618

Week 1,09 Dec 2014,0.01604,0.01608
Week 2,16 Dec 2014,0.01574,0.01577
Week 3,23 Dec 2014,0.01570,0.01573
Week 4,30 Dec 2014,0.01574,0.01577

Week 1,06 Jan 2015,0.01589,0.01592
Week 2,13 Jan 2015,0.01613,0.01616
Week 3,20 Jan 2015,0.01623,0.01626
Week 4,27 Jan 2015,0.01619,0.01623

Week 1,03 Feb 2015,0.01615,0.01618
Week 2,10 Feb 2015,0.01606,0.01609
Week 3,17 Feb 2015,0.01606,0.01609
Week 4,24 Feb 2015,0.01615,0.01618

Week 1,03 Mar 2015,0.01604,0.01608
Week 2,10 Mar 2015,0.01592,0.01595
Week 3,17 Mar 2015,0.01597,0.01601
Week 4,24 Mar 2015,0.01597,0.01600

Week 1,31 Mar 2015,0.01604,0.01609
Week 2,07 Apr 2015,0.01604,0.01609
Week 3,14 Apr 2015,0.01601,0.01606
Week 4,21 Apr 2015,0.01579,0.01584

Week 1,28 Apr 2015,0.01571,0.01576
Week 2,05 May 2015,0.01566,0.01571
Week 3,12 May 2015,0.01566,0.01571
Week 4,19 May 2015,0.01569,0.01574

Week 1,26 May 2015,0.01565,0.01569
Week 2,02 Jun 2015,0.01562,0.01566
Week 3,09 Jun 2015,0.01560,0.01565
Week 4,16 Jun 2015,0.01565,0.01570

Week 1,23 Jun 2015,0.01572,0.01577
Week 2,30 Jun 2015,0.01575,0.01579
Week 3,07 Jul 2015,0.01577,0.01581
Week 4,14 Jul 2015,0.01577,0.01582

Week 1,21 Jul 2015,0.01567,0.01571
Week 2,28 Jul 2015,0.01560,0.01565
Week 3,04 Aug 2015,0.01565,0.01570
Week 4,11 Aug 2015,0.01543,0.01547

Week 1,18 Aug 2015,0.01521,0.01525
Week 2,25 Aug 2015,0.01507,0.01511
Week 3,01 Sep 2015,0.01503,0.01507
Week 4,08 Sep 2015,0.01502,0.01506

Week 1,15 Sep 2015,0.01510,0.01515
Week 2,22 Sep 2015,0.01511,0.01515
Week 3,29 Sep 2015,0.01520,0.01525
Week 4,06 Oct 2015,0.01538,0.01542

Week 1,13 Oct 2015,0.01541,0.01545
Week 2,20 Oct 2015,0.01538,0.01542
Week 3,27 Oct 2015,0.01532,0.01536
Week 4,03 Nov 2015,0.01519,0.01522

Week 1,10 Nov 2015,0.01510,0.01514
Week 2,17 Nov 2015,0.01513,0.01517
Week 3,24 Nov 2015,0.01501,0.01505
Week 4,01 Dec 2015,0.01499,0.01503

Week 1,08 Dec 2015,0.01493,0.01497
Week 2,15 Dec 2015,0.01501,0.01505
Week 3,22 Dec 2015,0.01514,0.01517
Week 4,29 Dec 2015,0.01510,0.01513

Week 1,05 Jan 2016,0.01498,0.01502
Week 2,12 Jan 2016,0.01485,0.01489
Week 3,19 Jan 2016,0.01476,0.01480
Week 4,26 Jan 2016,0.01472,0.01476

Week 1,02 Feb 2016,0.01473,0.01477
Week 2,09 Feb 2016,0.01467,0.01471
Week 3,16 Feb 2016,0.01458,0.01462
Week 4,23 Feb 2016,0.01455,0.01458

Week 1,01 Mar 2016,0.01480,0.01483
Week 2,08 Mar 2016,0.01488,0.01492
Week 3,15 Mar 2016,0.01494,0.01499
Week 4,22 Mar 2016,0.01495,0.01499

Week 1,29 Mar 2016,0.01505,0.01509
Week 2,05 Apr 2016,0.01502,0.01506
Week 3,12 Apr 2016,0.01501,0.01505
Week 4,19 Apr 2016,0.01502,0.01506

Week 1,26 Apr 2016,0.01501,0.01505
Week 2,03 May 2016,0.01500,0.01504
Week 3,10 May 2016,0.01495,0.01499
Week 4,17 May 2016,0.01486,0.01490

Week 1,24 May 2016,0.01484,0.01488
Week 2,31 May 2016,0.01488,0.01492
Week 3,07 Jun 2016,0.01495,0.01499
Week 4,14 Jun 2016,0.01487,0.01491

Week 1,21 Jun 2016,0.01474,0.01478
Week 2,28 Jun 2016,0.01478,0.01482
Week 3,05 Jul 2016,0.01484,0.01488
Week 4,12 Jul 2016,0.01490,0.01494

Week 1,19 Jul 2016,0.01487,0.01491
Week 2,26 Jul 2016,0.01489,0.01493
Week 3,02 Aug 2016,0.01495,0.01500
Week 4,09 Aug 2016,0.01495,0.01499

Week 1,16 Aug 2016,0.01491,0.01495
Week 2,23 Aug 2016,0.01487,0.01491
Week 3,30 Aug 2016,0.01492,0.01496
Week 4,06 Sep 2016,0.01498,0.01503

Week 1,13 Sep 2016,0.01490,0.01494
Week 2,20 Sep 2016,0.01493,0.01497
Week 3,27 Sep 2016,0.01499,0.01503
Week 4,04 Oct 2016,0.01500,0.01505

Week 1,11 Oct 2016,0.01497,0.01501
Week 2,18 Oct 2016,0.01496,0.01500
Week 3,25 Oct 2016,0.01495,0.01499
Week 4,01 Nov 2016,0.01497,0.01501

Week 1,08 Nov 2016,0.01491,0.01495
Week 2,15 Nov 2016,0.01470,0.01474
Week 3,22 Nov 2016,0.01460,0.01464
Week 4,29 Nov 2016,0.01463,0.01467

Week 1,06 Dec 2016,0.01478,0.01482
Week 2,13 Dec 2016,0.01477,0.01480
Week 3,20 Dec 2016,0.01471,0.01475
Week 4,27 Dec 2016,0.01469,0.01473

Week 1,03 Jan 2017,0.01468,0.01472
Week 2,10 Jan 2017,0.01465,0.01469
Week 3,17 Jan 2017,0.01466,0.01470
Week 4,24 Jan 2017,0.01466,0.01470

Week 1,31 Jan 2017,0.01481,0.01485
Week 2,07 Feb 2017,0.01490,0.01494
Week 3,14 Feb 2017,0.01490,0.01494
Week 4,21 Feb 2017,0.01494,0.01498

Week 1,28 Feb 2017,0.01497,0.01500
Week 2,07 Mar 2017,0.01499,0.01503
Week 3,14 Mar 2017,0.01521,0.01525
Week 4,21 Mar 2017,0.01528,0.01532

Week 1,28 Mar 2017,0.01539,0.01543
Week 2,04 Apr 2017,0.01544,0.01548
Week 3,11 Apr 2017,0.01547,0.01551
Week 4,18 Apr 2017,0.01544,0.01549

Week 1,25 Apr 2017,0.01553,0.01558
Week 2,02 May 2017,0.01554,0.01558
Week 3,09 May 2017,0.01551,0.01556
Week 4,16 May 2017,0.01551,0.01555

Week 1,23 May 2017,0.01546,0.01550
Week 2,30 May 2017,0.01550,0.01555
Week 3,06 Jun 2017,0.01552,0.01556
Week 4,13 Jun 2017,0.01551,0.01555

Week 1,20 Jun 2017,0.01548,0.01552
Week 2,27 Jun 2017,0.01546,0.01550
Week 3,04 Jul 2017,0.01542,0.01546
Week 4,11 Jul 2017,0.01551,0.01554

Week 1,18 Jul 2017,0.01552,0.01555
Week 2,25 Jul 2017,0.01554,0.01558
Week 3,01 Aug 2017,0.01565,0.01569
Week 4,08 Aug 2017,0.01561,0.01565

Week 1,15 Aug 2017,0.01558,0.01561
Week 2,22 Aug 2017,0.01561,0.01564
Week 3,29 Aug 2017,0.01563,0.01566
Week 4,05 Sep 2017,0.01561,0.01564

Week 1,12 Sep 2017,0.01559,0.01562
Week 2,19 Sep 2017,0.01545,0.01548
Week 3,26 Sep 2017,0.01527,0.01529
Week 4,03 Oct 2017,0.01526,0.01529

Week 1,10 Oct 2017,0.01534,0.01537
Week 2,17 Oct 2017,0.01536,0.01539
Week 3,24 Oct 2017,0.01536,0.01539
Week 4,31 Oct 2017,0.01544,0.01546

Week 1,07 Nov 2017,0.01534,0.01536
Week 2,14 Nov 2017,0.01531,0.01534
Week 3,21 Nov 2017,0.01543,0.01546
Week 4,28 Nov 2017,0.01550,0.01552

Week 1,05 Dec 2017,0.01551,0.01553


