IND->JPY

Week 1,01 Dec 1998,2.82187,2.82423
Week 2,08 Dec 1998,2.75205,2.75900
Week 3,15 Dec 1998,2.72183,2.72454
Week 4,22 Dec 1998,2.73218,2.73519

Week 1,29 Dec 1998,2.68079,2.68302
Week 2,05 Jan 1999,2.60861,2.61125
Week 3,12 Jan 1999,2.66793,2.67163
Week 4,19 Jan 1999,2.67931,2.68121

Week 1,26 Jan 1999,2.71321,2.71606
Week 2,02 Feb 1999,2.66044,2.66400
Week 3,09 Feb 1999,2.69715,2.69917
Week 4,16 Feb 1999,2.82584,2.82875

Week 1,23 Feb 1999,2.81251,2.82356
Week 2,02 Mar 1999,2.87115,2.87465
Week 3,09 Mar 1999,2.81806,2.82015
Week 4,16 Mar 1999,2.77651,2.77930

Week 1,23 Mar 1999,2.80695,2.81398
Week 2,30 Mar 1999,2.83272,2.84118
Week 3,06 Apr 1999,2.83068,2.83375
Week 4,13 Apr 1999,2.77020,2.77763

Week 1,20 Apr 1999,2.78213,2.78631
Week 2,27 Apr 1999,2.78801,2.79226
Week 3,04 May 1999,2.82548,2.82746
Week 4,11 May 1999,2.85408,2.85722

Week 1,18 May 1999,2.89740,2.90075
Week 2,25 May 1999,2.83830,2.84187
Week 3,01 Jun 1999,2.83547,2.83777
Week 4,08 Jun 1999,2.77186,2.77435

Week 1,15 Jun 1999,2.79176,2.79484
Week 2,22 Jun 1999,2.80688,2.80941
Week 3,29 Jun 1999,2.79318,2.79658
Week 4,06 Jul 1999,2.82118,2.82500

Week 1,13 Jul 1999,2.79252,2.79528
Week 2,20 Jul 1999,2.71187,2.71616
Week 3,27 Jul 1999,2.65879,2.66110
Week 4,03 Aug 1999,2.64789,2.65000

Week 1,10 Aug 1999,2.65351,2.65700
Week 2,17 Aug 1999,2.57428,2.57746
Week 3,24 Aug 1999,2.55870,2.56186
Week 4,31 Aug 1999,2.51897,2.52128

Week 1,07 Sep 1999,2.50785,2.51149
Week 2,14 Sep 1999,2.44238,2.44539
Week 3,21 Sep 1999,2.39915,2.40239
Week 4,28 Sep 1999,2.42683,2.43041

Week 1,05 Oct 1999,2.46433,2.46614
Week 2,12 Oct 1999,2.44058,2.44248
Week 3,19 Oct 1999,2.43651,2.43913
Week 4,26 Oct 1999,2.40277,2.40557

Week 1,02 Nov 1999,2.42193,2.42373
Week 2,09 Nov 1999,2.41974,2.42222
Week 3,16 Nov 1999,2.43961,2.44283
Week 4,23 Nov 1999,2.38243,2.38431

Week 1,30 Nov 1999,2.35975,2.36177
Week 2,07 Dec 1999,2.35994,2.36249
Week 3,14 Dec 1999,2.37024,2.37258
Week 4,21 Dec 1999,2.35155,2.35438

Week 1,28 Dec 1999,2.34898,2.35212
Week 2,04 Jan 2000,2.39640,2.39918
Week 3,11 Jan 2000,2.43003,2.43355
Week 4,18 Jan 2000,2.41166,2.41634

Week 1,25 Jan 2000,2.43585,2.43874
Week 2,01 Feb 2000,2.46482,2.46802
Week 3,08 Feb 2000,2.49884,2.50241
Week 4,15 Feb 2000,2.52430,2.52726

Week 1,22 Feb 2000,2.53876,2.54191
Week 2,29 Feb 2000,2.48289,2.48688
Week 3,07 Mar 2000,2.44154,2.44530
Week 4,14 Mar 2000,2.43041,2.43358

Week 1,21 Mar 2000,2.45413,2.45779
Week 2,28 Mar 2000,2.39707,2.39996
Week 3,04 Apr 2000,2.40758,2.41098
Week 4,11 Apr 2000,2.41815,2.42238

Week 1,18 Apr 2000,2.40806,2.41301
Week 2,25 Apr 2000,2.44758,2.45113
Week 3,02 May 2000,2.48765,2.49102
Week 4,09 May 2000,2.47999,2.48384

Week 1,16 May 2000,2.46087,2.46651
Week 2,23 May 2000,2.43221,2.44427
Week 3,30 May 2000,2.43684,2.45017
Week 4,06 Jun 2000,2.43684,2.45017

Week 1,13 Jun 2000,2.38152,2.38687
Week 2,20 Jun 2000,2.35208,2.35746
Week 3,27 Jun 2000,2.36172,2.37015
Week 4,04 Jul 2000,2.39501,2.39846

Week 1,11 Jul 2000,2.40984,2.41276
Week 2,18 Jul 2000,2.41483,2.41834
Week 3,25 Jul 2000,2.43508,2.43920
Week 4,01 Aug 2000,2.39984,2.40861

Week 1,08 Aug 2000,2.37018,2.37869
Week 2,15 Aug 2000,2.36855,2.37961
Week 3,22 Aug 2000,2.33928,2.34864
Week 4,29 Aug 2000,2.31561,2.32385

Week 1,05 Sep 2000,2.31301,2.32297
Week 2,12 Sep 2000,2.33735,2.34759
Week 3,19 Sep 2000,2.32174,2.33179
Week 4,26 Sep 2000,2.33507,2.34496

Week 1,03 Oct 2000,2.35743,2.36954
Week 2,10 Oct 2000,2.32659,2.33501
Week 3,17 Oct 2000,2.33593,2.34418
Week 4,24 Oct 2000,2.32124,2.32953

Week 1,31 Oct 2000,2.30831,2.31664
Week 2,07 Nov 2000,2.30005,2.30765
Week 3,14 Nov 2000,2.31683,2.32501
Week 4,21 Nov 2000,2.35998,2.36646

Week 1,28 Nov 2000,2.36311,2.37065
Week 2,05 Dec 2000,2.36976,2.37600
Week 3,12 Dec 2000,2.39358,2.39924
Week 4,19 Dec 2000,2.40759,2.41547

Week 1,26 Dec 2000,2.44031,2.44652
Week 2,02 Jan 2001,2.46819,2.47482
Week 3,09 Jan 2001,2.51683,2.52469
Week 4,16 Jan 2001,2.53416,2.54221

Week 1,23 Jan 2001,2.51938,2.52560
Week 2,30 Jan 2001,2.49516,2.50124
Week 3,06 Feb 2001,2.50504,2.51175
Week 4,13 Feb 2001,2.49312,2.50007

Week 1,20 Feb 2001,2.48896,2.49636
Week 2,27 Feb 2001,2.52706,2.53398
Week 3,06 Mar 2001,2.56412,2.57107
Week 4,13 Mar 2001,2.60894,2.61515

Week 1,20 Mar 2001,2.63047,2.63726
Week 2,27 Mar 2001,2.66172,2.66863
Week 3,03 Apr 2001,2.67344,2.68094
Week 4,10 Apr 2001,2.65676,2.66445

Week 1,17 Apr 2001,2.61296,2.62085
Week 2,24 Apr 2001,2.62298,2.62909
Week 3,01 May 2001,2.59999,2.60469
Week 4,08 May 2001,2.60479,2.60974

Week 1,15 May 2001,2.62405,2.63156
Week 2,22 May 2001,2.57235,2.57996
Week 3,29 May 2001,2.54691,2.55305
Week 4,05 Jun 2001,2.55977,2.56644

Week 1,12 Jun 2001,2.59777,2.60310
Week 2,19 Jun 2001,2.63595,2.64287
Week 3,26 Jun 2001,2.64237,2.64957
Week 4,03 Jul 2001,2.65426,2.65988

Week 1,10 Jul 2001,2.64334,2.65041
Week 2,17 Jul 2001,2.62412,2.63107
Week 3,24 Jul 2001,2.62284,2.62939
Week 4,31 Jul 2001,2.63380,2.63899

Week 1,07 Aug 2001,2.60094,2.60749
Week 2,14 Aug 2001,2.55643,2.56319
Week 3,21 Aug 2001,2.54652,2.55294
Week 4,28 Aug 2001,2.53150,2.53813

Week 1,04 Sep 2001,2.53915,2.54615
Week 2,11 Sep 2001,2.49215,2.49555
Week 3,18 Sep 2001,2.43686,2.44613
Week 4,25 Sep 2001,2.47661,2.48507

Week 1,02 Oct 2001,2.50770,2.51663
Week 2,09 Oct 2001,2.50684,2.51618
Week 3,16 Oct 2001,2.51778,2.52738
Week 4,23 Oct 2001,2.55160,2.56115

Week 1,30 Oct 2001,2.53533,2.54539
Week 2,06 Nov 2001,2.51219,2.52203
Week 3,13 Nov 2001,2.53997,2.55005
Week 4,20 Nov 2001,2.57224,2.58097

Week 1,27 Nov 2001,2.56941,2.57961
Week 2,04 Dec 2001,2.60239,2.61211
Week 3,11 Dec 2001,2.64192,2.65204
Week 4,18 Dec 2001,2.68497,2.69555

Week 1,25 Dec 2001,2.71790,2.72830
Week 2,01 Jan 2002,2.71791,2.72865
Week 3,08 Jan 2002,2.73654,2.74662
Week 4,15 Jan 2002,2.73366,2.74397

Week 1,22 Jan 2002,2.77271,2.78321
Week 2,29 Jan 2002,2.75495,2.76543
Week 3,05 Feb 2002,2.74672,2.75706
Week 4,12 Feb 2002,2.72062,2.73103

Week 1,19 Feb 2002,2.74422,2.75415
Week 2,26 Feb 2002,2.73937,2.74993
Week 3,05 Mar 2002,2.65813,2.66853
Week 4,12 Mar 2002,2.64425,2.65420

Week 1,19 Mar 2002,2.70690,2.71690
Week 2,26 Mar 2002,2.71638,2.72666
Week 3,02 Apr 2002,2.70512,2.71523
Week 4,09 Apr 2002,2.68473,2.69476

Week 1,16 Apr 2002,2.66701,2.67680
Week 2,23 Apr 2002,2.62637,2.63589
Week 3,30 Apr 2002,2.59854,2.60811
Week 4,07 May 2002,2.60706,2.61678

Week 1,14 May 2002,2.58886,2.59871
Week 2,21 May 2002,2.53761,2.54731
Week 3,28 May 2002,2.53152,2.54128
Week 4,04 Jun 2002,2.52930,2.53855

Week 1,11 Jun 2002,2.54058,2.54970
Week 2,18 Jun 2002,2.50713,2.51695
Week 3,25 Jun 2002,2.45440,2.46358
Week 4,02 Jul 2002,2.45207,2.46120

Week 1,09 Jul 2002,2.40068,2.40957
Week 2,16 Jul 2002,2.37648,2.38533
Week 3,23 Jul 2002,2.41187,2.42077
Week 4,30 Jul 2002,2.44881,2.45835

Week 1,06 Aug 2002,2.46672,2.47648
Week 2,13 Aug 2002,2.42079,2.43016
Week 3,20 Aug 2002,2.45114,2.46069
Week 4,27 Aug 2002,2.44186,2.45083

Week 1,03 Sep 2002,2.43073,2.43990
Week 2,10 Sep 2002,2.48356,2.49264
Week 3,17 Sep 2002,2.52409,2.53335
Week 4,24 Sep 2002,2.53406,2.54325

Week 1,01 Oct 2002,2.53358,2.54331
Week 2,08 Oct 2002,2.55852,2.56880
Week 3,15 Oct 2002,2.58113,2.59091
Week 4,22 Oct 2002,2.57001,2.57999

Week 1,29 Oct 2002,2.52905,2.53860
Week 2,05 Nov 2002,2.49795,2.50735
Week 3,12 Nov 2002,2.48545,2.49522
Week 4,19 Nov 2002,2.53591,2.54555

Week 1,26 Nov 2002,2.53260,2.54226
Week 2,03 Dec 2002,2.56839,2.57807
Week 3,10 Dec 2002,2.52838,2.53794
Week 4,17 Dec 2002,2.50246,2.51195

Week 1,24 Dec 2002,2.49761,2.50707
Week 2,31 Dec 2002,2.47966,2.48899
Week 3,07 Jan 2003,2.48311,2.49263
Week 4,14 Jan 2003,2.45969,2.46864

Week 1,21 Jan 2003,2.45778,2.46732
Week 2,28 Jan 2003,2.48635,2.49574
Week 3,04 Feb 2003,2.51332,2.52274
Week 4,11 Feb 2003,2.52175,2.53117

Week 1,18 Feb 2003,2.48723,2.49652
Week 2,25 Feb 2003,2.46222,2.47207
Week 3,04 Mar 2003,2.45682,2.46587
Week 4,11 Mar 2003,2.46717,2.47686

Week 1,18 Mar 2003,2.51800,2.52746
Week 2,25 Mar 2003,2.51755,2.52680
Week 3,01 Apr 2003,2.50899,2.51886
Week 4,08 Apr 2003,2.52857,2.53908

Week 1,15 Apr 2003,2.52405,2.53406
Week 2,22 Apr 2003,2.53349,2.54324
Week 3,29 Apr 2003,2.51334,2.52342
Week 4,06 May 2003,2.47833,2.48825

Week 1,13 May 2003,2.46352,2.47361
Week 2,20 May 2003,2.48867,2.49932
Week 3,27 May 2003,2.51528,2.52593
Week 4,03 Jun 2003,2.52274,2.53290

Week 1,10 Jun 2003,2.51252,2.52251
Week 2,17 Jun 2003,2.53164,2.54240
Week 3,24 Jun 2003,2.55140,2.56145
Week 4,01 Jul 2003,2.55064,2.56123

Week 1,08 Jul 2003,2.54659,2.55718
Week 2,15 Jul 2003,2.55610,2.56650
Week 3,22 Jul 2003,2.56839,2.57926
Week 4,29 Jul 2003,2.59669,2.60735

Week 1,05 Aug 2003,2.58923,2.59997
Week 2,12 Aug 2003,2.58824,2.59802
Week 3,19 Aug 2003,2.57257,2.58276
Week 4,26 Aug 2003,2.55032,2.56042

Week 1,02 Sep 2003,2.53571,2.54519
Week 2,09 Sep 2003,2.55480,2.56475
Week 3,16 Sep 2003,2.50896,2.51839
Week 4,23 Sep 2003,2.43682,2.44590

Week 1,30 Sep 2003,2.43008,2.44111
Week 2,07 Oct 2003,2.40633,2.41594
Week 3,14 Oct 2003,2.40245,2.41162
Week 4,21 Oct 2003,2.41230,2.42169

Week 1,28 Oct 2003,2.40262,2.41214
Week 2,04 Nov 2003,2.42164,2.43123
Week 3,11 Nov 2003,2.38617,2.39556
Week 4,18 Nov 2003,2.37658,2.38558

Week 1,25 Nov 2003,2.37921,2.38812
Week 2,02 Dec 2003,2.36831,2.37734
Week 3,09 Dec 2003,2.36179,2.37091
Week 4,16 Dec 2003,2.36275,2.37048

Week 1,23 Dec 2003,2.35505,2.36402
Week 2,30 Dec 2003,2.34467,2.35356
Week 3,06 Jan 2004,2.33482,2.34373
Week 4,13 Jan 2004,2.34085,2.34951

Week 1,20 Jan 2004,2.34887,2.35785
Week 2,27 Jan 2004,2.33556,2.34422
Week 3,03 Feb 2004,2.32937,2.33809
Week 4,10 Feb 2004,2.32753,2.33631

Week 1,17 Feb 2004,2.37122,2.38014
Week 2,24 Feb 2004,2.40285,2.41191
Week 3,02 Mar 2004,2.44615,2.45532
Week 4,09 Mar 2004,2.45240,2.46146

Week 1,16 Mar 2004,2.38039,2.38919
Week 2,23 Mar 2004,2.37077,2.37989
Week 3,30 Mar 2004,2.38932,2.39831
Week 4,06 Apr 2004,2.42484,2.43408

Week 1,13 Apr 2004,2.45127,2.46057
Week 2,20 Apr 2004,2.46800,2.47745
Week 3,27 Apr 2004,2.47826,2.48761
Week 4,04 May 2004,2.47633,2.48578

Week 1,11 May 2004,2.50853,2.51764
Week 2,18 May 2004,2.49111,2.50022
Week 3,25 May 2004,2.44630,2.45529
Week 4,01 Jun 2004,2.43983,2.44888

Week 1,08 Jun 2004,2.43387,2.44294
Week 2,15 Jun 2004,2.40435,2.41324
Week 3,22 Jun 2004,2.35438,2.36306
Week 4,29 Jun 2004,2.35945,2.36821

Week 1,06 Jul 2004,2.36858,2.37724
Week 2,13 Jul 2004,2.36392,2.37252
Week 3,20 Jul 2004,2.36849,2.37703
Week 4,27 Jul 2004,2.39713,2.40577

Week 1,03 Aug 2004,2.38856,2.39705
Week 2,10 Aug 2004,2.39032,2.39870
Week 3,17 Aug 2004,2.36231,2.37072
Week 4,24 Aug 2004,2.36592,2.37450

Week 1,31 Aug 2004,2.36964,2.37813
Week 2,07 Sep 2004,2.36535,2.37390
Week 3,14 Sep 2004,2.39263,2.40129
Week 4,21 Sep 2004,2.40258,2.41120

Week 1,28 Sep 2004,2.40571,2.41430
Week 2,05 Oct 2004,2.40687,2.41567
Week 3,12 Oct 2004,2.38496,2.39371
Week 4,19 Oct 2004,2.35497,2.36112

Week 1,26 Oct 2004,2.33139,2.33637
Week 2,02 Nov 2004,2.34012,2.34573
Week 3,09 Nov 2004,2.34651,2.35189
Week 4,16 Nov 2004,2.30751,2.31373

Week 1,23 Nov 2004,2.28356,2.28891
Week 2,30 Nov 2004,2.31352,2.31943
Week 3,07 Dec 2004,2.35987,2.36481
Week 4,14 Dec 2004,2.37522,2.38117

Week 1,21 Dec 2004,2.37230,2.37817
Week 2,28 Dec 2004,2.35952,2.36578
Week 3,04 Jan 2005,2.38507,2.39041
Week 4,11 Jan 2005,2.34786,2.35350

Week 1,18 Jan 2005,2.34701,2.35398
Week 2,25 Jan 2005,2.36138,2.36726
Week 3,01 Feb 2005,2.38970,2.39666
Week 4,08 Feb 2005,2.41345,2.42069

Week 1,15 Feb 2005,2.40536,2.41230
Week 2,22 Feb 2005,2.40281,2.40987
Week 3,01 Mar 2005,2.39429,2.40191
Week 4,08 Mar 2005,2.38930,2.39843

Week 1,15 Mar 2005,2.39611,2.40489
Week 2,22 Mar 2005,2.42076,2.42854
Week 3,29 Mar 2005,2.45514,2.46160
Week 4,05 Apr 2005,2.47476,2.48062

Week 1,12 Apr 2005,2.46077,2.46655
Week 2,19 Apr 2005,2.43152,2.43841
Week 3,26 Apr 2005,2.41450,2.42133
Week 4,03 May 2005,2.40877,2.41790

Week 1,10 May 2005,2.45130,2.46058
Week 2,17 May 2005,2.47225,2.48179
Week 3,24 May 2005,2.47437,2.48381
Week 4,31 May 2005,2.47239,2.48175

Week 1,07 Jun 2005,2.46999,2.47927
Week 2,14 Jun 2005,2.49799,2.50743
Week 3,21 Jun 2005,2.49843,2.50778
Week 4,28 Jun 2005,2.54246,2.55226

Week 1,05 Jul 2005,2.56546,2.57526
Week 2,12 Jul 2005,2.56788,2.57744
Week 3,19 Jul 2005,2.56681,2.57645
Week 4,26 Jul 2005,2.57995,2.58983

Week 1,02 Aug 2005,2.56646,2.57613
Week 2,09 Aug 2005,2.53150,2.54110
Week 3,16 Aug 2005,2.52421,2.53391
Week 4,23 Aug 2005,2.51690,2.52655

Week 1,30 Aug 2005,2.50505,2.51456
Week 2,06 Sep 2005,2.49928,2.50865
Week 3,13 Sep 2005,2.52397,2.53359
Week 4,20 Sep 2005,2.54852,2.55810

Week 1,27 Sep 2005,2.56847,2.57816
Week 2,04 Oct 2005,2.57005,2.57966
Week 3,11 Oct 2005,2.54475,2.55418
Week 4,18 Oct 2005,2.56072,2.56989

Week 1,25 Oct 2005,2.56113,2.57037
Week 2,01 Nov 2005,2.58556,2.59500
Week 3,08 Nov 2005,2.57432,2.58370
Week 4,15 Nov 2005,2.59868,2.60810

Week 1,22 Nov 2005,2.59876,2.60823
Week 2,29 Nov 2005,2.60043,2.60994
Week 3,06 Dec 2005,2.61024,2.61972
Week 4,13 Dec 2005,2.59253,2.60207

Week 1,20 Dec 2005,2.57487,2.58449
Week 2,27 Dec 2005,2.59104,2.60085
Week 3,03 Jan 2006,2.59235,2.60253
Week 4,10 Jan 2006,2.58437,2.59421

Week 1,17 Jan 2006,2.60083,2.61066
Week 2,24 Jan 2006,2.62426,2.63372
Week 3,31 Jan 2006,2.67181,2.68162
Week 4,07 Feb 2006,2.67312,2.68326

Week 1,14 Feb 2006,2.65675,2.66681
Week 2,21 Feb 2006,2.64473,2.65472
Week 3,28 Feb 2006,2.62178,2.63123
Week 4,07 Mar 2006,2.65804,2.66846

Week 1,14 Mar 2006,2.63822,2.64819
Week 2,21 Mar 2006,2.63010,2.63939
Week 3,28 Mar 2006,2.63014,2.64006
Week 4,04 Apr 2006,2.64185,2.65176

Week 1,11 Apr 2006,2.62986,2.63969
Week 2,18 Apr 2006,2.59642,2.60609
Week 3,25 Apr 2006,2.54225,2.55176
Week 4,02 May 2006,2.51877,2.52826

Week 1,09 May 2006,2.46085,2.46997
Week 2,16 May 2006,2.43905,2.44812
Week 3,23 May 2006,2.44952,2.45929
Week 4,30 May 2006,2.43356,2.44368

Week 1,06 Jun 2006,2.46637,2.47586
Week 2,13 Jun 2006,2.49957,2.50950
Week 3,20 Jun 2006,2.51137,2.52131
Week 4,27 Jun 2006,2.49802,2.50785

Week 1,04 Jul 2006,2.48867,2.49855
Week 2,11 Jul 2006,2.48768,2.49750
Week 3,18 Jul 2006,2.49211,2.50172
Week 4,25 Jul 2006,2.47587,2.48498

Week 1,01 Aug 2006,2.45921,2.46884
Week 2,08 Aug 2006,2.47951,2.48924
Week 3,15 Aug 2006,2.49128,2.50104
Week 4,22 Aug 2006,2.50365,2.51343

Week 1,29 Aug 2006,2.51088,2.52096
Week 2,05 Sep 2006,2.51791,2.52781
Week 3,12 Sep 2006,2.54344,2.55346
Week 4,19 Sep 2006,2.54124,2.55146

Week 1,26 Sep 2006,2.55515,2.56530
Week 2,03 Oct 2006,2.58467,2.59458
Week 3,10 Oct 2006,2.61777,2.62797
Week 4,17 Oct 2006,2.61812,2.62840

Week 1,24 Oct 2006,2.61548,2.62582
Week 2,31 Oct 2006,2.61063,2.62116
Week 3,07 Nov 2006,2.62816,2.63874
Week 4,14 Nov 2006,2.61507,2.62560

Week 1,21 Nov 2006,2.60804,2.61065
Week 2,28 Nov 2006,2.59126,2.59273
Week 3,05 Dec 2006,2.58890,2.59082
Week 4,12 Dec 2006,2.62684,2.62853

Week 1,19 Dec 2006,2.65068,2.65259
Week 2,26 Dec 2006,2.68420,2.68654
Week 3,02 Jan 2007,2.68354,2.68555
Week 4,09 Jan 2007,2.69276,2.69489

Week 1,16 Jan 2007,2.73218,2.73461
Week 2,23 Jan 2007,2.74375,2.74613
Week 3,30 Jan 2007,2.74635,2.74957
Week 4,06 Feb 2007,2.74510,2.74762

Week 1,13 Feb 2007,2.73149,2.73440
Week 2,20 Feb 2007,2.72903,2.73167
Week 3,27 Feb 2007,2.67197,2.67414
Week 4,06 Mar 2007,2.63763,2.64104

Week 1,13 Mar 2007,2.64745,2.64992
Week 2,20 Mar 2007,2.69079,2.69455
Week 3,27 Mar 2007,2.71911,2.72221
Week 4,03 Apr 2007,2.76526,2.76926

Week 1,10 Apr 2007,2.78817,2.79012
Week 2,17 Apr 2007,2.83144,2.83337
Week 3,24 Apr 2007,2.89289,2.89483
Week 4,01 May 2007,2.92043,2.92234

Week 1,08 May 2007,2.91998,2.92208
Week 2,15 May 2007,2.96107,2.96489
Week 3,22 May 2007,2.99321,2.99507
Week 4,29 May 2007,3.00010,3.00184

Week 1,05 Jun 2007,2.97438,2.97653
Week 2,12 Jun 2007,2.99828,3.00013
Week 3,19 Jun 2007,3.03394,3.03576
Week 4,26 Jun 2007,3.01643,3.01817

Week 1,03 Jul 2007,3.03388,3.03567
Week 2,10 Jul 2007,3.02635,3.02809
Week 3,17 Jul 2007,3.01645,3.01818
Week 4,24 Jul 2007,2.96290,2.96471

Week 1,31 Jul 2007,2.93378,2.93558
Week 2,07 Aug 2007,2.92208,2.92386
Week 3,14 Aug 2007,2.83243,2.83446
Week 4,21 Aug 2007,2.81402,2.81588

Week 1,28 Aug 2007,2.81893,2.82078
Week 2,04 Sep 2007,2.81431,2.81606
Week 3,11 Sep 2007,2.82645,2.82822
Week 4,18 Sep 2007,2.87568,2.87745

Week 1,25 Sep 2007,2.89163,2.89338
Week 2,02 Oct 2007,2.93481,2.93666
Week 3,09 Oct 2007,2.97968,2.98154
Week 4,16 Oct 2007,2.92757,2.92928

Week 1,23 Oct 2007,2.88645,2.88827
Week 2,30 Oct 2007,2.90841,2.90978
Week 3,06 Nov 2007,2.86637,2.86797
Week 4,13 Nov 2007,2.81296,2.81479

Week 1,20 Nov 2007,2.75689,2.75868
Week 2,27 Nov 2007,2.76337,2.76493
Week 3,04 Dec 2007,2.81152,2.81333
Week 4,11 Dec 2007,2.85097,2.85276

Week 1,18 Dec 2007,2.86686,2.86868
Week 2,25 Dec 2007,2.87741,2.87964
Week 3,01 Jan 2008,2.79487,2.79718
Week 4,08 Jan 2008,2.77781,2.77957

Week 1,15 Jan 2008,2.72768,2.72948
Week 2,22 Jan 2008,2.69912,2.70082
Week 3,29 Jan 2008,2.70724,2.70904
Week 4,05 Feb 2008,2.70284,2.70457

Week 1,12 Feb 2008,2.71135,2.71313
Week 2,19 Feb 2008,2.69227,2.69399
Week 3,26 Feb 2008,2.64922,2.65095
Week 4,04 Mar 2008,2.54921,2.55091

Week 1,11 Mar 2008,2.49465,2.49632
Week 2,18 Mar 2008,2.44030,2.44211
Week 3,25 Mar 2008,2.48674,2.48846
Week 4,01 Apr 2008,2.53271,2.53446

Week 1,08 Apr 2008,2.54373,2.54546
Week 2,15 Apr 2008,2.56149,2.56320
Week 3,22 Apr 2008,2.59027,2.59199
Week 4,29 Apr 2008,2.58206,2.58376

Week 1,06 May 2008,2.51778,2.51944
Week 2,13 May 2008,2.45751,2.45940
Week 3,20 May 2008,2.42208,2.42378
Week 4,27 May 2008,2.45297,2.45461

Week 1,03 Jun 2008,2.46342,2.46489
Week 2,10 Jun 2008,2.50181,2.50344
Week 3,17 Jun 2008,2.50903,2.51053
Week 4,24 Jun 2008,2.49931,2.50088

Week 1,01 Jul 2008,2.46183,2.46342
Week 2,08 Jul 2008,2.47186,2.47343
Week 3,15 Jul 2008,2.47511,2.47906
Week 4,22 Jul 2008,2.53546,2.54174

Week 1,29 Jul 2008,2.53906,2.54422
Week 2,05 Aug 2008,2.58672,2.59263
Week 3,12 Aug 2008,2.56423,2.57047
Week 4,19 Aug 2008,2.52075,2.52594

Week 1,26 Aug 2008,2.48726,2.49359
Week 2,02 Sep 2008,2.42360,2.42976
Week 3,09 Sep 2008,2.37481,2.38046
Week 4,16 Sep 2008,2.29886,2.30473

Week 1,23 Sep 2008,2.28318,2.28930
Week 2,30 Sep 2008,2.22523,2.23218
Week 3,07 Oct 2008,2.05092,2.06613
Week 4,14 Oct 2008,2.02801,2.05048

Week 1,21 Oct 2008,1.88574,1.90989
Week 2,28 Oct 2008,1.85314,1.89707
Week 3,04 Nov 2008,2.01155,2.04267
Week 4,11 Nov 2008,1.96045,1.98905

Week 1,18 Nov 2008,1.88812,1.91844
Week 2,25 Nov 2008,1.88665,1.92048
Week 3,02 Dec 2008,1.84713,1.87282
Week 4,09 Dec 2008,1.85741,1.87347

Week 1,16 Dec 2008,1.82776,1.86038
Week 2,23 Dec 2008,1.81979,1.86177
Week 3,30 Dec 2008,1.82596,1.85725
Week 4,06 Jan 2009,1.84735,1.87429

Week 1,13 Jan 2009,1.80613,1.83274
Week 2,20 Jan 2009,1.79807,1.81584
Week 3,27 Jan 2009,1.80708,1.83087
Week 4,03 Feb 2009,1.83831,1.85832

Week 1,10 Feb 2009,1.85649,1.87656
Week 2,17 Feb 2009,1.85602,1.87379
Week 3,24 Feb 2009,1.90122,1.91829
Week 4,03 Mar 2009,1.88528,1.90119

Week 1,10 Mar 2009,1.87128,1.89103
Week 2,17 Mar 2009,1.85397,1.87507
Week 3,24 Mar 2009,1.88826,1.90068
Week 4,31 Mar 2009,1.93357,1.95304

Week 1,07 Apr 2009,1.98075,2.00543
Week 2,14 Apr 2009,1.97673,1.99681
Week 3,21 Apr 2009,1.93730,1.94992
Week 4,28 Apr 2009,1.93921,1.95891

Week 1,05 May 2009,1.99098,2.00792
Week 2,12 May 2009,1.92477,1.94232
Week 3,19 May 2009,1.98948,2.00726
Week 4,26 May 2009,2.00247,2.02041

Week 1,02 Jun 2009,2.04434,2.06308
Week 2,09 Jun 2009,2.04175,2.06228
Week 3,16 Jun 2009,1.98578,2.00483
Week 4,23 Jun 2009,1.95025,1.96785

Week 1,30 Jun 2009,1.98287,2.00102
Week 2,07 Jul 2009,1.89979,1.92104
Week 3,14 Jul 2009,1.90613,1.92705
Week 4,21 Jul 2009,1.93896,1.95800

Week 1,28 Jul 2009,1.95556,1.97443
Week 2,04 Aug 2009,1.99679,2.01763
Week 3,11 Aug 2009,1.97581,1.99507
Week 4,18 Aug 2009,1.92670,1.94467

Week 1,25 Aug 2009,1.91542,1.93394
Week 2,01 Sep 2009,1.88772,1.90800
Week 3,08 Sep 2009,1.87577,1.89395
Week 4,15 Sep 2009,1.86718,1.88507

Week 1,22 Sep 2009,1.86937,1.88760
Week 2,29 Sep 2009,1.85615,1.87468
Week 3,06 Oct 2009,1.89527,1.91590
Week 4,13 Oct 2009,1.93968,1.95811

Week 1,20 Oct 2009,1.95935,1.96694
Week 2,27 Oct 2009,1.93232,1.93890
Week 3,03 Nov 2009,1.91438,1.92091
Week 4,10 Nov 2009,1.92915,1.94010

Week 1,17 Nov 2009,1.91318,1.92388
Week 2,24 Nov 2009,1.87353,1.88448
Week 3,01 Dec 2009,1.89649,1.91299
Week 4,08 Dec 2009,1.90154,1.90725

Week 1,15 Dec 2009,1.90986,1.92081
Week 2,22 Dec 2009,1.94217,1.95772
Week 3,29 Dec 2009,1.97641,1.98266
Week 4,05 Jan 2010,2.01060,2.02238

Week 1,12 Jan 2010,1.99743,2.00316
Week 2,19 Jan 2010,1.96228,1.96757
Week 3,26 Jan 2010,1.93536,1.94616
Week 4,02 Feb 2010,1.92911,1.94131

Week 1,09 Feb 2010,1.92015,1.93176
Week 2,16 Feb 2010,1.96367,1.97256
Week 3,23 Feb 2010,1.94260,1.94456
Week 4,02 Mar 2010,1.95387,1.95592

Week 1,09 Mar 2010,1.98669,1.98883
Week 2,16 Mar 2010,1.99050,1.99266
Week 3,23 Mar 2010,2.02151,2.02342
Week 4,30 Mar 2010,2.08394,2.08676

Week 1,06 Apr 2010,2.10581,2.10936
Week 2,13 Apr 2010,2.08034,2.09540
Week 3,20 Apr 2010,2.09621,2.09804
Week 4,27 Apr 2010,2.10334,2.11864

Week 1,04 May 2010,2.05160,2.06575
Week 2,11 May 2010,2.04928,2.05354
Week 3,18 May 2010,1.95887,1.96348
Week 4,25 May 2010,1.92626,1.93499

Week 1,01 Jun 2010,1.95385,1.96153
Week 2,08 Jun 2010,1.94471,1.94946
Week 3,15 Jun 2010,1.96313,1.97034
Week 4,22 Jun 2010,1.93752,1.95095

Week 1,29 Jun 2010,1.88886,1.89427
Week 2,06 Jul 2010,1.87320,1.88624
Week 3,13 Jul 2010,1.86677,1.87115
Week 4,20 Jul 2010,1.84565,1.85014

Week 1,27 Jul 2010,1.86171,1.86427
Week 2,03 Aug 2010,1.85361,1.86666
Week 3,10 Aug 2010,1.83376,1.84652
Week 4,17 Aug 2010,1.83161,1.83412

Week 1,24 Aug 2010,1.80625,1.81869
Week 2,31 Aug 2010,1.79915,1.81176
Week 3,07 Sep 2010,1.79464,1.80755
Week 4,14 Sep 2010,1.82690,1.84137

Week 1,21 Sep 2010,1.85194,1.86506
Week 2,28 Sep 2010,1.85743,1.87085
Week 3,05 Oct 2010,1.85224,1.86600
Week 4,12 Oct 2010,1.83030,1.84368

Week 1,19 Oct 2010,1.81920,1.83226
Week 2,26 Oct 2010,1.80763,1.82148
Week 3,02 Nov 2010,1.81180,1.82971
Week 4,09 Nov 2010,1.81859,1.83590

Week 1,16 Nov 2010,1.81849,1.83657
Week 2,23 Nov 2010,1.81579,1.83298
Week 3,30 Nov 2010,1.82789,1.84544
Week 4,07 Dec 2010,1.82351,1.84230

Week 1,14 Dec 2010,1.81765,1.83454
Week 2,21 Dec 2010,1.81177,1.83055
Week 3,28 Dec 2010,1.79095,1.81108
Week 4,04 Jan 2011,1.80047,1.81658

Week 1,11 Jan 2011,1.80402,1.82098
Week 2,18 Jan 2011,1.78395,1.80039
Week 3,25 Jan 2011,1.77706,1.79338
Week 4,01 Feb 2011,1.77103,1.78705

Week 1,08 Feb 2011,1.80180,1.81746
Week 2,15 Feb 2011,1.82391,1.83944
Week 3,22 Feb 2011,1.80192,1.81800
Week 4,01 Mar 2011,1.81495,1.82521

Week 1,08 Mar 2011,1.79240,1.80865
Week 2,15 Mar 2011,1.75052,1.76656
Week 3,22 Mar 2011,1.77554,1.79158
Week 4,29 Mar 2011,1.82905,1.84584

Week 1,05 Apr 2011,1.88969,1.90756
Week 2,12 Apr 2011,1.85890,1.87581
Week 3,19 Apr 2011,1.82624,1.84352
Week 4,26 Apr 2011,1.81577,1.83242

Week 1,03 May 2011,1.79071,1.80673
Week 2,10 May 2011,1.78473,1.80092
Week 3,17 May 2011,1.79392,1.81010
Week 4,24 May 2011,1.78877,1.80452

Week 1,31 May 2011,1.78772,1.80387
Week 2,07 Jun 2011,1.75733,1.77393
Week 3,14 Jun 2011,1.76060,1.77660
Week 4,21 Jun 2011,1.75748,1.77253

Week 1,28 Jun 2011,1.77951,1.79554
Week 2,05 Jul 2011,1.79750,1.81347
Week 3,12 Jul 2011,1.76256,1.77862
Week 4,19 Jul 2011,1.75201,1.76754

Week 1,26 Jul 2011,1.73973,1.75592
Week 2,02 Aug 2011,1.73566,1.75194
Week 3,09 Aug 2011,1.68784,1.70351
Week 4,16 Aug 2011,1.66907,1.68373

Week 1,23 Aug 2011,1.66150,1.67515
Week 2,30 Aug 2011,1.66316,1.67777
Week 3,06 Sep 2011,1.65856,1.67382
Week 4,13 Sep 2011,1.59727,1.61213

Week 1,20 Sep 2011,1.53950,1.55855
Week 2,27 Sep 2011,1.53239,1.54596
Week 3,04 Oct 2011,1.53779,1.55090
Week 4,11 Oct 2011,1.54730,1.56065

Week 1,18 Oct 2011,1.52552,1.53794
Week 2,25 Oct 2011,1.52539,1.53871
Week 3,01 Nov 2011,1.57088,1.58436
Week 4,08 Nov 2011,1.54230,1.55116

Week 1,15 Nov 2011,1.49877,1.50659
Week 2,22 Nov 2011,1.46544,1.47737
Week 3,29 Nov 2011,1.49736,1.50906
Week 4,06 Dec 2011,1.49028,1.50158

Week 1,13 Dec 2011,1.43011,1.44337
Week 2,20 Dec 2011,1.43621,1.44863
Week 3,27 Dec 2011,1.42042,1.43342
Week 4,03 Jan 2012,1.42269,1.43611

Week 1,10 Jan 2012,1.45544,1.46685
Week 2,17 Jan 2012,1.49196,1.50433
Week 3,24 Jan 2012,1.52490,1.53768
Week 4,31 Jan 2012,1.53448,1.54734

Week 1,07 Feb 2012,1.54572,1.55816
Week 2,14 Feb 2012,1.57674,1.58991
Week 3,21 Feb 2012,1.61776,1.63089
Week 4,28 Feb 2012,1.63238,1.64559

Week 1,06 Mar 2012,1.62296,1.63663
Week 2,13 Mar 2012,1.62550,1.64121
Week 3,20 Mar 2012,1.59422,1.61058
Week 4,27 Mar 2012,1.58301,1.59876

Week 1,03 Apr 2012,1.57752,1.59128
Week 2,10 Apr 2012,1.54573,1.55849
Week 3,17 Apr 2012,1.53950,1.55163
Week 4,24 Apr 2012,1.51414,1.52645

Week 1,01 May 2012,1.48641,1.49829
Week 2,08 May 2012,1.47611,1.48808
Week 3,15 May 2012,1.44892,1.46124
Week 4,22 May 2012,1.41968,1.43089

Week 1,29 May 2012,1.40131,1.41264
Week 2,05 Jun 2012,1.42011,1.43166
Week 3,12 Jun 2012,1.41759,1.42884
Week 4,19 Jun 2012,1.40639,1.41663

Week 1,26 Jun 2012,1.40675,1.41753
Week 2,03 Jul 2012,1.44056,1.44618
Week 3,10 Jul 2012,1.43372,1.43895
Week 4,17 Jul 2012,1.42744,1.43266

Week 1,24 Jul 2012,1.40505,1.40964
Week 2,31 Jul 2012,1.40828,1.41354
Week 3,07 Aug 2012,1.41921,1.42412
Week 4,14 Aug 2012,1.41888,1.42374

Week 1,21 Aug 2012,1.42355,1.42824
Week 2,28 Aug 2012,1.41183,1.41655
Week 3,04 Sep 2012,1.41215,1.41739
Week 4,11 Sep 2012,1.42511,1.43002

Week 1,18 Sep 2012,1.46076,1.46599
Week 2,25 Sep 2012,1.46875,1.47401
Week 3,02 Oct 2012,1.50558,1.51137
Week 4,09 Oct 2012,1.48645,1.49228

Week 1,16 Oct 2012,1.48142,1.48673
Week 2,23 Oct 2012,1.48388,1.48884
Week 3,30 Oct 2012,1.48289,1.48796
Week 4,06 Nov 2012,1.46464,1.46936

Week 1,13 Nov 2012,1.46101,1.46562
Week 2,20 Nov 2012,1.48488,1.48971
Week 3,27 Nov 2012,1.49367,1.49803
Week 4,04 Dec 2012,1.51074,1.51556

Week 1,11 Dec 2012,1.52656,1.53131
Week 2,18 Dec 2012,1.52968,1.53451
Week 3,25 Dec 2012,1.55237,1.55717
Week 4,01 Jan 2013,1.59396,1.59873

Week 1,08 Jan 2013,1.60734,1.61223
Week 2,15 Jan 2013,1.64690,1.65204
Week 3,22 Jan 2013,1.67136,1.67656
Week 4,29 Jan 2013,1.71405,1.71968

Week 1,05 Feb 2013,1.73842,1.74424
Week 2,12 Feb 2013,1.72457,1.73143
Week 3,19 Feb 2013,1.71792,1.72382
Week 4,26 Feb 2013,1.70137,1.70706

Week 1,05 Mar 2013,1.72727,1.73309
Week 2,12 Mar 2013,1.76524,1.77119
Week 3,19 Mar 2013,1.74506,1.75113
Week 4,26 Mar 2013,1.73052,1.73668

Week 1,02 Apr 2013,1.74112,1.74736
Week 2,09 Apr 2013,1.81439,1.82089
Week 3,16 Apr 2013,1.82299,1.82929
Week 4,23 Apr 2013,1.82494,1.83130

Week 1,30 Apr 2013,1.82718,1.83366
Week 2,07 May 2013,1.84444,1.85068
Week 3,14 May 2013,1.86684,1.87304
Week 4,21 May 2013,1.83659,1.84038

Week 1,28 May 2013,1.79379,1.79744
Week 2,04 Jun 2013,1.73244,1.73542
Week 3,11 Jun 2013,1.65285,1.65600
Week 4,18 Jun 2013,1.63103,1.63374

Week 1,25 Jun 2013,1.64136,1.64419
Week 2,02 Jul 2013,1.66374,1.66647
Week 3,09 Jul 2013,1.66127,1.66435
Week 4,16 Jul 2013,1.67856,1.68186

Week 1,23 Jul 2013,1.67137,1.67468
Week 2,30 Jul 2013,1.62174,1.62476
Week 3,06 Aug 2013,1.58792,1.59095
Week 4,13 Aug 2013,1.57658,1.57936

Week 1,20 Aug 2013,1.52703,1.53022
Week 2,27 Aug 2013,1.46754,1.47472
Week 3,03 Sep 2013,1.49986,1.50618
Week 4,10 Sep 2013,1.56075,1.56760

Week 1,17 Sep 2013,1.58221,1.58994
Week 2,24 Sep 2013,1.57589,1.58174
Week 3,01 Oct 2013,1.57661,1.58190
Week 4,08 Oct 2013,1.59792,1.60169

Week 1,15 Oct 2013,1.60534,1.61168
Week 2,22 Oct 2013,1.59380,1.59761
Week 3,29 Oct 2013,1.59481,1.59968
Week 4,05 Nov 2013,1.57685,1.58095

Week 1,12 Nov 2013,1.57692,1.58114
Week 2,19 Nov 2013,1.60915,1.61364
Week 3,26 Nov 2013,1.63644,1.64114
Week 4,03 Dec 2013,1.66295,1.66760

Week 1,10 Dec 2013,1.67235,1.67692
Week 2,17 Dec 2013,1.67219,1.67687
Week 3,24 Dec 2013,1.69087,1.69611
Week 4,31 Dec 2013,1.69233,1.69650

Week 1,07 Jan 2014,1.69042,1.69412
Week 2,14 Jan 2014,1.69602,1.70087
Week 3,21 Jan 2014,1.66743,1.67247
Week 4,28 Jan 2014,1.63277,1.63766

Week 1,04 Feb 2014,1.63391,1.63881
Week 2,11 Feb 2014,1.64752,1.65138
Week 3,18 Feb 2014,1.64913,1.65367
Week 4,25 Feb 2014,1.64857,1.65315

Week 1,04 Mar 2014,1.66755,1.67258
Week 2,11 Mar 2014,1.67024,1.67491
Week 3,18 Mar 2014,1.66668,1.67071
Week 4,25 Mar 2014,1.70048,1.70429

Week 1,01 Apr 2014,1.72340,1.72824
Week 2,08 Apr 2014,1.68964,1.69430
Week 3,15 Apr 2014,1.68967,1.69547
Week 4,22 Apr 2014,1.68083,1.68556

Week 1,29 Apr 2014,1.69625,1.70142
Week 2,06 May 2014,1.69757,1.70247
Week 3,13 May 2014,1.72093,1.72508
Week 4,20 May 2014,1.73741,1.74251

Week 1,27 May 2014,1.72603,1.73077
Week 2,03 Jun 2014,1.73220,1.73706
Week 3,10 Jun 2014,1.71846,1.72344
Week 4,17 Jun 2014,1.69476,1.69871

Week 1,24 Jun 2014,1.68990,1.69424
Week 2,01 Jul 2014,1.70161,1.70528
Week 3,08 Jul 2014,1.69327,1.69762
Week 4,15 Jul 2014,1.68557,1.68961

Week 1,22 Jul 2014,1.69176,1.69650
Week 2,29 Jul 2014,1.69135,1.69594
Week 3,05 Aug 2014,1.66961,1.67302
Week 4,12 Aug 2014,1.67525,1.67972

Week 1,19 Aug 2014,1.70422,1.70888
Week 2,26 Aug 2014,1.71661,1.72026
Week 3,02 Sep 2014,1.73531,1.73919
Week 4,09 Sep 2014,1.75370,1.75752

Week 1,16 Sep 2014,1.77403,1.77817
Week 2,23 Sep 2014,1.78163,1.78552
Week 3,30 Sep 2014,1.77252,1.77634
Week 4,07 Oct 2014,1.76321,1.76710

Week 1,14 Oct 2014,1.73857,1.74233
Week 2,21 Oct 2014,1.75860,1.76246
Week 3,28 Oct 2014,1.79068,1.79457
Week 4,04 Nov 2014,1.86147,1.86544

Week 1,11 Nov 2014,1.87829,1.88230
Week 2,18 Nov 2014,1.90037,1.90489
Week 3,25 Nov 2014,1.90597,1.91050
Week 4,02 Dec 2014,1.93706,1.94158

Week 1,09 Dec 2014,1.91361,1.91817
Week 2,16 Dec 2014,1.86575,1.86999
Week 3,23 Dec 2014,1.88834,1.89253
Week 4,30 Dec 2014,1.89131,1.89575

Week 1,06 Jan 2015,1.89342,1.89758
Week 2,13 Jan 2015,1.89612,1.90083
Week 3,20 Jan 2015,1.91364,1.91822
Week 4,27 Jan 2015,1.90768,1.91234

Week 1,03 Feb 2015,1.90523,1.90948
Week 2,10 Feb 2015,1.91227,1.91697
Week 3,17 Feb 2015,1.90904,1.91352
Week 4,24 Feb 2015,1.92461,1.92935

Week 1,03 Mar 2015,1.92778,1.93213
Week 2,10 Mar 2015,1.93088,1.93544
Week 3,17 Mar 2015,1.92811,1.93274
Week 4,24 Mar 2015,1.90614,1.91045

Week 1,31 Mar 2015,1.91666,1.92395
Week 2,07 Apr 2015,1.92473,1.93135
Week 3,14 Apr 2015,1.91031,1.91687
Week 4,21 Apr 2015,1.88394,1.89005

Week 1,28 Apr 2015,1.87680,1.88308
Week 2,05 May 2015,1.87646,1.88284
Week 3,12 May 2015,1.87190,1.87817
Week 4,19 May 2015,1.89628,1.90241

Week 1,26 May 2015,1.92984,1.93591
Week 2,02 Jun 2015,1.94819,1.95477
Week 3,09 Jun 2015,1.93096,1.93743
Week 4,16 Jun 2015,1.92693,1.93347

Week 1,23 Jun 2015,1.94380,1.95032
Week 2,30 Jun 2015,1.93337,1.93987
Week 3,07 Jul 2015,1.92675,1.93353
Week 4,14 Jul 2015,1.95082,1.95765

Week 1,21 Jul 2015,1.94157,1.94790
Week 2,28 Jul 2015,1.93076,1.93719
Week 3,04 Aug 2015,1.94624,1.95240
Week 4,11 Aug 2015,1.92029,1.92648

Week 1,18 Aug 2015,1.87640,1.88246
Week 2,25 Aug 2015,1.81615,1.82213
Week 3,01 Sep 2015,1.80221,1.80765
Week 4,08 Sep 2015,1.80681,1.81219

Week 1,15 Sep 2015,1.81448,1.82035
Week 2,22 Sep 2015,1.81758,1.82331
Week 3,29 Sep 2015,1.82323,1.82911
Week 4,06 Oct 2015,1.84749,1.85364

Week 1,13 Oct 2015,1.83997,1.84584
Week 2,20 Oct 2015,1.85143,1.85722
Week 3,27 Oct 2015,1.84913,1.85471
Week 4,03 Nov 2015,1.84997,1.85507

Week 1,10 Nov 2015,1.85529,1.86101
Week 2,17 Nov 2015,1.86039,1.86634
Week 3,24 Nov 2015,1.84167,1.84745
Week 4,01 Dec 2015,1.84452,1.85004

Week 1,08 Dec 2015,1.82160,1.82710
Week 2,15 Dec 2015,1.82409,1.82963
Week 3,22 Dec 2015,1.82629,1.83024
Week 4,29 Dec 2015,1.81690,1.82071

Week 1,05 Jan 2016,1.77138,1.77672
Week 2,12 Jan 2016,1.74466,1.74990
Week 3,19 Jan 2016,1.73804,1.74311
Week 4,26 Jan 2016,1.75887,1.76393

Week 1,02 Feb 2016,1.74463,1.74984
Week 2,09 Feb 2016,1.67237,1.67740
Week 3,16 Feb 2016,1.65395,1.65887
Week 4,23 Feb 2016,1.64244,1.64712

Week 1,01 Mar 2016,1.68071,1.68579
Week 2,08 Mar 2016,1.68730,1.69230
Week 3,15 Mar 2016,1.67940,1.68454
Week 4,22 Mar 2016,1.68223,1.68748

Week 1,29 Mar 2016,1.69241,1.69771
Week 2,05 Apr 2016,1.64298,1.64813
Week 3,12 Apr 2016,1.63246,1.63757
Week 4,19 Apr 2016,1.65267,1.65760

Week 1,26 Apr 2016,1.63475,1.63984
Week 2,03 May 2016,1.60218,1.60700
Week 3,10 May 2016,1.62418,1.62924
Week 4,17 May 2016,1.63016,1.63521

Week 1,24 May 2016,1.63150,1.63655
Week 2,31 May 2016,1.61946,1.62441
Week 3,07 Jun 2016,1.59944,1.60413
Week 4,14 Jun 2016,1.56161,1.56648

Week 1,21 Jun 2016,1.52781,1.53303
Week 2,28 Jun 2016,1.51378,1.51875
Week 3,05 Jul 2016,1.50081,1.50552
Week 4,12 Jul 2016,1.55470,1.55958

Week 1,19 Jul 2016,1.57814,1.58307
Week 2,26 Jul 2016,1.55018,1.55505
Week 3,02 Aug 2016,1.51971,1.52451
Week 4,09 Aug 2016,1.51952,1.52420

Week 1,16 Aug 2016,1.49716,1.50175
Week 2,23 Aug 2016,1.49959,1.50430
Week 3,30 Aug 2016,1.54029,1.54512
Week 4,06 Sep 2016,1.53650,1.54134

Week 1,13 Sep 2016,1.52365,1.52836
Week 2,20 Sep 2016,1.51143,1.51620
Week 3,27 Sep 2016,1.51373,1.51852
Week 4,04 Oct 2016,1.54294,1.54778

Week 1,11 Oct 2016,1.55477,1.55960
Week 2,18 Oct 2016,1.55278,1.55743
Week 3,25 Oct 2016,1.56340,1.56816
Week 4,01 Nov 2016,1.55137,1.55613

Week 1,08 Nov 2016,1.57345,1.57828
Week 2,15 Nov 2016,1.61051,1.61536
Week 3,22 Nov 2016,1.63892,1.64386
Week 4,29 Nov 2016,1.65679,1.66176

Week 1,06 Dec 2016,1.69062,1.69572
Week 2,13 Dec 2016,1.72421,1.72938
Week 3,20 Dec 2016,1.72825,1.73341
Week 4,27 Dec 2016,1.71988,1.72557

Week 1,03 Jan 2017,1.71680,1.72246
Week 2,10 Jan 2017,1.68830,1.69333
Week 3,17 Jan 2017,1.67501,1.68003
Week 4,24 Jan 2017,1.67368,1.67869

Week 1,31 Jan 2017,1.67532,1.68038
Week 2,07 Feb 2017,1.67973,1.68484
Week 3,14 Feb 2017,1.69072,1.69584
Week 4,21 Feb 2017,1.68503,1.69056

Week 1,28 Feb 2017,1.69873,1.70357
Week 2,07 Mar 2017,1.71522,1.72042
Week 3,14 Mar 2017,1.72930,1.73473
Week 4,21 Mar 2017,1.70548,1.71073

Week 1,28 Mar 2017,1.70995,1.71512
Week 2,04 Apr 2017,1.71172,1.71703
Week 3,11 Apr 2017,1.69345,1.69891
Week 4,18 Apr 2017,1.68192,1.68731

Week 1,25 Apr 2017,1.72472,1.73010
Week 2,02 May 2017,1.74554,1.75112
Week 3,09 May 2017,1.76096,1.76635
Week 4,16 May 2017,1.73690,1.74200

Week 1,23 May 2017,1.72270,1.72779
Week 2,30 May 2017,1.71884,1.72416
Week 3,06 Jun 2017,1.70821,1.71327
Week 4,13 Jun 2017,1.71148,1.71653

Week 1,20 Jun 2017,1.72262,1.72772
Week 2,27 Jun 2017,1.73323,1.73835
Week 3,04 Jul 2017,1.74898,1.75414
Week 4,11 Jul 2017,1.75618,1.76007

Week 1,18 Jul 2017,1.73436,1.73825
Week 2,25 Jul 2017,1.72661,1.73150
Week 3,01 Aug 2017,1.72974,1.73375
Week 4,08 Aug 2017,1.71350,1.71732

Week 1,15 Aug 2017,1.70929,1.71321
Week 2,22 Aug 2017,1.70598,1.70989
Week 3,29 Aug 2017,1.71595,1.71982
Week 4,05 Sep 2017,1.69524,1.69903

Week 1,12 Sep 2017,1.71876,1.72267
Week 2,19 Sep 2017,1.72831,1.73211
Week 3,26 Sep 2017,1.71567,1.71882
Week 4,03 Oct 2017,1.72076,1.72377

Week 1,10 Oct 2017,1.72148,1.72473
Week 2,17 Oct 2017,1.73337,1.73642
Week 3,24 Oct 2017,1.74857,1.75166
Week 4,31 Oct 2017,1.75747,1.76063

Week 1,07 Nov 2017,1.74374,1.74701
Week 2,14 Nov 2017,1.72747,1.73040
Week 3,21 Nov 2017,1.72397,1.72827
Week 4,28 Nov 2017,1.73348,1.73642

Week 1,05 Dec 2017,1.74493,1.74811


