IND->CNY

Week 1,01 Dec 1998,0.19448,0.19453
Week 2,08 Dec 1998,0.19424,0.19460
Week 3,15 Dec 1998,0.19451,0.19457
Week 4,22 Dec 1998,0.19458,0.19468

Week 1,29 Dec 1998,0.19481,0.19484
Week 2,05 Jan 1999,0.19468,0.19473
Week 3,12 Jan 1999,0.19479,0.19495
Week 4,19 Jan 1999,0.19473,0.19477

Week 1,26 Jan 1999,0.19475,0.19483
Week 2,02 Feb 1999,0.19484,0.19499
Week 3,09 Feb 1999,0.19499,0.19503
Week 4,16 Feb 1999,0.19501,0.19511

Week 1,23 Feb 1999,0.19410,0.19474
Week 2,02 Mar 1999,0.19465,0.19479
Week 3,09 Mar 1999,0.19504,0.19508
Week 4,16 Mar 1999,0.19523,0.19531

Week 1,23 Mar 1999,0.19511,0.19547
Week 2,30 Mar 1999,0.19507,0.19552
Week 3,06 Apr 1999,0.19402,0.19413
Week 4,13 Apr 1999,0.19338,0.19379

Week 1,20 Apr 1999,0.19337,0.19355
Week 2,27 Apr 1999,0.19329,0.19348
Week 3,04 May 1999,0.19369,0.19373
Week 4,11 May 1999,0.19362,0.19373

Week 1,18 May 1999,0.19361,0.19374
Week 2,25 May 1999,0.19299,0.19312
Week 3,01 Jun 1999,0.19320,0.19324
Week 4,08 Jun 1999,0.19259,0.19266

Week 1,15 Jun 1999,0.19178,0.19190
Week 2,22 Jun 1999,0.19105,0.19113
Week 3,29 Jun 1999,0.19084,0.19097
Week 4,06 Jul 1999,0.19100,0.19115

Week 1,13 Jul 1999,0.19139,0.19147
Week 2,20 Jul 1999,0.19131,0.19149
Week 3,27 Jul 1999,0.19105,0.19111
Week 4,03 Aug 1999,0.19086,0.19089

Week 1,10 Aug 1999,0.19059,0.19072
Week 2,17 Aug 1999,0.19023,0.19037
Week 3,24 Aug 1999,0.19021,0.19034
Week 4,31 Aug 1999,0.19027,0.19034

Week 1,07 Sep 1999,0.19017,0.19032
Week 2,14 Sep 1999,0.19007,0.19021
Week 3,21 Sep 1999,0.18997,0.19011
Week 4,28 Sep 1999,0.18984,0.19000

Week 1,05 Oct 1999,0.19024,0.19027
Week 2,12 Oct 1999,0.19068,0.19071
Week 3,19 Oct 1999,0.19067,0.19075
Week 4,26 Oct 1999,0.19070,0.19082

Week 1,02 Nov 1999,0.19063,0.19067
Week 2,09 Nov 1999,0.19071,0.19081
Week 3,16 Nov 1999,0.19072,0.19087
Week 4,23 Nov 1999,0.19009,0.19012

Week 1,30 Nov 1999,0.18977,0.18981
Week 2,07 Dec 1999,0.18952,0.18960
Week 3,14 Dec 1999,0.19028,0.19034
Week 4,21 Dec 1999,0.19026,0.19037

Week 1,28 Dec 1999,0.19027,0.19038
Week 2,04 Jan 2000,0.19028,0.19043
Week 3,11 Jan 2000,0.19015,0.19032
Week 4,18 Jan 2000,0.18996,0.19021

Week 1,25 Jan 2000,0.18983,0.18997
Week 2,01 Feb 2000,0.18978,0.18991
Week 3,08 Feb 2000,0.18972,0.18989
Week 4,15 Feb 2000,0.18977,0.18990

Week 1,22 Feb 2000,0.18975,0.18988
Week 2,29 Feb 2000,0.18983,0.19004
Week 3,07 Mar 2000,0.18990,0.19008
Week 4,14 Mar 2000,0.18987,0.19006

Week 1,21 Mar 2000,0.18982,0.19001
Week 2,28 Mar 2000,0.18982,0.18994
Week 3,04 Apr 2000,0.18973,0.18989
Week 4,11 Apr 2000,0.18963,0.18983

Week 1,18 Apr 2000,0.18951,0.18977
Week 2,25 Apr 2000,0.18957,0.18973
Week 3,02 May 2000,0.18966,0.18980
Week 4,09 May 2000,0.18869,0.18887

Week 1,16 May 2000,0.18815,0.18847
Week 2,23 May 2000,0.18724,0.18802
Week 3,30 May 2000,0.18705,0.18792
Week 4,06 Jun 2000,0.18706,0.18792

Week 1,13 Jun 2000,0.18495,0.18525
Week 2,20 Jun 2000,0.18522,0.18551
Week 3,27 Jun 2000,0.18508,0.18562
Week 4,04 Jul 2000,0.18514,0.18528

Week 1,11 Jul 2000,0.18523,0.18533
Week 2,18 Jul 2000,0.18441,0.18457
Week 3,25 Jul 2000,0.18449,0.18470
Week 4,01 Aug 2000,0.18263,0.18317

Week 1,08 Aug 2000,0.18078,0.18133
Week 2,15 Aug 2000,0.18044,0.18119
Week 3,22 Aug 2000,0.18046,0.18107
Week 4,29 Aug 2000,0.18057,0.18108

Week 1,05 Sep 2000,0.18098,0.18166
Week 2,12 Sep 2000,0.18085,0.18153
Week 3,19 Sep 2000,0.17918,0.17984
Week 4,26 Sep 2000,0.17965,0.18027

Week 1,03 Oct 2000,0.17928,0.18008
Week 2,10 Oct 2000,0.17857,0.17911
Week 3,17 Oct 2000,0.17846,0.17896
Week 4,24 Oct 2000,0.17738,0.17790

Week 1,31 Oct 2000,0.17709,0.17760
Week 2,07 Nov 2000,0.17705,0.17753
Week 3,14 Nov 2000,0.17663,0.17715
Week 4,21 Nov 2000,0.17665,0.17701

Week 1,28 Nov 2000,0.17643,0.17687
Week 2,05 Dec 2000,0.17686,0.17720
Week 3,12 Dec 2000,0.17688,0.17720
Week 4,19 Dec 2000,0.17703,0.17749

Week 1,26 Dec 2000,0.17715,0.17748
Week 2,02 Jan 2001,0.17708,0.17743
Week 3,09 Jan 2001,0.17739,0.17782
Week 4,16 Jan 2001,0.17806,0.17850

Week 1,23 Jan 2001,0.17815,0.17847
Week 2,30 Jan 2001,0.17823,0.17854
Week 3,06 Feb 2001,0.17813,0.17848
Week 4,13 Feb 2001,0.17768,0.17805

Week 1,20 Feb 2001,0.17748,0.17790
Week 2,27 Feb 2001,0.17761,0.17798
Week 3,06 Mar 2001,0.17777,0.17814
Week 4,13 Mar 2001,0.17735,0.17767

Week 1,20 Mar 2001,0.17714,0.17750
Week 2,27 Mar 2001,0.17738,0.17773
Week 3,03 Apr 2001,0.17745,0.17784
Week 4,10 Apr 2001,0.17692,0.17731

Week 1,17 Apr 2001,0.17643,0.17685
Week 2,24 Apr 2001,0.17659,0.17689
Week 3,01 May 2001,0.17673,0.17693
Week 4,08 May 2001,0.17664,0.17686

Week 1,15 May 2001,0.17613,0.17652
Week 2,22 May 2001,0.17602,0.17641
Week 3,29 May 2001,0.17607,0.17637
Week 4,05 Jun 2001,0.17601,0.17640

Week 1,12 Jun 2001,0.17597,0.17623
Week 2,19 Jun 2001,0.17599,0.17639
Week 3,26 Jun 2001,0.17585,0.17623
Week 4,03 Jul 2001,0.17549,0.17580

Week 1,10 Jul 2001,0.17535,0.17574
Week 2,17 Jul 2001,0.17545,0.17583
Week 3,24 Jul 2001,0.17551,0.17586
Week 4,31 Jul 2001,0.17553,0.17581

Week 1,07 Aug 2001,0.17549,0.17587
Week 2,14 Aug 2001,0.17549,0.17588
Week 3,21 Aug 2001,0.17550,0.17587
Week 4,28 Aug 2001,0.17545,0.17584

Week 1,04 Sep 2001,0.17523,0.17562
Week 2,11 Sep 2001,0.17397,0.17413
Week 3,18 Sep 2001,0.17221,0.17289
Week 4,25 Sep 2001,0.17244,0.17340

Week 1,02 Oct 2001,0.17205,0.17301
Week 2,09 Oct 2001,0.17162,0.17260
Week 3,16 Oct 2001,0.17179,0.17281
Week 4,23 Oct 2001,0.17187,0.17289

Week 1,30 Oct 2001,0.17197,0.17298
Week 2,06 Nov 2001,0.17204,0.17307
Week 3,13 Nov 2001,0.17201,0.17305
Week 4,20 Nov 2001,0.17203,0.17291

Week 1,27 Nov 2001,0.17194,0.17296
Week 2,04 Dec 2001,0.17235,0.17337
Week 3,11 Dec 2001,0.17250,0.17352
Week 4,18 Dec 2001,0.17253,0.17357

Week 1,25 Dec 2001,0.17163,0.17265
Week 2,01 Jan 2002,0.17101,0.17203
Week 3,08 Jan 2002,0.17109,0.17209
Week 4,15 Jan 2002,0.17096,0.17198

Week 1,22 Jan 2002,0.17089,0.17190
Week 2,29 Jan 2002,0.17075,0.17177
Week 3,05 Feb 2002,0.16956,0.17056
Week 4,12 Feb 2002,0.16940,0.17041

Week 1,19 Feb 2002,0.16959,0.17058
Week 2,26 Feb 2002,0.16925,0.17025
Week 3,05 Mar 2002,0.16947,0.17048
Week 4,12 Mar 2002,0.16944,0.17042

Week 1,19 Mar 2002,0.16930,0.17029
Week 2,26 Mar 2002,0.16910,0.17009
Week 3,02 Apr 2002,0.16892,0.16990
Week 4,09 Apr 2002,0.16877,0.16975

Week 1,16 Apr 2002,0.16873,0.16971
Week 2,23 Apr 2002,0.16851,0.16949
Week 3,30 Apr 2002,0.16845,0.16943
Week 4,07 May 2002,0.16853,0.16954

Week 1,14 May 2002,0.16838,0.16938
Week 2,21 May 2002,0.16824,0.16924
Week 3,28 May 2002,0.16840,0.16941
Week 4,04 Jun 2002,0.16836,0.16935

Week 1,11 Jun 2002,0.16838,0.16936
Week 2,18 Jun 2002,0.16868,0.16970
Week 3,25 Jun 2002,0.16882,0.16981
Week 4,02 Jul 2002,0.16895,0.16993

Week 1,09 Jul 2002,0.16910,0.17008
Week 2,16 Jul 2002,0.16921,0.17021
Week 3,23 Jul 2002,0.16952,0.17053
Week 4,30 Jul 2002,0.16957,0.17058

Week 1,06 Aug 2002,0.16955,0.17055
Week 2,13 Aug 2002,0.16976,0.17076
Week 3,20 Aug 2002,0.16992,0.17094
Week 4,27 Aug 2002,0.17022,0.17121

Week 1,03 Sep 2002,0.17003,0.17104
Week 2,10 Sep 2002,0.17020,0.17119
Week 3,17 Sep 2002,0.17037,0.17136
Week 4,24 Sep 2002,0.17051,0.17151

Week 1,01 Oct 2002,0.17062,0.17164
Week 2,08 Oct 2002,0.17067,0.17171
Week 3,15 Oct 2002,0.17074,0.17174
Week 4,22 Oct 2002,0.17060,0.17161

Week 1,29 Oct 2002,0.17050,0.17150
Week 2,05 Nov 2002,0.17079,0.17179
Week 3,12 Nov 2002,0.17100,0.17203
Week 4,19 Nov 2002,0.17123,0.17223

Week 1,26 Nov 2002,0.17126,0.17225
Week 2,03 Dec 2002,0.17109,0.17210
Week 3,10 Dec 2002,0.17116,0.17216
Week 4,17 Dec 2002,0.17135,0.17235

Week 1,24 Dec 2002,0.17196,0.17296
Week 2,31 Dec 2002,0.17185,0.17286
Week 3,07 Jan 2003,0.17198,0.17299
Week 4,14 Jan 2003,0.17225,0.17326

Week 1,21 Jan 2003,0.17224,0.17325
Week 2,28 Jan 2003,0.17252,0.17353
Week 3,04 Feb 2003,0.17309,0.17411
Week 4,11 Feb 2003,0.17265,0.17366

Week 1,18 Feb 2003,0.17293,0.17394
Week 2,25 Feb 2003,0.17291,0.17396
Week 3,04 Mar 2003,0.17312,0.17413
Week 4,11 Mar 2003,0.17316,0.17420

Week 1,18 Mar 2003,0.17305,0.17407
Week 2,25 Mar 2003,0.17338,0.17440
Week 3,01 Apr 2003,0.17399,0.17502
Week 4,08 Apr 2003,0.17407,0.17514

Week 1,15 Apr 2003,0.17406,0.17509
Week 2,22 Apr 2003,0.17432,0.17533
Week 3,29 Apr 2003,0.17425,0.17528
Week 4,06 May 2003,0.17461,0.17565

Week 1,13 May 2003,0.17503,0.17608
Week 2,20 May 2003,0.17586,0.17693
Week 3,27 May 2003,0.17563,0.17671
Week 4,03 Jun 2003,0.17583,0.17687

Week 1,10 Jun 2003,0.17654,0.17758
Week 2,17 Jun 2003,0.17714,0.17822
Week 3,24 Jun 2003,0.17752,0.17857
Week 4,01 Jul 2003,0.17794,0.17900

Week 1,08 Jul 2003,0.17858,0.17965
Week 2,15 Jul 2003,0.17861,0.17968
Week 3,22 Jul 2003,0.17873,0.17980
Week 4,29 Jul 2003,0.17880,0.17987

Week 1,05 Aug 2003,0.17914,0.18021
Week 2,12 Aug 2003,0.17980,0.18083
Week 3,19 Aug 2003,0.18018,0.18121
Week 4,26 Aug 2003,0.18001,0.18103

Week 1,02 Sep 2003,0.17990,0.18093
Week 2,09 Sep 2003,0.18038,0.18141
Week 3,16 Sep 2003,0.17985,0.18087
Week 4,23 Sep 2003,0.18012,0.18115

Week 1,30 Sep 2003,0.18117,0.18233
Week 2,07 Oct 2003,0.18198,0.18303
Week 3,14 Oct 2003,0.18169,0.18273
Week 4,21 Oct 2003,0.18218,0.18323

Week 1,28 Oct 2003,0.18212,0.18316
Week 2,04 Nov 2003,0.18230,0.18335
Week 3,11 Nov 2003,0.18195,0.18299
Week 4,18 Nov 2003,0.18067,0.18171

Week 1,25 Nov 2003,0.17980,0.18082
Week 2,02 Dec 2003,0.18099,0.18202
Week 3,09 Dec 2003,0.18130,0.18234
Week 4,16 Dec 2003,0.18151,0.18247

Week 1,23 Dec 2003,0.18131,0.18235
Week 2,30 Dec 2003,0.18098,0.18201
Week 3,06 Jan 2004,0.18142,0.18246
Week 4,13 Jan 2004,0.18174,0.18278

Week 1,20 Jan 2004,0.18190,0.18295
Week 2,27 Jan 2004,0.18225,0.18329
Week 3,03 Feb 2004,0.18238,0.18343
Week 4,10 Feb 2004,0.18246,0.18351

Week 1,17 Feb 2004,0.18245,0.18350
Week 2,24 Feb 2004,0.18241,0.18346
Week 3,02 Mar 2004,0.18236,0.18341
Week 4,09 Mar 2004,0.18239,0.18344

Week 1,16 Mar 2004,0.18261,0.18366
Week 2,23 Mar 2004,0.18452,0.18559
Week 3,30 Mar 2004,0.18869,0.18979
Week 4,06 Apr 2004,0.18927,0.19038

Week 1,13 Apr 2004,0.18855,0.18965
Week 2,20 Apr 2004,0.18720,0.18836
Week 3,27 Apr 2004,0.18636,0.18758
Week 4,04 May 2004,0.18487,0.18594

Week 1,11 May 2004,0.18217,0.18321
Week 2,18 May 2004,0.18224,0.18329
Week 3,25 May 2004,0.18199,0.18303
Week 4,01 Jun 2004,0.18243,0.18348

Week 1,08 Jun 2004,0.18313,0.18418
Week 2,15 Jun 2004,0.18151,0.18255
Week 3,22 Jun 2004,0.18004,0.18107
Week 4,29 Jun 2004,0.18009,0.18112

Week 1,06 Jul 2004,0.18024,0.18140
Week 2,13 Jul 2004,0.17954,0.18056
Week 3,20 Jul 2004,0.17874,0.17976
Week 4,27 Jul 2004,0.17823,0.17924

Week 1,03 Aug 2004,0.17798,0.17955
Week 2,10 Aug 2004,0.17836,0.17937
Week 3,17 Aug 2004,0.17828,0.17929
Week 4,24 Aug 2004,0.17828,0.17929

Week 1,31 Aug 2004,0.17822,0.17923
Week 2,07 Sep 2004,0.17839,0.17941
Week 3,14 Sep 2004,0.17996,0.18099
Week 4,21 Sep 2004,0.17992,0.18094

Week 1,28 Sep 2004,0.17959,0.18061
Week 2,05 Oct 2004,0.18021,0.18124
Week 3,12 Oct 2004,0.18007,0.18122
Week 4,19 Oct 2004,0.18048,0.18134

Week 1,26 Oct 2004,0.18148,0.18223
Week 2,02 Nov 2004,0.18269,0.18351
Week 3,09 Nov 2004,0.18308,0.18388
Week 4,16 Nov 2004,0.18339,0.18427

Week 1,23 Nov 2004,0.18354,0.18436
Week 2,30 Nov 2004,0.18655,0.18740
Week 3,07 Dec 2004,0.18709,0.18786
Week 4,14 Dec 2004,0.18785,0.18871

Week 1,21 Dec 2004,0.18878,0.18964
Week 2,28 Dec 2004,0.18947,0.19035
Week 3,04 Jan 2005,0.18884,0.18964
Week 4,11 Jan 2005,0.18914,0.18998

Week 1,18 Jan 2005,0.18899,0.18994
Week 2,25 Jan 2005,0.18902,0.18988
Week 3,01 Feb 2005,0.19001,0.19095
Week 4,08 Feb 2005,0.18895,0.18990

Week 1,15 Feb 2005,0.18875,0.18970
Week 2,22 Feb 2005,0.18903,0.18999
Week 3,01 Mar 2005,0.18903,0.19001
Week 4,08 Mar 2005,0.18948,0.19059

Week 1,15 Mar 2005,0.18937,0.19045
Week 2,22 Mar 2005,0.18878,0.18978
Week 3,29 Mar 2005,0.18896,0.18984
Week 4,05 Apr 2005,0.18878,0.18962

Week 1,12 Apr 2005,0.18880,0.18965
Week 2,19 Apr 2005,0.18882,0.18976
Week 3,26 Apr 2005,0.18927,0.19020
Week 4,03 May 2005,0.18991,0.19103

Week 1,10 May 2005,0.19023,0.19135
Week 2,17 May 2005,0.18993,0.19104
Week 3,24 May 2005,0.18974,0.19086
Week 4,31 May 2005,0.18905,0.19016

Week 1,07 Jun 2005,0.18953,0.19065
Week 2,14 Jun 2005,0.18942,0.19053
Week 3,21 Jun 2005,0.18964,0.19075
Week 4,28 Jun 2005,0.18965,0.19076

Week 1,05 Jul 2005,0.18937,0.19048
Week 2,12 Jul 2005,0.18966,0.19078
Week 3,19 Jul 2005,0.18845,0.18957
Week 4,26 Jul 2005,0.18614,0.18725

Week 1,02 Aug 2005,0.18598,0.18708
Week 2,09 Aug 2005,0.18557,0.18667
Week 3,16 Aug 2005,0.18560,0.18670
Week 4,23 Aug 2005,0.18505,0.18614

Week 1,30 Aug 2005,0.18378,0.18487
Week 2,06 Sep 2005,0.18413,0.18538
Week 3,13 Sep 2005,0.18397,0.18518
Week 4,20 Sep 2005,0.18379,0.18505

Week 1,27 Sep 2005,0.18340,0.18470
Week 2,04 Oct 2005,0.18238,0.18363
Week 3,11 Oct 2005,0.17993,0.18109
Week 4,18 Oct 2005,0.17898,0.18016

Week 1,25 Oct 2005,0.17896,0.18012
Week 2,01 Nov 2005,0.17803,0.17903
Week 3,08 Nov 2005,0.17662,0.17745
Week 4,15 Nov 2005,0.17640,0.17731

Week 1,22 Nov 2005,0.17622,0.17697
Week 2,29 Nov 2005,0.17518,0.17591
Week 3,06 Dec 2005,0.17450,0.17528
Week 4,13 Dec 2005,0.17679,0.17761

Week 1,20 Dec 2005,0.17839,0.17922
Week 2,27 Dec 2005,0.17851,0.17923
Week 3,03 Jan 2006,0.17994,0.18067
Week 4,10 Jan 2006,0.18235,0.18320

Week 1,17 Jan 2006,0.18197,0.18280
Week 2,24 Jan 2006,0.18247,0.18328
Week 3,31 Jan 2006,0.18227,0.18302
Week 4,07 Feb 2006,0.18199,0.18281

Week 1,14 Feb 2006,0.18135,0.18217
Week 2,21 Feb 2006,0.18078,0.18157
Week 3,28 Feb 2006,0.18124,0.18205
Week 4,07 Mar 2006,0.18110,0.18186

Week 1,14 Mar 2006,0.18087,0.18168
Week 2,21 Mar 2006,0.18020,0.18107
Week 3,28 Mar 2006,0.17941,0.18046
Week 4,04 Apr 2006,0.17941,0.18047

Week 1,11 Apr 2006,0.17767,0.17871
Week 2,18 Apr 2006,0.17726,0.17830
Week 3,25 Apr 2006,0.17783,0.17887
Week 4,02 May 2006,0.17813,0.17917

Week 1,09 May 2006,0.17776,0.17880
Week 2,16 May 2006,0.17623,0.17725
Week 3,23 May 2006,0.17493,0.17599
Week 4,30 May 2006,0.17389,0.17497

Week 1,06 Jun 2006,0.17423,0.17530
Week 2,13 Jun 2006,0.17399,0.17505
Week 3,20 Jun 2006,0.17347,0.17452
Week 4,27 Jun 2006,0.17270,0.17375

Week 1,04 Jul 2006,0.17329,0.17435
Week 2,11 Jul 2006,0.17245,0.17349
Week 3,18 Jul 2006,0.17051,0.17156
Week 4,25 Jul 2006,0.17032,0.17134

Week 1,01 Aug 2006,0.17091,0.17195
Week 2,08 Aug 2006,0.17099,0.17202
Week 3,15 Aug 2006,0.17126,0.17230
Week 4,22 Aug 2006,0.17098,0.17201

Week 1,29 Aug 2006,0.17047,0.17152
Week 2,05 Sep 2006,0.17151,0.17255
Week 3,12 Sep 2006,0.17178,0.17282
Week 4,19 Sep 2006,0.17188,0.17294

Week 1,26 Sep 2006,0.17184,0.17290
Week 2,03 Oct 2006,0.17264,0.17369
Week 3,10 Oct 2006,0.17305,0.17410
Week 4,17 Oct 2006,0.17406,0.17512

Week 1,24 Oct 2006,0.17402,0.17508
Week 2,31 Oct 2006,0.17477,0.17586
Week 3,07 Nov 2006,0.17539,0.17648
Week 4,14 Nov 2006,0.17444,0.17552

Week 1,21 Nov 2006,0.17535,0.17590
Week 2,28 Nov 2006,0.17510,0.17558
Week 3,05 Dec 2006,0.17517,0.17571
Week 4,12 Dec 2006,0.17478,0.17527

Week 1,19 Dec 2006,0.17484,0.17535
Week 2,26 Dec 2006,0.17617,0.17668
Week 3,02 Jan 2007,0.17617,0.17667
Week 4,09 Jan 2007,0.17529,0.17581

Week 1,16 Jan 2007,0.17563,0.17617
Week 2,23 Jan 2007,0.17553,0.17607
Week 3,30 Jan 2007,0.17567,0.17627
Week 4,06 Feb 2007,0.17560,0.17615

Week 1,13 Feb 2007,0.17575,0.17633
Week 2,20 Feb 2007,0.17510,0.17566
Week 3,27 Feb 2007,0.17471,0.17527
Week 4,06 Mar 2007,0.17427,0.17488

Week 1,13 Mar 2007,0.17494,0.17549
Week 2,20 Mar 2007,0.17655,0.17719
Week 3,27 Mar 2007,0.17831,0.17891
Week 4,03 Apr 2007,0.17982,0.18048

Week 1,10 Apr 2007,0.18053,0.18106
Week 2,17 Apr 2007,0.18382,0.18436
Week 3,24 Apr 2007,0.18741,0.18795
Week 4,01 May 2007,0.18734,0.18788

Week 1,08 May 2007,0.18684,0.18739
Week 2,15 May 2007,0.18798,0.18864
Week 3,22 May 2007,0.18826,0.18880
Week 4,29 May 2007,0.18817,0.18870

Week 1,05 Jun 2007,0.18698,0.18754
Week 2,12 Jun 2007,0.18644,0.18697
Week 3,19 Jun 2007,0.18673,0.18727
Week 4,26 Jun 2007,0.18624,0.18677

Week 1,03 Jul 2007,0.18741,0.18795
Week 2,10 Jul 2007,0.18711,0.18765
Week 3,17 Jul 2007,0.18724,0.18778
Week 4,24 Jul 2007,0.18685,0.18739

Week 1,31 Jul 2007,0.18706,0.18760
Week 2,07 Aug 2007,0.18645,0.18699
Week 3,14 Aug 2007,0.18535,0.18590
Week 4,21 Aug 2007,0.18439,0.18493

Week 1,28 Aug 2007,0.18379,0.18433
Week 2,04 Sep 2007,0.18455,0.18508
Week 3,11 Sep 2007,0.18535,0.18589
Week 4,18 Sep 2007,0.18695,0.18749

Week 1,25 Sep 2007,0.18856,0.18911
Week 2,02 Oct 2007,0.18915,0.18971
Week 3,09 Oct 2007,0.19040,0.19095
Week 4,16 Oct 2007,0.18948,0.19003

Week 1,23 Oct 2007,0.18911,0.18967
Week 2,30 Oct 2007,0.18888,0.18944
Week 3,06 Nov 2007,0.18873,0.18927
Week 4,13 Nov 2007,0.18840,0.18896

Week 1,20 Nov 2007,0.18721,0.18777
Week 2,27 Nov 2007,0.18587,0.18642
Week 3,04 Dec 2007,0.18732,0.18787
Week 4,11 Dec 2007,0.18709,0.18764

Week 1,18 Dec 2007,0.18604,0.18660
Week 2,25 Dec 2007,0.18565,0.18620
Week 3,01 Jan 2008,0.18476,0.18532
Week 4,08 Jan 2008,0.18463,0.18519

Week 1,15 Jan 2008,0.18407,0.18463
Week 2,22 Jan 2008,0.18272,0.18327
Week 3,29 Jan 2008,0.18230,0.18287
Week 4,05 Feb 2008,0.18139,0.18194

Week 1,12 Feb 2008,0.18084,0.18139
Week 2,19 Feb 2008,0.17861,0.17915
Week 3,26 Feb 2008,0.17832,0.17886
Week 4,04 Mar 2008,0.17562,0.17616

Week 1,11 Mar 2008,0.17520,0.17574
Week 2,18 Mar 2008,0.17410,0.17471
Week 3,25 Mar 2008,0.17510,0.17564
Week 4,01 Apr 2008,0.17510,0.17564

Week 1,08 Apr 2008,0.17491,0.17545
Week 2,15 Apr 2008,0.17483,0.17538
Week 3,22 Apr 2008,0.17437,0.17491
Week 4,29 Apr 2008,0.17233,0.17286

Week 1,06 May 2008,0.16895,0.16947
Week 2,13 May 2008,0.16458,0.16511
Week 3,20 May 2008,0.16238,0.16289
Week 4,27 May 2008,0.16240,0.16291

Week 1,03 Jun 2008,0.16219,0.16270
Week 2,10 Jun 2008,0.16086,0.16137
Week 3,17 Jun 2008,0.16012,0.16062
Week 4,24 Jun 2008,0.15999,0.16049

Week 1,01 Jul 2008,0.15844,0.15903
Week 2,08 Jul 2008,0.15823,0.15873
Week 3,15 Jul 2008,0.15906,0.15971
Week 4,22 Jul 2008,0.16089,0.16170

Week 1,29 Jul 2008,0.16081,0.16155
Week 2,05 Aug 2008,0.16224,0.16302
Week 3,12 Aug 2008,0.15989,0.16068
Week 4,19 Aug 2008,0.15707,0.15780

Week 1,26 Aug 2008,0.15551,0.15631
Week 2,02 Sep 2008,0.15335,0.15413
Week 3,09 Sep 2008,0.15066,0.15140
Week 4,16 Sep 2008,0.14787,0.14887

Week 1,23 Sep 2008,0.14694,0.14790
Week 2,30 Sep 2008,0.14424,0.14505
Week 3,07 Oct 2008,0.13850,0.13988
Week 4,14 Oct 2008,0.13654,0.13845

Week 1,21 Oct 2008,0.13191,0.13419
Week 2,28 Oct 2008,0.13051,0.13407
Week 3,04 Nov 2008,0.13913,0.14193
Week 4,11 Nov 2008,0.13742,0.13978

Week 1,18 Nov 2008,0.13415,0.13665
Week 2,25 Nov 2008,0.13461,0.13736
Week 3,02 Dec 2008,0.13628,0.13851
Week 4,09 Dec 2008,0.13846,0.14001

Week 1,16 Dec 2008,0.13953,0.14280
Week 2,23 Dec 2008,0.13764,0.14114
Week 3,30 Dec 2008,0.13681,0.13979
Week 4,06 Jan 2009,0.13723,0.13958

Week 1,13 Jan 2009,0.13713,0.13949
Week 2,20 Jan 2009,0.13735,0.13905
Week 3,27 Jan 2009,0.13778,0.13994
Week 4,03 Feb 2009,0.13871,0.14056

Week 1,10 Feb 2009,0.13901,0.14085
Week 2,17 Feb 2009,0.13624,0.13789
Week 3,24 Feb 2009,0.13428,0.13582
Week 4,03 Mar 2009,0.13120,0.13265

Week 1,10 Mar 2009,0.13033,0.13203
Week 2,17 Mar 2009,0.13072,0.13254
Week 3,24 Mar 2009,0.13185,0.13305
Week 4,31 Mar 2009,0.13309,0.13476

Week 1,07 Apr 2009,0.13477,0.13679
Week 2,14 Apr 2009,0.13572,0.13744
Week 3,21 Apr 2009,0.13506,0.13629
Week 4,28 Apr 2009,0.13497,0.13668

Week 1,05 May 2009,0.13728,0.13879
Week 2,12 May 2009,0.13651,0.13811
Week 3,19 May 2009,0.14258,0.14421
Week 4,26 May 2009,0.14312,0.14476

Week 1,02 Jun 2009,0.14393,0.14560
Week 2,09 Jun 2009,0.14199,0.14378
Week 3,16 Jun 2009,0.14033,0.14203
Week 4,23 Jun 2009,0.13932,0.14094

Week 1,30 Jun 2009,0.14081,0.14246
Week 2,07 Jul 2009,0.13851,0.14036
Week 3,14 Jul 2009,0.13888,0.14074
Week 4,21 Jul 2009,0.14016,0.14189

Week 1,28 Jul 2009,0.14059,0.14228
Week 2,04 Aug 2009,0.14198,0.14384
Week 3,11 Aug 2009,0.14083,0.14251
Week 4,18 Aug 2009,0.13932,0.14097

Week 1,25 Aug 2009,0.13912,0.14077
Week 2,01 Sep 2009,0.13869,0.14061
Week 3,08 Sep 2009,0.13937,0.14111
Week 4,15 Sep 2009,0.13983,0.14152

Week 1,22 Sep 2009,0.14048,0.14221
Week 2,29 Sep 2009,0.14108,0.14284
Week 3,06 Oct 2009,0.14482,0.14676
Week 4,13 Oct 2009,0.14653,0.14828

Week 1,20 Oct 2009,0.14631,0.14720
Week 2,27 Oct 2009,0.14461,0.14542
Week 3,03 Nov 2009,0.14475,0.14549
Week 4,10 Nov 2009,0.14646,0.14754

Week 1,17 Nov 2009,0.14647,0.14760
Week 2,24 Nov 2009,0.14617,0.14734
Week 3,01 Dec 2009,0.14649,0.14806
Week 4,08 Dec 2009,0.14598,0.14673

Week 1,15 Dec 2009,0.14505,0.14628
Week 2,22 Dec 2009,0.14506,0.14644
Week 3,29 Dec 2009,0.14590,0.14649
Week 4,05 Jan 2010,0.14816,0.14928

Week 1,12 Jan 2010,0.14920,0.14988
Week 2,19 Jan 2010,0.14777,0.14850
Week 3,26 Jan 2010,0.14657,0.14770
Week 4,02 Feb 2010,0.14617,0.14741

Week 1,09 Feb 2010,0.14603,0.14717
Week 2,16 Feb 2010,0.14735,0.14831
Week 3,23 Feb 2010,0.14757,0.14804
Week 4,02 Mar 2010,0.14899,0.14950

Week 1,09 Mar 2010,0.14986,0.15032
Week 2,16 Mar 2010,0.15001,0.15053
Week 3,23 Mar 2010,0.15027,0.15077
Week 4,30 Mar 2010,0.15184,0.15238

Week 1,06 Apr 2010,0.15347,0.15397
Week 2,13 Apr 2010,0.15266,0.15411
Week 3,20 Apr 2010,0.15320,0.15367
Week 4,27 Apr 2010,0.15271,0.15419

Week 1,04 May 2010,0.15031,0.15172
Week 2,11 May 2010,0.15069,0.15137
Week 3,18 May 2010,0.14678,0.14742
Week 4,25 May 2010,0.14513,0.14602

Week 1,01 Jun 2010,0.14508,0.14600
Week 2,08 Jun 2010,0.14497,0.14567
Week 3,15 Jun 2010,0.14699,0.14791
Week 4,22 Jun 2010,0.14635,0.14772

Week 1,29 Jun 2010,0.14497,0.14574
Week 2,06 Jul 2010,0.14385,0.14520
Week 3,13 Jul 2010,0.14409,0.14478
Week 4,20 Jul 2010,0.14345,0.14409

Week 1,27 Jul 2010,0.14493,0.14544
Week 2,03 Aug 2010,0.14599,0.14737
Week 3,10 Aug 2010,0.14478,0.14614
Week 4,17 Aug 2010,0.14533,0.14588

Week 1,24 Aug 2010,0.14451,0.14585
Week 2,31 Aug 2010,0.14498,0.14628
Week 3,07 Sep 2010,0.14478,0.14608
Week 4,14 Sep 2010,0.14446,0.14595

Week 1,21 Sep 2010,0.14643,0.14777
Week 2,28 Sep 2010,0.14853,0.14991
Week 3,05 Oct 2010,0.14968,0.15111
Week 4,12 Oct 2010,0.14909,0.15054

Week 1,19 Oct 2010,0.14869,0.15007
Week 2,26 Oct 2010,0.14893,0.15038
Week 3,02 Nov 2010,0.14911,0.15096
Week 4,09 Nov 2010,0.14720,0.14897

Week 1,16 Nov 2010,0.14474,0.14655
Week 2,23 Nov 2010,0.14431,0.14605
Week 3,30 Nov 2010,0.14572,0.14747
Week 4,07 Dec 2010,0.14505,0.14686

Week 1,14 Dec 2010,0.14407,0.14577
Week 2,21 Dec 2010,0.14448,0.14629
Week 3,28 Dec 2010,0.14458,0.14645
Week 4,04 Jan 2011,0.14391,0.14551

Week 1,11 Jan 2011,0.14349,0.14510
Week 2,18 Jan 2011,0.14213,0.14375
Week 3,25 Jan 2011,0.14185,0.14347
Week 4,01 Feb 2011,0.14193,0.14358

Week 1,08 Feb 2011,0.14285,0.14456
Week 2,15 Feb 2011,0.14383,0.14537
Week 3,22 Feb 2011,0.14375,0.14542
Week 4,01 Mar 2011,0.14509,0.14625

Week 1,08 Mar 2011,0.14278,0.14441
Week 2,15 Mar 2011,0.14238,0.14399
Week 3,22 Mar 2011,0.14342,0.14509
Week 4,29 Mar 2011,0.14417,0.14586

Week 1,05 Apr 2011,0.14561,0.14728
Week 2,12 Apr 2011,0.14495,0.14665
Week 3,19 Apr 2011,0.14439,0.14614
Week 4,26 Apr 2011,0.14453,0.14614

Week 1,03 May 2011,0.14391,0.14543
Week 2,10 May 2011,0.14347,0.14489
Week 3,17 May 2011,0.14298,0.14463
Week 4,24 May 2011,0.14258,0.14402

Week 1,31 May 2011,0.14336,0.14483
Week 2,07 Jun 2011,0.14190,0.14351
Week 3,14 Jun 2011,0.14175,0.14330
Week 4,21 Jun 2011,0.14136,0.14286

Week 1,28 Jun 2011,0.14246,0.14377
Week 2,05 Jul 2011,0.14361,0.14507
Week 3,12 Jul 2011,0.14324,0.14455
Week 4,19 Jul 2011,0.14324,0.14493

Week 1,26 Jul 2011,0.14406,0.14584
Week 2,02 Aug 2011,0.14294,0.14464
Week 3,09 Aug 2011,0.14012,0.14186
Week 4,16 Aug 2011,0.13867,0.14030

Week 1,23 Aug 2011,0.13785,0.13939
Week 2,30 Aug 2011,0.13793,0.13956
Week 3,06 Sep 2011,0.13681,0.13851
Week 4,13 Sep 2011,0.13238,0.13406

Week 1,20 Sep 2011,0.12851,0.13060
Week 2,27 Sep 2011,0.12751,0.12908
Week 3,04 Oct 2011,0.12754,0.12909
Week 4,11 Oct 2011,0.12798,0.12953

Week 1,18 Oct 2011,0.12687,0.12832
Week 2,25 Oct 2011,0.12757,0.12908
Week 3,01 Nov 2011,0.12752,0.12904
Week 4,08 Nov 2011,0.12585,0.12689

Week 1,15 Nov 2011,0.12351,0.12444
Week 2,22 Nov 2011,0.12072,0.12210
Week 3,29 Nov 2011,0.12210,0.12345
Week 4,06 Dec 2011,0.12149,0.12281

Week 1,13 Dec 2011,0.11705,0.11859
Week 2,20 Dec 2011,0.11697,0.11838
Week 3,27 Dec 2011,0.11626,0.11775
Week 4,03 Jan 2012,0.11685,0.11837

Week 1,10 Jan 2012,0.11934,0.12064
Week 2,17 Jan 2012,0.12211,0.12350
Week 3,24 Jan 2012,0.12416,0.12562
Week 4,31 Jan 2012,0.12624,0.12769

Week 1,07 Feb 2012,0.12580,0.12718
Week 2,14 Feb 2012,0.12595,0.12737
Week 3,21 Feb 2012,0.12662,0.12802
Week 4,28 Feb 2012,0.12651,0.12790

Week 1,06 Mar 2012,0.12525,0.12668
Week 2,13 Mar 2012,0.12350,0.12511
Week 3,20 Mar 2012,0.12124,0.12288
Week 4,27 Mar 2012,0.12071,0.12231

Week 1,03 Apr 2012,0.12103,0.12252
Week 2,10 Apr 2012,0.12027,0.12165
Week 3,17 Apr 2012,0.11948,0.12077
Week 4,24 Apr 2012,0.11800,0.11931

Week 1,01 May 2012,0.11690,0.11820
Week 2,08 May 2012,0.11650,0.11780
Week 3,15 May 2012,0.11487,0.11622
Week 4,22 May 2012,0.11279,0.11404

Week 1,29 May 2012,0.11270,0.11398
Week 2,05 Jun 2012,0.11355,0.11483
Week 3,12 Jun 2012,0.11296,0.11423
Week 4,19 Jun 2012,0.11112,0.11227

Week 1,26 Jun 2012,0.11136,0.11255
Week 2,03 Jul 2012,0.11393,0.11456
Week 3,10 Jul 2012,0.11397,0.11456
Week 4,17 Jul 2012,0.11427,0.11485

Week 1,24 Jul 2012,0.11350,0.11402
Week 2,31 Jul 2012,0.11353,0.11413
Week 3,07 Aug 2012,0.11444,0.11500
Week 4,14 Aug 2012,0.11363,0.11420

Week 1,21 Aug 2012,0.11414,0.11467
Week 2,28 Aug 2012,0.11383,0.11435
Week 3,04 Sep 2012,0.11401,0.11463
Week 4,11 Sep 2012,0.11545,0.11600

Week 1,18 Sep 2012,0.11790,0.11848
Week 2,25 Sep 2012,0.11941,0.12000
Week 3,02 Oct 2012,0.12134,0.12199
Week 4,09 Oct 2012,0.11968,0.12033

Week 1,16 Oct 2012,0.11789,0.11849
Week 2,23 Oct 2012,0.11688,0.11743
Week 3,30 Oct 2012,0.11644,0.11700
Week 4,06 Nov 2012,0.11528,0.11579

Week 1,13 Nov 2012,0.11393,0.11441
Week 2,20 Nov 2012,0.11352,0.11402
Week 3,27 Nov 2012,0.11378,0.11423
Week 4,04 Dec 2012,0.11524,0.11574

Week 1,11 Dec 2012,0.11542,0.11591
Week 2,18 Dec 2012,0.11437,0.11486
Week 3,25 Dec 2012,0.11455,0.11502
Week 4,01 Jan 2013,0.11500,0.11546

Week 1,08 Jan 2013,0.11420,0.11468
Week 2,15 Jan 2013,0.11522,0.11569
Week 3,22 Jan 2013,0.11673,0.11723
Week 4,29 Jan 2013,0.11759,0.11809

Week 1,05 Feb 2013,0.11755,0.11806
Week 2,12 Feb 2013,0.11603,0.11668
Week 3,19 Feb 2013,0.11544,0.11598
Week 4,26 Feb 2013,0.11507,0.11561

Week 1,05 Mar 2013,0.11460,0.11514
Week 2,12 Mar 2013,0.11535,0.11588
Week 3,19 Mar 2013,0.11528,0.11579
Week 4,26 Mar 2013,0.11509,0.11561

Week 1,02 Apr 2013,0.11448,0.11497
Week 2,09 Apr 2013,0.11456,0.11505
Week 3,16 Apr 2013,0.11540,0.11591
Week 4,23 Apr 2013,0.11489,0.11538

Week 1,30 Apr 2013,0.11558,0.11609
Week 2,07 May 2013,0.11414,0.11463
Week 3,14 May 2013,0.11297,0.11346
Week 4,21 May 2013,0.11133,0.11165

Week 1,28 May 2013,0.10971,0.11002
Week 2,04 Jun 2013,0.10838,0.10868
Week 3,11 Jun 2013,0.10638,0.10669
Week 4,18 Jun 2013,0.10431,0.10460

Week 1,25 Jun 2013,0.10322,0.10350
Week 2,02 Jul 2013,0.10245,0.10272
Week 3,09 Jul 2013,0.10268,0.10297
Week 4,16 Jul 2013,0.10358,0.10386

Week 1,23 Jul 2013,0.10394,0.10422
Week 2,30 Jul 2013,0.10158,0.10185
Week 3,06 Aug 2013,0.10087,0.10114
Week 4,13 Aug 2013,0.09955,0.09981

Week 1,20 Aug 2013,0.09580,0.09608
Week 2,27 Aug 2013,0.09220,0.09272
Week 3,03 Sep 2013,0.09302,0.09351
Week 4,10 Sep 2013,0.09635,0.09688

Week 1,17 Sep 2013,0.09802,0.09860
Week 2,24 Sep 2013,0.09813,0.09860
Week 3,01 Oct 2013,0.09909,0.09953
Week 4,08 Oct 2013,0.10017,0.10051

Week 1,15 Oct 2013,0.10017,0.10064
Week 2,22 Oct 2013,0.09994,0.10024
Week 3,29 Oct 2013,0.09950,0.09983
Week 4,05 Nov 2013,0.09799,0.09829

Week 1,12 Nov 2013,0.09686,0.09717
Week 2,19 Nov 2013,0.09795,0.09828
Week 3,26 Nov 2013,0.09828,0.09862
Week 4,03 Dec 2013,0.09923,0.09957

Week 1,10 Dec 2013,0.09914,0.09944
Week 2,17 Dec 2013,0.09866,0.09897
Week 3,24 Dec 2013,0.09882,0.09918
Week 4,31 Dec 2013,0.09842,0.09870

Week 1,07 Jan 2014,0.09866,0.09891
Week 2,14 Jan 2014,0.09920,0.09952
Week 3,21 Jan 2014,0.09824,0.09856
Week 4,28 Jan 2014,0.09731,0.09762

Week 1,04 Feb 2014,0.09790,0.09821
Week 2,11 Feb 2014,0.09842,0.09868
Week 3,18 Feb 2014,0.09854,0.09885
Week 4,25 Feb 2014,0.09891,0.09922

Week 1,04 Mar 2014,0.09962,0.09994
Week 2,11 Mar 2014,0.10025,0.10059
Week 3,18 Mar 2014,0.10051,0.10080
Week 4,25 Mar 2014,0.10219,0.10247

Week 1,01 Apr 2014,0.10276,0.10310
Week 2,08 Apr 2014,0.10211,0.10245
Week 3,15 Apr 2014,0.10209,0.10251
Week 4,22 Apr 2014,0.10136,0.10170

Week 1,29 Apr 2014,0.10214,0.10248
Week 2,06 May 2014,0.10261,0.10296
Week 3,13 May 2014,0.10424,0.10454
Week 4,20 May 2014,0.10544,0.10579

Week 1,27 May 2014,0.10464,0.10495
Week 2,03 Jun 2014,0.10427,0.10461
Week 3,10 Jun 2014,0.10342,0.10377
Week 4,17 Jun 2014,0.10233,0.10262

Week 1,24 Jun 2014,0.10236,0.10263
Week 2,01 Jul 2014,0.10308,0.10338
Week 3,08 Jul 2014,0.10288,0.10316
Week 4,15 Jul 2014,0.10253,0.10285

Week 1,22 Jul 2014,0.10257,0.10290
Week 2,29 Jul 2014,0.10181,0.10213
Week 3,05 Aug 2014,0.10057,0.10085
Week 4,12 Aug 2014,0.10070,0.10101

Week 1,19 Aug 2014,0.10144,0.10176
Week 2,26 Aug 2014,0.10166,0.10195
Week 3,02 Sep 2014,0.10188,0.10215
Week 4,09 Sep 2014,0.10106,0.10132

Week 1,16 Sep 2014,0.10081,0.10109
Week 2,23 Sep 2014,0.10039,0.10065
Week 3,30 Sep 2014,0.09963,0.09989
Week 4,07 Oct 2014,0.10000,0.10027

Week 1,14 Oct 2014,0.09993,0.10020
Week 2,21 Oct 2014,0.10037,0.10063
Week 3,28 Oct 2014,0.10005,0.10031
Week 4,04 Nov 2014,0.10006,0.10031

Week 1,11 Nov 2014,0.09973,0.09998
Week 2,18 Nov 2014,0.09936,0.09960
Week 3,25 Nov 2014,0.09899,0.09925
Week 4,02 Dec 2014,0.09898,0.09936

Week 1,09 Dec 2014,0.09826,0.09861
Week 2,16 Dec 2014,0.09644,0.09681
Week 3,23 Dec 2014,0.09630,0.09672
Week 4,30 Dec 2014,0.09663,0.09705

Week 1,06 Jan 2015,0.09733,0.09776
Week 2,13 Jan 2015,0.09867,0.09911
Week 3,20 Jan 2015,0.09953,0.09998
Week 4,27 Jan 2015,0.09965,0.10009

Week 1,03 Feb 2015,0.09927,0.09970
Week 2,10 Feb 2015,0.09856,0.09900
Week 3,17 Feb 2015,0.09864,0.09908
Week 4,24 Feb 2015,0.09927,0.09971

Week 1,03 Mar 2015,0.09863,0.09914
Week 2,10 Mar 2015,0.09788,0.09843
Week 3,17 Mar 2015,0.09779,0.09836
Week 4,24 Mar 2015,0.09761,0.09818

Week 1,31 Mar 2015,0.09786,0.09856
Week 2,07 Apr 2015,0.09785,0.09852
Week 3,14 Apr 2015,0.09760,0.09828
Week 4,21 Apr 2015,0.09618,0.09692

Week 1,28 Apr 2015,0.09564,0.09639
Week 2,05 May 2015,0.09533,0.09611
Week 3,12 May 2015,0.09518,0.09602
Week 4,19 May 2015,0.09541,0.09627

Week 1,26 May 2015,0.09527,0.09612
Week 2,02 Jun 2015,0.09514,0.09604
Week 3,09 Jun 2015,0.09511,0.09601
Week 4,16 Jun 2015,0.09531,0.09622

Week 1,23 Jun 2015,0.09569,0.09660
Week 2,30 Jun 2015,0.09585,0.09676
Week 3,07 Jul 2015,0.09600,0.09693
Week 4,14 Jul 2015,0.09599,0.09692

Week 1,21 Jul 2015,0.09532,0.09623
Week 2,28 Jul 2015,0.09595,0.09668
Week 3,04 Aug 2015,0.09705,0.09765
Week 4,11 Aug 2015,0.09796,0.09856

Week 1,18 Aug 2015,0.09708,0.09766
Week 2,25 Aug 2015,0.09628,0.09685
Week 3,01 Sep 2015,0.09548,0.09605
Week 4,08 Sep 2015,0.09560,0.09616

Week 1,15 Sep 2015,0.09600,0.09658
Week 2,22 Sep 2015,0.09620,0.09677
Week 3,29 Sep 2015,0.09653,0.09712
Week 4,06 Oct 2015,0.09755,0.09809

Week 1,13 Oct 2015,0.09762,0.09817
Week 2,20 Oct 2015,0.09756,0.09811
Week 3,27 Oct 2015,0.09707,0.09761
Week 4,03 Nov 2015,0.09623,0.09673

Week 1,10 Nov 2015,0.09604,0.09652
Week 2,17 Nov 2015,0.09639,0.09692
Week 3,24 Nov 2015,0.09579,0.09631
Week 4,01 Dec 2015,0.09579,0.09635

Week 1,08 Dec 2015,0.09601,0.09632
Week 2,15 Dec 2015,0.09717,0.09745
Week 3,22 Dec 2015,0.09796,0.09818
Week 4,29 Dec 2015,0.09808,0.09827

Week 1,05 Jan 2016,0.09831,0.09862
Week 2,12 Jan 2016,0.09762,0.09791
Week 3,19 Jan 2016,0.09705,0.09734
Week 4,26 Jan 2016,0.09686,0.09715

Week 1,02 Feb 2016,0.09686,0.09716
Week 2,09 Feb 2016,0.09639,0.09668
Week 3,16 Feb 2016,0.09509,0.09537
Week 4,23 Feb 2016,0.09496,0.09523

Week 1,01 Mar 2016,0.09682,0.09710
Week 2,08 Mar 2016,0.09671,0.09699
Week 3,15 Mar 2016,0.09694,0.09724
Week 4,22 Mar 2016,0.09726,0.09755

Week 1,29 Mar 2016,0.09747,0.09778
Week 2,05 Apr 2016,0.09719,0.09749
Week 3,12 Apr 2016,0.09717,0.09747
Week 4,19 Apr 2016,0.09733,0.09763

Week 1,26 Apr 2016,0.09730,0.09760
Week 2,03 May 2016,0.09733,0.09763
Week 3,10 May 2016,0.09745,0.09775
Week 4,17 May 2016,0.09717,0.09746

Week 1,24 May 2016,0.09733,0.09763
Week 2,31 May 2016,0.09783,0.09813
Week 3,07 Jun 2016,0.09811,0.09841
Week 4,14 Jun 2016,0.09793,0.09822

Week 1,21 Jun 2016,0.09717,0.09747
Week 2,28 Jun 2016,0.09823,0.09853
Week 3,05 Jul 2016,0.09913,0.09942
Week 4,12 Jul 2016,0.09966,0.09996

Week 1,19 Jul 2016,0.09939,0.09969
Week 2,26 Jul 2016,0.09917,0.09947
Week 3,02 Aug 2016,0.09933,0.09964
Week 4,09 Aug 2016,0.09932,0.09963

Week 1,16 Aug 2016,0.09900,0.09930
Week 2,23 Aug 2016,0.09906,0.09936
Week 3,30 Aug 2016,0.09967,0.09997
Week 4,06 Sep 2016,0.10004,0.10034

Week 1,13 Sep 2016,0.09945,0.09975
Week 2,20 Sep 2016,0.09961,0.09991
Week 3,27 Sep 2016,0.09998,0.10029
Week 4,04 Oct 2016,0.10009,0.10039

Week 1,11 Oct 2016,0.10061,0.10091
Week 2,18 Oct 2016,0.10092,0.10123
Week 3,25 Oct 2016,0.10131,0.10161
Week 4,01 Nov 2016,0.10125,0.10156

Week 1,08 Nov 2016,0.10133,0.10163
Week 2,15 Nov 2016,0.10099,0.10128
Week 3,22 Nov 2016,0.10087,0.10117
Week 4,29 Nov 2016,0.10077,0.10106

Week 1,06 Dec 2016,0.10238,0.10280
Week 2,13 Dec 2016,0.10229,0.10264
Week 3,20 Dec 2016,0.10224,0.10254
Week 4,27 Dec 2016,0.10207,0.10240

Week 1,03 Jan 2017,0.10170,0.10202
Week 2,10 Jan 2017,0.10131,0.10161
Week 3,17 Jan 2017,0.10075,0.10108
Week 4,24 Jan 2017,0.10075,0.10105

Week 1,31 Jan 2017,0.10187,0.10216
Week 2,07 Feb 2017,0.10243,0.10273
Week 3,14 Feb 2017,0.10235,0.10264
Week 4,21 Feb 2017,0.10266,0.10298

Week 1,28 Feb 2017,0.10304,0.10331
Week 2,07 Mar 2017,0.10346,0.10375
Week 3,14 Mar 2017,0.10499,0.10531
Week 4,21 Mar 2017,0.10524,0.10556

Week 1,28 Mar 2017,0.10594,0.10626
Week 2,04 Apr 2017,0.10642,0.10675
Week 3,11 Apr 2017,0.10662,0.10694
Week 4,18 Apr 2017,0.10628,0.10661

Week 1,25 Apr 2017,0.10695,0.10727
Week 2,02 May 2017,0.10711,0.10744
Week 3,09 May 2017,0.10706,0.10738
Week 4,16 May 2017,0.10684,0.10714

Week 1,23 May 2017,0.10624,0.10653
Week 2,30 May 2017,0.10583,0.10614
Week 3,06 Jun 2017,0.10548,0.10580
Week 4,13 Jun 2017,0.10547,0.10576

Week 1,20 Jun 2017,0.10570,0.10600
Week 2,27 Jun 2017,0.10506,0.10536
Week 3,04 Jul 2017,0.10486,0.10515
Week 4,11 Jul 2017,0.10524,0.10547

Week 1,18 Jul 2017,0.10493,0.10517
Week 2,25 Jul 2017,0.10483,0.10513
Week 3,01 Aug 2017,0.10524,0.10549
Week 4,08 Aug 2017,0.10430,0.10454

Week 1,15 Aug 2017,0.10398,0.10422
Week 2,22 Aug 2017,0.10387,0.10412
Week 3,29 Aug 2017,0.10292,0.10316
Week 4,05 Sep 2017,0.10155,0.10178

Week 1,12 Sep 2017,0.10196,0.10219
Week 2,19 Sep 2017,0.10170,0.10193
Week 3,26 Sep 2017,0.10143,0.10159
Week 4,03 Oct 2017,0.10154,0.10171

Week 1,10 Oct 2017,0.10111,0.10129
Week 2,17 Oct 2017,0.10163,0.10183
Week 3,24 Oct 2017,0.10206,0.10225
Week 4,31 Oct 2017,0.10232,0.10250

Week 1,07 Nov 2017,0.10178,0.10197
Week 2,14 Nov 2017,0.10155,0.10173
Week 3,21 Nov 2017,0.10193,0.10217
Week 4,28 Nov 2017,0.10240,0.10258

Week 1,05 Dec 2017,0.10259,0.10280


