IND->AUD

Week 1,01 Dec 1998,0.03754,0.03759
Week 2,08 Dec 1998,0.03788,0.03798
Week 3,15 Dec 1998,0.03779,0.03784
Week 4,22 Dec 1998,0.03845,0.03852

Week 1,29 Dec 1998,0.03833,0.03838
Week 2,05 Jan 1999,0.03723,0.03727
Week 3,12 Jan 1999,0.03710,0.03716
Week 4,19 Jan 1999,0.03697,0.03701

Week 1,26 Jan 1999,0.03731,0.03736
Week 2,02 Feb 1999,0.03637,0.03643
Week 3,09 Feb 1999,0.03643,0.03647
Week 4,16 Feb 1999,0.03690,0.03695

Week 1,23 Feb 1999,0.03748,0.03764
Week 2,02 Mar 1999,0.03758,0.03764
Week 3,09 Mar 1999,0.03710,0.03714
Week 4,16 Mar 1999,0.03745,0.03751

Week 1,23 Mar 1999,0.03702,0.03712
Week 2,30 Mar 1999,0.03721,0.03734
Week 3,06 Apr 1999,0.03718,0.03724
Week 4,13 Apr 1999,0.03631,0.03642

Week 1,20 Apr 1999,0.03589,0.03596
Week 2,27 Apr 1999,0.03550,0.03557
Week 3,04 May 1999,0.03504,0.03508
Week 4,11 May 1999,0.03509,0.03514

Week 1,18 May 1999,0.03532,0.03538
Week 2,25 May 1999,0.03574,0.03581
Week 3,01 Jun 1999,0.03577,0.03582
Week 4,08 Jun 1999,0.03510,0.03515

Week 1,15 Jun 1999,0.03533,0.03539
Week 2,22 Jun 1999,0.03502,0.03507
Week 3,29 Jun 1999,0.03463,0.03469
Week 4,06 Jul 1999,0.03465,0.03472

Week 1,13 Jul 1999,0.03501,0.03507
Week 2,20 Jul 1999,0.03563,0.03570
Week 3,27 Jul 1999,0.03556,0.03561
Week 4,03 Aug 1999,0.03525,0.03529

Week 1,10 Aug 1999,0.03532,0.03538
Week 2,17 Aug 1999,0.03588,0.03595
Week 3,24 Aug 1999,0.03630,0.03637
Week 4,31 Aug 1999,0.03574,0.03580

Week 1,07 Sep 1999,0.03527,0.03533
Week 2,14 Sep 1999,0.03540,0.03547
Week 3,21 Sep 1999,0.03528,0.03535
Week 4,28 Sep 1999,0.03499,0.03506

Week 1,05 Oct 1999,0.03493,0.03498
Week 2,12 Oct 1999,0.03547,0.03551
Week 3,19 Oct 1999,0.03548,0.03553
Week 4,26 Oct 1999,0.03585,0.03591

Week 1,02 Nov 1999,0.03599,0.03604
Week 2,09 Nov 1999,0.03580,0.03586
Week 3,16 Nov 1999,0.03598,0.03604
Week 4,23 Nov 1999,0.03622,0.03627

Week 1,30 Nov 1999,0.03633,0.03637
Week 2,07 Dec 1999,0.03614,0.03620
Week 3,14 Dec 1999,0.03586,0.03592
Week 4,21 Dec 1999,0.03567,0.03573

Week 1,28 Dec 1999,0.03525,0.03530
Week 2,04 Jan 2000,0.03503,0.03508
Week 3,11 Jan 2000,0.03465,0.03471
Week 4,18 Jan 2000,0.03452,0.03459

Week 1,25 Jan 2000,0.03547,0.03553
Week 2,01 Feb 2000,0.03600,0.03607
Week 3,08 Feb 2000,0.03627,0.03633
Week 4,15 Feb 2000,0.03640,0.03647

Week 1,22 Feb 2000,0.03698,0.03704
Week 2,29 Feb 2000,0.03760,0.03767
Week 3,07 Mar 2000,0.03755,0.03762
Week 4,14 Mar 2000,0.03753,0.03761

Week 1,21 Mar 2000,0.03773,0.03780
Week 2,28 Mar 2000,0.03754,0.03761
Week 3,04 Apr 2000,0.03797,0.03806
Week 4,11 Apr 2000,0.03832,0.03841

Week 1,18 Apr 2000,0.03855,0.03865
Week 2,25 Apr 2000,0.03891,0.03898
Week 3,02 May 2000,0.03869,0.03876
Week 4,09 May 2000,0.03919,0.03928

Week 1,16 May 2000,0.03965,0.03975
Week 2,23 May 2000,0.03951,0.03971
Week 3,30 May 2000,0.03921,0.03944
Week 4,06 Jun 2000,0.03842,0.03863

Week 1,13 Jun 2000,0.03713,0.03722
Week 2,20 Jun 2000,0.03739,0.03748
Week 3,27 Jun 2000,0.03730,0.03743
Week 4,04 Jul 2000,0.03768,0.03775

Week 1,11 Jul 2000,0.03815,0.03820
Week 2,18 Jul 2000,0.03811,0.03818
Week 3,25 Jul 2000,0.03785,0.03794
Week 4,01 Aug 2000,0.03777,0.03793

Week 1,08 Aug 2000,0.03753,0.03769
Week 2,15 Aug 2000,0.03701,0.03720
Week 3,22 Aug 2000,0.03780,0.03796
Week 4,29 Aug 2000,0.03791,0.03807

Week 1,05 Sep 2000,0.03884,0.03904
Week 2,12 Sep 2000,0.03961,0.03980
Week 3,19 Sep 2000,0.03980,0.03998
Week 4,26 Sep 2000,0.03964,0.03981

Week 1,03 Oct 2000,0.04012,0.04044
Week 2,10 Oct 2000,0.04054,0.04069
Week 3,17 Oct 2000,0.04106,0.04121
Week 4,24 Oct 2000,0.04098,0.04113

Week 1,31 Oct 2000,0.04083,0.04099
Week 2,07 Nov 2000,0.04082,0.04096
Week 3,14 Nov 2000,0.04102,0.04118
Week 4,21 Nov 2000,0.04101,0.04113

Week 1,28 Nov 2000,0.04020,0.04034
Week 2,05 Dec 2000,0.03912,0.03923
Week 3,12 Dec 2000,0.03935,0.03945
Week 4,19 Dec 2000,0.03870,0.03884

Week 1,26 Dec 2000,0.03833,0.03844
Week 2,02 Jan 2001,0.03785,0.03796
Week 3,09 Jan 2001,0.03824,0.03836
Week 4,16 Jan 2001,0.03873,0.03885

Week 1,23 Jan 2001,0.03932,0.03942
Week 2,30 Jan 2001,0.03911,0.03921
Week 3,06 Feb 2001,0.03976,0.03988
Week 4,13 Feb 2001,0.04046,0.04058

Week 1,20 Feb 2001,0.04079,0.04093
Week 2,27 Feb 2001,0.04064,0.04077
Week 3,06 Mar 2001,0.04184,0.04197
Week 4,13 Mar 2001,0.04301,0.04312

Week 1,20 Mar 2001,0.04308,0.04322
Week 2,27 Mar 2001,0.04344,0.04357
Week 3,03 Apr 2001,0.04367,0.04381
Week 4,10 Apr 2001,0.04238,0.04252

Week 1,17 Apr 2001,0.04167,0.04182
Week 2,24 Apr 2001,0.04200,0.04211
Week 3,01 May 2001,0.04117,0.04126
Week 4,08 May 2001,0.04093,0.04102

Week 1,15 May 2001,0.04046,0.04059
Week 2,22 May 2001,0.04083,0.04095
Week 3,29 May 2001,0.04159,0.04170
Week 4,05 Jun 2001,0.04099,0.04112

Week 1,12 Jun 2001,0.04045,0.04055
Week 2,19 Jun 2001,0.04099,0.04112
Week 3,26 Jun 2001,0.04133,0.04146
Week 4,03 Jul 2001,0.04135,0.04146

Week 1,10 Jul 2001,0.04174,0.04187
Week 2,17 Jul 2001,0.04160,0.04173
Week 3,24 Jul 2001,0.04169,0.04181
Week 4,31 Jul 2001,0.04117,0.04128

Week 1,07 Aug 2001,0.04115,0.04128
Week 2,14 Aug 2001,0.04009,0.04022
Week 3,21 Aug 2001,0.03968,0.03980
Week 4,28 Aug 2001,0.03999,0.04011

Week 1,04 Sep 2001,0.04057,0.04070
Week 2,11 Sep 2001,0.04065,0.04072
Week 3,18 Sep 2001,0.04232,0.04247
Week 4,25 Sep 2001,0.04241,0.04258

Week 1,02 Oct 2001,0.04152,0.04168
Week 2,09 Oct 2001,0.04114,0.04132
Week 3,16 Oct 2001,0.04069,0.04086
Week 4,23 Oct 2001,0.04113,0.04130

Week 1,30 Oct 2001,0.04103,0.04121
Week 2,06 Nov 2001,0.04048,0.04066
Week 3,13 Nov 2001,0.03992,0.04010
Week 4,20 Nov 2001,0.04013,0.04029

Week 1,27 Nov 2001,0.03992,0.04009
Week 2,04 Dec 2001,0.04039,0.04056
Week 3,11 Dec 2001,0.04025,0.04042
Week 4,18 Dec 2001,0.04087,0.04105

Week 1,25 Dec 2001,0.04073,0.04091
Week 2,01 Jan 2002,0.04007,0.04026
Week 3,08 Jan 2002,0.03966,0.03983
Week 4,15 Jan 2002,0.04009,0.04026

Week 1,22 Jan 2002,0.03993,0.04010
Week 2,29 Jan 2002,0.04050,0.04068
Week 3,05 Feb 2002,0.04020,0.04037
Week 4,12 Feb 2002,0.03983,0.04000

Week 1,19 Feb 2002,0.03976,0.03992
Week 2,26 Feb 2002,0.03960,0.03977
Week 3,05 Mar 2002,0.03921,0.03938
Week 4,12 Mar 2002,0.03915,0.03931

Week 1,19 Mar 2002,0.03872,0.03888
Week 2,26 Mar 2002,0.03847,0.03863
Week 3,02 Apr 2002,0.03841,0.03857
Week 4,09 Apr 2002,0.03834,0.03850

Week 1,16 Apr 2002,0.03796,0.03812
Week 2,23 Apr 2002,0.03755,0.03771
Week 3,30 Apr 2002,0.03780,0.03795
Week 4,07 May 2002,0.03757,0.03773

Week 1,14 May 2002,0.03701,0.03717
Week 2,21 May 2002,0.03654,0.03669
Week 3,28 May 2002,0.03611,0.03627
Week 4,04 Jun 2002,0.03556,0.03571

Week 1,11 Jun 2002,0.03599,0.03614
Week 2,18 Jun 2002,0.03583,0.03598
Week 3,25 Jun 2002,0.03611,0.03626
Week 4,02 Jul 2002,0.03653,0.03669

Week 1,09 Jul 2002,0.03640,0.03655
Week 2,16 Jul 2002,0.03680,0.03695
Week 3,23 Jul 2002,0.03798,0.03814
Week 4,30 Jul 2002,0.03792,0.03808

Week 1,06 Aug 2002,0.03844,0.03860
Week 2,13 Aug 2002,0.03787,0.03803
Week 3,20 Aug 2002,0.03780,0.03796
Week 4,27 Aug 2002,0.03740,0.03755

Week 1,03 Sep 2002,0.03758,0.03774
Week 2,10 Sep 2002,0.03744,0.03760
Week 3,17 Sep 2002,0.03764,0.03780
Week 4,24 Sep 2002,0.03789,0.03805

Week 1,01 Oct 2002,0.03784,0.03800
Week 2,08 Oct 2002,0.03763,0.03780
Week 3,15 Oct 2002,0.03760,0.03775
Week 4,22 Oct 2002,0.03719,0.03735

Week 1,29 Oct 2002,0.03700,0.03715
Week 2,05 Nov 2002,0.03664,0.03679
Week 3,12 Nov 2002,0.03678,0.03694
Week 4,19 Nov 2002,0.03683,0.03699

Week 1,26 Nov 2002,0.03699,0.03714
Week 2,03 Dec 2002,0.03690,0.03706
Week 3,10 Dec 2002,0.03672,0.03687
Week 4,17 Dec 2002,0.03668,0.03683

Week 1,24 Dec 2002,0.03699,0.03714
Week 2,31 Dec 2002,0.03680,0.03695
Week 3,07 Jan 2003,0.03592,0.03607
Week 4,14 Jan 2003,0.03542,0.03557

Week 1,21 Jan 2003,0.03527,0.03541
Week 2,28 Jan 2003,0.03545,0.03560
Week 3,04 Feb 2003,0.03547,0.03562
Week 4,11 Feb 2003,0.03528,0.03542

Week 1,18 Feb 2003,0.03514,0.03528
Week 2,25 Feb 2003,0.03445,0.03460
Week 3,04 Mar 2003,0.03409,0.03423
Week 4,11 Mar 2003,0.03487,0.03502

Week 1,18 Mar 2003,0.03535,0.03549
Week 2,25 Mar 2003,0.03500,0.03514
Week 3,01 Apr 2003,0.03495,0.03510
Week 4,08 Apr 2003,0.03486,0.03502

Week 1,15 Apr 2003,0.03440,0.03456
Week 2,22 Apr 2003,0.03414,0.03428
Week 3,29 Apr 2003,0.03359,0.03373
Week 4,06 May 2003,0.03290,0.03304

Week 1,13 May 2003,0.03257,0.03271
Week 2,20 May 2003,0.03233,0.03247
Week 3,27 May 2003,0.03248,0.03263
Week 4,03 Jun 2003,0.03219,0.03233

Week 1,10 Jun 2003,0.03215,0.03229
Week 2,17 Jun 2003,0.03200,0.03214
Week 3,24 Jun 2003,0.03224,0.03238
Week 4,01 Jul 2003,0.03171,0.03185

Week 1,08 Jul 2003,0.03262,0.03276
Week 2,15 Jul 2003,0.03314,0.03329
Week 3,22 Jul 2003,0.03276,0.03290
Week 4,29 Jul 2003,0.03304,0.03318

Week 1,05 Aug 2003,0.03333,0.03347
Week 2,12 Aug 2003,0.03302,0.03315
Week 3,19 Aug 2003,0.03327,0.03340
Week 4,26 Aug 2003,0.03372,0.03386

Week 1,02 Sep 2003,0.03376,0.03390
Week 2,09 Sep 2003,0.03307,0.03321
Week 3,16 Sep 2003,0.03255,0.03268
Week 4,23 Sep 2003,0.03220,0.03232

Week 1,30 Sep 2003,0.03217,0.03232
Week 2,07 Oct 2003,0.03191,0.03204
Week 3,14 Oct 2003,0.03182,0.03195
Week 4,21 Oct 2003,0.03150,0.03163

Week 1,28 Oct 2003,0.03119,0.03132
Week 2,04 Nov 2003,0.03122,0.03134
Week 3,11 Nov 2003,0.03062,0.03074
Week 4,18 Nov 2003,0.03027,0.03039

Week 1,25 Nov 2003,0.03011,0.03023
Week 2,02 Dec 2003,0.02980,0.02992
Week 3,09 Dec 2003,0.02960,0.02972
Week 4,16 Dec 2003,0.02966,0.02976

Week 1,23 Dec 2003,0.02964,0.02976
Week 2,30 Dec 2003,0.02907,0.02919
Week 3,06 Jan 2004,0.02839,0.02850
Week 4,13 Jan 2004,0.02851,0.02863

Week 1,20 Jan 2004,0.02857,0.02868
Week 2,27 Jan 2004,0.02875,0.02886
Week 3,03 Feb 2004,0.02882,0.02893
Week 4,10 Feb 2004,0.02807,0.02818

Week 1,17 Feb 2004,0.02819,0.02831
Week 2,24 Feb 2004,0.02852,0.02863
Week 3,02 Mar 2004,0.02904,0.02915
Week 4,09 Mar 2004,0.02967,0.02978

Week 1,16 Mar 2004,0.02963,0.02974
Week 2,23 Mar 2004,0.02988,0.02999
Week 3,30 Mar 2004,0.03010,0.03022
Week 4,06 Apr 2004,0.03004,0.03016

Week 1,13 Apr 2004,0.03051,0.03063
Week 2,20 Apr 2004,0.03082,0.03095
Week 3,27 Apr 2004,0.03108,0.03120
Week 4,04 May 2004,0.03119,0.03131

Week 1,11 May 2004,0.03175,0.03188
Week 2,18 May 2004,0.03175,0.03188
Week 3,25 May 2004,0.03097,0.03109
Week 4,01 Jun 2004,0.03154,0.03167

Week 1,08 Jun 2004,0.03180,0.03193
Week 2,15 Jun 2004,0.03185,0.03198
Week 3,22 Jun 2004,0.03132,0.03145
Week 4,29 Jun 2004,0.03089,0.03101

Week 1,06 Jul 2004,0.03031,0.03043
Week 2,13 Jul 2004,0.02983,0.02995
Week 3,20 Jul 2004,0.03016,0.03028
Week 4,27 Jul 2004,0.03070,0.03081

Week 1,03 Aug 2004,0.03043,0.03054
Week 2,10 Aug 2004,0.03015,0.03027
Week 3,17 Aug 2004,0.02990,0.03002
Week 4,24 Aug 2004,0.03059,0.03071

Week 1,31 Aug 2004,0.03092,0.03104
Week 2,07 Sep 2004,0.03108,0.03120
Week 3,14 Sep 2004,0.03120,0.03132
Week 4,21 Sep 2004,0.03066,0.03078

Week 1,28 Sep 2004,0.03011,0.03023
Week 2,05 Oct 2004,0.02988,0.03000
Week 3,12 Oct 2004,0.02983,0.02995
Week 4,19 Oct 2004,0.02968,0.02977

Week 1,26 Oct 2004,0.02936,0.02943
Week 2,02 Nov 2004,0.02920,0.02928
Week 3,09 Nov 2004,0.02896,0.02904
Week 4,16 Nov 2004,0.02845,0.02853

Week 1,23 Nov 2004,0.02815,0.02822
Week 2,30 Nov 2004,0.02896,0.02904
Week 3,07 Dec 2004,0.02981,0.02988
Week 4,14 Dec 2004,0.02986,0.02994

Week 1,21 Dec 2004,0.02978,0.02986
Week 2,28 Dec 2004,0.02940,0.02948
Week 3,04 Jan 2005,0.02995,0.03002
Week 4,11 Jan 2005,0.03003,0.03011

Week 1,18 Jan 2005,0.02996,0.03005
Week 2,25 Jan 2005,0.02958,0.02966
Week 3,01 Feb 2005,0.02973,0.02982
Week 4,08 Feb 2005,0.02938,0.02948

Week 1,15 Feb 2005,0.02898,0.02907
Week 2,22 Feb 2005,0.02900,0.02910
Week 3,01 Mar 2005,0.02900,0.02910
Week 4,08 Mar 2005,0.02888,0.02900

Week 1,15 Mar 2005,0.02889,0.02900
Week 2,22 Mar 2005,0.02945,0.02955
Week 3,29 Mar 2005,0.02966,0.02974
Week 4,05 Apr 2005,0.02968,0.02976

Week 1,12 Apr 2005,0.02957,0.02965
Week 2,19 Apr 2005,0.02940,0.02949
Week 3,26 Apr 2005,0.02937,0.02946
Week 4,03 May 2005,0.02955,0.02967

Week 1,10 May 2005,0.02998,0.03010
Week 2,17 May 2005,0.03035,0.03048
Week 3,24 May 2005,0.03012,0.03025
Week 4,31 May 2005,0.03027,0.03040

Week 1,07 Jun 2005,0.02998,0.03011
Week 2,14 Jun 2005,0.02970,0.02982
Week 3,21 Jun 2005,0.02964,0.02976
Week 4,28 Jun 2005,0.03025,0.03037

Week 1,05 Jul 2005,0.03083,0.03096
Week 2,12 Jul 2005,0.03056,0.03068
Week 3,19 Jul 2005,0.03026,0.03039
Week 4,26 Jul 2005,0.03030,0.03042

Week 1,02 Aug 2005,0.02991,0.03003
Week 2,09 Aug 2005,0.02981,0.02993
Week 3,16 Aug 2005,0.03025,0.03037
Week 4,23 Aug 2005,0.03024,0.03036

Week 1,30 Aug 2005,0.02994,0.03006
Week 2,06 Sep 2005,0.02954,0.02966
Week 3,13 Sep 2005,0.02963,0.02975
Week 4,20 Sep 2005,0.02984,0.02996

Week 1,27 Sep 2005,0.02987,0.02999
Week 2,04 Oct 2005,0.02974,0.02986
Week 3,11 Oct 2005,0.02956,0.02967
Week 4,18 Oct 2005,0.02956,0.02967

Week 1,25 Oct 2005,0.02943,0.02955
Week 2,01 Nov 2005,0.02982,0.02994
Week 3,08 Nov 2005,0.02980,0.02992
Week 4,15 Nov 2005,0.02982,0.02993

Week 1,22 Nov 2005,0.02959,0.02971
Week 2,29 Nov 2005,0.02930,0.02941
Week 3,06 Dec 2005,0.02884,0.02895
Week 4,13 Dec 2005,0.02918,0.02930

Week 1,20 Dec 2005,0.03003,0.03015
Week 2,27 Dec 2005,0.03028,0.03040
Week 3,03 Jan 2006,0.02999,0.03012
Week 4,10 Jan 2006,0.03001,0.03013

Week 1,17 Jan 2006,0.03010,0.03022
Week 2,24 Jan 2006,0.03012,0.03023
Week 3,31 Jan 2006,0.03009,0.03020
Week 4,07 Feb 2006,0.03053,0.03065

Week 1,14 Feb 2006,0.03051,0.03063
Week 2,21 Feb 2006,0.03041,0.03053
Week 3,28 Feb 2006,0.03035,0.03046
Week 4,07 Mar 2006,0.03061,0.03074

Week 1,14 Mar 2006,0.03070,0.03082
Week 2,21 Mar 2006,0.03141,0.03153
Week 3,28 Mar 2006,0.03148,0.03160
Week 4,04 Apr 2006,0.03095,0.03108

Week 1,11 Apr 2006,0.03043,0.03055
Week 2,18 Apr 2006,0.02987,0.02999
Week 3,25 Apr 2006,0.02951,0.02963
Week 4,02 May 2006,0.02899,0.02911

Week 1,09 May 2006,0.02876,0.02888
Week 2,16 May 2006,0.02888,0.02899
Week 3,23 May 2006,0.02889,0.02901
Week 4,30 May 2006,0.02876,0.02888

Week 1,06 Jun 2006,0.02917,0.02928
Week 2,13 Jun 2006,0.02938,0.02950
Week 3,20 Jun 2006,0.02951,0.02964
Week 4,27 Jun 2006,0.02937,0.02949

Week 1,04 Jul 2006,0.02908,0.02920
Week 2,11 Jul 2006,0.02870,0.02882
Week 3,18 Jul 2006,0.02847,0.02858
Week 4,25 Jul 2006,0.02810,0.02821

Week 1,01 Aug 2006,0.02806,0.02818
Week 2,08 Aug 2006,0.02805,0.02817
Week 3,15 Aug 2006,0.02817,0.02829
Week 4,22 Aug 2006,0.02823,0.02835

Week 1,29 Aug 2006,0.02808,0.02820
Week 2,05 Sep 2006,0.02835,0.02846
Week 3,12 Sep 2006,0.02875,0.02887
Week 4,19 Sep 2006,0.02882,0.02895

Week 1,26 Sep 2006,0.02904,0.02916
Week 2,03 Oct 2006,0.02935,0.02947
Week 3,10 Oct 2006,0.02931,0.02943
Week 4,17 Oct 2006,0.02915,0.02927

Week 1,24 Oct 2006,0.02892,0.02904
Week 2,31 Oct 2006,0.02881,0.02893
Week 3,07 Nov 2006,0.02900,0.02913
Week 4,14 Nov 2006,0.02895,0.02907

Week 1,21 Nov 2006,0.02883,0.02887
Week 2,28 Nov 2006,0.02849,0.02851
Week 3,05 Dec 2006,0.02846,0.02849
Week 4,12 Dec 2006,0.02852,0.02854

Week 1,19 Dec 2006,0.02856,0.02859
Week 2,26 Dec 2006,0.02868,0.02872
Week 3,02 Jan 2007,0.02870,0.02873
Week 4,09 Jan 2007,0.02878,0.02881

Week 1,16 Jan 2007,0.02872,0.02875
Week 2,23 Jan 2007,0.02895,0.02898
Week 3,30 Jan 2007,0.02927,0.02931
Week 4,06 Feb 2007,0.02918,0.02921

Week 1,13 Feb 2007,0.02902,0.02906
Week 2,20 Feb 2007,0.02866,0.02869
Week 3,27 Feb 2007,0.02869,0.02873
Week 4,06 Mar 2007,0.02898,0.02902

Week 1,13 Mar 2007,0.02867,0.02870
Week 2,20 Mar 2007,0.02845,0.02850
Week 3,27 Mar 2007,0.02858,0.02862
Week 4,03 Apr 2007,0.02855,0.02859

Week 1,10 Apr 2007,0.02829,0.02831
Week 2,17 Apr 2007,0.02852,0.02855
Week 3,24 Apr 2007,0.02926,0.02928
Week 4,01 May 2007,0.02952,0.02954

Week 1,08 May 2007,0.02934,0.02937
Week 2,15 May 2007,0.02964,0.02969
Week 3,22 May 2007,0.03001,0.03004
Week 4,29 May 2007,0.02984,0.02986

Week 1,05 Jun 2007,0.02910,0.02913
Week 2,12 Jun 2007,0.02907,0.02910
Week 3,19 Jun 2007,0.02900,0.02902
Week 4,26 Jun 2007,0.02891,0.02893

Week 1,03 Jul 2007,0.02881,0.02883
Week 2,10 Jul 2007,0.02860,0.02862
Week 3,17 Jul 2007,0.02824,0.02826
Week 4,24 Jul 2007,0.02839,0.02841

Week 1,31 Jul 2007,0.02895,0.02897
Week 2,07 Aug 2007,0.02894,0.02896
Week 3,14 Aug 2007,0.03007,0.03009
Week 4,21 Aug 2007,0.02993,0.02996

Week 1,28 Aug 2007,0.02972,0.02974
Week 2,04 Sep 2007,0.02970,0.02972
Week 3,11 Sep 2007,0.02953,0.02955
Week 4,18 Sep 2007,0.02913,0.02916

Week 1,25 Sep 2007,0.02864,0.02866
Week 2,02 Oct 2007,0.02832,0.02834
Week 3,09 Oct 2007,0.02819,0.02821
Week 4,16 Oct 2007,0.02826,0.02828

Week 1,23 Oct 2007,0.02795,0.02797
Week 2,30 Oct 2007,0.02747,0.02749
Week 3,06 Nov 2007,0.02760,0.02762
Week 4,13 Nov 2007,0.02845,0.02847

Week 1,20 Nov 2007,0.02875,0.02877
Week 2,27 Nov 2007,0.02854,0.02856
Week 3,04 Dec 2007,0.02893,0.02895
Week 4,11 Dec 2007,0.02905,0.02907

Week 1,18 Dec 2007,0.02929,0.02931
Week 2,25 Dec 2007,0.02901,0.02904
Week 3,01 Jan 2008,0.02895,0.02898
Week 4,08 Jan 2008,0.02876,0.02878

Week 1,15 Jan 2008,0.02876,0.02878
Week 2,22 Jan 2008,0.02898,0.02900
Week 3,29 Jan 2008,0.02841,0.02843
Week 4,05 Feb 2008,0.02813,0.02815

Week 1,12 Feb 2008,0.02786,0.02788
Week 2,19 Feb 2008,0.02722,0.02724
Week 3,26 Feb 2008,0.02682,0.02684
Week 4,04 Mar 2008,0.02659,0.02661

Week 1,11 Mar 2008,0.02649,0.02651
Week 2,18 Mar 2008,0.02703,0.02705
Week 3,25 Mar 2008,0.02726,0.02728
Week 4,01 Apr 2008,0.02727,0.02729

Week 1,08 Apr 2008,0.02693,0.02695
Week 2,15 Apr 2008,0.02686,0.02688
Week 3,22 Apr 2008,0.02654,0.02656
Week 4,29 Apr 2008,0.02638,0.02640

Week 1,06 May 2008,0.02565,0.02567
Week 2,13 May 2008,0.02494,0.02496
Week 3,20 May 2008,0.02438,0.02440
Week 4,27 May 2008,0.02444,0.02446

Week 1,03 Jun 2008,0.02446,0.02448
Week 2,10 Jun 2008,0.02469,0.02471
Week 3,17 Jun 2008,0.02457,0.02459
Week 4,24 Jun 2008,0.02437,0.02438

Week 1,01 Jul 2008,0.02408,0.02410
Week 2,08 Jul 2008,0.02409,0.02411
Week 3,15 Jul 2008,0.02399,0.02403
Week 4,22 Jul 2008,0.02450,0.02456

Week 1,29 Jul 2008,0.02502,0.02507
Week 2,05 Aug 2008,0.02613,0.02619
Week 3,12 Aug 2008,0.02674,0.02681
Week 4,19 Aug 2008,0.02638,0.02644

Week 1,26 Aug 2008,0.02646,0.02653
Week 2,02 Sep 2008,0.02707,0.02714
Week 3,09 Sep 2008,0.02712,0.02719
Week 4,16 Sep 2008,0.02667,0.02674

Week 1,23 Sep 2008,0.02581,0.02589
Week 2,30 Sep 2008,0.02674,0.02683
Week 3,07 Oct 2008,0.02969,0.02995
Week 4,14 Oct 2008,0.02913,0.02947

Week 1,21 Oct 2008,0.02949,0.02990
Week 2,28 Oct 2008,0.02938,0.03009
Week 3,04 Nov 2008,0.03011,0.03060
Week 4,11 Nov 2008,0.03063,0.03110

Week 1,18 Nov 2008,0.03087,0.03138
Week 2,25 Nov 2008,0.03039,0.03095
Week 3,02 Dec 2008,0.03076,0.03119
Week 4,09 Dec 2008,0.03065,0.03092

Week 1,16 Dec 2008,0.02992,0.03047
Week 2,23 Dec 2008,0.02944,0.03014
Week 3,30 Dec 2008,0.02867,0.02918
Week 4,06 Jan 2009,0.02833,0.02875

Week 1,13 Jan 2009,0.02985,0.03029
Week 2,20 Jan 2009,0.03057,0.03088
Week 3,27 Jan 2009,0.03097,0.03139
Week 4,03 Feb 2009,0.03111,0.03145

Week 1,10 Feb 2009,0.03085,0.03119
Week 2,17 Feb 2009,0.03099,0.03130
Week 3,24 Feb 2009,0.03049,0.03077
Week 4,03 Mar 2009,0.03003,0.03028

Week 1,10 Mar 2009,0.02939,0.02971
Week 2,17 Mar 2009,0.02839,0.02872
Week 3,24 Mar 2009,0.02770,0.02789
Week 4,31 Mar 2009,0.02775,0.02803

Week 1,07 Apr 2009,0.02760,0.02795
Week 2,14 Apr 2009,0.02750,0.02778
Week 3,21 Apr 2009,0.02777,0.02796
Week 4,28 Apr 2009,0.02743,0.02771

Week 1,05 May 2009,0.02677,0.02700
Week 2,12 May 2009,0.02647,0.02671
Week 3,19 May 2009,0.02701,0.02726
Week 4,26 May 2009,0.02661,0.02685

Week 1,02 Jun 2009,0.02623,0.02648
Week 2,09 Jun 2009,0.02581,0.02607
Week 3,16 Jun 2009,0.02567,0.02592
Week 4,23 Jun 2009,0.02551,0.02574

Week 1,30 Jun 2009,0.02573,0.02597
Week 2,07 Jul 2009,0.02586,0.02615
Week 3,14 Jul 2009,0.02557,0.02586
Week 4,21 Jul 2009,0.02519,0.02544

Week 1,28 Jul 2009,0.02490,0.02514
Week 2,04 Aug 2009,0.02479,0.02505
Week 3,11 Aug 2009,0.02471,0.02496
Week 4,18 Aug 2009,0.02462,0.02486

Week 1,25 Aug 2009,0.02434,0.02457
Week 2,01 Sep 2009,0.02416,0.02442
Week 3,08 Sep 2009,0.02375,0.02398
Week 4,15 Sep 2009,0.02366,0.02389

Week 1,22 Sep 2009,0.02371,0.02394
Week 2,29 Sep 2009,0.02377,0.02400
Week 3,06 Oct 2009,0.02374,0.02400
Week 4,13 Oct 2009,0.02352,0.02374

Week 1,20 Oct 2009,0.02323,0.02332
Week 2,27 Oct 2009,0.02333,0.02341
Week 3,03 Nov 2009,0.02331,0.02339
Week 4,10 Nov 2009,0.02309,0.02322

Week 1,17 Nov 2009,0.02326,0.02339
Week 2,24 Nov 2009,0.02342,0.02356
Week 3,01 Dec 2009,0.02335,0.02355
Week 4,08 Dec 2009,0.02346,0.02353

Week 1,15 Dec 2009,0.02370,0.02384
Week 2,22 Dec 2009,0.02410,0.02430
Week 3,29 Dec 2009,0.02389,0.02397
Week 4,05 Jan 2010,0.02368,0.02382

Week 1,12 Jan 2010,0.02363,0.02370
Week 2,19 Jan 2010,0.02378,0.02385
Week 3,26 Jan 2010,0.02403,0.02417
Week 4,02 Feb 2010,0.02445,0.02461

Week 1,09 Feb 2010,0.02430,0.02445
Week 2,16 Feb 2010,0.02408,0.02419
Week 3,23 Feb 2010,0.02421,0.02423
Week 4,02 Mar 2010,0.02419,0.02421

Week 1,09 Mar 2010,0.02404,0.02407
Week 2,16 Mar 2010,0.02398,0.02400
Week 3,23 Mar 2010,0.02423,0.02425
Week 4,30 Mar 2010,0.02425,0.02429

Week 1,06 Apr 2010,0.02425,0.02429
Week 2,13 Apr 2010,0.02414,0.02431
Week 3,20 Apr 2010,0.02425,0.02427
Week 4,27 Apr 2010,0.02421,0.02438

Week 1,04 May 2010,0.02445,0.02462
Week 2,11 May 2010,0.02473,0.02478
Week 3,18 May 2010,0.02546,0.02552
Week 4,25 May 2010,0.02541,0.02553

Week 1,01 Jun 2010,0.02548,0.02558
Week 2,08 Jun 2010,0.02541,0.02547
Week 3,15 Jun 2010,0.02490,0.02499
Week 4,22 Jun 2010,0.02467,0.02484

Week 1,29 Jun 2010,0.02520,0.02528
Week 2,06 Jul 2010,0.02461,0.02478
Week 3,13 Jul 2010,0.02434,0.02440
Week 4,20 Jul 2010,0.02391,0.02397

Week 1,27 Jul 2010,0.02377,0.02380
Week 2,03 Aug 2010,0.02359,0.02376
Week 3,10 Aug 2010,0.02371,0.02387
Week 4,17 Aug 2010,0.02391,0.02395

Week 1,24 Aug 2010,0.02388,0.02404
Week 2,31 Aug 2010,0.02352,0.02369
Week 3,07 Sep 2010,0.02320,0.02336
Week 4,14 Sep 2010,0.02292,0.02310

Week 1,21 Sep 2010,0.02292,0.02309
Week 2,28 Sep 2010,0.02295,0.02312
Week 3,05 Oct 2010,0.02294,0.02311
Week 4,12 Oct 2010,0.02267,0.02284

Week 1,19 Oct 2010,0.02277,0.02293
Week 2,26 Oct 2010,0.02276,0.02293
Week 3,02 Nov 2010,0.02227,0.02249
Week 4,09 Nov 2010,0.02222,0.02243

Week 1,16 Nov 2010,0.02217,0.02239
Week 2,23 Nov 2010,0.02225,0.02246
Week 3,30 Nov 2010,0.02247,0.02268
Week 4,07 Dec 2010,0.02214,0.02236

Week 1,14 Dec 2010,0.02188,0.02208
Week 2,21 Dec 2010,0.02175,0.02198
Week 3,28 Dec 2010,0.02157,0.02181
Week 4,04 Jan 2011,0.02174,0.02193

Week 1,11 Jan 2011,0.02194,0.02215
Week 2,18 Jan 2011,0.02176,0.02196
Week 3,25 Jan 2011,0.02171,0.02190
Week 4,01 Feb 2011,0.02144,0.02163

Week 1,08 Feb 2011,0.02159,0.02178
Week 2,15 Feb 2011,0.02172,0.02190
Week 3,22 Feb 2011,0.02168,0.02187
Week 4,01 Mar 2011,0.02178,0.02191

Week 1,08 Mar 2011,0.02155,0.02174
Week 2,15 Mar 2011,0.02182,0.02202
Week 3,22 Mar 2011,0.02155,0.02174
Week 4,29 Mar 2011,0.02133,0.02152

Week 1,05 Apr 2011,0.02131,0.02151
Week 2,12 Apr 2011,0.02110,0.02130
Week 3,19 Apr 2011,0.02084,0.02103
Week 4,26 Apr 2011,0.02048,0.02066

Week 1,03 May 2011,0.02058,0.02076
Week 2,10 May 2011,0.02068,0.02087
Week 3,17 May 2011,0.02072,0.02090
Week 4,24 May 2011,0.02070,0.02088

Week 1,31 May 2011,0.02070,0.02089
Week 2,07 Jun 2011,0.02063,0.02082
Week 3,14 Jun 2011,0.02066,0.02084
Week 4,21 Jun 2011,0.02075,0.02093

Week 1,28 Jun 2011,0.02070,0.02088
Week 2,05 Jul 2011,0.02070,0.02089
Week 3,12 Jul 2011,0.02080,0.02099
Week 4,19 Jul 2011,0.02068,0.02086

Week 1,26 Jul 2011,0.02044,0.02063
Week 2,02 Aug 2011,0.02088,0.02107
Week 3,09 Aug 2011,0.02129,0.02149
Week 4,16 Aug 2011,0.02087,0.02105

Week 1,23 Aug 2011,0.02061,0.02077
Week 2,30 Aug 2011,0.02031,0.02049
Week 3,06 Sep 2011,0.02034,0.02053
Week 4,13 Sep 2011,0.02012,0.02031

Week 1,20 Sep 2011,0.02013,0.02038
Week 2,27 Sep 2011,0.02045,0.02063
Week 3,04 Oct 2011,0.02072,0.02089
Week 4,11 Oct 2011,0.01983,0.02000

Week 1,18 Oct 2011,0.01935,0.01951
Week 2,25 Oct 2011,0.01902,0.01919
Week 3,01 Nov 2011,0.01934,0.01950
Week 4,08 Nov 2011,0.01936,0.01947

Week 1,15 Nov 2011,0.01929,0.01939
Week 2,22 Nov 2011,0.01941,0.01956
Week 3,29 Nov 2011,0.01900,0.01915
Week 4,06 Dec 2011,0.01876,0.01890

Week 1,13 Dec 2011,0.01835,0.01852
Week 2,20 Dec 2011,0.01826,0.01841
Week 3,27 Dec 2011,0.01803,0.01819
Week 4,03 Jan 2012,0.01801,0.01818

Week 1,10 Jan 2012,0.01838,0.01852
Week 2,17 Jan 2012,0.01863,0.01879
Week 3,24 Jan 2012,0.01867,0.01882
Week 4,31 Jan 2012,0.01879,0.01894

Week 1,07 Feb 2012,0.01865,0.01880
Week 2,14 Feb 2012,0.01869,0.01884
Week 3,21 Feb 2012,0.01882,0.01897
Week 4,28 Feb 2012,0.01871,0.01886

Week 1,06 Mar 2012,0.01873,0.01889
Week 2,13 Mar 2012,0.01855,0.01873
Week 3,20 Mar 2012,0.01833,0.01852
Week 4,27 Mar 2012,0.01838,0.01857

Week 1,03 Apr 2012,0.01860,0.01876
Week 2,10 Apr 2012,0.01844,0.01859
Week 3,17 Apr 2012,0.01828,0.01842
Week 4,24 Apr 2012,0.01804,0.01818

Week 1,01 May 2012,0.01805,0.01820
Week 2,08 May 2012,0.01833,0.01848
Week 3,15 May 2012,0.01836,0.01851
Week 4,22 May 2012,0.01822,0.01837

Week 1,29 May 2012,0.01824,0.01839
Week 2,05 Jun 2012,0.01824,0.01839
Week 3,12 Jun 2012,0.01791,0.01805
Week 4,19 Jun 2012,0.01745,0.01757

Week 1,26 Jun 2012,0.01745,0.01758
Week 2,03 Jul 2012,0.01763,0.01770
Week 3,10 Jul 2012,0.01771,0.01777
Week 4,17 Jul 2012,0.01753,0.01760

Week 1,24 Jul 2012,0.01731,0.01737
Week 2,31 Jul 2012,0.01710,0.01716
Week 3,07 Aug 2012,0.01713,0.01719
Week 4,14 Aug 2012,0.01713,0.01719

Week 1,21 Aug 2012,0.01727,0.01733
Week 2,28 Aug 2012,0.01738,0.01744
Week 3,04 Sep 2012,0.01750,0.01757
Week 4,11 Sep 2012,0.01742,0.01748

Week 1,18 Sep 2012,0.01782,0.01788
Week 2,25 Sep 2012,0.01815,0.01821
Week 3,02 Oct 2012,0.01874,0.01881
Week 4,09 Oct 2012,0.01855,0.01862

Week 1,16 Oct 2012,0.01816,0.01823
Week 2,23 Oct 2012,0.01798,0.01804
Week 3,30 Oct 2012,0.01788,0.01794
Week 4,06 Nov 2012,0.01764,0.01770

Week 1,13 Nov 2012,0.01750,0.01756
Week 2,20 Nov 2012,0.01739,0.01744
Week 3,27 Nov 2012,0.01739,0.01744
Week 4,04 Dec 2012,0.01753,0.01759

Week 1,11 Dec 2012,0.01744,0.01749
Week 2,18 Dec 2012,0.01735,0.01741
Week 3,25 Dec 2012,0.01751,0.01757
Week 4,01 Jan 2013,0.01747,0.01753

Week 1,08 Jan 2013,0.01728,0.01734
Week 2,15 Jan 2013,0.01749,0.01754
Week 3,22 Jan 2013,0.01773,0.01779
Week 4,29 Jan 2013,0.01795,0.01801

Week 1,05 Feb 2013,0.01807,0.01812
Week 2,12 Feb 2013,0.01791,0.01798
Week 3,19 Feb 2013,0.01783,0.01789
Week 4,26 Feb 2013,0.01790,0.01796

Week 1,05 Mar 2013,0.01785,0.01791
Week 2,12 Mar 2013,0.01781,0.01787
Week 3,19 Mar 2013,0.01766,0.01771
Week 4,26 Mar 2013,0.01758,0.01764

Week 1,02 Apr 2013,0.01754,0.01761
Week 2,09 Apr 2013,0.01747,0.01753
Week 3,16 Apr 2013,0.01792,0.01798
Week 4,23 Apr 2013,0.01796,0.01802

Week 1,30 Apr 2013,0.01806,0.01812
Week 2,07 May 2013,0.01818,0.01824
Week 3,14 May 2013,0.01852,0.01858
Week 4,21 May 2013,0.01852,0.01857

Week 1,28 May 2013,0.01846,0.01850
Week 2,04 Jun 2013,0.01836,0.01840
Week 3,11 Jun 2013,0.01815,0.01818
Week 4,18 Jun 2013,0.01807,0.01810

Week 1,25 Jun 2013,0.01809,0.01813
Week 2,02 Jul 2013,0.01817,0.01821
Week 3,09 Jul 2013,0.01823,0.01827
Week 4,16 Jul 2013,0.01829,0.01833

Week 1,23 Jul 2013,0.01823,0.01827
Week 2,30 Jul 2013,0.01828,0.01831
Week 3,06 Aug 2013,0.01806,0.01810
Week 4,13 Aug 2013,0.01765,0.01768

Week 1,20 Aug 2013,0.01718,0.01723
Week 2,27 Aug 2013,0.01673,0.01681
Week 3,03 Sep 2013,0.01655,0.01663
Week 4,10 Sep 2013,0.01692,0.01699

Week 1,17 Sep 2013,0.01699,0.01707
Week 2,24 Sep 2013,0.01707,0.01713
Week 3,01 Oct 2013,0.01719,0.01726
Week 4,08 Oct 2013,0.01729,0.01733

Week 1,15 Oct 2013,0.01707,0.01713
Week 2,22 Oct 2013,0.01696,0.01700
Week 3,29 Oct 2013,0.01711,0.01716
Week 4,05 Nov 2013,0.01690,0.01694

Week 1,12 Nov 2013,0.01691,0.01696
Week 2,19 Nov 2013,0.01721,0.01727
Week 3,26 Nov 2013,0.01759,0.01764
Week 4,03 Dec 2013,0.01784,0.01790

Week 1,10 Dec 2013,0.01797,0.01802
Week 2,17 Dec 2013,0.01811,0.01816
Week 3,24 Dec 2013,0.01816,0.01821
Week 4,31 Dec 2013,0.01806,0.01811

Week 1,07 Jan 2014,0.01808,0.01812
Week 2,14 Jan 2014,0.01834,0.01840
Week 3,21 Jan 2014,0.01838,0.01843
Week 4,28 Jan 2014,0.01820,0.01826

Week 1,04 Feb 2014,0.01801,0.01806
Week 2,11 Feb 2014,0.01791,0.01796
Week 3,18 Feb 2014,0.01791,0.01796
Week 4,25 Feb 2014,0.01801,0.01806

Week 1,04 Mar 2014,0.01804,0.01809
Week 2,11 Mar 2014,0.01810,0.01815
Week 3,18 Mar 2014,0.01800,0.01805
Week 4,25 Mar 2014,0.01803,0.01807

Week 1,01 Apr 2014,0.01798,0.01804
Week 2,08 Apr 2014,0.01768,0.01773
Week 3,15 Apr 2014,0.01767,0.01774
Week 4,22 Apr 2014,0.01766,0.01771

Week 1,29 Apr 2014,0.01788,0.01793
Week 2,06 May 2014,0.01785,0.01790
Week 3,13 May 2014,0.01805,0.01810
Week 4,20 May 2014,0.01847,0.01852

Week 1,27 May 2014,0.01828,0.01832
Week 2,03 Jun 2014,0.01819,0.01824
Week 3,10 Jun 2014,0.01792,0.01798
Week 4,17 Jun 2014,0.01770,0.01775

Week 1,24 Jun 2014,0.01765,0.01770
Week 2,01 Jul 2014,0.01778,0.01782
Week 3,08 Jul 2014,0.01776,0.01781
Week 4,15 Jul 2014,0.01771,0.01776

Week 1,22 Jul 2014,0.01770,0.01775
Week 2,29 Jul 2014,0.01767,0.01773
Week 3,05 Aug 2014,0.01757,0.01760
Week 4,12 Aug 2014,0.01760,0.01765

Week 1,19 Aug 2014,0.01770,0.01775
Week 2,26 Aug 2014,0.01769,0.01773
Week 3,02 Sep 2014,0.01770,0.01774
Week 4,09 Sep 2014,0.01797,0.01801

Week 1,16 Sep 2014,0.01825,0.01829
Week 2,23 Sep 2014,0.01852,0.01856
Week 3,30 Sep 2014,0.01857,0.01862
Week 4,07 Oct 2014,0.01863,0.01868

Week 1,14 Oct 2014,0.01861,0.01865
Week 2,21 Oct 2014,0.01861,0.01866
Week 3,28 Oct 2014,0.01850,0.01854
Week 4,04 Nov 2014,0.01882,0.01887

Week 1,11 Nov 2014,0.01865,0.01870
Week 2,18 Nov 2014,0.01865,0.01870
Week 3,25 Nov 2014,0.01887,0.01892
Week 4,02 Dec 2014,0.01923,0.01928

Week 1,09 Dec 2014,0.01937,0.01943
Week 2,16 Dec 2014,0.01925,0.01929
Week 3,23 Dec 2014,0.01933,0.01938
Week 4,30 Dec 2014,0.01935,0.01939

Week 1,06 Jan 2015,0.01954,0.01958
Week 2,13 Jan 2015,0.01968,0.01973
Week 3,20 Jan 2015,0.02012,0.02018
Week 4,27 Jan 2015,0.02062,0.02068

Week 1,03 Feb 2015,0.02073,0.02079
Week 2,10 Feb 2015,0.02069,0.02075
Week 3,17 Feb 2015,0.02055,0.02061
Week 4,24 Feb 2015,0.02063,0.02069

Week 1,03 Mar 2015,0.02063,0.02068
Week 2,10 Mar 2015,0.02080,0.02085
Week 3,17 Mar 2015,0.02075,0.02081
Week 4,24 Mar 2015,0.02043,0.02049

Week 1,31 Mar 2015,0.02103,0.02111
Week 2,07 Apr 2015,0.02091,0.02098
Week 3,14 Apr 2015,0.02078,0.02086
Week 4,21 Apr 2015,0.02029,0.02037

Week 1,28 Apr 2015,0.01989,0.01996
Week 2,05 May 2015,0.01978,0.01984
Week 3,12 May 2015,0.01954,0.01961
Week 4,19 May 2015,0.01986,0.01993

Week 1,26 May 2015,0.02029,0.02036
Week 2,02 Jun 2015,0.02033,0.02040
Week 3,09 Jun 2015,0.02022,0.02030
Week 4,16 Jun 2015,0.02017,0.02025

Week 1,23 Jun 2015,0.02039,0.02047
Week 2,30 Jun 2015,0.02069,0.02077
Week 3,07 Jul 2015,0.02114,0.02123
Week 4,14 Jul 2015,0.02129,0.02137

Week 1,21 Jul 2015,0.02133,0.02140
Week 2,28 Jul 2015,0.02136,0.02144
Week 3,04 Aug 2015,0.02125,0.02132
Week 4,11 Aug 2015,0.02095,0.02103

Week 1,18 Aug 2015,0.02072,0.02080
Week 2,25 Aug 2015,0.02101,0.02108
Week 3,01 Sep 2015,0.02145,0.02153
Week 4,08 Sep 2015,0.02136,0.02142

Week 1,15 Sep 2015,0.02106,0.02114
Week 2,22 Sep 2015,0.02142,0.02150
Week 3,29 Sep 2015,0.02163,0.02171
Week 4,06 Oct 2015,0.02129,0.02136

Week 1,13 Oct 2015,0.02112,0.02120
Week 2,20 Oct 2015,0.02124,0.02132
Week 3,27 Oct 2015,0.02140,0.02147
Week 4,03 Nov 2015,0.02133,0.02139

Week 1,10 Nov 2015,0.02128,0.02135
Week 2,17 Nov 2015,0.02110,0.02118
Week 3,24 Nov 2015,0.02081,0.02087
Week 4,01 Dec 2015,0.02052,0.02059

Week 1,08 Dec 2015,0.02064,0.02070
Week 2,15 Dec 2015,0.02088,0.02095
Week 3,22 Dec 2015,0.02090,0.02095
Week 4,29 Dec 2015,0.02072,0.02077

Week 1,05 Jan 2016,0.02120,0.02127
Week 2,12 Jan 2016,0.02140,0.02147
Week 3,19 Jan 2016,0.02125,0.02131
Week 4,26 Jan 2016,0.02089,0.02095

Week 1,02 Feb 2016,0.02074,0.02081
Week 2,09 Feb 2016,0.02070,0.02076
Week 3,16 Feb 2016,0.02042,0.02048
Week 4,23 Feb 2016,0.02026,0.02032

Week 1,01 Mar 2016,0.02026,0.02033
Week 2,08 Mar 2016,0.01986,0.01992
Week 3,15 Mar 2016,0.01976,0.01982
Week 4,22 Mar 2016,0.01980,0.01987

Week 1,29 Mar 2016,0.01971,0.01978
Week 2,05 Apr 2016,0.01985,0.01991
Week 3,12 Apr 2016,0.01956,0.01962
Week 4,19 Apr 2016,0.01938,0.01944

Week 1,26 Apr 2016,0.01962,0.01968
Week 2,03 May 2016,0.02007,0.02014
Week 3,10 May 2016,0.02043,0.02050
Week 4,17 May 2016,0.02049,0.02055

Week 1,24 May 2016,0.02061,0.02068
Week 2,31 May 2016,0.02046,0.02052
Week 3,07 Jun 2016,0.02018,0.02024
Week 4,14 Jun 2016,0.02013,0.02019

Week 1,21 Jun 2016,0.01969,0.01976
Week 2,28 Jun 2016,0.01984,0.01991
Week 3,05 Jul 2016,0.01973,0.01979
Week 4,12 Jul 2016,0.01961,0.01968

Week 1,19 Jul 2016,0.01983,0.01989
Week 2,26 Jul 2016,0.01977,0.01983
Week 3,02 Aug 2016,0.01966,0.01972
Week 4,09 Aug 2016,0.01949,0.01955

Week 1,16 Aug 2016,0.01948,0.01953
Week 2,23 Aug 2016,0.01955,0.01962
Week 3,30 Aug 2016,0.01976,0.01982
Week 4,06 Sep 2016,0.01969,0.01975

Week 1,13 Sep 2016,0.01987,0.01993
Week 2,20 Sep 2016,0.01965,0.01972
Week 3,27 Sep 2016,0.01958,0.01965
Week 4,04 Oct 2016,0.01971,0.01977

Week 1,11 Oct 2016,0.01973,0.01979
Week 2,18 Oct 2016,0.01958,0.01964
Week 3,25 Oct 2016,0.01963,0.01969
Week 4,01 Nov 2016,0.01955,0.01961

Week 1,08 Nov 2016,0.01954,0.01960
Week 2,15 Nov 2016,0.01974,0.01981
Week 3,22 Nov 2016,0.01970,0.01977
Week 4,29 Nov 2016,0.01964,0.01970

Week 1,06 Dec 2016,0.01982,0.01988
Week 2,13 Dec 2016,0.01995,0.02001
Week 3,20 Dec 2016,0.02037,0.02043
Week 4,27 Dec 2016,0.02040,0.02048

Week 1,03 Jan 2017,0.02018,0.02026
Week 2,10 Jan 2017,0.01970,0.01976
Week 3,17 Jan 2017,0.01946,0.01952
Week 4,24 Jan 2017,0.01940,0.01946

Week 1,31 Jan 2017,0.01943,0.01949
Week 2,07 Feb 2017,0.01947,0.01953
Week 3,14 Feb 2017,0.01941,0.01948
Week 4,21 Feb 2017,0.01944,0.01951

Week 1,28 Feb 2017,0.01962,0.01967
Week 2,07 Mar 2017,0.01984,0.01990
Week 3,14 Mar 2017,0.01989,0.01996
Week 4,21 Mar 2017,0.01994,0.02001

Week 1,28 Mar 2017,0.02014,0.02021
Week 2,04 Apr 2017,0.02044,0.02052
Week 3,11 Apr 2017,0.02051,0.02058
Week 4,18 Apr 2017,0.02047,0.02054

Week 1,25 Apr 2017,0.02070,0.02076
Week 2,02 May 2017,0.02084,0.02091
Week 3,09 May 2017,0.02102,0.02109
Week 4,16 May 2017,0.02086,0.02092

Week 1,23 May 2017,0.02071,0.02078
Week 2,30 May 2017,0.02086,0.02092
Week 3,06 Jun 2017,0.02063,0.02070
Week 4,13 Jun 2017,0.02044,0.02050

Week 1,20 Jun 2017,0.02043,0.02049
Week 2,27 Jun 2017,0.02022,0.02029
Week 3,04 Jul 2017,0.02025,0.02031
Week 4,11 Jul 2017,0.02009,0.02013

Week 1,18 Jul 2017,0.01963,0.01967
Week 2,25 Jul 2017,0.01951,0.01957
Week 3,01 Aug 2017,0.01968,0.01973
Week 4,08 Aug 2017,0.01978,0.01982

Week 1,15 Aug 2017,0.01972,0.01977
Week 2,22 Aug 2017,0.01971,0.01975
Week 3,29 Aug 2017,0.01966,0.01971
Week 4,05 Sep 2017,0.01946,0.01950

Week 1,12 Sep 2017,0.01945,0.01950
Week 2,19 Sep 2017,0.01936,0.01940
Week 3,26 Sep 2017,0.01941,0.01944
Week 4,03 Oct 2017,0.01956,0.01960

Week 1,10 Oct 2017,0.01960,0.01964
Week 2,17 Oct 2017,0.01959,0.01963
Week 3,24 Oct 2017,0.01991,0.01995
Week 4,31 Oct 2017,0.02012,0.02016

Week 1,07 Nov 2017,0.02000,0.02005
Week 2,14 Nov 2017,0.02017,0.02020
Week 3,21 Nov 2017,0.02030,0.02036
Week 4,28 Nov 2017,0.02039,0.02043

Week 1,05 Dec 2017,0.02040,0.02044



