IND->RUB

Week 1,01 Dec 1998,0.46632,0.47212
Week 2,08 Dec 1998,0.49245,0.50133
Week 3,15 Dec 1998,0.51002,0.51583
Week 4,22 Dec 1998,0.48856,0.49525

Week 1,29 Dec 1998,0.49200,0.51806
Week 2,05 Jan 1999,0.54164,0.54965
Week 3,12 Jan 1999,0.53614,0.54196
Week 4,19 Jan 1999,0.54326,0.54708

Week 1,26 Jan 1999,0.54137,0.54392
Week 2,02 Feb 1999,0.54665,0.54923
Week 3,09 Feb 1999,0.54264,0.54489
Week 4,16 Feb 1999,0.54249,0.54595

Week 1,23 Feb 1999,0.53904,0.54395
Week 2,02 Mar 1999,0.54785,0.55027
Week 3,09 Mar 1999,0.55093,0.55381
Week 4,16 Mar 1999,0.56358,0.56692

Week 1,23 Mar 1999,0.61028,0.62232
Week 2,30 Mar 1999,0.60521,0.61288
Week 3,06 Apr 1999,0.60776,0.61390
Week 4,13 Apr 1999,0.59718,0.60153

Week 1,20 Apr 1999,0.58087,0.58745
Week 2,27 Apr 1999,0.57400,0.57972
Week 3,04 May 1999,0.56513,0.57068
Week 4,11 May 1999,0.58474,0.59493

Week 1,18 May 1999,0.57878,0.58174
Week 2,25 May 1999,0.57274,0.57556
Week 3,01 Jun 1999,0.57643,0.57796
Week 4,08 Jun 1999,0.57079,0.57344

Week 1,15 Jun 1999,0.56569,0.56860
Week 2,22 Jun 1999,0.56164,0.56470
Week 3,29 Jun 1999,0.56255,0.56587
Week 4,06 Jul 1999,0.56384,0.56816

Week 1,13 Jul 1999,0.56246,0.56550
Week 2,20 Jul 1999,0.56088,0.56477
Week 3,27 Jul 1999,0.55930,0.56097
Week 4,03 Aug 1999,0.56004,0.56081

Week 1,10 Aug 1999,0.56927,0.57315
Week 2,17 Aug 1999,0.56858,0.57237
Week 3,24 Aug 1999,0.56945,0.57268
Week 4,31 Aug 1999,0.58682,0.59044

Week 1,07 Sep 1999,0.59155,0.59695
Week 2,14 Sep 1999,0.58384,0.58856
Week 3,21 Sep 1999,0.58074,0.58347
Week 4,28 Sep 1999,0.57991,0.58536

Week 1,05 Oct 1999,0.59199,0.59400
Week 2,12 Oct 1999,0.59371,0.59443
Week 3,19 Oct 1999,0.59337,0.59556
Week 4,26 Oct 1999,0.59943,0.60151

Week 1,02 Nov 1999,0.60431,0.60744
Week 2,09 Nov 1999,0.60498,0.60681
Week 3,16 Nov 1999,0.60809,0.61012
Week 4,23 Nov 1999,0.60975,0.61152

Week 1,30 Nov 1999,0.61013,0.61410
Week 2,07 Dec 1999,0.61771,0.61953
Week 3,14 Dec 1999,0.61611,0.61738
Week 4,21 Dec 1999,0.61654,0.61811

Week 1,28 Dec 1999,0.62947,0.63106
Week 2,04 Jan 2000,0.62855,0.63245
Week 3,11 Jan 2000,0.65468,0.65737
Week 4,18 Jan 2000,0.65512,0.65707

Week 1,25 Jan 2000,0.65478,0.65632
Week 2,01 Feb 2000,0.65809,0.65960
Week 3,08 Feb 2000,0.65898,0.66065
Week 4,15 Feb 2000,0.66004,0.66109

Week 1,22 Feb 2000,0.65912,0.66047
Week 2,29 Feb 2000,0.65611,0.65779
Week 3,07 Mar 2000,0.65445,0.65600
Week 4,14 Mar 2000,0.65212,0.65372

Week 1,21 Mar 2000,0.65010,0.65178
Week 2,28 Mar 2000,0.65348,0.65485
Week 3,04 Apr 2000,0.65723,0.65874
Week 4,11 Apr 2000,0.65357,0.65529

Week 1,18 Apr 2000,0.65535,0.65734
Week 2,25 Apr 2000,0.65149,0.65303
Week 3,02 May 2000,0.65039,0.65159
Week 4,09 May 2000,0.64525,0.64658

Week 1,16 May 2000,0.64365,0.64539
Week 2,23 May 2000,0.63980,0.64347
Week 3,30 May 2000,0.63974,0.64375
Week 4,06 Jun 2000,0.63992,0.64377

Week 1,13 Jun 2000,0.63265,0.63470
Week 2,20 Jun 2000,0.63080,0.63275
Week 3,27 Jun 2000,0.62744,0.63001
Week 4,04 Jul 2000,0.62644,0.62741

Week 1,11 Jul 2000,0.62367,0.62434
Week 2,18 Jul 2000,0.61644,0.61724
Week 3,25 Jul 2000,0.61802,0.61911
Week 4,01 Aug 2000,0.61259,0.61487

Week 1,08 Aug 2000,0.60464,0.60699
Week 2,15 Aug 2000,0.60462,0.60748
Week 3,22 Aug 2000,0.60400,0.60644
Week 4,29 Aug 2000,0.60538,0.60748

Week 1,05 Sep 2000,0.60881,0.61146
Week 2,12 Sep 2000,0.60686,0.60954
Week 3,19 Sep 2000,0.60207,0.60468
Week 4,26 Sep 2000,0.60270,0.60523

Week 1,03 Oct 2000,0.60328,0.60632
Week 2,10 Oct 2000,0.60145,0.60363
Week 3,17 Oct 2000,0.60168,0.60375
Week 4,24 Oct 2000,0.59717,0.59932

Week 1,31 Oct 2000,0.59571,0.59780
Week 2,07 Nov 2000,0.59468,0.59666
Week 3,14 Nov 2000,0.59280,0.59488
Week 4,21 Nov 2000,0.59487,0.59646

Week 1,28 Nov 2000,0.59402,0.59588
Week 2,05 Dec 2000,0.59718,0.59869
Week 3,12 Dec 2000,0.59719,0.59862
Week 4,19 Dec 2000,0.59839,0.60029

Week 1,26 Dec 2000,0.60745,0.60897
Week 2,02 Jan 2001,0.60881,0.61040
Week 3,09 Jan 2001,0.60764,0.60949
Week 4,16 Jan 2001,0.60990,0.61176

Week 1,23 Jan 2001,0.61080,0.61227
Week 2,30 Jan 2001,0.61223,0.61366
Week 3,06 Feb 2001,0.61483,0.61641
Week 4,13 Feb 2001,0.61547,0.61719

Week 1,20 Feb 2001,0.61590,0.61773
Week 2,27 Feb 2001,0.61544,0.61707
Week 3,06 Mar 2001,0.61567,0.61733
Week 4,13 Mar 2001,0.61408,0.61553

Week 1,20 Mar 2001,0.61463,0.61626
Week 2,27 Mar 2001,0.61635,0.61792
Week 3,03 Apr 2001,0.61839,0.62012
Week 4,10 Apr 2001,0.61625,0.61802

Week 1,17 Apr 2001,0.61582,0.61764
Week 2,24 Apr 2001,0.61652,0.61789
Week 3,01 May 2001,0.61790,0.61895
Week 4,08 May 2001,0.61822,0.61933

Week 1,15 May 2001,0.61860,0.62035
Week 2,22 May 2001,0.61870,0.62039
Week 3,29 May 2001,0.61907,0.62044
Week 4,05 Jun 2001,0.62018,0.62193

Week 1,12 Jun 2001,0.61878,0.62007
Week 2,19 Jun 2001,0.61893,0.62066
Week 3,26 Jun 2001,0.61868,0.62040
Week 4,03 Jul 2001,0.61889,0.62025

Week 1,10 Jul 2001,0.61883,0.62057
Week 2,17 Jul 2001,0.62011,0.62179
Week 3,24 Jul 2001,0.62047,0.62205
Week 4,31 Jul 2001,0.62228,0.62363

Week 1,07 Aug 2001,0.62179,0.62348
Week 2,14 Aug 2001,0.62212,0.62387
Week 3,21 Aug 2001,0.62254,0.62411
Week 4,28 Aug 2001,0.62307,0.62473

Week 1,04 Sep 2001,0.62322,0.62496
Week 2,11 Sep 2001,0.61930,0.61999
Week 3,18 Sep 2001,0.61325,0.61469
Week 4,25 Sep 2001,0.61398,0.61601

Week 1,02 Oct 2001,0.61259,0.61461
Week 2,09 Oct 2001,0.61183,0.61408
Week 3,16 Oct 2001,0.61393,0.61637
Week 4,23 Oct 2001,0.61499,0.61738

Week 1,30 Oct 2001,0.61828,0.62070
Week 2,06 Nov 2001,0.61899,0.62141
Week 3,13 Nov 2001,0.61908,0.62159
Week 4,20 Nov 2001,0.62069,0.62276

Week 1,27 Nov 2001,0.62109,0.62344
Week 2,04 Dec 2001,0.62268,0.62501
Week 3,11 Dec 2001,0.62548,0.62799
Week 4,18 Dec 2001,0.62790,0.63034

Week 1,25 Dec 2001,0.62900,0.63206
Week 2,01 Jan 2002,0.63115,0.63419
Week 3,08 Jan 2002,0.63153,0.63411
Week 4,15 Jan 2002,0.63191,0.63438

Week 1,22 Jan 2002,0.63257,0.63506
Week 2,29 Jan 2002,0.63407,0.63657
Week 3,05 Feb 2002,0.63069,0.63311
Week 4,12 Feb 2002,0.63235,0.63477

Week 1,19 Feb 2002,0.63417,0.63657
Week 2,26 Feb 2002,0.63432,0.63674
Week 3,05 Mar 2002,0.63631,0.63877
Week 4,12 Mar 2002,0.63733,0.63970

Week 1,19 Mar 2002,0.63816,0.64055
Week 2,26 Mar 2002,0.63750,0.63988
Week 3,02 Apr 2002,0.63768,0.64005
Week 4,09 Apr 2002,0.63722,0.63959

Week 1,16 Apr 2002,0.63646,0.63882
Week 2,23 Apr 2002,0.63571,0.63806
Week 3,30 Apr 2002,0.63651,0.63887
Week 4,07 May 2002,0.63677,0.63926

Week 1,14 May 2002,0.63682,0.63928
Week 2,21 May 2002,0.63670,0.63916
Week 3,28 May 2002,0.63820,0.64065
Week 4,04 Jun 2002,0.63915,0.64148

Week 1,11 Jun 2002,0.64011,0.64241
Week 2,18 Jun 2002,0.64126,0.64369
Week 3,25 Jun 2002,0.64326,0.64563
Week 4,02 Jul 2002,0.64442,0.64679

Week 1,09 Jul 2002,0.64542,0.64788
Week 2,16 Jul 2002,0.64569,0.64815
Week 3,23 Jul 2002,0.64682,0.64933
Week 4,30 Jul 2002,0.64681,0.64929

Week 1,06 Aug 2002,0.64796,0.65039
Week 2,13 Aug 2002,0.64840,0.65083
Week 3,20 Aug 2002,0.64918,0.65173
Week 4,27 Aug 2002,0.65060,0.65301

Week 1,03 Sep 2002,0.65062,0.65312
Week 2,10 Sep 2002,0.65168,0.65419
Week 3,17 Sep 2002,0.65263,0.65505
Week 4,24 Sep 2002,0.65317,0.65569

Week 1,01 Oct 2002,0.65436,0.65703
Week 2,08 Oct 2002,0.65405,0.65690
Week 3,15 Oct 2002,0.65456,0.65716
Week 4,22 Oct 2002,0.65494,0.65747

Week 1,29 Oct 2002,0.65529,0.65791
Week 2,05 Nov 2002,0.65732,0.65976
Week 3,12 Nov 2002,0.65845,0.66104
Week 4,19 Nov 2002,0.65928,0.66174

Week 1,26 Nov 2002,0.65949,0.66194
Week 2,03 Dec 2002,0.65925,0.66175
Week 3,10 Dec 2002,0.65959,0.66206
Week 4,17 Dec 2002,0.66019,0.66279

Week 1,24 Dec 2002,0.66148,0.66401
Week 2,31 Dec 2002,0.66340,0.66629
Week 3,07 Jan 2003,0.66250,0.66530
Week 4,14 Jan 2003,0.66289,0.66557

Week 1,21 Jan 2003,0.66247,0.66524
Week 2,28 Jan 2003,0.66372,0.66666
Week 3,04 Feb 2003,0.66601,0.66889
Week 4,11 Feb 2003,0.66110,0.66416

Week 1,18 Feb 2003,0.65953,0.66248
Week 2,25 Feb 2003,0.66020,0.66327
Week 3,04 Mar 2003,0.66086,0.66365
Week 4,11 Mar 2003,0.65783,0.66098

Week 1,18 Mar 2003,0.65683,0.65971
Week 2,25 Mar 2003,0.65773,0.66076
Week 3,01 Apr 2003,0.65835,0.66121
Week 4,08 Apr 2003,0.65842,0.66114

Week 1,15 Apr 2003,0.65662,0.65912
Week 2,22 Apr 2003,0.65574,0.65817
Week 3,29 Apr 2003,0.65564,0.65815
Week 4,06 May 2003,0.65678,0.65932

Week 1,13 May 2003,0.65526,0.65779
Week 2,20 May 2003,0.65504,0.65762
Week 3,27 May 2003,0.65195,0.65459
Week 4,03 Jun 2003,0.65130,0.65379

Week 1,10 Jun 2003,0.65157,0.65405
Week 2,17 Jun 2003,0.65042,0.65302
Week 3,24 Jun 2003,0.65164,0.65416
Week 4,01 Jul 2003,0.65208,0.65460

Week 1,08 Jul 2003,0.65658,0.65912
Week 2,15 Jul 2003,0.65797,0.66052
Week 3,22 Jul 2003,0.65533,0.65790
Week 4,29 Jul 2003,0.65560,0.65815

Week 1,05 Aug 2003,0.65772,0.66027
Week 2,12 Aug 2003,0.65982,0.66226
Week 3,19 Aug 2003,0.66032,0.66277
Week 4,26 Aug 2003,0.66302,0.66553

Week 1,02 Sep 2003,0.66649,0.66892
Week 2,09 Sep 2003,0.66936,0.67180
Week 3,16 Sep 2003,0.66558,0.66798
Week 4,23 Sep 2003,0.66402,0.66642

Week 1,30 Sep 2003,0.66835,0.67129
Week 2,07 Oct 2003,0.66546,0.66795
Week 3,14 Oct 2003,0.66157,0.66401
Week 4,21 Oct 2003,0.65934,0.66178

Week 1,28 Oct 2003,0.65966,0.66227
Week 2,04 Nov 2003,0.65745,0.65987
Week 3,11 Nov 2003,0.65618,0.65857
Week 4,18 Nov 2003,0.65110,0.65356

Week 1,25 Nov 2003,0.64667,0.64901
Week 2,02 Dec 2003,0.64937,0.65185
Week 3,09 Dec 2003,0.64598,0.64833
Week 4,16 Dec 2003,0.64285,0.64492

Week 1,23 Dec 2003,0.64233,0.64470
Week 2,30 Dec 2003,0.64049,0.64301
Week 3,06 Jan 2004,0.63849,0.64085
Week 4,13 Jan 2004,0.63396,0.63637

Week 1,20 Jan 2004,0.63002,0.63236
Week 2,27 Jan 2004,0.62815,0.63049
Week 3,03 Feb 2004,0.62950,0.63202
Week 4,10 Feb 2004,0.62814,0.63045

Week 1,17 Feb 2004,0.62871,0.63114
Week 2,24 Feb 2004,0.62921,0.63158
Week 3,02 Mar 2004,0.63010,0.63251
Week 4,09 Mar 2004,0.62947,0.63200

Week 1,16 Mar 2004,0.62989,0.63224
Week 2,23 Mar 2004,0.63585,0.63815
Week 3,30 Mar 2004,0.65038,0.65283
Week 4,06 Apr 2004,0.65312,0.65560

Week 1,13 Apr 2004,0.65294,0.65544
Week 2,20 Apr 2004,0.65415,0.65665
Week 3,27 Apr 2004,0.65269,0.65519
Week 4,04 May 2004,0.64733,0.64976

Week 1,11 May 2004,0.63980,0.64221
Week 2,18 May 2004,0.63892,0.64130
Week 3,25 May 2004,0.63843,0.64077
Week 4,01 Jun 2004,0.64074,0.64312

Week 1,08 Jun 2004,0.64296,0.64540
Week 2,15 Jun 2004,0.63709,0.63958
Week 3,22 Jun 2004,0.63189,0.63440
Week 4,29 Jun 2004,0.63256,0.63490

Week 1,06 Jul 2004,0.63409,0.63647
Week 2,13 Jul 2004,0.63203,0.63431
Week 3,20 Jul 2004,0.62890,0.63116
Week 4,27 Jul 2004,0.62717,0.62945

Week 1,03 Aug 2004,0.62923,0.63152
Week 2,10 Aug 2004,0.63104,0.63332
Week 3,17 Aug 2004,0.63003,0.63234
Week 4,24 Aug 2004,0.63011,0.63249

Week 1,31 Aug 2004,0.62996,0.63228
Week 2,07 Sep 2004,0.63038,0.63268
Week 3,14 Sep 2004,0.63595,0.63825
Week 4,21 Sep 2004,0.63574,0.63804

Week 1,28 Sep 2004,0.63470,0.63695
Week 2,05 Oct 2004,0.63699,0.63920
Week 3,12 Oct 2004,0.63527,0.63757
Week 4,19 Oct 2004,0.63394,0.63571

Week 1,26 Oct 2004,0.63131,0.63285
Week 2,02 Nov 2004,0.63461,0.63623
Week 3,09 Nov 2004,0.63486,0.63642
Week 4,16 Nov 2004,0.63409,0.63598

Week 1,23 Nov 2004,0.62993,0.63156
Week 2,30 Nov 2004,0.63175,0.63342
Week 3,07 Dec 2004,0.63371,0.63518
Week 4,14 Dec 2004,0.63484,0.63671

Week 1,21 Dec 2004,0.63567,0.63736
Week 2,28 Dec 2004,0.63613,0.63798
Week 3,04 Jan 2005,0.63428,0.63626
Week 4,11 Jan 2005,0.63826,0.63998

Week 1,18 Jan 2005,0.64229,0.64433
Week 2,25 Jan 2005,0.64177,0.64350
Week 3,01 Feb 2005,0.64406,0.64604
Week 4,08 Feb 2005,0.64250,0.64451

Week 1,15 Feb 2005,0.63856,0.64054
Week 2,22 Feb 2005,0.63527,0.63719
Week 3,01 Mar 2005,0.63331,0.63540
Week 4,08 Mar 2005,0.63119,0.63355

Week 1,15 Mar 2005,0.62968,0.63196
Week 2,22 Mar 2005,0.63150,0.63369
Week 3,29 Mar 2005,0.63637,0.63805
Week 4,05 Apr 2005,0.63623,0.63777

Week 1,12 Apr 2005,0.63593,0.63756
Week 2,19 Apr 2005,0.63337,0.63519
Week 3,26 Apr 2005,0.63562,0.63747
Week 4,03 May 2005,0.63863,0.64108

Week 1,10 May 2005,0.64183,0.64434
Week 2,17 May 2005,0.64325,0.64584
Week 3,24 May 2005,0.64342,0.64584
Week 4,31 May 2005,0.64762,0.65008

Week 1,07 Jun 2005,0.65197,0.65440
Week 2,14 Jun 2005,0.65378,0.65621
Week 3,21 Jun 2005,0.65622,0.65867
Week 4,28 Jun 2005,0.65671,0.65909

Week 1,05 Jul 2005,0.65968,0.66207
Week 2,12 Jul 2005,0.65772,0.66014
Week 3,19 Jul 2005,0.65902,0.66150
Week 4,26 Jul 2005,0.65864,0.66110

Week 1,02 Aug 2005,0.65425,0.65674
Week 2,09 Aug 2005,0.65014,0.65257
Week 3,16 Aug 2005,0.65426,0.65673
Week 4,23 Aug 2005,0.65136,0.65382

Week 1,30 Aug 2005,0.64546,0.64787
Week 2,06 Sep 2005,0.64352,0.64594
Week 3,13 Sep 2005,0.64597,0.64844
Week 4,20 Sep 2005,0.64683,0.64924

Week 1,27 Sep 2005,0.64750,0.64992
Week 2,04 Oct 2005,0.64443,0.64682
Week 3,11 Oct 2005,0.63630,0.63864
Week 4,18 Oct 2005,0.63401,0.63633

Week 1,25 Oct 2005,0.63107,0.63339
Week 2,01 Nov 2005,0.62991,0.63220
Week 3,08 Nov 2005,0.63007,0.63234
Week 4,15 Nov 2005,0.63012,0.63245

Week 1,22 Nov 2005,0.62782,0.63006
Week 2,29 Nov 2005,0.62628,0.62852
Week 3,06 Dec 2005,0.62488,0.62712
Week 4,13 Dec 2005,0.62834,0.63061

Week 1,20 Dec 2005,0.63561,0.63792
Week 2,27 Dec 2005,0.63635,0.63867
Week 3,03 Jan 2006,0.64037,0.64269
Week 4,10 Jan 2006,0.64451,0.64689

Week 1,17 Jan 2006,0.63834,0.64069
Week 2,24 Jan 2006,0.63390,0.63625
Week 3,31 Jan 2006,0.63717,0.63952
Week 4,07 Feb 2006,0.63817,0.64052

Week 1,14 Feb 2006,0.63574,0.63807
Week 2,21 Feb 2006,0.63353,0.63602
Week 3,28 Feb 2006,0.63179,0.63411
Week 4,07 Mar 2006,0.63093,0.63329

Week 1,14 Mar 2006,0.62587,0.62816
Week 2,21 Mar 2006,0.62385,0.62598
Week 3,28 Mar 2006,0.62418,0.62656
Week 4,04 Apr 2006,0.61917,0.62142

Week 1,11 Apr 2006,0.61478,0.61694
Week 2,18 Apr 2006,0.60881,0.61099
Week 3,25 Apr 2006,0.60728,0.60946
Week 4,02 May 2006,0.60414,0.60632

Week 1,09 May 2006,0.60007,0.60224
Week 2,16 May 2006,0.59497,0.59715
Week 3,23 May 2006,0.59004,0.59236
Week 4,30 May 2006,0.58419,0.58656

Week 1,06 Jun 2006,0.58576,0.58802
Week 2,13 Jun 2006,0.58767,0.58999
Week 3,20 Jun 2006,0.58738,0.58964
Week 4,27 Jun 2006,0.58339,0.58563

Week 1,04 Jul 2006,0.58315,0.58540
Week 2,11 Jul 2006,0.58171,0.58394
Week 3,18 Jul 2006,0.57549,0.57780
Week 4,25 Jul 2006,0.57430,0.57645

Week 1,01 Aug 2006,0.57389,0.57612
Week 2,08 Aug 2006,0.57437,0.57653
Week 3,15 Aug 2006,0.57480,0.57702
Week 4,22 Aug 2006,0.57461,0.57685

Week 1,29 Aug 2006,0.57357,0.57585
Week 2,05 Sep 2006,0.57781,0.58006
Week 3,12 Sep 2006,0.57985,0.58210
Week 4,19 Sep 2006,0.58019,0.58253

Week 1,26 Sep 2006,0.58238,0.58467
Week 2,03 Oct 2006,0.58620,0.58844
Week 3,10 Oct 2006,0.59050,0.59276
Week 4,17 Oct 2006,0.59297,0.59524

Week 1,24 Oct 2006,0.59182,0.59408
Week 2,31 Oct 2006,0.59410,0.59642
Week 3,07 Nov 2006,0.59513,0.59747
Week 4,14 Nov 2006,0.59157,0.59392

Week 1,21 Nov 2006,0.59227,0.59275
Week 2,28 Nov 2006,0.58790,0.58818
Week 3,05 Dec 2006,0.58785,0.58835
Week 4,12 Dec 2006,0.58856,0.58891

Week 1,19 Dec 2006,0.58955,0.58994
Week 2,26 Dec 2006,0.59473,0.59515
Week 3,02 Jan 2007,0.59556,0.59596
Week 4,09 Jan 2007,0.59674,0.59711

Week 1,16 Jan 2007,0.59985,0.60031
Week 2,23 Jan 2007,0.59981,0.60029
Week 3,30 Jan 2007,0.60059,0.60124
Week 4,06 Feb 2007,0.59940,0.59989

Week 1,13 Feb 2007,0.59623,0.59683
Week 2,20 Feb 2007,0.59278,0.59327
Week 3,27 Feb 2007,0.59076,0.59126
Week 4,06 Mar 2007,0.59098,0.59169

Week 1,13 Mar 2007,0.59057,0.59105
Week 2,20 Mar 2007,0.59509,0.59585
Week 3,27 Mar 2007,0.60048,0.60109
Week 4,03 Apr 2007,0.60477,0.60573

Week 1,10 Apr 2007,0.60532,0.60570
Week 2,17 Apr 2007,0.61392,0.61424
Week 3,24 Apr 2007,0.62480,0.62514
Week 4,01 May 2007,0.62657,0.62689

Week 1,08 May 2007,0.62761,0.62798
Week 2,15 May 2007,0.63271,0.63345
Week 3,22 May 2007,0.63756,0.63787
Week 4,29 May 2007,0.63786,0.63817

Week 1,05 Jun 2007,0.63390,0.63427
Week 2,12 Jun 2007,0.63569,0.63600
Week 3,19 Jun 2007,0.63587,0.63621
Week 4,26 Jun 2007,0.63159,0.63188

Week 1,03 Jul 2007,0.63443,0.63474
Week 2,10 Jul 2007,0.63143,0.63172
Week 3,17 Jul 2007,0.62989,0.63019
Week 4,24 Jul 2007,0.63095,0.63125

Week 1,31 Jul 2007,0.63222,0.63251
Week 2,07 Aug 2007,0.62776,0.62807
Week 3,14 Aug 2007,0.62812,0.62847
Week 4,21 Aug 2007,0.62705,0.62740

Week 1,28 Aug 2007,0.62552,0.62586
Week 2,04 Sep 2007,0.62779,0.62811
Week 3,11 Sep 2007,0.62701,0.62732
Week 4,18 Sep 2007,0.62701,0.62733

Week 1,25 Sep 2007,0.62696,0.62730
Week 2,02 Oct 2007,0.62949,0.62980
Week 3,09 Oct 2007,0.63363,0.63393
Week 4,16 Oct 2007,0.62823,0.62849

Week 1,23 Oct 2007,0.62710,0.62740
Week 2,30 Oct 2007,0.62524,0.62557
Week 3,06 Nov 2007,0.62351,0.62379
Week 4,13 Nov 2007,0.62277,0.62307

Week 1,20 Nov 2007,0.61614,0.61645
Week 2,27 Nov 2007,0.61391,0.61426
Week 3,04 Dec 2007,0.62034,0.62066
Week 4,11 Dec 2007,0.62328,0.62361

Week 1,18 Dec 2007,0.62509,0.62542
Week 2,25 Dec 2007,0.62399,0.62429
Week 3,01 Jan 2008,0.62175,0.62220
Week 4,08 Jan 2008,0.62091,0.62128

Week 1,15 Jan 2008,0.62155,0.62188
Week 2,22 Jan 2008,0.62281,0.62325
Week 3,29 Jan 2008,0.62135,0.62166
Week 4,05 Feb 2008,0.62329,0.62360

Week 1,12 Feb 2008,0.62055,0.62087
Week 2,19 Feb 2008,0.61320,0.61351
Week 3,26 Feb 2008,0.60501,0.60530
Week 4,04 Mar 2008,0.59189,0.59218

Week 1,11 Mar 2008,0.58614,0.58642
Week 2,18 Mar 2008,0.58457,0.58492
Week 3,25 Mar 2008,0.58837,0.58872
Week 4,01 Apr 2008,0.58898,0.58930

Week 1,08 Apr 2008,0.58788,0.58819
Week 2,15 Apr 2008,0.58681,0.58713
Week 3,22 Apr 2008,0.58651,0.58682
Week 4,29 Apr 2008,0.58567,0.58598

Week 1,06 May 2008,0.57526,0.57557
Week 2,13 May 2008,0.56045,0.56082
Week 3,20 May 2008,0.55231,0.55261
Week 4,27 May 2008,0.55383,0.55414

Week 1,03 Jun 2008,0.55474,0.55503
Week 2,10 Jun 2008,0.55282,0.55309
Week 3,17 Jun 2008,0.55009,0.55034
Week 4,24 Jun 2008,0.54857,0.54885

Week 1,01 Jul 2008,0.54305,0.54333
Week 2,08 Jul 2008,0.54103,0.54131
Week 3,15 Jul 2008,0.54172,0.54250
Week 4,22 Jul 2008,0.55077,0.55205

Week 1,29 Jul 2008,0.55212,0.55318
Week 2,05 Aug 2008,0.56373,0.56495
Week 3,12 Aug 2008,0.56956,0.57090
Week 4,19 Aug 2008,0.56085,0.56197

Week 1,26 Aug 2008,0.55981,0.56118
Week 2,02 Sep 2008,0.56541,0.56678
Week 3,09 Sep 2008,0.56473,0.56597
Week 4,16 Sep 2008,0.55102,0.55233

Week 1,23 Sep 2008,0.53973,0.54110
Week 2,30 Sep 2008,0.54314,0.54472
Week 3,07 Oct 2008,0.53152,0.53519
Week 4,14 Oct 2008,0.52550,0.53111

Week 1,21 Oct 2008,0.51992,0.52637
Week 2,28 Oct 2008,0.51722,0.52918
Week 3,04 Nov 2008,0.55102,0.55938
Week 4,11 Nov 2008,0.55172,0.55962

Week 1,18 Nov 2008,0.54059,0.54915
Week 2,25 Nov 2008,0.54379,0.55672
Week 3,02 Dec 2008,0.55517,0.56545
Week 4,09 Dec 2008,0.56073,0.56891

Week 1,16 Dec 2008,0.56505,0.58004
Week 2,23 Dec 2008,0.57451,0.58806
Week 3,30 Dec 2008,0.58780,0.60287
Week 4,06 Jan 2009,0.58576,0.60332

Week 1,13 Jan 2009,0.63856,0.65441
Week 2,20 Jan 2009,0.65952,0.67111
Week 3,27 Jan 2009,0.69365,0.70601
Week 4,03 Feb 2009,0.73250,0.74489

Week 1,10 Feb 2009,0.71095,0.72545
Week 2,17 Feb 2009,0.71339,0.72446
Week 3,24 Feb 2009,0.70086,0.71485
Week 4,03 Mar 2009,0.68673,0.70010

Week 1,10 Mar 2009,0.66405,0.67900
Week 2,17 Mar 2009,0.64847,0.65972
Week 3,24 Mar 2009,0.64628,0.65427
Week 4,31 Mar 2009,0.65143,0.66580

Week 1,07 Apr 2009,0.66135,0.67171
Week 2,14 Apr 2009,0.66130,0.67631
Week 3,21 Apr 2009,0.66184,0.67453
Week 4,28 Apr 2009,0.65603,0.66500

Week 1,05 May 2009,0.65397,0.66715
Week 2,12 May 2009,0.64218,0.65237
Week 3,19 May 2009,0.65741,0.66638
Week 4,26 May 2009,0.64969,0.65951

Week 1,02 Jun 2009,0.64739,0.65840
Week 2,09 Jun 2009,0.64405,0.65371
Week 3,16 Jun 2009,0.63855,0.64819
Week 4,23 Jun 2009,0.63566,0.64528

Week 1,30 Jun 2009,0.64105,0.65294
Week 2,07 Jul 2009,0.64953,0.65919
Week 3,14 Jul 2009,0.65089,0.65953
Week 4,21 Jul 2009,0.63711,0.64552

Week 1,28 Jul 2009,0.64365,0.65103
Week 2,04 Aug 2009,0.65188,0.66015
Week 3,11 Aug 2009,0.65711,0.66574
Week 4,18 Aug 2009,0.64783,0.65908

Week 1,25 Aug 2009,0.64144,0.65122
Week 2,01 Sep 2009,0.64617,0.65348
Week 3,08 Sep 2009,0.63336,0.63950
Week 4,15 Sep 2009,0.62452,0.63257

Week 1,22 Sep 2009,0.61868,0.62864
Week 2,29 Sep 2009,0.62089,0.63119
Week 3,06 Oct 2009,0.63073,0.63925
Week 4,13 Oct 2009,0.63080,0.64095

Week 1,20 Oct 2009,0.62426,0.62680
Week 2,27 Oct 2009,0.61597,0.62233
Week 3,03 Nov 2009,0.61790,0.62010
Week 4,10 Nov 2009,0.61815,0.62183

Week 1,17 Nov 2009,0.61898,0.62265
Week 2,24 Nov 2009,0.62281,0.62659
Week 3,01 Dec 2009,0.62936,0.63477
Week 4,08 Dec 2009,0.64687,0.64878

Week 1,15 Dec 2009,0.64759,0.65139
Week 2,22 Dec 2009,0.63715,0.64232
Week 3,29 Dec 2009,0.64197,0.64618
Week 4,05 Jan 2010,0.65113,0.65614

Week 1,12 Jan 2010,0.64481,0.64751
Week 2,19 Jan 2010,0.64430,0.64614
Week 3,26 Jan 2010,0.65116,0.65528
Week 4,02 Feb 2010,0.64822,0.65228

Week 1,09 Feb 2010,0.64810,0.65203
Week 2,16 Feb 2010,0.64690,0.65428
Week 3,23 Feb 2010,0.64650,0.65147
Week 4,02 Mar 2010,0.64735,0.65716

Week 1,09 Mar 2010,0.64826,0.64890
Week 2,16 Mar 2010,0.64460,0.64529
Week 3,23 Mar 2010,0.65192,0.65248
Week 4,30 Mar 2010,0.65196,0.65766

Week 1,06 Apr 2010,0.65821,0.65936
Week 2,13 Apr 2010,0.64855,0.65801
Week 3,20 Apr 2010,0.65506,0.65580
Week 4,27 Apr 2010,0.65305,0.66049

Week 1,04 May 2010,0.65846,0.67283
Week 2,11 May 2010,0.66762,0.66900
Week 3,18 May 2010,0.66449,0.66606
Week 4,25 May 2010,0.65789,0.66179

Week 1,01 Jun 2010,0.65946,0.67198
Week 2,08 Jun 2010,0.67215,0.67373
Week 3,15 Jun 2010,0.66880,0.67729
Week 4,22 Jun 2010,0.66737,0.67194

Week 1,29 Jun 2010,0.66114,0.67246
Week 2,06 Jul 2010,0.65845,0.66303
Week 3,13 Jul 2010,0.64679,0.65750
Week 4,20 Jul 2010,0.64254,0.64856

Week 1,27 Jul 2010,0.64506,0.65061
Week 2,03 Aug 2010,0.64413,0.64859
Week 3,10 Aug 2010,0.64804,0.65292
Week 4,17 Aug 2010,0.65130,0.65721

Week 1,24 Aug 2010,0.65131,0.66077
Week 2,31 Aug 2010,0.65417,0.65905
Week 3,07 Sep 2010,0.65911,0.66390
Week 4,14 Sep 2010,0.65933,0.67421

Week 1,21 Sep 2010,0.67595,0.68115
Week 2,28 Sep 2010,0.67749,0.68280
Week 3,05 Oct 2010,0.67029,0.68013
Week 4,12 Oct 2010,0.67540,0.68171

Week 1,19 Oct 2010,0.68222,0.68751
Week 2,26 Oct 2010,0.68399,0.68970
Week 3,02 Nov 2010,0.68687,0.69415
Week 4,09 Nov 2010,0.68137,0.68835

Week 1,16 Nov 2010,0.67864,0.68588
Week 2,23 Nov 2010,0.67927,0.68602
Week 3,30 Nov 2010,0.68576,0.69234
Week 4,07 Dec 2010,0.67748,0.68445

Week 1,14 Dec 2010,0.66398,0.67497
Week 2,21 Dec 2010,0.66584,0.67275
Week 3,28 Dec 2010,0.66591,0.67388
Week 4,04 Jan 2011,0.66775,0.67385

Week 1,11 Jan 2011,0.65743,0.66378
Week 2,18 Jan 2011,0.64360,0.65451
Week 3,25 Jan 2011,0.64216,0.64815
Week 4,01 Feb 2011,0.63525,0.64789

Week 1,08 Feb 2011,0.63721,0.64279
Week 2,15 Feb 2011,0.63900,0.64444
Week 3,22 Feb 2011,0.63648,0.64225
Week 4,01 Mar 2011,0.62810,0.63186

Week 1,08 Mar 2011,0.61878,0.62436
Week 2,15 Mar 2011,0.62035,0.62622
Week 3,22 Mar 2011,0.61877,0.62655
Week 4,29 Mar 2011,0.62490,0.63110

Week 1,05 Apr 2011,0.62775,0.63394
Week 2,12 Apr 2011,0.62462,0.63066
Week 3,19 Apr 2011,0.62382,0.62988
Week 4,26 Apr 2011,0.61454,0.62039

Week 1,03 May 2011,0.61037,0.61630
Week 2,10 May 2011,0.61641,0.62253
Week 3,17 May 2011,0.61830,0.62390
Week 4,24 May 2011,0.61991,0.62572

Week 1,31 May 2011,0.61776,0.62402
Week 2,07 Jun 2011,0.60667,0.61930
Week 3,14 Jun 2011,0.61295,0.62052
Week 4,21 Jun 2011,0.61482,0.62025

Week 1,28 Jun 2011,0.61634,0.62189
Week 2,05 Jul 2011,0.62120,0.62715
Week 3,12 Jul 2011,0.62428,0.63020
Week 4,19 Jul 2011,0.62007,0.62773

Week 1,26 Jul 2011,0.61864,0.62479
Week 2,02 Aug 2011,0.62267,0.62855
Week 3,09 Aug 2011,0.64064,0.64832
Week 4,16 Aug 2011,0.62605,0.63942

Week 1,23 Aug 2011,0.62498,0.63107
Week 2,30 Aug 2011,0.62690,0.63392
Week 3,06 Sep 2011,0.63640,0.64327
Week 4,13 Sep 2011,0.63119,0.63821

Week 1,20 Sep 2011,0.63750,0.64613
Week 2,27 Sep 2011,0.64043,0.64665
Week 3,04 Oct 2011,0.64740,0.65495
Week 4,11 Oct 2011,0.62511,0.63588

Week 1,18 Oct 2011,0.61590,0.62731
Week 2,25 Oct 2011,0.60636,0.61259
Week 3,01 Nov 2011,0.61204,0.61874
Week 4,08 Nov 2011,0.60298,0.61052

Week 1,15 Nov 2011,0.59484,0.60618
Week 2,22 Nov 2011,0.59128,0.60370
Week 3,29 Nov 2011,0.59301,0.60599
Week 4,06 Dec 2011,0.59632,0.60934

Week 1,13 Dec 2011,0.58305,0.59129
Week 2,20 Dec 2011,0.57790,0.58950
Week 3,27 Dec 2011,0.58082,0.58772
Week 4,03 Jan 2012,0.58824,0.60019

Week 1,10 Jan 2012,0.59827,0.61102
Week 2,17 Jan 2012,0.60603,0.62007
Week 3,24 Jan 2012,0.59947,0.61207
Week 4,31 Jan 2012,0.60392,0.61594

Week 1,07 Feb 2012,0.59854,0.60601
Week 2,14 Feb 2012,0.59965,0.60755
Week 3,21 Feb 2012,0.59420,0.59958
Week 4,28 Feb 2012,0.58549,0.59378

Week 1,06 Mar 2012,0.58480,0.59083
Week 2,13 Mar 2012,0.57464,0.58075
Week 3,20 Mar 2012,0.55951,0.57125
Week 4,27 Mar 2012,0.55946,0.56548

Week 1,03 Apr 2012,0.56541,0.57086
Week 2,10 Apr 2012,0.56260,0.57252
Week 3,17 Apr 2012,0.55911,0.56410
Week 4,24 Apr 2012,0.54972,0.55465

Week 1,01 May 2012,0.54361,0.55594
Week 2,08 May 2012,0.55574,0.56282
Week 3,15 May 2012,0.56186,0.56711
Week 4,22 May 2012,0.56443,0.56941

Week 1,29 May 2012,0.58418,0.59299
Week 2,05 Jun 2012,0.58733,0.59504
Week 3,12 Jun 2012,0.57934,0.59028
Week 4,19 Jun 2012,0.57619,0.58608

Week 1,26 Jun 2012,0.58025,0.58528
Week 2,03 Jul 2012,0.58548,0.59413
Week 3,10 Jul 2012,0.58819,0.59733
Week 4,17 Jul 2012,0.58160,0.58970

Week 1,24 Jul 2012,0.58006,0.58509
Week 2,31 Jul 2012,0.57875,0.58162
Week 3,07 Aug 2012,0.57404,0.57657
Week 4,14 Aug 2012,0.57302,0.57544

Week 1,21 Aug 2012,0.57342,0.57609
Week 2,28 Aug 2012,0.57581,0.58394
Week 3,04 Sep 2012,0.57672,0.57950
Week 4,11 Sep 2012,0.56765,0.57125

Week 1,18 Sep 2012,0.57531,0.58284
Week 2,25 Sep 2012,0.58766,0.59049
Week 3,02 Oct 2012,0.59506,0.60027
Week 4,09 Oct 2012,0.58915,0.59318

Week 1,16 Oct 2012,0.57720,0.58223
Week 2,23 Oct 2012,0.58170,0.58424
Week 3,30 Oct 2012,0.58175,0.58436
Week 4,06 Nov 2012,0.57686,0.58130

Week 1,13 Nov 2012,0.57392,0.57878
Week 2,20 Nov 2012,0.56375,0.56805
Week 3,27 Nov 2012,0.56115,0.56511
Week 4,04 Dec 2012,0.56439,0.57052

Week 1,11 Dec 2012,0.56279,0.56676
Week 2,18 Dec 2012,0.55950,0.56182
Week 3,25 Dec 2012,0.55394,0.55632
Week 4,01 Jan 2013,0.55407,0.55653

Week 1,08 Jan 2013,0.54791,0.55576
Week 2,15 Jan 2013,0.55635,0.56086
Week 3,22 Jan 2013,0.55880,0.56366
Week 4,29 Jan 2013,0.56061,0.56289

Week 1,05 Feb 2013,0.56225,0.56462
Week 2,12 Feb 2013,0.55557,0.55827
Week 3,19 Feb 2013,0.55577,0.55824
Week 4,26 Feb 2013,0.56030,0.56276

Week 1,05 Mar 2013,0.56105,0.56365
Week 2,12 Mar 2013,0.56422,0.56878
Week 3,19 Mar 2013,0.56683,0.56943
Week 4,26 Mar 2013,0.56813,0.57084

Week 1,02 Apr 2013,0.57478,0.57715
Week 2,09 Apr 2013,0.56906,0.57199
Week 3,16 Apr 2013,0.58300,0.58638
Week 4,23 Apr 2013,0.57684,0.58459

Week 1,30 Apr 2013,0.57919,0.58235
Week 2,07 May 2013,0.57457,0.57731
Week 3,14 May 2013,0.57194,0.57461
Week 4,21 May 2013,0.56334,0.56519

Week 1,28 May 2013,0.56105,0.56392
Week 2,04 Jun 2013,0.56313,0.56497
Week 3,11 Jun 2013,0.55338,0.55506
Week 4,18 Jun 2013,0.54733,0.54907

Week 1,25 Jun 2013,0.54744,0.54924
Week 2,02 Jul 2013,0.54946,0.55093
Week 3,09 Jul 2013,0.54566,0.54765
Week 4,16 Jul 2013,0.54410,0.54558

Week 1,23 Jul 2013,0.54779,0.55001
Week 2,30 Jul 2013,0.54164,0.54333
Week 3,06 Aug 2013,0.53825,0.53961
Week 4,13 Aug 2013,0.53273,0.53419

Week 1,20 Aug 2013,0.51343,0.51488
Week 2,27 Aug 2013,0.49620,0.49939
Week 3,03 Sep 2013,0.50318,0.50572
Week 4,10 Sep 2013,0.51305,0.51582

Week 1,17 Sep 2013,0.51033,0.51343
Week 2,24 Sep 2013,0.51311,0.51573
Week 3,01 Oct 2013,0.52037,0.52280
Week 4,08 Oct 2013,0.52672,0.52914

Week 1,15 Oct 2013,0.52386,0.52692
Week 2,22 Oct 2013,0.51883,0.52065
Week 3,29 Oct 2013,0.52137,0.52398
Week 4,05 Nov 2013,0.51900,0.52104

Week 1,12 Nov 2013,0.51676,0.51871
Week 2,19 Nov 2013,0.52315,0.52605
Week 3,26 Nov 2013,0.53030,0.53221
Week 4,03 Dec 2013,0.53511,0.53699

Week 1,10 Dec 2013,0.53198,0.53368
Week 2,17 Dec 2013,0.53147,0.53327
Week 3,24 Dec 2013,0.52741,0.52960
Week 4,31 Dec 2013,0.53173,0.53369

Week 1,07 Jan 2014,0.53552,0.53722
Week 2,14 Jan 2014,0.54416,0.54599
Week 3,21 Jan 2014,0.54960,0.55152
Week 4,28 Jan 2014,0.55705,0.55933

Week 1,04 Feb 2014,0.56012,0.56202
Week 2,11 Feb 2014,0.56382,0.56550
Week 3,18 Feb 2014,0.57247,0.57434
Week 4,25 Feb 2014,0.57907,0.58109

Week 1,04 Mar 2014,0.58972,0.59205
Week 2,11 Mar 2014,0.59578,0.59873
Week 3,18 Mar 2014,0.59262,0.59487
Week 4,25 Mar 2014,0.59226,0.59589

Week 1,01 Apr 2014,0.58721,0.59066
Week 2,08 Apr 2014,0.58945,0.59185
Week 3,15 Apr 2014,0.59130,0.59574
Week 4,22 Apr 2014,0.58784,0.59033

Week 1,29 Apr 2014,0.59245,0.59525
Week 2,06 May 2014,0.58837,0.59080
Week 3,13 May 2014,0.58818,0.59108
Week 4,20 May 2014,0.58639,0.58895

Week 1,27 May 2014,0.58593,0.58826
Week 2,03 Jun 2014,0.58745,0.59022
Week 3,10 Jun 2014,0.57797,0.58012
Week 4,17 Jun 2014,0.57338,0.57516

Week 1,24 Jun 2014,0.56207,0.56381
Week 2,01 Jul 2014,0.57196,0.57446
Week 3,08 Jul 2014,0.57009,0.57199
Week 4,15 Jul 2014,0.57746,0.57963

Week 1,22 Jul 2014,0.58326,0.58553
Week 2,29 Jul 2014,0.58829,0.59067
Week 3,05 Aug 2014,0.58943,0.59135
Week 4,12 Aug 2014,0.58994,0.59213

Week 1,19 Aug 2014,0.59507,0.59755
Week 2,26 Aug 2014,0.60270,0.60551
Week 3,02 Sep 2014,0.61275,0.61499
Week 4,09 Sep 2014,0.61479,0.61731

Week 1,16 Sep 2014,0.62904,0.63143
Week 2,23 Sep 2014,0.63235,0.63506
Week 3,30 Sep 2014,0.64348,0.64595
Week 4,07 Oct 2014,0.65321,0.65550

Week 1,14 Oct 2014,0.66218,0.66538
Week 2,21 Oct 2014,0.67778,0.68006
Week 3,28 Oct 2014,0.69664,0.70050
Week 4,04 Nov 2014,0.73681,0.74230

Week 1,11 Nov 2014,0.75649,0.75921
Week 2,18 Nov 2014,0.75061,0.75281
Week 3,25 Nov 2014,0.76940,0.77308
Week 4,02 Dec 2014,0.85067,0.85370

Week 1,09 Dec 2014,0.88816,0.89448
Week 2,16 Dec 2014,1.00730,1.01429
Week 3,23 Dec 2014,0.84870,0.85286
Week 4,30 Dec 2014,0.91576,0.92790

Week 1,06 Jan 2015,0.97543,0.98597
Week 2,13 Jan 2015,1.04158,1.04533
Week 3,20 Jan 2015,1.04764,1.05194
Week 4,27 Jan 2015,1.11048,1.11398

Week 1,03 Feb 2015,1.08338,1.08740
Week 2,10 Feb 2015,1.04213,1.04557
Week 3,17 Feb 2015,0.99528,0.99903
Week 4,24 Feb 2015,0.99924,1.00317

Week 1,03 Mar 2015,0.98191,0.98461
Week 2,10 Mar 2015,0.98025,0.98404
Week 3,17 Mar 2015,0.96546,0.96830
Week 4,24 Mar 2015,0.92284,0.92577

Week 1,31 Mar 2015,0.91760,0.92194
Week 2,07 Apr 2015,0.86205,0.86588
Week 3,14 Apr 2015,0.82100,0.82500
Week 4,21 Apr 2015,0.81774,0.82115

Week 1,28 Apr 2015,0.80756,0.81675
Week 2,05 May 2015,0.79606,0.79947
Week 3,12 May 2015,0.78185,0.78592
Week 4,19 May 2015,0.77829,0.78209

Week 1,26 May 2015,0.80783,0.81247
Week 2,02 Jun 2015,0.85599,0.86106
Week 3,09 Jun 2015,0.85896,0.86445
Week 4,16 Jun 2015,0.84601,0.84946

Week 1,23 Jun 2015,0.85580,0.85940
Week 2,30 Jun 2015,0.87632,0.87994
Week 3,07 Jul 2015,0.89439,0.89837
Week 4,14 Jul 2015,0.89561,0.89944

Week 1,21 Jul 2015,0.90231,0.90599
Week 2,28 Jul 2015,0.93933,0.94357
Week 3,04 Aug 2015,0.99416,0.99871
Week 4,11 Aug 2015,0.99331,0.99778

Week 1,18 Aug 2015,1.02211,1.02672
Week 2,25 Aug 2015,1.01780,1.02276
Week 3,01 Sep 2015,1.00725,1.01228
Week 4,08 Sep 2015,1.02199,1.02613

Week 1,15 Sep 2015,1.00216,1.00641
Week 2,22 Sep 2015,0.99566,0.99998
Week 3,29 Sep 2015,1.00022,1.00470
Week 4,06 Oct 2015,0.96294,0.96722

Week 1,13 Oct 2015,0.95240,0.95691
Week 2,20 Oct 2015,0.95731,0.96153
Week 3,27 Oct 2015,0.97970,0.98388
Week 4,03 Nov 2015,0.96976,0.97335

Week 1,10 Nov 2015,0.99058,0.99561
Week 2,17 Nov 2015,0.98110,0.98482
Week 3,24 Nov 2015,0.98922,0.99320
Week 4,01 Dec 2015,1.00767,1.01107

Week 1,08 Dec 2015,1.02975,1.03403
Week 2,15 Dec 2015,1.05734,1.06134
Week 3,22 Dec 2015,1.06975,1.07228
Week 4,29 Dec 2015,1.10024,1.10296

Week 1,05 Jan 2016,1.08329,1.08640
Week 2,12 Jan 2016,1.12813,1.13257
Week 3,19 Jan 2016,1.17699,1.18528
Week 4,26 Jan 2016,1.13005,1.13388

Week 1,02 Feb 2016,1.13834,1.14237
Week 2,09 Feb 2016,1.15565,1.15953
Week 3,16 Feb 2016,1.12135,1.12516
Week 4,23 Feb 2016,1.10682,1.11031

Week 1,01 Mar 2016,1.08570,1.08929
Week 2,08 Mar 2016,1.05189,1.05672
Week 3,15 Mar 2016,1.03443,1.03797
Week 4,22 Mar 2016,1.01808,1.02182

Week 1,29 Mar 2016,1.02077,1.02432
Week 2,05 Apr 2016,1.01915,1.02247
Week 3,12 Apr 2016,0.99501,0.99836
Week 4,19 Apr 2016,0.99527,0.99867

Week 1,26 Apr 2016,0.98054,0.98383
Week 2,03 May 2016,0.98772,0.99098
Week 3,10 May 2016,0.98036,0.98357
Week 4,17 May 2016,0.98049,0.98376

Week 1,24 May 2016,0.98179,0.98489
Week 2,31 May 2016,0.98533,0.98869
Week 3,07 Jun 2016,0.96907,0.97236
Week 4,14 Jun 2016,0.97153,0.97458

Week 1,21 Jun 2016,0.94936,0.95237
Week 2,28 Jun 2016,0.94899,0.95208
Week 3,05 Jul 2016,0.95119,0.95425
Week 4,12 Jul 2016,0.94689,0.94994

Week 1,19 Jul 2016,0.95113,0.95416
Week 2,26 Jul 2016,0.98372,0.98689
Week 3,02 Aug 2016,0.98790,0.99115
Week 4,09 Aug 2016,0.96739,0.97061

Week 1,16 Aug 2016,0.95274,0.95619
Week 2,23 Aug 2016,0.96186,0.96552
Week 3,30 Aug 2016,0.97310,0.97681
Week 4,06 Sep 2016,0.96731,0.97101

Week 1,13 Sep 2016,0.96826,0.97195
Week 2,20 Sep 2016,0.95907,0.96274
Week 3,27 Sep 2016,0.94971,0.95337
Week 4,04 Oct 2016,0.93511,0.93872

Week 1,11 Oct 2016,0.93868,0.94230
Week 2,18 Oct 2016,0.93528,0.93888
Week 3,25 Oct 2016,0.93626,0.93987
Week 4,01 Nov 2016,0.95365,0.95831

Week 1,08 Nov 2016,0.96382,0.96743
Week 2,15 Nov 2016,0.95649,0.95992
Week 3,22 Nov 2016,0.94127,0.94463
Week 4,29 Nov 2016,0.94052,0.94400

Week 1,06 Dec 2016,0.93415,0.93749
Week 2,13 Dec 2016,0.90860,0.91179
Week 3,20 Dec 2016,0.90070,0.90392
Week 4,27 Dec 2016,0.89366,0.89718

Week 1,03 Jan 2017,0.88377,0.88728
Week 2,10 Jan 2017,0.87490,0.87812
Week 3,17 Jan 2017,0.87295,0.87623
Week 4,24 Jan 2017,0.87465,0.87781

Week 1,31 Jan 2017,0.88232,0.88574
Week 2,07 Feb 2017,0.87600,0.87934
Week 3,14 Feb 2017,0.86096,0.86427
Week 4,21 Feb 2017,0.86710,0.87045

Week 1,28 Feb 2017,0.87214,0.87531
Week 2,07 Mar 2017,0.87908,0.88246
Week 3,14 Mar 2017,0.88475,0.88825
Week 4,21 Mar 2017,0.87553,0.87902

Week 1,28 Mar 2017,0.86972,0.87320
Week 2,04 Apr 2017,0.87362,0.87704
Week 3,11 Apr 2017,0.87622,0.87972
Week 4,18 Apr 2017,0.86889,0.87234

Week 1,25 Apr 2017,0.87910,0.88263
Week 2,02 May 2017,0.89475,0.89829
Week 3,09 May 2017,0.89280,0.89634
Week 4,16 May 2017,0.88195,0.88526

Week 1,23 May 2017,0.87363,0.87686
Week 2,30 May 2017,0.87695,0.88039
Week 3,06 Jun 2017,0.88181,0.88502
Week 4,13 Jun 2017,0.88984,0.89320

Week 1,20 Jun 2017,0.91846,0.92187
Week 2,27 Jun 2017,0.91354,0.91693
Week 3,04 Jul 2017,0.92380,0.92720
Week 4,11 Jul 2017,0.92747,0.93038

Week 1,18 Jul 2017,0.91753,0.92044
Week 2,25 Jul 2017,0.92686,0.93026
Week 3,01 Aug 2017,0.94078,0.94376
Week 4,08 Aug 2017,0.93537,0.93830

Week 1,15 Aug 2017,0.92487,0.92779
Week 2,22 Aug 2017,0.91918,0.92210
Week 3,29 Aug 2017,0.90785,0.91075
Week 4,05 Sep 2017,0.89511,0.89800

Week 1,12 Sep 2017,0.89668,0.89961
Week 2,19 Sep 2017,0.89268,0.89556
Week 3,26 Sep 2017,0.88110,0.88336
Week 4,03 Oct 2017,0.88337,0.88576

Week 1,10 Oct 2017,0.88467,0.88715
Week 2,17 Oct 2017,0.88135,0.88382
Week 3,24 Oct 2017,0.88768,0.89017
Week 4,31 Oct 2017,0.90241,0.90499

Week 1,07 Nov 2017,0.90607,0.90834
Week 2,14 Nov 2017,0.91122,0.91366
Week 3,21 Nov 2017,0.90524,0.90834
Week 4,28 Nov 2017,0.90741,0.90986

Week 1,05 Dec 2017,0.91237,0.91485


