IND->EUR

Week 1,15 Dec 1998,0.01995,0.01996
Week 2,22 Dec 1998,0.02015,0.02017
Week 3,29 Dec 1998,0.02010,0.02011
Week 4,05 Jan 1999,0.02017,0.02019

Week 1,12 Jan 1999,0.02027,0.02030
Week 2,19 Jan 1999,0.02029,0.02031
Week 3,26 Jan 1999,0.02057,0.02059
Week 4,02 Feb 1999,0.02084,0.02086

Week 1,09 Feb 1999,0.02086,0.02087
Week 2,16 Feb 1999,0.02116,0.02118
Week 3,23 Feb 1999,0.02129,0.02137
Week 4,02 Mar 1999,0.02164,0.02166

Week 1,09 Mar 1999,0.02158,0.02159
Week 2,16 Mar 1999,0.02158,0.02160
Week 3,23 Mar 1999,0.02176,0.02181
Week 4,30 Mar 1999,0.02187,0.02193

Week 1,06 Apr 1999,0.02169,0.02171
Week 2,13 Apr 1999,0.02177,0.02182
Week 3,20 Apr 1999,0.02199,0.02202
Week 4,27 Apr 1999,0.02201,0.02204

Week 1,04 May 1999,0.02181,0.02182
Week 2,11 May 1999,0.02190,0.02193
Week 3,18 May 1999,0.02203,0.02205
Week 4,25 May 1999,0.02222,0.02224

Week 1,01 Jun 1999,0.02252,0.02254
Week 2,08 Jun 1999,0.02221,0.02223
Week 3,15 Jun 1999,0.02234,0.02237
Week 4,22 Jun 1999,0.02222,0.02224

Week 1,29 Jun 1999,0.02241,0.02244
Week 2,06 Jul 1999,0.02262,0.02265
Week 3,13 Jul 1999,0.02269,0.02271
Week 4,20 Jul 1999,0.02199,0.02202

Week 1,27 Jul 1999,0.02161,0.02163
Week 2,03 Aug 1999,0.02149,0.02151
Week 3,10 Aug 1999,0.02165,0.02167
Week 4,17 Aug 1999,0.02167,0.02169

Week 1,24 Aug 1999,0.02193,0.02196
Week 2,31 Aug 1999,0.02166,0.02167
Week 3,07 Sep 1999,0.02191,0.02194
Week 4,14 Sep 1999,0.02208,0.02211

Week 1,21 Sep 1999,0.02195,0.02198
Week 2,28 Sep 1999,0.02153,0.02155
Week 3,05 Oct 1999,0.02153,0.02155
Week 4,12 Oct 1999,0.02129,0.02130

Week 1,19 Oct 1999,0.02141,0.02143
Week 2,26 Oct 1999,0.02180,0.02183
Week 3,02 Nov 1999,0.02204,0.02205
Week 4,09 Nov 1999,0.02222,0.02225

Week 1,16 Nov 1999,0.02228,0.02231
Week 2,23 Nov 1999,0.02261,0.02263
Week 3,30 Nov 1999,0.02288,0.02290
Week 4,07 Dec 1999,0.02260,0.02262

Week 1,14 Dec 1999,0.02275,0.02277
Week 2,21 Dec 1999,0.02271,0.02274
Week 3,28 Dec 1999,0.02282,0.02284
Week 4,04 Jan 2000,0.02231,0.02234

Week 1,11 Jan 2000,0.02246,0.02248
Week 2,18 Jan 2000,0.02267,0.02271
Week 3,25 Jan 2000,0.02316,0.02319
Week 4,01 Feb 2000,0.02339,0.02341

Week 1,08 Feb 2000,0.02322,0.02325
Week 2,15 Feb 2000,0.02328,0.02331
Week 3,22 Feb 2000,0.02322,0.02324
Week 4,29 Feb 2000,0.02376,0.02380

Week 1,07 Mar 2000,0.02383,0.02386
Week 2,14 Mar 2000,0.02364,0.02368
Week 3,21 Mar 2000,0.02359,0.02363
Week 4,28 Mar 2000,0.02393,0.02396

Week 1,04 Apr 2000,0.02391,0.02394
Week 2,11 Apr 2000,0.02386,0.02390
Week 3,18 Apr 2000,0.02428,0.02433
Week 4,25 Apr 2000,0.02493,0.02496

Week 1,02 May 2000,0.02544,0.02547
Week 2,09 May 2000,0.02504,0.02507
Week 3,16 May 2000,0.02528,0.02533
Week 4,23 May 2000,0.02462,0.02474

Week 1,30 May 2000,0.02410,0.02422
Week 2,06 Jun 2000,0.02367,0.02379
Week 3,13 Jun 2000,0.02327,0.02332
Week 4,20 Jun 2000,0.02371,0.02376

Week 1,27 Jun 2000,0.02358,0.02366
Week 2,04 Jul 2000,0.02354,0.02356
Week 3,11 Jul 2000,0.02372,0.02374
Week 4,18 Jul 2000,0.02387,0.02390

Week 1,25 Jul 2000,0.02393,0.02397
Week 2,01 Aug 2000,0.02418,0.02426
Week 3,08 Aug 2000,0.02415,0.02423
Week 4,15 Aug 2000,0.02394,0.02405

Week 1,22 Aug 2000,0.02418,0.02427
Week 2,29 Aug 2000,0.02431,0.02440
Week 3,05 Sep 2000,0.02494,0.02504
Week 4,12 Sep 2000,0.02546,0.02557

Week 1,19 Sep 2000,0.02507,0.02518
Week 2,26 Sep 2000,0.02465,0.02474
Week 3,03 Oct 2000,0.02475,0.02492
Week 4,10 Oct 2000,0.02499,0.02509

Week 1,17 Oct 2000,0.02550,0.02559
Week 2,24 Oct 2000,0.02563,0.02572
Week 3,31 Oct 2000,0.02490,0.02499
Week 4,07 Nov 2000,0.02484,0.02492

Week 1,14 Nov 2000,0.02501,0.02510
Week 2,21 Nov 2000,0.02534,0.02541
Week 3,28 Nov 2000,0.02456,0.02463
Week 4,05 Dec 2000,0.02409,0.02415

Week 1,12 Dec 2000,0.02408,0.02413
Week 2,19 Dec 2000,0.02344,0.02351
Week 3,26 Dec 2000,0.02289,0.02294
Week 4,02 Jan 2001,0.02254,0.02259

Week 1,09 Jan 2001,0.02259,0.02266
Week 2,16 Jan 2001,0.02292,0.02299
Week 3,23 Jan 2001,0.02319,0.02324
Week 4,30 Jan 2001,0.02308,0.02313

Week 1,06 Feb 2001,0.02320,0.02325
Week 2,13 Feb 2001,0.02340,0.02347
Week 3,20 Feb 2001,0.02342,0.02349
Week 4,27 Feb 2001,0.02314,0.02320

Week 1,06 Mar 2001,0.02304,0.02309
Week 2,13 Mar 2001,0.02363,0.02368
Week 3,20 Mar 2001,0.02391,0.02398
Week 4,27 Mar 2001,0.02424,0.02430

Week 1,03 Apr 2001,0.02389,0.02395
Week 2,10 Apr 2001,0.02401,0.02408
Week 3,17 Apr 2001,0.02384,0.02391
Week 4,24 Apr 2001,0.02384,0.02389

Week 1,01 May 2001,0.02393,0.02397
Week 2,08 May 2001,0.02421,0.02425
Week 3,15 May 2001,0.02417,0.02424
Week 4,22 May 2001,0.02465,0.02472

Week 1,29 May 2001,0.02497,0.02503
Week 2,05 Jun 2001,0.02501,0.02508
Week 3,12 Jun 2001,0.02480,0.02484
Week 4,19 Jun 2001,0.02481,0.02488

Week 1,26 Jun 2001,0.02488,0.02494
Week 2,03 Jul 2001,0.02506,0.02511
Week 3,10 Jul 2001,0.02479,0.02486
Week 4,17 Jul 2001,0.02443,0.02449

Week 1,24 Jul 2001,0.02419,0.02425
Week 2,31 Jul 2001,0.02407,0.02412
Week 3,07 Aug 2001,0.02388,0.02394
Week 4,14 Aug 2001,0.02327,0.02333

Week 1,21 Aug 2001,0.02318,0.02324
Week 2,28 Aug 2001,0.02324,0.02330
Week 3,04 Sep 2001,0.02352,0.02358
Week 4,11 Sep 2001,0.02302,0.02306

Week 1,18 Sep 2001,0.02260,0.02266
Week 2,25 Sep 2001,0.02278,0.02286
Week 3,02 Oct 2001,0.02268,0.02276
Week 4,09 Oct 2001,0.02278,0.02287

Week 1,16 Oct 2001,0.02301,0.02310
Week 2,23 Oct 2001,0.02329,0.02338
Week 3,30 Oct 2001,0.02303,0.02312
Week 4,06 Nov 2001,0.02324,0.02333

Week 1,13 Nov 2001,0.02351,0.02361
Week 2,20 Nov 2001,0.02367,0.02375
Week 3,27 Nov 2001,0.02337,0.02346
Week 4,04 Dec 2001,0.02340,0.02349

Week 1,11 Dec 2001,0.02324,0.02333
Week 2,18 Dec 2001,0.02331,0.02340
Week 3,25 Dec 2001,0.02352,0.02361
Week 4,01 Jan 2002,0.02309,0.02318

Week 1,08 Jan 2002,0.02319,0.02328
Week 2,15 Jan 2002,0.02337,0.02346
Week 3,22 Jan 2002,0.02364,0.02374
Week 4,29 Jan 2002,0.02396,0.02406

Week 1,05 Feb 2002,0.02355,0.02364
Week 2,12 Feb 2002,0.02344,0.02354
Week 3,19 Feb 2002,0.02349,0.02357
Week 4,26 Feb 2002,0.02363,0.02372

Week 1,05 Mar 2002,0.02343,0.02352
Week 2,12 Mar 2002,0.02330,0.02339
Week 3,19 Mar 2002,0.02325,0.02334
Week 4,26 Mar 2002,0.02342,0.02351

Week 1,02 Apr 2002,0.02323,0.02332
Week 2,09 Apr 2002,0.02320,0.02329
Week 3,16 Apr 2002,0.02297,0.02306
Week 4,23 Apr 2002,0.02274,0.02282

Week 1,30 Apr 2002,0.02240,0.02249
Week 2,07 May 2002,0.02233,0.02242
Week 3,14 May 2002,0.02227,0.02236
Week 4,21 May 2002,0.02208,0.02217

Week 1,28 May 2002,0.02186,0.02195
Week 2,04 Jun 2002,0.02160,0.02168
Week 3,11 Jun 2002,0.02154,0.02163
Week 4,18 Jun 2002,0.02122,0.02130

Week 1,25 Jun 2002,0.02073,0.02081
Week 2,02 Jul 2002,0.02085,0.02093
Week 3,09 Jul 2002,0.02064,0.02072
Week 4,16 Jul 2002,0.02026,0.02034

Week 1,23 Jul 2002,0.02063,0.02071
Week 2,30 Jul 2002,0.02084,0.02093
Week 3,06 Aug 2002,0.02111,0.02120
Week 4,13 Aug 2002,0.02090,0.02098

Week 1,20 Aug 2002,0.02108,0.02116
Week 2,27 Aug 2002,0.02099,0.02107
Week 3,03 Sep 2002,0.02083,0.02091
Week 4,10 Sep 2002,0.02112,0.02120

Week 1,17 Sep 2002,0.02105,0.02113
Week 2,24 Sep 2002,0.02108,0.02116
Week 3,01 Oct 2002,0.02098,0.02107
Week 4,08 Oct 2002,0.02094,0.02102

Week 1,15 Oct 2002,0.02114,0.02122
Week 2,22 Oct 2002,0.02113,0.02122
Week 3,29 Oct 2002,0.02082,0.02090
Week 4,05 Nov 2002,0.02050,0.02058

Week 1,12 Nov 2002,0.02050,0.02058
Week 2,19 Nov 2002,0.02069,0.02077
Week 3,26 Nov 2002,0.02085,0.02093
Week 4,03 Dec 2002,0.02062,0.02070

Week 1,10 Dec 2002,0.02037,0.02044
Week 2,17 Dec 2002,0.02018,0.02026
Week 3,24 Dec 2002,0.02006,0.02014
Week 4,31 Dec 2002,0.01990,0.01998

Week 1,07 Jan 2003,0.01979,0.01986
Week 2,14 Jan 2003,0.01964,0.01971
Week 3,21 Jan 2003,0.01934,0.01941
Week 4,28 Jan 2003,0.01931,0.01938

Week 1,04 Feb 2003,0.01934,0.01941
Week 2,11 Feb 2003,0.01939,0.01947
Week 3,18 Feb 2003,0.01945,0.01953
Week 4,25 Feb 2003,0.01939,0.01947

Week 1,04 Mar 2003,0.01910,0.01917
Week 2,11 Mar 2003,0.01925,0.01933
Week 3,18 Mar 2003,0.01977,0.01985
Week 4,25 Mar 2003,0.01956,0.01964

Week 1,01 Apr 2003,0.01949,0.01957
Week 2,08 Apr 2003,0.01959,0.01967
Week 3,15 Apr 2003,0.01939,0.01947
Week 4,22 Apr 2003,0.01918,0.01925

Week 1,29 Apr 2003,0.01887,0.01895
Week 2,06 May 2003,0.01846,0.01853
Week 3,13 May 2003,0.01836,0.01843
Week 4,20 May 2003,0.01811,0.01819

Week 1,27 May 2003,0.01799,0.01807
Week 2,03 Jun 2003,0.01814,0.01821
Week 3,10 Jun 2003,0.01811,0.01818
Week 4,17 Jun 2003,0.01833,0.01840

Week 1,24 Jun 2003,0.01871,0.01878
Week 2,01 Jul 2003,0.01870,0.01877
Week 3,08 Jul 2003,0.01908,0.01916
Week 4,15 Jul 2003,0.01922,0.01929

Week 1,22 Jul 2003,0.01887,0.01895
Week 2,29 Jul 2003,0.01908,0.01915
Week 3,05 Aug 2003,0.01911,0.01918
Week 4,12 Aug 2003,0.01927,0.01934

Week 1,19 Aug 2003,0.01982,0.01990
Week 2,26 Aug 2003,0.01993,0.02001
Week 3,02 Sep 2003,0.01982,0.01989
Week 4,09 Sep 2003,0.01943,0.01950

Week 1,16 Sep 2003,0.01924,0.01931
Week 2,23 Sep 2003,0.01898,0.01905
Week 3,30 Sep 2003,0.01884,0.01893
Week 4,07 Oct 2003,0.01869,0.01876

Week 1,14 Oct 2003,0.01883,0.01890
Week 2,21 Oct 2003,0.01876,0.01883
Week 3,28 Oct 2003,0.01892,0.01899
Week 4,04 Nov 2003,0.01921,0.01928

Week 1,11 Nov 2003,0.01885,0.01892
Week 2,18 Nov 2003,0.01839,0.01845
Week 3,25 Nov 2003,0.01826,0.01833
Week 4,02 Dec 2003,0.01809,0.01815

Week 1,09 Dec 2003,0.01790,0.01797
Week 2,16 Dec 2003,0.01774,0.01780
Week 3,23 Dec 2003,0.01764,0.01771
Week 4,30 Dec 2003,0.01743,0.01749

Week 1,06 Jan 2004,0.01720,0.01727
Week 2,13 Jan 2004,0.01752,0.01758
Week 3,20 Jan 2004,0.01749,0.01756
Week 4,27 Jan 2004,0.01765,0.01772

Week 1,03 Feb 2004,0.01753,0.01760
Week 2,10 Feb 2004,0.01731,0.01737
Week 3,17 Feb 2004,0.01745,0.01751
Week 4,24 Feb 2004,0.01762,0.01768

Week 1,02 Mar 2004,0.01792,0.01798
Week 2,09 Mar 2004,0.01796,0.01802
Week 3,16 Mar 2004,0.01798,0.01804
Week 4,23 Mar 2004,0.01831,0.01838

Week 1,30 Mar 2004,0.01872,0.01879
Week 2,06 Apr 2004,0.01893,0.01901
Week 3,13 Apr 2004,0.01901,0.01908
Week 4,20 Apr 2004,0.01907,0.01914

Week 1,27 Apr 2004,0.01888,0.01895
Week 2,04 May 2004,0.01865,0.01872
Week 3,11 May 2004,0.01856,0.01863
Week 4,18 May 2004,0.01839,0.01846

Week 1,25 May 2004,0.01809,0.01816
Week 2,01 Jun 2004,0.01802,0.01809
Week 3,08 Jun 2004,0.01828,0.01835
Week 4,15 Jun 2004,0.01814,0.01821

Week 1,22 Jun 2004,0.01794,0.01801
Week 2,29 Jun 2004,0.01782,0.01788
Week 3,06 Jul 2004,0.01763,0.01770
Week 4,13 Jul 2004,0.01751,0.01757

Week 1,20 Jul 2004,0.01769,0.01775
Week 2,27 Jul 2004,0.01788,0.01794
Week 3,03 Aug 2004,0.01774,0.01780
Week 4,10 Aug 2004,0.01754,0.01760

Week 1,17 Aug 2004,0.01748,0.01754
Week 2,24 Aug 2004,0.01787,0.01793
Week 3,31 Aug 2004,0.01780,0.01787
Week 4,07 Sep 2004,0.01770,0.01776

Week 1,14 Sep 2004,0.01785,0.01791
Week 2,21 Sep 2004,0.01774,0.01781
Week 3,28 Sep 2004,0.01756,0.01763
Week 4,05 Oct 2004,0.01766,0.01772

Week 1,12 Oct 2004,0.01756,0.01762
Week 2,19 Oct 2004,0.01731,0.01736
Week 3,26 Oct 2004,0.01719,0.01722
Week 4,02 Nov 2004,0.01718,0.01722

Week 1,09 Nov 2004,0.01712,0.01715
Week 2,16 Nov 2004,0.01706,0.01711
Week 3,23 Nov 2004,0.01681,0.01685
Week 4,30 Nov 2004,0.01689,0.01693

Week 1,07 Dec 2004,0.01701,0.01704
Week 2,14 Dec 2004,0.01707,0.01711
Week 3,21 Dec 2004,0.01696,0.01700
Week 4,28 Dec 2004,0.01686,0.01690

Week 1,04 Jan 2005,0.01732,0.01735
Week 2,11 Jan 2005,0.01741,0.01745
Week 3,18 Jan 2005,0.01755,0.01760
Week 4,25 Jan 2005,0.01754,0.01758

Week 1,01 Feb 2005,0.01775,0.01780
Week 2,08 Feb 2005,0.01782,0.01787
Week 3,15 Feb 2005,0.01751,0.01756
Week 4,22 Feb 2005,0.01731,0.01736

Week 1,01 Mar 2005,0.01732,0.01737
Week 2,08 Mar 2005,0.01711,0.01718
Week 3,15 Mar 2005,0.01716,0.01722
Week 4,22 Mar 2005,0.01755,0.01761

Week 1,29 Mar 2005,0.01770,0.01775
Week 2,05 Apr 2005,0.01771,0.01775
Week 3,12 Apr 2005,0.01770,0.01774
Week 4,19 Apr 2005,0.01748,0.01753

Week 1,26 Apr 2005,0.01773,0.01777
Week 2,03 May 2005,0.01784,0.01791
Week 3,10 May 2005,0.01808,0.01815
Week 4,17 May 2005,0.01823,0.01830

Week 1,24 May 2005,0.01825,0.01832
Week 2,31 May 2005,0.01863,0.01870
Week 3,07 Jun 2005,0.01880,0.01887
Week 4,14 Jun 2005,0.01882,0.01889

Week 1,21 Jun 2005,0.01894,0.01901
Week 2,28 Jun 2005,0.01906,0.01913
Week 3,05 Jul 2005,0.01918,0.01925
Week 4,12 Jul 2005,0.01898,0.01905

Week 1,19 Jul 2005,0.01902,0.01909
Week 2,26 Jul 2005,0.01900,0.01907
Week 3,02 Aug 2005,0.01867,0.01874
Week 4,09 Aug 2005,0.01847,0.01854

Week 1,16 Aug 2005,0.01874,0.01881
Week 2,23 Aug 2005,0.01864,0.01871
Week 3,30 Aug 2005,0.01831,0.01838
Week 4,06 Sep 2005,0.01832,0.01839

Week 1,13 Sep 2005,0.01858,0.01865
Week 2,20 Sep 2005,0.01879,0.01886
Week 3,27 Sep 2005,0.01886,0.01893
Week 4,04 Oct 2005,0.01874,0.01881

Week 1,11 Oct 2005,0.01849,0.01855
Week 2,18 Oct 2005,0.01850,0.01856
Week 3,25 Oct 2005,0.01836,0.01843
Week 4,01 Nov 2005,0.01847,0.01854

Week 1,08 Nov 2005,0.01861,0.01867
Week 2,15 Nov 2005,0.01861,0.01867
Week 3,22 Nov 2005,0.01854,0.01861
Week 4,29 Nov 2005,0.01846,0.01853

Week 1,06 Dec 2005,0.01837,0.01844
Week 2,13 Dec 2005,0.01834,0.01841
Week 3,20 Dec 2005,0.01855,0.01861
Week 4,27 Dec 2005,0.01866,0.01873

Week 1,03 Jan 2006,0.01857,0.01864
Week 2,10 Jan 2006,0.01868,0.01875
Week 3,17 Jan 2006,0.01864,0.01871
Week 4,24 Jan 2006,0.01855,0.01862

Week 1,31 Jan 2006,0.01873,0.01880
Week 2,07 Feb 2006,0.01891,0.01898
Week 3,14 Feb 2006,0.01893,0.01900
Week 4,21 Feb 2006,0.01888,0.01895

Week 1,28 Feb 2006,0.01886,0.01893
Week 2,07 Mar 2006,0.01886,0.01893
Week 3,14 Mar 2006,0.01863,0.01870
Week 4,21 Mar 2006,0.01860,0.01867

Week 1,28 Mar 2006,0.01854,0.01861
Week 2,04 Apr 2006,0.01842,0.01849
Week 3,11 Apr 2006,0.01832,0.01839
Week 4,18 Apr 2006,0.01798,0.01805

Week 1,25 Apr 2006,0.01777,0.01784
Week 2,02 May 2006,0.01757,0.01763
Week 3,09 May 2006,0.01735,0.01741
Week 4,16 May 2006,0.01719,0.01725

Week 1,23 May 2006,0.01708,0.01715
Week 2,30 May 2006,0.01689,0.01696
Week 3,06 Jun 2006,0.01706,0.01713
Week 4,13 Jun 2006,0.01725,0.01732

Week 1,20 Jun 2006,0.01727,0.01733
Week 2,27 Jun 2006,0.01709,0.01716
Week 3,04 Jul 2006,0.01698,0.01704
Week 4,11 Jul 2006,0.01700,0.01707

Week 1,18 Jul 2006,0.01694,0.01700
Week 2,25 Jul 2006,0.01684,0.01690
Week 3,01 Aug 2006,0.01675,0.01681
Week 4,08 Aug 2006,0.01677,0.01684

Week 1,15 Aug 2006,0.01678,0.01684
Week 2,22 Aug 2006,0.01678,0.01684
Week 3,29 Aug 2006,0.01673,0.01679
Week 4,05 Sep 2006,0.01693,0.01700

Week 1,12 Sep 2006,0.01706,0.01712
Week 2,19 Sep 2006,0.01705,0.01712
Week 3,26 Sep 2006,0.01712,0.01719
Week 4,03 Oct 2006,0.01725,0.01731

Week 1,10 Oct 2006,0.01747,0.01753
Week 2,17 Oct 2006,0.01753,0.01760
Week 3,24 Oct 2006,0.01745,0.01751
Week 4,31 Oct 2006,0.01745,0.01752

Week 1,07 Nov 2006,0.01744,0.01751
Week 2,14 Nov 2006,0.01731,0.01738
Week 3,21 Nov 2006,0.01724,0.01725
Week 4,28 Nov 2006,0.01691,0.01692

Week 1,05 Dec 2006,0.01688,0.01689
Week 2,12 Dec 2006,0.01698,0.01698
Week 3,19 Dec 2006,0.01703,0.01704
Week 4,26 Dec 2006,0.01716,0.01717

Week 1,02 Jan 2007,0.01720,0.01721
Week 2,09 Jan 2007,0.01736,0.01737
Week 3,16 Jan 2007,0.01746,0.01747
Week 4,23 Jan 2007,0.01745,0.01746

Week 1,30 Jan 2007,0.01746,0.01748
Week 2,06 Feb 2007,0.01746,0.01747
Week 3,13 Feb 2007,0.01734,0.01736
Week 4,20 Feb 2007,0.01720,0.01722

Week 1,27 Feb 2007,0.01712,0.01713
Week 2,06 Mar 2007,0.01716,0.01718
Week 3,13 Mar 2007,0.01709,0.01710
Week 4,20 Mar 2007,0.01717,0.01719

Week 1,27 Mar 2007,0.01732,0.01733
Week 2,03 Apr 2007,0.01742,0.01744
Week 3,10 Apr 2007,0.01738,0.01739
Week 4,17 Apr 2007,0.01755,0.01756

Week 1,24 Apr 2007,0.01784,0.01785
Week 2,01 May 2007,0.01790,0.01791
Week 3,08 May 2007,0.01796,0.01798
Week 4,15 May 2007,0.01812,0.01814

Week 1,22 May 2007,0.01830,0.01831
Week 2,29 May 2007,0.01832,0.01833
Week 3,05 Jun 2007,0.01820,0.01822
Week 4,12 Jun 2007,0.01832,0.01833

Week 1,19 Jun 2007,0.01827,0.01828
Week 2,26 Jun 2007,0.01816,0.01817
Week 3,03 Jul 2007,0.01814,0.01815
Week 4,10 Jul 2007,0.01801,0.01801

Week 1,17 Jul 2007,0.01795,0.01796
Week 2,24 Jul 2007,0.01802,0.01803
Week 3,31 Jul 2007,0.01805,0.01806
Week 4,07 Aug 2007,0.01794,0.01795

Week 1,14 Aug 2007,0.01810,0.01811
Week 2,21 Aug 2007,0.01795,0.01796
Week 3,28 Aug 2007,0.01787,0.01788
Week 4,04 Sep 2007,0.01791,0.01792

Week 1,11 Sep 2007,0.01782,0.01783
Week 2,18 Sep 2007,0.01780,0.01781
Week 3,25 Sep 2007,0.01774,0.01775
Week 4,02 Oct 2007,0.01782,0.01783

Week 1,09 Oct 2007,0.01795,0.01796
Week 2,16 Oct 2007,0.01773,0.01774
Week 3,23 Oct 2007,0.01766,0.01767
Week 4,30 Oct 2007,0.01753,0.01753

Week 1,06 Nov 2007,0.01740,0.01740
Week 2,13 Nov 2007,0.01736,0.01737
Week 3,20 Nov 2007,0.01709,0.01710
Week 4,27 Nov 2007,0.01705,0.01706

Week 1,04 Dec 2007,0.01728,0.01729
Week 2,11 Dec 2007,0.01740,0.01741
Week 3,18 Dec 2007,0.01757,0.01758
Week 4,25 Dec 2007,0.01743,0.01744

Week 1,01 Jan 2008,0.01727,0.01728
Week 2,08 Jan 2008,0.01727,0.01727
Week 3,15 Jan 2008,0.01729,0.01729
Week 4,22 Jan 2008,0.01732,0.01733

Week 1,29 Jan 2008,0.01716,0.01717
Week 2,05 Feb 2008,0.01729,0.01730
Week 3,12 Feb 2008,0.01725,0.01726
Week 4,19 Feb 2008,0.01696,0.01697

Week 1,26 Feb 2008,0.01664,0.01665
Week 2,04 Mar 2008,0.01618,0.01619
Week 3,11 Mar 2008,0.01592,0.01593
Week 4,18 Mar 2008,0.01585,0.01586

Week 1,25 Mar 2008,0.01591,0.01592
Week 2,01 Apr 2008,0.01591,0.01592
Week 3,08 Apr 2008,0.01586,0.01587
Week 4,15 Apr 2008,0.01580,0.01581

Week 1,22 Apr 2008,0.01582,0.01582
Week 2,29 Apr 2008,0.01590,0.01591
Week 3,06 May 2008,0.01565,0.01566
Week 4,13 May 2008,0.01520,0.01521

Week 1,20 May 2008,0.01489,0.01490
Week 2,27 May 2008,0.01499,0.01499
Week 3,03 Jun 2008,0.01503,0.01504
Week 4,10 Jun 2008,0.01505,0.01506

Week 1,17 Jun 2008,0.01499,0.01499
Week 2,24 Jun 2008,0.01489,0.01489
Week 3,01 Jul 2008,0.01469,0.01470
Week 4,08 Jul 2008,0.01466,0.01466

Week 1,15 Jul 2008,0.01471,0.01473
Week 2,22 Jul 2008,0.01498,0.01502
Week 3,29 Jul 2008,0.01509,0.01512
Week 4,05 Aug 2008,0.01548,0.01552

Week 1,12 Aug 2008,0.01573,0.01577
Week 2,19 Aug 2008,0.01555,0.01558
Week 3,26 Aug 2008,0.01548,0.01552
Week 4,02 Sep 2008,0.01558,0.01561

Week 1,09 Sep 2008,0.01560,0.01563
Week 2,16 Sep 2008,0.01512,0.01516
Week 3,23 Sep 2008,0.01471,0.01475
Week 4,30 Sep 2008,0.01506,0.01510

Week 1,07 Oct 2008,0.01499,0.01510
Week 2,14 Oct 2008,0.01482,0.01498
Week 3,21 Oct 2008,0.01498,0.01517
Week 4,28 Oct 2008,0.01503,0.01538

Week 1,04 Nov 2008,0.01597,0.01622
Week 2,11 Nov 2008,0.01594,0.01617
Week 3,18 Nov 2008,0.01563,0.01588
Week 4,25 Nov 2008,0.01541,0.01568

Week 1,02 Dec 2008,0.01563,0.01584
Week 2,09 Dec 2008,0.01540,0.01553
Week 3,16 Dec 2008,0.01465,0.01491
Week 4,23 Dec 2008,0.01437,0.01469

Week 1,30 Dec 2008,0.01433,0.01457
Week 2,06 Jan 2009,0.01481,0.01502
Week 3,13 Jan 2009,0.01515,0.01537
Week 4,20 Jan 2009,0.01546,0.01561

Week 1,27 Jan 2009,0.01552,0.01572
Week 2,03 Feb 2009,0.01578,0.01595
Week 3,10 Feb 2009,0.01579,0.01596
Week 4,17 Feb 2009,0.01571,0.01586

Week 1,24 Feb 2009,0.01543,0.01557
Week 2,03 Mar 2009,0.01523,0.01536
Week 3,10 Mar 2009,0.01490,0.01506
Week 4,17 Mar 2009,0.01437,0.01454

Week 1,24 Mar 2009,0.01434,0.01444
Week 2,31 Mar 2009,0.01460,0.01475
Week 3,07 Apr 2009,0.01489,0.01508
Week 4,14 Apr 2009,0.01511,0.01526

Week 1,21 Apr 2009,0.01514,0.01523
Week 2,28 Apr 2009,0.01499,0.01514
Week 3,05 May 2009,0.01500,0.01512
Week 4,12 May 2009,0.01475,0.01489

Week 1,19 May 2009,0.01517,0.01531
Week 2,26 May 2009,0.01497,0.01510
Week 3,02 Jun 2009,0.01494,0.01508
Week 4,09 Jun 2009,0.01485,0.01500

Week 1,16 Jun 2009,0.01478,0.01492
Week 2,23 Jun 2009,0.01458,0.01471
Week 3,30 Jun 2009,0.01470,0.01484
Week 4,07 Jul 2009,0.01456,0.01472

Week 1,14 Jul 2009,0.01448,0.01464
Week 2,21 Jul 2009,0.01446,0.01460
Week 3,28 Jul 2009,0.01452,0.01466
Week 4,04 Aug 2009,0.01454,0.01469

Week 1,11 Aug 2009,0.01453,0.01467
Week 2,18 Aug 2009,0.01436,0.01449
Week 3,25 Aug 2009,0.01426,0.01439
Week 4,01 Sep 2009,0.01424,0.01439

Week 1,08 Sep 2009,0.01409,0.01423
Week 2,15 Sep 2009,0.01397,0.01410
Week 3,22 Sep 2009,0.01400,0.01414
Week 4,29 Sep 2009,0.01418,0.01432

Week 1,06 Oct 2009,0.01444,0.01459
Week 2,13 Oct 2009,0.01445,0.01459
Week 3,20 Oct 2009,0.01432,0.01438
Week 4,27 Oct 2009,0.01432,0.01437

Week 1,03 Nov 2009,0.01433,0.01437
Week 2,10 Nov 2009,0.01438,0.01445
Week 3,17 Nov 2009,0.01441,0.01449
Week 4,24 Nov 2009,0.01430,0.01438

Week 1,01 Dec 2009,0.01433,0.01445
Week 2,08 Dec 2009,0.01454,0.01458
Week 3,15 Dec 2009,0.01471,0.01480
Week 4,22 Dec 2009,0.01483,0.01494

Week 1,29 Dec 2009,0.01489,0.01494
Week 2,05 Jan 2010,0.01510,0.01519
Week 3,12 Jan 2010,0.01513,0.01517
Week 4,19 Jan 2010,0.01526,0.01530

Week 1,26 Jan 2010,0.01536,0.01544
Week 2,02 Feb 2010,0.01552,0.01562
Week 3,09 Feb 2010,0.01564,0.01573
Week 4,16 Feb 2010,0.01586,0.01592

Week 1,23 Feb 2010,0.01593,0.01595
Week 2,02 Mar 2010,0.01606,0.01607
Week 3,09 Mar 2010,0.01606,0.01607
Week 4,16 Mar 2010,0.01613,0.01615

Week 1,23 Mar 2010,0.01643,0.01644
Week 2,30 Mar 2010,0.01650,0.01652
Week 3,06 Apr 2010,0.01676,0.01678
Week 4,13 Apr 2010,0.01653,0.01665

Week 1,20 Apr 2010,0.01677,0.01679
Week 2,27 Apr 2010,0.01687,0.01699
Week 3,04 May 2010,0.01711,0.01723
Week 4,11 May 2010,0.01757,0.01761

Week 1,18 May 2010,0.01731,0.01735
Week 2,25 May 2010,0.01728,0.01736
Week 3,01 Jun 2010,0.01752,0.01758
Week 4,08 Jun 2010,0.01765,0.01769

Week 1,15 Jun 2010,0.01748,0.01754
Week 2,22 Jun 2010,0.01747,0.01759
Week 3,29 Jun 2010,0.01726,0.01731
Week 4,06 Jul 2010,0.01685,0.01696

Week 1,13 Jul 2010,0.01665,0.01668
Week 2,20 Jul 2010,0.01643,0.01647
Week 3,27 Jul 2010,0.01644,0.01646
Week 4,03 Aug 2010,0.01634,0.01645

Week 1,10 Aug 2010,0.01652,0.01663
Week 2,17 Aug 2010,0.01675,0.01677
Week 3,24 Aug 2010,0.01675,0.01686
Week 4,31 Aug 2010,0.01666,0.01677

Week 1,07 Sep 2010,0.01678,0.01690
Week 2,14 Sep 2010,0.01652,0.01665
Week 3,21 Sep 2010,0.01640,0.01651
Week 4,28 Sep 2010,0.01629,0.01640

Week 1,05 Oct 2010,0.01617,0.01628
Week 2,12 Oct 2010,0.01605,0.01617
Week 3,19 Oct 2010,0.01607,0.01619
Week 4,26 Oct 2010,0.01607,0.01618

Week 1,02 Nov 2010,0.01594,0.01609
Week 2,09 Nov 2010,0.01611,0.01626
Week 3,16 Nov 2010,0.01603,0.01618
Week 4,23 Nov 2010,0.01622,0.01637

Week 1,30 Nov 2010,0.01656,0.01671
Week 2,07 Dec 2010,0.01645,0.01662
Week 3,14 Dec 2010,0.01633,0.01648
Week 4,21 Dec 2010,0.01657,0.01674

Week 1,28 Dec 2010,0.01651,0.01669
Week 2,04 Jan 2011,0.01661,0.01676
Week 3,11 Jan 2011,0.01651,0.01666
Week 4,18 Jan 2011,0.01603,0.01618

Week 1,25 Jan 2011,0.01580,0.01595
Week 2,01 Feb 2011,0.01582,0.01596
Week 3,08 Feb 2011,0.01600,0.01613
Week 4,15 Feb 2011,0.01610,0.01623

Week 1,22 Feb 2011,0.01595,0.01609
Week 2,01 Mar 2011,0.01592,0.01600
Week 3,08 Mar 2011,0.01566,0.01580
Week 4,15 Mar 2011,0.01545,0.01559

Week 1,22 Mar 2011,0.01548,0.01562
Week 2,29 Mar 2011,0.01556,0.01570
Week 3,05 Apr 2011,0.01555,0.01569
Week 4,12 Apr 2011,0.01537,0.01551

Week 1,19 Apr 2011,0.01535,0.01549
Week 2,26 Apr 2011,0.01511,0.01524
Week 3,03 May 2011,0.01517,0.01530
Week 4,10 May 2011,0.01551,0.01565

Week 1,17 May 2011,0.01551,0.01564
Week 2,24 May 2011,0.01550,0.01563
Week 3,31 May 2011,0.01530,0.01544
Week 4,07 Jun 2011,0.01510,0.01524

Week 1,14 Jun 2011,0.01532,0.01545
Week 2,21 Jun 2011,0.01533,0.01546
Week 3,28 Jun 2011,0.01528,0.01541
Week 4,05 Jul 2011,0.01548,0.01561

Week 1,12 Jul 2011,0.01572,0.01586
Week 2,19 Jul 2011,0.01561,0.01574
Week 3,26 Jul 2011,0.01558,0.01572
Week 4,02 Aug 2011,0.01561,0.01575

Week 1,09 Aug 2011,0.01539,0.01553
Week 2,16 Aug 2011,0.01514,0.01527
Week 3,23 Aug 2011,0.01498,0.01510
Week 4,30 Aug 2011,0.01511,0.01524

Week 1,06 Sep 2011,0.01542,0.01556
Week 2,13 Sep 2011,0.01513,0.01526
Week 3,20 Sep 2011,0.01482,0.01500
Week 4,27 Sep 2011,0.01480,0.01493

Week 1,04 Oct 2011,0.01502,0.01514
Week 2,11 Oct 2011,0.01463,0.01475
Week 3,18 Oct 2011,0.01441,0.01453
Week 4,25 Oct 2011,0.01432,0.01444

Week 1,01 Nov 2011,0.01457,0.01469
Week 2,08 Nov 2011,0.01450,0.01458
Week 3,15 Nov 2011,0.01438,0.01445
Week 4,22 Nov 2011,0.01419,0.01430

Week 1,29 Nov 2011,0.01436,0.01447
Week 2,06 Dec 2011,0.01433,0.01443
Week 3,13 Dec 2011,0.01404,0.01417
Week 4,20 Dec 2011,0.01411,0.01423

Week 1,27 Dec 2011,0.01410,0.01423
Week 2,03 Jan 2012,0.01439,0.01452
Week 3,10 Jan 2012,0.01487,0.01498
Week 4,17 Jan 2012,0.01511,0.01523

Week 1,24 Jan 2012,0.01509,0.01521
Week 2,31 Jan 2012,0.01528,0.01541
Week 3,07 Feb 2012,0.01517,0.01529
Week 4,14 Feb 2012,0.01524,0.01537

Week 1,21 Feb 2012,0.01511,0.01523
Week 2,28 Feb 2012,0.01510,0.01522
Week 3,06 Mar 2012,0.01509,0.01522
Week 4,13 Mar 2012,0.01490,0.01504

Week 1,20 Mar 2012,0.01452,0.01467
Week 2,27 Mar 2012,0.01436,0.01450
Week 3,03 Apr 2012,0.01458,0.01471
Week 4,10 Apr 2012,0.01456,0.01468

Week 1,17 Apr 2012,0.01442,0.01453
Week 2,24 Apr 2012,0.01417,0.01428
Week 3,01 May 2012,0.01411,0.01422
Week 4,08 May 2012,0.01426,0.01438

Week 1,15 May 2012,0.01425,0.01437
Week 2,22 May 2012,0.01414,0.01425
Week 3,29 May 2012,0.01430,0.01441
Week 4,05 Jun 2012,0.01436,0.01448

Week 1,12 Jun 2012,0.01423,0.01434
Week 2,19 Jun 2012,0.01398,0.01408
Week 3,26 Jun 2012,0.01407,0.01417
Week 4,03 Jul 2012,0.01451,0.01456

Week 1,10 Jul 2012,0.01475,0.01480
Week 2,17 Jul 2012,0.01482,0.01488
Week 3,24 Jul 2012,0.01470,0.01475
Week 4,31 Jul 2012,0.01462,0.01467

Week 1,07 Aug 2012,0.01467,0.01472
Week 2,14 Aug 2012,0.01456,0.01461
Week 3,21 Aug 2012,0.01446,0.01450
Week 4,28 Aug 2012,0.01433,0.01438

Week 1,04 Sep 2012,0.01422,0.01427
Week 2,11 Sep 2012,0.01409,0.01413
Week 3,18 Sep 2012,0.01431,0.01436
Week 4,25 Sep 2012,0.01464,0.01469

Week 1,02 Oct 2012,0.01482,0.01487
Week 2,09 Oct 2012,0.01467,0.01472
Week 3,16 Oct 2012,0.01438,0.01443
Week 4,23 Oct 2012,0.01433,0.01438

Week 1,30 Oct 2012,0.01436,0.01440
Week 2,06 Nov 2012,0.01438,0.01442
Week 3,13 Nov 2012,0.01426,0.01430
Week 4,20 Nov 2012,0.01406,0.01411

Week 1,27 Nov 2012,0.01400,0.01404
Week 2,04 Dec 2012,0.01411,0.01416
Week 3,11 Dec 2012,0.01407,0.01411
Week 4,18 Dec 2012,0.01377,0.01381

Week 1,25 Dec 2012,0.01375,0.01379
Week 2,01 Jan 2013,0.01390,0.01394
Week 3,08 Jan 2013,0.01380,0.01384
Week 4,15 Jan 2013,0.01382,0.01386

Week 1,22 Jan 2013,0.01390,0.01395
Week 2,29 Jan 2013,0.01380,0.01384
Week 3,05 Feb 2013,0.01388,0.01392
Week 4,12 Feb 2013,0.01380,0.01385

Week 1,19 Feb 2013,0.01385,0.01389
Week 2,26 Feb 2013,0.01401,0.01405
Week 3,05 Mar 2013,0.01402,0.01407
Week 4,12 Mar 2013,0.01414,0.01419

Week 1,19 Mar 2013,0.01420,0.01424
Week 2,26 Mar 2013,0.01429,0.01434
Week 3,02 Apr 2013,0.01418,0.01422
Week 4,09 Apr 2013,0.01402,0.01406

Week 1,16 Apr 2013,0.01415,0.01420
Week 2,23 Apr 2013,0.01417,0.01421
Week 3,30 Apr 2013,0.01420,0.01424
Week 4,07 May 2013,0.01410,0.01415

Week 1,14 May 2013,0.01413,0.01418
Week 2,21 May 2013,0.01395,0.01397
Week 3,28 May 2013,0.01370,0.01372
Week 4,04 Jun 2013,0.01337,0.01339

Week 1,11 Jun 2013,0.01297,0.01299
Week 2,18 Jun 2013,0.01275,0.01277
Week 3,25 Jun 2013,0.01279,0.01281
Week 4,02 Jul 2013,0.01282,0.01284

Week 1,09 Jul 2013,0.01282,0.01285
Week 2,16 Jul 2013,0.01279,0.01282
Week 3,23 Jul 2013,0.01273,0.01275
Week 4,30 Jul 2013,0.01241,0.01243

Week 1,06 Aug 2013,0.01229,0.01231
Week 2,13 Aug 2013,0.01215,0.01217
Week 3,20 Aug 2013,0.01164,0.01166
Week 4,27 Aug 2013,0.01126,0.01131

Week 1,03 Sep 2013,0.01145,0.01150
Week 2,10 Sep 2013,0.01180,0.01185
Week 3,17 Sep 2013,0.01186,0.01192
Week 4,24 Sep 2013,0.01183,0.01187

Week 1,01 Oct 2013,0.01191,0.01195
Week 2,08 Oct 2013,0.01206,0.01209
Week 3,15 Oct 2013,0.01202,0.01206
Week 4,22 Oct 2013,0.01186,0.01189

Week 1,29 Oct 2013,0.01190,0.01193
Week 2,05 Nov 2013,0.01188,0.01192
Week 3,12 Nov 2013,0.01175,0.01178
Week 4,19 Nov 2013,0.01183,0.01186

Week 1,26 Nov 2013,0.01182,0.01185
Week 2,03 Dec 2013,0.01189,0.01192
Week 3,10 Dec 2013,0.01180,0.01183
Week 4,17 Dec 2013,0.01177,0.01180

Week 1,24 Dec 2013,0.01178,0.01182
Week 2,31 Dec 2013,0.01177,0.01180
Week 3,07 Jan 2014,0.01187,0.01189
Week 4,14 Jan 2014,0.01197,0.01200

Week 1,21 Jan 2014,0.01183,0.01186
Week 2,28 Jan 2014,0.01173,0.01176
Week 3,04 Feb 2014,0.01183,0.01186
Week 4,11 Feb 2014,0.01181,0.01184

Week 1,18 Feb 2014,0.01174,0.01178
Week 2,25 Feb 2014,0.01174,0.01177
Week 3,04 Mar 2014,0.01178,0.01181
Week 4,11 Mar 2014,0.01175,0.01179

Week 1,18 Mar 2014,0.01180,0.01183
Week 2,25 Mar 2014,0.01205,0.01208
Week 3,01 Apr 2014,0.01212,0.01215
Week 4,08 Apr 2014,0.01197,0.01201

Week 1,15 Apr 2014,0.01197,0.01201
Week 2,22 Apr 2014,0.01188,0.01191
Week 3,29 Apr 2014,0.01196,0.01200
Week 4,06 May 2014,0.01204,0.01207

Week 1,13 May 2014,0.01233,0.01236
Week 2,20 May 2014,0.01251,0.01255
Week 3,27 May 2014,0.01244,0.01248
Week 4,03 Jun 2014,0.01241,0.01244

Week 1,10 Jun 2014,0.01241,0.01245
Week 2,17 Jun 2014,0.01223,0.01226
Week 3,24 Jun 2014,0.01220,0.01223
Week 4,01 Jul 2014,0.01226,0.01228

Week 1,08 Jul 2014,0.01226,0.01228
Week 2,15 Jul 2014,0.01226,0.01229
Week 3,22 Jul 2014,0.01236,0.01240
Week 4,29 Jul 2014,0.01231,0.01234

Week 1,05 Aug 2014,0.01219,0.01221
Week 2,12 Aug 2014,0.01223,0.01226
Week 3,19 Aug 2014,0.01240,0.01243
Week 4,26 Aug 2014,0.01254,0.01256

Week 1,02 Sep 2014,0.01268,0.01271
Week 2,09 Sep 2014,0.01271,0.01273
Week 3,16 Sep 2014,0.01272,0.01274
Week 4,23 Sep 2014,0.01280,0.01283

Week 1,30 Sep 2014,0.01285,0.01288
Week 2,07 Oct 2014,0.01289,0.01292
Week 3,14 Oct 2014,0.01278,0.01281
Week 4,21 Oct 2014,0.01288,0.01291

Week 1,28 Oct 2014,0.01292,0.01295
Week 2,04 Nov 2014,0.01306,0.01309
Week 3,11 Nov 2014,0.01302,0.01305
Week 4,18 Nov 2014,0.01297,0.01300

Week 1,25 Nov 2014,0.01296,0.01298
Week 2,02 Dec 2014,0.01306,0.01309
Week 3,09 Dec 2014,0.01294,0.01297
Week 4,16 Dec 2014,0.01275,0.01278

Week 1,23 Dec 2014,0.01287,0.01290
Week 2,30 Dec 2014,0.01302,0.01305
Week 3,06 Jan 2015,0.01340,0.01343
Week 4,13 Jan 2015,0.01379,0.01382

Week 1,20 Jan 2015,0.01420,0.01424
Week 2,27 Jan 2015,0.01434,0.01437
Week 3,03 Feb 2015,0.01420,0.01423
Week 4,10 Feb 2015,0.01414,0.01418

Week 1,17 Feb 2015,0.01411,0.01414
Week 2,24 Feb 2015,0.01431,0.01435
Week 3,03 Mar 2015,0.01454,0.01458
Week 4,10 Mar 2015,0.01498,0.01501

Week 1,17 Mar 2015,0.01494,0.01497
Week 2,24 Mar 2015,0.01464,0.01467
Week 3,31 Mar 2015,0.01476,0.01481
Week 4,07 Apr 2015,0.01492,0.01497

Week 1,14 Apr 2015,0.01496,0.01501
Week 2,21 Apr 2015,0.01463,0.01467
Week 3,28 Apr 2015,0.01417,0.01422
Week 4,05 May 2015,0.01396,0.01401

Week 1,12 May 2015,0.01382,0.01386
Week 2,19 May 2015,0.01408,0.01413
Week 3,26 May 2015,0.01429,0.01433
Week 4,02 Jun 2015,0.01404,0.01409

Week 1,09 Jun 2015,0.01386,0.01390
Week 2,16 Jun 2015,0.01384,0.01388
Week 3,23 Jun 2015,0.01401,0.01406
Week 4,30 Jun 2015,0.01417,0.01422

Week 1,07 Jul 2015,0.01423,0.01428
Week 2,14 Jul 2015,0.01442,0.01447
Week 3,21 Jul 2015,0.01433,0.01438
Week 4,28 Jul 2015,0.01417,0.01421

Week 1,04 Aug 2015,0.01431,0.01436
Week 2,11 Aug 2015,0.01392,0.01396
Week 3,18 Aug 2015,0.01358,0.01362
Week 4,25 Aug 2015,0.01329,0.01333

Week 1,01 Sep 2015,0.01343,0.01347
Week 2,08 Sep 2015,0.01336,0.01340
Week 3,15 Sep 2015,0.01334,0.01338
Week 4,22 Sep 2015,0.01350,0.01354

Week 1,29 Sep 2015,0.01356,0.01361
Week 2,06 Oct 2015,0.01363,0.01367
Week 3,13 Oct 2015,0.01354,0.01358
Week 4,20 Oct 2015,0.01373,0.01377

Week 1,27 Oct 2015,0.01391,0.01395
Week 2,03 Nov 2015,0.01397,0.01400
Week 3,10 Nov 2015,0.01403,0.01408
Week 4,17 Nov 2015,0.01417,0.01421

Week 1,24 Nov 2015,0.01414,0.01418
Week 2,01 Dec 2015,0.01397,0.01401
Week 3,08 Dec 2015,0.01365,0.01369
Week 4,15 Dec 2015,0.01377,0.01381

Week 1,22 Dec 2015,0.01384,0.01387
Week 2,29 Dec 2015,0.01384,0.01387
Week 3,05 Jan 2016,0.01380,0.01384
Week 4,12 Jan 2016,0.01364,0.01368

Week 1,19 Jan 2016,0.01359,0.01363
Week 2,26 Jan 2016,0.01356,0.01359
Week 3,02 Feb 2016,0.01333,0.01337
Week 4,09 Feb 2016,0.01304,0.01308

Week 1,16 Feb 2016,0.01308,0.01312
Week 2,23 Feb 2016,0.01322,0.01326
Week 3,01 Mar 2016,0.01353,0.01357
Week 4,08 Mar 2016,0.01344,0.01348

Week 1,15 Mar 2016,0.01333,0.01337
Week 2,22 Mar 2016,0.01335,0.01339
Week 3,29 Mar 2016,0.01330,0.01334
Week 4,05 Apr 2016,0.01319,0.01323

Week 1,12 Apr 2016,0.01326,0.01330
Week 2,19 Apr 2016,0.01330,0.01334
Week 3,26 Apr 2016,0.01321,0.01326
Week 4,03 May 2016,0.01309,0.01313

Week 1,10 May 2016,0.01316,0.01320
Week 2,17 May 2016,0.01320,0.01324
Week 3,24 May 2016,0.01330,0.01334
Week 4,31 May 2016,0.01326,0.01329

Week 1,07 Jun 2016,0.01320,0.01324
Week 2,14 Jun 2016,0.01321,0.01325
Week 3,21 Jun 2016,0.01312,0.01316
Week 4,28 Jun 2016,0.01331,0.01336

Week 1,05 Jul 2016,0.01339,0.01343
Week 2,12 Jul 2016,0.01346,0.01350
Week 3,19 Jul 2016,0.01350,0.01354
Week 4,26 Jul 2016,0.01345,0.01349

Week 1,02 Aug 2016,0.01342,0.01346
Week 2,09 Aug 2016,0.01342,0.01346
Week 3,16 Aug 2016,0.01321,0.01326
Week 4,23 Aug 2016,0.01320,0.01324

Week 1,30 Aug 2016,0.01336,0.01340
Week 2,06 Sep 2016,0.01335,0.01339
Week 3,13 Sep 2016,0.01329,0.01333
Week 4,20 Sep 2016,0.01333,0.01338

Week 1,27 Sep 2016,0.01335,0.01339
Week 2,04 Oct 2016,0.01340,0.01344
Week 3,11 Oct 2016,0.01356,0.01360
Week 4,18 Oct 2016,0.01367,0.01371

Week 1,25 Oct 2016,0.01368,0.01373
Week 2,01 Nov 2016,0.01351,0.01356
Week 3,08 Nov 2016,0.01361,0.01365
Week 4,15 Nov 2016,0.01377,0.01381

Week 1,22 Nov 2016,0.01378,0.01382
Week 2,29 Nov 2016,0.01375,0.01379
Week 3,06 Dec 2016,0.01388,0.01392
Week 4,13 Dec 2016,0.01403,0.01407

Week 1,20 Dec 2016,0.01410,0.01414
Week 2,27 Dec 2016,0.01401,0.01406
Week 3,03 Jan 2017,0.01397,0.01401
Week 4,10 Jan 2017,0.01381,0.01386

Week 1,17 Jan 2017,0.01375,0.01379
Week 2,24 Jan 2017,0.01367,0.01372
Week 3,31 Jan 2017,0.01376,0.01380
Week 4,07 Feb 2017,0.01396,0.01400

Week 1,14 Feb 2017,0.01404,0.01408
Week 2,21 Feb 2017,0.01413,0.01418
Week 3,28 Feb 2017,0.01415,0.01419
Week 4,07 Mar 2017,0.01412,0.01417

Week 1,14 Mar 2017,0.01421,0.01425
Week 2,21 Mar 2017,0.01416,0.01421
Week 3,28 Mar 2017,0.01432,0.01436
Week 4,04 Apr 2017,0.01451,0.01455

Week 1,11 Apr 2017,0.01457,0.01462
Week 2,18 Apr 2017,0.01443,0.01447
Week 3,25 Apr 2017,0.01426,0.01430
Week 4,02 May 2017,0.01419,0.01424

Week 1,09 May 2017,0.01422,0.01426
Week 2,16 May 2017,0.01396,0.01400
Week 3,23 May 2017,0.01380,0.01384
Week 4,30 May 2017,0.01381,0.01385

Week 1,06 Jun 2017,0.01382,0.01386
Week 2,13 Jun 2017,0.01385,0.01388
Week 3,20 Jun 2017,0.01385,0.01389
Week 4,27 Jun 2017,0.01362,0.01366

Week 1,04 Jul 2017,0.01355,0.01359
Week 2,11 Jul 2017,0.01356,0.01359
Week 3,18 Jul 2017,0.01340,0.01343
Week 4,25 Jul 2017,0.01329,0.01332

Week 1,01 Aug 2017,0.01325,0.01328
Week 2,08 Aug 2017,0.01325,0.01328
Week 3,15 Aug 2017,0.01325,0.01328
Week 4,22 Aug 2017,0.01319,0.01321

Week 1,29 Aug 2017,0.01312,0.01315
Week 2,05 Sep 2017,0.01304,0.01306
Week 3,12 Sep 2017,0.01305,0.01308
Week 4,19 Sep 2017,0.01293,0.01295

Week 1,26 Sep 2017,0.01293,0.01295
Week 2,03 Oct 2017,0.01300,0.01302
Week 3,10 Oct 2017,0.01299,0.01301
Week 4,17 Oct 2017,0.01303,0.01305

Week 1,24 Oct 2017,0.01313,0.01316
Week 2,31 Oct 2017,0.01327,0.01329
Week 3,07 Nov 2017,0.01319,0.01321
Week 4,14 Nov 2017,0.01302,0.01304

Week 1,21 Nov 2017,0.01304,0.01307
Week 2,28 Nov 2017,0.01303,0.01306
Week 3,05 Dec 2017,0.01310,0.01312


