JPY->AUD

Week 1,01 Dec 1998,0.01332,0.01334
Week 2,08 Dec 1998,0.01375,0.01377
Week 3,15 Dec 1998,0.01386,0.01389
Week 4,22 Dec 1998,0.01404,0.01407

Week 1,29 Dec 1998,0.01429,0.01431
Week 2,05 Jan 1999,0.01425,0.01427
Week 3,12 Jan 1999,0.01388,0.01389
Week 4,19 Jan 1999,0.01377,0.01379

Week 1,26 Jan 1999,0.01374,0.01376
Week 2,02 Feb 1999,0.01366,0.01368
Week 3,09 Feb 1999,0.01350,0.01352
Week 4,16 Feb 1999,0.01306,0.01307

Week 1,23 Feb 1999,0.01330,0.01331
Week 2,02 Mar 1999,0.01308,0.01310
Week 3,09 Mar 1999,0.01314,0.01316
Week 4,16 Mar 1999,0.01349,0.01351

Week 1,23 Mar 1999,0.01324,0.01326
Week 2,30 Mar 1999,0.01312,0.01313
Week 3,06 Apr 1999,0.01313,0.01314
Week 4,13 Apr 1999,0.01311,0.01313

Week 1,20 Apr 1999,0.01290,0.01291
Week 2,27 Apr 1999,0.01273,0.01275
Week 3,04 May 1999,0.01240,0.01241
Week 4,11 May 1999,0.01229,0.01230

Week 1,18 May 1999,0.01219,0.01220
Week 2,25 May 1999,0.01259,0.01260
Week 3,01 Jun 1999,0.01262,0.01264
Week 4,08 Jun 1999,0.01266,0.01267

Week 1,15 Jun 1999,0.01263,0.01265
Week 2,22 Jun 1999,0.01247,0.01249
Week 3,29 Jun 1999,0.01240,0.01242
Week 4,06 Jul 1999,0.01228,0.01230

Week 1,13 Jul 1999,0.01253,0.01254
Week 2,20 Jul 1999,0.01313,0.01315
Week 3,27 Jul 1999,0.01336,0.01338
Week 4,03 Aug 1999,0.01330,0.01332

Week 1,10 Aug 1999,0.01331,0.01332
Week 2,17 Aug 1999,0.01394,0.01396
Week 3,24 Aug 1999,0.01418,0.01420
Week 4,31 Aug 1999,0.01418,0.01420

Week 1,07 Sep 1999,0.01406,0.01408
Week 2,14 Sep 1999,0.01448,0.01450
Week 3,21 Sep 1999,0.01468,0.01470
Week 4,28 Sep 1999,0.01442,0.01444

Week 1,05 Oct 1999,0.01416,0.01418
Week 2,12 Oct 1999,0.01451,0.01453
Week 3,19 Oct 1999,0.01455,0.01457
Week 4,26 Oct 1999,0.01488,0.01491

Week 1,02 Nov 1999,0.01486,0.01489
Week 2,09 Nov 1999,0.01480,0.01482
Week 3,16 Nov 1999,0.01475,0.01477
Week 4,23 Nov 1999,0.01520,0.01522

Week 1,30 Nov 1999,0.01537,0.01539
Week 2,07 Dec 1999,0.01530,0.01533
Week 3,14 Dec 1999,0.01513,0.01515
Week 4,21 Dec 1999,0.01515,0.01517

Week 1,28 Dec 1999,0.01499,0.01501
Week 2,04 Jan 2000,0.01461,0.01463
Week 3,11 Jan 2000,0.01426,0.01428
Week 4,18 Jan 2000,0.01433,0.01435

Week 1,25 Jan 2000,0.01450,0.01452
Week 2,01 Feb 2000,0.01463,0.01465
Week 3,08 Feb 2000,0.01450,0.01452
Week 4,15 Feb 2000,0.01441,0.01443

Week 1,22 Feb 2000,0.01453,0.01455
Week 2,29 Feb 2000,0.01512,0.01514
Week 3,07 Mar 2000,0.01534,0.01536
Week 4,14 Mar 2000,0.01544,0.01546

Week 1,21 Mar 2000,0.01539,0.01541
Week 2,28 Mar 2000,0.01566,0.01568
Week 3,04 Apr 2000,0.01576,0.01579
Week 4,11 Apr 2000,0.01583,0.01586

Week 1,18 Apr 2000,0.01601,0.01603
Week 2,25 Apr 2000,0.01588,0.01590
Week 3,02 May 2000,0.01556,0.01559
Week 4,09 May 2000,0.01578,0.01581

Week 1,16 May 2000,0.01610,0.01613
Week 2,23 May 2000,0.01630,0.01632
Week 3,30 May 2000,0.01610,0.01613
Week 4,06 Jun 2000,0.01596,0.01599

Week 1,13 Jun 2000,0.01559,0.01561
Week 2,20 Jun 2000,0.01590,0.01593
Week 3,27 Jun 2000,0.01578,0.01580
Week 4,04 Jul 2000,0.01573,0.01575

Week 1,11 Jul 2000,0.01581,0.01583
Week 2,18 Jul 2000,0.01578,0.01581
Week 3,25 Jul 2000,0.01554,0.01556
Week 4,01 Aug 2000,0.01574,0.01577

Week 1,08 Aug 2000,0.01583,0.01586
Week 2,15 Aug 2000,0.01562,0.01564
Week 3,22 Aug 2000,0.01613,0.01616
Week 4,29 Aug 2000,0.01636,0.01638

Week 1,05 Sep 2000,0.01678,0.01681
Week 2,12 Sep 2000,0.01693,0.01696
Week 3,19 Sep 2000,0.01707,0.01709
Week 4,26 Sep 2000,0.01696,0.01699

Week 1,03 Oct 2000,0.01704,0.01707
Week 2,10 Oct 2000,0.01739,0.01742
Week 3,17 Oct 2000,0.01756,0.01759
Week 4,24 Oct 2000,0.01763,0.01766

Week 1,31 Oct 2000,0.01764,0.01767
Week 2,07 Nov 2000,0.01770,0.01773
Week 3,14 Nov 2000,0.01769,0.01773
Week 4,21 Nov 2000,0.01738,0.01741

Week 1,28 Nov 2000,0.01701,0.01704
Week 2,05 Dec 2000,0.01652,0.01654
Week 3,12 Dec 2000,0.01641,0.01643
Week 4,19 Dec 2000,0.01607,0.01609

Week 1,26 Dec 2000,0.01572,0.01574
Week 2,02 Jan 2001,0.01529,0.01531
Week 3,09 Jan 2001,0.01523,0.01525
Week 4,16 Jan 2001,0.01525,0.01527

Week 1,23 Jan 2001,0.01560,0.01563
Week 2,30 Jan 2001,0.01565,0.01568
Week 3,06 Feb 2001,0.01585,0.01588
Week 4,13 Feb 2001,0.01621,0.01624

Week 1,20 Feb 2001,0.01640,0.01643
Week 2,27 Feb 2001,0.01607,0.01610
Week 3,06 Mar 2001,0.01632,0.01635
Week 4,13 Mar 2001,0.01647,0.01650

Week 1,20 Mar 2001,0.01638,0.01640
Week 2,27 Mar 2001,0.01634,0.01636
Week 3,03 Apr 2001,0.01629,0.01632
Week 4,10 Apr 2001,0.01595,0.01597

Week 1,17 Apr 2001,0.01591,0.01593
Week 2,24 Apr 2001,0.01599,0.01601
Week 3,01 May 2001,0.01582,0.01584
Week 4,08 May 2001,0.01570,0.01573

Week 1,15 May 2001,0.01546,0.01548
Week 2,22 May 2001,0.01586,0.01589
Week 3,29 May 2001,0.01630,0.01633
Week 4,05 Jun 2001,0.01605,0.01607

Week 1,12 Jun 2001,0.01553,0.01555
Week 2,19 Jun 2001,0.01555,0.01557
Week 3,26 Jun 2001,0.01567,0.01569
Week 4,03 Jul 2001,0.01557,0.01560

Week 1,10 Jul 2001,0.01578,0.01580
Week 2,17 Jul 2001,0.01585,0.01587
Week 3,24 Jul 2001,0.01590,0.01593
Week 4,31 Jul 2001,0.01560,0.01562

Week 1,07 Aug 2001,0.01577,0.01580
Week 2,14 Aug 2001,0.01565,0.01567
Week 3,21 Aug 2001,0.01562,0.01564
Week 4,28 Aug 2001,0.01580,0.01582

Week 1,04 Sep 2001,0.01595,0.01597
Week 2,11 Sep 2001,0.01633,0.01635
Week 3,18 Sep 2001,0.01737,0.01739
Week 4,25 Sep 2001,0.01714,0.01717

Week 1,02 Oct 2001,0.01656,0.01659
Week 2,09 Oct 2001,0.01640,0.01643
Week 3,16 Oct 2001,0.01615,0.01618
Week 4,23 Oct 2001,0.01611,0.01614

Week 1,30 Oct 2001,0.01618,0.01620
Week 2,06 Nov 2001,0.01613,0.01616
Week 3,13 Nov 2001,0.01571,0.01574
Week 4,20 Nov 2001,0.01559,0.01562

Week 1,27 Nov 2001,0.01552,0.01555
Week 2,04 Dec 2001,0.01552,0.01554
Week 3,11 Dec 2001,0.01523,0.01525
Week 4,18 Dec 2001,0.01522,0.01524

Week 1,25 Dec 2001,0.01500,0.01502
Week 2,01 Jan 2002,0.01474,0.01476
Week 3,08 Jan 2002,0.01449,0.01451
Week 4,15 Jan 2002,0.01466,0.01468

Week 1,22 Jan 2002,0.01438,0.01440
Week 2,29 Jan 2002,0.01470,0.01472
Week 3,05 Feb 2002,0.01463,0.01466
Week 4,12 Feb 2002,0.01464,0.01466

Week 1,19 Feb 2002,0.01449,0.01451
Week 2,26 Feb 2002,0.01445,0.01447
Week 3,05 Mar 2002,0.01475,0.01477
Week 4,12 Mar 2002,0.01479,0.01482

Week 1,19 Mar 2002,0.01427,0.01430
Week 2,26 Mar 2002,0.01416,0.01418
Week 3,02 Apr 2002,0.01419,0.01421
Week 4,09 Apr 2002,0.01428,0.01430

Week 1,16 Apr 2002,0.01422,0.01424
Week 2,23 Apr 2002,0.01429,0.01431
Week 3,30 Apr 2002,0.01454,0.01456
Week 4,07 May 2002,0.01441,0.01443

Week 1,14 May 2002,0.01429,0.01431
Week 2,21 May 2002,0.01439,0.01441
Week 3,28 May 2002,0.01426,0.01428
Week 4,04 Jun 2002,0.01405,0.01407

Week 1,11 Jun 2002,0.01416,0.01418
Week 2,18 Jun 2002,0.01428,0.01430
Week 3,25 Jun 2002,0.01471,0.01473
Week 4,02 Jul 2002,0.01489,0.01491

Week 1,09 Jul 2002,0.01515,0.01517
Week 2,16 Jul 2002,0.01547,0.01549
Week 3,23 Jul 2002,0.01574,0.01576
Week 4,30 Jul 2002,0.01547,0.01549

Week 1,06 Aug 2002,0.01557,0.01560
Week 2,13 Aug 2002,0.01564,0.01566
Week 3,20 Aug 2002,0.01542,0.01544
Week 4,27 Aug 2002,0.01530,0.01532

Week 1,03 Sep 2002,0.01548,0.01550
Week 2,10 Sep 2002,0.01506,0.01508
Week 3,17 Sep 2002,0.01490,0.01492
Week 4,24 Sep 2002,0.01495,0.01497

Week 1,01 Oct 2002,0.01492,0.01494
Week 2,08 Oct 2002,0.01469,0.01471
Week 3,15 Oct 2002,0.01456,0.01458
Week 4,22 Oct 2002,0.01448,0.01451

Week 1,29 Oct 2002,0.01462,0.01464
Week 2,05 Nov 2002,0.01465,0.01468
Week 3,12 Nov 2002,0.01479,0.01481
Week 4,19 Nov 2002,0.01452,0.01454

Week 1,26 Nov 2002,0.01459,0.01461
Week 2,03 Dec 2002,0.01436,0.01438
Week 3,10 Dec 2002,0.01451,0.01453
Week 4,17 Dec 2002,0.01465,0.01467

Week 1,24 Dec 2002,0.01480,0.01482
Week 2,31 Dec 2002,0.01489,0.01491
Week 3,07 Jan 2003,0.01445,0.01447
Week 4,14 Jan 2003,0.01441,0.01443

Week 1,21 Jan 2003,0.01434,0.01436
Week 2,28 Jan 2003,0.01425,0.01427
Week 3,04 Feb 2003,0.01411,0.01413
Week 4,11 Feb 2003,0.01398,0.01400

Week 1,18 Feb 2003,0.01412,0.01414
Week 2,25 Feb 2003,0.01398,0.01400
Week 3,04 Mar 2003,0.01387,0.01388
Week 4,11 Mar 2003,0.01412,0.01414

Week 1,18 Mar 2003,0.01402,0.01404
Week 2,25 Mar 2003,0.01390,0.01392
Week 3,01 Apr 2003,0.01392,0.01394
Week 4,08 Apr 2003,0.01377,0.01379

Week 1,15 Apr 2003,0.01366,0.01367
Week 2,22 Apr 2003,0.01347,0.01349
Week 3,29 Apr 2003,0.01336,0.01338
Week 4,06 May 2003,0.01326,0.01328

Week 1,13 May 2003,0.01322,0.01324
Week 2,20 May 2003,0.01299,0.01300
Week 3,27 May 2003,0.01291,0.01293
Week 4,03 Jun 2003,0.01276,0.01277

Week 1,10 Jun 2003,0.01279,0.01281
Week 2,17 Jun 2003,0.01263,0.01265
Week 3,24 Jun 2003,0.01263,0.01265
Week 4,01 Jul 2003,0.01242,0.01243

Week 1,08 Jul 2003,0.01280,0.01282
Week 2,15 Jul 2003,0.01296,0.01298
Week 3,22 Jul 2003,0.01275,0.01277
Week 4,29 Jul 2003,0.01271,0.01273

Week 1,05 Aug 2003,0.01285,0.01287
Week 2,12 Aug 2003,0.01275,0.01277
Week 3,19 Aug 2003,0.01292,0.01294
Week 4,26 Aug 2003,0.01321,0.01323

Week 1,02 Sep 2003,0.01331,0.01333
Week 2,09 Sep 2003,0.01295,0.01296
Week 3,16 Sep 2003,0.01297,0.01299
Week 4,23 Sep 2003,0.01321,0.01322

Week 1,30 Sep 2003,0.01324,0.01325
Week 2,07 Oct 2003,0.01325,0.01326
Week 3,14 Oct 2003,0.01324,0.01326
Week 4,21 Oct 2003,0.01306,0.01307

Week 1,28 Oct 2003,0.01297,0.01299
Week 2,04 Nov 2003,0.01288,0.01290
Week 3,11 Nov 2003,0.01282,0.01284
Week 4,18 Nov 2003,0.01274,0.01275

Week 1,25 Nov 2003,0.01267,0.01268
Week 2,02 Dec 2003,0.01257,0.01259
Week 3,09 Dec 2003,0.01252,0.01254
Week 4,16 Dec 2003,0.01254,0.01256

Week 1,23 Dec 2003,0.01258,0.01260
Week 2,30 Dec 2003,0.01241,0.01242
Week 3,06 Jan 2004,0.01217,0.01219
Week 4,13 Jan 2004,0.01219,0.01220

Week 1,20 Jan 2004,0.01214,0.01216
Week 2,27 Jan 2004,0.01230,0.01231
Week 3,03 Feb 2004,0.01238,0.01239
Week 4,10 Feb 2004,0.01206,0.01207

Week 1,17 Feb 2004,0.01188,0.01189
Week 2,24 Feb 2004,0.01187,0.01187
Week 3,02 Mar 2004,0.01187,0.01188
Week 4,09 Mar 2004,0.01212,0.01213

Week 1,16 Mar 2004,0.01244,0.01245
Week 2,23 Mar 2004,0.01259,0.01260
Week 3,30 Mar 2004,0.01257,0.01257
Week 4,06 Apr 2004,0.01239,0.01240

Week 1,13 Apr 2004,0.01245,0.01245
Week 2,20 Apr 2004,0.01248,0.01249
Week 3,27 Apr 2004,0.01254,0.01255
Week 4,04 May 2004,0.01260,0.01260

Week 1,11 May 2004,0.01266,0.01267
Week 2,18 May 2004,0.01274,0.01275
Week 3,25 May 2004,0.01266,0.01267
Week 4,01 Jun 2004,0.01292,0.01293

Week 1,08 Jun 2004,0.01307,0.01308
Week 2,15 Jun 2004,0.01325,0.01325
Week 3,22 Jun 2004,0.01330,0.01331
Week 4,29 Jun 2004,0.01309,0.01309

Week 1,06 Jul 2004,0.01280,0.01280
Week 2,13 Jul 2004,0.01262,0.01262
Week 3,20 Jul 2004,0.01273,0.01274
Week 4,27 Jul 2004,0.01280,0.01281

Week 1,03 Aug 2004,0.01274,0.01275
Week 2,10 Aug 2004,0.01261,0.01262
Week 3,17 Aug 2004,0.01265,0.01266
Week 4,24 Aug 2004,0.01292,0.01293

Week 1,31 Aug 2004,0.01305,0.01305
Week 2,07 Sep 2004,0.01314,0.01315
Week 3,14 Sep 2004,0.01305,0.01305
Week 4,21 Sep 2004,0.01276,0.01277

Week 1,28 Sep 2004,0.01252,0.01252
Week 2,05 Oct 2004,0.01241,0.01241
Week 3,12 Oct 2004,0.01251,0.01251
Week 4,19 Oct 2004,0.01260,0.01261

Week 1,26 Oct 2004,0.01259,0.01260
Week 2,02 Nov 2004,0.01247,0.01248
Week 3,09 Nov 2004,0.01234,0.01235
Week 4,16 Nov 2004,0.01232,0.01233

Week 1,23 Nov 2004,0.01232,0.01233
Week 2,30 Nov 2004,0.01251,0.01252
Week 3,07 Dec 2004,0.01263,0.01264
Week 4,14 Dec 2004,0.01257,0.01258

Week 1,21 Dec 2004,0.01255,0.01256
Week 2,28 Dec 2004,0.01246,0.01246
Week 3,04 Jan 2005,0.01255,0.01256
Week 4,11 Jan 2005,0.01279,0.01280

Week 1,18 Jan 2005,0.01276,0.01277
Week 2,25 Jan 2005,0.01253,0.01254
Week 3,01 Feb 2005,0.01244,0.01245
Week 4,08 Feb 2005,0.01217,0.01218

Week 1,15 Feb 2005,0.01205,0.01206
Week 2,22 Feb 2005,0.01207,0.01208
Week 3,01 Mar 2005,0.01211,0.01212
Week 4,08 Mar 2005,0.01208,0.01209

Week 1,15 Mar 2005,0.01206,0.01206
Week 2,22 Mar 2005,0.01216,0.01217
Week 3,29 Mar 2005,0.01208,0.01208
Week 4,05 Apr 2005,0.01199,0.01200

Week 1,12 Apr 2005,0.01202,0.01202
Week 2,19 Apr 2005,0.01209,0.01210
Week 3,26 Apr 2005,0.01217,0.01217
Week 4,03 May 2005,0.01226,0.01227

Week 1,10 May 2005,0.01223,0.01224
Week 2,17 May 2005,0.01228,0.01228
Week 3,24 May 2005,0.01217,0.01218
Week 4,31 May 2005,0.01224,0.01225

Week 1,07 Jun 2005,0.01214,0.01214
Week 2,14 Jun 2005,0.01189,0.01189
Week 3,21 Jun 2005,0.01186,0.01187
Week 4,28 Jun 2005,0.01189,0.01190

Week 1,05 Jul 2005,0.01202,0.01202
Week 2,12 Jul 2005,0.01190,0.01191
Week 3,19 Jul 2005,0.01179,0.01180
Week 4,26 Jul 2005,0.01174,0.01175

Week 1,02 Aug 2005,0.01159,0.01159
Week 2,09 Aug 2005,0.01177,0.01179
Week 3,16 Aug 2005,0.01198,0.01199
Week 4,23 Aug 2005,0.01201,0.01202

Week 1,30 Aug 2005,0.01195,0.01196
Week 2,06 Sep 2005,0.01182,0.01183
Week 3,13 Sep 2005,0.01174,0.01175
Week 4,20 Sep 2005,0.01170,0.01171

Week 1,27 Sep 2005,0.01163,0.01164
Week 2,04 Oct 2005,0.01157,0.01158
Week 3,11 Oct 2005,0.01161,0.01162
Week 4,18 Oct 2005,0.01154,0.01155

Week 1,25 Oct 2005,0.01149,0.01150
Week 2,01 Nov 2005,0.01153,0.01154
Week 3,08 Nov 2005,0.01157,0.01158
Week 4,15 Nov 2005,0.01147,0.01148

Week 1,22 Nov 2005,0.01138,0.01139
Week 2,29 Nov 2005,0.01126,0.01127
Week 3,06 Dec 2005,0.01104,0.01105
Week 4,13 Dec 2005,0.01126,0.01127

Week 1,20 Dec 2005,0.01166,0.01167
Week 2,27 Dec 2005,0.01168,0.01169
Week 3,03 Jan 2006,0.01157,0.01158
Week 4,10 Jan 2006,0.01161,0.01162

Week 1,17 Jan 2006,0.01157,0.01158
Week 2,24 Jan 2006,0.01148,0.01148
Week 3,31 Jan 2006,0.01126,0.01127
Week 4,07 Feb 2006,0.01142,0.01143

Week 1,14 Feb 2006,0.01148,0.01149
Week 2,21 Feb 2006,0.01149,0.01150
Week 3,28 Feb 2006,0.01157,0.01158
Week 4,07 Mar 2006,0.01151,0.01152

Week 1,14 Mar 2006,0.01163,0.01164
Week 2,21 Mar 2006,0.01194,0.01195
Week 3,28 Mar 2006,0.01196,0.01197
Week 4,04 Apr 2006,0.01171,0.01172

Week 1,11 Apr 2006,0.01157,0.01158
Week 2,18 Apr 2006,0.01150,0.01151
Week 3,25 Apr 2006,0.01161,0.01162
Week 4,02 May 2006,0.01151,0.01152

Week 1,09 May 2006,0.01168,0.01169
Week 2,16 May 2006,0.01184,0.01185
Week 3,23 May 2006,0.01179,0.01180
Week 4,30 May 2006,0.01181,0.01182

Week 1,06 Jun 2006,0.01182,0.01183
Week 2,13 Jun 2006,0.01175,0.01176
Week 3,20 Jun 2006,0.01175,0.01176
Week 4,27 Jun 2006,0.01175,0.01176

Week 1,04 Jul 2006,0.01168,0.01169
Week 2,11 Jul 2006,0.01154,0.01155
Week 3,18 Jul 2006,0.01142,0.01143
Week 4,25 Jul 2006,0.01135,0.01135

Week 1,01 Aug 2006,0.01141,0.01142
Week 2,08 Aug 2006,0.01131,0.01132
Week 3,15 Aug 2006,0.01130,0.01131
Week 4,22 Aug 2006,0.01127,0.01128

Week 1,29 Aug 2006,0.01118,0.01119
Week 2,05 Sep 2006,0.01125,0.01126
Week 3,12 Sep 2006,0.01130,0.01131
Week 4,19 Sep 2006,0.01134,0.01135

Week 1,26 Sep 2006,0.01136,0.01137
Week 2,03 Oct 2006,0.01135,0.01136
Week 3,10 Oct 2006,0.01119,0.01120
Week 4,17 Oct 2006,0.01113,0.01114

Week 1,24 Oct 2006,0.01105,0.01106
Week 2,31 Oct 2006,0.01103,0.01104
Week 3,07 Nov 2006,0.01103,0.01104
Week 4,14 Nov 2006,0.01107,0.01108

Week 1,21 Nov 2006,0.01105,0.01106
Week 2,28 Nov 2006,0.01099,0.01100
Week 3,05 Dec 2006,0.01099,0.01100
Week 4,12 Dec 2006,0.01086,0.01086

Week 1,19 Dec 2006,0.01078,0.01078
Week 2,26 Dec 2006,0.01068,0.01069
Week 3,02 Jan 2007,0.01069,0.01070
Week 4,09 Jan 2007,0.01069,0.01069

Week 1,16 Jan 2007,0.01051,0.01051
Week 2,23 Jan 2007,0.01055,0.01056
Week 3,30 Jan 2007,0.01065,0.01066
Week 4,06 Feb 2007,0.01062,0.01063

Week 1,13 Feb 2007,0.01062,0.01063
Week 2,20 Feb 2007,0.01050,0.01051
Week 3,27 Feb 2007,0.01073,0.01074
Week 4,06 Mar 2007,0.01098,0.01099

Week 1,13 Mar 2007,0.01083,0.01084
Week 2,20 Mar 2007,0.01057,0.01058
Week 3,27 Mar 2007,0.01051,0.01052
Week 4,03 Apr 2007,0.01032,0.01033

Week 1,10 Apr 2007,0.01014,0.01015
Week 2,17 Apr 2007,0.01007,0.01008
Week 3,24 Apr 2007,0.01011,0.01012
Week 4,01 May 2007,0.01011,0.01011

Week 1,08 May 2007,0.01005,0.01005
Week 2,15 May 2007,0.01001,0.01002
Week 3,22 May 2007,0.01002,0.01003
Week 4,29 May 2007,0.00994,0.00995

Week 1,05 Jun 2007,0.00978,0.00979
Week 2,12 Jun 2007,0.00969,0.00970
Week 3,19 Jun 2007,0.00956,0.00956
Week 4,26 Jun 2007,0.00958,0.00959

Week 1,03 Jul 2007,0.00949,0.00950
Week 2,10 Jul 2007,0.00945,0.00945
Week 3,17 Jul 2007,0.00936,0.00937
Week 4,24 Jul 2007,0.00958,0.00959

Week 1,31 Jul 2007,0.00987,0.00987
Week 2,07 Aug 2007,0.00990,0.00991
Week 3,14 Aug 2007,0.01062,0.01063
Week 4,21 Aug 2007,0.01064,0.01064

Week 1,28 Aug 2007,0.01054,0.01055
Week 2,04 Sep 2007,0.01055,0.01056
Week 3,11 Sep 2007,0.01045,0.01045
Week 4,18 Sep 2007,0.01013,0.01014

Week 1,25 Sep 2007,0.00990,0.00991
Week 2,02 Oct 2007,0.00965,0.00965
Week 3,09 Oct 2007,0.00946,0.00946
Week 4,16 Oct 2007,0.00965,0.00966

Week 1,23 Oct 2007,0.00968,0.00969
Week 2,30 Oct 2007,0.00944,0.00945
Week 3,06 Nov 2007,0.00963,0.00963
Week 4,13 Nov 2007,0.01011,0.01012

Week 1,20 Nov 2007,0.01043,0.01043
Week 2,27 Nov 2007,0.01033,0.01034
Week 3,04 Dec 2007,0.01029,0.01029
Week 4,11 Dec 2007,0.01019,0.01019

Week 1,18 Dec 2007,0.01022,0.01022
Week 2,25 Dec 2007,0.01008,0.01009
Week 3,01 Jan 2008,0.01035,0.01037
Week 4,08 Jan 2008,0.01035,0.01036

Week 1,15 Jan 2008,0.01054,0.01055
Week 2,22 Jan 2008,0.01073,0.01074
Week 3,29 Jan 2008,0.01049,0.01050
Week 4,05 Feb 2008,0.01041,0.01041

Week 1,12 Feb 2008,0.01027,0.01028
Week 2,19 Feb 2008,0.01011,0.01011
Week 3,26 Feb 2008,0.01012,0.01013
Week 4,04 Mar 2008,0.01043,0.01044

Week 1,11 Mar 2008,0.01062,0.01062
Week 2,18 Mar 2008,0.01108,0.01109
Week 3,25 Mar 2008,0.01096,0.01097
Week 4,01 Apr 2008,0.01076,0.01077

Week 1,08 Apr 2008,0.01058,0.01059
Week 2,15 Apr 2008,0.01048,0.01049
Week 3,22 Apr 2008,0.01024,0.01025
Week 4,29 Apr 2008,0.01021,0.01022

Week 1,06 May 2008,0.01019,0.01019
Week 2,13 May 2008,0.01014,0.01015
Week 3,20 May 2008,0.01006,0.01007
Week 4,27 May 2008,0.00996,0.00997

Week 1,03 Jun 2008,0.00993,0.00993
Week 2,10 Jun 2008,0.00987,0.00987
Week 3,17 Jun 2008,0.00979,0.00980
Week 4,24 Jun 2008,0.00975,0.00975

Week 1,01 Jul 2008,0.00978,0.00979
Week 2,08 Jul 2008,0.00974,0.00975
Week 3,15 Jul 2008,0.00969,0.00970
Week 4,22 Jul 2008,0.00966,0.00967

Week 1,29 Jul 2008,0.00985,0.00986
Week 2,05 Aug 2008,0.01009,0.01010
Week 3,12 Aug 2008,0.01042,0.01043
Week 4,19 Aug 2008,0.01047,0.01047

Week 1,26 Aug 2008,0.01064,0.01064
Week 2,02 Sep 2008,0.01117,0.01118
Week 3,09 Sep 2008,0.01142,0.01143
Week 4,16 Sep 2008,0.01160,0.01162

Week 1,23 Sep 2008,0.01130,0.01131
Week 2,30 Sep 2008,0.01201,0.01203
Week 3,07 Oct 2008,0.01449,0.01452
Week 4,14 Oct 2008,0.01436,0.01438

Week 1,21 Oct 2008,0.01570,0.01572
Week 2,28 Oct 2008,0.01588,0.01591
Week 3,04 Nov 2008,0.01497,0.01499
Week 4,11 Nov 2008,0.01563,0.01565

Week 1,18 Nov 2008,0.01634,0.01637
Week 2,25 Nov 2008,0.01610,0.01612
Week 3,02 Dec 2008,0.01664,0.01666
Week 4,09 Dec 2008,0.01649,0.01650

Week 1,16 Dec 2008,0.01636,0.01639
Week 2,23 Dec 2008,0.01617,0.01620
Week 3,30 Dec 2008,0.01570,0.01573
Week 4,06 Jan 2009,0.01533,0.01535

Week 1,13 Jan 2009,0.01652,0.01654
Week 2,20 Jan 2009,0.01700,0.01702
Week 3,27 Jan 2009,0.01713,0.01715
Week 4,03 Feb 2009,0.01692,0.01694

Week 1,10 Feb 2009,0.01661,0.01663
Week 2,17 Feb 2009,0.01669,0.01671
Week 3,24 Feb 2009,0.01603,0.01605
Week 4,03 Mar 2009,0.01592,0.01593

Week 1,10 Mar 2009,0.01570,0.01572
Week 2,17 Mar 2009,0.01531,0.01533
Week 3,24 Mar 2009,0.01466,0.01468
Week 4,31 Mar 2009,0.01435,0.01437

Week 1,07 Apr 2009,0.01393,0.01394
Week 2,14 Apr 2009,0.01391,0.01392
Week 3,21 Apr 2009,0.01433,0.01434
Week 4,28 Apr 2009,0.01415,0.01416

Week 1,05 May 2009,0.01344,0.01345
Week 2,12 May 2009,0.01375,0.01376
Week 3,19 May 2009,0.01357,0.01359
Week 4,26 May 2009,0.01328,0.01329

Week 1,02 Jun 2009,0.01283,0.01284
Week 2,09 Jun 2009,0.01264,0.01265
Week 3,16 Jun 2009,0.01292,0.01294
Week 4,23 Jun 2009,0.01307,0.01309

Week 1,30 Jun 2009,0.01297,0.01298
Week 2,07 Jul 2009,0.01361,0.01362
Week 3,14 Jul 2009,0.01341,0.01343
Week 4,21 Jul 2009,0.01299,0.01300

Week 1,28 Jul 2009,0.01273,0.01274
Week 2,04 Aug 2009,0.01241,0.01242
Week 3,11 Aug 2009,0.01250,0.01252
Week 4,18 Aug 2009,0.01278,0.01279

Week 1,25 Aug 2009,0.01269,0.01272
Week 2,01 Sep 2009,0.01280,0.01281
Week 3,08 Sep 2009,0.01265,0.01267
Week 4,15 Sep 2009,0.01267,0.01268

Week 1,22 Sep 2009,0.01268,0.01269
Week 2,29 Sep 2009,0.01280,0.01281
Week 3,06 Oct 2009,0.01252,0.01253
Week 4,13 Oct 2009,0.01212,0.01213

Week 1,20 Oct 2009,0.01185,0.01186
Week 2,27 Oct 2009,0.01209,0.01210
Week 3,03 Nov 2009,0.01217,0.01218
Week 4,10 Nov 2009,0.01196,0.01197

Week 1,17 Nov 2009,0.01215,0.01216
Week 2,24 Nov 2009,0.01250,0.01251
Week 3,01 Dec 2009,0.01231,0.01232
Week 4,08 Dec 2009,0.01233,0.01234

Week 1,15 Dec 2009,0.01241,0.01242
Week 2,22 Dec 2009,0.01240,0.01241
Week 3,29 Dec 2009,0.01209,0.01210
Week 4,05 Jan 2010,0.01178,0.01179

Week 1,12 Jan 2010,0.01183,0.01183
Week 2,19 Jan 2010,0.01212,0.01213
Week 3,26 Jan 2010,0.01241,0.01242
Week 4,02 Feb 2010,0.01267,0.01268

Week 1,09 Feb 2010,0.01265,0.01266
Week 2,16 Feb 2010,0.01226,0.01227
Week 3,23 Feb 2010,0.01246,0.01247
Week 4,02 Mar 2010,0.01238,0.01239

Week 1,09 Mar 2010,0.01209,0.01211
Week 2,16 Mar 2010,0.01204,0.01205
Week 3,23 Mar 2010,0.01198,0.01199
Week 4,30 Mar 2010,0.01162,0.01164

Week 1,06 Apr 2010,0.01151,0.01152
Week 2,13 Apr 2010,0.01160,0.01161
Week 3,20 Apr 2010,0.01157,0.01158
Week 4,27 Apr 2010,0.01151,0.01152

Week 1,04 May 2010,0.01192,0.01193
Week 2,11 May 2010,0.01206,0.01207
Week 3,18 May 2010,0.01300,0.01302
Week 4,25 May 2010,0.01319,0.01320

Week 1,01 Jun 2010,0.01304,0.01305
Week 2,08 Jun 2010,0.01306,0.01307
Week 3,15 Jun 2010,0.01267,0.01268
Week 4,22 Jun 2010,0.01273,0.01274

Week 1,29 Jun 2010,0.01333,0.01335
Week 2,06 Jul 2010,0.01313,0.01315
Week 3,13 Jul 2010,0.01303,0.01305
Week 4,20 Jul 2010,0.01295,0.01297

Week 1,27 Jul 2010,0.01276,0.01277
Week 2,03 Aug 2010,0.01272,0.01273
Week 3,10 Aug 2010,0.01292,0.01294
Week 4,17 Aug 2010,0.01304,0.01307

Week 1,24 Aug 2010,0.01321,0.01323
Week 2,31 Aug 2010,0.01307,0.01308
Week 3,07 Sep 2010,0.01292,0.01293
Week 4,14 Sep 2010,0.01254,0.01256

Week 1,21 Sep 2010,0.01237,0.01238
Week 2,28 Sep 2010,0.01235,0.01236
Week 3,05 Oct 2010,0.01238,0.01239
Week 4,12 Oct 2010,0.01238,0.01239

Week 1,19 Oct 2010,0.01251,0.01252
Week 2,26 Oct 2010,0.01258,0.01259
Week 3,02 Nov 2010,0.01229,0.01230
Week 4,09 Nov 2010,0.01221,0.01222

Week 1,16 Nov 2010,0.01219,0.01220
Week 2,23 Nov 2010,0.01225,0.01226
Week 3,30 Nov 2010,0.01229,0.01229
Week 4,07 Dec 2010,0.01213,0.01214

Week 1,14 Dec 2010,0.01203,0.01204
Week 2,21 Dec 2010,0.01200,0.01201
Week 3,28 Dec 2010,0.01204,0.01205
Week 4,04 Jan 2011,0.01207,0.01208

Week 1,11 Jan 2011,0.01216,0.01217
Week 2,18 Jan 2011,0.01219,0.01220
Week 3,25 Jan 2011,0.01221,0.01222
Week 4,01 Feb 2011,0.01210,0.01211

Week 1,08 Feb 2011,0.01198,0.01199
Week 2,15 Feb 2011,0.01190,0.01191
Week 3,22 Feb 2011,0.01203,0.01204
Week 4,01 Mar 2011,0.01200,0.01201

Week 1,08 Mar 2011,0.01202,0.01203
Week 2,15 Mar 2011,0.01246,0.01247
Week 3,22 Mar 2011,0.01213,0.01214
Week 4,29 Mar 2011,0.01166,0.01167

Week 1,05 Apr 2011,0.01128,0.01128
Week 2,12 Apr 2011,0.01135,0.01136
Week 3,19 Apr 2011,0.01141,0.01141
Week 4,26 Apr 2011,0.01128,0.01128

Week 1,03 May 2011,0.01149,0.01150
Week 2,10 May 2011,0.01158,0.01159
Week 3,17 May 2011,0.01154,0.01155
Week 4,24 May 2011,0.01157,0.01158

Week 1,31 May 2011,0.01158,0.01158
Week 2,07 Jun 2011,0.01173,0.01174
Week 3,14 Jun 2011,0.01173,0.01174
Week 4,21 Jun 2011,0.01180,0.01181

Week 1,28 Jun 2011,0.01163,0.01164
Week 2,05 Jul 2011,0.01151,0.01152
Week 3,12 Jul 2011,0.01179,0.01180
Week 4,19 Jul 2011,0.01180,0.01180

Week 1,26 Jul 2011,0.01175,0.01176
Week 2,02 Aug 2011,0.01202,0.01204
Week 3,09 Aug 2011,0.01261,0.01262
Week 4,16 Aug 2011,0.01250,0.01251

Week 1,23 Aug 2011,0.01240,0.01241
Week 2,30 Aug 2011,0.01221,0.01222
Week 3,06 Sep 2011,0.01226,0.01227
Week 4,13 Sep 2011,0.01259,0.01260

Week 1,20 Sep 2011,0.01307,0.01308
Week 2,27 Sep 2011,0.01334,0.01335
Week 3,04 Oct 2011,0.01347,0.01348
Week 4,11 Oct 2011,0.01281,0.01282

Week 1,18 Oct 2011,0.01268,0.01269
Week 2,25 Oct 2011,0.01247,0.01248
Week 3,01 Nov 2011,0.01231,0.01232
Week 4,08 Nov 2011,0.01255,0.01256

Week 1,15 Nov 2011,0.01287,0.01288
Week 2,22 Nov 2011,0.01324,0.01325
Week 3,29 Nov 2011,0.01269,0.01270
Week 4,06 Dec 2011,0.01258,0.01259

Week 1,13 Dec 2011,0.01283,0.01284
Week 2,20 Dec 2011,0.01271,0.01272
Week 3,27 Dec 2011,0.01269,0.01270
Week 4,03 Jan 2012,0.01266,0.01267

Week 1,10 Jan 2012,0.01262,0.01263
Week 2,17 Jan 2012,0.01249,0.01249
Week 3,24 Jan 2012,0.01224,0.01225
Week 4,31 Jan 2012,0.01224,0.01225

Week 1,07 Feb 2012,0.01206,0.01207
Week 2,14 Feb 2012,0.01185,0.01186
Week 3,21 Feb 2012,0.01163,0.01164
Week 4,28 Feb 2012,0.01146,0.01146

Week 1,06 Mar 2012,0.01154,0.01155
Week 2,13 Mar 2012,0.01141,0.01141
Week 3,20 Mar 2012,0.01150,0.01150
Week 4,27 Mar 2012,0.01161,0.01162

Week 1,03 Apr 2012,0.01179,0.01179
Week 2,10 Apr 2012,0.01193,0.01194
Week 3,17 Apr 2012,0.01187,0.01188
Week 4,24 Apr 2012,0.01191,0.01192

Week 1,01 May 2012,0.01214,0.01215
Week 2,08 May 2012,0.01241,0.01242
Week 3,15 May 2012,0.01266,0.01268
Week 4,22 May 2012,0.01283,0.01284

Week 1,29 May 2012,0.01302,0.01303
Week 2,05 Jun 2012,0.01284,0.01285
Week 3,12 Jun 2012,0.01263,0.01264
Week 4,19 Jun 2012,0.01240,0.01241

Week 1,26 Jun 2012,0.01240,0.01241
Week 2,03 Jul 2012,0.01224,0.01224
Week 3,10 Jul 2012,0.01235,0.01235
Week 4,17 Jul 2012,0.01228,0.01228

Week 1,24 Jul 2012,0.01232,0.01232
Week 2,31 Jul 2012,0.01214,0.01214
Week 3,07 Aug 2012,0.01207,0.01207
Week 4,14 Aug 2012,0.01207,0.01207

Week 1,21 Aug 2012,0.01213,0.01214
Week 2,28 Aug 2012,0.01231,0.01231
Week 3,04 Sep 2012,0.01239,0.01239
Week 4,11 Sep 2012,0.01222,0.01223

Week 1,18 Sep 2012,0.01219,0.01220
Week 2,25 Sep 2012,0.01235,0.01236
Week 3,02 Oct 2012,0.01245,0.01245
Week 4,09 Oct 2012,0.01247,0.01248

Week 1,16 Oct 2012,0.01226,0.01226
Week 2,23 Oct 2012,0.01212,0.01212
Week 3,30 Oct 2012,0.01206,0.01206
Week 4,06 Nov 2012,0.01204,0.01205

Week 1,13 Nov 2012,0.01198,0.01198
Week 2,20 Nov 2012,0.01171,0.01171
Week 3,27 Nov 2012,0.01164,0.01164
Week 4,04 Dec 2012,0.01160,0.01161

Week 1,11 Dec 2012,0.01142,0.01143
Week 2,18 Dec 2012,0.01134,0.01135
Week 3,25 Dec 2012,0.01128,0.01129
Week 4,01 Jan 2013,0.01096,0.01097

Week 1,08 Jan 2013,0.01075,0.01076
Week 2,15 Jan 2013,0.01062,0.01062
Week 3,22 Jan 2013,0.01061,0.01061
Week 4,29 Jan 2013,0.01047,0.01048

Week 1,05 Feb 2013,0.01039,0.01040
Week 2,12 Feb 2013,0.01038,0.01039
Week 3,19 Feb 2013,0.01037,0.01038
Week 4,26 Feb 2013,0.01052,0.01053

Week 1,05 Mar 2013,0.01033,0.01034
Week 2,12 Mar 2013,0.01009,0.01009
Week 3,19 Mar 2013,0.01011,0.01012
Week 4,26 Mar 2013,0.01015,0.01017

Week 1,02 Apr 2013,0.01007,0.01008
Week 2,09 Apr 2013,0.00962,0.00963
Week 3,16 Apr 2013,0.00983,0.00983
Week 4,23 Apr 2013,0.00984,0.00985

Week 1,30 Apr 2013,0.00988,0.00989
Week 2,07 May 2013,0.00985,0.00986
Week 3,14 May 2013,0.00992,0.00992
Week 4,21 May 2013,0.01008,0.01009

Week 1,28 May 2013,0.01029,0.01030
Week 2,04 Jun 2013,0.01060,0.01061
Week 3,11 Jun 2013,0.01098,0.01098
Week 4,18 Jun 2013,0.01107,0.01108

Week 1,25 Jun 2013,0.01102,0.01103
Week 2,02 Jul 2013,0.01092,0.01093
Week 3,09 Jul 2013,0.01097,0.01098
Week 4,16 Jul 2013,0.01089,0.01090

Week 1,23 Jul 2013,0.01090,0.01092
Week 2,30 Jul 2013,0.01127,0.01127
Week 3,06 Aug 2013,0.01137,0.01138
Week 4,13 Aug 2013,0.01119,0.01120

Week 1,20 Aug 2013,0.01125,0.01126
Week 2,27 Aug 2013,0.01140,0.01141
Week 3,03 Sep 2013,0.01103,0.01104
Week 4,10 Sep 2013,0.01084,0.01084

Week 1,17 Sep 2013,0.01074,0.01075
Week 2,24 Sep 2013,0.01083,0.01084
Week 3,01 Oct 2013,0.01090,0.01091
Week 4,08 Oct 2013,0.01082,0.01082

Week 1,15 Oct 2013,0.01063,0.01063
Week 2,22 Oct 2013,0.01064,0.01064
Week 3,29 Oct 2013,0.01073,0.01073
Week 4,05 Nov 2013,0.01071,0.01072

Week 1,12 Nov 2013,0.01072,0.01073
Week 2,19 Nov 2013,0.01070,0.01071
Week 3,26 Nov 2013,0.01074,0.01075
Week 4,03 Dec 2013,0.01073,0.01073

Week 1,10 Dec 2013,0.01074,0.01075
Week 2,17 Dec 2013,0.01083,0.01084
Week 3,24 Dec 2013,0.01074,0.01074
Week 4,31 Dec 2013,0.01067,0.01068

Week 1,07 Jan 2014,0.01070,0.01070
Week 2,14 Jan 2014,0.01081,0.01082
Week 3,21 Jan 2014,0.01102,0.01103
Week 4,28 Jan 2014,0.01114,0.01116

Week 1,04 Feb 2014,0.01102,0.01103
Week 2,11 Feb 2014,0.01087,0.01088
Week 3,18 Feb 2014,0.01086,0.01086
Week 4,25 Feb 2014,0.01092,0.01093

Week 1,04 Mar 2014,0.01081,0.01082
Week 2,11 Mar 2014,0.01083,0.01084
Week 3,18 Mar 2014,0.01080,0.01081
Week 4,25 Mar 2014,0.01060,0.01061

Week 1,01 Apr 2014,0.01043,0.01044
Week 2,08 Apr 2014,0.01046,0.01047
Week 3,15 Apr 2014,0.01046,0.01047
Week 4,22 Apr 2014,0.01050,0.01051

Week 1,29 Apr 2014,0.01054,0.01054
Week 2,06 May 2014,0.01051,0.01052
Week 3,13 May 2014,0.01049,0.01049
Week 4,20 May 2014,0.01063,0.01063

Week 1,27 May 2014,0.01058,0.01059
Week 2,03 Jun 2014,0.01050,0.01050
Week 3,10 Jun 2014,0.01043,0.01043
Week 4,17 Jun 2014,0.01045,0.01045

Week 1,24 Jun 2014,0.01044,0.01045
Week 2,01 Jul 2014,0.01045,0.01045
Week 3,08 Jul 2014,0.01049,0.01050
Week 4,15 Jul 2014,0.01051,0.01051

Week 1,22 Jul 2014,0.01046,0.01046
Week 2,29 Jul 2014,0.01045,0.01045
Week 3,05 Aug 2014,0.01052,0.01052
Week 4,12 Aug 2014,0.01050,0.01051

Week 1,19 Aug 2014,0.01038,0.01039
Week 2,26 Aug 2014,0.01031,0.01031
Week 3,02 Sep 2014,0.01020,0.01020
Week 4,09 Sep 2014,0.01025,0.01025

Week 1,16 Sep 2014,0.01028,0.01029
Week 2,23 Sep 2014,0.01039,0.01040
Week 3,30 Sep 2014,0.01048,0.01048
Week 4,07 Oct 2014,0.01056,0.01057

Week 1,14 Oct 2014,0.01070,0.01071
Week 2,21 Oct 2014,0.01058,0.01059
Week 3,28 Oct 2014,0.01033,0.01034
Week 4,04 Nov 2014,0.01011,0.01012

Week 1,11 Nov 2014,0.00993,0.00994
Week 2,18 Nov 2014,0.00981,0.00982
Week 3,25 Nov 2014,0.00990,0.00991
Week 4,02 Dec 2014,0.00992,0.00993

Week 1,09 Dec 2014,0.01012,0.01013
Week 2,16 Dec 2014,0.01031,0.01032
Week 3,23 Dec 2014,0.01023,0.01024
Week 4,30 Dec 2014,0.01023,0.01023

Week 1,06 Jan 2015,0.01032,0.01032
Week 2,13 Jan 2015,0.01038,0.01039
Week 3,20 Jan 2015,0.01051,0.01052
Week 4,27 Jan 2015,0.01081,0.01082

Week 1,03 Feb 2015,0.01088,0.01089
Week 2,10 Feb 2015,0.01082,0.01083
Week 3,17 Feb 2015,0.01076,0.01077
Week 4,24 Feb 2015,0.01071,0.01073

Week 1,03 Mar 2015,0.01070,0.01071
Week 2,10 Mar 2015,0.01077,0.01078
Week 3,17 Mar 2015,0.01076,0.01077
Week 4,24 Mar 2015,0.01072,0.01073

Week 1,31 Mar 2015,0.01097,0.01098
Week 2,07 Apr 2015,0.01086,0.01087
Week 3,14 Apr 2015,0.01087,0.01088
Week 4,21 Apr 2015,0.01077,0.01078

Week 1,28 Apr 2015,0.01059,0.01060
Week 2,05 May 2015,0.01053,0.01054
Week 3,12 May 2015,0.01043,0.01044
Week 4,19 May 2015,0.01047,0.01048

Week 1,26 May 2015,0.01051,0.01052
Week 2,02 Jun 2015,0.01043,0.01044
Week 3,09 Jun 2015,0.01047,0.01048
Week 4,16 Jun 2015,0.01047,0.01048

Week 1,23 Jun 2015,0.01049,0.01050
Week 2,30 Jun 2015,0.01070,0.01071
Week 3,07 Jul 2015,0.01097,0.01098
Week 4,14 Jul 2015,0.01091,0.01092

Week 1,21 Jul 2015,0.01098,0.01099
Week 2,28 Jul 2015,0.01106,0.01107
Week 3,04 Aug 2015,0.01092,0.01092
Week 4,11 Aug 2015,0.01091,0.01092

Week 1,18 Aug 2015,0.01104,0.01105
Week 2,25 Aug 2015,0.01157,0.01157
Week 3,01 Sep 2015,0.01190,0.01191
Week 4,08 Sep 2015,0.01182,0.01183

Week 1,15 Sep 2015,0.01161,0.01162
Week 2,22 Sep 2015,0.01178,0.01179
Week 3,29 Sep 2015,0.01186,0.01187
Week 4,06 Oct 2015,0.01152,0.01153

Week 1,13 Oct 2015,0.01147,0.01149
Week 2,20 Oct 2015,0.01147,0.01148
Week 3,27 Oct 2015,0.01157,0.01158
Week 4,03 Nov 2015,0.01152,0.01153

Week 1,10 Nov 2015,0.01147,0.01148
Week 2,17 Nov 2015,0.01134,0.01135
Week 3,24 Nov 2015,0.01129,0.01130
Week 4,01 Dec 2015,0.01112,0.01113

Week 1,08 Dec 2015,0.01133,0.01134
Week 2,15 Dec 2015,0.01144,0.01145
Week 3,22 Dec 2015,0.01144,0.01145
Week 4,29 Dec 2015,0.01140,0.01141

Week 1,05 Jan 2016,0.01197,0.01198
Week 2,12 Jan 2016,0.01226,0.01227
Week 3,19 Jan 2016,0.01222,0.01223
Week 4,26 Jan 2016,0.01188,0.01188

Week 1,02 Feb 2016,0.01189,0.01190
Week 2,09 Feb 2016,0.01237,0.01238
Week 3,16 Feb 2016,0.01234,0.01235
Week 4,23 Feb 2016,0.01233,0.01234

Week 1,01 Mar 2016,0.01206,0.01206
Week 2,08 Mar 2016,0.01176,0.01177
Week 3,15 Mar 2016,0.01176,0.01177
Week 4,22 Mar 2016,0.01177,0.01178

Week 1,29 Mar 2016,0.01164,0.01165
Week 2,05 Apr 2016,0.01208,0.01209
Week 3,12 Apr 2016,0.01198,0.01199
Week 4,19 Apr 2016,0.01172,0.01173

Week 1,26 Apr 2016,0.01201,0.01201
Week 2,03 May 2016,0.01253,0.01253
Week 3,10 May 2016,0.01257,0.01259
Week 4,17 May 2016,0.01256,0.01257

Week 1,24 May 2016,0.01263,0.01264
Week 2,31 May 2016,0.01263,0.01263
Week 3,07 Jun 2016,0.01261,0.01262
Week 4,14 Jun 2016,0.01288,0.01289

Week 1,21 Jun 2016,0.01288,0.01291
Week 2,28 Jun 2016,0.01310,0.01312
Week 3,05 Jul 2016,0.01314,0.01315
Week 4,12 Jul 2016,0.01261,0.01263

Week 1,19 Jul 2016,0.01256,0.01257
Week 2,26 Jul 2016,0.01275,0.01276
Week 3,02 Aug 2016,0.01293,0.01294
Week 4,09 Aug 2016,0.01282,0.01283

Week 1,16 Aug 2016,0.01300,0.01301
Week 2,23 Aug 2016,0.01303,0.01305
Week 3,30 Aug 2016,0.01282,0.01284
Week 4,06 Sep 2016,0.01281,0.01282

Week 1,13 Sep 2016,0.01303,0.01304
Week 2,20 Sep 2016,0.01300,0.01301
Week 3,27 Sep 2016,0.01293,0.01294
Week 4,04 Oct 2016,0.01277,0.01278

Week 1,11 Oct 2016,0.01268,0.01270
Week 2,18 Oct 2016,0.01260,0.01261
Week 3,25 Oct 2016,0.01255,0.01256
Week 4,01 Nov 2016,0.01260,0.01261

Week 1,08 Nov 2016,0.01241,0.01242
Week 2,15 Nov 2016,0.01225,0.01226
Week 3,22 Nov 2016,0.01202,0.01203
Week 4,29 Nov 2016,0.01185,0.01186

Week 1,06 Dec 2016,0.01172,0.01173
Week 2,13 Dec 2016,0.01157,0.01158
Week 3,20 Dec 2016,0.01178,0.01179
Week 4,27 Dec 2016,0.01186,0.01187

Week 1,03 Jan 2017,0.01175,0.01177
Week 2,10 Jan 2017,0.01166,0.01167
Week 3,17 Jan 2017,0.01161,0.01162
Week 4,24 Jan 2017,0.01159,0.01159

Week 1,31 Jan 2017,0.01159,0.01160
Week 2,07 Feb 2017,0.01159,0.01160
Week 3,14 Feb 2017,0.01148,0.01149
Week 4,21 Feb 2017,0.01153,0.01154

Week 1,28 Feb 2017,0.01154,0.01155
Week 2,07 Mar 2017,0.01156,0.01157
Week 3,14 Mar 2017,0.01150,0.01151
Week 4,21 Mar 2017,0.01169,0.01170

Week 1,28 Mar 2017,0.01178,0.01178
Week 2,04 Apr 2017,0.01194,0.01195
Week 3,11 Apr 2017,0.01211,0.01212
Week 4,18 Apr 2017,0.01216,0.01217

Week 1,25 Apr 2017,0.01200,0.01200
Week 2,02 May 2017,0.01194,0.01195
Week 3,09 May 2017,0.01193,0.01194
Week 4,16 May 2017,0.01201,0.01202

Week 1,23 May 2017,0.01202,0.01203
Week 2,30 May 2017,0.01213,0.01214
Week 3,06 Jun 2017,0.01208,0.01208
Week 4,13 Jun 2017,0.01194,0.01195

Week 1,20 Jun 2017,0.01186,0.01187
Week 2,27 Jun 2017,0.01167,0.01167
Week 3,04 Jul 2017,0.01158,0.01158
Week 4,11 Jul 2017,0.01143,0.01144

Week 1,18 Jul 2017,0.01132,0.01132
Week 2,25 Jul 2017,0.01130,0.01131
Week 3,01 Aug 2017,0.01137,0.01138
Week 4,08 Aug 2017,0.01154,0.01154

Week 1,15 Aug 2017,0.01154,0.01154
Week 2,22 Aug 2017,0.01155,0.01155
Week 3,29 Aug 2017,0.01146,0.01146
Week 4,05 Sep 2017,0.01148,0.01148

Week 1,12 Sep 2017,0.01132,0.01132
Week 2,19 Sep 2017,0.01120,0.01120
Week 3,26 Sep 2017,0.01129,0.01129
Week 4,03 Oct 2017,0.01136,0.01137

Week 1,10 Oct 2017,0.01139,0.01139
Week 2,17 Oct 2017,0.01130,0.01130
Week 3,24 Oct 2017,0.01139,0.01139
Week 4,31 Oct 2017,0.01145,0.01145

Week 1,07 Nov 2017,0.01147,0.01147
Week 2,14 Nov 2017,0.01167,0.01168
Week 3,21 Nov 2017,0.01177,0.01178
Week 4,28 Nov 2017,0.01176,0.01177

Week 1,05 Dec 2017,0.01169,0.01169


