JPY->GBP

Week 1,01 Dec 1998,0.00501,0.00502
Week 2,08 Dec 1998,0.00509,0.00510
Week 3,15 Dec 1998,0.00513,0.00514
Week 4,22 Dec 1998,0.00513,0.00514

Week 1,29 Dec 1998,0.00527,0.00528
Week 2,05 Jan 1999,0.00546,0.00547
Week 3,12 Jan 1999,0.00534,0.00535
Week 4,19 Jan 1999,0.00531,0.00531

Week 1,26 Jan 1999,0.00525,0.00526
Week 2,02 Feb 1999,0.00540,0.00541
Week 3,09 Feb 1999,0.00535,0.00535
Week 4,16 Feb 1999,0.00511,0.00512

Week 1,23 Feb 1999,0.00519,0.00520
Week 2,02 Mar 1999,0.00508,0.00509
Week 3,09 Mar 1999,0.00513,0.00514
Week 4,16 Mar 1999,0.00522,0.00522

Week 1,23 Mar 1999,0.00516,0.00516
Week 2,30 Mar 1999,0.00517,0.00518
Week 3,06 Apr 1999,0.00515,0.00516
Week 4,13 Apr 1999,0.00522,0.00523

Week 1,20 Apr 1999,0.00520,0.00520
Week 2,27 Apr 1999,0.00520,0.00520
Week 3,04 May 1999,0.00508,0.00509
Week 4,11 May 1999,0.00506,0.00506

Week 1,18 May 1999,0.00502,0.00502
Week 2,25 May 1999,0.00513,0.00513
Week 3,01 Jun 1999,0.00512,0.00512
Week 4,08 Jun 1999,0.00522,0.00522

Week 1,15 Jun 1999,0.00521,0.00521
Week 2,22 Jun 1999,0.00518,0.00519
Week 3,29 Jun 1999,0.00523,0.00523
Week 4,06 Jul 1999,0.00525,0.00526

Week 1,13 Jul 1999,0.00530,0.00530
Week 2,20 Jul 1999,0.00539,0.00540
Week 3,27 Jul 1999,0.00539,0.00540
Week 4,03 Aug 1999,0.00539,0.00540

Week 1,10 Aug 1999,0.00539,0.00540
Week 2,17 Aug 1999,0.00554,0.00555
Week 3,24 Aug 1999,0.00564,0.00565
Week 4,31 Aug 1999,0.00567,0.00568

Week 1,07 Sep 1999,0.00566,0.00567
Week 2,14 Sep 1999,0.00581,0.00582
Week 3,21 Sep 1999,0.00584,0.00585
Week 4,28 Sep 1999,0.00572,0.00573

Week 1,05 Oct 1999,0.00563,0.00564
Week 2,12 Oct 1999,0.00567,0.00568
Week 3,19 Oct 1999,0.00567,0.00568
Week 4,26 Oct 1999,0.00582,0.00583

Week 1,02 Nov 1999,0.00582,0.00582
Week 2,09 Nov 1999,0.00588,0.00588
Week 3,16 Nov 1999,0.00583,0.00584
Week 4,23 Nov 1999,0.00601,0.00602

Week 1,30 Nov 1999,0.00609,0.00610
Week 2,07 Dec 1999,0.00600,0.00601
Week 3,14 Dec 1999,0.00602,0.00603
Week 4,21 Dec 1999,0.00605,0.00606

Week 1,28 Dec 1999,0.00605,0.00606
Week 2,04 Jan 2000,0.00584,0.00585
Week 3,11 Jan 2000,0.00576,0.00577
Week 4,18 Jan 2000,0.00578,0.00579

Week 1,25 Jan 2000,0.00576,0.00576
Week 2,01 Feb 2000,0.00580,0.00581
Week 3,08 Feb 2000,0.00573,0.00573
Week 4,15 Feb 2000,0.00567,0.00568

Week 1,22 Feb 2000,0.00564,0.00565
Week 2,29 Feb 2000,0.00583,0.00584
Week 3,07 Mar 2000,0.00594,0.00595
Week 4,14 Mar 2000,0.00599,0.00599

Week 1,21 Mar 2000,0.00590,0.00591
Week 2,28 Mar 2000,0.00601,0.00602
Week 3,04 Apr 2000,0.00600,0.00601
Week 4,11 Apr 2000,0.00596,0.00597

Week 1,18 Apr 2000,0.00601,0.00602
Week 2,25 Apr 2000,0.00596,0.00597
Week 3,02 May 2000,0.00597,0.00597
Week 4,09 May 2000,0.00604,0.00605

Week 1,16 May 2000,0.00619,0.00620
Week 2,23 May 2000,0.00629,0.00630
Week 3,30 May 2000,0.00618,0.00619
Week 4,06 Jun 2000,0.00619,0.00620

Week 1,13 Jun 2000,0.00621,0.00622
Week 2,20 Jun 2000,0.00631,0.00632
Week 3,27 Jun 2000,0.00626,0.00626
Week 4,04 Jul 2000,0.00617,0.00618

Week 1,11 Jul 2000,0.00616,0.00617
Week 2,18 Jul 2000,0.00611,0.00612
Week 3,25 Jul 2000,0.00605,0.00606
Week 4,01 Aug 2000,0.00613,0.00614

Week 1,08 Aug 2000,0.00613,0.00613
Week 2,15 Aug 2000,0.00614,0.00615
Week 3,22 Aug 2000,0.00630,0.00630
Week 4,29 Aug 2000,0.00644,0.00645

Week 1,05 Sep 2000,0.00657,0.00658
Week 2,12 Sep 2000,0.00665,0.00666
Week 3,19 Sep 2000,0.00661,0.00661
Week 4,26 Sep 2000,0.00638,0.00638

Week 1,03 Oct 2000,0.00630,0.00631
Week 2,10 Oct 2000,0.00636,0.00636
Week 3,17 Oct 2000,0.00637,0.00638
Week 4,24 Oct 2000,0.00640,0.00641

Week 1,31 Oct 2000,0.00639,0.00639
Week 2,07 Nov 2000,0.00651,0.00651
Week 3,14 Nov 2000,0.00645,0.00646
Week 4,21 Nov 2000,0.00642,0.00642

Week 1,28 Nov 2000,0.00632,0.00633
Week 2,05 Dec 2000,0.00626,0.00626
Week 3,12 Dec 2000,0.00611,0.00611
Week 4,19 Dec 2000,0.00604,0.00605

Week 1,26 Dec 2000,0.00590,0.00591
Week 2,02 Jan 2001,0.00579,0.00579
Week 3,09 Jan 2001,0.00574,0.00575
Week 4,16 Jan 2001,0.00577,0.00577

Week 1,23 Jan 2001,0.00583,0.00584
Week 2,30 Jan 2001,0.00588,0.00589
Week 3,06 Feb 2001,0.00591,0.00592
Week 4,13 Feb 2001,0.00593,0.00594

Week 1,20 Feb 2001,0.00594,0.00595
Week 2,27 Feb 2001,0.00583,0.00583
Week 3,06 Mar 2001,0.00570,0.00571
Week 4,13 Mar 2001,0.00569,0.00570

Week 1,20 Mar 2001,0.00570,0.00571
Week 2,27 Mar 2001,0.00564,0.00565
Week 3,03 Apr 2001,0.00559,0.00560
Week 4,10 Apr 2001,0.00559,0.00560

Week 1,17 Apr 2001,0.00566,0.00567
Week 2,24 Apr 2001,0.00565,0.00566
Week 3,01 May 2001,0.00571,0.00572
Week 4,08 May 2001,0.00575,0.00576

Week 1,15 May 2001,0.00566,0.00567
Week 2,22 May 2001,0.00580,0.00581
Week 3,29 May 2001,0.00587,0.00588
Week 4,05 Jun 2001,0.00596,0.00597

Week 1,12 Jun 2001,0.00587,0.00587
Week 2,19 Jun 2001,0.00572,0.00573
Week 3,26 Jun 2001,0.00568,0.00569
Week 4,03 Jul 2001,0.00566,0.00567

Week 1,10 Jul 2001,0.00569,0.00570
Week 2,17 Jul 2001,0.00569,0.00569
Week 3,24 Jul 2001,0.00567,0.00567
Week 4,31 Jul 2001,0.00563,0.00563

Week 1,07 Aug 2001,0.00573,0.00574
Week 2,14 Aug 2001,0.00576,0.00577
Week 3,21 Aug 2001,0.00576,0.00576
Week 4,28 Aug 2001,0.00576,0.00577

Week 1,04 Sep 2001,0.00572,0.00573
Week 2,11 Sep 2001,0.00573,0.00573
Week 3,18 Sep 2001,0.00584,0.00584
Week 4,25 Sep 2001,0.00572,0.00572

Week 1,02 Oct 2001,0.00561,0.00562
Week 2,09 Oct 2001,0.00569,0.00569
Week 3,16 Oct 2001,0.00573,0.00573
Week 4,23 Oct 2001,0.00569,0.00569

Week 1,30 Oct 2001,0.00562,0.00563
Week 2,06 Nov 2001,0.00568,0.00568
Week 3,13 Nov 2001,0.00570,0.00571
Week 4,20 Nov 2001,0.00572,0.00573

Week 1,27 Nov 2001,0.00569,0.00569
Week 2,04 Dec 2001,0.00561,0.00561
Week 3,11 Dec 2001,0.00546,0.00546
Week 4,18 Dec 2001,0.00536,0.00536

Week 1,25 Dec 2001,0.00527,0.00527
Week 2,01 Jan 2002,0.00526,0.00526
Week 3,08 Jan 2002,0.00524,0.00524
Week 4,15 Jan 2002,0.00525,0.00526

Week 1,22 Jan 2002,0.00525,0.00525
Week 2,29 Jan 2002,0.00530,0.00530
Week 3,05 Feb 2002,0.00527,0.00528
Week 4,12 Feb 2002,0.00526,0.00527

Week 1,19 Feb 2002,0.00523,0.00523
Week 2,26 Feb 2002,0.00526,0.00527
Week 3,05 Mar 2002,0.00542,0.00542
Week 4,12 Mar 2002,0.00545,0.00546

Week 1,19 Mar 2002,0.00530,0.00531
Week 2,26 Mar 2002,0.00528,0.00528
Week 3,02 Apr 2002,0.00526,0.00526
Week 4,09 Apr 2002,0.00529,0.00530

Week 1,16 Apr 2002,0.00529,0.00530
Week 2,23 Apr 2002,0.00534,0.00534
Week 3,30 Apr 2002,0.00535,0.00536
Week 4,07 May 2002,0.00534,0.00535

Week 1,14 May 2002,0.00540,0.00540
Week 2,21 May 2002,0.00550,0.00550
Week 3,28 May 2002,0.00551,0.00552
Week 4,04 Jun 2002,0.00551,0.00552

Week 1,11 Jun 2002,0.00544,0.00545
Week 2,18 Jun 2002,0.00545,0.00546
Week 3,25 Jun 2002,0.00546,0.00546
Week 4,02 Jul 2002,0.00545,0.00546

Week 1,09 Jul 2002,0.00549,0.00550
Week 2,16 Jul 2002,0.00547,0.00547
Week 3,23 Jul 2002,0.00541,0.00541
Week 4,30 Jul 2002,0.00534,0.00535

Week 1,06 Aug 2002,0.00542,0.00542
Week 2,13 Aug 2002,0.00552,0.00552
Week 3,20 Aug 2002,0.00550,0.00550
Week 4,27 Aug 2002,0.00547,0.00547

Week 1,03 Sep 2002,0.00542,0.00542
Week 2,10 Sep 2002,0.00533,0.00533
Week 3,17 Sep 2002,0.00527,0.00527
Week 4,24 Sep 2002,0.00522,0.00522

Week 1,01 Oct 2002,0.00520,0.00520
Week 2,08 Oct 2002,0.00516,0.00517
Week 3,15 Oct 2002,0.00516,0.00516
Week 4,22 Oct 2002,0.00518,0.00519

Week 1,29 Oct 2002,0.00522,0.00522
Week 2,05 Nov 2002,0.00524,0.00525
Week 3,12 Nov 2002,0.00525,0.00526
Week 4,19 Nov 2002,0.00517,0.00517

Week 1,26 Nov 2002,0.00526,0.00526
Week 2,03 Dec 2002,0.00512,0.00513
Week 3,10 Dec 2002,0.00517,0.00518
Week 4,17 Dec 2002,0.00517,0.00518

Week 1,24 Dec 2002,0.00521,0.00521
Week 2,31 Dec 2002,0.00522,0.00522
Week 3,07 Jan 2003,0.00521,0.00521
Week 4,14 Jan 2003,0.00527,0.00527

Week 1,21 Jan 2003,0.00522,0.00522
Week 2,28 Jan 2003,0.00510,0.00510
Week 3,04 Feb 2003,0.00508,0.00508
Week 4,11 Feb 2003,0.00512,0.00512

Week 1,18 Feb 2003,0.00530,0.00530
Week 2,25 Feb 2003,0.00538,0.00538
Week 3,04 Mar 2003,0.00534,0.00534
Week 4,11 Mar 2003,0.00532,0.00532

Week 1,18 Mar 2003,0.00531,0.00531
Week 2,25 Mar 2003,0.00529,0.00530
Week 3,01 Apr 2003,0.00535,0.00535
Week 4,08 Apr 2003,0.00532,0.00532

Week 1,15 Apr 2003,0.00530,0.00531
Week 2,22 Apr 2003,0.00524,0.00525
Week 3,29 Apr 2003,0.00524,0.00524
Week 4,06 May 2003,0.00530,0.00531

Week 1,13 May 2003,0.00531,0.00531
Week 2,20 May 2003,0.00522,0.00523
Week 3,27 May 2003,0.00515,0.00516
Week 4,03 Jun 2003,0.00511,0.00512

Week 1,10 Jun 2003,0.00510,0.00511
Week 2,17 Jun 2003,0.00506,0.00506
Week 3,24 Jun 2003,0.00507,0.00507
Week 4,01 Jul 2003,0.00507,0.00507

Week 1,08 Jul 2003,0.00518,0.00519
Week 2,15 Jul 2003,0.00529,0.00530
Week 3,22 Jul 2003,0.00522,0.00523
Week 4,29 Jul 2003,0.00515,0.00516

Week 1,05 Aug 2003,0.00520,0.00520
Week 2,12 Aug 2003,0.00524,0.00525
Week 3,19 Aug 2003,0.00535,0.00535
Week 4,26 Aug 2003,0.00542,0.00542

Week 1,02 Sep 2003,0.00543,0.00543
Week 2,09 Sep 2003,0.00535,0.00536
Week 3,16 Sep 2003,0.00536,0.00537
Week 4,23 Sep 2003,0.00539,0.00540

Week 1,30 Sep 2003,0.00541,0.00542
Week 2,07 Oct 2003,0.00549,0.00549
Week 3,14 Oct 2003,0.00546,0.00547
Week 4,21 Oct 2003,0.00541,0.00541

Week 1,28 Oct 2003,0.00540,0.00541
Week 2,04 Nov 2003,0.00544,0.00544
Week 3,11 Nov 2003,0.00549,0.00549
Week 4,18 Nov 2003,0.00540,0.00540

Week 1,25 Nov 2003,0.00534,0.00534
Week 2,02 Dec 2003,0.00535,0.00536
Week 3,09 Dec 2003,0.00532,0.00533
Week 4,16 Dec 2003,0.00527,0.00527

Week 1,23 Dec 2003,0.00526,0.00526
Week 2,30 Dec 2003,0.00522,0.00523
Week 3,06 Jan 2004,0.00513,0.00513
Week 4,13 Jan 2004,0.00515,0.00515

Week 1,20 Jan 2004,0.00514,0.00514
Week 2,27 Jan 2004,0.00519,0.00519
Week 3,03 Feb 2004,0.00515,0.00516
Week 4,10 Feb 2004,0.00504,0.00504

Week 1,17 Feb 2004,0.00495,0.00495
Week 2,24 Feb 2004,0.00491,0.00491
Week 3,02 Mar 2004,0.00489,0.00489
Week 4,09 Mar 2004,0.00497,0.00497

Week 1,16 Mar 2004,0.00509,0.00509
Week 2,23 Mar 2004,0.00515,0.00516
Week 3,30 Mar 2004,0.00521,0.00521
Week 4,06 Apr 2004,0.00515,0.00515

Week 1,13 Apr 2004,0.00515,0.00516
Week 2,20 Apr 2004,0.00515,0.00516
Week 3,27 Apr 2004,0.00511,0.00511
Week 4,04 May 2004,0.00505,0.00505

Week 1,11 May 2004,0.00498,0.00498
Week 2,18 May 2004,0.00497,0.00497
Week 3,25 May 2004,0.00493,0.00494
Week 4,01 Jun 2004,0.00492,0.00492

Week 1,08 Jun 2004,0.00497,0.00498
Week 2,15 Jun 2004,0.00498,0.00499
Week 3,22 Jun 2004,0.00507,0.00507
Week 4,29 Jun 2004,0.00506,0.00506

Week 1,06 Jul 2004,0.00497,0.00498
Week 2,13 Jul 2004,0.00493,0.00493
Week 3,20 Jul 2004,0.00495,0.00495
Week 4,27 Jul 2004,0.00493,0.00493

Week 1,03 Aug 2004,0.00492,0.00492
Week 2,10 Aug 2004,0.00491,0.00491
Week 3,17 Aug 2004,0.00500,0.00500
Week 4,24 Aug 2004,0.00508,0.00508

Week 1,31 Aug 2004,0.00509,0.00509
Week 2,07 Sep 2004,0.00510,0.00510
Week 3,14 Sep 2004,0.00508,0.00508
Week 4,21 Sep 2004,0.00504,0.00504

Week 1,28 Sep 2004,0.00501,0.00501
Week 2,05 Oct 2004,0.00507,0.00507
Week 3,12 Oct 2004,0.00508,0.00508
Week 4,19 Oct 2004,0.00509,0.00510

Week 1,26 Oct 2004,0.00513,0.00513
Week 2,02 Nov 2004,0.00511,0.00511
Week 3,09 Nov 2004,0.00509,0.00509
Week 4,16 Nov 2004,0.00518,0.00519

Week 1,23 Nov 2004,0.00516,0.00517
Week 2,30 Nov 2004,0.00506,0.00506
Week 3,07 Dec 2004,0.00498,0.00498
Week 4,14 Dec 2004,0.00494,0.00494

Week 1,21 Dec 2004,0.00500,0.00500
Week 2,28 Dec 2004,0.00505,0.00505
Week 3,04 Jan 2005,0.00510,0.00510
Week 4,11 Jan 2005,0.00519,0.00519

Week 1,18 Jan 2005,0.00520,0.00521
Week 2,25 Jan 2005,0.00515,0.00515
Week 3,01 Feb 2005,0.00512,0.00512
Week 4,08 Feb 2005,0.00508,0.00508

Week 1,15 Feb 2005,0.00501,0.00502
Week 2,22 Feb 2005,0.00497,0.00498
Week 3,01 Mar 2005,0.00497,0.00498
Week 4,08 Mar 2005,0.00499,0.00499

Week 1,15 Mar 2005,0.00498,0.00498
Week 2,22 Mar 2005,0.00503,0.00503
Week 3,29 Mar 2005,0.00495,0.00496
Week 4,05 Apr 2005,0.00491,0.00491

Week 1,12 Apr 2005,0.00490,0.00491
Week 2,19 Apr 2005,0.00491,0.00491
Week 3,26 Apr 2005,0.00497,0.00497
Week 4,03 May 2005,0.00503,0.00503

Week 1,10 May 2005,0.00503,0.00504
Week 2,17 May 2005,0.00507,0.00507
Week 3,24 May 2005,0.00508,0.00508
Week 4,31 May 2005,0.00510,0.00510

Week 1,07 Jun 2005,0.00510,0.00510
Week 2,14 Jun 2005,0.00504,0.00504
Week 3,21 Jun 2005,0.00503,0.00504
Week 4,28 Jun 2005,0.00503,0.00504

Week 1,05 Jul 2005,0.00511,0.00511
Week 2,12 Jul 2005,0.00508,0.00508
Week 3,19 Jul 2005,0.00514,0.00514
Week 4,26 Jul 2005,0.00509,0.00509

Week 1,02 Aug 2005,0.00504,0.00504
Week 2,09 Aug 2005,0.00502,0.00503
Week 3,16 Aug 2005,0.00504,0.00504
Week 4,23 Aug 2005,0.00504,0.00505

Week 1,30 Aug 2005,0.00498,0.00498
Week 2,06 Sep 2005,0.00495,0.00496
Week 3,13 Sep 2005,0.00497,0.00498
Week 4,20 Sep 2005,0.00499,0.00499

Week 1,27 Sep 2005,0.00500,0.00500
Week 2,04 Oct 2005,0.00498,0.00498
Week 3,11 Oct 2005,0.00498,0.00498
Week 4,18 Oct 2005,0.00490,0.00491

Week 1,25 Oct 2005,0.00487,0.00488
Week 2,01 Nov 2005,0.00484,0.00484
Week 3,08 Nov 2005,0.00487,0.00487
Week 4,15 Nov 2005,0.00488,0.00488

Week 1,22 Nov 2005,0.00488,0.00488
Week 2,29 Nov 2005,0.00484,0.00484
Week 3,06 Dec 2005,0.00475,0.00476
Week 4,13 Dec 2005,0.00478,0.00478

Week 1,20 Dec 2005,0.00490,0.00490
Week 2,27 Dec 2005,0.00494,0.00494
Week 3,03 Jan 2006,0.00492,0.00493
Week 4,10 Jan 2006,0.00495,0.00495

Week 1,17 Jan 2006,0.00491,0.00492
Week 2,24 Jan 2006,0.00485,0.00485
Week 3,31 Jan 2006,0.00478,0.00478
Week 4,07 Feb 2006,0.00484,0.00484

Week 1,14 Feb 2006,0.00488,0.00488
Week 2,21 Feb 2006,0.00487,0.00487
Week 3,28 Feb 2006,0.00491,0.00492
Week 4,07 Mar 2006,0.00487,0.00488

Week 1,14 Mar 2006,0.00488,0.00489
Week 2,21 Mar 2006,0.00489,0.00489
Week 3,28 Mar 2006,0.00489,0.00489
Week 4,04 Apr 2006,0.00486,0.00486

Week 1,11 Apr 2006,0.00482,0.00483
Week 2,18 Apr 2006,0.00479,0.00480
Week 3,25 Apr 2006,0.00485,0.00485
Week 4,02 May 2006,0.00479,0.00479

Week 1,09 May 2006,0.00481,0.00482
Week 2,16 May 2006,0.00479,0.00479
Week 3,23 May 2006,0.00476,0.00476
Week 4,30 May 2006,0.00476,0.00476

Week 1,06 Jun 2006,0.00476,0.00476
Week 2,13 Jun 2006,0.00471,0.00472
Week 3,20 Jun 2006,0.00471,0.00472
Week 4,27 Jun 2006,0.00473,0.00473

Week 1,04 Jul 2006,0.00473,0.00473
Week 2,11 Jul 2006,0.00472,0.00472
Week 3,18 Jul 2006,0.00465,0.00465
Week 4,25 Jul 2006,0.00465,0.00465

Week 1,01 Aug 2006,0.00463,0.00463
Week 2,08 Aug 2006,0.00456,0.00456
Week 3,15 Aug 2006,0.00456,0.00457
Week 4,22 Aug 2006,0.00454,0.00454

Week 1,29 Aug 2006,0.00449,0.00449
Week 2,05 Sep 2006,0.00456,0.00456
Week 3,12 Sep 2006,0.00453,0.00453
Week 4,19 Sep 2006,0.00451,0.00452

Week 1,26 Sep 2006,0.00452,0.00452
Week 2,03 Oct 2006,0.00450,0.00450
Week 3,10 Oct 2006,0.00450,0.00450
Week 4,17 Oct 2006,0.00449,0.00450

Week 1,24 Oct 2006,0.00447,0.00448
Week 2,31 Oct 2006,0.00447,0.00447
Week 3,07 Nov 2006,0.00445,0.00445
Week 4,14 Nov 2006,0.00448,0.00448

Week 1,21 Nov 2006,0.00447,0.00447
Week 2,28 Nov 2006,0.00440,0.00441
Week 3,05 Dec 2006,0.00440,0.00440
Week 4,12 Dec 2006,0.00434,0.00435

Week 1,19 Dec 2006,0.00431,0.00431
Week 2,26 Dec 2006,0.00429,0.00429
Week 3,02 Jan 2007,0.00432,0.00432
Week 4,09 Jan 2007,0.00429,0.00430

Week 1,16 Jan 2007,0.00420,0.00420
Week 2,23 Jan 2007,0.00418,0.00419
Week 3,30 Jan 2007,0.00420,0.00420
Week 4,06 Feb 2007,0.00422,0.00422

Week 1,13 Feb 2007,0.00426,0.00426
Week 2,20 Feb 2007,0.00424,0.00424
Week 3,27 Feb 2007,0.00432,0.00432
Week 4,06 Mar 2007,0.00443,0.00443

Week 1,13 Mar 2007,0.00441,0.00441
Week 2,20 Mar 2007,0.00434,0.00434
Week 3,27 Mar 2007,0.00432,0.00432
Week 4,03 Apr 2007,0.00427,0.00427

Week 1,10 Apr 2007,0.00424,0.00424
Week 2,17 Apr 2007,0.00421,0.00421
Week 3,24 Apr 2007,0.00420,0.00420
Week 4,01 May 2007,0.00418,0.00418

Week 1,08 May 2007,0.00419,0.00419
Week 2,15 May 2007,0.00418,0.00419
Week 3,22 May 2007,0.00415,0.00415
Week 4,29 May 2007,0.00414,0.00415

Week 1,05 Jun 2007,0.00415,0.00415
Week 2,12 Jun 2007,0.00413,0.00413
Week 3,19 Jun 2007,0.00406,0.00406
Week 4,26 Jun 2007,0.00405,0.00405

Week 1,03 Jul 2007,0.00404,0.00404
Week 2,10 Jul 2007,0.00403,0.00403
Week 3,17 Jul 2007,0.00401,0.00401
Week 4,24 Jul 2007,0.00408,0.00409

Week 1,31 Jul 2007,0.00415,0.00415
Week 2,07 Aug 2007,0.00416,0.00416
Week 3,14 Aug 2007,0.00433,0.00434
Week 4,21 Aug 2007,0.00433,0.00433

Week 1,28 Aug 2007,0.00429,0.00430
Week 2,04 Sep 2007,0.00431,0.00431
Week 3,11 Sep 2007,0.00432,0.00432
Week 4,18 Sep 2007,0.00431,0.00431

Week 1,25 Sep 2007,0.00428,0.00429
Week 2,02 Oct 2007,0.00421,0.00421
Week 3,09 Oct 2007,0.00418,0.00418
Week 4,16 Oct 2007,0.00422,0.00422

Week 1,23 Oct 2007,0.00427,0.00427
Week 2,30 Oct 2007,0.00420,0.00420
Week 3,06 Nov 2007,0.00424,0.00424
Week 4,13 Nov 2007,0.00438,0.00439

Week 1,20 Nov 2007,0.00445,0.00445
Week 2,27 Nov 2007,0.00441,0.00442
Week 3,04 Dec 2007,0.00442,0.00442
Week 4,11 Dec 2007,0.00438,0.00438

Week 1,18 Dec 2007,0.00441,0.00441
Week 2,25 Dec 2007,0.00443,0.00443
Week 3,01 Jan 2008,0.00459,0.00459
Week 4,08 Jan 2008,0.00466,0.00467

Week 1,15 Jan 2008,0.00476,0.00476
Week 2,22 Jan 2008,0.00477,0.00477
Week 3,29 Jan 2008,0.00474,0.00474
Week 4,05 Feb 2008,0.00478,0.00478

Week 1,12 Feb 2008,0.00474,0.00474
Week 2,19 Feb 2008,0.00475,0.00475
Week 3,26 Feb 2008,0.00477,0.00477
Week 4,04 Mar 2008,0.00485,0.00486

Week 1,11 Mar 2008,0.00490,0.00491
Week 2,18 Mar 2008,0.00508,0.00508
Week 3,25 Mar 2008,0.00503,0.00503
Week 4,01 Apr 2008,0.00496,0.00496

Week 1,08 Apr 2008,0.00498,0.00498
Week 2,15 Apr 2008,0.00493,0.00493
Week 3,22 Apr 2008,0.00485,0.00485
Week 4,29 Apr 2008,0.00483,0.00483

Week 1,06 May 2008,0.00490,0.00491
Week 2,13 May 2008,0.00491,0.00492
Week 3,20 May 2008,0.00490,0.00490
Week 4,27 May 2008,0.00482,0.00483

Week 1,03 Jun 2008,0.00484,0.00484
Week 2,10 Jun 2008,0.00476,0.00477
Week 3,17 Jun 2008,0.00472,0.00472
Week 4,24 Jun 2008,0.00471,0.00471

Week 1,01 Jul 2008,0.00473,0.00473
Week 2,08 Jul 2008,0.00473,0.00473
Week 3,15 Jul 2008,0.00472,0.00472
Week 4,22 Jul 2008,0.00467,0.00467

Week 1,29 Jul 2008,0.00468,0.00468
Week 2,05 Aug 2008,0.00471,0.00472
Week 3,12 Aug 2008,0.00483,0.00483
Week 4,19 Aug 2008,0.00489,0.00490

Week 1,26 Aug 2008,0.00499,0.00499
Week 2,02 Sep 2008,0.00521,0.00522
Week 3,09 Sep 2008,0.00524,0.00524
Week 4,16 Sep 2008,0.00521,0.00521

Week 1,23 Sep 2008,0.00511,0.00511
Week 2,30 Sep 2008,0.00532,0.00532
Week 3,07 Oct 2008,0.00574,0.00574
Week 4,14 Oct 2008,0.00569,0.00570

Week 1,21 Oct 2008,0.00628,0.00629
Week 2,28 Oct 2008,0.00644,0.00645
Week 3,04 Nov 2008,0.00641,0.00642
Week 4,11 Nov 2008,0.00681,0.00681

Week 1,18 Nov 2008,0.00698,0.00699
Week 2,25 Nov 2008,0.00684,0.00685
Week 3,02 Dec 2008,0.00725,0.00726
Week 4,09 Dec 2008,0.00731,0.00732

Week 1,16 Dec 2008,0.00738,0.00738
Week 2,23 Dec 2008,0.00751,0.00752
Week 3,30 Dec 2008,0.00755,0.00756
Week 4,06 Jan 2009,0.00726,0.00727

Week 1,13 Jan 2009,0.00755,0.00755
Week 2,20 Jan 2009,0.00800,0.00801
Week 3,27 Jan 2009,0.00784,0.00784
Week 4,03 Feb 2009,0.00760,0.00761

Week 1,10 Feb 2009,0.00757,0.00757
Week 2,17 Feb 2009,0.00751,0.00752
Week 3,24 Feb 2009,0.00719,0.00720
Week 4,03 Mar 2009,0.00721,0.00722

Week 1,10 Mar 2009,0.00733,0.00734
Week 2,17 Mar 2009,0.00724,0.00725
Week 3,24 Mar 2009,0.00706,0.00707
Week 4,31 Mar 2009,0.00693,0.00693

Week 1,07 Apr 2009,0.00678,0.00678
Week 2,14 Apr 2009,0.00678,0.00678
Week 3,21 Apr 2009,0.00699,0.00699
Week 4,28 Apr 2009,0.00691,0.00692

Week 1,05 May 2009,0.00670,0.00671
Week 2,12 May 2009,0.00685,0.00686
Week 3,19 May 2009,0.00671,0.00671
Week 4,26 May 2009,0.00654,0.00654

Week 1,02 Jun 2009,0.00636,0.00636
Week 2,09 Jun 2009,0.00624,0.00624
Week 3,16 Jun 2009,0.00631,0.00631
Week 4,23 Jun 2009,0.00636,0.00637

Week 1,30 Jun 2009,0.00633,0.00634
Week 2,07 Jul 2009,0.00659,0.00660
Week 3,14 Jul 2009,0.00654,0.00654
Week 4,21 Jul 2009,0.00644,0.00644

Week 1,28 Jul 2009,0.00637,0.00637
Week 2,04 Aug 2009,0.00619,0.00620
Week 3,11 Aug 2009,0.00631,0.00632
Week 4,18 Aug 2009,0.00643,0.00643

Week 1,25 Aug 2009,0.00652,0.00653
Week 2,01 Sep 2009,0.00660,0.00661
Week 3,08 Sep 2009,0.00658,0.00658
Week 4,15 Sep 2009,0.00668,0.00669

Week 1,22 Sep 2009,0.00682,0.00683
Week 2,29 Sep 2009,0.00699,0.00700
Week 3,06 Oct 2009,0.00703,0.00704
Week 4,13 Oct 2009,0.00688,0.00688

Week 1,20 Oct 2009,0.00667,0.00667
Week 2,27 Oct 2009,0.00669,0.00669
Week 3,03 Nov 2009,0.00671,0.00671
Week 4,10 Nov 2009,0.00668,0.00668

Week 1,17 Nov 2009,0.00674,0.00674
Week 2,24 Nov 2009,0.00691,0.00692
Week 3,01 Dec 2009,0.00685,0.00685
Week 4,08 Dec 2009,0.00690,0.00691

Week 1,15 Dec 2009,0.00687,0.00687
Week 2,22 Dec 2009,0.00684,0.00685
Week 3,29 Dec 2009,0.00672,0.00674
Week 4,05 Jan 2010,0.00674,0.00674

Week 1,12 Jan 2010,0.00675,0.00675
Week 2,19 Jan 2010,0.00680,0.00681
Week 3,26 Jan 2010,0.00689,0.00690
Week 4,02 Feb 2010,0.00702,0.00703

Week 1,09 Feb 2010,0.00712,0.00712
Week 2,16 Feb 2010,0.00705,0.00706
Week 3,23 Feb 2010,0.00726,0.00727
Week 4,02 Mar 2010,0.00742,0.00743

Week 1,09 Mar 2010,0.00733,0.00733
Week 2,16 Mar 2010,0.00730,0.00731
Week 3,23 Mar 2010,0.00730,0.00730
Week 4,30 Mar 2010,0.00704,0.00705

Week 1,06 Apr 2010,0.00699,0.00699
Week 2,13 Apr 2010,0.00699,0.00700
Week 3,20 Apr 2010,0.00698,0.00698
Week 4,27 Apr 2010,0.00696,0.00696

Week 1,04 May 2010,0.00717,0.00718
Week 2,11 May 2010,0.00732,0.00733
Week 3,18 May 2010,0.00762,0.00763
Week 4,25 May 2010,0.00764,0.00765

Week 1,01 Jun 2010,0.00748,0.00748
Week 2,08 Jun 2010,0.00751,0.00752
Week 3,15 Jun 2010,0.00742,0.00742
Week 4,22 Jun 2010,0.00744,0.00745

Week 1,29 Jun 2010,0.00750,0.00750
Week 2,06 Jul 2010,0.00750,0.00750
Week 3,13 Jul 2010,0.00749,0.00749
Week 4,20 Jul 2010,0.00749,0.00750

Week 1,27 Jul 2010,0.00737,0.00737
Week 2,03 Aug 2010,0.00732,0.00732
Week 3,10 Aug 2010,0.00742,0.00743
Week 4,17 Aug 2010,0.00751,0.00751

Week 1,24 Aug 2010,0.00760,0.00760
Week 2,31 Aug 2010,0.00767,0.00768
Week 3,07 Sep 2010,0.00773,0.00774
Week 4,14 Sep 2010,0.00755,0.00755

Week 1,21 Sep 2010,0.00752,0.00752
Week 2,28 Sep 2010,0.00756,0.00757
Week 3,05 Oct 2010,0.00761,0.00761
Week 4,12 Oct 2010,0.00768,0.00769

Week 1,19 Oct 2010,0.00780,0.00781
Week 2,26 Oct 2010,0.00777,0.00778
Week 3,02 Nov 2010,0.00766,0.00766
Week 4,09 Nov 2010,0.00757,0.00758

Week 1,16 Nov 2010,0.00750,0.00751
Week 2,23 Nov 2010,0.00758,0.00759
Week 3,30 Nov 2010,0.00765,0.00766
Week 4,07 Dec 2010,0.00758,0.00759

Week 1,14 Dec 2010,0.00761,0.00762
Week 2,21 Dec 2010,0.00776,0.00777
Week 3,28 Dec 2010,0.00789,0.00789
Week 4,04 Jan 2011,0.00779,0.00779

Week 1,11 Jan 2011,0.00766,0.00766
Week 2,18 Jan 2011,0.00759,0.00759
Week 3,25 Jan 2011,0.00764,0.00764
Week 4,01 Feb 2011,0.00759,0.00759

Week 1,08 Feb 2011,0.00751,0.00752
Week 2,15 Feb 2011,0.00742,0.00743
Week 3,22 Feb 2011,0.00752,0.00752
Week 4,01 Mar 2011,0.00749,0.00749

Week 1,08 Mar 2011,0.00752,0.00753
Week 2,15 Mar 2011,0.00768,0.00768
Week 3,22 Mar 2011,0.00762,0.00762
Week 4,29 Mar 2011,0.00750,0.00750

Week 1,05 Apr 2011,0.00724,0.00724
Week 2,12 Apr 2011,0.00732,0.00733
Week 3,19 Apr 2011,0.00740,0.00741
Week 4,26 Apr 2011,0.00738,0.00738

Week 1,03 May 2011,0.00751,0.00752
Week 2,10 May 2011,0.00759,0.00760
Week 3,17 May 2011,0.00757,0.00757
Week 4,24 May 2011,0.00752,0.00752

Week 1,31 May 2011,0.00754,0.00754
Week 2,07 Jun 2011,0.00763,0.00764
Week 3,14 Jun 2011,0.00766,0.00767
Week 4,21 Jun 2011,0.00774,0.00775

Week 1,28 Jun 2011,0.00772,0.00772
Week 2,05 Jul 2011,0.00771,0.00771
Week 3,12 Jul 2011,0.00784,0.00785
Week 4,19 Jul 2011,0.00783,0.00784

Week 1,26 Jul 2011,0.00787,0.00788
Week 2,02 Aug 2011,0.00784,0.00785
Week 3,09 Aug 2011,0.00798,0.00799
Week 4,16 Aug 2011,0.00793,0.00794

Week 1,23 Aug 2011,0.00793,0.00794
Week 2,30 Aug 2011,0.00800,0.00801
Week 3,06 Sep 2011,0.00809,0.00810
Week 4,13 Sep 2011,0.00823,0.00824

Week 1,20 Sep 2011,0.00840,0.00841
Week 2,27 Sep 2011,0.00836,0.00837
Week 3,04 Oct 2011,0.00841,0.00841
Week 4,11 Oct 2011,0.00826,0.00827

Week 1,18 Oct 2011,0.00824,0.00825
Week 2,25 Oct 2011,0.00820,0.00821
Week 3,01 Nov 2011,0.00799,0.00800
Week 4,08 Nov 2011,0.00804,0.00805

Week 1,15 Nov 2011,0.00821,0.00821
Week 2,22 Nov 2011,0.00832,0.00833
Week 3,29 Nov 2011,0.00823,0.00823
Week 4,06 Dec 2011,0.00822,0.00823

Week 1,13 Dec 2011,0.00826,0.00827
Week 2,20 Dec 2011,0.00821,0.00821
Week 3,27 Dec 2011,0.00829,0.00830
Week 4,03 Jan 2012,0.00838,0.00838

Week 1,10 Jan 2012,0.00846,0.00846
Week 2,17 Jan 2012,0.00842,0.00842
Week 3,24 Jan 2012,0.00828,0.00828
Week 4,31 Jan 2012,0.00829,0.00830

Week 1,07 Feb 2012,0.00819,0.00820
Week 2,14 Feb 2012,0.00806,0.00806
Week 3,21 Feb 2012,0.00787,0.00788
Week 4,28 Feb 2012,0.00776,0.00776

Week 1,06 Mar 2012,0.00777,0.00777
Week 2,13 Mar 2012,0.00764,0.00765
Week 3,20 Mar 2012,0.00760,0.00760
Week 4,27 Mar 2012,0.00757,0.00758

Week 1,03 Apr 2012,0.00765,0.00765
Week 2,10 Apr 2012,0.00777,0.00777
Week 3,17 Apr 2012,0.00768,0.00769
Week 4,24 Apr 2012,0.00764,0.00764

Week 1,01 May 2012,0.00771,0.00772
Week 2,08 May 2012,0.00777,0.00777
Week 3,15 May 2012,0.00789,0.00789
Week 4,22 May 2012,0.00799,0.00800

Week 1,29 May 2012,0.00819,0.00820
Week 2,05 Jun 2012,0.00819,0.00819
Week 3,12 Jun 2012,0.00810,0.00810
Week 4,19 Jun 2012,0.00801,0.00802

Week 1,26 Jun 2012,0.00803,0.00804
Week 2,03 Jul 2012,0.00805,0.00805
Week 3,10 Jul 2012,0.00812,0.00812
Week 4,17 Jul 2012,0.00812,0.00812

Week 1,24 Jul 2012,0.00818,0.00818
Week 2,31 Jul 2012,0.00817,0.00817
Week 3,07 Aug 2012,0.00815,0.00816
Week 4,14 Aug 2012,0.00806,0.00806

Week 1,21 Aug 2012,0.00802,0.00802
Week 2,28 Aug 2012,0.00804,0.00805
Week 3,04 Sep 2012,0.00800,0.00801
Week 4,11 Sep 2012,0.00794,0.00795

Week 1,18 Sep 2012,0.00786,0.00786
Week 2,25 Sep 2012,0.00793,0.00794
Week 3,02 Oct 2012,0.00790,0.00791
Week 4,09 Oct 2012,0.00795,0.00796

Week 1,16 Oct 2012,0.00787,0.00787
Week 2,23 Oct 2012,0.00780,0.00781
Week 3,30 Oct 2012,0.00777,0.00778
Week 4,06 Nov 2012,0.00785,0.00785

Week 1,13 Nov 2012,0.00783,0.00783
Week 2,20 Nov 2012,0.00763,0.00764
Week 3,27 Nov 2012,0.00759,0.00759
Week 4,04 Dec 2012,0.00756,0.00756

Week 1,11 Dec 2012,0.00746,0.00746
Week 2,18 Dec 2012,0.00733,0.00733
Week 3,25 Dec 2012,0.00725,0.00725
Week 4,01 Jan 2013,0.00709,0.00709

Week 1,08 Jan 2013,0.00703,0.00704
Week 2,15 Jan 2013,0.00700,0.00700
Week 3,22 Jan 2013,0.00703,0.00703
Week 4,29 Jan 2013,0.00693,0.00693

Week 1,05 Feb 2013,0.00683,0.00683
Week 2,12 Feb 2013,0.00687,0.00688
Week 3,19 Feb 2013,0.00699,0.00699
Week 4,26 Feb 2013,0.00713,0.00713

Week 1,05 Mar 2013,0.00704,0.00704
Week 2,12 Mar 2013,0.00695,0.00695
Week 3,19 Mar 2013,0.00694,0.00695
Week 4,26 Mar 2013,0.00698,0.00699

Week 1,02 Apr 2013,0.00690,0.00690
Week 2,09 Apr 2013,0.00659,0.00659
Week 3,16 Apr 2013,0.00664,0.00665
Week 4,23 Apr 2013,0.00658,0.00658

Week 1,30 Apr 2013,0.00656,0.00656
Week 2,07 May 2013,0.00646,0.00646
Week 3,14 May 2013,0.00640,0.00641
Week 4,21 May 2013,0.00647,0.00648

Week 1,28 May 2013,0.00653,0.00653
Week 2,04 Jun 2013,0.00657,0.00657
Week 3,11 Jun 2013,0.00667,0.00668
Week 4,18 Jun 2013,0.00666,0.00667

Week 1,25 Jun 2013,0.00664,0.00664
Week 2,02 Jul 2013,0.00661,0.00661
Week 3,09 Jul 2013,0.00666,0.00666
Week 4,16 Jul 2013,0.00658,0.00658

Week 1,23 Jul 2013,0.00656,0.00656
Week 2,30 Jul 2013,0.00665,0.00665
Week 3,06 Aug 2013,0.00667,0.00668
Week 4,13 Aug 2013,0.00659,0.00659

Week 1,20 Aug 2013,0.00652,0.00653
Week 2,27 Aug 2013,0.00657,0.00657
Week 3,03 Sep 2013,0.00645,0.00645
Week 4,10 Sep 2013,0.00635,0.00636

Week 1,17 Sep 2013,0.00631,0.00631
Week 2,24 Sep 2013,0.00631,0.00631
Week 3,01 Oct 2013,0.00635,0.00635
Week 4,08 Oct 2013,0.00639,0.00639

Week 1,15 Oct 2013,0.00634,0.00634
Week 2,22 Oct 2013,0.00633,0.00634
Week 3,29 Oct 2013,0.00635,0.00635
Week 4,05 Nov 2013,0.00632,0.00632

Week 1,12 Nov 2013,0.00625,0.00625
Week 2,19 Nov 2013,0.00615,0.00615
Week 3,26 Nov 2013,0.00602,0.00602
Week 4,03 Dec 2013,0.00596,0.00596

Week 1,10 Dec 2013,0.00593,0.00593
Week 2,17 Dec 2013,0.00591,0.00591
Week 3,24 Dec 2013,0.00582,0.00582
Week 4,31 Dec 2013,0.00578,0.00578

Week 1,07 Jan 2014,0.00582,0.00582
Week 2,14 Jan 2014,0.00585,0.00585
Week 3,21 Jan 2014,0.00585,0.00585
Week 4,28 Jan 2014,0.00591,0.00592

Week 1,04 Feb 2014,0.00600,0.00600
Week 2,11 Feb 2014,0.00590,0.00590
Week 3,18 Feb 2014,0.00586,0.00587
Week 4,25 Feb 2014,0.00587,0.00587

Week 1,04 Mar 2014,0.00583,0.00584
Week 2,11 Mar 2014,0.00587,0.00588
Week 3,18 Mar 2014,0.00592,0.00592
Week 4,25 Mar 2014,0.00589,0.00589

Week 1,01 Apr 2014,0.00582,0.00582
Week 2,08 Apr 2014,0.00586,0.00586
Week 3,15 Apr 2014,0.00584,0.00584
Week 4,22 Apr 2014,0.00581,0.00581

Week 1,29 Apr 2014,0.00580,0.00580
Week 2,06 May 2014,0.00581,0.00581
Week 3,13 May 2014,0.00584,0.00584
Week 4,20 May 2014,0.00584,0.00584

Week 1,27 May 2014,0.00585,0.00586
Week 2,03 Jun 2014,0.00582,0.00582
Week 3,10 Jun 2014,0.00580,0.00581
Week 4,17 Jun 2014,0.00577,0.00577

Week 1,24 Jun 2014,0.00578,0.00578
Week 2,01 Jul 2014,0.00573,0.00573
Week 3,08 Jul 2014,0.00575,0.00575
Week 4,15 Jul 2014,0.00576,0.00576

Week 1,22 Jul 2014,0.00578,0.00578
Week 2,29 Jul 2014,0.00578,0.00578
Week 3,05 Aug 2014,0.00581,0.00581
Week 4,12 Aug 2014,0.00584,0.00584

Week 1,19 Aug 2014,0.00582,0.00582
Week 2,26 Aug 2014,0.00580,0.00580
Week 3,02 Sep 2014,0.00580,0.00580
Week 4,09 Sep 2014,0.00578,0.00579

Week 1,16 Sep 2014,0.00567,0.00567
Week 2,23 Sep 2014,0.00562,0.00562
Week 3,30 Sep 2014,0.00567,0.00567
Week 4,07 Oct 2014,0.00575,0.00575

Week 1,14 Oct 2014,0.00584,0.00584
Week 2,21 Oct 2014,0.00578,0.00578
Week 3,28 Oct 2014,0.00567,0.00568
Week 4,04 Nov 2014,0.00549,0.00550

Week 1,11 Nov 2014,0.00548,0.00548
Week 2,18 Nov 2014,0.00544,0.00544
Week 3,25 Nov 2014,0.00539,0.00539
Week 4,02 Dec 2014,0.00532,0.00533

Week 1,09 Dec 2014,0.00534,0.00535
Week 2,16 Dec 2014,0.00539,0.00539
Week 3,23 Dec 2014,0.00534,0.00534
Week 4,30 Dec 2014,0.00537,0.00538

Week 1,06 Jan 2015,0.00553,0.00554
Week 2,13 Jan 2015,0.00561,0.00561
Week 3,20 Jan 2015,0.00563,0.00563
Week 4,27 Jan 2015,0.00562,0.00562

Week 1,03 Feb 2015,0.00558,0.00558
Week 2,10 Feb 2015,0.00548,0.00548
Week 3,17 Feb 2015,0.00546,0.00547
Week 4,24 Feb 2015,0.00543,0.00543

Week 1,03 Mar 2015,0.00546,0.00547
Week 2,10 Mar 2015,0.00552,0.00553
Week 3,17 Mar 2015,0.00558,0.00558
Week 4,24 Mar 2015,0.00562,0.00563

Week 1,31 Mar 2015,0.00563,0.00563
Week 2,07 Apr 2015,0.00564,0.00564
Week 3,14 Apr 2015,0.00565,0.00565
Week 4,21 Apr 2015,0.00557,0.00557

Week 1,28 Apr 2015,0.00549,0.00549
Week 2,05 May 2015,0.00546,0.00546
Week 3,12 May 2015,0.00533,0.00534
Week 4,19 May 2015,0.00531,0.00531

Week 1,26 May 2015,0.00528,0.00528
Week 2,02 Jun 2015,0.00524,0.00524
Week 3,09 Jun 2015,0.00522,0.00523
Week 4,16 Jun 2015,0.00515,0.00515

Week 1,23 Jun 2015,0.00513,0.00513
Week 2,30 Jun 2015,0.00521,0.00521
Week 3,07 Jul 2015,0.00528,0.00529
Week 4,14 Jul 2015,0.00518,0.00518

Week 1,21 Jul 2015,0.00519,0.00519
Week 2,28 Jul 2015,0.00518,0.00518
Week 3,04 Aug 2015,0.00517,0.00517
Week 4,11 Aug 2015,0.00515,0.00515

Week 1,18 Aug 2015,0.00517,0.00517
Week 2,25 Aug 2015,0.00534,0.00534
Week 3,01 Sep 2015,0.00546,0.00546
Week 4,08 Sep 2015,0.00541,0.00541

Week 1,15 Sep 2015,0.00537,0.00537
Week 2,22 Sep 2015,0.00543,0.00543
Week 3,29 Sep 2015,0.00550,0.00550
Week 4,06 Oct 2015,0.00545,0.00545

Week 1,13 Oct 2015,0.00544,0.00544
Week 2,20 Oct 2015,0.00539,0.00539
Week 3,27 Oct 2015,0.00540,0.00540
Week 4,03 Nov 2015,0.00538,0.00538

Week 1,10 Nov 2015,0.00536,0.00536
Week 2,17 Nov 2015,0.00534,0.00534
Week 3,24 Nov 2015,0.00540,0.00540
Week 4,01 Dec 2015,0.00539,0.00540

Week 1,08 Dec 2015,0.00541,0.00542
Week 2,15 Dec 2015,0.00549,0.00549
Week 3,22 Dec 2015,0.00556,0.00556
Week 4,29 Dec 2015,0.00561,0.00562

Week 1,05 Jan 2016,0.00578,0.00579
Week 2,12 Jan 2016,0.00591,0.00591
Week 3,19 Jan 2016,0.00596,0.00597
Week 4,26 Jan 2016,0.00586,0.00586

Week 1,02 Feb 2016,0.00583,0.00584
Week 2,09 Feb 2016,0.00606,0.00606
Week 3,16 Feb 2016,0.00613,0.00613
Week 4,23 Feb 2016,0.00633,0.00633

Week 1,01 Mar 2016,0.00625,0.00625
Week 2,08 Mar 2016,0.00617,0.00618
Week 3,15 Mar 2016,0.00620,0.00620
Week 4,22 Mar 2016,0.00626,0.00626

Week 1,29 Mar 2016,0.00622,0.00623
Week 2,05 Apr 2016,0.00646,0.00647
Week 3,12 Apr 2016,0.00647,0.00648
Week 4,19 Apr 2016,0.00633,0.00633

Week 1,26 Apr 2016,0.00630,0.00630
Week 2,03 May 2016,0.00645,0.00645
Week 3,10 May 2016,0.00639,0.00639
Week 4,17 May 2016,0.00628,0.00629

Week 1,24 May 2016,0.00622,0.00623
Week 2,31 May 2016,0.00633,0.00633
Week 3,07 Jun 2016,0.00648,0.00649
Week 4,14 Jun 2016,0.00668,0.00668

Week 1,21 Jun 2016,0.00675,0.00676
Week 2,28 Jun 2016,0.00732,0.00733
Week 3,05 Jul 2016,0.00759,0.00759
Week 4,12 Jul 2016,0.00730,0.00731

Week 1,19 Jul 2016,0.00715,0.00716
Week 2,26 Jul 2016,0.00729,0.00729
Week 3,02 Aug 2016,0.00746,0.00747
Week 4,09 Aug 2016,0.00758,0.00758

Week 1,16 Aug 2016,0.00764,0.00764
Week 2,23 Aug 2016,0.00753,0.00754
Week 3,30 Aug 2016,0.00734,0.00734
Week 4,06 Sep 2016,0.00732,0.00732

Week 1,13 Sep 2016,0.00743,0.00743
Week 2,20 Sep 2016,0.00759,0.00760
Week 3,27 Sep 2016,0.00762,0.00763
Week 4,04 Oct 2016,0.00770,0.00770

Week 1,11 Oct 2016,0.00786,0.00787
Week 2,18 Oct 2016,0.00787,0.00787
Week 3,25 Oct 2016,0.00784,0.00784
Week 4,01 Nov 2016,0.00780,0.00780

Week 1,08 Nov 2016,0.00758,0.00758
Week 2,15 Nov 2016,0.00735,0.00735
Week 3,22 Nov 2016,0.00716,0.00716
Week 4,29 Nov 2016,0.00702,0.00702

Week 1,06 Dec 2016,0.00692,0.00692
Week 2,13 Dec 2016,0.00682,0.00682
Week 3,20 Dec 2016,0.00690,0.00690
Week 4,27 Dec 2016,0.00695,0.00695

Week 1,03 Jan 2017,0.00694,0.00695
Week 2,10 Jan 2017,0.00712,0.00712
Week 3,17 Jan 2017,0.00713,0.00713
Week 4,24 Jan 2017,0.00698,0.00699

Week 1,31 Jan 2017,0.00705,0.00705
Week 2,07 Feb 2017,0.00710,0.00711
Week 3,14 Feb 2017,0.00707,0.00707
Week 4,21 Feb 2017,0.00711,0.00711

Week 1,28 Feb 2017,0.00714,0.00714
Week 2,07 Mar 2017,0.00716,0.00717
Week 3,14 Mar 2017,0.00715,0.00716
Week 4,21 Mar 2017,0.00719,0.00719

Week 1,28 Mar 2017,0.00719,0.00720
Week 2,04 Apr 2017,0.00725,0.00725
Week 3,11 Apr 2017,0.00731,0.00731
Week 4,18 Apr 2017,0.00720,0.00720

Week 1,25 Apr 2017,0.00699,0.00699
Week 2,02 May 2017,0.00688,0.00688
Week 3,09 May 2017,0.00682,0.00682
Week 4,16 May 2017,0.00688,0.00689

Week 1,23 May 2017,0.00695,0.00695
Week 2,30 May 2017,0.00701,0.00701
Week 3,06 Jun 2017,0.00707,0.00708
Week 4,13 Jun 2017,0.00710,0.00711

Week 1,20 Jun 2017,0.00707,0.00708
Week 2,27 Jun 2017,0.00691,0.00691
Week 3,04 Jul 2017,0.00682,0.00682
Week 4,11 Jul 2017,0.00681,0.00681

Week 1,18 Jul 2017,0.00687,0.00687
Week 2,25 Jul 2017,0.00688,0.00688
Week 3,01 Aug 2017,0.00689,0.00689
Week 4,08 Aug 2017,0.00700,0.00701

Week 1,15 Aug 2017,0.00707,0.00707
Week 2,22 Aug 2017,0.00712,0.00712
Week 3,29 Aug 2017,0.00704,0.00704
Week 4,05 Sep 2017,0.00703,0.00704

Week 1,12 Sep 2017,0.00678,0.00678
Week 2,19 Sep 2017,0.00661,0.00661
Week 3,26 Sep 2017,0.00662,0.00662
Week 4,03 Oct 2017,0.00673,0.00673

Week 1,10 Oct 2017,0.00674,0.00674
Week 2,17 Oct 2017,0.00672,0.00672
Week 3,24 Oct 2017,0.00668,0.00668
Week 4,31 Oct 2017,0.00667,0.00668

Week 1,07 Nov 2017,0.00669,0.00669
Week 2,14 Nov 2017,0.00673,0.00673
Week 3,21 Nov 2017,0.00673,0.00673
Week 4,28 Nov 2017,0.00665,0.00666

Week 1,05 Dec 2017,0.00661,0.00661



