RUB->GBP

Week 1,01 Dec 1998,0.03011,0.03050
Week 2,08 Dec 1998,0.02804,0.02850
Week 3,15 Dec 1998,0.02709,0.02740
Week 4,22 Dec 1998,0.02835,0.02874

Week 1,29 Dec 1998,0.02740,0.02885
Week 2,05 Jan 1999,0.02598,0.02637
Week 3,12 Jan 1999,0.02635,0.02663
Week 4,19 Jan 1999,0.02600,0.02619

Week 1,26 Jan 1999,0.02624,0.02636
Week 2,02 Feb 1999,0.02625,0.02637
Week 3,09 Feb 1999,0.02650,0.02662
Week 4,16 Feb 1999,0.02650,0.02667

Week 1,23 Feb 1999,0.02695,0.02712
Week 2,02 Mar 1999,0.02658,0.02669
Week 3,09 Mar 1999,0.02617,0.02631
Week 4,16 Mar 1999,0.02557,0.02572

Week 1,23 Mar 1999,0.02335,0.02376
Week 2,30 Mar 1999,0.02398,0.02424
Week 3,06 Apr 1999,0.02381,0.02405
Week 4,13 Apr 1999,0.02410,0.02424

Week 1,20 Apr 1999,0.02467,0.02494
Week 2,27 Apr 1999,0.02500,0.02523
Week 3,04 May 1999,0.02518,0.02543
Week 4,11 May 1999,0.02430,0.02471

Week 1,18 May 1999,0.02500,0.02512
Week 2,25 May 1999,0.02531,0.02543
Week 3,01 Jun 1999,0.02511,0.02518
Week 4,08 Jun 1999,0.02522,0.02534

Week 1,15 Jun 1999,0.02557,0.02569
Week 2,22 Jun 1999,0.02580,0.02594
Week 3,29 Jun 1999,0.02583,0.02598
Week 4,06 Jul 1999,0.02612,0.02631

Week 1,13 Jul 1999,0.02618,0.02632
Week 2,20 Jul 1999,0.02593,0.02610
Week 3,27 Jul 1999,0.02557,0.02565
Week 4,03 Aug 1999,0.02548,0.02552

Week 1,10 Aug 1999,0.02499,0.02516
Week 2,17 Aug 1999,0.02496,0.02511
Week 3,24 Aug 1999,0.02526,0.02539
Week 4,31 Aug 1999,0.02426,0.02441

Week 1,07 Sep 1999,0.02380,0.02401
Week 2,14 Sep 1999,0.02414,0.02433
Week 3,21 Sep 1999,0.02402,0.02413
Week 4,28 Sep 1999,0.02376,0.02397

Week 1,05 Oct 1999,0.02340,0.02349
Week 2,12 Oct 1999,0.02331,0.02334
Week 3,19 Oct 1999,0.02325,0.02334
Week 4,26 Oct 1999,0.02339,0.02347

Week 1,02 Nov 1999,0.02322,0.02335
Week 2,09 Nov 1999,0.02346,0.02353
Week 3,16 Nov 1999,0.02331,0.02338
Week 4,23 Nov 1999,0.02339,0.02346

Week 1,30 Nov 1999,0.02342,0.02358
Week 2,07 Dec 1999,0.02288,0.02295
Week 3,14 Dec 1999,0.02313,0.02318
Week 4,21 Dec 1999,0.02305,0.02310

Week 1,28 Dec 1999,0.02253,0.02259
Week 2,04 Jan 2000,0.02217,0.02230
Week 3,11 Jan 2000,0.02131,0.02139
Week 4,18 Jan 2000,0.02124,0.02129

Week 1,25 Jan 2000,0.02140,0.02145
Week 2,01 Feb 2000,0.02171,0.02176
Week 3,08 Feb 2000,0.02166,0.02171
Week 4,15 Feb 2000,0.02167,0.02170

Week 1,22 Feb 2000,0.02170,0.02174
Week 2,29 Feb 2000,0.02206,0.02211
Week 3,07 Mar 2000,0.02217,0.02221
Week 4,14 Mar 2000,0.02228,0.02233

Week 1,21 Mar 2000,0.02222,0.02226
Week 2,28 Mar 2000,0.02200,0.02204
Week 3,04 Apr 2000,0.02196,0.02200
Week 4,11 Apr 2000,0.02204,0.02209

Week 1,18 Apr 2000,0.02207,0.02212
Week 2,25 Apr 2000,0.02240,0.02244
Week 3,02 May 2000,0.02279,0.02283
Week 4,09 May 2000,0.02321,0.02325

Week 1,16 May 2000,0.02365,0.02369
Week 2,23 May 2000,0.02376,0.02382
Week 3,30 May 2000,0.02348,0.02353
Week 4,06 Jun 2000,0.02327,0.02331

Week 1,13 Jun 2000,0.02332,0.02337
Week 2,20 Jun 2000,0.02348,0.02354
Week 3,27 Jun 2000,0.02353,0.02357
Week 4,04 Jul 2000,0.02358,0.02361

Week 1,11 Jul 2000,0.02380,0.02383
Week 2,18 Jul 2000,0.02394,0.02397
Week 3,25 Jul 2000,0.02385,0.02388
Week 4,01 Aug 2000,0.02399,0.02402

Week 1,08 Aug 2000,0.02400,0.02403
Week 2,15 Aug 2000,0.02406,0.02409
Week 3,22 Aug 2000,0.02438,0.02442
Week 4,29 Aug 2000,0.02463,0.02466

Week 1,05 Sep 2000,0.02502,0.02505
Week 2,12 Sep 2000,0.02564,0.02567
Week 3,19 Sep 2000,0.02507,0.02511
Week 4,26 Sep 2000,0.02457,0.02461

Week 1,03 Oct 2000,0.02461,0.02468
Week 2,10 Oct 2000,0.02460,0.02463
Week 3,17 Oct 2000,0.02470,0.02473
Week 4,24 Oct 2000,0.02476,0.02479

Week 1,31 Oct 2000,0.02475,0.02478
Week 2,07 Nov 2000,0.02515,0.02519
Week 3,14 Nov 2000,0.02520,0.02523
Week 4,21 Nov 2000,0.02548,0.02551

Week 1,28 Nov 2000,0.02508,0.02511
Week 2,05 Dec 2000,0.02473,0.02476
Week 3,12 Dec 2000,0.02440,0.02443
Week 4,19 Dec 2000,0.02422,0.02425

Week 1,26 Dec 2000,0.02362,0.02365
Week 2,02 Jan 2001,0.02341,0.02344
Week 3,09 Jan 2001,0.02370,0.02373
Week 4,16 Jan 2001,0.02399,0.02401

Week 1,23 Jan 2001,0.02407,0.02410
Week 2,30 Jan 2001,0.02395,0.02398
Week 3,06 Feb 2001,0.02408,0.02411
Week 4,13 Feb 2001,0.02402,0.02405

Week 1,20 Feb 2001,0.02399,0.02403
Week 2,27 Feb 2001,0.02390,0.02393
Week 3,06 Mar 2001,0.02375,0.02378
Week 4,13 Mar 2001,0.02417,0.02420

Week 1,20 Mar 2001,0.02438,0.02441
Week 2,27 Mar 2001,0.02436,0.02439
Week 3,03 Apr 2001,0.02417,0.02420
Week 4,10 Apr 2001,0.02410,0.02413

Week 1,17 Apr 2001,0.02404,0.02407
Week 2,24 Apr 2001,0.02403,0.02406
Week 3,01 May 2001,0.02404,0.02407
Week 4,08 May 2001,0.02423,0.02426

Week 1,15 May 2001,0.02400,0.02403
Week 2,22 May 2001,0.02413,0.02416
Week 3,29 May 2001,0.02416,0.02419
Week 4,05 Jun 2001,0.02459,0.02462

Week 1,12 Jun 2001,0.02464,0.02467
Week 2,19 Jun 2001,0.02437,0.02440
Week 3,26 Jun 2001,0.02426,0.02429
Week 4,03 Jul 2001,0.02429,0.02431

Week 1,10 Jul 2001,0.02431,0.02434
Week 2,17 Jul 2001,0.02406,0.02409
Week 3,24 Jul 2001,0.02397,0.02399
Week 4,31 Jul 2001,0.02382,0.02385

Week 1,07 Aug 2001,0.02396,0.02399
Week 2,14 Aug 2001,0.02366,0.02369
Week 3,21 Aug 2001,0.02354,0.02356
Week 4,28 Aug 2001,0.02340,0.02343

Week 1,04 Sep 2001,0.02331,0.02333
Week 2,11 Sep 2001,0.02307,0.02310
Week 3,18 Sep 2001,0.02321,0.02322
Week 4,25 Sep 2001,0.02307,0.02308

Week 1,02 Oct 2001,0.02297,0.02298
Week 2,09 Oct 2001,0.02331,0.02333
Week 3,16 Oct 2001,0.02347,0.02349
Week 4,23 Oct 2001,0.02361,0.02363

Week 1,30 Oct 2001,0.02306,0.02308
Week 2,06 Nov 2001,0.02305,0.02307
Week 3,13 Nov 2001,0.02339,0.02341
Week 4,20 Nov 2001,0.02372,0.02373

Week 1,27 Nov 2001,0.02354,0.02356
Week 2,04 Dec 2001,0.02345,0.02346
Week 3,11 Dec 2001,0.02305,0.02308
Week 4,18 Dec 2001,0.02295,0.02297

Week 1,25 Dec 2001,0.02274,0.02278
Week 2,01 Jan 2002,0.02261,0.02265
Week 3,08 Jan 2002,0.02269,0.02271
Week 4,15 Jan 2002,0.02273,0.02274

Week 1,22 Jan 2002,0.02300,0.02302
Week 2,29 Jan 2002,0.02302,0.02304
Week 3,05 Feb 2002,0.02296,0.02298
Week 4,12 Feb 2002,0.02265,0.02267

Week 1,19 Feb 2002,0.02261,0.02263
Week 2,26 Feb 2002,0.02273,0.02274
Week 3,05 Mar 2002,0.02262,0.02264
Week 4,12 Mar 2002,0.02262,0.02264

Week 1,19 Mar 2002,0.02249,0.02251
Week 2,26 Mar 2002,0.02249,0.02251
Week 3,02 Apr 2002,0.02232,0.02233
Week 4,09 Apr 2002,0.02227,0.02229

Week 1,16 Apr 2002,0.02218,0.02220
Week 2,23 Apr 2002,0.02204,0.02206
Week 3,30 Apr 2002,0.02184,0.02186
Week 4,07 May 2002,0.02187,0.02188

Week 1,14 May 2002,0.02194,0.02196
Week 2,21 May 2002,0.02192,0.02193
Week 3,28 May 2002,0.02187,0.02188
Week 4,04 Jun 2002,0.02181,0.02182

Week 1,11 Jun 2002,0.02160,0.02161
Week 2,18 Jun 2002,0.02130,0.02131
Week 3,25 Jun 2002,0.02083,0.02085
Week 4,02 Jul 2002,0.02076,0.02077

Week 1,09 Jul 2002,0.02042,0.02044
Week 2,16 Jul 2002,0.02012,0.02013
Week 3,23 Jul 2002,0.02018,0.02019
Week 4,30 Jul 2002,0.02022,0.02024

Week 1,06 Aug 2002,0.02062,0.02063
Week 2,13 Aug 2002,0.02060,0.02061
Week 3,20 Aug 2002,0.02076,0.02077
Week 4,27 Aug 2002,0.02053,0.02054

Week 1,03 Sep 2002,0.02026,0.02027
Week 2,10 Sep 2002,0.02031,0.02033
Week 3,17 Sep 2002,0.02037,0.02038
Week 4,24 Sep 2002,0.02025,0.02027

Week 1,01 Oct 2002,0.02011,0.02013
Week 2,08 Oct 2002,0.02019,0.02021
Week 3,15 Oct 2002,0.02034,0.02036
Week 4,22 Oct 2002,0.02034,0.02035

Week 1,29 Oct 2002,0.02014,0.02015
Week 2,05 Nov 2002,0.01992,0.01994
Week 3,12 Nov 2002,0.01983,0.01985
Week 4,19 Nov 2002,0.01988,0.01989

Week 1,26 Nov 2002,0.02019,0.02020
Week 2,03 Dec 2002,0.01997,0.01998
Week 3,10 Dec 2002,0.01982,0.01984
Week 4,17 Dec 2002,0.01960,0.01962

Week 1,24 Dec 2002,0.01965,0.01967
Week 2,31 Dec 2002,0.01948,0.01951
Week 3,07 Jan 2003,0.01951,0.01953
Week 4,14 Jan 2003,0.01952,0.01954

Week 1,21 Jan 2003,0.01934,0.01936
Week 2,28 Jan 2003,0.01908,0.01911
Week 3,04 Feb 2003,0.01916,0.01919
Week 4,11 Feb 2003,0.01951,0.01954

Week 1,18 Feb 2003,0.01995,0.01998
Week 2,25 Feb 2003,0.02005,0.02008
Week 3,04 Mar 2003,0.01983,0.01986
Week 4,11 Mar 2003,0.01992,0.01995

Week 1,18 Mar 2003,0.02033,0.02035
Week 2,25 Mar 2003,0.02025,0.02028
Week 3,01 Apr 2003,0.02035,0.02038
Week 4,08 Apr 2003,0.02041,0.02043

Week 1,15 Apr 2003,0.02038,0.02040
Week 2,22 Apr 2003,0.02027,0.02029
Week 3,29 Apr 2003,0.02007,0.02009
Week 4,06 May 2003,0.02003,0.02004

Week 1,13 May 2003,0.01996,0.01998
Week 2,20 May 2003,0.01984,0.01986
Week 3,27 May 2003,0.01986,0.01988
Week 4,03 Jun 2003,0.01980,0.01982

Week 1,10 Jun 2003,0.01968,0.01970
Week 2,17 Jun 2003,0.01968,0.01970
Week 3,24 Jun 2003,0.01984,0.01986
Week 4,01 Jul 2003,0.01981,0.01983

Week 1,08 Jul 2003,0.02010,0.02012
Week 2,15 Jul 2003,0.02056,0.02058
Week 3,22 Jul 2003,0.02046,0.02048
Week 4,29 Jul 2003,0.02041,0.02042

Week 1,05 Aug 2003,0.02046,0.02047
Week 2,12 Aug 2003,0.02057,0.02059
Week 3,19 Aug 2003,0.02085,0.02087
Week 4,26 Aug 2003,0.02084,0.02086

Week 1,02 Sep 2003,0.02066,0.02067
Week 2,09 Sep 2003,0.02042,0.02043
Week 3,16 Sep 2003,0.02019,0.02020
Week 4,23 Sep 2003,0.01980,0.01981

Week 1,30 Sep 2003,0.01965,0.01967
Week 2,07 Oct 2003,0.01985,0.01987
Week 3,14 Oct 2003,0.01984,0.01986
Week 4,21 Oct 2003,0.01979,0.01980

Week 1,28 Oct 2003,0.01967,0.01969
Week 2,04 Nov 2003,0.02002,0.02004
Week 3,11 Nov 2003,0.01996,0.01997
Week 4,18 Nov 2003,0.01972,0.01973

Week 1,25 Nov 2003,0.01963,0.01965
Week 2,02 Dec 2003,0.01951,0.01953
Week 3,09 Dec 2003,0.01946,0.01948
Week 4,16 Dec 2003,0.01936,0.01938

Week 1,23 Dec 2003,0.01928,0.01929
Week 2,30 Dec 2003,0.01913,0.01914
Week 3,06 Jan 2004,0.01875,0.01876
Week 4,13 Jan 2004,0.01901,0.01902

Week 1,20 Jan 2004,0.01916,0.01917
Week 2,27 Jan 2004,0.01929,0.01930
Week 3,03 Feb 2004,0.01906,0.01908
Week 4,10 Feb 2004,0.01867,0.01869

Week 1,17 Feb 2004,0.01867,0.01868
Week 2,24 Feb 2004,0.01874,0.01875
Week 3,02 Mar 2004,0.01899,0.01900
Week 4,09 Mar 2004,0.01930,0.01932

Week 1,16 Mar 2004,0.01922,0.01923
Week 2,23 Mar 2004,0.01923,0.01924
Week 3,30 Mar 2004,0.01914,0.01915
Week 4,06 Apr 2004,0.01911,0.01912

Week 1,13 Apr 2004,0.01935,0.01936
Week 2,20 Apr 2004,0.01945,0.01946
Week 3,27 Apr 2004,0.01940,0.01941
Week 4,04 May 2004,0.01931,0.01932

Week 1,11 May 2004,0.01951,0.01953
Week 2,18 May 2004,0.01938,0.01939
Week 3,25 May 2004,0.01891,0.01892
Week 4,01 Jun 2004,0.01873,0.01874

Week 1,08 Jun 2004,0.01883,0.01884
Week 2,15 Jun 2004,0.01880,0.01881
Week 3,22 Jun 2004,0.01888,0.01890
Week 4,29 Jun 2004,0.01886,0.01887

Week 1,06 Jul 2004,0.01857,0.01859
Week 2,13 Jul 2004,0.01843,0.01844
Week 3,20 Jul 2004,0.01865,0.01866
Week 4,27 Jul 2004,0.01884,0.01885

Week 1,03 Aug 2004,0.01869,0.01870
Week 2,10 Aug 2004,0.01862,0.01863
Week 3,17 Aug 2004,0.01874,0.01875
Week 4,24 Aug 2004,0.01906,0.01907

Week 1,31 Aug 2004,0.01914,0.01916
Week 2,07 Sep 2004,0.01913,0.01915
Week 3,14 Sep 2004,0.01911,0.01912
Week 4,21 Sep 2004,0.01903,0.01904

Week 1,28 Sep 2004,0.01897,0.01898
Week 2,05 Oct 2004,0.01915,0.01916
Week 3,12 Oct 2004,0.01906,0.01907
Week 4,19 Oct 2004,0.01892,0.01894

Week 1,26 Oct 2004,0.01892,0.01894
Week 2,02 Nov 2004,0.01884,0.01885
Week 3,09 Nov 2004,0.01881,0.01883
Week 4,16 Nov 2004,0.01885,0.01887

Week 1,23 Nov 2004,0.01871,0.01873
Week 2,30 Nov 2004,0.01852,0.01854
Week 3,07 Dec 2004,0.01852,0.01854
Week 4,14 Dec 2004,0.01847,0.01849

Week 1,21 Dec 2004,0.01864,0.01866
Week 2,28 Dec 2004,0.01872,0.01874
Week 3,04 Jan 2005,0.01914,0.01917
Week 4,11 Jan 2005,0.01909,0.01910

Week 1,18 Jan 2005,0.01900,0.01901
Week 2,25 Jan 2005,0.01891,0.01893
Week 3,01 Feb 2005,0.01897,0.01898
Week 4,08 Feb 2005,0.01908,0.01909

Week 1,15 Feb 2005,0.01888,0.01890
Week 2,22 Feb 2005,0.01882,0.01883
Week 3,01 Mar 2005,0.01880,0.01882
Week 4,08 Mar 2005,0.01887,0.01888

Week 1,15 Mar 2005,0.01894,0.01895
Week 2,22 Mar 2005,0.01926,0.01928
Week 3,29 Mar 2005,0.01911,0.01912
Week 4,05 Apr 2005,0.01908,0.01909

Week 1,12 Apr 2005,0.01898,0.01900
Week 2,19 Apr 2005,0.01884,0.01885
Week 3,26 Apr 2005,0.01887,0.01889
Week 4,03 May 2005,0.01897,0.01898

Week 1,10 May 2005,0.01921,0.01923
Week 2,17 May 2005,0.01948,0.01950
Week 3,24 May 2005,0.01953,0.01954
Week 4,31 May 2005,0.01945,0.01946

Week 1,07 Jun 2005,0.01932,0.01933
Week 2,14 Jun 2005,0.01924,0.01925
Week 3,21 Jun 2005,0.01917,0.01918
Week 4,28 Jun 2005,0.01949,0.01950

Week 1,05 Jul 2005,0.01987,0.01988
Week 2,12 Jul 2005,0.01983,0.01984
Week 3,19 Jul 2005,0.02001,0.02003
Week 4,26 Jul 2005,0.01992,0.01993

Week 1,02 Aug 2005,0.01976,0.01978
Week 2,09 Aug 2005,0.01956,0.01957
Week 3,16 Aug 2005,0.01945,0.01946
Week 4,23 Aug 2005,0.01949,0.01950

Week 1,30 Aug 2005,0.01933,0.01934
Week 2,06 Sep 2005,0.01924,0.01925
Week 3,13 Sep 2005,0.01943,0.01944
Week 4,20 Sep 2005,0.01965,0.01966

Week 1,27 Sep 2005,0.01984,0.01985
Week 2,04 Oct 2005,0.01987,0.01988
Week 3,11 Oct 2005,0.01989,0.01990
Week 4,18 Oct 2005,0.01980,0.01982

Week 1,25 Oct 2005,0.01977,0.01978
Week 2,01 Nov 2005,0.01985,0.01986
Week 3,08 Nov 2005,0.01990,0.01991
Week 4,15 Nov 2005,0.02011,0.02012

Week 1,22 Nov 2005,0.02020,0.02021
Week 2,29 Nov 2005,0.02008,0.02010
Week 3,06 Dec 2005,0.01986,0.01987
Week 4,13 Dec 2005,0.01972,0.01973

Week 1,20 Dec 2005,0.01984,0.01985
Week 2,27 Dec 2005,0.02011,0.02012
Week 3,03 Jan 2006,0.01994,0.01995
Week 4,10 Jan 2006,0.01983,0.01984

Week 1,17 Jan 2006,0.02002,0.02003
Week 2,24 Jan 2006,0.02007,0.02008
Week 3,31 Jan 2006,0.02004,0.02005
Week 4,07 Feb 2006,0.02028,0.02029

Week 1,14 Feb 2006,0.02038,0.02039
Week 2,21 Feb 2006,0.02031,0.02033
Week 3,28 Feb 2006,0.02039,0.02040
Week 4,07 Mar 2006,0.02054,0.02055

Week 1,14 Mar 2006,0.02059,0.02060
Week 2,21 Mar 2006,0.02062,0.02063
Week 3,28 Mar 2006,0.02059,0.02061
Week 4,04 Apr 2006,0.02073,0.02074

Week 1,11 Apr 2006,0.02063,0.02064
Week 2,18 Apr 2006,0.02044,0.02045
Week 3,25 Apr 2006,0.02030,0.02031
Week 4,02 May 2006,0.01996,0.01997

Week 1,09 May 2006,0.01975,0.01976
Week 2,16 May 2006,0.01963,0.01965
Week 3,23 May 2006,0.01977,0.01978
Week 4,30 May 2006,0.01982,0.01983

Week 1,06 Jun 2006,0.02003,0.02003
Week 2,13 Jun 2006,0.02005,0.02006
Week 3,20 Jun 2006,0.02016,0.02017
Week 4,27 Jun 2006,0.02024,0.02025

Week 1,04 Jul 2006,0.02018,0.02019
Week 2,11 Jul 2006,0.02016,0.02018
Week 3,18 Jul 2006,0.02014,0.02015
Week 4,25 Jul 2006,0.02005,0.02006

Week 1,01 Aug 2006,0.01982,0.01983
Week 2,08 Aug 2006,0.01968,0.01969
Week 3,15 Aug 2006,0.01978,0.01980
Week 4,22 Aug 2006,0.01977,0.01978

Week 1,29 Aug 2006,0.01966,0.01967
Week 2,05 Sep 2006,0.01986,0.01987
Week 3,12 Sep 2006,0.01988,0.01989
Week 4,19 Sep 2006,0.01977,0.01979

Week 1,26 Sep 2006,0.01982,0.01983
Week 2,03 Oct 2006,0.01985,0.01986
Week 3,10 Oct 2006,0.01996,0.01997
Week 4,17 Oct 2006,0.01984,0.01985

Week 1,24 Oct 2006,0.01977,0.01978
Week 2,31 Oct 2006,0.01964,0.01966
Week 3,07 Nov 2006,0.01966,0.01967
Week 4,14 Nov 2006,0.01978,0.01980

Week 1,21 Nov 2006,0.01969,0.01970
Week 2,28 Nov 2006,0.01941,0.01942
Week 3,05 Dec 2006,0.01938,0.01939
Week 4,12 Dec 2006,0.01938,0.01940

Week 1,19 Dec 2006,0.01937,0.01938
Week 2,26 Dec 2006,0.01937,0.01938
Week 3,02 Jan 2007,0.01945,0.01947
Week 4,09 Jan 2007,0.01938,0.01938

Week 1,16 Jan 2007,0.01913,0.01914
Week 2,23 Jan 2007,0.01913,0.01915
Week 3,30 Jan 2007,0.01920,0.01921
Week 4,06 Feb 2007,0.01931,0.01932

Week 1,13 Feb 2007,0.01950,0.01951
Week 2,20 Feb 2007,0.01950,0.01951
Week 3,27 Feb 2007,0.01955,0.01955
Week 4,06 Mar 2007,0.01975,0.01976

Week 1,13 Mar 2007,0.01978,0.01979
Week 2,20 Mar 2007,0.01961,0.01962
Week 3,27 Mar 2007,0.01956,0.01957
Week 4,03 Apr 2007,0.01953,0.01954

Week 1,10 Apr 2007,0.01954,0.01955
Week 2,17 Apr 2007,0.01940,0.01941
Week 3,24 Apr 2007,0.01945,0.01946
Week 4,01 May 2007,0.01948,0.01949

Week 1,08 May 2007,0.01950,0.01951
Week 2,15 May 2007,0.01959,0.01960
Week 3,22 May 2007,0.01950,0.01951
Week 4,29 May 2007,0.01949,0.01950

Week 1,05 Jun 2007,0.01948,0.01949
Week 2,12 Jun 2007,0.01949,0.01950
Week 3,19 Jun 2007,0.01936,0.01937
Week 4,26 Jun 2007,0.01936,0.01936

Week 1,03 Jul 2007,0.01933,0.01934
Week 2,10 Jul 2007,0.01931,0.01932
Week 3,17 Jul 2007,0.01919,0.01920
Week 4,24 Jul 2007,0.01917,0.01918

Week 1,31 Jul 2007,0.01925,0.01925
Week 2,07 Aug 2007,0.01937,0.01938
Week 3,14 Aug 2007,0.01954,0.01955
Week 4,21 Aug 2007,0.01943,0.01944

Week 1,28 Aug 2007,0.01935,0.01936
Week 2,04 Sep 2007,0.01930,0.01931
Week 3,11 Sep 2007,0.01947,0.01948
Week 4,18 Sep 2007,0.01978,0.01979

Week 1,25 Sep 2007,0.01976,0.01977
Week 2,02 Oct 2007,0.01964,0.01965
Week 3,09 Oct 2007,0.01967,0.01968
Week 4,16 Oct 2007,0.01967,0.01968

Week 1,23 Oct 2007,0.01967,0.01968
Week 2,30 Oct 2007,0.01952,0.01952
Week 3,06 Nov 2007,0.01948,0.01949
Week 4,13 Nov 2007,0.01981,0.01981

Week 1,20 Nov 2007,0.01992,0.01993
Week 2,27 Nov 2007,0.01986,0.01987
Week 3,04 Dec 2007,0.02001,0.02002
Week 4,11 Dec 2007,0.02003,0.02004

Week 1,18 Dec 2007,0.02022,0.02023
Week 2,25 Dec 2007,0.02043,0.02044
Week 3,01 Jan 2008,0.02061,0.02062
Week 4,08 Jan 2008,0.02087,0.02088

Week 1,15 Jan 2008,0.02087,0.02089
Week 2,22 Jan 2008,0.02068,0.02069
Week 3,29 Jan 2008,0.02064,0.02065
Week 4,05 Feb 2008,0.02071,0.02073

Week 1,12 Feb 2008,0.02072,0.02073
Week 2,19 Feb 2008,0.02084,0.02085
Week 3,26 Feb 2008,0.02088,0.02089
Week 4,04 Mar 2008,0.02090,0.02092

Week 1,11 Mar 2008,0.02087,0.02088
Week 2,18 Mar 2008,0.02119,0.02120
Week 3,25 Mar 2008,0.02124,0.02125
Week 4,01 Apr 2008,0.02133,0.02134

Week 1,08 Apr 2008,0.02154,0.02155
Week 2,15 Apr 2008,0.02151,0.02152
Week 3,22 Apr 2008,0.02143,0.02144
Week 4,29 Apr 2008,0.02130,0.02132

Week 1,06 May 2008,0.02145,0.02147
Week 2,13 May 2008,0.02154,0.02156
Week 3,20 May 2008,0.02147,0.02148
Week 4,27 May 2008,0.02136,0.02138

Week 1,03 Jun 2008,0.02150,0.02151
Week 2,10 Jun 2008,0.02155,0.02157
Week 3,17 Jun 2008,0.02152,0.02154
Week 4,24 Jun 2008,0.02147,0.02148

Week 1,01 Jul 2008,0.02144,0.02145
Week 2,08 Jul 2008,0.02159,0.02160
Week 3,15 Jul 2008,0.02156,0.02157
Week 4,22 Jul 2008,0.02149,0.02151

Week 1,29 Jul 2008,0.02153,0.02155
Week 2,05 Aug 2008,0.02163,0.02164
Week 3,12 Aug 2008,0.02175,0.02177
Week 4,19 Aug 2008,0.02199,0.02200

Week 1,26 Aug 2008,0.02217,0.02219
Week 2,02 Sep 2008,0.02234,0.02235
Week 3,09 Sep 2008,0.02204,0.02205
Week 4,16 Sep 2008,0.02171,0.02173

Week 1,23 Sep 2008,0.02161,0.02162
Week 2,30 Sep 2008,0.02180,0.02181
Week 3,07 Oct 2008,0.02213,0.02215
Week 4,14 Oct 2008,0.02198,0.02199

Week 1,21 Oct 2008,0.02273,0.02274
Week 2,28 Oct 2008,0.02307,0.02309
Week 3,04 Nov 2008,0.02342,0.02344
Week 4,11 Nov 2008,0.02418,0.02420

Week 1,18 Nov 2008,0.02438,0.02440
Week 2,25 Nov 2008,0.02361,0.02376
Week 3,02 Dec 2008,0.02401,0.02414
Week 4,09 Dec 2008,0.02410,0.02426

Week 1,16 Dec 2008,0.02365,0.02387
Week 2,23 Dec 2008,0.02376,0.02381
Week 3,30 Dec 2008,0.02324,0.02348
Week 4,06 Jan 2009,0.02257,0.02293

Week 1,13 Jan 2009,0.02115,0.02137
Week 2,20 Jan 2009,0.02164,0.02183
Week 3,27 Jan 2009,0.02035,0.02046
Week 4,03 Feb 2009,0.01896,0.01909

Week 1,10 Feb 2009,0.01958,0.01979
Week 2,17 Feb 2009,0.01943,0.01956
Week 3,24 Feb 2009,0.01931,0.01953
Week 4,03 Mar 2009,0.01959,0.01982

Week 1,10 Mar 2009,0.02041,0.02067
Week 2,17 Mar 2009,0.02058,0.02072
Week 3,24 Mar 2009,0.02051,0.02065
Week 4,31 Mar 2009,0.02031,0.02057

Week 1,07 Apr 2009,0.02023,0.02031
Week 2,14 Apr 2009,0.02000,0.02027
Week 3,21 Apr 2009,0.02019,0.02046
Week 4,28 Apr 2009,0.02036,0.02044

Week 1,05 May 2009,0.02017,0.02042
Week 2,12 May 2009,0.02040,0.02055
Week 3,19 May 2009,0.02021,0.02032
Week 4,26 May 2009,0.02002,0.02016

Week 1,02 Jun 2009,0.01992,0.02009
Week 2,09 Jun 2009,0.01968,0.01979
Week 3,16 Jun 2009,0.01951,0.01963
Week 4,23 Jun 2009,0.01940,0.01953

Week 1,30 Jun 2009,0.01941,0.01960
Week 2,07 Jul 2009,0.01922,0.01930
Week 3,14 Jul 2009,0.01910,0.01916
Week 4,21 Jul 2009,0.01952,0.01960

Week 1,28 Jul 2009,0.01931,0.01936
Week 2,04 Aug 2009,0.01893,0.01899
Week 3,11 Aug 2009,0.01891,0.01899
Week 4,18 Aug 2009,0.01896,0.01913

Week 1,25 Aug 2009,0.01936,0.01949
Week 2,01 Sep 2009,0.01928,0.01931
Week 3,08 Sep 2009,0.01948,0.01950
Week 4,15 Sep 2009,0.01991,0.02000

Week 1,22 Sep 2009,0.02049,0.02064
Week 2,29 Sep 2009,0.02077,0.02092
Week 3,06 Oct 2009,0.02108,0.02115
Week 4,13 Oct 2009,0.02101,0.02116

Week 1,20 Oct 2009,0.02093,0.02094
Week 2,27 Oct 2009,0.02082,0.02098
Week 3,03 Nov 2009,0.02078,0.02079
Week 4,10 Nov 2009,0.02083,0.02085

Week 1,17 Nov 2009,0.02081,0.02084
Week 2,24 Nov 2009,0.02078,0.02080
Week 3,01 Dec 2009,0.02063,0.02064
Week 4,08 Dec 2009,0.02029,0.02030

Week 1,15 Dec 2009,0.02025,0.02026
Week 2,22 Dec 2009,0.02085,0.02088
Week 3,29 Dec 2009,0.02065,0.02074
Week 4,05 Jan 2010,0.02077,0.02082

Week 1,12 Jan 2010,0.02087,0.02091
Week 2,19 Jan 2010,0.02071,0.02073
Week 3,26 Jan 2010,0.02047,0.02050
Week 4,02 Feb 2010,0.02090,0.02091

Week 1,09 Feb 2010,0.02108,0.02110
Week 2,16 Feb 2010,0.02126,0.02143
Week 3,23 Feb 2010,0.02167,0.02184
Week 4,02 Mar 2010,0.02209,0.02242

Week 1,09 Mar 2010,0.02246,0.02248
Week 2,16 Mar 2010,0.02255,0.02257
Week 3,23 Mar 2010,0.02262,0.02264
Week 4,30 Mar 2010,0.02236,0.02254

Week 1,06 Apr 2010,0.02235,0.02237
Week 2,13 Apr 2010,0.02226,0.02245
Week 3,20 Apr 2010,0.02231,0.02233
Week 4,27 Apr 2010,0.02231,0.02242

Week 1,04 May 2010,0.02202,0.02236
Week 2,11 May 2010,0.02248,0.02250
Week 3,18 May 2010,0.02245,0.02247
Week 4,25 May 2010,0.02234,0.02239

Week 1,01 Jun 2010,0.02183,0.02217
Week 2,08 Jun 2010,0.02174,0.02176
Week 3,15 Jun 2010,0.02159,0.02180
Week 4,22 Jun 2010,0.02161,0.02163

Week 1,29 Jun 2010,0.02112,0.02145
Week 2,06 Jul 2010,0.02133,0.02135
Week 3,13 Jul 2010,0.02130,0.02162
Week 4,20 Jul 2010,0.02137,0.02153

Week 1,27 Jul 2010,0.02111,0.02128
Week 2,03 Aug 2010,0.02106,0.02108
Week 3,10 Aug 2010,0.02099,0.02102
Week 4,17 Aug 2010,0.02094,0.02112

Week 1,24 Aug 2010,0.02091,0.02109
Week 2,31 Aug 2010,0.02110,0.02113
Week 3,07 Sep 2010,0.02104,0.02107
Week 4,14 Sep 2010,0.02062,0.02093

Week 1,21 Sep 2010,0.02058,0.02061
Week 2,28 Sep 2010,0.02072,0.02075
Week 3,05 Oct 2010,0.02088,0.02105
Week 4,12 Oct 2010,0.02078,0.02084

Week 1,19 Oct 2010,0.02080,0.02083
Week 2,26 Oct 2010,0.02053,0.02056
Week 3,02 Nov 2010,0.02018,0.02021
Week 4,09 Nov 2010,0.02019,0.02022

Week 1,16 Nov 2010,0.02009,0.02012
Week 2,23 Nov 2010,0.02026,0.02029
Week 3,30 Nov 2010,0.02040,0.02041
Week 4,07 Dec 2010,0.02041,0.02043

Week 1,14 Dec 2010,0.02069,0.02086
Week 2,21 Dec 2010,0.02112,0.02114
Week 3,28 Dec 2010,0.02120,0.02123
Week 4,04 Jan 2011,0.02100,0.02102

Week 1,11 Jan 2011,0.02101,0.02103
Week 2,18 Jan 2011,0.02087,0.02105
Week 3,25 Jan 2011,0.02113,0.02115
Week 4,01 Feb 2011,0.02092,0.02116

Week 1,08 Feb 2011,0.02124,0.02125
Week 2,15 Feb 2011,0.02119,0.02120
Week 3,22 Feb 2011,0.02127,0.02129
Week 4,01 Mar 2011,0.02163,0.02165

Week 1,08 Mar 2011,0.02179,0.02180
Week 2,15 Mar 2011,0.02165,0.02167
Week 3,22 Mar 2011,0.02178,0.02187
Week 4,29 Mar 2011,0.02192,0.02196

Week 1,05 Apr 2011,0.02176,0.02179
Week 2,12 Apr 2011,0.02177,0.02180
Week 3,19 Apr 2011,0.02166,0.02168
Week 4,26 Apr 2011,0.02178,0.02181

Week 1,03 May 2011,0.02203,0.02206
Week 2,10 May 2011,0.02197,0.02200
Week 3,17 May 2011,0.02196,0.02197
Week 4,24 May 2011,0.02168,0.02171

Week 1,31 May 2011,0.02179,0.02183
Week 2,07 Jun 2011,0.02186,0.02212
Week 3,14 Jun 2011,0.02193,0.02202
Week 4,21 Jun 2011,0.02213,0.02215

Week 1,28 Jun 2011,0.02228,0.02230
Week 2,05 Jul 2011,0.02229,0.02232
Week 3,12 Jul 2011,0.02213,0.02215
Week 4,19 Jul 2011,0.02206,0.02215

Week 1,26 Jul 2011,0.02212,0.02215
Week 2,02 Aug 2011,0.02184,0.02188
Week 3,09 Aug 2011,0.02097,0.02104
Week 4,16 Aug 2011,0.02089,0.02116

Week 1,23 Aug 2011,0.02106,0.02111
Week 2,30 Aug 2011,0.02118,0.02125
Week 3,06 Sep 2011,0.02105,0.02110
Week 4,13 Sep 2011,0.02079,0.02084

Week 1,20 Sep 2011,0.02027,0.02031
Week 2,27 Sep 2011,0.01998,0.02002
Week 3,04 Oct 2011,0.01991,0.01998
Week 4,11 Oct 2011,0.02028,0.02047

Week 1,18 Oct 2011,0.02020,0.02043
Week 2,25 Oct 2011,0.02060,0.02065
Week 3,01 Nov 2011,0.02046,0.02053
Week 4,08 Nov 2011,0.02043,0.02058

Week 1,15 Nov 2011,0.02040,0.02069
Week 2,22 Nov 2011,0.02036,0.02064
Week 3,29 Nov 2011,0.02048,0.02078
Week 4,06 Dec 2011,0.02026,0.02056

Week 1,13 Dec 2011,0.02017,0.02028
Week 2,20 Dec 2011,0.02017,0.02042
Week 3,27 Dec 2011,0.02023,0.02030
Week 4,03 Jan 2012,0.02005,0.02028

Week 1,10 Jan 2012,0.02030,0.02059
Week 2,17 Jan 2012,0.02042,0.02073
Week 3,24 Jan 2012,0.02079,0.02107
Week 4,31 Jan 2012,0.02083,0.02108

Week 1,07 Feb 2012,0.02107,0.02118
Week 2,14 Feb 2012,0.02108,0.02119
Week 3,21 Feb 2012,0.02141,0.02145
Week 4,28 Feb 2012,0.02150,0.02164

Week 1,06 Mar 2012,0.02152,0.02158
Week 2,13 Mar 2012,0.02159,0.02163
Week 3,20 Mar 2012,0.02141,0.02166
Week 4,27 Mar 2012,0.02141,0.02144

Week 1,03 Apr 2012,0.02132,0.02136
Week 2,10 Apr 2012,0.02114,0.02135
Week 3,17 Apr 2012,0.02113,0.02117
Week 4,24 Apr 2012,0.02102,0.02105

Week 1,01 May 2012,0.02079,0.02111
Week 2,08 May 2012,0.02053,0.02064
Week 3,15 May 2012,0.02032,0.02035
Week 4,22 May 2012,0.02009,0.02012

Week 1,29 May 2012,0.01952,0.01967
Week 2,05 Jun 2012,0.01970,0.01981
Week 3,12 Jun 2012,0.01960,0.01983
Week 4,19 Jun 2012,0.01936,0.01957

Week 1,26 Jun 2012,0.01945,0.01949
Week 2,03 Jul 2012,0.01959,0.01981
Week 3,10 Jul 2012,0.01956,0.01979
Week 4,17 Jul 2012,0.01973,0.01994

Week 1,24 Jul 2012,0.01970,0.01981
Week 2,31 Jul 2012,0.01985,0.01988
Week 3,07 Aug 2012,0.02014,0.02016
Week 4,14 Aug 2012,0.01994,0.01996

Week 1,21 Aug 2012,0.01988,0.01991
Week 2,28 Aug 2012,0.01951,0.01973
Week 3,04 Sep 2012,0.01957,0.01960
Week 4,11 Sep 2012,0.01988,0.01995

Week 1,18 Sep 2012,0.01977,0.01996
Week 2,25 Sep 2012,0.01980,0.01984
Week 3,02 Oct 2012,0.01990,0.02000
Week 4,09 Oct 2012,0.02001,0.02007

Week 1,16 Oct 2012,0.02010,0.02021
Week 2,23 Oct 2012,0.01988,0.01991
Week 3,30 Oct 2012,0.01979,0.01982
Week 4,06 Nov 2012,0.01983,0.01993

Week 1,13 Nov 2012,0.01982,0.01993
Week 2,20 Nov 2012,0.02002,0.02012
Week 3,27 Nov 2012,0.02011,0.02020
Week 4,04 Dec 2012,0.02008,0.02024

Week 1,11 Dec 2012,0.02016,0.02025
Week 2,18 Dec 2012,0.02001,0.02004
Week 3,25 Dec 2012,0.02028,0.02032
Week 4,01 Jan 2013,0.02036,0.02040

Week 1,08 Jan 2013,0.02040,0.02064
Week 2,15 Jan 2013,0.02061,0.02072
Week 3,22 Jan 2013,0.02091,0.02104
Week 4,29 Jan 2013,0.02116,0.02119

Week 1,05 Feb 2013,0.02110,0.02114
Week 2,12 Feb 2013,0.02132,0.02135
Week 3,19 Feb 2013,0.02157,0.02161
Week 4,26 Feb 2013,0.02161,0.02164

Week 1,05 Mar 2013,0.02164,0.02168
Week 2,12 Mar 2013,0.02165,0.02176
Week 3,19 Mar 2013,0.02135,0.02139
Week 4,26 Mar 2013,0.02124,0.02129

Week 1,02 Apr 2013,0.02087,0.02090
Week 2,09 Apr 2013,0.02096,0.02101
Week 3,16 Apr 2013,0.02072,0.02078
Week 4,23 Apr 2013,0.02061,0.02083

Week 1,30 Apr 2013,0.02064,0.02069
Week 2,07 May 2013,0.02070,0.02074
Week 3,14 May 2013,0.02088,0.02091
Week 4,21 May 2013,0.02107,0.02112

Week 1,28 May 2013,0.02081,0.02089
Week 2,04 Jun 2013,0.02017,0.02021
Week 3,11 Jun 2013,0.01990,0.01994
Week 4,18 Jun 2013,0.01983,0.01987

Week 1,25 Jun 2013,0.01987,0.01991
Week 2,02 Jul 2013,0.01998,0.02002
Week 3,09 Jul 2013,0.02024,0.02029
Week 4,16 Jul 2013,0.02027,0.02031

Week 1,23 Jul 2013,0.01997,0.02003
Week 2,30 Jul 2013,0.01987,0.01992
Week 3,06 Aug 2013,0.01967,0.01970
Week 4,13 Aug 2013,0.01948,0.01952

Week 1,20 Aug 2013,0.01938,0.01941
Week 2,27 Aug 2013,0.01939,0.01944
Week 3,03 Sep 2013,0.01920,0.01923
Week 4,10 Sep 2013,0.01931,0.01934

Week 1,17 Sep 2013,0.01953,0.01957
Week 2,24 Sep 2013,0.01935,0.01939
Week 3,01 Oct 2013,0.01922,0.01925
Week 4,08 Oct 2013,0.01934,0.01940

Week 1,15 Oct 2013,0.01939,0.01944
Week 2,22 Oct 2013,0.01943,0.01946
Week 3,29 Oct 2013,0.01938,0.01944
Week 4,05 Nov 2013,0.01917,0.01921

Week 1,12 Nov 2013,0.01905,0.01908
Week 2,19 Nov 2013,0.01886,0.01892
Week 3,26 Nov 2013,0.01855,0.01857
Week 4,03 Dec 2013,0.01849,0.01852

Week 1,10 Dec 2013,0.01863,0.01865
Week 2,17 Dec 2013,0.01857,0.01860
Week 3,24 Dec 2013,0.01864,0.01867
Week 4,31 Dec 2013,0.01837,0.01840

Week 1,07 Jan 2014,0.01834,0.01837
Week 2,14 Jan 2014,0.01823,0.01825
Week 3,21 Jan 2014,0.01774,0.01776
Week 4,28 Jan 2014,0.01731,0.01734

Week 1,04 Feb 2014,0.01750,0.01752
Week 2,11 Feb 2014,0.01723,0.01725
Week 3,18 Feb 2014,0.01688,0.01690
Week 4,25 Feb 2014,0.01668,0.01671

Week 1,04 Mar 2014,0.01648,0.01651
Week 2,11 Mar 2014,0.01643,0.01647
Week 3,18 Mar 2014,0.01663,0.01666
Week 4,25 Mar 2014,0.01684,0.01691

Week 1,01 Apr 2014,0.01701,0.01708
Week 2,08 Apr 2014,0.01678,0.01681
Week 3,15 Apr 2014,0.01660,0.01669
Week 4,22 Apr 2014,0.01659,0.01663

Week 1,29 Apr 2014,0.01656,0.01661
Week 2,06 May 2014,0.01674,0.01677
Week 3,13 May 2014,0.01704,0.01709
Week 4,20 May 2014,0.01728,0.01731

Week 1,27 May 2014,0.01722,0.01726
Week 2,03 Jun 2014,0.01712,0.01717
Week 3,10 Jun 2014,0.01724,0.01726
Week 4,17 Jun 2014,0.01703,0.01705

Week 1,24 Jun 2014,0.01736,0.01738
Week 2,01 Jul 2014,0.01701,0.01705
Week 3,08 Jul 2014,0.01706,0.01709
Week 4,15 Jul 2014,0.01679,0.01682

Week 1,22 Jul 2014,0.01675,0.01677
Week 2,29 Jul 2014,0.01659,0.01662
Week 3,05 Aug 2014,0.01644,0.01647
Week 4,12 Aug 2014,0.01657,0.01659

Week 1,19 Aug 2014,0.01664,0.01667
Week 2,26 Aug 2014,0.01648,0.01652
Week 3,02 Sep 2014,0.01640,0.01643
Week 4,09 Sep 2014,0.01647,0.01651

Week 1,16 Sep 2014,0.01597,0.01600
Week 2,23 Sep 2014,0.01581,0.01585
Week 3,30 Sep 2014,0.01559,0.01562
Week 4,07 Oct 2014,0.01550,0.01552

Week 1,14 Oct 2014,0.01528,0.01533
Week 2,21 Oct 2014,0.01498,0.01500
Week 3,28 Oct 2014,0.01453,0.01459
Week 4,04 Nov 2014,0.01382,0.01390

Week 1,11 Nov 2014,0.01359,0.01362
Week 2,18 Nov 2014,0.01375,0.01377
Week 3,25 Nov 2014,0.01334,0.01339
Week 4,02 Dec 2014,0.01211,0.01214

Week 1,09 Dec 2014,0.01146,0.01153
Week 2,16 Dec 2014,0.00995,0.01000
Week 3,23 Dec 2014,0.01185,0.01189
Week 4,30 Dec 2014,0.01098,0.01111

Week 1,06 Jan 2015,0.01065,0.01075
Week 2,13 Jan 2015,0.01019,0.01021
Week 3,20 Jan 2015,0.01026,0.01028
Week 4,27 Jan 2015,0.00965,0.00967

Week 1,03 Feb 2015,0.00980,0.00982
Week 2,10 Feb 2015,0.01005,0.01007
Week 3,17 Feb 2015,0.01046,0.01049
Week 4,24 Feb 2015,0.01044,0.01046

Week 1,03 Mar 2015,0.01072,0.01074
Week 2,10 Mar 2015,0.01086,0.01089
Week 3,17 Mar 2015,0.01114,0.01115
Week 4,24 Mar 2015,0.01161,0.01163

Week 1,31 Mar 2015,0.01175,0.01177
Week 2,07 Apr 2015,0.01258,0.01261
Week 3,14 Apr 2015,0.01312,0.01315
Week 4,21 Apr 2015,0.01282,0.01284

Week 1,28 Apr 2015,0.01264,0.01276
Week 2,05 May 2015,0.01285,0.01287
Week 3,12 May 2015,0.01274,0.01278
Week 4,19 May 2015,0.01292,0.01295

Week 1,26 May 2015,0.01258,0.01262
Week 2,02 Jun 2015,0.01190,0.01194
Week 3,09 Jun 2015,0.01171,0.01175
Week 4,16 Jun 2015,0.01172,0.01174

Week 1,23 Jun 2015,0.01164,0.01166
Week 2,30 Jun 2015,0.01147,0.01149
Week 3,07 Jul 2015,0.01137,0.01139
Week 4,14 Jul 2015,0.01128,0.01130

Week 1,21 Jul 2015,0.01115,0.01117
Week 2,28 Jul 2015,0.01063,0.01065
Week 3,04 Aug 2015,0.01011,0.01013
Week 4,11 Aug 2015,0.00994,0.00996

Week 1,18 Aug 2015,0.00948,0.00950
Week 2,25 Aug 2015,0.00952,0.00954
Week 3,01 Sep 2015,0.00975,0.00978
Week 4,08 Sep 2015,0.00955,0.00956

Week 1,15 Sep 2015,0.00972,0.00973
Week 2,22 Sep 2015,0.00990,0.00992
Week 3,29 Sep 2015,0.01000,0.01002
Week 4,06 Oct 2015,0.01044,0.01046

Week 1,13 Oct 2015,0.01049,0.01051
Week 2,20 Oct 2015,0.01041,0.01043
Week 3,27 Oct 2015,0.01017,0.01019
Week 4,03 Nov 2015,0.01024,0.01025

Week 1,10 Nov 2015,0.01002,0.01005
Week 2,17 Nov 2015,0.01012,0.01013
Week 3,24 Nov 2015,0.01004,0.01006
Week 4,01 Dec 2015,0.00987,0.00988

Week 1,08 Dec 2015,0.00957,0.00958
Week 2,15 Dec 2015,0.00946,0.00947
Week 3,22 Dec 2015,0.00949,0.00950
Week 4,29 Dec 2015,0.00927,0.00927

Week 1,05 Jan 2016,0.00947,0.00948
Week 2,12 Jan 2016,0.00914,0.00915
Week 3,19 Jan 2016,0.00877,0.00881
Week 4,26 Jan 2016,0.00912,0.00913

Week 1,02 Feb 2016,0.00893,0.00894
Week 2,09 Feb 2016,0.00876,0.00877
Week 3,16 Feb 2016,0.00904,0.00905
Week 4,23 Feb 2016,0.00939,0.00940

Week 1,01 Mar 2016,0.00967,0.00968
Week 2,08 Mar 2016,0.00989,0.00991
Week 3,15 Mar 2016,0.01006,0.01007
Week 4,22 Mar 2016,0.01033,0.01034

Week 1,29 Mar 2016,0.01031,0.01033
Week 2,05 Apr 2016,0.01041,0.01042
Week 3,12 Apr 2016,0.01062,0.01063
Week 4,19 Apr 2016,0.01051,0.01052

Week 1,26 Apr 2016,0.01050,0.01051
Week 2,03 May 2016,0.01045,0.01046
Week 3,10 May 2016,0.01058,0.01059
Week 4,17 May 2016,0.01045,0.01046

Week 1,24 May 2016,0.01034,0.01035
Week 2,31 May 2016,0.01039,0.01040
Week 3,07 Jun 2016,0.01069,0.01070
Week 4,14 Jun 2016,0.01074,0.01075

Week 1,21 Jun 2016,0.01086,0.01088
Week 2,28 Jun 2016,0.01168,0.01170
Week 3,05 Jul 2016,0.01197,0.01198
Week 4,12 Jul 2016,0.01193,0.01194

Week 1,19 Jul 2016,0.01187,0.01188
Week 2,26 Jul 2016,0.01149,0.01149
Week 3,02 Aug 2016,0.01148,0.01149
Week 4,09 Aug 2016,0.01190,0.01191

Week 1,16 Aug 2016,0.01199,0.01201
Week 2,23 Aug 2016,0.01173,0.01175
Week 3,30 Aug 2016,0.01161,0.01162
Week 4,06 Sep 2016,0.01162,0.01163

Week 1,13 Sep 2016,0.01167,0.01169
Week 2,20 Sep 2016,0.01196,0.01197
Week 3,27 Sep 2016,0.01214,0.01216
Week 4,04 Oct 2016,0.01269,0.01271

Week 1,11 Oct 2016,0.01301,0.01303
Week 2,18 Oct 2016,0.01305,0.01307
Week 3,25 Oct 2016,0.01308,0.01309
Week 4,01 Nov 2016,0.01266,0.01269

Week 1,08 Nov 2016,0.01236,0.01238
Week 2,15 Nov 2016,0.01236,0.01238
Week 3,22 Nov 2016,0.01245,0.01247
Week 4,29 Nov 2016,0.01235,0.01237

Week 1,06 Dec 2016,0.01251,0.01253
Week 2,13 Dec 2016,0.01293,0.01295
Week 3,20 Dec 2016,0.01323,0.01324
Week 4,27 Dec 2016,0.01336,0.01338

Week 1,03 Jan 2017,0.01348,0.01350
Week 2,10 Jan 2017,0.01373,0.01374
Week 3,17 Jan 2017,0.01366,0.01368
Week 4,24 Jan 2017,0.01335,0.01337

Week 1,31 Jan 2017,0.01337,0.01340
Week 2,07 Feb 2017,0.01361,0.01363
Week 3,14 Feb 2017,0.01387,0.01389
Week 4,21 Feb 2017,0.01380,0.01382

Week 1,28 Feb 2017,0.01389,0.01392
Week 2,07 Mar 2017,0.01397,0.01399
Week 3,14 Mar 2017,0.01397,0.01399
Week 4,21 Mar 2017,0.01399,0.01401

Week 1,28 Mar 2017,0.01412,0.01415
Week 2,04 Apr 2017,0.01419,0.01421
Week 3,11 Apr 2017,0.01412,0.01414
Week 4,18 Apr 2017,0.01392,0.01395

Week 1,25 Apr 2017,0.01370,0.01372
Week 2,02 May 2017,0.01341,0.01343
Week 3,09 May 2017,0.01344,0.01346
Week 4,16 May 2017,0.01354,0.01356

Week 1,23 May 2017,0.01369,0.01371
Week 2,30 May 2017,0.01373,0.01375
Week 3,06 Jun 2017,0.01369,0.01371
Week 4,13 Jun 2017,0.01365,0.01367

Week 1,20 Jun 2017,0.01325,0.01327
Week 2,27 Jun 2017,0.01309,0.01311
Week 3,04 Jul 2017,0.01290,0.01292
Week 4,11 Jul 2017,0.01288,0.01290

Week 1,18 Jul 2017,0.01298,0.01299
Week 2,25 Jul 2017,0.01280,0.01282
Week 3,01 Aug 2017,0.01265,0.01267
Week 4,08 Aug 2017,0.01282,0.01284

Week 1,15 Aug 2017,0.01305,0.01306
Week 2,22 Aug 2017,0.01319,0.01321
Week 3,29 Aug 2017,0.01329,0.01331
Week 4,05 Sep 2017,0.01331,0.01333

Week 1,12 Sep 2017,0.01297,0.01299
Week 2,19 Sep 2017,0.01278,0.01280
Week 3,26 Sep 2017,0.01289,0.01291
Week 4,03 Oct 2017,0.01310,0.01312

Week 1,10 Oct 2017,0.01309,0.01311
Week 2,17 Oct 2017,0.01319,0.01321
Week 3,24 Oct 2017,0.01313,0.01315
Week 4,31 Oct 2017,0.01299,0.01301

Week 1,07 Nov 2017,0.01286,0.01287
Week 2,14 Nov 2017,0.01274,0.01276
Week 3,21 Nov 2017,0.01281,0.01283
Week 4,28 Nov 2017,0.01270,0.01272

Week 1,05 Dec 2017,0.01264,0.01265